Sender: LSF System <lsfadmin@polus-c3-ib.bmc.hpc.cs.msu.ru>
Subject: Job 493730: <./large.o> in cluster <MSUCluster> Done

Job <./large.o> was submitted from host <polus-ib.bmc.hpc.cs.msu.ru> by user <edu-cmc-skpod19-328-11> in cluster <MSUCluster> at Fri Nov 29 23:37:30 2019
Job was executed on host(s) <2*polus-c3-ib.bmc.hpc.cs.msu.ru>, in queue <short>, as user <edu-cmc-skpod19-328-11> in cluster <MSUCluster> at Fri Nov 29 23:38:10 2019
                            <1*polus-c1-ib.bmc.hpc.cs.msu.ru>
</home_edu/edu-cmc-skpod19-328/edu-cmc-skpod19-328-11> was used as the home directory.
</home_edu/edu-cmc-skpod19-328/edu-cmc-skpod19-328-11/dep_gemver> was used as the working directory.
Started at Fri Nov 29 23:38:10 2019
Terminated at Fri Nov 29 23:38:11 2019
Results reported at Fri Nov 29 23:38:11 2019

Your job looked like:

------------------------------------------------------------
# LSBATCH: User input
./large.o
------------------------------------------------------------

Successfully completed.

Resource usage summary:

    CPU time :                                   8.36 sec.
    Max Memory :                                 11 MB
    Average Memory :                             7.67 MB
    Total Requested Memory :                     -
    Delta Memory :                               -
    Max Swap :                                   -
    Max Processes :                              3
    Max Threads :                                4
    Run time :                                   2 sec.
    Turnaround time :                            41 sec.

The output (if any) follows:

==BEGIN DUMP_ARRAYS==
begin dump: w
0.00 0.00 0.00 0.00 0.00 0.00 0.00 0.00 0.00 0.00 0.00 0.00 0.00 0.00 0.00 0.00 0.00 0.00 0.00 0.00 
0.00 0.00 0.00 0.00 0.00 0.00 0.00 0.00 0.00 0.00 0.00 0.00 0.00 0.00 0.00 0.00 0.00 0.00 0.00 0.00 
0.00 0.00 0.00 0.00 0.00 0.00 0.00 0.00 0.00 0.00 0.00 0.00 0.00 0.00 0.00 0.00 0.00 0.00 0.00 0.00 
0.00 0.00 0.00 0.00 0.00 0.00 0.00 0.00 0.00 0.00 0.00 0.00 0.00 0.00 0.00 0.00 0.00 0.00 0.00 0.00 
0.00 0.00 0.00 0.00 0.00 0.00 0.00 0.00 0.00 0.00 0.00 0.00 0.00 0.00 0.00 0.00 0.00 0.00 0.00 0.00 
0.00 0.00 0.00 0.00 0.00 0.00 0.00 0.00 0.00 0.00 0.00 0.00 0.00 0.00 0.00 0.00 0.00 0.00 0.00 0.00 
0.00 0.00 0.00 0.00 0.00 0.00 0.00 0.00 0.00 0.00 0.00 0.00 0.00 0.00 0.00 0.00 0.00 0.00 0.00 0.00 
0.00 0.00 0.00 0.00 0.00 0.00 0.00 0.00 0.00 0.00 0.00 0.00 0.00 0.00 0.00 0.00 0.00 0.00 0.00 0.00 
0.00 0.00 0.00 0.00 0.00 0.00 0.00 0.00 0.00 0.00 0.00 0.00 0.00 0.00 0.00 0.00 0.00 0.00 0.00 0.00 
0.00 0.00 0.00 0.00 0.00 0.00 0.00 0.00 0.00 0.00 0.00 0.00 0.00 0.00 0.00 0.00 0.00 0.00 0.00 0.00 
0.00 0.00 0.00 0.00 0.00 0.00 0.00 0.00 0.00 0.00 0.00 0.00 0.00 0.00 0.00 0.00 0.00 0.00 0.00 0.00 
0.00 0.00 0.00 0.00 0.00 0.00 0.00 0.00 0.00 0.00 0.00 0.00 0.00 0.00 0.00 0.00 0.00 0.00 0.00 0.00 
0.00 0.00 0.00 0.00 0.00 0.00 0.00 0.00 0.00 0.00 0.00 0.00 0.00 0.00 0.00 0.00 0.00 0.00 0.00 0.00 
0.00 0.00 0.00 0.00 0.00 0.00 0.00 0.00 0.00 0.00 0.00 0.00 0.00 0.00 0.00 0.00 0.00 0.00 0.00 0.00 
0.00 0.00 0.00 0.00 0.00 0.00 0.00 0.00 0.00 0.00 0.00 0.00 0.00 0.00 0.00 0.00 0.00 0.00 0.00 0.00 
0.00 0.00 0.00 0.00 0.00 0.00 0.00 0.00 0.00 0.00 0.00 0.00 0.00 0.00 0.00 0.00 0.00 0.00 0.00 0.00 
0.00 0.00 0.00 0.00 0.00 0.00 0.00 0.00 0.00 0.00 0.00 0.00 0.00 0.00 0.00 0.00 0.00 0.00 0.00 0.00 
0.00 0.00 0.00 0.00 0.00 0.00 0.00 0.00 0.00 0.00 0.00 0.00 0.00 0.00 0.00 0.00 0.00 0.00 0.00 0.00 
0.00 0.00 0.00 0.00 0.00 0.00 0.00 0.00 0.00 0.00 0.00 0.00 0.00 0.00 0.00 0.00 0.00 0.00 0.00 0.00 
0.00 0.00 0.00 0.00 0.00 0.00 0.00 0.00 0.00 0.00 0.00 0.00 0.00 0.00 0.00 0.00 0.00 0.00 0.00 0.00 
0.00 0.00 0.00 0.00 0.00 0.00 0.00 0.00 0.00 0.00 0.00 0.00 0.00 0.00 0.00 0.00 0.00 0.00 0.00 0.00 
0.00 0.00 0.00 0.00 0.00 0.00 0.00 0.00 0.00 0.00 0.00 0.00 0.00 0.00 0.00 0.00 0.00 0.00 0.00 0.00 
0.00 0.00 0.00 0.00 0.00 0.00 0.00 0.00 0.00 0.00 0.00 0.00 0.00 0.00 0.00 0.00 0.00 0.00 0.00 0.00 
0.00 0.00 0.00 0.00 0.00 0.00 0.00 0.00 0.00 0.00 0.00 0.00 0.00 0.00 0.00 0.00 0.00 0.00 0.00 0.00 
0.00 0.00 0.00 0.00 0.00 0.00 0.00 0.00 0.00 0.00 0.00 0.00 0.00 0.00 0.00 0.00 0.00 0.00 0.00 0.00 
0.00 0.00 0.00 0.00 0.00 0.00 0.00 0.00 0.00 0.00 0.00 0.00 0.00 0.00 0.00 0.00 0.00 0.00 0.00 0.00 
0.00 0.00 0.00 0.00 0.00 0.00 0.00 0.00 0.00 0.00 0.00 0.00 0.00 0.00 0.00 0.00 0.00 0.00 0.00 0.00 
0.00 0.00 0.00 0.00 0.00 0.00 0.00 0.00 0.00 0.00 0.00 0.00 0.00 0.00 0.00 0.00 0.00 0.00 0.00 0.00 
0.00 0.00 0.00 0.00 0.00 0.00 0.00 0.00 0.00 0.00 0.00 0.00 0.00 0.00 0.00 0.00 0.00 0.00 0.00 0.00 
0.00 0.00 0.00 0.00 0.00 0.00 0.00 0.00 0.00 0.00 0.00 0.00 0.00 0.00 0.00 0.00 0.00 0.00 0.00 0.00 
0.00 0.00 0.00 0.00 0.00 0.00 0.00 0.00 0.00 0.00 0.00 0.00 0.00 0.00 0.00 0.00 0.00 0.00 0.00 0.00 
0.00 0.00 0.00 0.00 0.00 0.00 0.00 0.00 0.00 0.00 0.00 0.00 0.00 0.00 0.00 0.00 0.00 0.00 0.00 0.00 
0.00 0.00 0.00 0.00 0.00 0.00 0.00 0.00 0.00 0.00 0.00 0.00 0.00 0.00 0.00 0.00 0.00 0.00 0.00 0.00 
0.00 0.00 0.00 0.00 0.00 0.00 0.00 0.00 0.00 0.00 0.00 0.00 0.00 0.00 0.00 0.00 0.00 0.00 0.00 0.00 
0.00 0.00 0.00 0.00 0.00 0.00 0.00 0.00 0.00 0.00 0.00 0.00 0.00 0.00 0.00 0.00 0.00 0.00 0.00 0.00 
0.00 0.00 0.00 0.00 0.00 0.00 0.00 0.00 0.00 0.00 0.00 0.00 0.00 0.00 0.00 0.00 0.00 0.00 0.00 0.00 
0.00 0.00 0.00 0.00 0.00 0.00 0.00 0.00 0.00 0.00 0.00 0.00 0.00 0.00 0.00 0.00 0.00 0.00 0.00 0.00 
0.00 0.00 0.00 0.00 0.00 0.00 0.00 0.00 0.00 0.00 0.00 0.00 0.00 0.00 0.00 0.00 0.00 0.00 0.00 0.00 
0.00 0.00 0.00 0.00 0.00 0.00 0.00 0.00 0.00 0.00 0.00 0.00 0.00 0.00 0.00 0.00 0.00 0.00 0.00 0.00 
0.00 0.00 0.00 0.00 0.00 0.00 0.00 0.00 0.00 0.00 0.00 0.00 0.00 0.00 0.00 0.00 0.00 0.00 0.00 0.00 
0.00 0.00 0.00 0.00 0.00 0.00 0.00 0.00 0.00 0.00 0.00 0.00 0.00 0.00 0.00 0.00 0.00 0.00 0.00 0.00 
0.00 0.00 0.00 0.00 0.00 0.00 0.00 0.00 0.00 0.00 0.00 0.00 0.00 0.00 0.00 0.00 0.00 0.00 0.00 0.00 
0.00 0.00 0.00 0.00 0.00 0.00 0.00 0.00 0.00 0.00 0.00 0.00 0.00 0.00 0.00 0.00 0.00 0.00 0.00 0.00 
0.00 0.00 0.00 0.00 0.00 0.00 0.00 0.00 0.00 0.00 0.00 0.00 0.00 0.00 0.00 0.00 0.00 0.00 0.00 0.00 
0.00 0.00 0.00 0.00 0.00 0.00 0.00 0.00 0.00 0.00 0.00 0.00 0.00 0.00 0.00 0.00 0.00 0.00 0.00 0.00 
0.00 0.00 0.00 0.00 0.00 0.00 0.00 0.00 0.00 0.00 0.00 0.00 0.00 0.00 0.00 0.00 0.00 0.00 0.00 0.00 
0.00 0.00 0.00 0.00 0.00 0.00 0.00 0.00 0.00 0.00 0.00 0.00 0.00 0.00 0.00 0.00 0.00 0.00 0.00 0.00 
0.00 0.00 0.00 0.00 0.00 0.00 0.00 0.00 0.00 0.00 0.00 0.00 0.00 0.00 0.00 0.00 0.00 0.00 0.00 0.00 
0.00 0.00 0.00 0.00 0.00 0.00 0.00 0.00 0.00 0.00 0.00 0.00 0.00 0.00 0.00 0.00 0.00 0.00 0.00 0.00 
0.00 0.00 0.00 0.00 0.00 0.00 0.00 0.00 0.00 0.00 0.00 0.00 0.00 0.00 0.00 0.00 0.00 0.00 0.00 0.00 
0.00 0.00 0.00 0.00 0.00 0.00 0.00 0.00 0.00 0.00 0.00 0.00 0.00 0.00 0.00 0.00 0.00 0.00 0.00 0.00 
0.00 0.00 0.00 0.00 0.00 0.00 0.00 0.00 0.00 0.00 0.00 0.00 0.00 0.00 0.00 0.00 0.00 0.00 0.00 0.00 
0.00 0.00 0.00 0.00 0.00 0.00 0.00 0.00 0.00 0.00 0.00 0.00 0.00 0.00 0.00 0.00 0.00 0.00 0.00 0.00 
0.00 0.00 0.00 0.00 0.00 0.00 0.00 0.00 0.00 0.00 0.00 0.00 0.00 0.00 0.00 0.00 0.00 0.00 0.00 0.00 
0.00 0.00 0.00 0.00 0.00 0.00 0.00 0.00 0.00 0.00 0.00 0.00 0.00 0.00 0.00 0.00 0.00 0.00 0.00 0.00 
0.00 0.00 0.00 0.00 0.00 0.00 0.00 0.00 0.00 0.00 0.00 0.00 0.00 0.00 0.00 0.00 0.00 0.00 0.00 0.00 
0.00 0.00 0.00 0.00 0.00 0.00 0.00 0.00 0.00 0.00 0.00 0.00 0.00 0.00 0.00 0.00 0.00 0.00 0.00 0.00 
0.00 0.00 0.00 0.00 0.00 0.00 0.00 0.00 0.00 0.00 0.00 0.00 0.00 0.00 0.00 0.00 0.00 0.00 0.00 0.00 
0.00 0.00 0.00 0.00 0.00 0.00 0.00 0.00 0.00 0.00 0.00 0.00 0.00 0.00 0.00 0.00 0.00 0.00 0.00 0.00 
0.00 0.00 0.00 0.00 0.00 0.00 0.00 0.00 0.00 0.00 0.00 0.00 0.00 0.00 0.00 0.00 0.00 0.00 0.00 0.00 
0.00 0.00 0.00 0.00 0.00 0.00 0.00 0.00 0.00 0.00 0.00 0.00 0.00 0.00 0.00 0.00 0.00 0.00 0.00 0.00 
0.00 0.00 0.00 0.00 0.00 0.00 0.00 0.00 0.00 0.00 0.00 0.00 0.00 0.00 0.00 0.00 0.00 0.00 0.00 0.00 
0.00 0.00 0.00 0.00 0.00 0.00 0.00 0.00 0.00 0.00 0.00 0.00 0.00 0.00 0.00 0.00 0.00 0.00 0.00 0.00 
0.00 0.00 0.00 0.00 0.00 0.00 0.00 0.00 0.00 0.00 0.00 0.00 0.00 0.00 0.00 0.00 0.00 0.00 0.00 0.00 
0.00 0.00 0.00 0.00 0.00 0.00 0.00 0.00 0.00 0.00 0.00 0.00 0.00 0.00 0.00 0.00 0.00 0.00 0.00 0.00 
0.00 0.00 0.00 0.00 0.00 0.00 0.00 0.00 0.00 0.00 0.00 0.00 0.00 0.00 0.00 0.00 0.00 0.00 0.00 0.00 
0.00 0.00 0.00 0.00 0.00 0.00 0.00 0.00 0.00 0.00 0.00 0.00 0.00 0.00 0.00 0.00 0.00 0.00 0.00 0.00 
0.00 0.00 0.00 0.00 0.00 0.00 0.00 0.00 0.00 0.00 0.00 0.00 0.00 0.00 0.00 0.00 0.00 0.00 0.00 0.00 
0.00 0.00 0.00 0.00 0.00 0.00 0.00 0.00 0.00 0.00 0.00 0.00 0.00 0.00 0.00 0.00 0.00 0.00 0.00 0.00 
0.00 0.00 0.00 0.00 0.00 0.00 0.00 0.00 0.00 0.00 0.00 0.00 0.00 0.00 0.00 0.00 0.00 0.00 0.00 0.00 
0.00 0.00 0.00 0.00 0.00 0.00 0.00 0.00 0.00 0.00 0.00 0.00 0.00 0.00 0.00 0.00 0.00 0.00 0.00 0.00 
0.00 0.00 0.00 0.00 0.00 0.00 0.00 0.00 0.00 0.00 0.00 0.00 0.00 0.00 0.00 0.00 0.00 0.00 0.00 0.00 
0.00 0.00 0.00 0.00 0.00 0.00 0.00 0.00 0.00 0.00 0.00 0.00 0.00 0.00 0.00 0.00 0.00 0.00 0.00 0.00 
0.00 0.00 0.00 0.00 0.00 0.00 0.00 0.00 0.00 0.00 0.00 0.00 0.00 0.00 0.00 0.00 0.00 0.00 0.00 0.00 
0.00 0.00 0.00 0.00 0.00 0.00 0.00 0.00 0.00 0.00 0.00 0.00 0.00 0.00 0.00 0.00 0.00 0.00 0.00 0.00 
0.00 0.00 0.00 0.00 0.00 0.00 0.00 0.00 0.00 0.00 0.00 0.00 0.00 0.00 0.00 0.00 0.00 0.00 0.00 0.00 
0.00 0.00 0.00 0.00 0.00 0.00 0.00 0.00 0.00 0.00 0.00 0.00 0.00 0.00 0.00 0.00 0.00 0.00 0.00 0.00 
0.00 0.00 0.00 0.00 0.00 0.00 0.00 0.00 0.00 0.00 0.00 0.00 0.00 0.00 0.00 0.00 0.00 0.00 0.00 0.00 
0.00 0.00 0.00 0.00 0.00 0.00 0.00 0.00 0.00 0.00 0.00 0.00 0.00 0.00 0.00 0.00 0.00 0.00 0.00 0.00 
0.00 0.00 0.00 0.00 0.00 0.00 0.00 0.00 0.00 0.00 0.00 0.00 0.00 0.00 0.00 0.00 0.00 0.00 0.00 0.00 
0.00 0.00 0.00 0.00 0.00 0.00 0.00 0.00 0.00 0.00 0.00 0.00 0.00 0.00 0.00 0.00 0.00 0.00 0.00 0.00 
0.00 0.00 0.00 0.00 0.00 0.00 0.00 0.00 0.00 0.00 0.00 0.00 0.00 0.00 0.00 0.00 0.00 0.00 0.00 0.00 
0.00 0.00 0.00 0.00 0.00 0.00 0.00 0.00 0.00 0.00 0.00 0.00 0.00 0.00 0.00 0.00 0.00 0.00 0.00 0.00 
0.00 0.00 0.00 0.00 0.00 0.00 0.00 0.00 0.00 0.00 0.00 0.00 0.00 0.00 0.00 0.00 0.00 0.00 0.00 0.00 
0.00 0.00 0.00 0.00 0.00 0.00 0.00 0.00 0.00 0.00 0.00 0.00 0.00 0.00 0.00 0.00 0.00 0.00 0.00 0.00 
0.00 0.00 0.00 0.00 0.00 0.00 0.00 0.00 0.00 0.00 0.00 0.00 0.00 0.00 0.00 0.00 0.00 0.00 0.00 0.00 
0.00 0.00 0.00 0.00 0.00 0.00 0.00 0.00 0.00 0.00 0.00 0.00 0.00 0.00 0.00 0.00 0.00 0.00 0.00 0.00 
0.00 0.00 0.00 0.00 0.00 0.00 0.00 0.00 0.00 0.00 0.00 0.00 0.00 0.00 0.00 0.00 0.00 0.00 0.00 0.00 
0.00 0.00 0.00 0.00 0.00 0.00 0.00 0.00 0.00 0.00 0.00 0.00 0.00 0.00 0.00 0.00 0.00 0.00 0.00 0.00 
0.00 0.00 0.00 0.00 0.00 0.00 0.00 0.00 0.00 0.00 0.00 0.00 0.00 0.00 0.00 0.00 0.00 0.00 0.00 0.00 
0.00 0.00 0.00 0.00 0.00 0.00 0.00 0.00 0.00 0.00 0.00 0.00 0.00 0.00 0.00 0.00 0.00 0.00 0.00 0.00 
0.00 0.00 0.00 0.00 0.00 0.00 0.00 0.00 0.00 0.00 0.00 0.00 0.00 0.00 0.00 0.00 0.00 0.00 0.00 0.00 
0.00 0.00 0.00 0.00 0.00 0.00 0.00 0.00 0.00 0.00 0.00 0.00 0.00 0.00 0.00 0.00 0.00 0.00 0.00 0.00 
0.00 0.00 0.00 0.00 0.00 0.00 0.00 0.00 0.00 0.00 0.00 0.00 0.00 0.00 0.00 0.00 0.00 0.00 0.00 0.00 
0.00 0.00 0.00 0.00 0.00 0.00 0.00 0.00 0.00 0.00 0.00 0.00 0.00 0.00 0.00 0.00 0.00 0.00 0.00 0.00 
0.00 0.00 0.00 0.00 0.00 0.00 0.00 0.00 0.00 0.00 0.00 0.00 0.00 0.00 0.00 0.00 0.00 0.00 0.00 0.00 
0.00 0.00 0.00 0.00 0.00 0.00 0.00 0.00 0.00 0.00 0.00 0.00 0.00 0.00 0.00 0.00 0.00 0.00 0.00 0.00 
0.00 0.00 0.00 0.00 0.00 0.00 0.00 0.00 0.00 0.00 0.00 0.00 0.00 0.00 0.00 0.00 0.00 0.00 0.00 0.00 
0.00 0.00 0.00 0.00 0.00 0.00 0.00 0.00 0.00 0.00 0.00 0.00 0.00 0.00 0.00 0.00 0.00 0.00 0.00 0.00 
0.00 0.00 0.00 0.00 0.00 0.00 0.00 0.00 0.00 0.00 0.00 0.00 0.00 0.00 0.00 0.00 0.00 0.00 0.00 0.00 
end   dump: w
==END   DUMP_ARRAYS==
==BEGIN DUMP_ARRAYS==
begin dump: w
1853.83 55585368.00 61151220.00 70444880.00 80586200.00 91111848.00 101904464.00 112785504.00 123602120.00 134687552.00 145542160.00 156757696.00 167720320.00 178841184.00 189889936.00 200891824.00 211788224.00 223156384.00 234158208.00 245290944.00 
256082128.00 267501584.00 278622400.00 289827168.00 300694272.00 311525792.00 323073088.00 334071488.00 345192064.00 356497024.00 367314240.00 378490528.00 389437792.00 400778560.00 411911136.00 422939488.00 434086976.00 445159296.00 456376896.00 467514912.00 
477953376.00 489734624.00 500836416.00 511867904.00 523047264.00 534154112.00 545364928.00 556451456.00 567335040.00 578702272.00 589008384.00 600906496.00 612019456.00 623195072.00 634153088.00 645336000.00 656421056.00 667592448.00 678811584.00 689961920.00 
700698816.00 712153344.00 723190976.00 734469312.00 745253440.00 756576896.00 767730176.00 778898240.00 789944576.00 801491008.00 812076800.00 823290624.00 834384832.00 845672256.00 856530176.00 867464192.00 878946944.00 890307456.00 901226816.00 912342528.00 
922150016.00 934615744.00 945709760.00 956803264.00 967919936.00 978985408.00 990137216.00 1001803008.00 1012347968.00 1023620416.00 1034555328.00 1046072256.00 1056928384.00 1067836032.00 1079158400.00 1090166144.00 1101224064.00 1112583296.00 1123663104.00 1134710016.00 
1144282496.00 1156988928.00 1168157184.00 1179278848.00 1190308096.00 1201392256.00 1212690688.00 1223833600.00 1234817792.00 1246027136.00 1257016448.00 1268010496.00 1279205248.00 1290595584.00 1301653376.00 1312735488.00 1323880960.00 1334995200.00 1346257152.00 1357288192.00 
1367770240.00 1379547136.00 1390664448.00 1401762816.00 1412829056.00 1421919616.00 1435204224.00 1446454400.00 1457172096.00 1468193792.00 1479516544.00 1490744832.00 1501842304.00 1512900224.00 1524200064.00 1535234304.00 1546296192.00 1557663104.00 1568812800.00 1579801984.00 
1590576640.00 1602006528.00 1613059072.00 1624661248.00 1635187968.00 1646491648.00 1657655424.00 1668741120.00 1679760512.00 1691054208.00 1701326848.00 1713310976.00 1724258048.00 1735415296.00 1747045632.00 1757739264.00 1768846720.00 1780068224.00 1791183104.00 1802294656.00 
1812075648.00 1824516864.00 1835589888.00 1846755968.00 1857859328.00 1868921216.00 1880015744.00 1891480832.00 1902317568.00 1913392256.00 1924484224.00 1935737728.00 1946819328.00 1958004224.00 1969344640.00 1979847552.00 1991117184.00 2002582400.00 2013602944.00 2024721408.00 
2035531904.00 2046948480.00 2058607744.00 2069265280.00 2080300288.00 2091451264.00 2102512000.00 2113756032.00 2124809088.00 2136010624.00 2146933632.00 2158264064.00 2169121792.00 2180516608.00 2191606016.00 2202632448.00 2213768704.00 2224971776.00 2236028928.00 2247114752.00 
2255037184.00 2269555200.00 2280605440.00 2291773696.00 2302791424.00 2313891072.00 2325100544.00 2336350464.00 2347114240.00 2358526720.00 2369425152.00 2380779008.00 2391816448.00 2402985728.00 2414067456.00 2425156608.00 2436216320.00 2447482368.00 2458560768.00 2469708032.00 
2480491776.00 2491933952.00 2502495488.00 2514426368.00 2525167872.00 2536129024.00 2547634432.00 2558746112.00 2569812992.00 2580927744.00 2591953664.00 2603271680.00 2614254080.00 2625386240.00 2636559872.00 2647553792.00 2658841344.00 2669989888.00 2681045248.00 2692277760.00 
2702034944.00 2714506752.00 2725573376.00 2736815104.00 2747845120.00 2758921216.00 2770072576.00 2781189376.00 2792176128.00 2803361536.00 2810479104.00 2825865728.00 2836878336.00 2847998208.00 2859182080.00 2870171904.00 2881107712.00 2892482560.00 2903423744.00 2914793728.00 
2925520128.00 2937120512.00 2948087040.00 2959212032.00 2970210560.00 2981374208.00 2992508672.00 3003837440.00 3014805504.00 3025917696.00 3036939776.00 3048203264.00 3059073792.00 3070553344.00 3081639936.00 3092312064.00 3103868928.00 3114972672.00 3126088192.00 3137122048.00 
3147667456.00 3159514112.00 3170511360.00 3181613056.00 3192666880.00 3203607040.00 3215859712.00 3226409472.00 3237180928.00 3248518912.00 3259480576.00 3270770432.00 3281819136.00 3293047808.00 3304022784.00 3315138560.00 3326194688.00 3337462528.00 3348600064.00 3359679488.00 
3369182208.00 3381956864.00 3393098752.00 3403898624.00 3415086336.00 3426362112.00 3437527040.00 3448645120.00 3459989760.00 3470996992.00 3481950464.00 3493175040.00 3504206592.00 3515495936.00 3526573312.00 3537624320.00 3548914944.00 3559938304.00 3571053568.00 3582186240.00 
3592007680.00 3604572928.00 3615534592.00 3626713344.00 3637746176.00 3648532992.00 3660049152.00 3671196672.00 3682186240.00 3693363200.00 3704352000.00 3715580928.00 3726569472.00 3737025536.00 3749518848.00 3760306432.00 3771179008.00 3782544384.00 3793555968.00 3804918528.00 
3815538688.00 3826968320.00 3838073600.00 3849265920.00 3860212992.00 3871457024.00 3882575872.00 3893685504.00 3904893184.00 3916016640.00 3926260736.00 3938225408.00 3949054720.00 3961095680.00 3971618560.00 3982641152.00 3993772800.00 4004873216.00 4016059136.00 4027462912.00 
4037660928.00 4049415936.00 4060527872.00 4071570176.00 4083011840.00 4093936896.00 4105060864.00 4116230912.00 4127072256.00 4138426624.00 4149392384.00 4160706048.00 4171718912.00 4182938880.00 4194043392.00 4203105536.00 4216232192.00 4227471616.00 4238541312.00 4249699584.00 
4260483072.00 4272451072.00 4283008768.00 4294406144.00 4305040896.00 4316386816.00 4327618560.00 4338560512.00 4349725696.00 4360985088.00 4371874304.00 4383177728.00 4394146304.00 4405396992.00 4416520192.00 4427535872.00 4438661120.00 4449784832.00 4460835840.00 4471749120.00 
4476663296.00 4494845440.00 4505735680.00 4516850176.00 4527851008.00 4538932736.00 4550082048.00 4561232384.00 4572226048.00 4583435776.00 4594430976.00 4605750272.00 4616803840.00 4627931136.00 4639113728.00 4650113536.00 4661067264.00 4672498176.00 4683566080.00 4694691840.00 
4705488384.00 4716372480.00 4728034304.00 4739167744.00 4750175232.00 4761027072.00 4772546560.00 4783689728.00 4794679808.00 4806040576.00 4816935424.00 4828173312.00 4839059456.00 4850535424.00 4861543936.00 4872702976.00 4883763712.00 4894941696.00 4906031104.00 4916916736.00 
4927633920.00 4939410432.00 4950518784.00 4961625600.00 4972466176.00 4984091648.00 4995121664.00 5006212608.00 5017072640.00 5028652544.00 5038752768.00 5050713088.00 5061774336.00 5072942592.00 5084038144.00 5095147520.00 5106173440.00 5117365248.00 5128496640.00 5139497984.00 
5150449664.00 5161828352.00 5173154816.00 5184222208.00 5195058688.00 5206324224.00 5217483776.00 5228647936.00 5239695872.00 5250890752.00 5261840896.00 5273235456.00 5284186624.00 5295437824.00 5306551808.00 5317252608.00 5328614400.00 5339919360.00 5351034880.00 5362160128.00 
5371962880.00 5384279552.00 5395522560.00 5406692352.00 5417723904.00 5428882432.00 5440027136.00 5451154432.00 5462147584.00 5473432576.00 5484357632.00 5495604224.00 5506682880.00 5517858304.00 5528933376.00 5539975680.00 5550895104.00 5562203648.00 5573215232.00 5583972352.00 
5587467776.00 5607592960.00 5618362368.00 5629441024.00 5640338432.00 5651477504.00 5662577152.00 5673727488.00 5684845056.00 5695971328.00 5706958848.00 5718216704.00 5729092096.00 5740487168.00 5751552512.00 5762630656.00 5773697536.00 5784878592.00 5796058624.00 5807225856.00 
5817652736.00 5829340672.00 5840604160.00 5851656704.00 5862774784.00 5873514496.00 5884968448.00 5896213504.00 5907050496.00 5918401024.00 5929400832.00 5940688384.00 5951731200.00 5962801664.00 5974091264.00 5985116160.00 5996186624.00 6007426048.00 6018487808.00 6029616640.00 
6040475136.00 6051953152.00 6063016448.00 6074142720.00 6084990976.00 6096166912.00 6107676672.00 6118627328.00 6129783808.00 6140724224.00 6151226368.00 6163119616.00 6174204416.00 6185441792.00 6196526592.00 6207553024.00 6218796032.00 6229954048.00 6240991232.00 6252101632.00 
6261961216.00 6274463744.00 6285532672.00 6296658944.00 6307658240.00 6318819328.00 6329900032.00 6341111296.00 6352116224.00 6363333120.00 6374246912.00 6385135616.00 6397121536.00 6408025088.00 6419095552.00 6429801472.00 6441061376.00 6452474368.00 6463542784.00 6474799616.00 
6485473792.00 6496880640.00 6508021248.00 6519151616.00 6530173952.00 6541334016.00 6552525824.00 6563647488.00 6574583808.00 6585964032.00 6596884992.00 6608209920.00 6619016192.00 6630415360.00 6641501184.00 6652576256.00 6663717888.00 6674735616.00 6685969920.00 6697049088.00 
6704940032.00 6719498240.00 6730553344.00 6741662208.00 6752745472.00 6763830784.00 6774855168.00 6786120192.00 6797013504.00 6808468992.00 6819362816.00 6830589952.00 6841703936.00 6852881408.00 6863959040.00 6874917376.00 6886243840.00 6897370624.00 6908509184.00 6919525888.00 
6930438656.00 6941877248.00 6952962048.00 6964173312.00 6974979584.00 6984297472.00 6997533184.00 7008637440.00 7019709440.00 7030875136.00 7041854976.00 7053082624.00 7064190976.00 7075416576.00 7086447104.00 7097573888.00 7108658176.00 7119868928.00 7130983936.00 7142088704.00 
7151933440.00 7164311040.00 7175523840.00 7186703872.00 7197647360.00 7208726016.00 7219968512.00 7230944768.00 7242113024.00 7253292544.00 7263637504.00 7275557376.00 7286635008.00 7297757184.00 7308935168.00 7319982592.00 7330924032.00 7342238208.00 7353368576.00 7364464128.00 
7375277568.00 7386653184.00 7397759488.00 7408820736.00 7419709440.00 7430603264.00 7440664576.00 7457338368.00 7465635840.00 7476401664.00 7487223296.00 7498412544.00 7509232128.00 7520579072.00 7531663872.00 7542378496.00 7553809408.00 7564993536.00 7576167424.00 7587202048.00 
7597679616.00 7609448448.00 7620589056.00 7631772672.00 7642754560.00 7653890048.00 7665070592.00 7676172288.00 7687054336.00 7698468352.00 7709415936.00 7720711168.00 7731712512.00 7742927360.00 7754041856.00 7765079552.00 7776224768.00 7787488768.00 7798541824.00 7809619968.00 
7819131904.00 7831891968.00 7843044352.00 7854189056.00 7865026048.00 7876304896.00 7887834112.00 7898676736.00 7909741568.00 7920943616.00 7931900416.00 7943126528.00 7954159104.00 7965360128.00 7976314368.00 7987644416.00 7998719488.00 8010098688.00 8021133312.00 8032134144.00 
8041949696.00 8054381056.00 8065480704.00 8076601856.00 8087690752.00 8098464768.00 8109945856.00 8120821760.00 8132258816.00 8143444480.00 8154372096.00 8165651456.00 8176719872.00 8187876864.00 8199003648.00 8210064384.00 8220988928.00 8232565248.00 8243488768.00 8254599168.00 
8265427968.00 8276911104.00 8288019456.00 8299157504.00 8310114816.00 8321269760.00 8332463104.00 8343716864.00 8354644480.00 8365701632.00 8372867584.00 8388287488.00 8399074304.00 8410440192.00 8421511168.00 8432579072.00 8443722240.00 8454898176.00 8465995264.00 8477136384.00 
8487604224.00 8499365888.00 8510744064.00 8521580544.00 8532683776.00 8543831040.00 8555083776.00 8566116352.00 8576964608.00 8588102144.00 8599420928.00 8610657280.00 8621744128.00 8632833024.00 8643939328.00 8654729216.00 8666123264.00 8677351424.00 8688612352.00 8699637760.00 
8710421504.00 8721865728.00 8732951552.00 8744159232.00 8754977792.00 8766274560.00 8777505792.00 8788578304.00 8799744000.00 8810931200.00 8821817344.00 8833116160.00 8844094464.00 8855286784.00 8866411520.00 8877476864.00 8888599552.00 8899805184.00 8910774272.00 8921699328.00 
8926592000.00 8944792576.00 8955679744.00 8966734848.00 8977789952.00 8988865536.00 9000101888.00 9010981888.00 9022170112.00 9033507840.00 9044378624.00 9055693824.00 9066707968.00 9077828608.00 9089010688.00 9100131328.00 9111003136.00 9122372608.00 9133378560.00 9144631296.00 
9155432448.00 9166858240.00 9177972736.00 9189057536.00 9200193536.00 9210974208.00 9222437888.00 9233575936.00 9244706816.00 9255844864.00 9266827264.00 9278123008.00 9288944640.00 9300153344.00 9311563776.00 9322583040.00 9333699584.00 9344825344.00 9355991040.00 9367133184.00 
9377592320.00 9389360128.00 9400187904.00 9411639296.00 9422674944.00 9433779200.00 9444873216.00 9456100352.00 9466964992.00 9478331392.00 9488660480.00 9500533760.00 9511656448.00 9522827264.00 9533912064.00 9544961024.00 9555928064.00 9565796352.00 9578712064.00 9589713920.00 
9600473088.00 9611900928.00 9622958080.00 9634113536.00 9645000704.00 9656346624.00 9667508224.00 9678674944.00 9689725952.00 9700840448.00 9711869952.00 9723184128.00 9734130688.00 9745315840.00 9756444672.00 9765502976.00 9778697216.00 9789813760.00 9800845312.00 9812112384.00 
9821902848.00 9834362880.00 9845460992.00 9856581632.00 9867667456.00 9878768640.00 9889933312.00 9901042688.00 9911974912.00 9924569088.00 9934424064.00 9945680896.00 9956708352.00 9967879168.00 9978948608.00 9990047744.00 10000964608.00 10012358656.00 10023557120.00 10034599936.00 
10044073984.00 10056865792.00 10068041728.00 10079059968.00 10090092544.00 10101279744.00 10112476160.00 10123612160.00 10134603776.00 10144850944.00 10156895232.00 10168167424.00 10178980864.00 10190242816.00 10201441280.00 10212520960.00 10223643648.00 10234906624.00 10245866496.00 10257177600.00 
10267544576.00 10279293952.00 10290417664.00 10300740608.00 10312713216.00 10323448832.00 10334982144.00 10346103808.00 10356943872.00 10368351232.00 10379284480.00 10390482944.00 10401613824.00 10412684288.00 10423966720.00 10434997248.00 10446071808.00 10457303040.00 10468435968.00 10479553536.00 
10490351616.00 10501615616.00 10512957440.00 10524035072.00 10534936576.00 10546231296.00 10557438976.00 10568514560.00 10579672064.00 10590798848.00 10601129984.00 10613058560.00 10624004096.00 10635340800.00 10646415360.00 10657488896.00 10668611584.00 10679842816.00 10690940928.00 10702033920.00 
10711849984.00 10724267008.00 10735345664.00 10746928128.00 10757613568.00 10768704512.00 10779933696.00 10791003136.00 10802052096.00 10813297664.00 10824267776.00 10835489792.00 10846597120.00 10858033152.00 10868851712.00 10879582208.00 10890858496.00 10902230016.00 10913364992.00 10924477440.00 
10935284736.00 10946697216.00 10957828096.00 10968904704.00 10979935232.00 10991086592.00 11002278912.00 11013255168.00 11024473088.00 11035500544.00 11046557696.00 11057876992.00 11068633088.00 11079901184.00 11090974720.00 11101990912.00 11112988672.00 11123950592.00 11134559232.00 11144285184.00 
11141482496.00 11172147200.00 11181842432.00 11192480768.00 11203346432.00 11214318592.00 11225427968.00 11236532224.00 11247293440.00 11258559488.00 11269592064.00 11280941056.00 11291865088.00 11303175168.00 11314122752.00 11325212672.00 11336258560.00 11347521536.00 11358581760.00 11369740288.00 
11380516864.00 11391964160.00 11403040768.00 11414202368.00 11425064960.00 11436040192.00 11447547904.00 11458395136.00 11469741056.00 11480943616.00 11491871744.00 11503155200.00 11514149888.00 11525432320.00 11536470016.00 11547597824.00 11558721536.00 11569504256.00 11581060096.00 11592162304.00 
11601942528.00 11614395392.00 11625466880.00 11636601856.00 11647728640.00 11658823680.00 11669986304.00 11681096704.00 11692189696.00 11703368704.00 11713680384.00 11725640704.00 11736663040.00 11747909632.00 11758960640.00 11770060800.00 11780995072.00 11792394240.00 11803451392.00 11814815744.00 
11825437696.00 11836878848.00 11847980032.00 11859121152.00 11870127104.00 11881296896.00 11892422656.00 11903745024.00 11914725376.00 11925948416.00 11936836608.00 11948080128.00 11958998016.00 11970328576.00 11981411328.00 11992184832.00 12003614720.00 12015688704.00 12025980928.00 12037151744.00 
12047586304.00 12059256832.00 12070535168.00 12081537024.00 12092693504.00 12103773184.00 12114962432.00 12126187520.00 12136951808.00 12148272128.00 12159246336.00 12171587584.00 12181735424.00 12192824320.00 12203925504.00 12215015424.00 12226102272.00 12237369344.00 12248363008.00 12259567616.00 
12269050880.00 12281839616.00 12292847616.00 12304065536.00 12314969088.00 12326238208.00 12337453056.00 12348561408.00 12359624704.00 12370751488.00 12381704192.00 12391874560.00 12404230144.00 12415398912.00 12426483712.00 12437529600.00 12448659456.00 12459855872.00 12470939648.00 12482075648.00 
12491893760.00 12504322048.00 12515563520.00 12526613504.00 12537644032.00 12546770944.00 12559968256.00 12571122688.00 12582069248.00 12593252352.00 12604270592.00 12615595008.00 12626603008.00 12637761536.00 12648901632.00 12659966976.00 12670940160.00 12682328064.00 12693447680.00 12704542720.00 
12715322368.00 12726724608.00 12737683456.00 12750638080.00 12760270848.00 12771344384.00 12782486528.00 12793604096.00 12804670464.00 12815900672.00 12826148864.00 12838104064.00 12848969728.00 12860334080.00 12871533568.00 12882521088.00 12893652992.00 12904787968.00 12916211712.00 12927084544.00 
12937552896.00 12949307392.00 12960403456.00 12971619328.00 12982643712.00 12993725440.00 13004845056.00 13016281088.00 13026987008.00 13038309376.00 13049313280.00 13060593664.00 13071629312.00 13082861568.00 13093956608.00 13104661504.00 13116002304.00 13127386112.00 13138433024.00 13149580288.00 
13160358912.00 13171809280.00 13183021056.00 13194060800.00 13204925440.00 13216173056.00 13227395072.00 13238601728.00 13249634304.00 13260741632.00 13271755776.00 13282919424.00 13294030848.00 13305454592.00 13316303872.00 13327419392.00 13338549248.00 13349700608.00 13360724992.00 13371628544.00 
13376531456.00 13394727936.00 13405633536.00 13416632320.00 13427738624.00 13438832640.00 13450000384.00 13461132288.00 13472112640.00 13483322368.00 13494308864.00 13505510400.00 13516591104.00 13527856128.00 13538911232.00 13550025728.00 13560951808.00 13572280320.00 13583453184.00 13594573824.00 
13605371904.00 13616797696.00 13627785216.00 13639080960.00 13650081792.00 13660894208.00 13672470528.00 13683602432.00 13694599168.00 13705791488.00 13716720640.00 13728338944.00 13738967040.00 13750323200.00 13761329152.00 13772482560.00 13783657472.00 13794847744.00 13805657088.00 13817061376.00 
13827521536.00 13839295488.00 13850392576.00 13861540864.00 13872610304.00 13883719680.00 13894893568.00 13905992704.00 13916862464.00 13928144896.00 13935279104.00 13950740480.00 13961694208.00 13972723712.00 13983947776.00 13995029504.00 14006073344.00 14017283072.00 14028379136.00 14039514112.00 
14050377728.00 14061840384.00 14072906752.00 14083860480.00 14094946304.00 14106244096.00 14117396480.00 14128571392.00 14139615232.00 14150791168.00 14161760256.00 14172992512.00 14183948288.00 14195604480.00 14206444544.00 14217171968.00 14228640768.00 14239840256.00 14250905600.00 14262049792.00 
14271862784.00 14284298240.00 14295260160.00 14306337792.00 14317608960.00 14328657920.00 14340080640.00 14351075328.00 14362025984.00 14373304320.00 14384242688.00 14395499520.00 14406593536.00 14417759232.00 14428558336.00 14440001536.00 14450917376.00 14462264320.00 14473363456.00 14484542464.00 
14494002176.00 14506813440.00 14517866496.00 14528949248.00 14539980800.00 14551225344.00 14562352128.00 14573501440.00 14584611840.00 14595729408.00 14606715904.00 14617967616.00 14628886528.00 14640268288.00 14651318272.00 14662408192.00 14673581056.00 14684677120.00 14695803904.00 14706984960.00 
14717438976.00 14729233408.00 14740234240.00 14751432704.00 14762526720.00 14773245952.00 14784730112.00 14795868160.00 14806706176.00 14818011136.00 14828906496.00 14840037376.00 14850714624.00 14859099136.00 14875745280.00 14885701632.00 14896495616.00 14907623424.00 14918656000.00 14929790976.00 
14940527616.00 14951963648.00 14963030016.00 14974199808.00 14985004032.00 14996311040.00 15007467520.00 15018672128.00 15029690368.00 15040880640.00 15051169792.00 15063144448.00 15074087936.00 15085484032.00 15096425472.00 15107569664.00 15118681088.00 15129725952.00 15140874240.00 15152123904.00 
15161869312.00 15174340608.00 15185420288.00 15196558336.00 15207688192.00 15218725888.00 15229957120.00 15241023488.00 15252014080.00 15263370240.00 15274294272.00 15285559296.00 15296613376.00 15307799552.00 15318878208.00 15327978496.00 15340962816.00 15352257536.00 15363448832.00 15374557184.00 
15385364480.00 15396904960.00 15407900672.00 15419062272.00 15429952512.00 15441379328.00 15452445696.00 15463550976.00 15474634752.00 15485832192.00 15496769536.00 15507964928.00 15518924800.00 15530321920.00 15541547008.00 15552466944.00 15563595776.00 15574789120.00 15585853440.00 15596945408.00 
15604833280.00 15619379200.00 15630431232.00 15641703424.00 15652625408.00 15663729664.00 15674905600.00 15686016000.00 15696909312.00 15708238848.00 15719248896.00 15730473984.00 15741758464.00 15752780800.00 15763883008.00 15774967808.00 15786029056.00 15797273600.00 15808391168.00 15819545600.00 
15830342656.00 15841620992.00 15852854272.00 15863968768.00 15874864128.00 15885828096.00 15897308160.00 15908410368.00 15919219712.00 15931285504.00 15941895168.00 15953102848.00 15964082176.00 15975320576.00 15986497536.00 15997488128.00 16008669184.00 16019777536.00 16030867456.00 16041982976.00 
16051833856.00 16064334848.00 16075403264.00 16086480896.00 16097537024.00 16108739584.00 16119873536.00 16130996224.00 16142000128.00 16153309184.00 16163570688.00 16175708160.00 16186545152.00 16197812224.00 16208722944.00 16220142592.00 16230949888.00 16242286592.00 16253394944.00 16264489984.00 
16275325952.00 16286810112.00 16297916416.00 16309010432.00 16320010240.00 16331195392.00 16342320128.00 16353640448.00 16364610560.00 16375744512.00 16386735104.00 16398029824.00 16408872960.00 16420225024.00 16431436800.00 16442105856.00 16453558272.00 16464769024.00 16475811840.00 16487101440.00 
16497457152.00 16509206528.00 16520345600.00 16531561472.00 16542637056.00 16553662464.00 16564848640.00 16575938560.00 16586842112.00 16598214656.00 16609171456.00 16620462080.00 16631494656.00 16642705408.00 16653831168.00 16664837120.00 16675864576.00 16687004672.00 16698035200.00 16708840448.00 
16712282112.00 16732461056.00 16743185408.00 16754226176.00 16765034496.00 16776334336.00 16787466240.00 16798583808.00 16809662464.00 16820841472.00 16831782912.00 16843000832.00 16854052864.00 16865276928.00 16876374016.00 16887424000.00 16898606080.00 16909745152.00 16920893440.00 16932154368.00 
16941832192.00 16954281984.00 16965360640.00 16976507904.00 16987724800.00 16998371328.00 17009847296.00 17020997632.00 17032013824.00 17043200000.00 17054287872.00 17065551872.00 17076645888.00 17087798272.00 17098907648.00 17109969920.00 17120868352.00 17132200960.00 17143250944.00 17154599936.00 
17165345792.00 17176944640.00 17187911680.00 17199075328.00 17210023936.00 17221148672.00 17232365568.00 17243486208.00 17254549504.00 17265717248.00 17276030976.00 17287776256.00 17298868224.00 17310218240.00 17321283584.00 17332207616.00 17343873024.00 17354815488.00 17365893120.00 17377036288.00 
17387493376.00 17399515136.00 17410373632.00 17421502464.00 17432576000.00 17443600384.00 17454860288.00 17465896960.00 17476853760.00 17488261120.00 17499193344.00 17510393856.00 17521657856.00 17532741632.00 17543847936.00 17554606080.00 17566017536.00 17577265152.00 17588377600.00 17600073728.00 
17610319872.00 17621733376.00 17632841728.00 17643945984.00 17654878208.00 17666199552.00 17677291520.00 17688510464.00 17699528704.00 17710675968.00 17721710592.00 17732999168.00 17743976448.00 17755211776.00 17766322176.00 17777356800.00 17788485632.00 17799593984.00 17810663424.00 17821571072.00 
17826463744.00 17844690944.00 17855571968.00 17866653696.00 17877663744.00 17888757760.00 17899890688.00 17911042048.00 17922043904.00 17933260800.00 17944242176.00 17955434496.00 17966612480.00 17977874432.00 17988780032.00 17999927296.00 18010894336.00 18022029312.00 18033391616.00 18043994112.00 
18055325696.00 18066737152.00 18077853696.00 18088957952.00 18099963904.00 18109167616.00 18122352640.00 18133501952.00 18144630784.00 18155728896.00 18166736896.00 18178015232.00 18188869632.00 18200203264.00 18211330048.00 18222364672.00 18233317376.00 18244857856.00 18255884288.00 18267002880.00 
18277462016.00 18288979968.00 18300344320.00 18311559168.00 18322579456.00 18333659136.00 18344790016.00 18355335168.00 18366873600.00 18378207232.00 18388541440.00 18400413696.00 18411456512.00 18422757376.00 18433820672.00 18444840960.00 18455990272.00 18467178496.00 18478336000.00 18489464832.00 
18500259840.00 18511523840.00 18522853376.00 18533890048.00 18544758784.00 18555994112.00 18566881280.00 18579417088.00 18589777920.00 18600867840.00 18611773440.00 18623086592.00 18634000384.00 18645231616.00 18656366592.00 18667098112.00 18678577152.00 18689720320.00 18700883968.00 18711865344.00 
18721814528.00 18734239744.00 18745364480.00 18756503552.00 18767423488.00 18778673152.00 18789818368.00 18800947200.00 18811990016.00 18823247872.00 18834188288.00 18845454336.00 18856341504.00 18867779584.00 18878865408.00 18889920512.00 18900842496.00 18912536576.00 18923298816.00 18934487040.00 
18943936512.00 18956744704.00 18967799808.00 18978977792.00 18990006272.00 19001174016.00 19012374528.00 19023390720.00 19034513408.00 19045648384.00 19056664576.00 19067916288.00 19078758400.00 19090026496.00 19100551168.00 19112699904.00 19123658752.00 19134816256.00 19145895936.00 19156912128.00 
19167459328.00 19179311104.00 19190317056.00 19201452032.00 19212462080.00 19223326720.00 19234772992.00 19245885440.00 19256858624.00 19268241408.00 19279204352.00 19290533888.00 19301529600.00 19312590848.00 19323889664.00 19334936576.00 19345975296.00 19357214720.00 19368310784.00 19379318784.00 
19390277632.00 19401637888.00 19412992000.00 19423956992.00 19434825728.00 19446120448.00 19457214464.00 19468447744.00 19479470080.00 19490549760.00 19497656320.00 19513088000.00 19524036608.00 19535243264.00 19546324992.00 19557384192.00 19568480256.00 19579619328.00 19590823936.00 19601928192.00 
19611756544.00 19624153088.00 19635359744.00 19646453760.00 19657486336.00 19668756480.00 19679838208.00 19691040768.00 19701946368.00 19713161216.00 19724191744.00 19735508992.00 19746525184.00 19757688832.00 19768772608.00 19779500032.00 19790770176.00 19801999360.00 19813914624.00 19824510976.00 
19835293696.00 19846713344.00 19857840128.00 19868946432.00 19879979008.00 19891154944.00 19902334976.00 19913445376.00 19924510720.00 19935647744.00 19946708992.00 19957911552.00 19968806912.00 19980085248.00 19991306240.00 20002416640.00 20013551616.00 20024666112.00 20035790848.00 20046876672.00 
20054743040.00 20069306368.00 20080375808.00 20091467776.00 20102555648.00 20113670144.00 20124798976.00 20135931904.00 20146796544.00 20158173184.00 20169199616.00 20180430848.00 20191518720.00 20202674176.00 20213893120.00 20224847872.00 20235909120.00 20247169024.00 20257808384.00 20269488128.00 
20280262656.00 20291708928.00 20302815232.00 20313868288.00 20324825088.00 20335777792.00 20347068416.00 20358420480.00 20369520640.00 20380702720.00 20391655424.00 20403044352.00 20413884416.00 20424966144.00 20436389888.00 20447369216.00 20458463232.00 20469663744.00 20480817152.00 20491915264.00 
20501716992.00 20514154496.00 20525207552.00 20536377344.00 20547483648.00 20558563328.00 20569360384.00 20581005312.00 20591933440.00 20603117568.00 20613480448.00 20625383424.00 20636577792.00 20647696384.00 20658751488.00 20669806592.00 20680736768.00 20691767296.00 20703338496.00 20714438656.00 
20725202944.00 20736618496.00 20747585536.00 20758775808.00 20769904640.00 20781074432.00 20792219648.00 20803526656.00 20814491648.00 20825688064.00 20836624384.00 20848232448.00 20858769408.00 20869984256.00 20881178624.00 20890363904.00 20903514112.00 20914671616.00 20925739008.00 20936878080.00 
20947351552.00 20959150080.00 20970125312.00 20981454848.00 20992454656.00 21003554816.00 21014759424.00 21025847296.00 21036730368.00 21048422400.00 21059110912.00 21070399488.00 21081524224.00 21092612096.00 21103693824.00 21114902528.00 21125873664.00 21137145856.00 21148248064.00 21159440384.00 
21168848896.00 21181730816.00 21192747008.00 21203853312.00 21214703616.00 21226147840.00 21237241856.00 21248606208.00 21259401216.00 21270368256.00 21281591296.00 21292812288.00 21303853056.00 21314625536.00 21326270464.00 21337315328.00 21348423680.00 21359642624.00 21370677248.00 21381830656.00 
21391646720.00 21404098560.00 21415186432.00 21426122752.00 21437392896.00 21448159232.00 21459871744.00 21470760960.00 21481809920.00 21493139456.00 21504065536.00 21514954752.00 21526407168.00 21537531904.00 21548677120.00 21559719936.00 21570680832.00 21581967360.00 21593214976.00 21604276224.00 
21615099904.00 21626474496.00 21637582848.00 21648855040.00 21659777024.00 21670973440.00 21682255872.00 21693227008.00 21704318976.00 21715548160.00 21725794304.00 21737756672.00 21748600832.00 21760000000.00 21771032576.00 21782136832.00 21793314816.00 21804560384.00 21815562240.00 21826693120.00 
21837185024.00 21848926208.00 21860018176.00 21871269888.00 21882247168.00 21893357568.00 21904492544.00 21915652096.00 21926483968.00 21937956864.00 21948807168.00 21959950336.00 21971146752.00 21982380032.00 21993318400.00 22004131840.00 22015508480.00 22026608640.00 22037776384.00 22048933888.00 
22059720704.00 22071146496.00 22082242560.00 22093283328.00 22104147968.00 22115422208.00 22126503936.00 22137591808.00 22148599808.00 22159691776.00 22170605568.00 22181744640.00 22192609280.00 22203654144.00 22214481920.00 22225176576.00 22235750400.00 22245994496.00 22255245312.00 22260852736.00 
end   dump: w
==END   DUMP_ARRAYS==
Time in seconds = 0.076274
