Sender: LSF System <lsfadmin@polus-c3-ib.bmc.hpc.cs.msu.ru>
Subject: Job 493801: <./large.o> in cluster <MSUCluster> Done

Job <./large.o> was submitted from host <polus-ib.bmc.hpc.cs.msu.ru> by user <edu-cmc-skpod19-328-11> in cluster <MSUCluster> at Fri Nov 29 23:38:30 2019
Job was executed on host(s) <2*polus-c3-ib.bmc.hpc.cs.msu.ru>, in queue <short>, as user <edu-cmc-skpod19-328-11> in cluster <MSUCluster> at Fri Nov 29 23:39:17 2019
                            <4*polus-c4-ib.bmc.hpc.cs.msu.ru>
</home_edu/edu-cmc-skpod19-328/edu-cmc-skpod19-328-11> was used as the home directory.
</home_edu/edu-cmc-skpod19-328/edu-cmc-skpod19-328-11/dep_gemver> was used as the working directory.
Started at Fri Nov 29 23:39:17 2019
Terminated at Fri Nov 29 23:39:18 2019
Results reported at Fri Nov 29 23:39:18 2019

Your job looked like:

------------------------------------------------------------
# LSBATCH: User input
./large.o
------------------------------------------------------------

Successfully completed.

Resource usage summary:

    CPU time :                                   6.80 sec.
    Max Memory :                                 4 MB
    Average Memory :                             4.00 MB
    Total Requested Memory :                     -
    Delta Memory :                               -
    Max Swap :                                   -
    Max Processes :                              1
    Max Threads :                                1
    Run time :                                   1 sec.
    Turnaround time :                            48 sec.

The output (if any) follows:

==BEGIN DUMP_ARRAYS==
begin dump: w
0.00 0.00 0.00 0.00 0.00 0.00 0.00 0.00 0.00 0.00 0.00 0.00 0.00 0.00 0.00 0.00 0.00 0.00 0.00 0.00 
0.00 0.00 0.00 0.00 0.00 0.00 0.00 0.00 0.00 0.00 0.00 0.00 0.00 0.00 0.00 0.00 0.00 0.00 0.00 0.00 
0.00 0.00 0.00 0.00 0.00 0.00 0.00 0.00 0.00 0.00 0.00 0.00 0.00 0.00 0.00 0.00 0.00 0.00 0.00 0.00 
0.00 0.00 0.00 0.00 0.00 0.00 0.00 0.00 0.00 0.00 0.00 0.00 0.00 0.00 0.00 0.00 0.00 0.00 0.00 0.00 
0.00 0.00 0.00 0.00 0.00 0.00 0.00 0.00 0.00 0.00 0.00 0.00 0.00 0.00 0.00 0.00 0.00 0.00 0.00 0.00 
0.00 0.00 0.00 0.00 0.00 0.00 0.00 0.00 0.00 0.00 0.00 0.00 0.00 0.00 0.00 0.00 0.00 0.00 0.00 0.00 
0.00 0.00 0.00 0.00 0.00 0.00 0.00 0.00 0.00 0.00 0.00 0.00 0.00 0.00 0.00 0.00 0.00 0.00 0.00 0.00 
0.00 0.00 0.00 0.00 0.00 0.00 0.00 0.00 0.00 0.00 0.00 0.00 0.00 0.00 0.00 0.00 0.00 0.00 0.00 0.00 
0.00 0.00 0.00 0.00 0.00 0.00 0.00 0.00 0.00 0.00 0.00 0.00 0.00 0.00 0.00 0.00 0.00 0.00 0.00 0.00 
0.00 0.00 0.00 0.00 0.00 0.00 0.00 0.00 0.00 0.00 0.00 0.00 0.00 0.00 0.00 0.00 0.00 0.00 0.00 0.00 
0.00 0.00 0.00 0.00 0.00 0.00 0.00 0.00 0.00 0.00 0.00 0.00 0.00 0.00 0.00 0.00 0.00 0.00 0.00 0.00 
0.00 0.00 0.00 0.00 0.00 0.00 0.00 0.00 0.00 0.00 0.00 0.00 0.00 0.00 0.00 0.00 0.00 0.00 0.00 0.00 
0.00 0.00 0.00 0.00 0.00 0.00 0.00 0.00 0.00 0.00 0.00 0.00 0.00 0.00 0.00 0.00 0.00 0.00 0.00 0.00 
0.00 0.00 0.00 0.00 0.00 0.00 0.00 0.00 0.00 0.00 0.00 0.00 0.00 0.00 0.00 0.00 0.00 0.00 0.00 0.00 
0.00 0.00 0.00 0.00 0.00 0.00 0.00 0.00 0.00 0.00 0.00 0.00 0.00 0.00 0.00 0.00 0.00 0.00 0.00 0.00 
0.00 0.00 0.00 0.00 0.00 0.00 0.00 0.00 0.00 0.00 0.00 0.00 0.00 0.00 0.00 0.00 0.00 0.00 0.00 0.00 
0.00 0.00 0.00 0.00 0.00 0.00 0.00 0.00 0.00 0.00 0.00 0.00 0.00 0.00 0.00 0.00 0.00 0.00 0.00 0.00 
0.00 0.00 0.00 0.00 0.00 0.00 0.00 0.00 0.00 0.00 0.00 0.00 0.00 0.00 0.00 0.00 0.00 0.00 0.00 0.00 
0.00 0.00 0.00 0.00 0.00 0.00 0.00 0.00 0.00 0.00 0.00 0.00 0.00 0.00 0.00 0.00 0.00 0.00 0.00 0.00 
0.00 0.00 0.00 0.00 0.00 0.00 0.00 0.00 0.00 0.00 0.00 0.00 0.00 0.00 0.00 0.00 0.00 0.00 0.00 0.00 
0.00 0.00 0.00 0.00 0.00 0.00 0.00 0.00 0.00 0.00 0.00 0.00 0.00 0.00 0.00 0.00 0.00 0.00 0.00 0.00 
0.00 0.00 0.00 0.00 0.00 0.00 0.00 0.00 0.00 0.00 0.00 0.00 0.00 0.00 0.00 0.00 0.00 0.00 0.00 0.00 
0.00 0.00 0.00 0.00 0.00 0.00 0.00 0.00 0.00 0.00 0.00 0.00 0.00 0.00 0.00 0.00 0.00 0.00 0.00 0.00 
0.00 0.00 0.00 0.00 0.00 0.00 0.00 0.00 0.00 0.00 0.00 0.00 0.00 0.00 0.00 0.00 0.00 0.00 0.00 0.00 
0.00 0.00 0.00 0.00 0.00 0.00 0.00 0.00 0.00 0.00 0.00 0.00 0.00 0.00 0.00 0.00 0.00 0.00 0.00 0.00 
0.00 0.00 0.00 0.00 0.00 0.00 0.00 0.00 0.00 0.00 0.00 0.00 0.00 0.00 0.00 0.00 0.00 0.00 0.00 0.00 
0.00 0.00 0.00 0.00 0.00 0.00 0.00 0.00 0.00 0.00 0.00 0.00 0.00 0.00 0.00 0.00 0.00 0.00 0.00 0.00 
0.00 0.00 0.00 0.00 0.00 0.00 0.00 0.00 0.00 0.00 0.00 0.00 0.00 0.00 0.00 0.00 0.00 0.00 0.00 0.00 
0.00 0.00 0.00 0.00 0.00 0.00 0.00 0.00 0.00 0.00 0.00 0.00 0.00 0.00 0.00 0.00 0.00 0.00 0.00 0.00 
0.00 0.00 0.00 0.00 0.00 0.00 0.00 0.00 0.00 0.00 0.00 0.00 0.00 0.00 0.00 0.00 0.00 0.00 0.00 0.00 
0.00 0.00 0.00 0.00 0.00 0.00 0.00 0.00 0.00 0.00 0.00 0.00 0.00 0.00 0.00 0.00 0.00 0.00 0.00 0.00 
0.00 0.00 0.00 0.00 0.00 0.00 0.00 0.00 0.00 0.00 0.00 0.00 0.00 0.00 0.00 0.00 0.00 0.00 0.00 0.00 
0.00 0.00 0.00 0.00 0.00 0.00 0.00 0.00 0.00 0.00 0.00 0.00 0.00 0.00 0.00 0.00 0.00 0.00 0.00 0.00 
0.00 0.00 0.00 0.00 0.00 0.00 0.00 0.00 0.00 0.00 0.00 0.00 0.00 0.00 0.00 0.00 0.00 0.00 0.00 0.00 
0.00 0.00 0.00 0.00 0.00 0.00 0.00 0.00 0.00 0.00 0.00 0.00 0.00 0.00 0.00 0.00 0.00 0.00 0.00 0.00 
0.00 0.00 0.00 0.00 0.00 0.00 0.00 0.00 0.00 0.00 0.00 0.00 0.00 0.00 0.00 0.00 0.00 0.00 0.00 0.00 
0.00 0.00 0.00 0.00 0.00 0.00 0.00 0.00 0.00 0.00 0.00 0.00 0.00 0.00 0.00 0.00 0.00 0.00 0.00 0.00 
0.00 0.00 0.00 0.00 0.00 0.00 0.00 0.00 0.00 0.00 0.00 0.00 0.00 0.00 0.00 0.00 0.00 0.00 0.00 0.00 
0.00 0.00 0.00 0.00 0.00 0.00 0.00 0.00 0.00 0.00 0.00 0.00 0.00 0.00 0.00 0.00 0.00 0.00 0.00 0.00 
0.00 0.00 0.00 0.00 0.00 0.00 0.00 0.00 0.00 0.00 0.00 0.00 0.00 0.00 0.00 0.00 0.00 0.00 0.00 0.00 
0.00 0.00 0.00 0.00 0.00 0.00 0.00 0.00 0.00 0.00 0.00 0.00 0.00 0.00 0.00 0.00 0.00 0.00 0.00 0.00 
0.00 0.00 0.00 0.00 0.00 0.00 0.00 0.00 0.00 0.00 0.00 0.00 0.00 0.00 0.00 0.00 0.00 0.00 0.00 0.00 
0.00 0.00 0.00 0.00 0.00 0.00 0.00 0.00 0.00 0.00 0.00 0.00 0.00 0.00 0.00 0.00 0.00 0.00 0.00 0.00 
0.00 0.00 0.00 0.00 0.00 0.00 0.00 0.00 0.00 0.00 0.00 0.00 0.00 0.00 0.00 0.00 0.00 0.00 0.00 0.00 
0.00 0.00 0.00 0.00 0.00 0.00 0.00 0.00 0.00 0.00 0.00 0.00 0.00 0.00 0.00 0.00 0.00 0.00 0.00 0.00 
0.00 0.00 0.00 0.00 0.00 0.00 0.00 0.00 0.00 0.00 0.00 0.00 0.00 0.00 0.00 0.00 0.00 0.00 0.00 0.00 
0.00 0.00 0.00 0.00 0.00 0.00 0.00 0.00 0.00 0.00 0.00 0.00 0.00 0.00 0.00 0.00 0.00 0.00 0.00 0.00 
0.00 0.00 0.00 0.00 0.00 0.00 0.00 0.00 0.00 0.00 0.00 0.00 0.00 0.00 0.00 0.00 0.00 0.00 0.00 0.00 
0.00 0.00 0.00 0.00 0.00 0.00 0.00 0.00 0.00 0.00 0.00 0.00 0.00 0.00 0.00 0.00 0.00 0.00 0.00 0.00 
0.00 0.00 0.00 0.00 0.00 0.00 0.00 0.00 0.00 0.00 0.00 0.00 0.00 0.00 0.00 0.00 0.00 0.00 0.00 0.00 
0.00 0.00 0.00 0.00 0.00 0.00 0.00 0.00 0.00 0.00 0.00 0.00 0.00 0.00 0.00 0.00 0.00 0.00 0.00 0.00 
0.00 0.00 0.00 0.00 0.00 0.00 0.00 0.00 0.00 0.00 0.00 0.00 0.00 0.00 0.00 0.00 0.00 0.00 0.00 0.00 
0.00 0.00 0.00 0.00 0.00 0.00 0.00 0.00 0.00 0.00 0.00 0.00 0.00 0.00 0.00 0.00 0.00 0.00 0.00 0.00 
0.00 0.00 0.00 0.00 0.00 0.00 0.00 0.00 0.00 0.00 0.00 0.00 0.00 0.00 0.00 0.00 0.00 0.00 0.00 0.00 
0.00 0.00 0.00 0.00 0.00 0.00 0.00 0.00 0.00 0.00 0.00 0.00 0.00 0.00 0.00 0.00 0.00 0.00 0.00 0.00 
0.00 0.00 0.00 0.00 0.00 0.00 0.00 0.00 0.00 0.00 0.00 0.00 0.00 0.00 0.00 0.00 0.00 0.00 0.00 0.00 
0.00 0.00 0.00 0.00 0.00 0.00 0.00 0.00 0.00 0.00 0.00 0.00 0.00 0.00 0.00 0.00 0.00 0.00 0.00 0.00 
0.00 0.00 0.00 0.00 0.00 0.00 0.00 0.00 0.00 0.00 0.00 0.00 0.00 0.00 0.00 0.00 0.00 0.00 0.00 0.00 
0.00 0.00 0.00 0.00 0.00 0.00 0.00 0.00 0.00 0.00 0.00 0.00 0.00 0.00 0.00 0.00 0.00 0.00 0.00 0.00 
0.00 0.00 0.00 0.00 0.00 0.00 0.00 0.00 0.00 0.00 0.00 0.00 0.00 0.00 0.00 0.00 0.00 0.00 0.00 0.00 
0.00 0.00 0.00 0.00 0.00 0.00 0.00 0.00 0.00 0.00 0.00 0.00 0.00 0.00 0.00 0.00 0.00 0.00 0.00 0.00 
0.00 0.00 0.00 0.00 0.00 0.00 0.00 0.00 0.00 0.00 0.00 0.00 0.00 0.00 0.00 0.00 0.00 0.00 0.00 0.00 
0.00 0.00 0.00 0.00 0.00 0.00 0.00 0.00 0.00 0.00 0.00 0.00 0.00 0.00 0.00 0.00 0.00 0.00 0.00 0.00 
0.00 0.00 0.00 0.00 0.00 0.00 0.00 0.00 0.00 0.00 0.00 0.00 0.00 0.00 0.00 0.00 0.00 0.00 0.00 0.00 
0.00 0.00 0.00 0.00 0.00 0.00 0.00 0.00 0.00 0.00 0.00 0.00 0.00 0.00 0.00 0.00 0.00 0.00 0.00 0.00 
0.00 0.00 0.00 0.00 0.00 0.00 0.00 0.00 0.00 0.00 0.00 0.00 0.00 0.00 0.00 0.00 0.00 0.00 0.00 0.00 
0.00 0.00 0.00 0.00 0.00 0.00 0.00 0.00 0.00 0.00 0.00 0.00 0.00 0.00 0.00 0.00 0.00 0.00 0.00 0.00 
0.00 0.00 0.00 0.00 0.00 0.00 0.00 0.00 0.00 0.00 0.00 0.00 0.00 0.00 0.00 0.00 0.00 0.00 0.00 0.00 
0.00 0.00 0.00 0.00 0.00 0.00 0.00 0.00 0.00 0.00 0.00 0.00 0.00 0.00 0.00 0.00 0.00 0.00 0.00 0.00 
0.00 0.00 0.00 0.00 0.00 0.00 0.00 0.00 0.00 0.00 0.00 0.00 0.00 0.00 0.00 0.00 0.00 0.00 0.00 0.00 
0.00 0.00 0.00 0.00 0.00 0.00 0.00 0.00 0.00 0.00 0.00 0.00 0.00 0.00 0.00 0.00 0.00 0.00 0.00 0.00 
0.00 0.00 0.00 0.00 0.00 0.00 0.00 0.00 0.00 0.00 0.00 0.00 0.00 0.00 0.00 0.00 0.00 0.00 0.00 0.00 
0.00 0.00 0.00 0.00 0.00 0.00 0.00 0.00 0.00 0.00 0.00 0.00 0.00 0.00 0.00 0.00 0.00 0.00 0.00 0.00 
0.00 0.00 0.00 0.00 0.00 0.00 0.00 0.00 0.00 0.00 0.00 0.00 0.00 0.00 0.00 0.00 0.00 0.00 0.00 0.00 
0.00 0.00 0.00 0.00 0.00 0.00 0.00 0.00 0.00 0.00 0.00 0.00 0.00 0.00 0.00 0.00 0.00 0.00 0.00 0.00 
0.00 0.00 0.00 0.00 0.00 0.00 0.00 0.00 0.00 0.00 0.00 0.00 0.00 0.00 0.00 0.00 0.00 0.00 0.00 0.00 
0.00 0.00 0.00 0.00 0.00 0.00 0.00 0.00 0.00 0.00 0.00 0.00 0.00 0.00 0.00 0.00 0.00 0.00 0.00 0.00 
0.00 0.00 0.00 0.00 0.00 0.00 0.00 0.00 0.00 0.00 0.00 0.00 0.00 0.00 0.00 0.00 0.00 0.00 0.00 0.00 
0.00 0.00 0.00 0.00 0.00 0.00 0.00 0.00 0.00 0.00 0.00 0.00 0.00 0.00 0.00 0.00 0.00 0.00 0.00 0.00 
0.00 0.00 0.00 0.00 0.00 0.00 0.00 0.00 0.00 0.00 0.00 0.00 0.00 0.00 0.00 0.00 0.00 0.00 0.00 0.00 
0.00 0.00 0.00 0.00 0.00 0.00 0.00 0.00 0.00 0.00 0.00 0.00 0.00 0.00 0.00 0.00 0.00 0.00 0.00 0.00 
0.00 0.00 0.00 0.00 0.00 0.00 0.00 0.00 0.00 0.00 0.00 0.00 0.00 0.00 0.00 0.00 0.00 0.00 0.00 0.00 
0.00 0.00 0.00 0.00 0.00 0.00 0.00 0.00 0.00 0.00 0.00 0.00 0.00 0.00 0.00 0.00 0.00 0.00 0.00 0.00 
0.00 0.00 0.00 0.00 0.00 0.00 0.00 0.00 0.00 0.00 0.00 0.00 0.00 0.00 0.00 0.00 0.00 0.00 0.00 0.00 
0.00 0.00 0.00 0.00 0.00 0.00 0.00 0.00 0.00 0.00 0.00 0.00 0.00 0.00 0.00 0.00 0.00 0.00 0.00 0.00 
0.00 0.00 0.00 0.00 0.00 0.00 0.00 0.00 0.00 0.00 0.00 0.00 0.00 0.00 0.00 0.00 0.00 0.00 0.00 0.00 
0.00 0.00 0.00 0.00 0.00 0.00 0.00 0.00 0.00 0.00 0.00 0.00 0.00 0.00 0.00 0.00 0.00 0.00 0.00 0.00 
0.00 0.00 0.00 0.00 0.00 0.00 0.00 0.00 0.00 0.00 0.00 0.00 0.00 0.00 0.00 0.00 0.00 0.00 0.00 0.00 
0.00 0.00 0.00 0.00 0.00 0.00 0.00 0.00 0.00 0.00 0.00 0.00 0.00 0.00 0.00 0.00 0.00 0.00 0.00 0.00 
0.00 0.00 0.00 0.00 0.00 0.00 0.00 0.00 0.00 0.00 0.00 0.00 0.00 0.00 0.00 0.00 0.00 0.00 0.00 0.00 
0.00 0.00 0.00 0.00 0.00 0.00 0.00 0.00 0.00 0.00 0.00 0.00 0.00 0.00 0.00 0.00 0.00 0.00 0.00 0.00 
0.00 0.00 0.00 0.00 0.00 0.00 0.00 0.00 0.00 0.00 0.00 0.00 0.00 0.00 0.00 0.00 0.00 0.00 0.00 0.00 
0.00 0.00 0.00 0.00 0.00 0.00 0.00 0.00 0.00 0.00 0.00 0.00 0.00 0.00 0.00 0.00 0.00 0.00 0.00 0.00 
0.00 0.00 0.00 0.00 0.00 0.00 0.00 0.00 0.00 0.00 0.00 0.00 0.00 0.00 0.00 0.00 0.00 0.00 0.00 0.00 
0.00 0.00 0.00 0.00 0.00 0.00 0.00 0.00 0.00 0.00 0.00 0.00 0.00 0.00 0.00 0.00 0.00 0.00 0.00 0.00 
0.00 0.00 0.00 0.00 0.00 0.00 0.00 0.00 0.00 0.00 0.00 0.00 0.00 0.00 0.00 0.00 0.00 0.00 0.00 0.00 
0.00 0.00 0.00 0.00 0.00 0.00 0.00 0.00 0.00 0.00 0.00 0.00 0.00 0.00 0.00 0.00 0.00 0.00 0.00 0.00 
0.00 0.00 0.00 0.00 0.00 0.00 0.00 0.00 0.00 0.00 0.00 0.00 0.00 0.00 0.00 0.00 0.00 0.00 0.00 0.00 
0.00 0.00 0.00 0.00 0.00 0.00 0.00 0.00 0.00 0.00 0.00 0.00 0.00 0.00 0.00 0.00 0.00 0.00 0.00 0.00 
0.00 0.00 0.00 0.00 0.00 0.00 0.00 0.00 0.00 0.00 0.00 0.00 0.00 0.00 0.00 0.00 0.00 0.00 0.00 0.00 
end   dump: w
==END   DUMP_ARRAYS==
==BEGIN DUMP_ARRAYS==
begin dump: w
1886.03 56550720.00 62191964.00 71671776.00 82005688.00 92695288.00 103722224.00 114785936.00 125774600.00 137043104.00 148087104.00 159505280.00 170655280.00 181962560.00 193215840.00 204366960.00 215483696.00 227019344.00 238245888.00 249565408.00 
260532848.00 272153984.00 283482720.00 294844128.00 305922880.00 316910560.00 328697120.00 339876256.00 351185536.00 362704864.00 373687136.00 385084704.00 396203936.00 407736064.00 419068192.00 430274560.00 441624160.00 452907232.00 464294592.00 475633696.00 
486257792.00 498245536.00 509534656.00 520759296.00 532142048.00 543439104.00 554837760.00 566134464.00 577191872.00 588783232.00 599239552.00 611355008.00 622658432.00 634034752.00 645168000.00 656541248.00 667822528.00 679237824.00 690631360.00 701940160.00 
712879296.00 724514496.00 735763200.00 747236160.00 758205632.00 769713408.00 781071744.00 792432640.00 803669504.00 815403328.00 826196992.00 837597888.00 848874688.00 860366400.00 871404928.00 882511936.00 894208000.00 905759808.00 916864832.00 928209792.00 
938173248.00 950846912.00 962139008.00 973436800.00 984728832.00 995992704.00 1007341696.00 1019207680.00 1029929408.00 1041397696.00 1052510464.00 1064235136.00 1075294592.00 1086384896.00 1097924864.00 1109100032.00 1120345728.00 1131910272.00 1143174144.00 1154421120.00 
1164171904.00 1177078912.00 1188451968.00 1199775744.00 1210983040.00 1222262656.00 1233755008.00 1245090432.00 1256268160.00 1267668736.00 1278841728.00 1290042368.00 1301425408.00 1313017600.00 1324264320.00 1335543168.00 1346879360.00 1358180736.00 1369632128.00 1380862976.00 
1391536512.00 1403499904.00 1414827648.00 1426110720.00 1437355520.00 1446622336.00 1460154624.00 1471595136.00 1482474112.00 1493707008.00 1505211904.00 1516630528.00 1527922432.00 1539174144.00 1550678784.00 1561901952.00 1573149312.00 1584723712.00 1596059776.00 1607255808.00 
1618211456.00 1629823360.00 1641084288.00 1652877824.00 1663581824.00 1675078912.00 1686445952.00 1697727360.00 1708939904.00 1720428032.00 1730872832.00 1743072384.00 1754210304.00 1765554816.00 1777375616.00 1788272768.00 1799568256.00 1810986368.00 1822306432.00 1833601152.00 
1843552256.00 1856201728.00 1867471360.00 1878834432.00 1890125312.00 1901383936.00 1912666496.00 1924340224.00 1935357952.00 1946619520.00 1957911296.00 1969346560.00 1980626176.00 1992004736.00 2003544320.00 2014249856.00 2025696896.00 2037373952.00 2048585088.00 2059894016.00 
2070881920.00 2082494080.00 2094353152.00 2105199360.00 2116428160.00 2127764224.00 2139024384.00 2150467584.00 2161720576.00 2173107200.00 2184224512.00 2195755776.00 2206796288.00 2218394880.00 2229672448.00 2240894208.00 2252222464.00 2263619328.00 2274865920.00 2286144768.00 
2294212864.00 2308969984.00 2320221184.00 2331577088.00 2342786304.00 2354085632.00 2365491456.00 2376935168.00 2387889664.00 2399498240.00 2410579456.00 2422136064.00 2433352960.00 2444722944.00 2455999744.00 2467278080.00 2478527232.00 2489993472.00 2501263616.00 2512607232.00 
2523578112.00 2535222784.00 2545964288.00 2558095360.00 2569033216.00 2580173824.00 2591883776.00 2603193856.00 2614456576.00 2625755648.00 2636980992.00 2648494848.00 2659653888.00 2670991616.00 2682352384.00 2693536512.00 2705019392.00 2716363776.00 2727609088.00 2739051776.00 
2748966912.00 2761646592.00 2772916992.00 2784342016.00 2795562496.00 2806844416.00 2818184192.00 2829496832.00 2840662528.00 2852047872.00 2859279360.00 2874958848.00 2886152960.00 2897461248.00 2908843264.00 2920020224.00 2931146496.00 2942721280.00 2953859840.00 2965416192.00 
2976341760.00 2988137472.00 2999291136.00 3010606336.00 3021801728.00 3033163264.00 3044485888.00 3056011008.00 3067167232.00 3078481664.00 3089688832.00 3101151744.00 3112200960.00 3123887104.00 3135165440.00 3146019072.00 3157771776.00 3169081344.00 3180389376.00 3191612928.00 
3202342400.00 3214386432.00 3225572864.00 3236871936.00 3248122880.00 3259249920.00 3271704064.00 3282452224.00 3293402368.00 3304940544.00 3316090624.00 3327572224.00 3338824960.00 3350241792.00 3361406720.00 3372719360.00 3383966976.00 3395429120.00 3406766592.00 3418030592.00 
3427703808.00 3440684800.00 3452026880.00 3463017216.00 3474397952.00 3485876736.00 3497240064.00 3508543744.00 3520073472.00 3531284992.00 3542428928.00 3553847552.00 3565067264.00 3576550912.00 3587826176.00 3599065600.00 3610556672.00 3621773312.00 3633073664.00 3644399616.00 
3654395136.00 3667178496.00 3678341120.00 3689702144.00 3700936704.00 3711897856.00 3723617536.00 3734967808.00 3746127872.00 3757513728.00 3768693248.00 3780107520.00 3791286784.00 3801945600.00 3814641664.00 3825624832.00 3836689920.00 3848238336.00 3859437056.00 3870994176.00 
3881816320.00 3893442304.00 3904733952.00 3916120320.00 3927260160.00 3938704128.00 3949996544.00 3961305088.00 3972707328.00 3984037120.00 3994457088.00 4006620928.00 4017636864.00 4029887744.00 4040595968.00 4051817216.00 4063140864.00 4074433024.00 4085814272.00 4097409792.00 
4107793152.00 4119750656.00 4131047680.00 4142283264.00 4153922304.00 4165036544.00 4176354816.00 4187726080.00 4198759936.00 4210304256.00 4221462016.00 4232967936.00 4244169472.00 4255589632.00 4266884096.00 4276109568.00 4289457920.00 4300890624.00 4312162816.00 4323506688.00 
4334474240.00 4346650624.00 4357401088.00 4368988160.00 4379810304.00 4391356928.00 4402777600.00 4413922816.00 4425264640.00 4436732928.00 4447802880.00 4459295744.00 4470465536.00 4481910784.00 4493222912.00 4504435200.00 4515751424.00 4527074304.00 4538313216.00 4549425152.00 
4554411520.00 4572917248.00 4583995904.00 4595298304.00 4606488576.00 4617760768.00 4629109760.00 4640456192.00 4651629568.00 4663036416.00 4674230272.00 4685741568.00 4696998400.00 4708308480.00 4719690752.00 4730866688.00 4742014976.00 4753646080.00 4764910080.00 4776221184.00 
4787219456.00 4798287360.00 4810151424.00 4821473792.00 4832672256.00 4843718144.00 4855442944.00 4866774016.00 4877954560.00 4889506304.00 4900590080.00 4912033280.00 4923108864.00 4934778368.00 4945978368.00 4957332480.00 4968590336.00 4979949056.00 4991239168.00 5002313216.00 
5013224960.00 5025194496.00 5036491264.00 5047798272.00 5058823168.00 5070660096.00 5081876480.00 5093159936.00 5104214016.00 5115987968.00 5126266880.00 5138442240.00 5149688832.00 5161058304.00 5172329472.00 5183636992.00 5194864640.00 5206252032.00 5217567744.00 5228760064.00 
5239907840.00 5251482624.00 5263002112.00 5274263040.00 5285287424.00 5296745984.00 5308104704.00 5319470592.00 5330703872.00 5342094848.00 5353229312.00 5364826112.00 5375963648.00 5387402240.00 5398713856.00 5409606656.00 5421165056.00 5432666112.00 5443973632.00 5455290880.00 
5465264640.00 5477799424.00 5489225216.00 5500590080.00 5511819776.00 5523167744.00 5534513152.00 5545832448.00 5557019648.00 5568487936.00 5579609088.00 5591050240.00 5602321920.00 5613691904.00 5624954368.00 5636192256.00 5647300608.00 5658807808.00 5669998592.00 5680960000.00 
5684502528.00 5704995328.00 5715951104.00 5727210496.00 5738299904.00 5749620736.00 5760928256.00 5772262400.00 5783586304.00 5794895872.00 5806068224.00 5817529344.00 5828593152.00 5840190976.00 5851434496.00 5862719488.00 5873978880.00 5885353984.00 5896728064.00 5908085248.00 
5918703104.00 5930584576.00 5942048768.00 5953288192.00 5964600832.00 5975529984.00 5987171328.00 5998619136.00 6009641984.00 6021188096.00 6032375296.00 6043862528.00 6055095808.00 6066350592.00 6077844992.00 6089070080.00 6100319744.00 6111756800.00 6123022336.00 6134339584.00 
6145388544.00 6157052928.00 6168320000.00 6179636736.00 6190668800.00 6202048512.00 6213763584.00 6224900608.00 6236244992.00 6247376384.00 6258066944.00 6270162944.00 6281433600.00 6292862976.00 6304147968.00 6315355136.00 6326804992.00 6338157056.00 6349385728.00 6360686080.00 
6370716160.00 6383425024.00 6394686464.00 6406011904.00 6417213952.00 6428549120.00 6439841280.00 6451241472.00 6462440960.00 6473854464.00 6484947456.00 6496029184.00 6508225024.00 6519318528.00 6530584576.00 6541468672.00 6552937472.00 6564537344.00 6575796736.00 6587260416.00 
6598106112.00 6609733120.00 6621036544.00 6632376832.00 6643603456.00 6654949376.00 6666330624.00 6677637120.00 6688764928.00 6700340224.00 6711457280.00 6722982912.00 6733975552.00 6745566720.00 6756841472.00 6768115200.00 6779450368.00 6790655488.00 6802089472.00 6813365760.00 
6821392896.00 6836192768.00 6847434752.00 6858750464.00 6870018560.00 6881309184.00 6892530176.00 6903964160.00 6915066368.00 6926722048.00 6937810944.00 6949221376.00 6960530432.00 6971896320.00 6983166464.00 6994321920.00 7005838848.00 7017162752.00 7028490240.00 7039707648.00 
7050811904.00 7062447616.00 7073723904.00 7085126144.00 7096131584.00 7105603072.00 7119059456.00 7130363904.00 7141634048.00 7152987648.00 7164153856.00 7175576576.00 7186890240.00 7198295552.00 7209534976.00 7220842496.00 7232104448.00 7243538944.00 7254832128.00 7266123776.00 
7276138496.00 7288749056.00 7300146688.00 7311517696.00 7322663424.00 7333928448.00 7345357824.00 7356540416.00 7367889920.00 7379262976.00 7389796864.00 7401912320.00 7413191168.00 7424498176.00 7435887104.00 7447126528.00 7458239488.00 7469754880.00 7481080320.00 7492375552.00 
7503379456.00 7514954752.00 7526235648.00 7537495552.00 7548562944.00 7559656960.00 7569897472.00 7586839040.00 7595293696.00 7606244352.00 7617261568.00 7628643840.00 7639654400.00 7651195904.00 7662465024.00 7673368064.00 7684994048.00 7696389120.00 7707740672.00 7718973952.00 
7729639424.00 7741618688.00 7752941568.00 7764320768.00 7775487488.00 7786815488.00 7798202880.00 7809481728.00 7820562432.00 7832165888.00 7843314176.00 7854799872.00 7865986048.00 7877408768.00 7888708608.00 7899938304.00 7911259136.00 7922740224.00 7933988864.00 7945264640.00 
7954929152.00 7967923712.00 7979254784.00 7990590976.00 8001623552.00 8013099520.00 8024811520.00 8035847168.00 8047111168.00 8058523136.00 8069657088.00 8081074176.00 8092298240.00 8103705600.00 8114853376.00 8126365696.00 8137643008.00 8149212672.00 8160433152.00 8171637248.00 
8181622784.00 8194277376.00 8205563904.00 8216866304.00 8228154368.00 8239114240.00 8250784768.00 8261862400.00 8273496064.00 8284876800.00 8295994880.00 8307467776.00 8318730752.00 8330069504.00 8341399040.00 8352656384.00 8363767296.00 8375543808.00 8386665984.00 8397956608.00 
8408977408.00 8420665856.00 8431960064.00 8443291136.00 8454432768.00 8465791488.00 8477171712.00 8488619520.00 8499743744.00 8510985728.00 8518271488.00 8533977088.00 8544943616.00 8556519936.00 8567768064.00 8579041280.00 8590372864.00 8601744384.00 8613031936.00 8624369664.00 
8635015168.00 8646975488.00 8658542592.00 8669585408.00 8680881152.00 8692211712.00 8703661056.00 8714892288.00 8725924864.00 8737256448.00 8748772352.00 8760200192.00 8771480576.00 8782759936.00 8794065920.00 8805035008.00 8816617472.00 8828047360.00 8839513088.00 8850733056.00 
8861709312.00 8873346048.00 8884617216.00 8896018432.00 8907038720.00 8918537216.00 8929949696.00 8941222912.00 8952566784.00 8963958784.00 8975029248.00 8986520576.00 8997699584.00 9009087488.00 9020405760.00 9031668736.00 9042974720.00 9054374912.00 9065534464.00 9076643840.00 
9081622528.00 9100141568.00 9111219200.00 9122468864.00 9133712384.00 9144986624.00 9156404224.00 9167488000.00 9178859520.00 9190405120.00 9201458176.00 9212958720.00 9224175616.00 9235490816.00 9246859264.00 9258177536.00 9269233664.00 9280815104.00 9291994112.00 9303461888.00 
9314438144.00 9326053376.00 9337373696.00 9348651008.00 9359979520.00 9370948608.00 9382606848.00 9393940480.00 9405267968.00 9416585216.00 9427768320.00 9439261696.00 9450273792.00 9461680128.00 9473287168.00 9484496896.00 9495821312.00 9507113984.00 9518475264.00 9529799680.00 
9540450304.00 9552418816.00 9563443200.00 9575096320.00 9586320384.00 9597612032.00 9608905728.00 9620322304.00 9631381504.00 9642948608.00 9653449728.00 9665531904.00 9676861440.00 9688230912.00 9699499008.00 9710725120.00 9721904128.00 9731924992.00 9745075200.00 9756260352.00 
9767211008.00 9778840576.00 9790094336.00 9801426944.00 9812517888.00 9824044032.00 9835404288.00 9846772736.00 9858014208.00 9869326336.00 9880544256.00 9892056064.00 9903204352.00 9914562560.00 9925886976.00 9935098880.00 9948538880.00 9959839744.00 9971062784.00 9982524416.00 
9992491008.00 10005155840.00 10016448512.00 10027774976.00 10039048192.00 10050337792.00 10061687808.00 10073009152.00 10084115456.00 10096927744.00 10106973184.00 10118419456.00 10129634304.00 10140987392.00 10152282112.00 10163550208.00 10174658560.00 10186253312.00 10197629952.00 10208867328.00 
10218503168.00 10231533568.00 10242900992.00 10254117888.00 10265333760.00 10276712448.00 10288094208.00 10299440128.00 10310617088.00 10321038336.00 10333302784.00 10344752128.00 10355764224.00 10367219712.00 10378615808.00 10389888000.00 10401196032.00 10412659712.00 10423813120.00 10435308544.00 
10445871104.00 10457810944.00 10469136384.00 10479641600.00 10491819008.00 10502737920.00 10514484224.00 10525790208.00 10536824832.00 10548417536.00 10559544320.00 10570944512.00 10582263808.00 10593528832.00 10605034496.00 10616235008.00 10627499008.00 10638916608.00 10650243072.00 10661564416.00 
10672552960.00 10684005376.00 10695538688.00 10706809856.00 10717893632.00 10729402368.00 10740791296.00 10752065536.00 10763416576.00 10774728704.00 10785230848.00 10797393920.00 10808522752.00 10820028416.00 10831315968.00 10842593280.00 10853903360.00 10865328128.00 10876606464.00 10887908352.00 
10897891328.00 10910520320.00 10921783296.00 10933581824.00 10944433152.00 10955727872.00 10967140352.00 10978406400.00 10989655040.00 11001077760.00 11012247552.00 11023669248.00 11034982400.00 11046617088.00 11057616896.00 11068542976.00 11080015872.00 11091570688.00 11102888960.00 11114212352.00 
11125206016.00 11136819200.00 11148124160.00 11159408640.00 11170623488.00 11181971456.00 11193370624.00 11204525056.00 11215927296.00 11227151360.00 11238406144.00 11249929216.00 11260874752.00 11272317952.00 11283596288.00 11294776320.00 11305992192.00 11317122048.00 11327931392.00 11337851904.00 
11334985728.00 11366155264.00 11376054272.00 11386896384.00 11397927936.00 11409092608.00 11420371968.00 11431701504.00 11442640896.00 11454090240.00 11465303040.00 11476873216.00 11487986688.00 11499496448.00 11510614016.00 11521901568.00 11533149184.00 11544607744.00 11555847168.00 11567202304.00 
11578162176.00 11589811200.00 11601085440.00 11612446720.00 11623485440.00 11634657280.00 11646368768.00 11657394176.00 11668928512.00 11680355328.00 11691467776.00 11702920192.00 11714105344.00 11725602816.00 11736828928.00 11748161536.00 11759482880.00 11770431488.00 11782198272.00 11793489920.00 
11803449344.00 11816102912.00 11827371008.00 11838679040.00 11850017792.00 11861289984.00 11872673792.00 11883978752.00 11895249920.00 11906626560.00 11917122560.00 11929276416.00 11940499456.00 11951950848.00 11963193344.00 11974476800.00 11985606656.00 11997208576.00 12008438784.00 12020013056.00 
12030817280.00 12042460160.00 12053744640.00 12065094656.00 12076271616.00 12087647232.00 12098967552.00 12110494720.00 12121640960.00 12133069824.00 12144161792.00 12155597824.00 12166688768.00 12178221056.00 12189496320.00 12200443904.00 12212084736.00 12224374784.00 12234829824.00 12246201344.00 
12256821248.00 12268706816.00 12280177664.00 12291348480.00 12302720000.00 12313991168.00 12325368832.00 12336794624.00 12347737088.00 12359266304.00 12370412544.00 12382972928.00 12393314304.00 12404584448.00 12415887360.00 12427160576.00 12438441984.00 12449904640.00 12461075456.00 12472479744.00 
12482140160.00 12495142912.00 12506349568.00 12517760000.00 12528848896.00 12540324864.00 12551707648.00 12563020800.00 12574285824.00 12585610240.00 12596747264.00 12607091712.00 12619663360.00 12631011328.00 12642288640.00 12653543424.00 12664870912.00 12676249600.00 12687525888.00 12698860544.00 
12708847616.00 12721505280.00 12732931072.00 12744170496.00 12755379200.00 12764669952.00 12778095616.00 12789454848.00 12800575488.00 12811964416.00 12823160832.00 12834701312.00 12845898752.00 12857240576.00 12868571136.00 12879832064.00 12890989568.00 12902587392.00 12913892352.00 12925176832.00 
12936156160.00 12947761152.00 12958906368.00 12972085248.00 12981888000.00 12993144832.00 13004490752.00 13015790592.00 13027051520.00 13038490624.00 13048909824.00 13061065728.00 13072126976.00 13083691008.00 13095062528.00 13106270208.00 13117587456.00 13128918016.00 13140540416.00 13151601664.00 
13162244096.00 13174204416.00 13185510400.00 13196886016.00 13208107008.00 13219379200.00 13230693376.00 13242331136.00 13253229568.00 13264765952.00 13275945984.00 13287430144.00 13298654208.00 13310065664.00 13321376768.00 13332255744.00 13343794176.00 13355376640.00 13366609920.00 13377965056.00 
13388930048.00 13400549376.00 13411990528.00 13423188992.00 13434277888.00 13445700608.00 13457133568.00 13468523520.00 13479742464.00 13491059712.00 13502263296.00 13513607168.00 13524913152.00 13536528384.00 13547571200.00 13558890496.00 13570192384.00 13581542400.00 13592759296.00 13603870720.00 
13608844288.00 13627370496.00 13638446080.00 13649629184.00 13660930048.00 13672201216.00 13683584000.00 13694926848.00 13706078208.00 13717496832.00 13728678912.00 13740055552.00 13751335936.00 13762789376.00 13774023680.00 13785335808.00 13796471808.00 13807987712.00 13819370496.00 13830680576.00 
13841667072.00 13853279232.00 13864472576.00 13875963904.00 13887155200.00 13898173440.00 13909926912.00 13921250304.00 13932436480.00 13943823360.00 13954939904.00 13966752768.00 13977581568.00 13989117952.00 14000304128.00 14011667456.00 14023036928.00 14034430976.00 14045444096.00 14057038848.00 
14067674112.00 14079637504.00 14090949632.00 14102272000.00 14113541120.00 14124836864.00 14136208384.00 14147505152.00 14158565376.00 14170039296.00 14177293312.00 14193032192.00 14204173312.00 14215408640.00 14226810880.00 14238085120.00 14249334784.00 14260724736.00 14272032768.00 14283342848.00 
14294402048.00 14306065408.00 14317304832.00 14328463360.00 14339738624.00 14351218688.00 14362580992.00 14373939200.00 14385189888.00 14396545024.00 14407710720.00 14419151872.00 14430272512.00 14442161152.00 14453194752.00 14464075776.00 14475756544.00 14487158784.00 14498419712.00 14509744128.00 
14519708672.00 14532378624.00 14543547392.00 14554807296.00 14566273024.00 14577512448.00 14589137920.00 14600310784.00 14611479552.00 14622943232.00 14634057728.00 14645506048.00 14656791552.00 14668150784.00 14679177216.00 14690776064.00 14701879296.00 14713419776.00 14724732928.00 14736105472.00 
14745722880.00 14758750208.00 14769995776.00 14781281280.00 14792508416.00 14803937280.00 14815260672.00 14826604544.00 14837919744.00 14849216512.00 14860398592.00 14871842816.00 14882934784.00 14894537728.00 14905780224.00 14917059584.00 14928428032.00 14939687936.00 14951043072.00 14962399232.00 
14973043712.00 14985044992.00 14996239360.00 15007628288.00 15018925056.00 15029838848.00 15041504256.00 15052808192.00 15063844864.00 15075374080.00 15086450688.00 15097752576.00 15108621312.00 15117171712.00 15134089216.00 15144226816.00 15155202048.00 15166515200.00 15177741312.00 15189064704.00 
15199992832.00 15211639808.00 15222912000.00 15234263040.00 15245254656.00 15256752128.00 15268091904.00 15279517696.00 15290722304.00 15302094848.00 15312565248.00 15324741632.00 15335888896.00 15347481600.00 15358618624.00 15369959424.00 15381245952.00 15392489472.00 15403839488.00 15415272448.00 
15425195008.00 15437888512.00 15449148416.00 15460475904.00 15471803392.00 15483043840.00 15494449152.00 15505721344.00 15516880896.00 15528437760.00 15539560448.00 15551015936.00 15562285056.00 15573651456.00 15584927744.00 15594176512.00 15607379968.00 15618871296.00 15630254080.00 15641562112.00 
15652560896.00 15664315392.00 15675498496.00 15686846464.00 15697929216.00 15709558784.00 15720811520.00 15732113408.00 15743378432.00 15754799104.00 15765909504.00 15777299456.00 15788442624.00 15800056832.00 15811470336.00 15822561280.00 15833894912.00 15845266432.00 15856537600.00 15867808768.00 
15875836928.00 15890652160.00 15901899776.00 15913365504.00 15924463616.00 15935756288.00 15947139072.00 15958454272.00 15969528832.00 15981019136.00 15992255488.00 16003684352.00 16015141888.00 16026372096.00 16037647360.00 16048935936.00 16060187648.00 16071641088.00 16082949120.00 16094291968.00 
16105259008.00 16116761600.00 16128183296.00 16139478016.00 16150565888.00 16161723392.00 16173405184.00 16184711168.00 16195694592.00 16207981568.00 16218763264.00 16230158336.00 16241335296.00 16252778496.00 16264130560.00 16275321856.00 16286698496.00 16297997312.00 16309284864.00 16320585728.00 
16330624000.00 16343322624.00 16354580480.00 16365858816.00 16377110528.00 16388521984.00 16399821824.00 16411150336.00 16422327296.00 16433852416.00 16444288000.00 16456632320.00 16467663872.00 16479126528.00 16490226688.00 16501841920.00 16512828416.00 16524382208.00 16535666688.00 16546963456.00 
16557990912.00 16569671680.00 16580960256.00 16592256000.00 16603452416.00 16614817792.00 16626137088.00 16637651968.00 16648818688.00 16660160512.00 16671340544.00 16682830848.00 16693857280.00 16705391616.00 16716803072.00 16727665664.00 16739315712.00 16750732288.00 16761925632.00 16773422080.00 
16783979520.00 16795935744.00 16807258112.00 16818667520.00 16829938688.00 16841152512.00 16852539392.00 16863832064.00 16874905600.00 16886484992.00 16897638400.00 16909118464.00 16920331264.00 16931760128.00 16943052800.00 16954257408.00 16965474304.00 16976806912.00 16988034048.00 16999022592.00 
17002529792.00 17023066112.00 17033985024.00 17045209088.00 17056204800.00 17067682816.00 17079021568.00 17090320384.00 17101588480.00 17112972288.00 17124101120.00 17135516672.00 17146756096.00 17158182912.00 17169471488.00 17180717056.00 17192085504.00 17203423232.00 17214748672.00 17226213376.00 
17236070400.00 17248722944.00 17260015616.00 17271359488.00 17282746368.00 17293588480.00 17305266176.00 17316605952.00 17327806464.00 17339176960.00 17350486016.00 17361915904.00 17373208576.00 17384550400.00 17395877888.00 17407123456.00 17418221568.00 17429753856.00 17440978944.00 17452529664.00 
17463463936.00 17475252224.00 17486407680.00 17497757696.00 17508902912.00 17520236544.00 17531648000.00 17542961152.00 17554225152.00 17565573120.00 17576093696.00 17588019200.00 17599297536.00 17610856448.00 17622097920.00 17633222656.00 17645088768.00 17656225792.00 17667500032.00 17678829568.00 
17689477120.00 17701697536.00 17712754688.00 17724067840.00 17735325696.00 17746552832.00 17757988864.00 17769238528.00 17780404224.00 17791963136.00 17803112448.00 17814505472.00 17825966080.00 17837252608.00 17848537088.00 17859479552.00 17871091712.00 17882531840.00 17893838848.00 17905723392.00 
17916141568.00 17927788544.00 17939083264.00 17950371840.00 17961494528.00 17973012480.00 17984286720.00 17995702272.00 18006917120.00 18018263040.00 18029475840.00 18040979456.00 18052136960.00 18063562752.00 18074871808.00 18086123520.00 18097418240.00 18108723200.00 18119989248.00 18131113984.00 
18136066048.00 18154586112.00 18165665792.00 18176948224.00 18188156928.00 18199449600.00 18210748416.00 18222096384.00 18233303040.00 18244728832.00 18255910912.00 18267291648.00 18278656000.00 18290092032.00 18301206528.00 18312503296.00 18323701760.00 18335029248.00 18346584064.00 18357374976.00 
18368886784.00 18380513280.00 18391814144.00 18403117056.00 18414327808.00 18423683072.00 18437093376.00 18448408576.00 18459748352.00 18471045120.00 18482245632.00 18493712384.00 18504744960.00 18516285440.00 18527623168.00 18538850304.00 18549993472.00 18561738752.00 18572941312.00 18584252416.00 
18594891776.00 18606602240.00 18618181632.00 18629582848.00 18640773120.00 18652061696.00 18663372800.00 18674143232.00 18685857792.00 18697394176.00 18707902464.00 18719979520.00 18731206656.00 18742710272.00 18753984512.00 18765170688.00 18776532992.00 18787895296.00 18799239168.00 18810578944.00 
18821564416.00 18833025024.00 18844532736.00 18855772160.00 18866823168.00 18878259200.00 18889342976.00 18902067200.00 18912628736.00 18923909120.00 18935017472.00 18946504704.00 18957641728.00 18969051136.00 18980370432.00 18991298560.00 19002980352.00 19014309888.00 19025620992.00 19036841984.00 
19046946816.00 19059619840.00 19070906368.00 19082227712.00 19093358592.00 19104804864.00 19116154880.00 19127459840.00 19138705408.00 19150159872.00 19161280512.00 19172728832.00 19183833088.00 19195461632.00 19206731776.00 19217987584.00 19229114368.00 19240998912.00 19251961856.00 19263320064.00 
19272945664.00 19285999616.00 19297206272.00 19308591104.00 19319808000.00 19331158016.00 19342577664.00 19353786368.00 19365091328.00 19376455680.00 19387609088.00 19399059456.00 19410118656.00 19421552640.00 19432265728.00 19444619264.00 19455791104.00 19467130880.00 19478423552.00 19489619968.00 
19500328960.00 19512418304.00 19523598336.00 19534929920.00 19546146816.00 19557171200.00 19568818176.00 19580119040.00 19591321600.00 19602864128.00 19614013440.00 19625533440.00 19636742144.00 19648012288.00 19659497472.00 19670718464.00 19681974272.00 19693404160.00 19704702976.00 19715872768.00 
19727020032.00 19738580992.00 19750123520.00 19761303552.00 19772362752.00 19783858176.00 19795122176.00 19806558208.00 19817768960.00 19829069824.00 19836274688.00 19851970560.00 19863126016.00 19874508800.00 19885787136.00 19897024512.00 19908341760.00 19919669248.00 19931058176.00 19942359040.00 
19952369664.00 19964960768.00 19976376320.00 19987648512.00 19998883840.00 20010326016.00 20021647360.00 20033056768.00 20044122112.00 20055508992.00 20066738176.00 20078256128.00 20089477120.00 20100808704.00 20112103424.00 20123031552.00 20134479872.00 20145926144.00 20158015488.00 20168804352.00 
20179793920.00 20191401984.00 20202719232.00 20214016000.00 20225251328.00 20236611584.00 20247980032.00 20259303424.00 20270575616.00 20281892864.00 20293136384.00 20304531456.00 20315617280.00 20327079936.00 20338501632.00 20349800448.00 20361111552.00 20372428800.00 20383756288.00 20395051008.00 
20403023872.00 20417865728.00 20429115392.00 20440418304.00 20451690496.00 20462993408.00 20474304512.00 20485611520.00 20496709632.00 20508243968.00 20519475200.00 20530923520.00 20542181376.00 20553543680.00 20564942848.00 20576110592.00 20587370496.00 20598827008.00 20609622016.00 20621537280.00 
20632489984.00 20644091904.00 20655388672.00 20666632192.00 20677810176.00 20688949248.00 20700446720.00 20711999488.00 20723277824.00 20734674944.00 20745789440.00 20757401600.00 20768409600.00 20779677696.00 20791318528.00 20802486272.00 20813783040.00 20825169920.00 20836499456.00 20847814656.00 
20857778176.00 20870408192.00 20881672192.00 20893028352.00 20904333312.00 20915603456.00 20926605312.00 20938467328.00 20949561344.00 20960948224.00 20971487232.00 20983586816.00 20994979840.00 21006288896.00 21017530368.00 21028794368.00 21039925248.00 21051127808.00 21062899712.00 21074188288.00 
21085155328.00 21096771584.00 21107916800.00 21119287296.00 21130629120.00 21141985280.00 21153312768.00 21164853248.00 21176008704.00 21187393536.00 21198499840.00 21210284032.00 21221033984.00 21232414720.00 21243830272.00 21253146624.00 21266558976.00 21277896704.00 21289150464.00 21300510720.00 
21311160320.00 21323143168.00 21334347776.00 21345841152.00 21357021184.00 21368338432.00 21379717120.00 21390993408.00 21402071040.00 21413959680.00 21424875520.00 21436336128.00 21447641088.00 21458939904.00 21470210048.00 21481625600.00 21492791296.00 21504247808.00 21515515904.00 21526953984.00 
21536485376.00 21549592576.00 21560805376.00 21572104192.00 21583163392.00 21594781696.00 21606045696.00 21617620992.00 21628610560.00 21639768064.00 21651197952.00 21662607360.00 21673848832.00 21684805632.00 21696626688.00 21707896832.00 21719191552.00 21730594816.00 21741848576.00 21753178112.00 
21763160064.00 21775808512.00 21787082752.00 21798250496.00 21809698816.00 21820686336.00 21832583168.00 21843642368.00 21854877696.00 21866412032.00 21877530624.00 21888622592.00 21900255232.00 21911582720.00 21922914304.00 21934159872.00 21945292800.00 21956773888.00 21968234496.00 21979498496.00 
21990502400.00 22002075648.00 22013347840.00 22024769536.00 22035961856.00 22047342592.00 22058799104.00 22069987328.00 22081259520.00 22092650496.00 22103123968.00 22115213312.00 22126315520.00 22137866240.00 22149138432.00 22160435200.00 22171768832.00 22183260160.00 22194446336.00 22205773824.00 
22216425472.00 22228383744.00 22239707136.00 22251114496.00 22262302720.00 22273597440.00 22284914688.00 22296276992.00 22307297280.00 22318925824.00 22330028032.00 22341269504.00 22352738304.00 22364135424.00 22375282688.00 22386294784.00 22397855744.00 22409162752.00 22420498432.00 22431868928.00 
22442838016.00 22454450176.00 22465738752.00 22476992512.00 22488031232.00 22499510272.00 22510776320.00 22522030080.00 22533265408.00 22544529408.00 22555611136.00 22566981632.00 22578003968.00 22589220864.00 22600257536.00 22611187712.00 22621904896.00 22632339456.00 22641780736.00 22647457792.00 
end   dump: w
==END   DUMP_ARRAYS==
Time in seconds = 0.087904
