Sender: LSF System <lsfadmin@polus-c2-ib.bmc.hpc.cs.msu.ru>
Subject: Job 494071: <./large.o> in cluster <MSUCluster> Done

Job <./large.o> was submitted from host <polus-ib.bmc.hpc.cs.msu.ru> by user <edu-cmc-skpod19-328-11> in cluster <MSUCluster> at Fri Nov 29 23:40:33 2019
Job was executed on host(s) <15*polus-c2-ib.bmc.hpc.cs.msu.ru>, in queue <short>, as user <edu-cmc-skpod19-328-11> in cluster <MSUCluster> at Fri Nov 29 23:43:52 2019
                            <4*polus-c4-ib.bmc.hpc.cs.msu.ru>
</home_edu/edu-cmc-skpod19-328/edu-cmc-skpod19-328-11> was used as the home directory.
</home_edu/edu-cmc-skpod19-328/edu-cmc-skpod19-328-11/dep_gemver> was used as the working directory.
Started at Fri Nov 29 23:43:52 2019
Terminated at Fri Nov 29 23:43:53 2019
Results reported at Fri Nov 29 23:43:53 2019

Your job looked like:

------------------------------------------------------------
# LSBATCH: User input
./large.o
------------------------------------------------------------

Successfully completed.

Resource usage summary:

    CPU time :                                   8.84 sec.
    Max Memory :                                 1 MB
    Average Memory :                             1.00 MB
    Total Requested Memory :                     -
    Delta Memory :                               -
    Max Swap :                                   -
    Max Processes :                              1
    Max Threads :                                1
    Run time :                                   1 sec.
    Turnaround time :                            200 sec.

The output (if any) follows:

==BEGIN DUMP_ARRAYS==
begin dump: w
0.00 0.00 0.00 0.00 0.00 0.00 0.00 0.00 0.00 0.00 0.00 0.00 0.00 0.00 0.00 0.00 0.00 0.00 0.00 0.00 
0.00 0.00 0.00 0.00 0.00 0.00 0.00 0.00 0.00 0.00 0.00 0.00 0.00 0.00 0.00 0.00 0.00 0.00 0.00 0.00 
0.00 0.00 0.00 0.00 0.00 0.00 0.00 0.00 0.00 0.00 0.00 0.00 0.00 0.00 0.00 0.00 0.00 0.00 0.00 0.00 
0.00 0.00 0.00 0.00 0.00 0.00 0.00 0.00 0.00 0.00 0.00 0.00 0.00 0.00 0.00 0.00 0.00 0.00 0.00 0.00 
0.00 0.00 0.00 0.00 0.00 0.00 0.00 0.00 0.00 0.00 0.00 0.00 0.00 0.00 0.00 0.00 0.00 0.00 0.00 0.00 
0.00 0.00 0.00 0.00 0.00 0.00 0.00 0.00 0.00 0.00 0.00 0.00 0.00 0.00 0.00 0.00 0.00 0.00 0.00 0.00 
0.00 0.00 0.00 0.00 0.00 0.00 0.00 0.00 0.00 0.00 0.00 0.00 0.00 0.00 0.00 0.00 0.00 0.00 0.00 0.00 
0.00 0.00 0.00 0.00 0.00 0.00 0.00 0.00 0.00 0.00 0.00 0.00 0.00 0.00 0.00 0.00 0.00 0.00 0.00 0.00 
0.00 0.00 0.00 0.00 0.00 0.00 0.00 0.00 0.00 0.00 0.00 0.00 0.00 0.00 0.00 0.00 0.00 0.00 0.00 0.00 
0.00 0.00 0.00 0.00 0.00 0.00 0.00 0.00 0.00 0.00 0.00 0.00 0.00 0.00 0.00 0.00 0.00 0.00 0.00 0.00 
0.00 0.00 0.00 0.00 0.00 0.00 0.00 0.00 0.00 0.00 0.00 0.00 0.00 0.00 0.00 0.00 0.00 0.00 0.00 0.00 
0.00 0.00 0.00 0.00 0.00 0.00 0.00 0.00 0.00 0.00 0.00 0.00 0.00 0.00 0.00 0.00 0.00 0.00 0.00 0.00 
0.00 0.00 0.00 0.00 0.00 0.00 0.00 0.00 0.00 0.00 0.00 0.00 0.00 0.00 0.00 0.00 0.00 0.00 0.00 0.00 
0.00 0.00 0.00 0.00 0.00 0.00 0.00 0.00 0.00 0.00 0.00 0.00 0.00 0.00 0.00 0.00 0.00 0.00 0.00 0.00 
0.00 0.00 0.00 0.00 0.00 0.00 0.00 0.00 0.00 0.00 0.00 0.00 0.00 0.00 0.00 0.00 0.00 0.00 0.00 0.00 
0.00 0.00 0.00 0.00 0.00 0.00 0.00 0.00 0.00 0.00 0.00 0.00 0.00 0.00 0.00 0.00 0.00 0.00 0.00 0.00 
0.00 0.00 0.00 0.00 0.00 0.00 0.00 0.00 0.00 0.00 0.00 0.00 0.00 0.00 0.00 0.00 0.00 0.00 0.00 0.00 
0.00 0.00 0.00 0.00 0.00 0.00 0.00 0.00 0.00 0.00 0.00 0.00 0.00 0.00 0.00 0.00 0.00 0.00 0.00 0.00 
0.00 0.00 0.00 0.00 0.00 0.00 0.00 0.00 0.00 0.00 0.00 0.00 0.00 0.00 0.00 0.00 0.00 0.00 0.00 0.00 
0.00 0.00 0.00 0.00 0.00 0.00 0.00 0.00 0.00 0.00 0.00 0.00 0.00 0.00 0.00 0.00 0.00 0.00 0.00 0.00 
0.00 0.00 0.00 0.00 0.00 0.00 0.00 0.00 0.00 0.00 0.00 0.00 0.00 0.00 0.00 0.00 0.00 0.00 0.00 0.00 
0.00 0.00 0.00 0.00 0.00 0.00 0.00 0.00 0.00 0.00 0.00 0.00 0.00 0.00 0.00 0.00 0.00 0.00 0.00 0.00 
0.00 0.00 0.00 0.00 0.00 0.00 0.00 0.00 0.00 0.00 0.00 0.00 0.00 0.00 0.00 0.00 0.00 0.00 0.00 0.00 
0.00 0.00 0.00 0.00 0.00 0.00 0.00 0.00 0.00 0.00 0.00 0.00 0.00 0.00 0.00 0.00 0.00 0.00 0.00 0.00 
0.00 0.00 0.00 0.00 0.00 0.00 0.00 0.00 0.00 0.00 0.00 0.00 0.00 0.00 0.00 0.00 0.00 0.00 0.00 0.00 
0.00 0.00 0.00 0.00 0.00 0.00 0.00 0.00 0.00 0.00 0.00 0.00 0.00 0.00 0.00 0.00 0.00 0.00 0.00 0.00 
0.00 0.00 0.00 0.00 0.00 0.00 0.00 0.00 0.00 0.00 0.00 0.00 0.00 0.00 0.00 0.00 0.00 0.00 0.00 0.00 
0.00 0.00 0.00 0.00 0.00 0.00 0.00 0.00 0.00 0.00 0.00 0.00 0.00 0.00 0.00 0.00 0.00 0.00 0.00 0.00 
0.00 0.00 0.00 0.00 0.00 0.00 0.00 0.00 0.00 0.00 0.00 0.00 0.00 0.00 0.00 0.00 0.00 0.00 0.00 0.00 
0.00 0.00 0.00 0.00 0.00 0.00 0.00 0.00 0.00 0.00 0.00 0.00 0.00 0.00 0.00 0.00 0.00 0.00 0.00 0.00 
0.00 0.00 0.00 0.00 0.00 0.00 0.00 0.00 0.00 0.00 0.00 0.00 0.00 0.00 0.00 0.00 0.00 0.00 0.00 0.00 
0.00 0.00 0.00 0.00 0.00 0.00 0.00 0.00 0.00 0.00 0.00 0.00 0.00 0.00 0.00 0.00 0.00 0.00 0.00 0.00 
0.00 0.00 0.00 0.00 0.00 0.00 0.00 0.00 0.00 0.00 0.00 0.00 0.00 0.00 0.00 0.00 0.00 0.00 0.00 0.00 
0.00 0.00 0.00 0.00 0.00 0.00 0.00 0.00 0.00 0.00 0.00 0.00 0.00 0.00 0.00 0.00 0.00 0.00 0.00 0.00 
0.00 0.00 0.00 0.00 0.00 0.00 0.00 0.00 0.00 0.00 0.00 0.00 0.00 0.00 0.00 0.00 0.00 0.00 0.00 0.00 
0.00 0.00 0.00 0.00 0.00 0.00 0.00 0.00 0.00 0.00 0.00 0.00 0.00 0.00 0.00 0.00 0.00 0.00 0.00 0.00 
0.00 0.00 0.00 0.00 0.00 0.00 0.00 0.00 0.00 0.00 0.00 0.00 0.00 0.00 0.00 0.00 0.00 0.00 0.00 0.00 
0.00 0.00 0.00 0.00 0.00 0.00 0.00 0.00 0.00 0.00 0.00 0.00 0.00 0.00 0.00 0.00 0.00 0.00 0.00 0.00 
0.00 0.00 0.00 0.00 0.00 0.00 0.00 0.00 0.00 0.00 0.00 0.00 0.00 0.00 0.00 0.00 0.00 0.00 0.00 0.00 
0.00 0.00 0.00 0.00 0.00 0.00 0.00 0.00 0.00 0.00 0.00 0.00 0.00 0.00 0.00 0.00 0.00 0.00 0.00 0.00 
0.00 0.00 0.00 0.00 0.00 0.00 0.00 0.00 0.00 0.00 0.00 0.00 0.00 0.00 0.00 0.00 0.00 0.00 0.00 0.00 
0.00 0.00 0.00 0.00 0.00 0.00 0.00 0.00 0.00 0.00 0.00 0.00 0.00 0.00 0.00 0.00 0.00 0.00 0.00 0.00 
0.00 0.00 0.00 0.00 0.00 0.00 0.00 0.00 0.00 0.00 0.00 0.00 0.00 0.00 0.00 0.00 0.00 0.00 0.00 0.00 
0.00 0.00 0.00 0.00 0.00 0.00 0.00 0.00 0.00 0.00 0.00 0.00 0.00 0.00 0.00 0.00 0.00 0.00 0.00 0.00 
0.00 0.00 0.00 0.00 0.00 0.00 0.00 0.00 0.00 0.00 0.00 0.00 0.00 0.00 0.00 0.00 0.00 0.00 0.00 0.00 
0.00 0.00 0.00 0.00 0.00 0.00 0.00 0.00 0.00 0.00 0.00 0.00 0.00 0.00 0.00 0.00 0.00 0.00 0.00 0.00 
0.00 0.00 0.00 0.00 0.00 0.00 0.00 0.00 0.00 0.00 0.00 0.00 0.00 0.00 0.00 0.00 0.00 0.00 0.00 0.00 
0.00 0.00 0.00 0.00 0.00 0.00 0.00 0.00 0.00 0.00 0.00 0.00 0.00 0.00 0.00 0.00 0.00 0.00 0.00 0.00 
0.00 0.00 0.00 0.00 0.00 0.00 0.00 0.00 0.00 0.00 0.00 0.00 0.00 0.00 0.00 0.00 0.00 0.00 0.00 0.00 
0.00 0.00 0.00 0.00 0.00 0.00 0.00 0.00 0.00 0.00 0.00 0.00 0.00 0.00 0.00 0.00 0.00 0.00 0.00 0.00 
0.00 0.00 0.00 0.00 0.00 0.00 0.00 0.00 0.00 0.00 0.00 0.00 0.00 0.00 0.00 0.00 0.00 0.00 0.00 0.00 
0.00 0.00 0.00 0.00 0.00 0.00 0.00 0.00 0.00 0.00 0.00 0.00 0.00 0.00 0.00 0.00 0.00 0.00 0.00 0.00 
0.00 0.00 0.00 0.00 0.00 0.00 0.00 0.00 0.00 0.00 0.00 0.00 0.00 0.00 0.00 0.00 0.00 0.00 0.00 0.00 
0.00 0.00 0.00 0.00 0.00 0.00 0.00 0.00 0.00 0.00 0.00 0.00 0.00 0.00 0.00 0.00 0.00 0.00 0.00 0.00 
0.00 0.00 0.00 0.00 0.00 0.00 0.00 0.00 0.00 0.00 0.00 0.00 0.00 0.00 0.00 0.00 0.00 0.00 0.00 0.00 
0.00 0.00 0.00 0.00 0.00 0.00 0.00 0.00 0.00 0.00 0.00 0.00 0.00 0.00 0.00 0.00 0.00 0.00 0.00 0.00 
0.00 0.00 0.00 0.00 0.00 0.00 0.00 0.00 0.00 0.00 0.00 0.00 0.00 0.00 0.00 0.00 0.00 0.00 0.00 0.00 
0.00 0.00 0.00 0.00 0.00 0.00 0.00 0.00 0.00 0.00 0.00 0.00 0.00 0.00 0.00 0.00 0.00 0.00 0.00 0.00 
0.00 0.00 0.00 0.00 0.00 0.00 0.00 0.00 0.00 0.00 0.00 0.00 0.00 0.00 0.00 0.00 0.00 0.00 0.00 0.00 
0.00 0.00 0.00 0.00 0.00 0.00 0.00 0.00 0.00 0.00 0.00 0.00 0.00 0.00 0.00 0.00 0.00 0.00 0.00 0.00 
0.00 0.00 0.00 0.00 0.00 0.00 0.00 0.00 0.00 0.00 0.00 0.00 0.00 0.00 0.00 0.00 0.00 0.00 0.00 0.00 
0.00 0.00 0.00 0.00 0.00 0.00 0.00 0.00 0.00 0.00 0.00 0.00 0.00 0.00 0.00 0.00 0.00 0.00 0.00 0.00 
0.00 0.00 0.00 0.00 0.00 0.00 0.00 0.00 0.00 0.00 0.00 0.00 0.00 0.00 0.00 0.00 0.00 0.00 0.00 0.00 
0.00 0.00 0.00 0.00 0.00 0.00 0.00 0.00 0.00 0.00 0.00 0.00 0.00 0.00 0.00 0.00 0.00 0.00 0.00 0.00 
0.00 0.00 0.00 0.00 0.00 0.00 0.00 0.00 0.00 0.00 0.00 0.00 0.00 0.00 0.00 0.00 0.00 0.00 0.00 0.00 
0.00 0.00 0.00 0.00 0.00 0.00 0.00 0.00 0.00 0.00 0.00 0.00 0.00 0.00 0.00 0.00 0.00 0.00 0.00 0.00 
0.00 0.00 0.00 0.00 0.00 0.00 0.00 0.00 0.00 0.00 0.00 0.00 0.00 0.00 0.00 0.00 0.00 0.00 0.00 0.00 
0.00 0.00 0.00 0.00 0.00 0.00 0.00 0.00 0.00 0.00 0.00 0.00 0.00 0.00 0.00 0.00 0.00 0.00 0.00 0.00 
0.00 0.00 0.00 0.00 0.00 0.00 0.00 0.00 0.00 0.00 0.00 0.00 0.00 0.00 0.00 0.00 0.00 0.00 0.00 0.00 
0.00 0.00 0.00 0.00 0.00 0.00 0.00 0.00 0.00 0.00 0.00 0.00 0.00 0.00 0.00 0.00 0.00 0.00 0.00 0.00 
0.00 0.00 0.00 0.00 0.00 0.00 0.00 0.00 0.00 0.00 0.00 0.00 0.00 0.00 0.00 0.00 0.00 0.00 0.00 0.00 
0.00 0.00 0.00 0.00 0.00 0.00 0.00 0.00 0.00 0.00 0.00 0.00 0.00 0.00 0.00 0.00 0.00 0.00 0.00 0.00 
0.00 0.00 0.00 0.00 0.00 0.00 0.00 0.00 0.00 0.00 0.00 0.00 0.00 0.00 0.00 0.00 0.00 0.00 0.00 0.00 
0.00 0.00 0.00 0.00 0.00 0.00 0.00 0.00 0.00 0.00 0.00 0.00 0.00 0.00 0.00 0.00 0.00 0.00 0.00 0.00 
0.00 0.00 0.00 0.00 0.00 0.00 0.00 0.00 0.00 0.00 0.00 0.00 0.00 0.00 0.00 0.00 0.00 0.00 0.00 0.00 
0.00 0.00 0.00 0.00 0.00 0.00 0.00 0.00 0.00 0.00 0.00 0.00 0.00 0.00 0.00 0.00 0.00 0.00 0.00 0.00 
0.00 0.00 0.00 0.00 0.00 0.00 0.00 0.00 0.00 0.00 0.00 0.00 0.00 0.00 0.00 0.00 0.00 0.00 0.00 0.00 
0.00 0.00 0.00 0.00 0.00 0.00 0.00 0.00 0.00 0.00 0.00 0.00 0.00 0.00 0.00 0.00 0.00 0.00 0.00 0.00 
0.00 0.00 0.00 0.00 0.00 0.00 0.00 0.00 0.00 0.00 0.00 0.00 0.00 0.00 0.00 0.00 0.00 0.00 0.00 0.00 
0.00 0.00 0.00 0.00 0.00 0.00 0.00 0.00 0.00 0.00 0.00 0.00 0.00 0.00 0.00 0.00 0.00 0.00 0.00 0.00 
0.00 0.00 0.00 0.00 0.00 0.00 0.00 0.00 0.00 0.00 0.00 0.00 0.00 0.00 0.00 0.00 0.00 0.00 0.00 0.00 
0.00 0.00 0.00 0.00 0.00 0.00 0.00 0.00 0.00 0.00 0.00 0.00 0.00 0.00 0.00 0.00 0.00 0.00 0.00 0.00 
0.00 0.00 0.00 0.00 0.00 0.00 0.00 0.00 0.00 0.00 0.00 0.00 0.00 0.00 0.00 0.00 0.00 0.00 0.00 0.00 
0.00 0.00 0.00 0.00 0.00 0.00 0.00 0.00 0.00 0.00 0.00 0.00 0.00 0.00 0.00 0.00 0.00 0.00 0.00 0.00 
0.00 0.00 0.00 0.00 0.00 0.00 0.00 0.00 0.00 0.00 0.00 0.00 0.00 0.00 0.00 0.00 0.00 0.00 0.00 0.00 
0.00 0.00 0.00 0.00 0.00 0.00 0.00 0.00 0.00 0.00 0.00 0.00 0.00 0.00 0.00 0.00 0.00 0.00 0.00 0.00 
0.00 0.00 0.00 0.00 0.00 0.00 0.00 0.00 0.00 0.00 0.00 0.00 0.00 0.00 0.00 0.00 0.00 0.00 0.00 0.00 
0.00 0.00 0.00 0.00 0.00 0.00 0.00 0.00 0.00 0.00 0.00 0.00 0.00 0.00 0.00 0.00 0.00 0.00 0.00 0.00 
0.00 0.00 0.00 0.00 0.00 0.00 0.00 0.00 0.00 0.00 0.00 0.00 0.00 0.00 0.00 0.00 0.00 0.00 0.00 0.00 
0.00 0.00 0.00 0.00 0.00 0.00 0.00 0.00 0.00 0.00 0.00 0.00 0.00 0.00 0.00 0.00 0.00 0.00 0.00 0.00 
0.00 0.00 0.00 0.00 0.00 0.00 0.00 0.00 0.00 0.00 0.00 0.00 0.00 0.00 0.00 0.00 0.00 0.00 0.00 0.00 
0.00 0.00 0.00 0.00 0.00 0.00 0.00 0.00 0.00 0.00 0.00 0.00 0.00 0.00 0.00 0.00 0.00 0.00 0.00 0.00 
0.00 0.00 0.00 0.00 0.00 0.00 0.00 0.00 0.00 0.00 0.00 0.00 0.00 0.00 0.00 0.00 0.00 0.00 0.00 0.00 
0.00 0.00 0.00 0.00 0.00 0.00 0.00 0.00 0.00 0.00 0.00 0.00 0.00 0.00 0.00 0.00 0.00 0.00 0.00 0.00 
0.00 0.00 0.00 0.00 0.00 0.00 0.00 0.00 0.00 0.00 0.00 0.00 0.00 0.00 0.00 0.00 0.00 0.00 0.00 0.00 
0.00 0.00 0.00 0.00 0.00 0.00 0.00 0.00 0.00 0.00 0.00 0.00 0.00 0.00 0.00 0.00 0.00 0.00 0.00 0.00 
0.00 0.00 0.00 0.00 0.00 0.00 0.00 0.00 0.00 0.00 0.00 0.00 0.00 0.00 0.00 0.00 0.00 0.00 0.00 0.00 
0.00 0.00 0.00 0.00 0.00 0.00 0.00 0.00 0.00 0.00 0.00 0.00 0.00 0.00 0.00 0.00 0.00 0.00 0.00 0.00 
0.00 0.00 0.00 0.00 0.00 0.00 0.00 0.00 0.00 0.00 0.00 0.00 0.00 0.00 0.00 0.00 0.00 0.00 0.00 0.00 
0.00 0.00 0.00 0.00 0.00 0.00 0.00 0.00 0.00 0.00 0.00 0.00 0.00 0.00 0.00 0.00 0.00 0.00 0.00 0.00 
end   dump: w
==END   DUMP_ARRAYS==
==BEGIN DUMP_ARRAYS==
begin dump: w
1854.51 55605512.00 61178280.00 70519584.00 80605856.00 91162584.00 102013280.00 112926120.00 123682944.00 134793488.00 145613856.00 156861216.00 167850400.00 178909888.00 190027600.00 200987888.00 211910912.00 223270288.00 234272864.00 245397152.00 
256180384.00 267650320.00 278774272.00 289926400.00 300848224.00 311635328.00 323190080.00 334204352.00 345355936.00 356675840.00 367496768.00 378665248.00 389629184.00 400980736.00 412126048.00 423140672.00 434273728.00 445376288.00 456580128.00 467706560.00 
478167040.00 489959008.00 501071712.00 512084384.00 523275136.00 534408192.00 545589888.00 556693056.00 567566656.00 578975616.00 589246464.00 601167168.00 612271552.00 623455808.00 634399424.00 645623296.00 656692608.00 667866496.00 679117696.00 690241536.00 
701002048.00 712440128.00 723499008.00 734800320.00 745565440.00 756884032.00 768051328.00 779219520.00 790270976.00 801824768.00 812420544.00 823623488.00 834718720.00 846021952.00 856866624.00 867812288.00 879315776.00 890654464.00 901583232.00 912725632.00 
922518144.00 934990208.00 946104320.00 957193152.00 968294528.00 979376704.00 990531712.00 1002211136.00 1012758976.00 1024019200.00 1034956160.00 1046478272.00 1057350272.00 1068258944.00 1079590528.00 1090598656.00 1101649536.00 1113036800.00 1124126592.00 1135164416.00 
1144739072.00 1157436160.00 1168625920.00 1179749632.00 1190784384.00 1201861888.00 1213166592.00 1224311808.00 1235300480.00 1246522240.00 1257522048.00 1268509312.00 1279705344.00 1291099776.00 1302164736.00 1313248896.00 1324403584.00 1335519488.00 1346772736.00 1357813888.00 
1368306432.00 1380062080.00 1391207936.00 1402309248.00 1413372032.00 1422476032.00 1435777920.00 1447033216.00 1457733120.00 1468763520.00 1480090752.00 1491311488.00 1502420608.00 1513486976.00 1524787456.00 1535823232.00 1546892928.00 1558266880.00 1569415680.00 1580425472.00 
1591198336.00 1602636032.00 1613684864.00 1625284736.00 1635819648.00 1647126144.00 1658285824.00 1669386752.00 1680405120.00 1691696256.00 1701980160.00 1713974272.00 1724932480.00 1736084992.00 1747715328.00 1758414592.00 1769533568.00 1780749312.00 1791874816.00 1802993408.00 
1812761728.00 1825217408.00 1836293632.00 1847466240.00 1858567936.00 1869644416.00 1880735360.00 1892209024.00 1903036672.00 1914129024.00 1925222400.00 1936468224.00 1947559936.00 1958751360.00 1970097920.00 1980611584.00 1991873920.00 2003352832.00 2014362240.00 2025498752.00 
2036303232.00 2047717888.00 2059384064.00 2070045184.00 2081084032.00 2092239488.00 2103314688.00 2114560512.00 2125611392.00 2136823936.00 2147754752.00 2159084032.00 2169938688.00 2181340672.00 2192440576.00 2203472640.00 2214614528.00 2225816832.00 2236875264.00 2247971584.00 
2255889408.00 2270418176.00 2281471744.00 2292647680.00 2303671040.00 2314766080.00 2325990400.00 2337245952.00 2348009472.00 2359426816.00 2370323200.00 2381689600.00 2392722688.00 2403896320.00 2414983936.00 2426075904.00 2437142784.00 2448413184.00 2459501312.00 2470644736.00 
2481440000.00 2492869376.00 2503436032.00 2515370496.00 2526131200.00 2537074688.00 2548604160.00 2559714304.00 2570790400.00 2581910272.00 2592940544.00 2604257792.00 2615238912.00 2626392832.00 2637557504.00 2648548352.00 2659845632.00 2670992896.00 2682049024.00 2693295872.00 
2703045888.00 2715527424.00 2726599424.00 2737840896.00 2748881664.00 2759955456.00 2771122176.00 2782245120.00 2793215232.00 2804412160.00 2811523840.00 2826936064.00 2837944576.00 2849060352.00 2860264704.00 2871244544.00 2882190592.00 2893568512.00 2904525056.00 2915886848.00 
2926627840.00 2938228480.00 2949195520.00 2960322048.00 2971334144.00 2982499584.00 2993638656.00 3004967424.00 3015932928.00 3027065600.00 3038069248.00 3049351680.00 3060220928.00 3071702528.00 3082797824.00 3093471488.00 3105029376.00 3116144896.00 3127263488.00 3138299904.00 
3148846848.00 3160688384.00 3171706880.00 3182805504.00 3193862912.00 3204808704.00 3217054976.00 3227623936.00 3238384128.00 3249732096.00 3260700416.00 3271993344.00 3283051776.00 3294272768.00 3305262336.00 3316372736.00 3327441152.00 3338708736.00 3349856512.00 3360944896.00 
3370440448.00 3383213568.00 3394374144.00 3405166336.00 3416359424.00 3427640832.00 3438822400.00 3449925888.00 3461275648.00 3472301568.00 3483245056.00 3494487808.00 3505524736.00 3516816640.00 3527898624.00 3538941184.00 3550232832.00 3561268480.00 3572390912.00 3583528192.00 
3593345280.00 3605921280.00 3616889856.00 3628067072.00 3639112704.00 3649899008.00 3661417728.00 3672570880.00 3683556096.00 3694752000.00 3705746688.00 3716957952.00 3727955200.00 3738433792.00 3750906112.00 3761710080.00 3772592128.00 3783954176.00 3794964992.00 3806341376.00 
3816963840.00 3828401152.00 3839499776.00 3850697216.00 3861652224.00 3872908032.00 3884022272.00 3895140864.00 3906345984.00 3917478144.00 3927724032.00 3939687936.00 3950518272.00 3962563840.00 3973096192.00 3984126208.00 3995260160.00 4006370560.00 4017552640.00 4028962816.00 
4039164928.00 4050926592.00 4062041088.00 4073074944.00 4084523520.00 4095454464.00 4106576896.00 4117756928.00 4128609536.00 4139960832.00 4150940672.00 4162251264.00 4173271808.00 4184489728.00 4195606016.00 4204662016.00 4217797376.00 4229038848.00 4240119296.00 4251280896.00 
4262068224.00 4274036992.00 4284597504.00 4295999488.00 4306639360.00 4317993472.00 4329224192.00 4340176384.00 4351337984.00 4362611200.00 4373502464.00 4384793088.00 4395777024.00 4407031808.00 4418162688.00 4429182976.00 4440314880.00 4451438080.00 4462503424.00 4473420800.00 
4478314496.00 4496520704.00 4507412992.00 4518523904.00 4529523712.00 4540617216.00 4551776256.00 4562925056.00 4573920768.00 4585143296.00 4596135936.00 4607463936.00 4618529280.00 4629651968.00 4640835584.00 4651833344.00 4662790144.00 4674224640.00 4685302784.00 4696430592.00 
4707237888.00 4718128128.00 4729789440.00 4740926464.00 4751931392.00 4762800640.00 4774313984.00 4785465344.00 4796459008.00 4807814656.00 4818718720.00 4829967872.00 4840852480.00 4852336640.00 4863345152.00 4874499584.00 4885581312.00 4896746496.00 4907850752.00 4918733312.00 
4929466880.00 4941240832.00 4952349184.00 4963464704.00 4974308864.00 4985937408.00 4996967936.00 5008056832.00 5018932224.00 5030517760.00 5040617984.00 5052589056.00 5063655424.00 5074832896.00 5085908480.00 5097032704.00 5108071424.00 5119260160.00 5130403840.00 5141399040.00 
5152365568.00 5163730432.00 5175070720.00 5186146816.00 5196981760.00 5208256000.00 5219429376.00 5230587904.00 5241639424.00 5252837888.00 5263795712.00 5275187712.00 5286142976.00 5297397248.00 5308518912.00 5319217664.00 5330591744.00 5341891072.00 5353013760.00 5364150784.00 
5373947392.00 5386275840.00 5397513216.00 5408699904.00 5419724800.00 5430882304.00 5442041856.00 5453169664.00 5464181760.00 5475450368.00 5486380032.00 5497634816.00 5508718080.00 5519896064.00 5530975744.00 5542028800.00 5552933888.00 5564260352.00 5575272448.00 5586065920.00 
5589526016.00 5609657344.00 5620440064.00 5631523840.00 5642422272.00 5653544960.00 5664666112.00 5675820544.00 5686949376.00 5698073088.00 5709065216.00 5720329216.00 5731202560.00 5742597632.00 5753669120.00 5764763136.00 5775841792.00 5787023360.00 5798194176.00 5809372160.00 
5819814912.00 5831499776.00 5842763776.00 5853813760.00 5864943616.00 5875689472.00 5887135744.00 5898388480.00 5909238784.00 5920585216.00 5931595264.00 5942873088.00 5953925632.00 5964994048.00 5976283136.00 5987332608.00 5998391296.00 6009638912.00 6020713472.00 6031848448.00 
6042697728.00 6054179328.00 6065245696.00 6076384256.00 6087237632.00 6098413568.00 6109938688.00 6120885760.00 6132047360.00 6142992896.00 6153494016.00 6165397504.00 6176486400.00 6187721216.00 6198810112.00 6209839616.00 6221091328.00 6232248320.00 6243296768.00 6254404608.00 
6264270848.00 6276770304.00 6287839232.00 6298984448.00 6309992960.00 6321142272.00 6332233216.00 6343449600.00 6354459136.00 6365677568.00 6376601600.00 6387496960.00 6399477248.00 6410390016.00 6421471744.00 6432166400.00 6443445760.00 6454858752.00 6465924096.00 6477192192.00 
6487866880.00 6499288064.00 6510409728.00 6521553408.00 6532587008.00 6543745024.00 6554944512.00 6566071296.00 6577006080.00 6588385792.00 6599315456.00 6610646528.00 6621458944.00 6632862208.00 6643941376.00 6655025664.00 6666173440.00 6677187584.00 6688440832.00 6699522560.00 
6707411968.00 6721967104.00 6733018624.00 6744144896.00 6755234304.00 6766331904.00 6777361920.00 6788609536.00 6799522304.00 6810982400.00 6821880832.00 6833102336.00 6844224512.00 6855397888.00 6866485248.00 6877456896.00 6888774144.00 6899919872.00 6911059968.00 6922081280.00 
6932990976.00 6944435712.00 6955533824.00 6966742016.00 6977548288.00 6986863104.00 7000106496.00 7011222016.00 7022303744.00 7033463296.00 7044432384.00 7055682048.00 7066787840.00 7078023168.00 7089053184.00 7100190720.00 7111276032.00 7122503680.00 7133606912.00 7144717824.00 
7154558464.00 7166953472.00 7178168320.00 7189355520.00 7200300544.00 7211383296.00 7222624256.00 7233615360.00 7244781056.00 7255965184.00 7266320384.00 7278231552.00 7289326592.00 7300436480.00 7311628288.00 7322668544.00 7333624832.00 7344938496.00 7356089344.00 7367188480.00 
7378004480.00 7389379584.00 7400470528.00 7411549184.00 7422446592.00 7433347072.00 7443407360.00 7460059648.00 7468361728.00 7479169536.00 7489972736.00 7501156352.00 7511996928.00 7523338240.00 7534440960.00 7545138688.00 7556590592.00 7567783424.00 7578964992.00 7589996544.00 
7600482304.00 7612260864.00 7623388160.00 7634588160.00 7645561344.00 7656713728.00 7667895808.00 7678991360.00 7689882112.00 7701289472.00 7712274432.00 7723550208.00 7734558208.00 7745781248.00 7756901888.00 7767932416.00 7779077120.00 7790354944.00 7801414656.00 7812496896.00 
7821997056.00 7834776064.00 7845926912.00 7857075712.00 7867920384.00 7879202816.00 7890729472.00 7901568512.00 7912651264.00 7923858432.00 7934802432.00 7946041856.00 7957074944.00 7968296960.00 7979258880.00 7990583296.00 8001661952.00 8013047808.00 8024078848.00 8035089408.00 
8044902912.00 8057340928.00 8068454400.00 8079569408.00 8090666496.00 8101448704.00 8112918528.00 8123804160.00 8135242240.00 8146432512.00 8157376000.00 8168650240.00 8179727360.00 8190886400.00 8202008064.00 8213076992.00 8224011776.00 8235596800.00 8246516736.00 8257630720.00 
8268474368.00 8279960576.00 8291059712.00 8302211072.00 8313159168.00 8324324352.00 8335513088.00 8346769920.00 8357717504.00 8368780288.00 8375934464.00 8391371776.00 8402160640.00 8413537792.00 8424601088.00 8435686912.00 8446818304.00 8458008064.00 8469114880.00 8480252928.00 
8490716672.00 8502480384.00 8513862656.00 8524718080.00 8535819264.00 8546957824.00 8558218240.00 8569268224.00 8580108288.00 8591251456.00 8602572800.00 8613821440.00 8624905216.00 8636005376.00 8647114752.00 8657905664.00 8669290496.00 8680545280.00 8691810304.00 8702834688.00 
8713626624.00 8725074944.00 8736158720.00 8747371520.00 8758194176.00 8769502208.00 8780725248.00 8791813120.00 8802971648.00 8814159872.00 8825055232.00 8836345856.00 8847339520.00 8858543104.00 8869662720.00 8880749568.00 8891874304.00 8903080960.00 8914051072.00 8924971008.00 
8929852416.00 8948065280.00 8958968832.00 8970032128.00 8981087232.00 8992167936.00 9003404288.00 9014297600.00 9025474560.00 9036826624.00 9047691264.00 9059017728.00 9070028800.00 9081161728.00 9092342784.00 9103473664.00 9114353664.00 9125738496.00 9136726016.00 9147992064.00 
9158792192.00 9170221056.00 9181356032.00 9192427520.00 9203570688.00 9214349312.00 9225820160.00 9236964352.00 9248095232.00 9259237376.00 9270222848.00 9281528832.00 9292351488.00 9303576576.00 9314983936.00 9325999104.00 9337127936.00 9348246528.00 9359421440.00 9370564608.00 
9381023744.00 9392794624.00 9403641856.00 9415097344.00 9426125824.00 9437232128.00 9448349696.00 9459568640.00 9470435328.00 9481807872.00 9492137984.00 9504011264.00 9515151360.00 9526326272.00 9537426432.00 9548461056.00 9559446528.00 9569303552.00 9582227456.00 9593228288.00 
9603990528.00 9615426560.00 9626497024.00 9637640192.00 9648543744.00 9659890688.00 9671056384.00 9682227200.00 9693271040.00 9704392704.00 9715429376.00 9726748672.00 9737704448.00 9748888576.00 9760011264.00 9769082880.00 9782298624.00 9793399808.00 9804439552.00 9815712768.00 
9825508352.00 9837966336.00 9849076736.00 9860202496.00 9871300608.00 9882391552.00 9893554176.00 9904670720.00 9915607040.00 9928202240.00 9938071552.00 9949320192.00 9960358912.00 9971538944.00 9982611456.00 9993712640.00 10004633600.00 10016035840.00 10027233280.00 10038272000.00 
10047750144.00 10060549120.00 10071741440.00 10082756608.00 10093800448.00 10104979456.00 10116190208.00 10127327232.00 10138310656.00 10148567040.00 10160623616.00 10171898880.00 10182715392.00 10193974272.00 10205178880.00 10216256512.00 10227403776.00 10238662656.00 10249617408.00 10260926464.00 
10271315968.00 10283061248.00 10294192128.00 10304520192.00 10316497920.00 10327225344.00 10338774016.00 10349906944.00 10360736768.00 10372153344.00 10383098880.00 10394300416.00 10405436416.00 10416501760.00 10427798528.00 10438833152.00 10449904640.00 10461137920.00 10472266752.00 10483406848.00 
10494201856.00 10505468928.00 10516805632.00 10527894528.00 10538803200.00 10550097920.00 10561311744.00 10572396544.00 10583559168.00 10594673664.00 10605003776.00 10616952832.00 10627912704.00 10639227904.00 10650319872.00 10661393408.00 10672513024.00 10683769856.00 10694856704.00 10705963008.00 
10715776000.00 10728199168.00 10739275776.00 10750874624.00 10761555968.00 10772656128.00 10783886336.00 10794951680.00 10806013952.00 10817247232.00 10828227584.00 10839443456.00 10850576384.00 10862021632.00 10872837120.00 10883576832.00 10894864384.00 10906233856.00 10917360640.00 10928474112.00 
10939288576.00 10950702080.00 10961829888.00 10972909568.00 10983944192.00 10995106816.00 11006309376.00 11017311232.00 11028505600.00 11039539200.00 11050615808.00 11061942272.00 11072672768.00 11083939840.00 11095031808.00 11106059264.00 11117058048.00 11128015872.00 11138671616.00 11148404736.00 
11145553920.00 11176219648.00 11185913856.00 11196598272.00 11207448576.00 11218411520.00 11229547520.00 11240664064.00 11251418112.00 11262673920.00 11273696256.00 11285070848.00 11296001024.00 11307288576.00 11318260736.00 11329364992.00 11340427264.00 11351700480.00 11362738176.00 11373908992.00 
11384693760.00 11396131840.00 11407214592.00 11418381312.00 11429239808.00 11440218112.00 11451725824.00 11462578176.00 11473930240.00 11485162496.00 11496087552.00 11507365888.00 11518363648.00 11529658368.00 11540702208.00 11551828992.00 11562942464.00 11573725184.00 11585307648.00 11596405760.00 
11606201344.00 11618644992.00 11629722624.00 11640844288.00 11651981312.00 11663083520.00 11674257408.00 11685383168.00 11696473088.00 11707670528.00 11717970944.00 11729925120.00 11740949504.00 11752219648.00 11763276800.00 11774370816.00 11785304064.00 11796716544.00 11807766528.00 11819138048.00 
11829774336.00 11841206272.00 11852305408.00 11863478272.00 11874472960.00 11885647872.00 11896781824.00 11908106240.00 11919076352.00 11930302464.00 11941215232.00 11952462848.00 11963367424.00 11974708224.00 11985796096.00 11996573696.00 12008011776.00 12020091904.00 12030385152.00 12041552896.00 
12051986432.00 12063673344.00 12074945536.00 12085954560.00 12097106944.00 12108209152.00 12119394304.00 12130619392.00 12141392896.00 12152720384.00 12163693568.00 12176034816.00 12186193920.00 12197285888.00 12208386048.00 12219498496.00 12230573056.00 12241856512.00 12252844032.00 12264056832.00 
12273528832.00 12286342144.00 12297360384.00 12308580352.00 12319478784.00 12330758144.00 12341953536.00 12353057792.00 12364149760.00 12375284736.00 12386236416.00 12396391424.00 12408763392.00 12419926016.00 12431024128.00 12442084352.00 12453213184.00 12464407552.00 12475506688.00 12486640640.00 
12496460800.00 12508882944.00 12520132608.00 12531209216.00 12542213120.00 12551351296.00 12564562944.00 12575715328.00 12586671104.00 12597857280.00 12608879616.00 12620216320.00 12631224320.00 12642379776.00 12653515776.00 12664571904.00 12675574784.00 12686961664.00 12698076160.00 12709183488.00 
12719981568.00 12731384832.00 12742345728.00 12755305472.00 12764940288.00 12776020992.00 12787161088.00 12798278656.00 12809353216.00 12820587520.00 12830838784.00 12842801152.00 12853673984.00 12865037312.00 12876238848.00 12887235584.00 12898378752.00 12909514752.00 12920932352.00 12931807232.00 
12942289920.00 12954038272.00 12965141504.00 12976353280.00 12987369472.00 12998469632.00 13009595392.00 13021030400.00 13031743488.00 13043068928.00 13054081024.00 13065361408.00 13076402176.00 13087651840.00 13098753024.00 13109440512.00 13120797696.00 13132180480.00 13143230464.00 13154386944.00 
13165191168.00 13176610816.00 13187848192.00 13198875648.00 13209766912.00 13220995072.00 13232235520.00 13243445248.00 13254476800.00 13265576960.00 13276612608.00 13287770112.00 13298896896.00 13310315520.00 13321171968.00 13332299776.00 13343426560.00 13354570752.00 13365613568.00 13376531456.00 
13381419008.00 13399631872.00 13410526208.00 13421524992.00 13432634368.00 13443715072.00 13454914560.00 13466055680.00 13477030912.00 13488253952.00 13499256832.00 13510447104.00 13521542144.00 13532803072.00 13543849984.00 13554977792.00 13565921280.00 13577230336.00 13588419584.00 13599531008.00 
13610358784.00 13621760000.00 13632763904.00 13644064768.00 13655074816.00 13665893376.00 13677456384.00 13688595456.00 13699592192.00 13710785536.00 13721731072.00 13733357568.00 13743993856.00 13755344896.00 13766358016.00 13777509376.00 13788688384.00 13799888896.00 13810708480.00 13822126080.00 
13832578048.00 13844359168.00 13855452160.00 13866605568.00 13877694464.00 13888785408.00 13899977728.00 13911065600.00 13921940480.00 13933244416.00 13940354048.00 13955852288.00 13966789632.00 13977834496.00 13989065728.00 14000149504.00 14011211776.00 14022398976.00 14033515520.00 14044648448.00 
14055501824.00 14066972672.00 14078049280.00 14089017344.00 14100090880.00 14111395840.00 14122565632.00 14133718016.00 14144774144.00 14155971584.00 14166927360.00 14178165760.00 14189134848.00 14200802304.00 14211651584.00 14222360576.00 14233851904.00 14245043200.00 14256125952.00 14267273216.00 
14277064704.00 14289520640.00 14300494848.00 14311562240.00 14322851840.00 14333894656.00 14345319424.00 14356319232.00 14367294464.00 14378561536.00 14389492736.00 14400753664.00 14411857920.00 14423047168.00 14433854464.00 14445267968.00 14456198144.00 14467538944.00 14478648320.00 14489832448.00 
14499288064.00 14512111616.00 14523161600.00 14534261760.00 14545305600.00 14556538880.00 14567673856.00 14578819072.00 14589945856.00 14601065472.00 14612042752.00 14623326208.00 14634218496.00 14645613568.00 14656674816.00 14667765760.00 14678946816.00 14690031616.00 14701187072.00 14712350720.00 
14722828288.00 14734601216.00 14745615360.00 14756831232.00 14767919104.00 14778672128.00 14790136832.00 14801269760.00 14812111872.00 14823438336.00 14834344960.00 14845442048.00 14856139776.00 14864543744.00 14881165312.00 14891146240.00 14901928960.00 14913069056.00 14924098560.00 14935232512.00 
14945969152.00 14957420544.00 14968478720.00 14979668992.00 14990489600.00 15001797632.00 15012934656.00 15024168960.00 15035177984.00 15046375424.00 15056650240.00 15068648448.00 15079596032.00 15090994176.00 15101961216.00 15113095168.00 15124200448.00 15135261696.00 15146406912.00 15157641216.00 
15167408128.00 15179888640.00 15190963200.00 15202104320.00 15213237248.00 15224284160.00 15235524608.00 15246583808.00 15257577472.00 15268921344.00 15279878144.00 15291153408.00 15302193152.00 15313390592.00 15324466176.00 15333575680.00 15346555904.00 15357864960.00 15369046016.00 15380177920.00 
15390994432.00 15402535936.00 15413520384.00 15424699392.00 15435601920.00 15447020544.00 15458079744.00 15469214720.00 15480286208.00 15491499008.00 15502426112.00 15513627648.00 15524588544.00 15535991808.00 15547224064.00 15558141952.00 15569295360.00 15580463104.00 15591543808.00 15602634752.00 
15610509312.00 15625075712.00 15636133888.00 15647430656.00 15658329088.00 15669444608.00 15680633856.00 15691750400.00 15702659072.00 15713964032.00 15724994560.00 15736228864.00 15747516416.00 15758550016.00 15769631744.00 15780730880.00 15791792128.00 15803055104.00 15814166528.00 15825320960.00 
15836096512.00 15847411712.00 15858648064.00 15869760512.00 15880660992.00 15891635200.00 15903110144.00 15914229760.00 15925037056.00 15937122304.00 15947706368.00 15958922240.00 15969913856.00 15981170688.00 15992345600.00 16003329024.00 16014504960.00 16025629696.00 16036724736.00 16047835136.00 
16057701376.00 16070187008.00 16081265664.00 16092359680.00 16103426048.00 16114630656.00 16125777920.00 16136889344.00 16147877888.00 16159202304.00 16169468928.00 16181632000.00 16192465920.00 16203708416.00 16214639616.00 16226036736.00 16236861440.00 16248227840.00 16259315712.00 16270427136.00 
16281277440.00 16292764672.00 16303876096.00 16314961920.00 16325976064.00 16337149952.00 16348286976.00 16359616512.00 16370587648.00 16381729792.00 16392715264.00 16404017152.00 16414852096.00 16426227712.00 16437444608.00 16448105472.00 16459564032.00 16470794240.00 16481804288.00 16493113344.00 
16503495680.00 16515251200.00 16526376960.00 16537589760.00 16548669440.00 16559723520.00 16570912768.00 16581997568.00 16592900096.00 16604276736.00 16615239680.00 16626535424.00 16637552640.00 16648801280.00 16659905536.00 16670931968.00 16681943040.00 16693087232.00 16704120832.00 16714955776.00 
16718384128.00 16738547712.00 16749310976.00 16760355840.00 16771168256.00 16782446592.00 16793587712.00 16804704256.00 16815789056.00 16826972160.00 16837918720.00 16849168384.00 16860195840.00 16871442432.00 16882534400.00 16893587456.00 16904782848.00 16915916800.00 16927052800.00 16938340352.00 
16948008960.00 16960460800.00 16971565056.00 16982721536.00 16993910784.00 17004585984.00 17016065024.00 17027214336.00 17038218240.00 17049413632.00 17060502528.00 17071768576.00 17082853376.00 17094032384.00 17105158144.00 17116234752.00 17127124992.00 17138466816.00 17149500416.00 17160871936.00 
17171607552.00 17183211520.00 17194176512.00 17205352448.00 17216288768.00 17227444224.00 17238671360.00 17249771520.00 17260849152.00 17272029184.00 17282359296.00 17294088192.00 17305163776.00 17316546560.00 17327603712.00 17338542080.00 17350207488.00 17361129472.00 17372227584.00 17383368704.00 
17393836032.00 17405876224.00 17416742912.00 17427859456.00 17438932992.00 17449981952.00 17461231616.00 17472272384.00 17483243520.00 17494646784.00 17505595392.00 17516787712.00 17528041472.00 17539145728.00 17550264320.00 17561012224.00 17572448256.00 17583681536.00 17594783744.00 17606479872.00 
17616742400.00 17628172288.00 17639258112.00 17650384896.00 17661308928.00 17672644608.00 17683734528.00 17694953472.00 17705986048.00 17717147648.00 17728178176.00 17739458560.00 17750452224.00 17761695744.00 17772812288.00 17783871488.00 17794983936.00 17806084096.00 17817163776.00 17828096000.00 
17832966144.00 17851201536.00 17862074368.00 17873164288.00 17884200960.00 17895292928.00 17906413568.00 17917575168.00 17928601600.00 17939820544.00 17950810112.00 17961994240.00 17973166080.00 17984438272.00 17995347968.00 18006491136.00 18017462272.00 18028601344.00 18039965696.00 18050566144.00 
18061899776.00 18073341952.00 18084456448.00 18095568896.00 18106568704.00 18115766272.00 18128977920.00 18140119040.00 18151237632.00 18162356224.00 18173372416.00 18184642560.00 18195527680.00 18206840832.00 18217998336.00 18229014528.00 18239981568.00 18251528192.00 18262534144.00 18273677312.00 
18284130304.00 18295658496.00 18307016704.00 18318237696.00 18329257984.00 18340349952.00 18351484928.00 18362040320.00 18373603328.00 18384924672.00 18395250688.00 18407137280.00 18418161664.00 18429468672.00 18440564736.00 18451576832.00 18462715904.00 18473918464.00 18485061632.00 18496208896.00 
18507003904.00 18518267904.00 18529607680.00 18540656640.00 18551508992.00 18562756608.00 18573676544.00 18586165248.00 18596550656.00 18607640576.00 18618560512.00 18629857280.00 18640828416.00 18652035072.00 18663159808.00 18673917952.00 18685386752.00 18696546304.00 18707689472.00 18718685184.00 
18728640512.00 18741069824.00 18752178176.00 18763343872.00 18774276096.00 18785538048.00 18796685312.00 18807795712.00 18818850816.00 18830110720.00 18841061376.00 18852311040.00 18863241216.00 18874679296.00 18885750784.00 18896834560.00 18907748352.00 18919452672.00 18930200576.00 18941405184.00 
18950858752.00 18963679232.00 18974717952.00 18985900032.00 18996918272.00 19008092160.00 19019317248.00 19030333440.00 19041470464.00 19052605440.00 19063607296.00 19074869248.00 19085729792.00 19096997888.00 19107520512.00 19119663104.00 19130636288.00 19141787648.00 19152883712.00 19163934720.00 
19174428672.00 19186309120.00 19197308928.00 19208450048.00 19219488768.00 19230324736.00 19241787392.00 19252895744.00 19263893504.00 19275255808.00 19286243328.00 19297542144.00 19308576768.00 19319631872.00 19330947072.00 19341981696.00 19353038848.00 19364288512.00 19375374336.00 19386386432.00 
19397349376.00 19408719872.00 19420053504.00 19431032832.00 19441932288.00 19453247488.00 19464308736.00 19475548160.00 19486568448.00 19497676800.00 19504771072.00 19520184320.00 19531182080.00 19542376448.00 19553447936.00 19564519424.00 19575640064.00 19586766848.00 19597973504.00 19609096192.00 
19618918400.00 19631316992.00 19642517504.00 19653607424.00 19664660480.00 19675926528.00 19687030784.00 19698219008.00 19709140992.00 19720345600.00 19731374080.00 19742691328.00 19753721856.00 19764908032.00 19775971328.00 19786727424.00 19797966848.00 19809236992.00 19821142016.00 19831746560.00 
19842543616.00 19853969408.00 19865073664.00 19876192256.00 19887237120.00 19898398720.00 19909591040.00 19920707584.00 19931789312.00 19942916096.00 19953993728.00 19965177856.00 19976101888.00 19987363840.00 19998572544.00 20009701376.00 20020842496.00 20031956992.00 20043108352.00 20054190080.00 
20062040064.00 20076632064.00 20087697408.00 20098787328.00 20109895680.00 20121001984.00 20132153344.00 20143276032.00 20154177536.00 20165531648.00 20176545792.00 20187785216.00 20198899712.00 20210059264.00 20221276160.00 20232228864.00 20243286016.00 20254552064.00 20265181184.00 20276899840.00 
20287662080.00 20299122688.00 20310226944.00 20321255424.00 20332226560.00 20343189504.00 20354478080.00 20365877248.00 20376950784.00 20388134912.00 20399071232.00 20410462208.00 20421349376.00 20432406528.00 20443834368.00 20454852608.00 20465915904.00 20477143040.00 20488286208.00 20499390464.00 
20509216768.00 20521609216.00 20532711424.00 20543858688.00 20554977280.00 20566075392.00 20576856064.00 20588525568.00 20599457792.00 20610631680.00 20620994560.00 20632911872.00 20644089856.00 20655202304.00 20666294272.00 20677351424.00 20688302080.00 20699322368.00 20710899712.00 20721965056.00 
20732778496.00 20744173568.00 20755152896.00 20766341120.00 20777508864.00 20788662272.00 20799791104.00 20811132928.00 20822089728.00 20833296384.00 20844228608.00 20855834624.00 20866385920.00 20877580288.00 20888793088.00 20897955840.00 20911134720.00 20922298368.00 20933373952.00 20944547840.00 
20955000832.00 20966789120.00 20977797120.00 20989087744.00 21000089600.00 21011224576.00 21022420992.00 21033521152.00 21044424704.00 21056083968.00 21066784768.00 21078083584.00 21089212416.00 21100326912.00 21111422976.00 21122623488.00 21133600768.00 21144850432.00 21155950592.00 21167177728.00 
21176565760.00 21189451776.00 21200457728.00 21211561984.00 21222455296.00 21233881088.00 21244991488.00 21256368128.00 21267152896.00 21278138368.00 21289359360.00 21300590592.00 21311614976.00 21322395648.00 21334052864.00 21345099776.00 21356201984.00 21367404544.00 21378465792.00 21389627392.00 
21399445504.00 21411883008.00 21422974976.00 21433964544.00 21445199872.00 21455970304.00 21467715584.00 21478574080.00 21489645568.00 21500993536.00 21511890944.00 21522774016.00 21534259200.00 21545392128.00 21556539392.00 21567586304.00 21578551296.00 21589809152.00 21601093632.00 21612165120.00 
21622972416.00 21634381824.00 21645453312.00 21656735744.00 21667676160.00 21678858240.00 21690179584.00 21701154816.00 21712238592.00 21723439104.00 21733724160.00 21745623040.00 21756549120.00 21767907328.00 21778987008.00 21790068736.00 21801240576.00 21812525056.00 21823498240.00 21834651648.00 
21845143552.00 21856897024.00 21867997184.00 21879226368.00 21890232320.00 21901334528.00 21912442880.00 21923616768.00 21934487552.00 21945950208.00 21956804608.00 21967933440.00 21979154432.00 21990412288.00 22001381376.00 22012174336.00 22023528448.00 22034688000.00 22045798400.00 22056955904.00 
22067779584.00 22079238144.00 22090305536.00 22101331968.00 22112188416.00 22123476992.00 22134538240.00 22145687552.00 22156658688.00 22167742464.00 22178674688.00 22189834240.00 22200666112.00 22211690496.00 22222555136.00 22233307136.00 22243926016.00 22254088192.00 22263418880.00 22268973056.00 
end   dump: w
==END   DUMP_ARRAYS==
Time in seconds = 0.072165
