Sender: LSF System <lsfadmin@polus-c2-ib.bmc.hpc.cs.msu.ru>
Subject: Job 493863: <./large.o> in cluster <MSUCluster> Done

Job <./large.o> was submitted from host <polus-ib.bmc.hpc.cs.msu.ru> by user <edu-cmc-skpod19-328-11> in cluster <MSUCluster> at Fri Nov 29 23:38:31 2019
Job was executed on host(s) <9*polus-c2-ib.bmc.hpc.cs.msu.ru>, in queue <short>, as user <edu-cmc-skpod19-328-11> in cluster <MSUCluster> at Fri Nov 29 23:39:55 2019
</home_edu/edu-cmc-skpod19-328/edu-cmc-skpod19-328-11> was used as the home directory.
</home_edu/edu-cmc-skpod19-328/edu-cmc-skpod19-328-11/dep_gemver> was used as the working directory.
Started at Fri Nov 29 23:39:55 2019
Terminated at Fri Nov 29 23:39:56 2019
Results reported at Fri Nov 29 23:39:56 2019

Your job looked like:

------------------------------------------------------------
# LSBATCH: User input
./large.o
------------------------------------------------------------

Successfully completed.

Resource usage summary:

    CPU time :                                   7.78 sec.
    Max Memory :                                 2 MB
    Average Memory :                             1.67 MB
    Total Requested Memory :                     -
    Delta Memory :                               -
    Max Swap :                                   -
    Max Processes :                              1
    Max Threads :                                1
    Run time :                                   2 sec.
    Turnaround time :                            85 sec.

The output (if any) follows:

==BEGIN DUMP_ARRAYS==
begin dump: w
0.00 0.00 0.00 0.00 0.00 0.00 0.00 0.00 0.00 0.00 0.00 0.00 0.00 0.00 0.00 0.00 0.00 0.00 0.00 0.00 
0.00 0.00 0.00 0.00 0.00 0.00 0.00 0.00 0.00 0.00 0.00 0.00 0.00 0.00 0.00 0.00 0.00 0.00 0.00 0.00 
0.00 0.00 0.00 0.00 0.00 0.00 0.00 0.00 0.00 0.00 0.00 0.00 0.00 0.00 0.00 0.00 0.00 0.00 0.00 0.00 
0.00 0.00 0.00 0.00 0.00 0.00 0.00 0.00 0.00 0.00 0.00 0.00 0.00 0.00 0.00 0.00 0.00 0.00 0.00 0.00 
0.00 0.00 0.00 0.00 0.00 0.00 0.00 0.00 0.00 0.00 0.00 0.00 0.00 0.00 0.00 0.00 0.00 0.00 0.00 0.00 
0.00 0.00 0.00 0.00 0.00 0.00 0.00 0.00 0.00 0.00 0.00 0.00 0.00 0.00 0.00 0.00 0.00 0.00 0.00 0.00 
0.00 0.00 0.00 0.00 0.00 0.00 0.00 0.00 0.00 0.00 0.00 0.00 0.00 0.00 0.00 0.00 0.00 0.00 0.00 0.00 
0.00 0.00 0.00 0.00 0.00 0.00 0.00 0.00 0.00 0.00 0.00 0.00 0.00 0.00 0.00 0.00 0.00 0.00 0.00 0.00 
0.00 0.00 0.00 0.00 0.00 0.00 0.00 0.00 0.00 0.00 0.00 0.00 0.00 0.00 0.00 0.00 0.00 0.00 0.00 0.00 
0.00 0.00 0.00 0.00 0.00 0.00 0.00 0.00 0.00 0.00 0.00 0.00 0.00 0.00 0.00 0.00 0.00 0.00 0.00 0.00 
0.00 0.00 0.00 0.00 0.00 0.00 0.00 0.00 0.00 0.00 0.00 0.00 0.00 0.00 0.00 0.00 0.00 0.00 0.00 0.00 
0.00 0.00 0.00 0.00 0.00 0.00 0.00 0.00 0.00 0.00 0.00 0.00 0.00 0.00 0.00 0.00 0.00 0.00 0.00 0.00 
0.00 0.00 0.00 0.00 0.00 0.00 0.00 0.00 0.00 0.00 0.00 0.00 0.00 0.00 0.00 0.00 0.00 0.00 0.00 0.00 
0.00 0.00 0.00 0.00 0.00 0.00 0.00 0.00 0.00 0.00 0.00 0.00 0.00 0.00 0.00 0.00 0.00 0.00 0.00 0.00 
0.00 0.00 0.00 0.00 0.00 0.00 0.00 0.00 0.00 0.00 0.00 0.00 0.00 0.00 0.00 0.00 0.00 0.00 0.00 0.00 
0.00 0.00 0.00 0.00 0.00 0.00 0.00 0.00 0.00 0.00 0.00 0.00 0.00 0.00 0.00 0.00 0.00 0.00 0.00 0.00 
0.00 0.00 0.00 0.00 0.00 0.00 0.00 0.00 0.00 0.00 0.00 0.00 0.00 0.00 0.00 0.00 0.00 0.00 0.00 0.00 
0.00 0.00 0.00 0.00 0.00 0.00 0.00 0.00 0.00 0.00 0.00 0.00 0.00 0.00 0.00 0.00 0.00 0.00 0.00 0.00 
0.00 0.00 0.00 0.00 0.00 0.00 0.00 0.00 0.00 0.00 0.00 0.00 0.00 0.00 0.00 0.00 0.00 0.00 0.00 0.00 
0.00 0.00 0.00 0.00 0.00 0.00 0.00 0.00 0.00 0.00 0.00 0.00 0.00 0.00 0.00 0.00 0.00 0.00 0.00 0.00 
0.00 0.00 0.00 0.00 0.00 0.00 0.00 0.00 0.00 0.00 0.00 0.00 0.00 0.00 0.00 0.00 0.00 0.00 0.00 0.00 
0.00 0.00 0.00 0.00 0.00 0.00 0.00 0.00 0.00 0.00 0.00 0.00 0.00 0.00 0.00 0.00 0.00 0.00 0.00 0.00 
0.00 0.00 0.00 0.00 0.00 0.00 0.00 0.00 0.00 0.00 0.00 0.00 0.00 0.00 0.00 0.00 0.00 0.00 0.00 0.00 
0.00 0.00 0.00 0.00 0.00 0.00 0.00 0.00 0.00 0.00 0.00 0.00 0.00 0.00 0.00 0.00 0.00 0.00 0.00 0.00 
0.00 0.00 0.00 0.00 0.00 0.00 0.00 0.00 0.00 0.00 0.00 0.00 0.00 0.00 0.00 0.00 0.00 0.00 0.00 0.00 
0.00 0.00 0.00 0.00 0.00 0.00 0.00 0.00 0.00 0.00 0.00 0.00 0.00 0.00 0.00 0.00 0.00 0.00 0.00 0.00 
0.00 0.00 0.00 0.00 0.00 0.00 0.00 0.00 0.00 0.00 0.00 0.00 0.00 0.00 0.00 0.00 0.00 0.00 0.00 0.00 
0.00 0.00 0.00 0.00 0.00 0.00 0.00 0.00 0.00 0.00 0.00 0.00 0.00 0.00 0.00 0.00 0.00 0.00 0.00 0.00 
0.00 0.00 0.00 0.00 0.00 0.00 0.00 0.00 0.00 0.00 0.00 0.00 0.00 0.00 0.00 0.00 0.00 0.00 0.00 0.00 
0.00 0.00 0.00 0.00 0.00 0.00 0.00 0.00 0.00 0.00 0.00 0.00 0.00 0.00 0.00 0.00 0.00 0.00 0.00 0.00 
0.00 0.00 0.00 0.00 0.00 0.00 0.00 0.00 0.00 0.00 0.00 0.00 0.00 0.00 0.00 0.00 0.00 0.00 0.00 0.00 
0.00 0.00 0.00 0.00 0.00 0.00 0.00 0.00 0.00 0.00 0.00 0.00 0.00 0.00 0.00 0.00 0.00 0.00 0.00 0.00 
0.00 0.00 0.00 0.00 0.00 0.00 0.00 0.00 0.00 0.00 0.00 0.00 0.00 0.00 0.00 0.00 0.00 0.00 0.00 0.00 
0.00 0.00 0.00 0.00 0.00 0.00 0.00 0.00 0.00 0.00 0.00 0.00 0.00 0.00 0.00 0.00 0.00 0.00 0.00 0.00 
0.00 0.00 0.00 0.00 0.00 0.00 0.00 0.00 0.00 0.00 0.00 0.00 0.00 0.00 0.00 0.00 0.00 0.00 0.00 0.00 
0.00 0.00 0.00 0.00 0.00 0.00 0.00 0.00 0.00 0.00 0.00 0.00 0.00 0.00 0.00 0.00 0.00 0.00 0.00 0.00 
0.00 0.00 0.00 0.00 0.00 0.00 0.00 0.00 0.00 0.00 0.00 0.00 0.00 0.00 0.00 0.00 0.00 0.00 0.00 0.00 
0.00 0.00 0.00 0.00 0.00 0.00 0.00 0.00 0.00 0.00 0.00 0.00 0.00 0.00 0.00 0.00 0.00 0.00 0.00 0.00 
0.00 0.00 0.00 0.00 0.00 0.00 0.00 0.00 0.00 0.00 0.00 0.00 0.00 0.00 0.00 0.00 0.00 0.00 0.00 0.00 
0.00 0.00 0.00 0.00 0.00 0.00 0.00 0.00 0.00 0.00 0.00 0.00 0.00 0.00 0.00 0.00 0.00 0.00 0.00 0.00 
0.00 0.00 0.00 0.00 0.00 0.00 0.00 0.00 0.00 0.00 0.00 0.00 0.00 0.00 0.00 0.00 0.00 0.00 0.00 0.00 
0.00 0.00 0.00 0.00 0.00 0.00 0.00 0.00 0.00 0.00 0.00 0.00 0.00 0.00 0.00 0.00 0.00 0.00 0.00 0.00 
0.00 0.00 0.00 0.00 0.00 0.00 0.00 0.00 0.00 0.00 0.00 0.00 0.00 0.00 0.00 0.00 0.00 0.00 0.00 0.00 
0.00 0.00 0.00 0.00 0.00 0.00 0.00 0.00 0.00 0.00 0.00 0.00 0.00 0.00 0.00 0.00 0.00 0.00 0.00 0.00 
0.00 0.00 0.00 0.00 0.00 0.00 0.00 0.00 0.00 0.00 0.00 0.00 0.00 0.00 0.00 0.00 0.00 0.00 0.00 0.00 
0.00 0.00 0.00 0.00 0.00 0.00 0.00 0.00 0.00 0.00 0.00 0.00 0.00 0.00 0.00 0.00 0.00 0.00 0.00 0.00 
0.00 0.00 0.00 0.00 0.00 0.00 0.00 0.00 0.00 0.00 0.00 0.00 0.00 0.00 0.00 0.00 0.00 0.00 0.00 0.00 
0.00 0.00 0.00 0.00 0.00 0.00 0.00 0.00 0.00 0.00 0.00 0.00 0.00 0.00 0.00 0.00 0.00 0.00 0.00 0.00 
0.00 0.00 0.00 0.00 0.00 0.00 0.00 0.00 0.00 0.00 0.00 0.00 0.00 0.00 0.00 0.00 0.00 0.00 0.00 0.00 
0.00 0.00 0.00 0.00 0.00 0.00 0.00 0.00 0.00 0.00 0.00 0.00 0.00 0.00 0.00 0.00 0.00 0.00 0.00 0.00 
0.00 0.00 0.00 0.00 0.00 0.00 0.00 0.00 0.00 0.00 0.00 0.00 0.00 0.00 0.00 0.00 0.00 0.00 0.00 0.00 
0.00 0.00 0.00 0.00 0.00 0.00 0.00 0.00 0.00 0.00 0.00 0.00 0.00 0.00 0.00 0.00 0.00 0.00 0.00 0.00 
0.00 0.00 0.00 0.00 0.00 0.00 0.00 0.00 0.00 0.00 0.00 0.00 0.00 0.00 0.00 0.00 0.00 0.00 0.00 0.00 
0.00 0.00 0.00 0.00 0.00 0.00 0.00 0.00 0.00 0.00 0.00 0.00 0.00 0.00 0.00 0.00 0.00 0.00 0.00 0.00 
0.00 0.00 0.00 0.00 0.00 0.00 0.00 0.00 0.00 0.00 0.00 0.00 0.00 0.00 0.00 0.00 0.00 0.00 0.00 0.00 
0.00 0.00 0.00 0.00 0.00 0.00 0.00 0.00 0.00 0.00 0.00 0.00 0.00 0.00 0.00 0.00 0.00 0.00 0.00 0.00 
0.00 0.00 0.00 0.00 0.00 0.00 0.00 0.00 0.00 0.00 0.00 0.00 0.00 0.00 0.00 0.00 0.00 0.00 0.00 0.00 
0.00 0.00 0.00 0.00 0.00 0.00 0.00 0.00 0.00 0.00 0.00 0.00 0.00 0.00 0.00 0.00 0.00 0.00 0.00 0.00 
0.00 0.00 0.00 0.00 0.00 0.00 0.00 0.00 0.00 0.00 0.00 0.00 0.00 0.00 0.00 0.00 0.00 0.00 0.00 0.00 
0.00 0.00 0.00 0.00 0.00 0.00 0.00 0.00 0.00 0.00 0.00 0.00 0.00 0.00 0.00 0.00 0.00 0.00 0.00 0.00 
0.00 0.00 0.00 0.00 0.00 0.00 0.00 0.00 0.00 0.00 0.00 0.00 0.00 0.00 0.00 0.00 0.00 0.00 0.00 0.00 
0.00 0.00 0.00 0.00 0.00 0.00 0.00 0.00 0.00 0.00 0.00 0.00 0.00 0.00 0.00 0.00 0.00 0.00 0.00 0.00 
0.00 0.00 0.00 0.00 0.00 0.00 0.00 0.00 0.00 0.00 0.00 0.00 0.00 0.00 0.00 0.00 0.00 0.00 0.00 0.00 
0.00 0.00 0.00 0.00 0.00 0.00 0.00 0.00 0.00 0.00 0.00 0.00 0.00 0.00 0.00 0.00 0.00 0.00 0.00 0.00 
0.00 0.00 0.00 0.00 0.00 0.00 0.00 0.00 0.00 0.00 0.00 0.00 0.00 0.00 0.00 0.00 0.00 0.00 0.00 0.00 
0.00 0.00 0.00 0.00 0.00 0.00 0.00 0.00 0.00 0.00 0.00 0.00 0.00 0.00 0.00 0.00 0.00 0.00 0.00 0.00 
0.00 0.00 0.00 0.00 0.00 0.00 0.00 0.00 0.00 0.00 0.00 0.00 0.00 0.00 0.00 0.00 0.00 0.00 0.00 0.00 
0.00 0.00 0.00 0.00 0.00 0.00 0.00 0.00 0.00 0.00 0.00 0.00 0.00 0.00 0.00 0.00 0.00 0.00 0.00 0.00 
0.00 0.00 0.00 0.00 0.00 0.00 0.00 0.00 0.00 0.00 0.00 0.00 0.00 0.00 0.00 0.00 0.00 0.00 0.00 0.00 
0.00 0.00 0.00 0.00 0.00 0.00 0.00 0.00 0.00 0.00 0.00 0.00 0.00 0.00 0.00 0.00 0.00 0.00 0.00 0.00 
0.00 0.00 0.00 0.00 0.00 0.00 0.00 0.00 0.00 0.00 0.00 0.00 0.00 0.00 0.00 0.00 0.00 0.00 0.00 0.00 
0.00 0.00 0.00 0.00 0.00 0.00 0.00 0.00 0.00 0.00 0.00 0.00 0.00 0.00 0.00 0.00 0.00 0.00 0.00 0.00 
0.00 0.00 0.00 0.00 0.00 0.00 0.00 0.00 0.00 0.00 0.00 0.00 0.00 0.00 0.00 0.00 0.00 0.00 0.00 0.00 
0.00 0.00 0.00 0.00 0.00 0.00 0.00 0.00 0.00 0.00 0.00 0.00 0.00 0.00 0.00 0.00 0.00 0.00 0.00 0.00 
0.00 0.00 0.00 0.00 0.00 0.00 0.00 0.00 0.00 0.00 0.00 0.00 0.00 0.00 0.00 0.00 0.00 0.00 0.00 0.00 
0.00 0.00 0.00 0.00 0.00 0.00 0.00 0.00 0.00 0.00 0.00 0.00 0.00 0.00 0.00 0.00 0.00 0.00 0.00 0.00 
0.00 0.00 0.00 0.00 0.00 0.00 0.00 0.00 0.00 0.00 0.00 0.00 0.00 0.00 0.00 0.00 0.00 0.00 0.00 0.00 
0.00 0.00 0.00 0.00 0.00 0.00 0.00 0.00 0.00 0.00 0.00 0.00 0.00 0.00 0.00 0.00 0.00 0.00 0.00 0.00 
0.00 0.00 0.00 0.00 0.00 0.00 0.00 0.00 0.00 0.00 0.00 0.00 0.00 0.00 0.00 0.00 0.00 0.00 0.00 0.00 
0.00 0.00 0.00 0.00 0.00 0.00 0.00 0.00 0.00 0.00 0.00 0.00 0.00 0.00 0.00 0.00 0.00 0.00 0.00 0.00 
0.00 0.00 0.00 0.00 0.00 0.00 0.00 0.00 0.00 0.00 0.00 0.00 0.00 0.00 0.00 0.00 0.00 0.00 0.00 0.00 
0.00 0.00 0.00 0.00 0.00 0.00 0.00 0.00 0.00 0.00 0.00 0.00 0.00 0.00 0.00 0.00 0.00 0.00 0.00 0.00 
0.00 0.00 0.00 0.00 0.00 0.00 0.00 0.00 0.00 0.00 0.00 0.00 0.00 0.00 0.00 0.00 0.00 0.00 0.00 0.00 
0.00 0.00 0.00 0.00 0.00 0.00 0.00 0.00 0.00 0.00 0.00 0.00 0.00 0.00 0.00 0.00 0.00 0.00 0.00 0.00 
0.00 0.00 0.00 0.00 0.00 0.00 0.00 0.00 0.00 0.00 0.00 0.00 0.00 0.00 0.00 0.00 0.00 0.00 0.00 0.00 
0.00 0.00 0.00 0.00 0.00 0.00 0.00 0.00 0.00 0.00 0.00 0.00 0.00 0.00 0.00 0.00 0.00 0.00 0.00 0.00 
0.00 0.00 0.00 0.00 0.00 0.00 0.00 0.00 0.00 0.00 0.00 0.00 0.00 0.00 0.00 0.00 0.00 0.00 0.00 0.00 
0.00 0.00 0.00 0.00 0.00 0.00 0.00 0.00 0.00 0.00 0.00 0.00 0.00 0.00 0.00 0.00 0.00 0.00 0.00 0.00 
0.00 0.00 0.00 0.00 0.00 0.00 0.00 0.00 0.00 0.00 0.00 0.00 0.00 0.00 0.00 0.00 0.00 0.00 0.00 0.00 
0.00 0.00 0.00 0.00 0.00 0.00 0.00 0.00 0.00 0.00 0.00 0.00 0.00 0.00 0.00 0.00 0.00 0.00 0.00 0.00 
0.00 0.00 0.00 0.00 0.00 0.00 0.00 0.00 0.00 0.00 0.00 0.00 0.00 0.00 0.00 0.00 0.00 0.00 0.00 0.00 
0.00 0.00 0.00 0.00 0.00 0.00 0.00 0.00 0.00 0.00 0.00 0.00 0.00 0.00 0.00 0.00 0.00 0.00 0.00 0.00 
0.00 0.00 0.00 0.00 0.00 0.00 0.00 0.00 0.00 0.00 0.00 0.00 0.00 0.00 0.00 0.00 0.00 0.00 0.00 0.00 
0.00 0.00 0.00 0.00 0.00 0.00 0.00 0.00 0.00 0.00 0.00 0.00 0.00 0.00 0.00 0.00 0.00 0.00 0.00 0.00 
0.00 0.00 0.00 0.00 0.00 0.00 0.00 0.00 0.00 0.00 0.00 0.00 0.00 0.00 0.00 0.00 0.00 0.00 0.00 0.00 
0.00 0.00 0.00 0.00 0.00 0.00 0.00 0.00 0.00 0.00 0.00 0.00 0.00 0.00 0.00 0.00 0.00 0.00 0.00 0.00 
0.00 0.00 0.00 0.00 0.00 0.00 0.00 0.00 0.00 0.00 0.00 0.00 0.00 0.00 0.00 0.00 0.00 0.00 0.00 0.00 
0.00 0.00 0.00 0.00 0.00 0.00 0.00 0.00 0.00 0.00 0.00 0.00 0.00 0.00 0.00 0.00 0.00 0.00 0.00 0.00 
0.00 0.00 0.00 0.00 0.00 0.00 0.00 0.00 0.00 0.00 0.00 0.00 0.00 0.00 0.00 0.00 0.00 0.00 0.00 0.00 
0.00 0.00 0.00 0.00 0.00 0.00 0.00 0.00 0.00 0.00 0.00 0.00 0.00 0.00 0.00 0.00 0.00 0.00 0.00 0.00 
end   dump: w
==END   DUMP_ARRAYS==
==BEGIN DUMP_ARRAYS==
begin dump: w
1806.39 54162648.00 59563016.00 68621952.00 78499632.00 88784688.00 99316376.00 109912528.00 120487032.00 131252304.00 141822192.00 152729232.00 163444832.00 174276496.00 185033184.00 195741360.00 206393504.00 217467024.00 228196144.00 239003024.00 
249549248.00 260670320.00 271525376.00 282416064.00 293013184.00 303541856.00 314796384.00 325515872.00 336373728.00 347361024.00 357907232.00 368811360.00 379484768.00 390527456.00 401414336.00 412126880.00 422999904.00 433798880.00 444694848.00 455565088.00 
465748608.00 477211200.00 488031936.00 498794240.00 509689856.00 520512096.00 531420192.00 542210944.00 552827968.00 563920256.00 573964480.00 585536512.00 596356480.00 607231936.00 617911808.00 628833728.00 639631104.00 650527872.00 661447104.00 672304000.00 
682769536.00 693941696.00 704697344.00 715707520.00 726205056.00 737225152.00 748093056.00 758984896.00 769754752.00 781006272.00 791333184.00 802245568.00 813052480.00 824066752.00 834624896.00 845276928.00 856471616.00 867538752.00 878176576.00 889019648.00 
898580352.00 910712192.00 921523136.00 932337600.00 943152128.00 953952960.00 964820224.00 976187584.00 986456128.00 997428672.00 1008090624.00 1019310464.00 1029884480.00 1040529152.00 1051561792.00 1062275712.00 1073062080.00 1084125440.00 1094919680.00 1105679360.00 
1115031808.00 1127392000.00 1138273920.00 1149116416.00 1159864448.00 1170660992.00 1181659392.00 1192520832.00 1203232640.00 1214155392.00 1224860160.00 1235571456.00 1246471552.00 1257588480.00 1268359168.00 1279156096.00 1290013056.00 1300833536.00 1311808896.00 1322562304.00 
1332771840.00 1344237312.00 1355093888.00 1365910272.00 1376680064.00 1385561600.00 1398501888.00 1409460864.00 1419886208.00 1430632448.00 1441666816.00 1452611328.00 1463408896.00 1474203392.00 1485206528.00 1495953408.00 1506729216.00 1517822976.00 1528687872.00 1539408640.00 
1549892480.00 1561026944.00 1571800704.00 1583094656.00 1593355264.00 1604361856.00 1615238528.00 1626054400.00 1636787328.00 1647782656.00 1657812480.00 1669479808.00 1680153600.00 1691017600.00 1702352128.00 1712760448.00 1723605632.00 1734526592.00 1745357056.00 1756192128.00 
1765722368.00 1777848832.00 1788627968.00 1799509888.00 1810325888.00 1821100928.00 1831913088.00 1843094144.00 1853635968.00 1864438400.00 1875248512.00 1886211712.00 1897015808.00 1907899648.00 1918950912.00 1929195008.00 1940176128.00 1951358592.00 1962075264.00 1972931968.00 
1983450112.00 1994578432.00 2005928064.00 2016315776.00 2027062016.00 2037935488.00 2048712832.00 2059667200.00 2070441472.00 2081357184.00 2092007424.00 2103054976.00 2113627520.00 2124728704.00 2135532928.00 2146269440.00 2157125120.00 2168053760.00 2178805504.00 2189620736.00 
2197344000.00 2211480320.00 2222256128.00 2233133312.00 2243872512.00 2254693120.00 2265614336.00 2276573184.00 2287059968.00 2298187008.00 2308802304.00 2319871488.00 2330615808.00 2341508864.00 2352301056.00 2363110912.00 2373875712.00 2384861184.00 2395654400.00 2406522112.00 
2417028352.00 2428175104.00 2438467072.00 2450077184.00 2460554752.00 2471234560.00 2482447360.00 2493269760.00 2504061440.00 2514896128.00 2525638400.00 2536662016.00 2547356928.00 2558218240.00 2569099008.00 2579811072.00 2590805248.00 2601670144.00 2612436224.00 2623391232.00 
2632893440.00 2645047552.00 2655839488.00 2666784768.00 2677528320.00 2688323840.00 2699193600.00 2710029568.00 2720718592.00 2731626496.00 2738563840.00 2753572864.00 2764289024.00 2775119104.00 2786024192.00 2796736256.00 2807387648.00 2818477056.00 2829136384.00 2840207872.00 
2850669824.00 2861960960.00 2872647936.00 2883485696.00 2894208256.00 2905089024.00 2915938816.00 2926978560.00 2937657600.00 2948500224.00 2959222016.00 2970202112.00 2980787968.00 2991976960.00 3002781184.00 3013178112.00 3024445696.00 3035271168.00 3046107904.00 3056855040.00 
3067120896.00 3078664704.00 3089388800.00 3100199424.00 3110973440.00 3121623296.00 3133561088.00 3143853824.00 3154344704.00 3165389056.00 3176071168.00 3187066880.00 3197846016.00 3208773120.00 3219474176.00 3230303744.00 3241073920.00 3252055552.00 3262908416.00 3273705984.00 
3282979072.00 3295411456.00 3306274048.00 3316792576.00 3327692288.00 3338683904.00 3349566208.00 3360399104.00 3371441664.00 3382182400.00 3392844288.00 3403791360.00 3414534144.00 3425541376.00 3436330752.00 3447094272.00 3458093824.00 3468843776.00 3479680512.00 3490525952.00 
3500093440.00 3512335872.00 3523016192.00 3533913600.00 3544663808.00 3555171072.00 3566391552.00 3577260288.00 3587957504.00 3598852864.00 3609561600.00 3620495872.00 3631198976.00 3641411840.00 3653561088.00 3664080384.00 3674672128.00 3685754880.00 3696481280.00 3707559680.00 
3717900032.00 3729044224.00 3739858176.00 3750764800.00 3761432320.00 3772387840.00 3783217408.00 3794046976.00 3804958464.00 3815805696.00 3825794048.00 3837435648.00 3847993856.00 3859730432.00 3869984512.00 3880718336.00 3891572736.00 3902388736.00 3913288960.00 3924400384.00 
3934337536.00 3945798400.00 3956610816.00 3967370752.00 3978518272.00 3989170176.00 4000005632.00 4010892800.00 4021457920.00 4032515840.00 4043209728.00 4054228736.00 4064962560.00 4075890688.00 4086719744.00 4095539456.00 4108340736.00 4119286016.00 4130075392.00 4140946432.00 
4151450112.00 4163121152.00 4173407232.00 4184513280.00 4194875904.00 4205933056.00 4216870144.00 4227538688.00 4238419200.00 4249387520.00 4259995904.00 4270999808.00 4281698304.00 4292666880.00 4303505920.00 4314238464.00 4325066752.00 4335918592.00 4346682880.00 4357324800.00 
4362095616.00 4379824128.00 4390433792.00 4401258496.00 4411979264.00 4422779392.00 4433642496.00 4444513280.00 4455217152.00 4466140160.00 4476860416.00 4487888896.00 4498659840.00 4509502976.00 4520393728.00 4531116032.00 4541785600.00 4552928768.00 4563715072.00 4574544384.00 
4585070592.00 4595682816.00 4607048192.00 4617885184.00 4628607488.00 4639193088.00 4650413568.00 4661265408.00 4671972352.00 4683042304.00 4693666304.00 4704621568.00 4715222528.00 4726405632.00 4737127424.00 4747999744.00 4758781440.00 4769673216.00 4780482048.00 4791086592.00 
4801539584.00 4813007872.00 4823815680.00 4834656256.00 4845218816.00 4856541696.00 4867283968.00 4878094848.00 4888674304.00 4899969024.00 4909808640.00 4921459712.00 4932237824.00 4943127552.00 4953916928.00 4964744192.00 4975501312.00 4986402304.00 4997256704.00 5007972352.00 
5018648576.00 5029724160.00 5040763392.00 5051552768.00 5062106624.00 5073086976.00 5083965952.00 5094845952.00 5105613824.00 5116510208.00 5127185920.00 5138292736.00 5148952576.00 5159910912.00 5170746368.00 5181174784.00 5192246784.00 5203271680.00 5214094336.00 5224933888.00 
5234484736.00 5246494208.00 5257440256.00 5268325888.00 5279078912.00 5289948672.00 5300817920.00 5311656448.00 5322367488.00 5333352448.00 5344005120.00 5354959360.00 5365757952.00 5376645632.00 5387437056.00 5398188544.00 5408830976.00 5419864576.00 5430579200.00 5441091584.00 
5444477952.00 5464077824.00 5474589696.00 5485372928.00 5495990784.00 5506838016.00 5517666816.00 5528529408.00 5539360768.00 5550198784.00 5560913408.00 5571876352.00 5582475264.00 5593581568.00 5604354048.00 5615153152.00 5625942528.00 5636837888.00 5647734272.00 5658610176.00 
5668779520.00 5680159232.00 5691133952.00 5701890048.00 5712732672.00 5723207168.00 5734350848.00 5745321472.00 5755874304.00 5766933504.00 5777652736.00 5788655616.00 5799411200.00 5810190336.00 5821204992.00 5831944704.00 5842718208.00 5853677568.00 5864459264.00 5875311616.00 
5885889536.00 5897067520.00 5907847168.00 5918692864.00 5929262592.00 5940151296.00 5951365120.00 5962043904.00 5972910592.00 5983576576.00 5993811456.00 6005390848.00 6016199680.00 6027138560.00 6037942784.00 6048692736.00 6059645440.00 6070513152.00 6081281024.00 6092092928.00 
6101698560.00 6113875968.00 6124661248.00 6135522816.00 6146241536.00 6157102592.00 6167907840.00 6178826240.00 6189552640.00 6200485888.00 6211113984.00 6221735424.00 6233397760.00 6244025344.00 6254822912.00 6265241088.00 6276228608.00 6287347712.00 6298126848.00 6309091328.00 
6319491072.00 6330620416.00 6341458944.00 6352310272.00 6363052544.00 6373927936.00 6384830976.00 6395663872.00 6406331392.00 6417405952.00 6428052992.00 6439095296.00 6449616384.00 6460718592.00 6471520256.00 6482314240.00 6493171712.00 6503906816.00 6514857472.00 6525656064.00 
6533347840.00 6547524096.00 6558300160.00 6569118720.00 6579926528.00 6590737920.00 6601472512.00 6612437504.00 6623051264.00 6634228224.00 6644847104.00 6655773696.00 6666612736.00 6677498368.00 6688301568.00 6698982400.00 6710002176.00 6720855040.00 6731703808.00 6742440448.00 
6753073664.00 6764223488.00 6775031808.00 6785942528.00 6796476928.00 6805556224.00 6818446336.00 6829270528.00 6840058368.00 6850934784.00 6861625344.00 6872582656.00 6883402752.00 6894341632.00 6905101312.00 6915932672.00 6926726656.00 6937663488.00 6948489216.00 6959306240.00 
6968889856.00 6980966400.00 6991879680.00 7002782720.00 7013444608.00 7024241152.00 7035191808.00 7045897728.00 7056764416.00 7067672064.00 7077752832.00 7089364480.00 7100153856.00 7110995968.00 7121894912.00 7132649472.00 7143311872.00 7154341376.00 7165183488.00 7175997952.00 
7186531328.00 7197616640.00 7208435200.00 7219230208.00 7229815808.00 7240444928.00 7250253312.00 7266473984.00 7274552832.00 7285051904.00 7295593984.00 7306511360.00 7317051392.00 7328100352.00 7338910720.00 7349341696.00 7360489472.00 7371389952.00 7382285312.00 7393021440.00 
7403239936.00 7414717952.00 7425548800.00 7436453888.00 7447151104.00 7458006528.00 7468903424.00 7479711744.00 7490323968.00 7501436416.00 7512130560.00 7523119616.00 7533836288.00 7544763904.00 7555598336.00 7566348800.00 7577196544.00 7588182528.00 7598952960.00 7609759232.00 
7619017728.00 7631460352.00 7642312192.00 7653171712.00 7663729152.00 7674731008.00 7685940736.00 7696513024.00 7707300352.00 7718220800.00 7728891392.00 7739849728.00 7750588416.00 7761510912.00 7772188160.00 7783219712.00 7794011136.00 7805094912.00 7815849472.00 7826567168.00 
7836133376.00 7848249344.00 7859065344.00 7869901824.00 7880704512.00 7891202048.00 7902384128.00 7912988160.00 7924128768.00 7935029760.00 7945679360.00 7956669952.00 7967456768.00 7978314752.00 7989162496.00 7999943168.00 8010597376.00 8021881856.00 8032520704.00 8043332096.00 
8053895168.00 8065085440.00 8075901440.00 8086764032.00 8097430016.00 8108303360.00 8119205376.00 8130177536.00 8140825600.00 8151599104.00 8158569984.00 8173609984.00 8184127488.00 8195195392.00 8205967360.00 8216760320.00 8227622400.00 8238508032.00 8249329152.00 8260185088.00 
8270385152.00 8281841152.00 8292920832.00 8303498752.00 8314314752.00 8325155840.00 8336131584.00 8346893312.00 8357453312.00 8368311296.00 8379337728.00 8390288896.00 8401079808.00 8411897856.00 8422716416.00 8433230336.00 8444330496.00 8455278080.00 8466248192.00 8476996608.00 
8487497216.00 8498645504.00 8509447168.00 8520365568.00 8530920960.00 8541921792.00 8552867328.00 8563661824.00 8574533120.00 8585427456.00 8596033536.00 8607040512.00 8617744384.00 8628659200.00 8639498240.00 8650286080.00 8661111808.00 8672036864.00 8682718208.00 8693364736.00 
8698122240.00 8715868160.00 8726479872.00 8737242112.00 8748025856.00 8758816768.00 8769755136.00 8780368896.00 8791261184.00 8802311168.00 8812904448.00 8823929856.00 8834653184.00 8845504512.00 8856400896.00 8867235840.00 8877825024.00 8888913920.00 8899625984.00 8910595072.00 
8921119744.00 8932238336.00 8943088640.00 8953879552.00 8964729856.00 8975238144.00 8986409984.00 8997258240.00 9008105472.00 9018946560.00 9029666816.00 9040654336.00 9051217920.00 9062144000.00 9073262592.00 9083995136.00 9094828032.00 9105659904.00 9116540928.00 9127390208.00 
9137574912.00 9149040640.00 9159615488.00 9170765824.00 9181516800.00 9192331264.00 9203146752.00 9214085120.00 9224672256.00 9235758080.00 9245812736.00 9257375744.00 9268235264.00 9279115264.00 9289906176.00 9300673536.00 9311358976.00 9320967168.00 9333565440.00 9344268288.00 
9354769408.00 9365908480.00 9376689152.00 9387544576.00 9398158336.00 9409209344.00 9420088320.00 9430963200.00 9441731584.00 9452566528.00 9463307264.00 9474328576.00 9485005824.00 9495907328.00 9506733056.00 9515565056.00 9528433664.00 9539258368.00 9550013440.00 9560988672.00 
9570531328.00 9582658560.00 9593485312.00 9604327424.00 9615121408.00 9625931776.00 9636818944.00 9647653888.00 9658292224.00 9670563840.00 9680179200.00 9691143168.00 9701884928.00 9712765952.00 9723557888.00 9734375424.00 9745008640.00 9756112896.00 9767021568.00 9777767424.00 
9787010048.00 9799486464.00 9810376704.00 9821108224.00 9831856128.00 9842745344.00 9853670400.00 9864518656.00 9875223552.00 9885206528.00 9896939520.00 9907932160.00 9918462976.00 9929445376.00 9940340736.00 9951137792.00 9961995264.00 9972962304.00 9983648768.00 9994659840.00 
10004764672.00 10016210944.00 10027045888.00 10037115904.00 10048773120.00 10059237376.00 10070477824.00 10081316864.00 10091872256.00 10102988800.00 10113645568.00 10124564480.00 10135409664.00 10146177024.00 10157194240.00 10167930880.00 10178724864.00 10189672448.00 10200507392.00 10211355648.00 
10221874176.00 10232847360.00 10243891200.00 10254691328.00 10265309184.00 10276331520.00 10287238144.00 10298041344.00 10308907008.00 10319756288.00 10329799680.00 10341441536.00 10352099328.00 10363143168.00 10373948416.00 10384726016.00 10395568128.00 10406504448.00 10417321984.00 10428143616.00 
10437689344.00 10449800192.00 10460595200.00 10471876608.00 10482278400.00 10493097984.00 10504019968.00 10514823168.00 10525597696.00 10536529920.00 10547243008.00 10558174208.00 10569011200.00 10580157440.00 10590698496.00 10601146368.00 10612131840.00 10623210496.00 10634045440.00 10644887552.00 
10655407104.00 10666554368.00 10677370880.00 10688168960.00 10698919936.00 10709793792.00 10720699392.00 10731407360.00 10742305792.00 10753061888.00 10763824128.00 10774862848.00 10785348608.00 10796340224.00 10807127040.00 10817857536.00 10828561408.00 10839260160.00 10849608704.00 10859107328.00 
10856343552.00 10886191104.00 10895641600.00 10906028032.00 10916626432.00 10927287296.00 10938118144.00 10948941824.00 10959442944.00 10970415104.00 10981161984.00 10992224256.00 11002874880.00 11013873664.00 11024558080.00 11035344896.00 11046121472.00 11057119232.00 11067886592.00 11078745088.00 
11089251328.00 11100396544.00 11111203840.00 11122082816.00 11132664832.00 11143357440.00 11154562048.00 11165121536.00 11176177664.00 11187094528.00 11197751296.00 11208739840.00 11219454976.00 11230462976.00 11241224192.00 11252067328.00 11262894080.00 11273398272.00 11284659200.00 11295480832.00 
11305017344.00 11317137408.00 11327929344.00 11338774528.00 11349608448.00 11360430080.00 11371295744.00 11382144000.00 11392941056.00 11403834368.00 11413896192.00 11425530880.00 11436281856.00 11447246848.00 11458011136.00 11468823552.00 11479469056.00 11490592768.00 11501363200.00 11512432640.00 
11522780160.00 11533934592.00 11544742912.00 11555616768.00 11566328832.00 11577211904.00 11588056064.00 11599100928.00 11609787392.00 11620716544.00 11631339520.00 11642284032.00 11652917248.00 11663953920.00 11674764288.00 11685272576.00 11696402432.00 11708168192.00 11718196224.00 11729063936.00 
11739241472.00 11750618112.00 11761610752.00 11772319744.00 11783188480.00 11794011136.00 11804897280.00 11815835648.00 11826324480.00 11837352960.00 11848035328.00 11860068352.00 11869956096.00 11880764416.00 11891584000.00 11902397440.00 11913191424.00 11924175872.00 11934884864.00 11945801728.00 
11955051520.00 11967510528.00 11978242048.00 11989170176.00 11999791104.00 12010788864.00 12021692416.00 12032517120.00 12043304960.00 12054145024.00 12064831488.00 12074728448.00 12086760448.00 12097633280.00 12108435456.00 12119208960.00 12130060288.00 12140956672.00 12151749632.00 12162617344.00 
12172180480.00 12184299520.00 12195235840.00 12206026752.00 12216750080.00 12225658880.00 12238519296.00 12249369600.00 12260047872.00 12270949376.00 12281684992.00 12292716544.00 12303456256.00 12314312704.00 12325168128.00 12335942656.00 12346629120.00 12357747712.00 12368579584.00 12379383808.00 
12389890048.00 12401017856.00 12411688960.00 12424304640.00 12433685504.00 12444482560.00 12455339008.00 12466172928.00 12476946432.00 12487906304.00 12497883136.00 12509531136.00 12520128512.00 12531186688.00 12542101504.00 12552821760.00 12563661824.00 12574511104.00 12585635840.00 12596236288.00 
12606432256.00 12617886720.00 12628714496.00 12639627264.00 12650354688.00 12661166080.00 12671995904.00 12683132928.00 12693570560.00 12704610304.00 12715322368.00 12726325248.00 12737063936.00 12748016640.00 12758837248.00 12769256448.00 12780317696.00 12791406592.00 12802166784.00 12813035520.00 
12823545856.00 12834684928.00 12845624320.00 12856370176.00 12866961408.00 12877921280.00 12888848384.00 12899781632.00 12910524416.00 12921348096.00 12932081664.00 12942970880.00 12953779200.00 12964917248.00 12975483904.00 12986337280.00 12997153792.00 13008032768.00 13018769408.00 13029413888.00 
13034179584.00 13051926528.00 13062523904.00 13073239040.00 13084063744.00 13094867968.00 13105752064.00 13116622848.00 13127315456.00 13138244608.00 13148958720.00 13159851008.00 13170649088.00 13181614080.00 13192391680.00 13203226624.00 13213863936.00 13224914944.00 13235805184.00 13246622720.00 
13257174016.00 13268304896.00 13278993408.00 13290003456.00 13300731904.00 13311270912.00 13322535936.00 13333394432.00 13344100352.00 13355000832.00 13365663744.00 13376961536.00 13387337728.00 13398388736.00 13409121280.00 13419991040.00 13430878208.00 13441777664.00 13452329984.00 13463442432.00 
13473625088.00 13485094912.00 13495921664.00 13506772992.00 13517565952.00 13528380416.00 13539275776.00 13550084096.00 13560673280.00 13571672064.00 13578626048.00 13593676800.00 13604357120.00 13615115264.00 13626045440.00 13636842496.00 13647628288.00 13658523648.00 13669349376.00 13680205824.00 
13690760192.00 13701954560.00 13712731136.00 13723404288.00 13734201344.00 13745210368.00 13756081152.00 13766964224.00 13777728512.00 13788609536.00 13799303168.00 13810250752.00 13820923904.00 13832289280.00 13842866176.00 13853295616.00 13864475648.00 13875376128.00 13886182400.00 13897037824.00 
13906578432.00 13918717952.00 13929407488.00 13940186112.00 13951174656.00 13961931776.00 13973074944.00 13983764480.00 13994477568.00 14005438464.00 14016091136.00 14027059200.00 14037879808.00 14048761856.00 14059292672.00 14070433792.00 14081047552.00 14092113920.00 14102941696.00 14113827840.00 
14123049984.00 14135534592.00 14146296832.00 14157105152.00 14167856128.00 14178792448.00 14189647872.00 14200507392.00 14211354624.00 14222158848.00 14232871936.00 14243842048.00 14254468096.00 14265570304.00 14276346880.00 14287140864.00 14298027008.00 14308824064.00 14319688704.00 14330569728.00 
14340767744.00 14352245760.00 14362966016.00 14373889024.00 14384685056.00 14395164672.00 14406331392.00 14417180672.00 14427743232.00 14438777856.00 14449391616.00 14460230656.00 14470630400.00 14478808064.00 14495010816.00 14504695808.00 14515239936.00 14526058496.00 14536806400.00 14547667968.00 
14558143488.00 14569288704.00 14580073472.00 14590941184.00 14601480192.00 14612500480.00 14623349760.00 14634279936.00 14645010432.00 14655911936.00 14665946112.00 14677597184.00 14688272384.00 14699378688.00 14710061056.00 14720899072.00 14731737088.00 14742505472.00 14753366016.00 14764317696.00 
14773821440.00 14785973248.00 14796760064.00 14807614464.00 14818456576.00 14829227008.00 14840145920.00 14850934784.00 14861643776.00 14872691712.00 14883347456.00 14894349312.00 14905116672.00 14916005888.00 14926802944.00 14935668736.00 14948319232.00 14959331328.00 14970228736.00 14981049344.00 
14991590400.00 15002850304.00 15013533696.00 15024434176.00 15035049984.00 15046170624.00 15056955392.00 15067777024.00 15078574080.00 15089494016.00 15100138496.00 15111055360.00 15121726464.00 15132841984.00 15143772160.00 15154410496.00 15165252608.00 15176170496.00 15186953216.00 15197751296.00 
15205434368.00 15219625984.00 15230403584.00 15241377792.00 15252011008.00 15262838784.00 15273715712.00 15284554752.00 15295167488.00 15306189824.00 15316928512.00 15327866880.00 15338836992.00 15349620736.00 15360423936.00 15371218944.00 15381994496.00 15392975872.00 15403782144.00 15414660096.00 
15425164288.00 15436191744.00 15447128064.00 15457933312.00 15468568576.00 15479254016.00 15490433024.00 15501254656.00 15511781376.00 15523545088.00 15533882368.00 15544813568.00 15555501056.00 15566457856.00 15577346048.00 15588051968.00 15598946304.00 15609762816.00 15620579328.00 15631407104.00 
15641010176.00 15653177344.00 15663967232.00 15674768384.00 15685538816.00 15696451584.00 15707308032.00 15718149120.00 15728859136.00 15739882496.00 15749892096.00 15761715200.00 15772271616.00 15783229440.00 15793865728.00 15804995584.00 15815524352.00 15826582528.00 15837400064.00 15848216576.00 
15858777088.00 15869965312.00 15880777728.00 15891598336.00 15902327808.00 15913208832.00 15924046848.00 15935088640.00 15945755648.00 15956626432.00 15967332352.00 15978352640.00 15988927488.00 15999959040.00 16010903552.00 16021300224.00 16032443392.00 16043386880.00 16054113280.00 16065106944.00 
16075235328.00 16086677504.00 16097524736.00 16108434432.00 16119239680.00 16130006016.00 16140894208.00 16151705600.00 16162320384.00 16173400064.00 16184079360.00 16195089408.00 16205828096.00 16216765440.00 16227587072.00 16238309376.00 16249043968.00 16259908608.00 16270665728.00 16281198592.00 
16284540928.00 16304189440.00 16314665984.00 16325420032.00 16335969280.00 16346959872.00 16357816320.00 16368635904.00 16379416576.00 16390315008.00 16400963584.00 16411922432.00 16422669312.00 16433630208.00 16444429312.00 16455203840.00 16466099200.00 16476949504.00 16487822336.00 16498797568.00 
16508227584.00 16520342528.00 16531155968.00 16542025728.00 16552930304.00 16563322880.00 16574499840.00 16585366528.00 16596110336.00 16606979072.00 16617788416.00 16628762624.00 16639577088.00 16650416128.00 16661291008.00 16672069632.00 16682689536.00 16693739520.00 16704479232.00 16715549696.00 
16726016000.00 16737314816.00 16748006400.00 16758865920.00 16769550336.00 16780406784.00 16791337984.00 16802161664.00 16812953600.00 16823824384.00 16833890304.00 16845321216.00 16856117248.00 16867190784.00 16877957120.00 16888600576.00 16899959808.00 16910618624.00 16921431040.00 16932267008.00 
16942474240.00 16954193920.00 16964758528.00 16975618048.00 16986401792.00 16997141504.00 17008121856.00 17018874880.00 17029577728.00 17040662528.00 17051318272.00 17062241280.00 17073222656.00 17084004352.00 17094831104.00 17105312768.00 17116440576.00 17127393280.00 17138201600.00 17149601792.00 
17159588864.00 17170743296.00 17181538304.00 17192353792.00 17203011584.00 17214035968.00 17224853504.00 17235771392.00 17246511104.00 17257392128.00 17268129792.00 17279137792.00 17289834496.00 17300768768.00 17311602688.00 17322362880.00 17333194752.00 17344032768.00 17354817536.00 17365446656.00 
17370212352.00 17387952128.00 17398571008.00 17409361920.00 17420105728.00 17430915072.00 17441753088.00 17452601344.00 17463353344.00 17474283520.00 17484974080.00 17495904256.00 17506762752.00 17517748224.00 17528377344.00 17539227648.00 17549907968.00 17560764416.00 17571833856.00 17582159872.00 
17593206784.00 17604333568.00 17615167488.00 17625987072.00 17636714496.00 17645701120.00 17658525696.00 17669390336.00 17680207872.00 17691054080.00 17701791744.00 17712764928.00 17723326464.00 17734393856.00 17745248256.00 17755983872.00 17766664192.00 17777924096.00 17788631040.00 17799499776.00 
17809670144.00 17820893184.00 17831960576.00 17842898944.00 17853612032.00 17864411136.00 17875263488.00 17885554688.00 17896802304.00 17907849216.00 17917902848.00 17929472000.00 17940219904.00 17951219712.00 17962035200.00 17972764672.00 17983629312.00 17994510336.00 18005385216.00 18016233472.00 
18026768384.00 18037716992.00 18048761856.00 18059517952.00 18070122496.00 18081073152.00 18091692032.00 18103867392.00 18113996800.00 18124789760.00 18135422976.00 18146422784.00 18157086720.00 18168018944.00 18178859008.00 18189324288.00 18200528896.00 18211358720.00 18222225408.00 18232942592.00 
18242619392.00 18254761984.00 18265561088.00 18276440064.00 18287083520.00 18298062848.00 18308931584.00 18319736832.00 18330505216.00 18341500928.00 18352142336.00 18363088896.00 18373738496.00 18384883712.00 18395678720.00 18406469632.00 18417100800.00 18428485632.00 18438969344.00 18449858560.00 
18459074560.00 18471579648.00 18482335744.00 18493220864.00 18503989248.00 18514860032.00 18525769728.00 18536493056.00 18547337216.00 18558208000.00 18568919040.00 18579896320.00 18590453760.00 18601428992.00 18611687424.00 18623522816.00 18634211328.00 18645078016.00 18655852544.00 18666606592.00 
18676871168.00 18688434176.00 18699143168.00 18710018048.00 18720747520.00 18731315200.00 18742484992.00 18753288192.00 18763997184.00 18775107584.00 18785757184.00 18796777472.00 18807521280.00 18818301952.00 18829318144.00 18840064000.00 18850844672.00 18861807616.00 18872606720.00 18883325952.00 
18893996032.00 18905081856.00 18916116480.00 18926798848.00 18937403392.00 18948421632.00 18959239168.00 18970157056.00 18980880384.00 18991714304.00 18998628352.00 19013656576.00 19024332800.00 19035246592.00 19046049792.00 19056826368.00 19067645952.00 19078504448.00 19089416192.00 19100237824.00 
19109826560.00 19121889280.00 19132807168.00 19143606272.00 19154362368.00 19165337600.00 19176140800.00 19187075072.00 19197687808.00 19208630272.00 19219341312.00 19230373888.00 19241121792.00 19252008960.00 19262812160.00 19273252864.00 19284236288.00 19295184896.00 19306782720.00 19317096448.00 
19327633408.00 19338760192.00 19349587968.00 19360413696.00 19371171840.00 19382036480.00 19392942080.00 19403776000.00 19414568960.00 19425417216.00 19436185600.00 19447097344.00 19457738752.00 19468691456.00 19479633920.00 19490459648.00 19501307904.00 19512154112.00 19522988032.00 19533795328.00 
19541452800.00 19555657728.00 19566450688.00 19577235456.00 19588063232.00 19598876672.00 19609722880.00 19620548608.00 19631159296.00 19642224640.00 19652984832.00 19663931392.00 19674759168.00 19685615616.00 19696535552.00 19707207680.00 19717990400.00 19728979968.00 19739332608.00 19750696960.00 
19761217536.00 19772360704.00 19783174144.00 19793930240.00 19804608512.00 19815333888.00 19826309120.00 19837409280.00 19848155136.00 19859058688.00 19869732864.00 19880837120.00 19891417088.00 19902197760.00 19913342976.00 19924051968.00 19934869504.00 19945775104.00 19956625408.00 19967438848.00 
19976994816.00 19989096448.00 19999889408.00 20010756096.00 20021559296.00 20032385024.00 20042897408.00 20054274048.00 20064884736.00 20075814912.00 20085895168.00 20097509376.00 20108398592.00 20119234560.00 20130021376.00 20140800000.00 20151449600.00 20162220032.00 20173453312.00 20184258560.00 
20194764800.00 20205877248.00 20216580096.00 20227467264.00 20238327808.00 20249198592.00 20260030464.00 20271075328.00 20281782272.00 20292663296.00 20303314944.00 20314648576.00 20324907008.00 20335841280.00 20346755072.00 20355667968.00 20368502784.00 20379371520.00 20390148096.00 20401057792.00 
20411230208.00 20422709248.00 20433428480.00 20444454912.00 20455165952.00 20465989632.00 20476887040.00 20487708672.00 20498323456.00 20509722624.00 20520153088.00 20531146752.00 20541935616.00 20552763392.00 20563589120.00 20574474240.00 20585193472.00 20596162560.00 20606988288.00 20617885696.00 
20627030016.00 20639602688.00 20650330112.00 20661147648.00 20671727616.00 20682887168.00 20693700608.00 20704745472.00 20715304960.00 20725968896.00 20736897024.00 20747864064.00 20758607872.00 20769105920.00 20780423168.00 20791212032.00 20802029568.00 20812933120.00 20823732224.00 20834576384.00 
20844132352.00 20856268800.00 20867078144.00 20877740032.00 20888717312.00 20899223552.00 20910639104.00 20921229312.00 20932007936.00 20943042560.00 20953661440.00 20964282368.00 20975413248.00 20986314752.00 20997160960.00 21007929344.00 21018589184.00 21029570560.00 21040541696.00 21051326464.00 
21061896192.00 21072984064.00 21083787264.00 21094748160.00 21105430528.00 21116313600.00 21127333888.00 21138032640.00 21148809216.00 21159743488.00 21169747968.00 21181356032.00 21191964672.00 21203079168.00 21213845504.00 21224640512.00 21235496960.00 21246484480.00 21257218048.00 21268068352.00 
21278251008.00 21289711616.00 21300559872.00 21311483904.00 21322190848.00 21333022720.00 21343850496.00 21354743808.00 21365313536.00 21376450560.00 21387073536.00 21397921792.00 21408804864.00 21419778048.00 21430454272.00 21440937984.00 21452029952.00 21462870016.00 21473718272.00 21484611584.00 
21495105536.00 21506283520.00 21517041664.00 21527818240.00 21538390016.00 21549404160.00 21560221696.00 21570996224.00 21581729792.00 21592537088.00 21603160064.00 21614034944.00 21624555520.00 21635352576.00 21645928448.00 21656354816.00 21666691072.00 21676644352.00 21685702656.00 21691119616.00 
end   dump: w
==END   DUMP_ARRAYS==
Time in seconds = 0.050049
