Sender: LSF System <lsfadmin@polus-c2-ib.bmc.hpc.cs.msu.ru>
Subject: Job 493858: <./large.o> in cluster <MSUCluster> Done

Job <./large.o> was submitted from host <polus-ib.bmc.hpc.cs.msu.ru> by user <edu-cmc-skpod19-328-11> in cluster <MSUCluster> at Fri Nov 29 23:38:31 2019
Job was executed on host(s) <8*polus-c2-ib.bmc.hpc.cs.msu.ru>, in queue <short>, as user <edu-cmc-skpod19-328-11> in cluster <MSUCluster> at Fri Nov 29 23:39:51 2019
                            <1*polus-c4-ib.bmc.hpc.cs.msu.ru>
</home_edu/edu-cmc-skpod19-328/edu-cmc-skpod19-328-11> was used as the home directory.
</home_edu/edu-cmc-skpod19-328/edu-cmc-skpod19-328-11/dep_gemver> was used as the working directory.
Started at Fri Nov 29 23:39:51 2019
Terminated at Fri Nov 29 23:39:54 2019
Results reported at Fri Nov 29 23:39:54 2019

Your job looked like:

------------------------------------------------------------
# LSBATCH: User input
./large.o
------------------------------------------------------------

Successfully completed.

Resource usage summary:

    CPU time :                                   14.96 sec.
    Max Memory :                                 20 MB
    Average Memory :                             14.67 MB
    Total Requested Memory :                     -
    Delta Memory :                               -
    Max Swap :                                   -
    Max Processes :                              3
    Max Threads :                                4
    Run time :                                   3 sec.
    Turnaround time :                            83 sec.

The output (if any) follows:

==BEGIN DUMP_ARRAYS==
begin dump: w
0.00 0.00 0.00 0.00 0.00 0.00 0.00 0.00 0.00 0.00 0.00 0.00 0.00 0.00 0.00 0.00 0.00 0.00 0.00 0.00 
0.00 0.00 0.00 0.00 0.00 0.00 0.00 0.00 0.00 0.00 0.00 0.00 0.00 0.00 0.00 0.00 0.00 0.00 0.00 0.00 
0.00 0.00 0.00 0.00 0.00 0.00 0.00 0.00 0.00 0.00 0.00 0.00 0.00 0.00 0.00 0.00 0.00 0.00 0.00 0.00 
0.00 0.00 0.00 0.00 0.00 0.00 0.00 0.00 0.00 0.00 0.00 0.00 0.00 0.00 0.00 0.00 0.00 0.00 0.00 0.00 
0.00 0.00 0.00 0.00 0.00 0.00 0.00 0.00 0.00 0.00 0.00 0.00 0.00 0.00 0.00 0.00 0.00 0.00 0.00 0.00 
0.00 0.00 0.00 0.00 0.00 0.00 0.00 0.00 0.00 0.00 0.00 0.00 0.00 0.00 0.00 0.00 0.00 0.00 0.00 0.00 
0.00 0.00 0.00 0.00 0.00 0.00 0.00 0.00 0.00 0.00 0.00 0.00 0.00 0.00 0.00 0.00 0.00 0.00 0.00 0.00 
0.00 0.00 0.00 0.00 0.00 0.00 0.00 0.00 0.00 0.00 0.00 0.00 0.00 0.00 0.00 0.00 0.00 0.00 0.00 0.00 
0.00 0.00 0.00 0.00 0.00 0.00 0.00 0.00 0.00 0.00 0.00 0.00 0.00 0.00 0.00 0.00 0.00 0.00 0.00 0.00 
0.00 0.00 0.00 0.00 0.00 0.00 0.00 0.00 0.00 0.00 0.00 0.00 0.00 0.00 0.00 0.00 0.00 0.00 0.00 0.00 
0.00 0.00 0.00 0.00 0.00 0.00 0.00 0.00 0.00 0.00 0.00 0.00 0.00 0.00 0.00 0.00 0.00 0.00 0.00 0.00 
0.00 0.00 0.00 0.00 0.00 0.00 0.00 0.00 0.00 0.00 0.00 0.00 0.00 0.00 0.00 0.00 0.00 0.00 0.00 0.00 
0.00 0.00 0.00 0.00 0.00 0.00 0.00 0.00 0.00 0.00 0.00 0.00 0.00 0.00 0.00 0.00 0.00 0.00 0.00 0.00 
0.00 0.00 0.00 0.00 0.00 0.00 0.00 0.00 0.00 0.00 0.00 0.00 0.00 0.00 0.00 0.00 0.00 0.00 0.00 0.00 
0.00 0.00 0.00 0.00 0.00 0.00 0.00 0.00 0.00 0.00 0.00 0.00 0.00 0.00 0.00 0.00 0.00 0.00 0.00 0.00 
0.00 0.00 0.00 0.00 0.00 0.00 0.00 0.00 0.00 0.00 0.00 0.00 0.00 0.00 0.00 0.00 0.00 0.00 0.00 0.00 
0.00 0.00 0.00 0.00 0.00 0.00 0.00 0.00 0.00 0.00 0.00 0.00 0.00 0.00 0.00 0.00 0.00 0.00 0.00 0.00 
0.00 0.00 0.00 0.00 0.00 0.00 0.00 0.00 0.00 0.00 0.00 0.00 0.00 0.00 0.00 0.00 0.00 0.00 0.00 0.00 
0.00 0.00 0.00 0.00 0.00 0.00 0.00 0.00 0.00 0.00 0.00 0.00 0.00 0.00 0.00 0.00 0.00 0.00 0.00 0.00 
0.00 0.00 0.00 0.00 0.00 0.00 0.00 0.00 0.00 0.00 0.00 0.00 0.00 0.00 0.00 0.00 0.00 0.00 0.00 0.00 
0.00 0.00 0.00 0.00 0.00 0.00 0.00 0.00 0.00 0.00 0.00 0.00 0.00 0.00 0.00 0.00 0.00 0.00 0.00 0.00 
0.00 0.00 0.00 0.00 0.00 0.00 0.00 0.00 0.00 0.00 0.00 0.00 0.00 0.00 0.00 0.00 0.00 0.00 0.00 0.00 
0.00 0.00 0.00 0.00 0.00 0.00 0.00 0.00 0.00 0.00 0.00 0.00 0.00 0.00 0.00 0.00 0.00 0.00 0.00 0.00 
0.00 0.00 0.00 0.00 0.00 0.00 0.00 0.00 0.00 0.00 0.00 0.00 0.00 0.00 0.00 0.00 0.00 0.00 0.00 0.00 
0.00 0.00 0.00 0.00 0.00 0.00 0.00 0.00 0.00 0.00 0.00 0.00 0.00 0.00 0.00 0.00 0.00 0.00 0.00 0.00 
0.00 0.00 0.00 0.00 0.00 0.00 0.00 0.00 0.00 0.00 0.00 0.00 0.00 0.00 0.00 0.00 0.00 0.00 0.00 0.00 
0.00 0.00 0.00 0.00 0.00 0.00 0.00 0.00 0.00 0.00 0.00 0.00 0.00 0.00 0.00 0.00 0.00 0.00 0.00 0.00 
0.00 0.00 0.00 0.00 0.00 0.00 0.00 0.00 0.00 0.00 0.00 0.00 0.00 0.00 0.00 0.00 0.00 0.00 0.00 0.00 
0.00 0.00 0.00 0.00 0.00 0.00 0.00 0.00 0.00 0.00 0.00 0.00 0.00 0.00 0.00 0.00 0.00 0.00 0.00 0.00 
0.00 0.00 0.00 0.00 0.00 0.00 0.00 0.00 0.00 0.00 0.00 0.00 0.00 0.00 0.00 0.00 0.00 0.00 0.00 0.00 
0.00 0.00 0.00 0.00 0.00 0.00 0.00 0.00 0.00 0.00 0.00 0.00 0.00 0.00 0.00 0.00 0.00 0.00 0.00 0.00 
0.00 0.00 0.00 0.00 0.00 0.00 0.00 0.00 0.00 0.00 0.00 0.00 0.00 0.00 0.00 0.00 0.00 0.00 0.00 0.00 
0.00 0.00 0.00 0.00 0.00 0.00 0.00 0.00 0.00 0.00 0.00 0.00 0.00 0.00 0.00 0.00 0.00 0.00 0.00 0.00 
0.00 0.00 0.00 0.00 0.00 0.00 0.00 0.00 0.00 0.00 0.00 0.00 0.00 0.00 0.00 0.00 0.00 0.00 0.00 0.00 
0.00 0.00 0.00 0.00 0.00 0.00 0.00 0.00 0.00 0.00 0.00 0.00 0.00 0.00 0.00 0.00 0.00 0.00 0.00 0.00 
0.00 0.00 0.00 0.00 0.00 0.00 0.00 0.00 0.00 0.00 0.00 0.00 0.00 0.00 0.00 0.00 0.00 0.00 0.00 0.00 
0.00 0.00 0.00 0.00 0.00 0.00 0.00 0.00 0.00 0.00 0.00 0.00 0.00 0.00 0.00 0.00 0.00 0.00 0.00 0.00 
0.00 0.00 0.00 0.00 0.00 0.00 0.00 0.00 0.00 0.00 0.00 0.00 0.00 0.00 0.00 0.00 0.00 0.00 0.00 0.00 
0.00 0.00 0.00 0.00 0.00 0.00 0.00 0.00 0.00 0.00 0.00 0.00 0.00 0.00 0.00 0.00 0.00 0.00 0.00 0.00 
0.00 0.00 0.00 0.00 0.00 0.00 0.00 0.00 0.00 0.00 0.00 0.00 0.00 0.00 0.00 0.00 0.00 0.00 0.00 0.00 
0.00 0.00 0.00 0.00 0.00 0.00 0.00 0.00 0.00 0.00 0.00 0.00 0.00 0.00 0.00 0.00 0.00 0.00 0.00 0.00 
0.00 0.00 0.00 0.00 0.00 0.00 0.00 0.00 0.00 0.00 0.00 0.00 0.00 0.00 0.00 0.00 0.00 0.00 0.00 0.00 
0.00 0.00 0.00 0.00 0.00 0.00 0.00 0.00 0.00 0.00 0.00 0.00 0.00 0.00 0.00 0.00 0.00 0.00 0.00 0.00 
0.00 0.00 0.00 0.00 0.00 0.00 0.00 0.00 0.00 0.00 0.00 0.00 0.00 0.00 0.00 0.00 0.00 0.00 0.00 0.00 
0.00 0.00 0.00 0.00 0.00 0.00 0.00 0.00 0.00 0.00 0.00 0.00 0.00 0.00 0.00 0.00 0.00 0.00 0.00 0.00 
0.00 0.00 0.00 0.00 0.00 0.00 0.00 0.00 0.00 0.00 0.00 0.00 0.00 0.00 0.00 0.00 0.00 0.00 0.00 0.00 
0.00 0.00 0.00 0.00 0.00 0.00 0.00 0.00 0.00 0.00 0.00 0.00 0.00 0.00 0.00 0.00 0.00 0.00 0.00 0.00 
0.00 0.00 0.00 0.00 0.00 0.00 0.00 0.00 0.00 0.00 0.00 0.00 0.00 0.00 0.00 0.00 0.00 0.00 0.00 0.00 
0.00 0.00 0.00 0.00 0.00 0.00 0.00 0.00 0.00 0.00 0.00 0.00 0.00 0.00 0.00 0.00 0.00 0.00 0.00 0.00 
0.00 0.00 0.00 0.00 0.00 0.00 0.00 0.00 0.00 0.00 0.00 0.00 0.00 0.00 0.00 0.00 0.00 0.00 0.00 0.00 
0.00 0.00 0.00 0.00 0.00 0.00 0.00 0.00 0.00 0.00 0.00 0.00 0.00 0.00 0.00 0.00 0.00 0.00 0.00 0.00 
0.00 0.00 0.00 0.00 0.00 0.00 0.00 0.00 0.00 0.00 0.00 0.00 0.00 0.00 0.00 0.00 0.00 0.00 0.00 0.00 
0.00 0.00 0.00 0.00 0.00 0.00 0.00 0.00 0.00 0.00 0.00 0.00 0.00 0.00 0.00 0.00 0.00 0.00 0.00 0.00 
0.00 0.00 0.00 0.00 0.00 0.00 0.00 0.00 0.00 0.00 0.00 0.00 0.00 0.00 0.00 0.00 0.00 0.00 0.00 0.00 
0.00 0.00 0.00 0.00 0.00 0.00 0.00 0.00 0.00 0.00 0.00 0.00 0.00 0.00 0.00 0.00 0.00 0.00 0.00 0.00 
0.00 0.00 0.00 0.00 0.00 0.00 0.00 0.00 0.00 0.00 0.00 0.00 0.00 0.00 0.00 0.00 0.00 0.00 0.00 0.00 
0.00 0.00 0.00 0.00 0.00 0.00 0.00 0.00 0.00 0.00 0.00 0.00 0.00 0.00 0.00 0.00 0.00 0.00 0.00 0.00 
0.00 0.00 0.00 0.00 0.00 0.00 0.00 0.00 0.00 0.00 0.00 0.00 0.00 0.00 0.00 0.00 0.00 0.00 0.00 0.00 
0.00 0.00 0.00 0.00 0.00 0.00 0.00 0.00 0.00 0.00 0.00 0.00 0.00 0.00 0.00 0.00 0.00 0.00 0.00 0.00 
0.00 0.00 0.00 0.00 0.00 0.00 0.00 0.00 0.00 0.00 0.00 0.00 0.00 0.00 0.00 0.00 0.00 0.00 0.00 0.00 
0.00 0.00 0.00 0.00 0.00 0.00 0.00 0.00 0.00 0.00 0.00 0.00 0.00 0.00 0.00 0.00 0.00 0.00 0.00 0.00 
0.00 0.00 0.00 0.00 0.00 0.00 0.00 0.00 0.00 0.00 0.00 0.00 0.00 0.00 0.00 0.00 0.00 0.00 0.00 0.00 
0.00 0.00 0.00 0.00 0.00 0.00 0.00 0.00 0.00 0.00 0.00 0.00 0.00 0.00 0.00 0.00 0.00 0.00 0.00 0.00 
0.00 0.00 0.00 0.00 0.00 0.00 0.00 0.00 0.00 0.00 0.00 0.00 0.00 0.00 0.00 0.00 0.00 0.00 0.00 0.00 
0.00 0.00 0.00 0.00 0.00 0.00 0.00 0.00 0.00 0.00 0.00 0.00 0.00 0.00 0.00 0.00 0.00 0.00 0.00 0.00 
0.00 0.00 0.00 0.00 0.00 0.00 0.00 0.00 0.00 0.00 0.00 0.00 0.00 0.00 0.00 0.00 0.00 0.00 0.00 0.00 
0.00 0.00 0.00 0.00 0.00 0.00 0.00 0.00 0.00 0.00 0.00 0.00 0.00 0.00 0.00 0.00 0.00 0.00 0.00 0.00 
0.00 0.00 0.00 0.00 0.00 0.00 0.00 0.00 0.00 0.00 0.00 0.00 0.00 0.00 0.00 0.00 0.00 0.00 0.00 0.00 
0.00 0.00 0.00 0.00 0.00 0.00 0.00 0.00 0.00 0.00 0.00 0.00 0.00 0.00 0.00 0.00 0.00 0.00 0.00 0.00 
0.00 0.00 0.00 0.00 0.00 0.00 0.00 0.00 0.00 0.00 0.00 0.00 0.00 0.00 0.00 0.00 0.00 0.00 0.00 0.00 
0.00 0.00 0.00 0.00 0.00 0.00 0.00 0.00 0.00 0.00 0.00 0.00 0.00 0.00 0.00 0.00 0.00 0.00 0.00 0.00 
0.00 0.00 0.00 0.00 0.00 0.00 0.00 0.00 0.00 0.00 0.00 0.00 0.00 0.00 0.00 0.00 0.00 0.00 0.00 0.00 
0.00 0.00 0.00 0.00 0.00 0.00 0.00 0.00 0.00 0.00 0.00 0.00 0.00 0.00 0.00 0.00 0.00 0.00 0.00 0.00 
0.00 0.00 0.00 0.00 0.00 0.00 0.00 0.00 0.00 0.00 0.00 0.00 0.00 0.00 0.00 0.00 0.00 0.00 0.00 0.00 
0.00 0.00 0.00 0.00 0.00 0.00 0.00 0.00 0.00 0.00 0.00 0.00 0.00 0.00 0.00 0.00 0.00 0.00 0.00 0.00 
0.00 0.00 0.00 0.00 0.00 0.00 0.00 0.00 0.00 0.00 0.00 0.00 0.00 0.00 0.00 0.00 0.00 0.00 0.00 0.00 
0.00 0.00 0.00 0.00 0.00 0.00 0.00 0.00 0.00 0.00 0.00 0.00 0.00 0.00 0.00 0.00 0.00 0.00 0.00 0.00 
0.00 0.00 0.00 0.00 0.00 0.00 0.00 0.00 0.00 0.00 0.00 0.00 0.00 0.00 0.00 0.00 0.00 0.00 0.00 0.00 
0.00 0.00 0.00 0.00 0.00 0.00 0.00 0.00 0.00 0.00 0.00 0.00 0.00 0.00 0.00 0.00 0.00 0.00 0.00 0.00 
0.00 0.00 0.00 0.00 0.00 0.00 0.00 0.00 0.00 0.00 0.00 0.00 0.00 0.00 0.00 0.00 0.00 0.00 0.00 0.00 
0.00 0.00 0.00 0.00 0.00 0.00 0.00 0.00 0.00 0.00 0.00 0.00 0.00 0.00 0.00 0.00 0.00 0.00 0.00 0.00 
0.00 0.00 0.00 0.00 0.00 0.00 0.00 0.00 0.00 0.00 0.00 0.00 0.00 0.00 0.00 0.00 0.00 0.00 0.00 0.00 
0.00 0.00 0.00 0.00 0.00 0.00 0.00 0.00 0.00 0.00 0.00 0.00 0.00 0.00 0.00 0.00 0.00 0.00 0.00 0.00 
0.00 0.00 0.00 0.00 0.00 0.00 0.00 0.00 0.00 0.00 0.00 0.00 0.00 0.00 0.00 0.00 0.00 0.00 0.00 0.00 
0.00 0.00 0.00 0.00 0.00 0.00 0.00 0.00 0.00 0.00 0.00 0.00 0.00 0.00 0.00 0.00 0.00 0.00 0.00 0.00 
0.00 0.00 0.00 0.00 0.00 0.00 0.00 0.00 0.00 0.00 0.00 0.00 0.00 0.00 0.00 0.00 0.00 0.00 0.00 0.00 
0.00 0.00 0.00 0.00 0.00 0.00 0.00 0.00 0.00 0.00 0.00 0.00 0.00 0.00 0.00 0.00 0.00 0.00 0.00 0.00 
0.00 0.00 0.00 0.00 0.00 0.00 0.00 0.00 0.00 0.00 0.00 0.00 0.00 0.00 0.00 0.00 0.00 0.00 0.00 0.00 
0.00 0.00 0.00 0.00 0.00 0.00 0.00 0.00 0.00 0.00 0.00 0.00 0.00 0.00 0.00 0.00 0.00 0.00 0.00 0.00 
0.00 0.00 0.00 0.00 0.00 0.00 0.00 0.00 0.00 0.00 0.00 0.00 0.00 0.00 0.00 0.00 0.00 0.00 0.00 0.00 
0.00 0.00 0.00 0.00 0.00 0.00 0.00 0.00 0.00 0.00 0.00 0.00 0.00 0.00 0.00 0.00 0.00 0.00 0.00 0.00 
0.00 0.00 0.00 0.00 0.00 0.00 0.00 0.00 0.00 0.00 0.00 0.00 0.00 0.00 0.00 0.00 0.00 0.00 0.00 0.00 
0.00 0.00 0.00 0.00 0.00 0.00 0.00 0.00 0.00 0.00 0.00 0.00 0.00 0.00 0.00 0.00 0.00 0.00 0.00 0.00 
0.00 0.00 0.00 0.00 0.00 0.00 0.00 0.00 0.00 0.00 0.00 0.00 0.00 0.00 0.00 0.00 0.00 0.00 0.00 0.00 
0.00 0.00 0.00 0.00 0.00 0.00 0.00 0.00 0.00 0.00 0.00 0.00 0.00 0.00 0.00 0.00 0.00 0.00 0.00 0.00 
0.00 0.00 0.00 0.00 0.00 0.00 0.00 0.00 0.00 0.00 0.00 0.00 0.00 0.00 0.00 0.00 0.00 0.00 0.00 0.00 
0.00 0.00 0.00 0.00 0.00 0.00 0.00 0.00 0.00 0.00 0.00 0.00 0.00 0.00 0.00 0.00 0.00 0.00 0.00 0.00 
0.00 0.00 0.00 0.00 0.00 0.00 0.00 0.00 0.00 0.00 0.00 0.00 0.00 0.00 0.00 0.00 0.00 0.00 0.00 0.00 
0.00 0.00 0.00 0.00 0.00 0.00 0.00 0.00 0.00 0.00 0.00 0.00 0.00 0.00 0.00 0.00 0.00 0.00 0.00 0.00 
0.00 0.00 0.00 0.00 0.00 0.00 0.00 0.00 0.00 0.00 0.00 0.00 0.00 0.00 0.00 0.00 0.00 0.00 0.00 0.00 
end   dump: w
==END   DUMP_ARRAYS==
==BEGIN DUMP_ARRAYS==
begin dump: w
1863.43 55873004.00 61513224.00 70824984.00 81027032.00 91605344.00 102460952.00 113458848.00 124321232.00 135448640.00 146318944.00 157557488.00 168617168.00 179781360.00 190927104.00 201944368.00 212949184.00 224326160.00 235380128.00 246597024.00 
257441904.00 268935296.00 280111936.00 291349248.00 302271904.00 313145952.00 324767168.00 335855968.00 347011968.00 358381632.00 369238656.00 380486848.00 391526496.00 402896672.00 414096640.00 425155104.00 436371232.00 447544320.00 458785376.00 469958912.00 
480474432.00 492293120.00 503480448.00 514564800.00 525808384.00 536959232.00 548220480.00 559387456.00 570294272.00 581746176.00 592079168.00 604049664.00 615204672.00 626451328.00 637472576.00 648733824.00 659853888.00 671112576.00 682382080.00 693561408.00 
704368704.00 715866176.00 726977024.00 738329600.00 749161088.00 760539136.00 771762560.00 782969472.00 794087616.00 805679488.00 816329216.00 827608640.00 838747392.00 850103168.00 861008832.00 871995392.00 883533888.00 894952064.00 905918848.00 917096448.00 
926959680.00 939475392.00 950646464.00 961808320.00 972965696.00 984100224.00 995303104.00 1007025728.00 1017631744.00 1028953472.00 1039940480.00 1051525056.00 1062436032.00 1073400896.00 1084793344.00 1095843712.00 1106950912.00 1118399104.00 1129523840.00 1140615296.00 
1150247936.00 1163007488.00 1174254336.00 1185424512.00 1196513280.00 1207648896.00 1219000448.00 1230207488.00 1241260800.00 1252530048.00 1263570432.00 1274613376.00 1285872512.00 1297325440.00 1308442496.00 1319579776.00 1330778112.00 1341946880.00 1353255808.00 1364358144.00 
1374900864.00 1386715776.00 1397905920.00 1409045888.00 1420175232.00 1429330432.00 1442680960.00 1453987456.00 1464755072.00 1475842560.00 1487211392.00 1498500096.00 1509653632.00 1520769408.00 1532126592.00 1543214464.00 1554347264.00 1565776128.00 1576983040.00 1588021760.00 
1598853248.00 1610336640.00 1621466240.00 1633117696.00 1643696128.00 1655046656.00 1666275968.00 1677417344.00 1688496128.00 1699839360.00 1710177408.00 1722220672.00 1733224320.00 1744446720.00 1756126848.00 1766877440.00 1778042496.00 1789316480.00 1800488832.00 1811661312.00 
1821501312.00 1834007424.00 1845130624.00 1856352896.00 1867515648.00 1878637440.00 1889787264.00 1901316480.00 1912194304.00 1923334272.00 1934487552.00 1945796224.00 1956940672.00 1968166144.00 1979579648.00 1990143744.00 2001475328.00 2013001856.00 2024060416.00 2035246336.00 
2046104448.00 2057575936.00 2069304960.00 2080004480.00 2091101696.00 2102313088.00 2113437184.00 2124739200.00 2135848960.00 2147109120.00 2158092544.00 2169477376.00 2180397312.00 2191846912.00 2203003392.00 2214080768.00 2225269760.00 2236528640.00 2247640832.00 2258781184.00 
2266750208.00 2281335552.00 2292444416.00 2303665664.00 2314755840.00 2325919744.00 2337183744.00 2348489728.00 2359308032.00 2370774528.00 2381727232.00 2393147648.00 2404237824.00 2415467008.00 2426605824.00 2437756672.00 2448873728.00 2460193024.00 2471331328.00 2482533376.00 
2493379328.00 2504878336.00 2515487488.00 2527484160.00 2538295296.00 2549294080.00 2560871936.00 2572026624.00 2583163904.00 2594330368.00 2605417984.00 2616784640.00 2627824640.00 2639027200.00 2650251008.00 2661300992.00 2672640000.00 2683850752.00 2694961920.00 2706267392.00 
2716065024.00 2728591872.00 2739728384.00 2751021568.00 2762106112.00 2773243136.00 2784444928.00 2795638016.00 2806664704.00 2817912320.00 2825057024.00 2840545792.00 2851608320.00 2862781440.00 2874026496.00 2885071872.00 2896066560.00 2907500800.00 2918495488.00 2929917440.00 
2940705792.00 2952358912.00 2963383552.00 2974574080.00 2985628928.00 2996855296.00 3008043520.00 3019435264.00 3030453504.00 3041628160.00 3052688384.00 3064022528.00 3074948352.00 3086485248.00 3097634048.00 3108350720.00 3119975936.00 3131145728.00 3142311680.00 3153414144.00 
3164001024.00 3175906304.00 3186966272.00 3198123008.00 3209241856.00 3220227584.00 3232545792.00 3243157504.00 3253974784.00 3265370880.00 3276393472.00 3287746304.00 3298851072.00 3310131456.00 3321168384.00 3332344320.00 3343448576.00 3354774784.00 3365977344.00 3377110272.00 
3386664192.00 3399496448.00 3410700032.00 3421548288.00 3432793344.00 3444140800.00 3455363328.00 3466534656.00 3477934848.00 3488998400.00 3500010496.00 3511298560.00 3522384896.00 3533728768.00 3544874752.00 3555977472.00 3567325952.00 3578413568.00 3589579008.00 3600773120.00 
3610642944.00 3623273728.00 3634298112.00 3645529600.00 3656620544.00 3667465472.00 3679033600.00 3690240768.00 3701277184.00 3712527616.00 3723571200.00 3734845952.00 3745889536.00 3756416256.00 3768956416.00 3779810048.00 3790744576.00 3802165760.00 3813230848.00 3824655872.00 
3835337984.00 3846826496.00 3857981184.00 3869233152.00 3880243712.00 3891541248.00 3902699520.00 3913884416.00 3925139968.00 3936328704.00 3946622720.00 3958652416.00 3969537792.00 3981635584.00 3992216832.00 4003294464.00 4014487808.00 4025648128.00 4036884480.00 4048349440.00 
4058604800.00 4070426112.00 4081591040.00 4092681984.00 4104183808.00 4115163904.00 4126342400.00 4137577728.00 4148470784.00 4159887104.00 4170915072.00 4182286336.00 4193352960.00 4204630272.00 4215800576.00 4224899840.00 4238096896.00 4249392896.00 4260521216.00 4271737856.00 
4282577920.00 4294606848.00 4305218560.00 4316677120.00 4327366144.00 4338767360.00 4350057984.00 4361060864.00 4372282880.00 4383598592.00 4394545664.00 4405905408.00 4416937472.00 4428250112.00 4439422464.00 4450501632.00 4461678592.00 4472866816.00 4483968000.00 4494940160.00 
4499862016.00 4518156800.00 4529097216.00 4540262400.00 4551325184.00 4562468352.00 4573669888.00 4584876032.00 4595930624.00 4607209472.00 4618254336.00 4629640704.00 4640752640.00 4651924480.00 4663166976.00 4674217984.00 4685226496.00 4696720384.00 4707848704.00 4719032832.00 
4729883136.00 4740828160.00 4752546816.00 4763744768.00 4774800896.00 4785718784.00 4797291008.00 4808493056.00 4819537408.00 4830944768.00 4841906688.00 4853211136.00 4864155136.00 4875681792.00 4886752768.00 4897966080.00 4909080064.00 4920311296.00 4931467264.00 4942408192.00 
4953183232.00 4965020160.00 4976177664.00 4987343360.00 4998243328.00 5009932288.00 5021014016.00 5032163840.00 5043082752.00 5054720512.00 5064871424.00 5076902912.00 5088020480.00 5099252736.00 5110384128.00 5121554432.00 5132649984.00 5143900672.00 5155086336.00 5166136320.00 
5177154560.00 5188583936.00 5199970816.00 5211098112.00 5221988352.00 5233318400.00 5244529152.00 5255756800.00 5266861568.00 5278113792.00 5289119232.00 5300572672.00 5311583744.00 5322881024.00 5334063616.00 5344815616.00 5356244480.00 5367607296.00 5378776064.00 5389963264.00 
5399809024.00 5412196864.00 5423486976.00 5434717184.00 5445808640.00 5457016320.00 5468232192.00 5479414784.00 5490472960.00 5501789184.00 5512783872.00 5524088832.00 5535215616.00 5546460160.00 5557593600.00 5568698880.00 5579662336.00 5591038976.00 5602094080.00 5612931072.00 
5616421888.00 5636656128.00 5647496704.00 5658615808.00 5669570048.00 5680756736.00 5691922432.00 5703129600.00 5714314240.00 5725495296.00 5736532992.00 5747855872.00 5758784512.00 5770233856.00 5781353984.00 5792503808.00 5803629056.00 5814867968.00 5826105344.00 5837329408.00 
5847815680.00 5859563520.00 5870877696.00 5881988608.00 5893153792.00 5903960064.00 5915470848.00 5926778880.00 5937676288.00 5949081600.00 5960134656.00 5971477504.00 5982567936.00 5993695232.00 6005056512.00 6016138240.00 6027260416.00 6038553600.00 6049677824.00 6060871680.00 
6071771648.00 6083311616.00 6094434304.00 6105624576.00 6116531712.00 6127765504.00 6139329536.00 6150337536.00 6161554432.00 6172543488.00 6183101952.00 6195060736.00 6206204416.00 6217488384.00 6228640256.00 6239717376.00 6251023872.00 6262247936.00 6273348096.00 6284506624.00 
6294411264.00 6306969088.00 6318109184.00 6329292288.00 6340361728.00 6351561728.00 6362705408.00 6373974528.00 6385041408.00 6396307456.00 6407277568.00 6418227712.00 6430264832.00 6441232384.00 6452360704.00 6463120384.00 6474449408.00 6485916672.00 6497028096.00 6508360704.00 
6519080960.00 6530551808.00 6541736960.00 6552939520.00 6564015616.00 6575235584.00 6586492416.00 6597661184.00 6608654336.00 6620080640.00 6631069184.00 6642458112.00 6653309952.00 6664765440.00 6675917312.00 6687052800.00 6698247680.00 6709323776.00 6720611840.00 6731768320.00 
6739678208.00 6754316288.00 6765425152.00 6776604160.00 6787730944.00 6798882304.00 6809956864.00 6821273088.00 6832225280.00 6843754496.00 6854709760.00 6865986560.00 6877157376.00 6888389120.00 6899533312.00 6910542336.00 6921931264.00 6933110784.00 6944301056.00 6955392512.00 
6966354432.00 6977845248.00 6988997120.00 7000255488.00 7011122688.00 7020491264.00 7033797632.00 7044952064.00 7056088064.00 7067302400.00 7078336000.00 7089629184.00 7100803072.00 7112084480.00 7123176960.00 7134356992.00 7145486848.00 7156775936.00 7167933952.00 7179099648.00 
7188979712.00 7201436672.00 7212700672.00 7223938560.00 7234950144.00 7246086144.00 7257384960.00 7268427264.00 7279635968.00 7290878976.00 7301286912.00 7313252864.00 7324397568.00 7335576064.00 7346804736.00 7357924352.00 7368897024.00 7380288000.00 7391477248.00 7402630656.00 
7413493760.00 7424933376.00 7436085760.00 7447233536.00 7458140672.00 7469118464.00 7479207936.00 7495960576.00 7504303104.00 7515146240.00 7526006784.00 7537250816.00 7548143616.00 7559542272.00 7570678784.00 7581448704.00 7592948736.00 7604195840.00 7615425536.00 7626522624.00 
7637052928.00 7648875520.00 7660065792.00 7671315968.00 7682342912.00 7693556736.00 7704786432.00 7715937280.00 7726888960.00 7738352128.00 7749368832.00 7760717312.00 7771771392.00 7783039488.00 7794218496.00 7805323264.00 7816508928.00 7827837440.00 7838947328.00 7850094080.00 
7859638272.00 7872472064.00 7883668992.00 7894873600.00 7905770496.00 7917121024.00 7928689152.00 7939589120.00 7950718464.00 7961983488.00 7972986880.00 7984278528.00 7995362304.00 8006628352.00 8017654272.00 8029027840.00 8040159744.00 8051601920.00 8062687232.00 8073742336.00 
8083620864.00 8096107520.00 8107266560.00 8118447616.00 8129594368.00 8140418048.00 8151954432.00 8162889216.00 8174390784.00 8185630208.00 8196622848.00 8207962624.00 8219078144.00 8230285312.00 8241475584.00 8252601344.00 8263568384.00 8275216896.00 8286211072.00 8297362432.00 
8308247552.00 8319796224.00 8330957824.00 8342153728.00 8353166336.00 8364381184.00 8375627776.00 8386932224.00 8397931520.00 8409035776.00 8416233472.00 8431751168.00 8442586624.00 8454019072.00 8465142784.00 8476277248.00 8487470592.00 8498706944.00 8509866496.00 8521056768.00 
8531566080.00 8543397376.00 8554822656.00 8565732864.00 8576890880.00 8588097536.00 8599401472.00 8610501632.00 8621394944.00 8632594432.00 8643968000.00 8655267840.00 8666403840.00 8677561344.00 8688718848.00 8699566080.00 8711006208.00 8722309120.00 8733625344.00 8744712192.00 
8755545088.00 8767044608.00 8778188800.00 8789464064.00 8800350208.00 8811689984.00 8822984704.00 8834128896.00 8845330432.00 8856577024.00 8867521536.00 8878865408.00 8889912320.00 8901178368.00 8912344064.00 8923467776.00 8934652928.00 8945917952.00 8956938240.00 8967919616.00 
8972815360.00 8991133696.00 9002073088.00 9013192704.00 9024295936.00 9035433984.00 9046725632.00 9057669120.00 9068897280.00 9080303616.00 9091225600.00 9102611456.00 9113668608.00 9124859904.00 9136095232.00 9147275264.00 9158199296.00 9169644544.00 9180691456.00 9192009728.00 
9202864128.00 9214342144.00 9225530368.00 9236657152.00 9247858688.00 9258692608.00 9270199296.00 9281414144.00 9292596224.00 9303796736.00 9314829312.00 9326184448.00 9337063424.00 9348337664.00 9359804416.00 9370874880.00 9382059008.00 9393235968.00 9404448768.00 9415648256.00 
9426154496.00 9437991936.00 9448885248.00 9460406272.00 9471490048.00 9482640384.00 9493804032.00 9505089536.00 9516010496.00 9527428096.00 9537810432.00 9549739008.00 9560934400.00 9572164608.00 9583305728.00 9594403840.00 9605437440.00 9615345664.00 9628320768.00 9639382016.00 
9650212864.00 9661692928.00 9672805376.00 9684016128.00 9694964736.00 9706370048.00 9717586944.00 9728813056.00 9739914240.00 9751086080.00 9762179072.00 9773550592.00 9784547328.00 9795800064.00 9806978048.00 9816086528.00 9829355520.00 9840520192.00 9851622400.00 9862938624.00 
9872789504.00 9885300736.00 9896473600.00 9907637248.00 9918779392.00 9929945088.00 9941147648.00 9952329728.00 9963303936.00 9975969792.00 9985884160.00 9997206528.00 10008280064.00 10019505152.00 10030643200.00 10041797632.00 10052764672.00 10064222208.00 10075470848.00 10086574080.00 
10096087040.00 10108961792.00 10120198144.00 10131276800.00 10142352384.00 10153607168.00 10164864000.00 10176048128.00 10187099136.00 10197401600.00 10209508352.00 10220843008.00 10231706624.00 10243028992.00 10254281728.00 10265418752.00 10276599808.00 10287919104.00 10298932224.00 10310302720.00 
10320734208.00 10332537856.00 10343735296.00 10354103296.00 10366134272.00 10376920064.00 10388515840.00 10399689728.00 10410587136.00 10422040576.00 10433058816.00 10444309504.00 10455478272.00 10466619392.00 10477977600.00 10489057280.00 10500184064.00 10511471616.00 10522654720.00 10533851136.00 
10544696320.00 10556025856.00 10567401472.00 10578530304.00 10589499392.00 10600862720.00 10612112384.00 10623259648.00 10634475520.00 10645657600.00 10656038912.00 10668041216.00 10679040000.00 10690423808.00 10701562880.00 10712694784.00 10723864576.00 10735161344.00 10746311680.00 10757473280.00 
10767337472.00 10779821056.00 10790953984.00 10802601984.00 10813327360.00 10824486912.00 10835761152.00 10846888960.00 10858005504.00 10869289984.00 10880325632.00 10891609088.00 10902784000.00 10914271232.00 10925154304.00 10935951360.00 10947290112.00 10958704640.00 10969877504.00 10981058560.00 
10991925248.00 11003382784.00 11014576128.00 11025718272.00 11036789760.00 11048026112.00 11059270656.00 11070310400.00 11081585664.00 11092662272.00 11103779840.00 11115173888.00 11125949440.00 11137282048.00 11148432384.00 11159496704.00 11170522112.00 11181577216.00 11192231936.00 11202017280.00 
11199174656.00 11230003200.00 11239752704.00 11250445312.00 11261381632.00 11272389632.00 11283555328.00 11294743552.00 11305561088.00 11316844544.00 11327944704.00 11339361280.00 11350344704.00 11361714176.00 11372710912.00 11383859200.00 11394997248.00 11406304256.00 11417413632.00 11428639744.00 
11439451136.00 11450977280.00 11462113280.00 11473318912.00 11484240896.00 11495269376.00 11506821120.00 11517744128.00 11529120768.00 11540421632.00 11551396864.00 11562718208.00 11573778432.00 11585142784.00 11596224512.00 11607396352.00 11618594816.00 11629434880.00 11641043968.00 11652203520.00 
11662030848.00 11674543104.00 11685679104.00 11696852992.00 11708056576.00 11719194624.00 11730434048.00 11741604864.00 11752742912.00 11763986432.00 11774348288.00 11786363904.00 11797450752.00 11808759808.00 11819874304.00 11831024640.00 11842010112.00 11853479936.00 11864582144.00 11876007936.00 
11886690304.00 11898180608.00 11909326848.00 11920543744.00 11931607040.00 11942829056.00 11954016256.00 11965401088.00 11976431616.00 11987710976.00 11998678016.00 12009972736.00 12020929536.00 12032335872.00 12043465728.00 12054295552.00 12065783808.00 12077926400.00 12088267776.00 12099492864.00 
12109971456.00 12121716736.00 12133049344.00 12144108544.00 12155317248.00 12166461440.00 12177705984.00 12188992512.00 12199818240.00 12211188736.00 12222219264.00 12234619904.00 12244823040.00 12255968256.00 12267115520.00 12278279168.00 12289424384.00 12300754944.00 12311772160.00 12323068928.00 
12332598272.00 12345446400.00 12356517888.00 12367794176.00 12378766336.00 12390084608.00 12401343488.00 12412502016.00 12423638016.00 12434821120.00 12445836288.00 12456053760.00 12468478976.00 12479697920.00 12490839040.00 12501960704.00 12513148928.00 12524394496.00 12535525376.00 12546721792.00 
12556588032.00 12569084928.00 12580373504.00 12591494144.00 12602574848.00 12611755008.00 12625010688.00 12636217344.00 12647233536.00 12658478080.00 12669544448.00 12680940544.00 12691995648.00 12703214592.00 12714405888.00 12725502976.00 12736561152.00 12747996160.00 12759181312.00 12770310144.00 
12781168640.00 12792636416.00 12803657728.00 12816684032.00 12826356736.00 12837479424.00 12848695296.00 12859858944.00 12870977536.00 12882281472.00 12892566528.00 12904589312.00 12915505152.00 12926936064.00 12938194944.00 12949245952.00 12960433152.00 12971632640.00 12983102464.00 12994027520.00 
13004542976.00 13016358912.00 13027531776.00 13038794752.00 13049859072.00 13061013504.00 13072179200.00 13083688960.00 13094448128.00 13105837056.00 13116900352.00 13128225792.00 13139334144.00 13150604288.00 13161771008.00 13172516864.00 13183925248.00 13195363328.00 13206464512.00 13217686528.00 
13228534784.00 13240010752.00 13251309568.00 13262383104.00 13273322496.00 13284617216.00 13295896576.00 13307163648.00 13318256640.00 13329422336.00 13340502016.00 13351706624.00 13362885632.00 13374352384.00 13385274368.00 13396450304.00 13407621120.00 13418836992.00 13429923840.00 13440893952.00 
13445785600.00 13464110080.00 13475040256.00 13486108672.00 13497272320.00 13508411392.00 13519649792.00 13530854400.00 13541866496.00 13553152000.00 13564187648.00 13575446528.00 13586579456.00 13597904896.00 13609008128.00 13620194304.00 13631164416.00 13642565632.00 13653798912.00 13664974848.00 
13675830272.00 13687308288.00 13698356224.00 13709712384.00 13720777728.00 13731651584.00 13743271936.00 13754465280.00 13765509120.00 13776756736.00 13787743232.00 13799424000.00 13810129920.00 13821524992.00 13832577024.00 13843790848.00 13855027200.00 13866288128.00 13877163008.00 13888633856.00 
13899141120.00 13910964224.00 13922118656.00 13933316096.00 13944456192.00 13955620864.00 13966849024.00 13978003456.00 13988938752.00 14000275456.00 14007429120.00 14022987776.00 14033999872.00 14045073408.00 14056360960.00 14067516416.00 14078615552.00 14089872384.00 14101030912.00 14112215040.00 
14123126784.00 14134653952.00 14145788928.00 14156809216.00 14167941120.00 14179282944.00 14190511104.00 14201734144.00 14212842496.00 14224067584.00 14235101184.00 14246385664.00 14257392640.00 14269146112.00 14280031232.00 14290789376.00 14302325760.00 14313581568.00 14324721664.00 14335923200.00 
14345747456.00 14358276096.00 14369293312.00 14380422144.00 14391760896.00 14402847744.00 14414327808.00 14425395200.00 14436414464.00 14447731712.00 14458736640.00 14470028288.00 14481212416.00 14492440576.00 14503285760.00 14514779136.00 14525747200.00 14537138176.00 14548315136.00 14559542272.00 
14569059328.00 14581924864.00 14593043456.00 14604180480.00 14615272448.00 14626562048.00 14637769728.00 14648976384.00 14660142080.00 14671313920.00 14682356736.00 14693668864.00 14704624640.00 14716088320.00 14727189504.00 14738331648.00 14749589504.00 14760709120.00 14771927040.00 14783134720.00 
14793649152.00 14805505024.00 14816550912.00 14827829248.00 14838973440.00 14849781760.00 14861294592.00 14872491008.00 14883364864.00 14894765056.00 14905701376.00 14916873216.00 14927610880.00 14936056832.00 14952766464.00 14962769920.00 14973627392.00 14984781824.00 14995912704.00 15007065088.00 
15017882624.00 15029385216.00 15040502784.00 15051732992.00 15062618112.00 15073961984.00 15085177856.00 15096437760.00 15107511296.00 15118767104.00 15129095168.00 15141143552.00 15152146432.00 15163597824.00 15174622208.00 15185793024.00 15196982272.00 15208090624.00 15219294208.00 15230572544.00 
15240381440.00 15252920320.00 15264037888.00 15275251712.00 15286424576.00 15297527808.00 15308815360.00 15319936000.00 15330973696.00 15342392320.00 15353392128.00 15364718592.00 15375833088.00 15387069440.00 15398195200.00 15407349760.00 15420399616.00 15431761920.00 15443003392.00 15454177280.00 
15465026560.00 15476640768.00 15487692800.00 15498908672.00 15509857280.00 15521338368.00 15532456960.00 15543626752.00 15554760704.00 15566035968.00 15577020416.00 15588256768.00 15599292416.00 15610752000.00 15622025216.00 15632998400.00 15644174336.00 15655420928.00 15666566144.00 15677702144.00 
15685632000.00 15700256768.00 15711363072.00 15722696704.00 15733662720.00 15744830464.00 15756064768.00 15767251968.00 15778203648.00 15789573120.00 15800657920.00 15811947520.00 15823261696.00 15834356736.00 15845506048.00 15856657408.00 15867762688.00 15879079936.00 15890255872.00 15901479936.00 
15912295424.00 15923656704.00 15934957568.00 15946093568.00 15957069824.00 15968094208.00 15979632640.00 15990788096.00 16001659904.00 16013779968.00 16024437760.00 16035715072.00 16046744576.00 16058048512.00 16069291008.00 16080338944.00 16091551744.00 16102733824.00 16113889280.00 16125045760.00 
16134964224.00 16147523584.00 16158656512.00 16169787392.00 16180882432.00 16192173056.00 16203348992.00 16214525952.00 16225574912.00 16236960768.00 16247263232.00 16259472384.00 16270371840.00 16281683968.00 16292657152.00 16304129024.00 16314988544.00 16326406144.00 16337545216.00 16348715008.00 
16359615488.00 16371152896.00 16382312448.00 16393462784.00 16404517888.00 16415758336.00 16426935296.00 16438326272.00 16449335296.00 16460548096.00 16471589888.00 16482949120.00 16493838336.00 16505248768.00 16516519936.00 16527258624.00 16538771456.00 16550030336.00 16561110016.00 16572457984.00 
16582902784.00 16594698240.00 16605887488.00 16617162752.00 16628294656.00 16639397888.00 16650634240.00 16661786624.00 16672733184.00 16684160000.00 16695175168.00 16706520064.00 16717608960.00 16728895488.00 16740054016.00 16751127552.00 16762220544.00 16773409792.00 16784484352.00 16795364352.00 
16798815232.00 16819086336.00 16829891584.00 16840980480.00 16851849216.00 16863196160.00 16874403840.00 16885559296.00 16896715776.00 16907938816.00 16918937600.00 16930228224.00 16941312000.00 16952597504.00 16963755008.00 16974875648.00 16986122240.00 16997314560.00 17008502784.00 17019821056.00 
17029540864.00 17042067456.00 17053214720.00 17064416256.00 17075671040.00 17086401536.00 17097931776.00 17109150720.00 17120211968.00 17131440128.00 17142618112.00 17153900544.00 17165057024.00 17176261632.00 17187454976.00 17198565376.00 17209528320.00 17220923392.00 17232011264.00 17243441152.00 
17254230016.00 17265883136.00 17276913664.00 17288120320.00 17299132416.00 17310334976.00 17321609216.00 17332776960.00 17343907840.00 17355122688.00 17365508096.00 17377300480.00 17388439552.00 17399855104.00 17410975744.00 17421957120.00 17433681920.00 17444671488.00 17455812608.00 17467000832.00 
17477509120.00 17489610752.00 17500516352.00 17511706624.00 17522843648.00 17533911040.00 17545246720.00 17556332544.00 17567369216.00 17578807296.00 17589811200.00 17601075200.00 17612388352.00 17623533568.00 17634697216.00 17645496320.00 17656977408.00 17668274176.00 17679452160.00 17691197440.00 
17701496832.00 17712982016.00 17724127232.00 17735303168.00 17746286592.00 17757669376.00 17768828928.00 17780103168.00 17791164416.00 17802383360.00 17813456896.00 17824813056.00 17835855872.00 17847144448.00 17858332672.00 17869430784.00 17880592384.00 17891753984.00 17902893056.00 17913864192.00 
17918744576.00 17937090560.00 17948018688.00 17959153664.00 17970249728.00 17981374464.00 17992554496.00 18003769344.00 18014842880.00 18026113024.00 18037159936.00 18048405504.00 18059642880.00 18070953984.00 18081921024.00 18093119488.00 18104150016.00 18115350528.00 18126778368.00 18137423872.00 
18148814848.00 18160300032.00 18171467776.00 18182641664.00 18193696768.00 18202939392.00 18216194048.00 18227394560.00 18238560256.00 18249734144.00 18260815872.00 18272137216.00 18283046912.00 18294454272.00 18305630208.00 18316724224.00 18327726080.00 18339342336.00 18350413824.00 18361602048.00 
18372118528.00 18383679488.00 18395107328.00 18406363136.00 18417438720.00 18428596224.00 18439778304.00 18450395136.00 18461972480.00 18473377792.00 18483763200.00 18495692800.00 18506774528.00 18518134784.00 18529288192.00 18540331008.00 18551552000.00 18562797568.00 18574016512.00 18585188352.00 
18596042752.00 18607355904.00 18618740736.00 18629851136.00 18640783360.00 18652067840.00 18663018496.00 18675595264.00 18686023680.00 18697179136.00 18708144128.00 18719483904.00 18730512384.00 18741784576.00 18752968704.00 18763759616.00 18775291904.00 18786484224.00 18797674496.00 18808748032.00 
18818715648.00 18831251456.00 18842398720.00 18853601280.00 18864607232.00 18875908096.00 18887127040.00 18898294784.00 18909401088.00 18920720384.00 18931697664.00 18943014912.00 18953981952.00 18965499904.00 18976636928.00 18987757568.00 18998726656.00 19010465792.00 19021289472.00 19032530944.00 
19042027520.00 19054911488.00 19065993216.00 19077255168.00 19088328704.00 19099564032.00 19110815744.00 19121889280.00 19133073408.00 19144261632.00 19155337216.00 19166646272.00 19177541632.00 19188854784.00 19199444992.00 19211661312.00 19222667264.00 19233900544.00 19245012992.00 19256127488.00 
19266705408.00 19278606336.00 19289665536.00 19300864000.00 19311949824.00 19322861568.00 19334359040.00 19345530880.00 19356575744.00 19367987200.00 19379025920.00 19390396416.00 19401449472.00 19412584448.00 19423950848.00 19435026432.00 19446145024.00 19457447936.00 19468591104.00 19479654400.00 
19490678784.00 19502104576.00 19513491456.00 19524526080.00 19535460352.00 19546816512.00 19557957632.00 19569250304.00 19580323840.00 19591473152.00 19598610432.00 19614113792.00 19625121792.00 19636379648.00 19647543296.00 19658649600.00 19669813248.00 19680999424.00 19692263424.00 19703420928.00 
19713314816.00 19725768704.00 19737024512.00 19748157440.00 19759284224.00 19770572800.00 19781742592.00 19792982016.00 19803975680.00 19815235584.00 19826309120.00 19837683712.00 19848757248.00 19859986432.00 19871123456.00 19881912320.00 19893225472.00 19904544768.00 19916503040.00 19927142400.00 
19937992704.00 19949481984.00 19960657920.00 19971823616.00 19982917632.00 19994132480.00 20005369856.00 20016564224.00 20027672576.00 20038883328.00 20049987584.00 20061265920.00 20072218624.00 20083531776.00 20094789632.00 20105961472.00 20117170176.00 20128364544.00 20139530240.00 20150683648.00 
20158550016.00 20173240320.00 20184346624.00 20195477504.00 20206643200.00 20217806848.00 20228997120.00 20240162816.00 20251111424.00 20262541312.00 20273639424.00 20284923904.00 20296079360.00 20307275776.00 20318560256.00 20329570304.00 20340703232.00 20352010240.00 20362674176.00 20374441984.00 
20385282048.00 20396777472.00 20407920640.00 20419008512.00 20430053376.00 20441071616.00 20452397056.00 20463863808.00 20474974208.00 20486221824.00 20497235968.00 20508690432.00 20519587840.00 20530700288.00 20542205952.00 20553256960.00 20564393984.00 20575666176.00 20586866688.00 20598026240.00 
20607873024.00 20620353536.00 20631504896.00 20642711552.00 20653875200.00 20665012224.00 20675868672.00 20687562752.00 20698558464.00 20709795840.00 20720222208.00 20732192768.00 20743428096.00 20754614272.00 20765702144.00 20776830976.00 20787816448.00 20798900224.00 20810520576.00 20821688320.00 
20832530432.00 20843988992.00 20854999040.00 20866236416.00 20877436928.00 20888674304.00 20899858432.00 20911263744.00 20922281984.00 20933521408.00 20944513024.00 20956168192.00 20966780928.00 20978030592.00 20989317120.00 20998516736.00 21011746816.00 21022978048.00 21034076160.00 21045315584.00 
21055815680.00 21067671552.00 21078726656.00 21090080768.00 21101115392.00 21112295424.00 21123543040.00 21134692352.00 21145661440.00 21157410816.00 21168154624.00 21179478016.00 21190641664.00 21201807360.00 21212977152.00 21224228864.00 21235275776.00 21246609408.00 21257746432.00 21269035008.00 
21278439424.00 21291409408.00 21302480896.00 21313636352.00 21324556288.00 21336055808.00 21347201024.00 21358635008.00 21369479168.00 21380503552.00 21391779840.00 21403072512.00 21414144000.00 21424994304.00 21436686336.00 21447786496.00 21458950144.00 21470208000.00 21481336832.00 21492566016.00 
21502414848.00 21514921984.00 21526075392.00 21537091584.00 21548398592.00 21559220224.00 21570983936.00 21581910016.00 21593036800.00 21604405248.00 21615376384.00 21626337280.00 21637834752.00 21649063936.00 21660231680.00 21671348224.00 21682350080.00 21693673472.00 21704996864.00 21716135936.00 
21727008768.00 21738459136.00 21749606400.00 21760913408.00 21771919360.00 21783156736.00 21794496512.00 21805580288.00 21816692736.00 21827979264.00 21838303232.00 21850284032.00 21861244928.00 21872633856.00 21883777024.00 21894926336.00 21906120704.00 21917460480.00 21928505344.00 21939728384.00 
21950238720.00 21962063872.00 21973200896.00 21984471040.00 21995550720.00 22006749184.00 22017890304.00 22029115392.00 22039980032.00 22051555328.00 22062485504.00 22073640960.00 22084911104.00 22096158720.00 22107226112.00 22118068224.00 22129520640.00 22140678144.00 22151880704.00 22163079168.00 
22173964288.00 22185420800.00 22196621312.00 22207711232.00 22218559488.00 22229964800.00 22241073152.00 22252236800.00 22263298048.00 22274465792.00 22285408256.00 22296584192.00 22307452928.00 22318565376.00 22329524224.00 22340286464.00 22350872576.00 22361184256.00 22370476032.00 22376146944.00 
end   dump: w
==END   DUMP_ARRAYS==
Time in seconds = 0.161451
