Sender: LSF System <lsfadmin@polus-c3-ib.bmc.hpc.cs.msu.ru>
Subject: Job 493751: <./large.o> in cluster <MSUCluster> Done

Job <./large.o> was submitted from host <polus-ib.bmc.hpc.cs.msu.ru> by user <edu-cmc-skpod19-328-11> in cluster <MSUCluster> at Fri Nov 29 23:37:30 2019
Job was executed on host(s) <4*polus-c3-ib.bmc.hpc.cs.msu.ru>, in queue <short>, as user <edu-cmc-skpod19-328-11> in cluster <MSUCluster> at Fri Nov 29 23:38:34 2019
</home_edu/edu-cmc-skpod19-328/edu-cmc-skpod19-328-11> was used as the home directory.
</home_edu/edu-cmc-skpod19-328/edu-cmc-skpod19-328-11/dep_gemver> was used as the working directory.
Started at Fri Nov 29 23:38:34 2019
Terminated at Fri Nov 29 23:38:36 2019
Results reported at Fri Nov 29 23:38:36 2019

Your job looked like:

------------------------------------------------------------
# LSBATCH: User input
./large.o
------------------------------------------------------------

Successfully completed.

Resource usage summary:

    CPU time :                                   5.72 sec.
    Max Memory :                                 1 MB
    Average Memory :                             1.00 MB
    Total Requested Memory :                     -
    Delta Memory :                               -
    Max Swap :                                   -
    Max Processes :                              1
    Max Threads :                                1
    Run time :                                   1 sec.
    Turnaround time :                            66 sec.

The output (if any) follows:

==BEGIN DUMP_ARRAYS==
begin dump: w
0.00 0.00 0.00 0.00 0.00 0.00 0.00 0.00 0.00 0.00 0.00 0.00 0.00 0.00 0.00 0.00 0.00 0.00 0.00 0.00 
0.00 0.00 0.00 0.00 0.00 0.00 0.00 0.00 0.00 0.00 0.00 0.00 0.00 0.00 0.00 0.00 0.00 0.00 0.00 0.00 
0.00 0.00 0.00 0.00 0.00 0.00 0.00 0.00 0.00 0.00 0.00 0.00 0.00 0.00 0.00 0.00 0.00 0.00 0.00 0.00 
0.00 0.00 0.00 0.00 0.00 0.00 0.00 0.00 0.00 0.00 0.00 0.00 0.00 0.00 0.00 0.00 0.00 0.00 0.00 0.00 
0.00 0.00 0.00 0.00 0.00 0.00 0.00 0.00 0.00 0.00 0.00 0.00 0.00 0.00 0.00 0.00 0.00 0.00 0.00 0.00 
0.00 0.00 0.00 0.00 0.00 0.00 0.00 0.00 0.00 0.00 0.00 0.00 0.00 0.00 0.00 0.00 0.00 0.00 0.00 0.00 
0.00 0.00 0.00 0.00 0.00 0.00 0.00 0.00 0.00 0.00 0.00 0.00 0.00 0.00 0.00 0.00 0.00 0.00 0.00 0.00 
0.00 0.00 0.00 0.00 0.00 0.00 0.00 0.00 0.00 0.00 0.00 0.00 0.00 0.00 0.00 0.00 0.00 0.00 0.00 0.00 
0.00 0.00 0.00 0.00 0.00 0.00 0.00 0.00 0.00 0.00 0.00 0.00 0.00 0.00 0.00 0.00 0.00 0.00 0.00 0.00 
0.00 0.00 0.00 0.00 0.00 0.00 0.00 0.00 0.00 0.00 0.00 0.00 0.00 0.00 0.00 0.00 0.00 0.00 0.00 0.00 
0.00 0.00 0.00 0.00 0.00 0.00 0.00 0.00 0.00 0.00 0.00 0.00 0.00 0.00 0.00 0.00 0.00 0.00 0.00 0.00 
0.00 0.00 0.00 0.00 0.00 0.00 0.00 0.00 0.00 0.00 0.00 0.00 0.00 0.00 0.00 0.00 0.00 0.00 0.00 0.00 
0.00 0.00 0.00 0.00 0.00 0.00 0.00 0.00 0.00 0.00 0.00 0.00 0.00 0.00 0.00 0.00 0.00 0.00 0.00 0.00 
0.00 0.00 0.00 0.00 0.00 0.00 0.00 0.00 0.00 0.00 0.00 0.00 0.00 0.00 0.00 0.00 0.00 0.00 0.00 0.00 
0.00 0.00 0.00 0.00 0.00 0.00 0.00 0.00 0.00 0.00 0.00 0.00 0.00 0.00 0.00 0.00 0.00 0.00 0.00 0.00 
0.00 0.00 0.00 0.00 0.00 0.00 0.00 0.00 0.00 0.00 0.00 0.00 0.00 0.00 0.00 0.00 0.00 0.00 0.00 0.00 
0.00 0.00 0.00 0.00 0.00 0.00 0.00 0.00 0.00 0.00 0.00 0.00 0.00 0.00 0.00 0.00 0.00 0.00 0.00 0.00 
0.00 0.00 0.00 0.00 0.00 0.00 0.00 0.00 0.00 0.00 0.00 0.00 0.00 0.00 0.00 0.00 0.00 0.00 0.00 0.00 
0.00 0.00 0.00 0.00 0.00 0.00 0.00 0.00 0.00 0.00 0.00 0.00 0.00 0.00 0.00 0.00 0.00 0.00 0.00 0.00 
0.00 0.00 0.00 0.00 0.00 0.00 0.00 0.00 0.00 0.00 0.00 0.00 0.00 0.00 0.00 0.00 0.00 0.00 0.00 0.00 
0.00 0.00 0.00 0.00 0.00 0.00 0.00 0.00 0.00 0.00 0.00 0.00 0.00 0.00 0.00 0.00 0.00 0.00 0.00 0.00 
0.00 0.00 0.00 0.00 0.00 0.00 0.00 0.00 0.00 0.00 0.00 0.00 0.00 0.00 0.00 0.00 0.00 0.00 0.00 0.00 
0.00 0.00 0.00 0.00 0.00 0.00 0.00 0.00 0.00 0.00 0.00 0.00 0.00 0.00 0.00 0.00 0.00 0.00 0.00 0.00 
0.00 0.00 0.00 0.00 0.00 0.00 0.00 0.00 0.00 0.00 0.00 0.00 0.00 0.00 0.00 0.00 0.00 0.00 0.00 0.00 
0.00 0.00 0.00 0.00 0.00 0.00 0.00 0.00 0.00 0.00 0.00 0.00 0.00 0.00 0.00 0.00 0.00 0.00 0.00 0.00 
0.00 0.00 0.00 0.00 0.00 0.00 0.00 0.00 0.00 0.00 0.00 0.00 0.00 0.00 0.00 0.00 0.00 0.00 0.00 0.00 
0.00 0.00 0.00 0.00 0.00 0.00 0.00 0.00 0.00 0.00 0.00 0.00 0.00 0.00 0.00 0.00 0.00 0.00 0.00 0.00 
0.00 0.00 0.00 0.00 0.00 0.00 0.00 0.00 0.00 0.00 0.00 0.00 0.00 0.00 0.00 0.00 0.00 0.00 0.00 0.00 
0.00 0.00 0.00 0.00 0.00 0.00 0.00 0.00 0.00 0.00 0.00 0.00 0.00 0.00 0.00 0.00 0.00 0.00 0.00 0.00 
0.00 0.00 0.00 0.00 0.00 0.00 0.00 0.00 0.00 0.00 0.00 0.00 0.00 0.00 0.00 0.00 0.00 0.00 0.00 0.00 
0.00 0.00 0.00 0.00 0.00 0.00 0.00 0.00 0.00 0.00 0.00 0.00 0.00 0.00 0.00 0.00 0.00 0.00 0.00 0.00 
0.00 0.00 0.00 0.00 0.00 0.00 0.00 0.00 0.00 0.00 0.00 0.00 0.00 0.00 0.00 0.00 0.00 0.00 0.00 0.00 
0.00 0.00 0.00 0.00 0.00 0.00 0.00 0.00 0.00 0.00 0.00 0.00 0.00 0.00 0.00 0.00 0.00 0.00 0.00 0.00 
0.00 0.00 0.00 0.00 0.00 0.00 0.00 0.00 0.00 0.00 0.00 0.00 0.00 0.00 0.00 0.00 0.00 0.00 0.00 0.00 
0.00 0.00 0.00 0.00 0.00 0.00 0.00 0.00 0.00 0.00 0.00 0.00 0.00 0.00 0.00 0.00 0.00 0.00 0.00 0.00 
0.00 0.00 0.00 0.00 0.00 0.00 0.00 0.00 0.00 0.00 0.00 0.00 0.00 0.00 0.00 0.00 0.00 0.00 0.00 0.00 
0.00 0.00 0.00 0.00 0.00 0.00 0.00 0.00 0.00 0.00 0.00 0.00 0.00 0.00 0.00 0.00 0.00 0.00 0.00 0.00 
0.00 0.00 0.00 0.00 0.00 0.00 0.00 0.00 0.00 0.00 0.00 0.00 0.00 0.00 0.00 0.00 0.00 0.00 0.00 0.00 
0.00 0.00 0.00 0.00 0.00 0.00 0.00 0.00 0.00 0.00 0.00 0.00 0.00 0.00 0.00 0.00 0.00 0.00 0.00 0.00 
0.00 0.00 0.00 0.00 0.00 0.00 0.00 0.00 0.00 0.00 0.00 0.00 0.00 0.00 0.00 0.00 0.00 0.00 0.00 0.00 
0.00 0.00 0.00 0.00 0.00 0.00 0.00 0.00 0.00 0.00 0.00 0.00 0.00 0.00 0.00 0.00 0.00 0.00 0.00 0.00 
0.00 0.00 0.00 0.00 0.00 0.00 0.00 0.00 0.00 0.00 0.00 0.00 0.00 0.00 0.00 0.00 0.00 0.00 0.00 0.00 
0.00 0.00 0.00 0.00 0.00 0.00 0.00 0.00 0.00 0.00 0.00 0.00 0.00 0.00 0.00 0.00 0.00 0.00 0.00 0.00 
0.00 0.00 0.00 0.00 0.00 0.00 0.00 0.00 0.00 0.00 0.00 0.00 0.00 0.00 0.00 0.00 0.00 0.00 0.00 0.00 
0.00 0.00 0.00 0.00 0.00 0.00 0.00 0.00 0.00 0.00 0.00 0.00 0.00 0.00 0.00 0.00 0.00 0.00 0.00 0.00 
0.00 0.00 0.00 0.00 0.00 0.00 0.00 0.00 0.00 0.00 0.00 0.00 0.00 0.00 0.00 0.00 0.00 0.00 0.00 0.00 
0.00 0.00 0.00 0.00 0.00 0.00 0.00 0.00 0.00 0.00 0.00 0.00 0.00 0.00 0.00 0.00 0.00 0.00 0.00 0.00 
0.00 0.00 0.00 0.00 0.00 0.00 0.00 0.00 0.00 0.00 0.00 0.00 0.00 0.00 0.00 0.00 0.00 0.00 0.00 0.00 
0.00 0.00 0.00 0.00 0.00 0.00 0.00 0.00 0.00 0.00 0.00 0.00 0.00 0.00 0.00 0.00 0.00 0.00 0.00 0.00 
0.00 0.00 0.00 0.00 0.00 0.00 0.00 0.00 0.00 0.00 0.00 0.00 0.00 0.00 0.00 0.00 0.00 0.00 0.00 0.00 
0.00 0.00 0.00 0.00 0.00 0.00 0.00 0.00 0.00 0.00 0.00 0.00 0.00 0.00 0.00 0.00 0.00 0.00 0.00 0.00 
0.00 0.00 0.00 0.00 0.00 0.00 0.00 0.00 0.00 0.00 0.00 0.00 0.00 0.00 0.00 0.00 0.00 0.00 0.00 0.00 
0.00 0.00 0.00 0.00 0.00 0.00 0.00 0.00 0.00 0.00 0.00 0.00 0.00 0.00 0.00 0.00 0.00 0.00 0.00 0.00 
0.00 0.00 0.00 0.00 0.00 0.00 0.00 0.00 0.00 0.00 0.00 0.00 0.00 0.00 0.00 0.00 0.00 0.00 0.00 0.00 
0.00 0.00 0.00 0.00 0.00 0.00 0.00 0.00 0.00 0.00 0.00 0.00 0.00 0.00 0.00 0.00 0.00 0.00 0.00 0.00 
0.00 0.00 0.00 0.00 0.00 0.00 0.00 0.00 0.00 0.00 0.00 0.00 0.00 0.00 0.00 0.00 0.00 0.00 0.00 0.00 
0.00 0.00 0.00 0.00 0.00 0.00 0.00 0.00 0.00 0.00 0.00 0.00 0.00 0.00 0.00 0.00 0.00 0.00 0.00 0.00 
0.00 0.00 0.00 0.00 0.00 0.00 0.00 0.00 0.00 0.00 0.00 0.00 0.00 0.00 0.00 0.00 0.00 0.00 0.00 0.00 
0.00 0.00 0.00 0.00 0.00 0.00 0.00 0.00 0.00 0.00 0.00 0.00 0.00 0.00 0.00 0.00 0.00 0.00 0.00 0.00 
0.00 0.00 0.00 0.00 0.00 0.00 0.00 0.00 0.00 0.00 0.00 0.00 0.00 0.00 0.00 0.00 0.00 0.00 0.00 0.00 
0.00 0.00 0.00 0.00 0.00 0.00 0.00 0.00 0.00 0.00 0.00 0.00 0.00 0.00 0.00 0.00 0.00 0.00 0.00 0.00 
0.00 0.00 0.00 0.00 0.00 0.00 0.00 0.00 0.00 0.00 0.00 0.00 0.00 0.00 0.00 0.00 0.00 0.00 0.00 0.00 
0.00 0.00 0.00 0.00 0.00 0.00 0.00 0.00 0.00 0.00 0.00 0.00 0.00 0.00 0.00 0.00 0.00 0.00 0.00 0.00 
0.00 0.00 0.00 0.00 0.00 0.00 0.00 0.00 0.00 0.00 0.00 0.00 0.00 0.00 0.00 0.00 0.00 0.00 0.00 0.00 
0.00 0.00 0.00 0.00 0.00 0.00 0.00 0.00 0.00 0.00 0.00 0.00 0.00 0.00 0.00 0.00 0.00 0.00 0.00 0.00 
0.00 0.00 0.00 0.00 0.00 0.00 0.00 0.00 0.00 0.00 0.00 0.00 0.00 0.00 0.00 0.00 0.00 0.00 0.00 0.00 
0.00 0.00 0.00 0.00 0.00 0.00 0.00 0.00 0.00 0.00 0.00 0.00 0.00 0.00 0.00 0.00 0.00 0.00 0.00 0.00 
0.00 0.00 0.00 0.00 0.00 0.00 0.00 0.00 0.00 0.00 0.00 0.00 0.00 0.00 0.00 0.00 0.00 0.00 0.00 0.00 
0.00 0.00 0.00 0.00 0.00 0.00 0.00 0.00 0.00 0.00 0.00 0.00 0.00 0.00 0.00 0.00 0.00 0.00 0.00 0.00 
0.00 0.00 0.00 0.00 0.00 0.00 0.00 0.00 0.00 0.00 0.00 0.00 0.00 0.00 0.00 0.00 0.00 0.00 0.00 0.00 
0.00 0.00 0.00 0.00 0.00 0.00 0.00 0.00 0.00 0.00 0.00 0.00 0.00 0.00 0.00 0.00 0.00 0.00 0.00 0.00 
0.00 0.00 0.00 0.00 0.00 0.00 0.00 0.00 0.00 0.00 0.00 0.00 0.00 0.00 0.00 0.00 0.00 0.00 0.00 0.00 
0.00 0.00 0.00 0.00 0.00 0.00 0.00 0.00 0.00 0.00 0.00 0.00 0.00 0.00 0.00 0.00 0.00 0.00 0.00 0.00 
0.00 0.00 0.00 0.00 0.00 0.00 0.00 0.00 0.00 0.00 0.00 0.00 0.00 0.00 0.00 0.00 0.00 0.00 0.00 0.00 
0.00 0.00 0.00 0.00 0.00 0.00 0.00 0.00 0.00 0.00 0.00 0.00 0.00 0.00 0.00 0.00 0.00 0.00 0.00 0.00 
0.00 0.00 0.00 0.00 0.00 0.00 0.00 0.00 0.00 0.00 0.00 0.00 0.00 0.00 0.00 0.00 0.00 0.00 0.00 0.00 
0.00 0.00 0.00 0.00 0.00 0.00 0.00 0.00 0.00 0.00 0.00 0.00 0.00 0.00 0.00 0.00 0.00 0.00 0.00 0.00 
0.00 0.00 0.00 0.00 0.00 0.00 0.00 0.00 0.00 0.00 0.00 0.00 0.00 0.00 0.00 0.00 0.00 0.00 0.00 0.00 
0.00 0.00 0.00 0.00 0.00 0.00 0.00 0.00 0.00 0.00 0.00 0.00 0.00 0.00 0.00 0.00 0.00 0.00 0.00 0.00 
0.00 0.00 0.00 0.00 0.00 0.00 0.00 0.00 0.00 0.00 0.00 0.00 0.00 0.00 0.00 0.00 0.00 0.00 0.00 0.00 
0.00 0.00 0.00 0.00 0.00 0.00 0.00 0.00 0.00 0.00 0.00 0.00 0.00 0.00 0.00 0.00 0.00 0.00 0.00 0.00 
0.00 0.00 0.00 0.00 0.00 0.00 0.00 0.00 0.00 0.00 0.00 0.00 0.00 0.00 0.00 0.00 0.00 0.00 0.00 0.00 
0.00 0.00 0.00 0.00 0.00 0.00 0.00 0.00 0.00 0.00 0.00 0.00 0.00 0.00 0.00 0.00 0.00 0.00 0.00 0.00 
0.00 0.00 0.00 0.00 0.00 0.00 0.00 0.00 0.00 0.00 0.00 0.00 0.00 0.00 0.00 0.00 0.00 0.00 0.00 0.00 
0.00 0.00 0.00 0.00 0.00 0.00 0.00 0.00 0.00 0.00 0.00 0.00 0.00 0.00 0.00 0.00 0.00 0.00 0.00 0.00 
0.00 0.00 0.00 0.00 0.00 0.00 0.00 0.00 0.00 0.00 0.00 0.00 0.00 0.00 0.00 0.00 0.00 0.00 0.00 0.00 
0.00 0.00 0.00 0.00 0.00 0.00 0.00 0.00 0.00 0.00 0.00 0.00 0.00 0.00 0.00 0.00 0.00 0.00 0.00 0.00 
0.00 0.00 0.00 0.00 0.00 0.00 0.00 0.00 0.00 0.00 0.00 0.00 0.00 0.00 0.00 0.00 0.00 0.00 0.00 0.00 
0.00 0.00 0.00 0.00 0.00 0.00 0.00 0.00 0.00 0.00 0.00 0.00 0.00 0.00 0.00 0.00 0.00 0.00 0.00 0.00 
0.00 0.00 0.00 0.00 0.00 0.00 0.00 0.00 0.00 0.00 0.00 0.00 0.00 0.00 0.00 0.00 0.00 0.00 0.00 0.00 
0.00 0.00 0.00 0.00 0.00 0.00 0.00 0.00 0.00 0.00 0.00 0.00 0.00 0.00 0.00 0.00 0.00 0.00 0.00 0.00 
0.00 0.00 0.00 0.00 0.00 0.00 0.00 0.00 0.00 0.00 0.00 0.00 0.00 0.00 0.00 0.00 0.00 0.00 0.00 0.00 
0.00 0.00 0.00 0.00 0.00 0.00 0.00 0.00 0.00 0.00 0.00 0.00 0.00 0.00 0.00 0.00 0.00 0.00 0.00 0.00 
0.00 0.00 0.00 0.00 0.00 0.00 0.00 0.00 0.00 0.00 0.00 0.00 0.00 0.00 0.00 0.00 0.00 0.00 0.00 0.00 
0.00 0.00 0.00 0.00 0.00 0.00 0.00 0.00 0.00 0.00 0.00 0.00 0.00 0.00 0.00 0.00 0.00 0.00 0.00 0.00 
0.00 0.00 0.00 0.00 0.00 0.00 0.00 0.00 0.00 0.00 0.00 0.00 0.00 0.00 0.00 0.00 0.00 0.00 0.00 0.00 
0.00 0.00 0.00 0.00 0.00 0.00 0.00 0.00 0.00 0.00 0.00 0.00 0.00 0.00 0.00 0.00 0.00 0.00 0.00 0.00 
0.00 0.00 0.00 0.00 0.00 0.00 0.00 0.00 0.00 0.00 0.00 0.00 0.00 0.00 0.00 0.00 0.00 0.00 0.00 0.00 
0.00 0.00 0.00 0.00 0.00 0.00 0.00 0.00 0.00 0.00 0.00 0.00 0.00 0.00 0.00 0.00 0.00 0.00 0.00 0.00 
0.00 0.00 0.00 0.00 0.00 0.00 0.00 0.00 0.00 0.00 0.00 0.00 0.00 0.00 0.00 0.00 0.00 0.00 0.00 0.00 
end   dump: w
==END   DUMP_ARRAYS==
==BEGIN DUMP_ARRAYS==
begin dump: w
1852.14 55534604.00 61086428.00 70412088.00 80501824.00 91057440.00 101831184.00 112676784.00 123490624.00 134582832.00 145415472.00 156549296.00 167541440.00 178681504.00 189692944.00 200710240.00 211597456.00 222938176.00 233952432.00 245055680.00 
255817744.00 267235328.00 278357952.00 289522144.00 300395712.00 311207168.00 322747904.00 333760256.00 344876288.00 356172928.00 366964352.00 378136448.00 389097920.00 400431712.00 411543808.00 422575552.00 433699488.00 444783168.00 455951232.00 467088608.00 
477536640.00 489298816.00 500366752.00 511402368.00 522588416.00 533670880.00 544861568.00 555927040.00 566798656.00 578186624.00 588458240.00 600359808.00 611460544.00 622595712.00 633560512.00 644739968.00 655798144.00 667001344.00 678204352.00 689310720.00 
700041856.00 711494016.00 722537216.00 733825600.00 744565312.00 755875712.00 767048640.00 778186304.00 789211904.00 800759360.00 811351936.00 822546560.00 833608960.00 844900800.00 855754560.00 866668416.00 878151104.00 889482176.00 900400832.00 911521664.00 
921314496.00 933757888.00 944850432.00 955944896.00 967039872.00 978093824.00 989228800.00 1000886400.00 1011422144.00 1022683008.00 1033604736.00 1045104576.00 1055962560.00 1066853888.00 1078181248.00 1089167232.00 1100210048.00 1111562240.00 1122642816.00 1133674240.00 
1143246848.00 1155917440.00 1167100160.00 1178205952.00 1189232512.00 1200288256.00 1211574400.00 1222716800.00 1233698816.00 1244892288.00 1255856768.00 1266849792.00 1278027264.00 1289422208.00 1300466432.00 1311547008.00 1322691456.00 1333781504.00 1345019008.00 1356042880.00 
1366512768.00 1378277248.00 1389397248.00 1400482944.00 1411538176.00 1420646016.00 1433909760.00 1445143040.00 1455837568.00 1466864512.00 1478155904.00 1489375488.00 1500466688.00 1511528192.00 1522803712.00 1533829120.00 1544887168.00 1556250880.00 1567387008.00 1578371712.00 
1589134720.00 1600544000.00 1611600128.00 1623172736.00 1633685760.00 1644989056.00 1656144768.00 1667213056.00 1678229760.00 1689495296.00 1699775104.00 1711750784.00 1722696448.00 1733834240.00 1745436160.00 1756133504.00 1767239680.00 1778445184.00 1789554432.00 1800641024.00 
1810425088.00 1822857984.00 1833919488.00 1845065088.00 1856160640.00 1867226624.00 1878298368.00 1889762560.00 1900568192.00 1911640448.00 1922733568.00 1933968512.00 1945038976.00 1956215168.00 1967542272.00 1978046464.00 1989310336.00 2000769408.00 2011755776.00 2022885248.00 
2033665280.00 2045068672.00 2056721920.00 2067373440.00 2078389888.00 2089542528.00 2100588800.00 2111828352.00 2122871552.00 2134059520.00 2144972800.00 2156297472.00 2167153920.00 2178527744.00 2189604352.00 2200617728.00 2211746816.00 2222941952.00 2233987328.00 2245062144.00 
2252988928.00 2267482880.00 2278518016.00 2289669888.00 2300690432.00 2311782656.00 2322983424.00 2334220032.00 2344982016.00 2356381440.00 2367265792.00 2378612480.00 2389634560.00 2400791552.00 2411870208.00 2422948864.00 2434000128.00 2445255168.00 2456322560.00 2467460096.00 
2478235904.00 2489666048.00 2500214016.00 2512126720.00 2522866688.00 2533803520.00 2545310976.00 2556409600.00 2567465216.00 2578576640.00 2589597184.00 2600910336.00 2611867392.00 2623003904.00 2634156800.00 2645141248.00 2656414208.00 2667549696.00 2678595584.00 2689821184.00 
2699567616.00 2712030464.00 2723093760.00 2734320384.00 2745341184.00 2756414464.00 2767540736.00 2778661376.00 2789623040.00 2800807424.00 2807915520.00 2823297792.00 2834289152.00 2845399040.00 2856582144.00 2867557376.00 2878482944.00 2889832192.00 2900774912.00 2912132608.00 
2922855168.00 2934437120.00 2945393664.00 2956509440.00 2967501568.00 2978658048.00 2989784832.00 3001101312.00 3012051456.00 3023162880.00 3034161408.00 3045424384.00 3056285952.00 3067746560.00 3078828288.00 3089485312.00 3101031424.00 3112135680.00 3123246080.00 3134266880.00 
3144793600.00 3156628480.00 3167619072.00 3178714880.00 3189767680.00 3200673024.00 3212916992.00 3223468800.00 3234224640.00 3245552896.00 3256506624.00 3267777280.00 3278829312.00 3290040832.00 3301006336.00 3312108544.00 3323153152.00 3334418944.00 3345544448.00 3356616704.00 
3366109696.00 3378870784.00 3389998080.00 3400781312.00 3411964928.00 3423238144.00 3434392320.00 3445497344.00 3456821248.00 3467825408.00 3478773504.00 3489989632.00 3501005824.00 3512291584.00 3523345152.00 3534395904.00 3545675008.00 3556679424.00 3567790080.00 3578927360.00 
3588734208.00 3601283328.00 3612248832.00 3623405568.00 3634439168.00 3645207552.00 3656705280.00 3667855616.00 3678825216.00 3689999104.00 3700979200.00 3712190464.00 3723170816.00 3733628672.00 3746094080.00 3756882944.00 3767734016.00 3779091968.00 3790089472.00 3801446656.00 
3812060672.00 3823483136.00 3834572800.00 3845757440.00 3856690432.00 3867927552.00 3879029760.00 3890134784.00 3901322752.00 3912442624.00 3922673408.00 3934625280.00 3945453056.00 3957472000.00 3967993856.00 3979011072.00 3990125568.00 4001225728.00 4012398336.00 4023782912.00 
4033974272.00 4045728000.00 4056821248.00 4067850496.00 4079286016.00 4090196992.00 4101308928.00 4112473856.00 4123305216.00 4134651904.00 4145607936.00 4156900352.00 4167905024.00 4179128832.00 4190225152.00 4199271424.00 4212392192.00 4223617024.00 4234674176.00 4245823232.00 
4256592640.00 4268547840.00 4279097600.00 4290486528.00 4301110784.00 4312454656.00 4323673088.00 4334610432.00 4345754112.00 4357007872.00 4367888384.00 4379171840.00 4390134784.00 4401372160.00 4412487680.00 4423495680.00 4434612736.00 4445729792.00 4456759296.00 4467668480.00 
4472570880.00 4490753536.00 4501628416.00 4512724992.00 4523705344.00 4534780928.00 4545923584.00 4557073408.00 4568055808.00 4579251712.00 4590242304.00 4601549312.00 4612593664.00 4623709184.00 4634882560.00 4645875200.00 4656818688.00 4668233216.00 4679294464.00 4690410496.00 
4701197824.00 4712068608.00 4723723264.00 4734845952.00 4745838592.00 4756685824.00 4768195072.00 4779327488.00 4790302720.00 4801641984.00 4812542464.00 4823777792.00 4834646016.00 4846113280.00 4857113088.00 4868253184.00 4879308288.00 4890475008.00 4901555200.00 4912421376.00 
4923143168.00 4934906368.00 4945998848.00 4957100544.00 4967928832.00 4979557376.00 4990556672.00 5001637888.00 5012497920.00 5024070656.00 5034149376.00 5046113280.00 5057153536.00 5068325376.00 5079395328.00 5090504704.00 5101517312.00 5112691712.00 5123822592.00 5134811136.00 
5145757696.00 5157120512.00 5168434688.00 5179495936.00 5190320128.00 5201575424.00 5212727808.00 5223884288.00 5234921472.00 5246098944.00 5257043968.00 5268427264.00 5279370752.00 5290598912.00 5301709312.00 5312400896.00 5323755520.00 5335049216.00 5346149888.00 5357263360.00 
5367057920.00 5379374080.00 5390594048.00 5401757696.00 5412790784.00 5423931392.00 5435067392.00 5446183936.00 5457178112.00 5468432896.00 5479357952.00 5490587648.00 5501644288.00 5512820224.00 5523890688.00 5534926848.00 5545820160.00 5557138944.00 5568133120.00 5578897920.00 
5582370816.00 5602477568.00 5613245952.00 5624295424.00 5635187712.00 5646308864.00 5657402368.00 5668554240.00 5679666688.00 5690780672.00 5701752832.00 5713001984.00 5723859968.00 5735249920.00 5746295296.00 5757365248.00 5768428032.00 5779599872.00 5790766080.00 5801928192.00 
5812355584.00 5824025600.00 5835280896.00 5846311424.00 5857427456.00 5868159488.00 5879595520.00 5890834432.00 5901663232.00 5913011200.00 5923985408.00 5935260160.00 5946296320.00 5957351424.00 5968637440.00 5979665408.00 5990710784.00 6001953280.00 6013002240.00 6024117248.00 
6034959872.00 6046426112.00 6057469440.00 6068604416.00 6079441920.00 6090604032.00 6102108160.00 6113039360.00 6124197888.00 6135128576.00 6145619456.00 6157496832.00 6168575488.00 6179791872.00 6190875648.00 6201884160.00 6213117440.00 6224262656.00 6235302400.00 6246389760.00 
6256253952.00 6268739072.00 6279789568.00 6290918912.00 6301912064.00 6313048064.00 6324125696.00 6335320576.00 6346327040.00 6357522432.00 6368426496.00 6379310592.00 6391278592.00 6402163712.00 6413239296.00 6423933440.00 6435191808.00 6446593536.00 6457645568.00 6468887040.00 
6479549440.00 6490960896.00 6502070272.00 6513205248.00 6524219392.00 6535361536.00 6546548224.00 6557663232.00 6568589312.00 6579942400.00 6590864896.00 6602172416.00 6612975104.00 6624362496.00 6635443712.00 6646508544.00 6657623552.00 6668643328.00 6679872000.00 6690948096.00 
6698823680.00 6713353728.00 6724406272.00 6735499776.00 6746578944.00 6757665792.00 6768670208.00 6779921408.00 6790801920.00 6802262528.00 6813146112.00 6824353792.00 6835459584.00 6846627840.00 6857700864.00 6868645888.00 6879955968.00 6891083264.00 6902199296.00 6913218560.00 
6924121600.00 6935544832.00 6946628096.00 6957828096.00 6968620032.00 6977927168.00 6991142400.00 7002234880.00 7013298688.00 7024458240.00 7035426304.00 7046643712.00 7057736704.00 7068955136.00 7079982080.00 7091101696.00 7102169600.00 7113376256.00 7124488192.00 7135561216.00 
7145398784.00 7157776896.00 7168972800.00 7180145664.00 7191094272.00 7202158592.00 7213377024.00 7224359424.00 7235505152.00 7246682624.00 7257013248.00 7268929024.00 7279988736.00 7291098624.00 7302271488.00 7313296896.00 7324230656.00 7335536640.00 7346661888.00 7357760000.00 
7368559104.00 7379921408.00 7391012352.00 7402086400.00 7412939776.00 7423819264.00 7433871360.00 7450527744.00 7458819584.00 7469564416.00 7480388608.00 7491565056.00 7502373888.00 7513714688.00 7524784640.00 7535486976.00 7546912256.00 7558091776.00 7569262080.00 7580273664.00 
7590760960.00 7602509824.00 7613634560.00 7624816640.00 7635782656.00 7646903296.00 7658081792.00 7669161472.00 7680040960.00 7691438080.00 7702394880.00 7713669632.00 7724658688.00 7735864832.00 7746976256.00 7757991424.00 7769117696.00 7780381696.00 7791427072.00 7802500096.00 
7811989504.00 7824742912.00 7835881472.00 7847007744.00 7857845248.00 7869122048.00 7880622592.00 7891467776.00 7902526464.00 7913714176.00 7924658176.00 7935880192.00 7946898944.00 7958090240.00 7969042944.00 7980360704.00 7991425536.00 8002789888.00 8013808640.00 8024802304.00 
8034619392.00 8047032832.00 8058119680.00 8069238272.00 8080312320.00 8091076096.00 8102540288.00 8113406976.00 8124836352.00 8136010240.00 8146941440.00 8158201856.00 8169263104.00 8180401664.00 8191522816.00 8202564608.00 8213483520.00 8225054208.00 8235965952.00 8247060480.00 
8257889792.00 8269368832.00 8280451072.00 8291589120.00 8302529024.00 8313677824.00 8324856832.00 8336100864.00 8347025920.00 8358063104.00 8365221376.00 8380631040.00 8391412224.00 8402774528.00 8413831168.00 8424886272.00 8436012544.00 8447183872.00 8458274816.00 8469399040.00 
8479852544.00 8491610624.00 8502972928.00 8513812992.00 8524895232.00 8536025088.00 8547271680.00 8558304768.00 8569132032.00 8580268544.00 8591576064.00 8602788864.00 8613876736.00 8624952320.00 8636059648.00 8646827008.00 8658212864.00 8669441024.00 8680694784.00 8691700736.00 
8702482432.00 8713909248.00 8724978688.00 8736180224.00 8746997760.00 8758284288.00 8769498112.00 8780566528.00 8791719936.00 8802894848.00 8813765632.00 8825049088.00 8836015104.00 8847210496.00 8858327040.00 8869387264.00 8880495616.00 8891685888.00 8902639616.00 8913555456.00 
8918438912.00 8936641536.00 8947502080.00 8958555136.00 8969591808.00 8980664320.00 8991883264.00 9002765312.00 9013935104.00 9025259520.00 9036111872.00 9047432192.00 9058414592.00 9069542400.00 9080712192.00 9091834880.00 9102687232.00 9114059776.00 9125040128.00 9136291840.00 
9147084800.00 9158483968.00 9169609728.00 9180674048.00 9191799808.00 9202571264.00 9214023680.00 9225154560.00 9236268032.00 9247404032.00 9258373120.00 9269655552.00 9280478208.00 9291671552.00 9303063552.00 9314076672.00 9325188096.00 9336299520.00 9347449856.00 9358575616.00 
9369023488.00 9380790272.00 9391612928.00 9403063296.00 9414083584.00 9425163264.00 9436265472.00 9447471104.00 9458332672.00 9469684736.00 9479992320.00 9491858432.00 9502994432.00 9514143744.00 9525219328.00 9536247808.00 9547219968.00 9557056512.00 9569961984.00 9580963840.00 
9591712768.00 9603128320.00 9614175232.00 9625315328.00 9636195328.00 9647533056.00 9658685440.00 9669846016.00 9680880640.00 9691987968.00 9703001088.00 9714317312.00 9725251584.00 9736431616.00 9747540992.00 9756585984.00 9769777152.00 9780875264.00 9791886336.00 9803147264.00 
9812947968.00 9825386496.00 9836476416.00 9847593984.00 9858660352.00 9869751296.00 9880904704.00 9892011008.00 9902934016.00 9915514880.00 9925379072.00 9936615424.00 9947623424.00 9958787072.00 9969851392.00 9980944384.00 9991830528.00 10003229696.00 10014405632.00 10025451520.00 
10034894848.00 10047686656.00 10058857472.00 10069867520.00 10080882688.00 10092065792.00 10103242752.00 10114370560.00 10125360128.00 10135587840.00 10147632128.00 10158889984.00 10169691136.00 10180945920.00 10192119808.00 10203198464.00 10214316032.00 10225572864.00 10236516352.00 10247806976.00 
10258174976.00 10269908992.00 10281035776.00 10291351552.00 10303296512.00 10314027008.00 10325543936.00 10336654336.00 10347493376.00 10358890496.00 10369814528.00 10381006848.00 10392123392.00 10403188736.00 10414479360.00 10425490432.00 10436542464.00 10447754240.00 10458872832.00 10469989376.00 
10480792576.00 10492041216.00 10503357440.00 10514437120.00 10525324288.00 10536628224.00 10547798016.00 10558879744.00 10570024960.00 10581126144.00 10591454208.00 10603378688.00 10614319104.00 10625624064.00 10636696576.00 10647756800.00 10658874368.00 10670105600.00 10681177088.00 10692274176.00 
10702078976.00 10714488832.00 10725554176.00 10737117184.00 10747789312.00 10758878208.00 10770095104.00 10781133824.00 10792212480.00 10803410944.00 10814394368.00 10825601024.00 10836708352.00 10848138240.00 10858932224.00 10869664768.00 10880940032.00 10892279808.00 10903394304.00 10914518016.00 
10925302784.00 10936711168.00 10947822592.00 10958886912.00 10969905152.00 10981072896.00 10992235520.00 11003228160.00 11014414336.00 11025438720.00 11036485632.00 11047788544.00 11058532352.00 11069802496.00 11080877056.00 11091854336.00 11102859264.00 11113792512.00 11124405248.00 11134138368.00 
11131327488.00 11161933824.00 11171635200.00 11182271488.00 11193125888.00 11204086784.00 11215160320.00 11226272768.00 11237043200.00 11248276480.00 11259286528.00 11270641664.00 11281543168.00 11292844032.00 11303801856.00 11314874368.00 11325938688.00 11337183232.00 11348233216.00 11359363072.00 
11370140672.00 11381558272.00 11392646144.00 11403787264.00 11414636544.00 11425597440.00 11437106176.00 11447937024.00 11459261440.00 11470475264.00 11481375744.00 11492654080.00 11503627264.00 11514926080.00 11525950464.00 11537063936.00 11548174336.00 11558947840.00 11570492416.00 11581584384.00 
11591364608.00 11603794944.00 11614864384.00 11625967616.00 11637103616.00 11648171008.00 11659338752.00 11670446080.00 11681516544.00 11692691456.00 11702991872.00 11714933760.00 11725949952.00 11737187328.00 11748226048.00 11759311872.00 11770245120.00 11781642240.00 11792684032.00 11804027904.00 
11814647808.00 11826071552.00 11837159424.00 11848311808.00 11859291136.00 11870442496.00 11881564160.00 11892880384.00 11903842304.00 11915066368.00 11925961728.00 11937192960.00 11948072960.00 11959419904.00 11970491392.00 11981249536.00 11992666112.00 12004716544.00 12015008768.00 12026164224.00 
12036591616.00 12048264192.00 12059515904.00 12070502400.00 12081639424.00 12092743680.00 12103916544.00 12115136512.00 12125887488.00 12137187328.00 12148142080.00 12160483328.00 12170612736.00 12181691392.00 12192786432.00 12203875328.00 12214948864.00 12226194432.00 12237178880.00 12248386560.00 
12257869824.00 12270624768.00 12281634816.00 12292851712.00 12303746048.00 12315000832.00 12326194176.00 12337281024.00 12348353536.00 12359468032.00 12370402304.00 12380556288.00 12392911872.00 12404064256.00 12415135744.00 12426186752.00 12437308416.00 12448465920.00 12459567104.00 12470690816.00 
12480500736.00 12492903424.00 12504152064.00 12515188736.00 12526184448.00 12535314432.00 12548505600.00 12559640576.00 12570583040.00 12581762048.00 12592774144.00 12604088320.00 12615086080.00 12626233344.00 12637353984.00 12648400896.00 12659376128.00 12670755840.00 12681845760.00 12692945920.00 
12703723520.00 12715110400.00 12726076416.00 12739014656.00 12748624896.00 12759691264.00 12770806784.00 12781924352.00 12792984576.00 12804202496.00 12814451712.00 12826395648.00 12837242880.00 12848605184.00 12859780096.00 12870775808.00 12881894400.00 12893015040.00 12904426496.00 12915276800.00 
12925733888.00 12937498624.00 12948578304.00 12959776768.00 12970789888.00 12981863424.00 12992984064.00 13004394496.00 13015102464.00 13026417664.00 13037401088.00 13048671232.00 13059704832.00 13070916608.00 13082027008.00 13092692992.00 13104044032.00 13115395072.00 13126423552.00 13137588224.00 
13148358656.00 13159778304.00 13170993152.00 13182008320.00 13192883200.00 13204109312.00 13215326208.00 13226529792.00 13237562368.00 13248644096.00 13259650048.00 13270800384.00 13281892352.00 13293302784.00 13304160256.00 13315262464.00 13326366720.00 13337519104.00 13348520960.00 13359431680.00 
13364321280.00 13382518784.00 13393378304.00 13404387328.00 13415478272.00 13426555904.00 13437706240.00 13448862720.00 13459820544.00 13471015936.00 13482000384.00 13493176320.00 13504244736.00 13515495424.00 13526544384.00 13537653760.00 13548575744.00 13559885824.00 13571067904.00 13582167040.00 
13592957952.00 13604371456.00 13615345664.00 13626637312.00 13637615616.00 13648432128.00 13659990016.00 13671110656.00 13682104320.00 13693277184.00 13704186880.00 13715805184.00 13726430208.00 13737758720.00 13748767744.00 13759908864.00 13771062272.00 13782264832.00 13793079296.00 13804460032.00 
13814914048.00 13826671616.00 13837760512.00 13848885248.00 13859955712.00 13871049728.00 13882213376.00 13893304320.00 13904156672.00 13915437056.00 13922565120.00 13938003968.00 13948936192.00 13959972864.00 13971181568.00 13982260224.00 13993312256.00 14004482048.00 14015582208.00 14026710016.00 
14037548032.00 14049007616.00 14060054528.00 14071024640.00 14082076672.00 14093364224.00 14104516608.00 14115672064.00 14126713856.00 14137870336.00 14148830208.00 14160061440.00 14170999808.00 14182659072.00 14193490944.00 14204180480.00 14215662592.00 14226833408.00 14237904896.00 14249033728.00 
14258823168.00 14271265792.00 14282231808.00 14293285888.00 14304550912.00 14315571200.00 14327005184.00 14337970176.00 14348953600.00 14360198144.00 14371108864.00 14382347264.00 14393452544.00 14404612096.00 14415422464.00 14426823680.00 14437730304.00 14449065984.00 14460155904.00 14471336960.00 
14480764928.00 14493574144.00 14504617984.00 14515689472.00 14526722048.00 14537940992.00 14549068800.00 14560199680.00 14571314176.00 14582407168.00 14593383424.00 14604633088.00 14615538688.00 14626912256.00 14637950976.00 14649029632.00 14660184064.00 14671247360.00 14682404864.00 14693561344.00 
14704004096.00 14715789312.00 14726777856.00 14737981440.00 14749051904.00 14759785472.00 14771246080.00 14782363648.00 14793194496.00 14804511744.00 14815380480.00 14826501120.00 14837150720.00 14845548544.00 14862154752.00 14872123392.00 14882895872.00 14893977600.00 14905016320.00 14916132864.00 
14926870528.00 14938314752.00 14949380096.00 14960527360.00 14971340800.00 14982637568.00 14993766400.00 15004976128.00 15015995392.00 15027147776.00 15037416448.00 15049395200.00 15060327424.00 15071711232.00 15082652672.00 15093784576.00 15104889856.00 15115928576.00 15127060480.00 15138295808.00 
15148042240.00 15160498176.00 15171563520.00 15182690304.00 15193807872.00 15204851712.00 15216063488.00 15227115520.00 15238095872.00 15249431552.00 15260343296.00 15271628800.00 15282664448.00 15293829120.00 15304885248.00 15314000896.00 15326965760.00 15338244096.00 15349414912.00 15360536576.00 
15371325440.00 15382847488.00 15393848320.00 15404986368.00 15415875584.00 15427290112.00 15438331904.00 15449445376.00 15460505600.00 15471724544.00 15482624000.00 15493826560.00 15504768000.00 15516154880.00 15527363584.00 15538271232.00 15549390848.00 15560569856.00 15571632128.00 15582708736.00 
15590583296.00 15605124096.00 15616162816.00 15627422720.00 15638343680.00 15649425408.00 15660592128.00 15671713792.00 15682593792.00 15693888512.00 15704903680.00 15716124672.00 15727384576.00 15738417152.00 15749499904.00 15760572416.00 15771620352.00 15782865920.00 15793956864.00 15805105152.00 
15815877632.00 15827183616.00 15838403584.00 15849477120.00 15860371456.00 15871334400.00 15882784768.00 15893908480.00 15904692224.00 15916764160.00 15927347200.00 15938541568.00 15949510656.00 15960743936.00 15971911680.00 15982891008.00 15994064896.00 16005168128.00 16016242688.00 16027330560.00 
16037200896.00 16049687552.00 16060739584.00 16071806976.00 16082852864.00 16094057472.00 16105171968.00 16116279296.00 16127263744.00 16138571776.00 16148828160.00 16160950272.00 16171782144.00 16183016448.00 16193930240.00 16205327360.00 16216128512.00 16227472384.00 16238561280.00 16249657344.00 
16260477952.00 16271962112.00 16283028480.00 16294130688.00 16305127424.00 16316280832.00 16327395328.00 16338719744.00 16349672448.00 16360805376.00 16371772416.00 16383059968.00 16393901056.00 16405251072.00 16416451584.00 16427103232.00 16438540288.00 16449761280.00 16460748800.00 16472038400.00 
16482419712.00 16494143488.00 16505280512.00 16516463616.00 16527542272.00 16538570752.00 16549742592.00 16560820224.00 16571719680.00 16583071744.00 16594021376.00 16605296640.00 16616295424.00 16627521536.00 16638636032.00 16649635840.00 16660647936.00 16671777792.00 16682786816.00 16693583872.00 
16697047040.00 16717185024.00 16727913472.00 16738935808.00 16749750272.00 16761012224.00 16772151296.00 16783248384.00 16794322944.00 16805484544.00 16816412672.00 16827643904.00 16838649856.00 16849900544.00 16860972032.00 16872003584.00 16883192832.00 16894316544.00 16905441280.00 16916701184.00 
16926371840.00 16938803200.00 16949893120.00 16961019904.00 16972207104.00 16982880256.00 16994336768.00 17005468672.00 17016448000.00 17027652608.00 17038732288.00 17049961472.00 17061043200.00 17072187392.00 17083311104.00 17094365184.00 17105256448.00 17116583936.00 17127600128.00 17138947072.00 
17149689856.00 17161255936.00 17172216832.00 17183371264.00 17194326016.00 17205438464.00 17216641024.00 17227755520.00 17238818816.00 17249966080.00 17260292096.00 17272006656.00 17283069952.00 17294424064.00 17305485312.00 17316378624.00 17328058368.00 17338968064.00 17350039552.00 17361162240.00 
17371639808.00 17383651328.00 17394487296.00 17405601792.00 17416650752.00 17427689472.00 17438930944.00 17449969664.00 17460930560.00 17472294912.00 17483231232.00 17494419456.00 17505665024.00 17516738560.00 17527836672.00 17538588672.00 17550012416.00 17561225216.00 17572333568.00 17583998976.00 
17594243072.00 17605670912.00 17616742400.00 17627842560.00 17638760448.00 17650071552.00 17661145088.00 17672372224.00 17683388416.00 17694529536.00 17705539584.00 17716815872.00 17727780864.00 17738979328.00 17750110208.00 17761163264.00 17772257280.00 17783345152.00 17794420736.00 17805322240.00 
17810190336.00 17828395008.00 17839257600.00 17850339328.00 17861335040.00 17872437248.00 17883537408.00 17894690816.00 17905690624.00 17916905472.00 17927876608.00 17939064832.00 17950208000.00 17961463808.00 17972371456.00 17983500288.00 17994465280.00 18005596160.00 18016931840.00 18027517952.00 
18038831104.00 18050254848.00 18061363200.00 18072459264.00 18083448832.00 18092644352.00 18105806848.00 18116943872.00 18128072704.00 18139168768.00 18150172672.00 18161426432.00 18172260352.00 18183593984.00 18194712576.00 18205745152.00 18216689664.00 18228217856.00 18239217664.00 18250348544.00 
18260791296.00 18272280576.00 18283640832.00 18294843392.00 18305851392.00 18316924928.00 18328057856.00 18338592768.00 18350131200.00 18361440256.00 18371776512.00 18383626240.00 18394654720.00 18405941248.00 18417008640.00 18428014592.00 18439133184.00 18450311168.00 18461464576.00 18472583168.00 
18483380224.00 18494627840.00 18505947136.00 18516981760.00 18527834112.00 18539063296.00 18549940224.00 18562435072.00 18572795904.00 18583881728.00 18594793472.00 18606073856.00 18617008128.00 18628198400.00 18639331328.00 18650050560.00 18661529600.00 18672662528.00 18683797504.00 18694791168.00 
18704709632.00 18717145088.00 18728253440.00 18739390464.00 18750279680.00 18761541632.00 18772692992.00 18783770624.00 18794838016.00 18806083584.00 18816999424.00 18828251136.00 18839156736.00 18850555904.00 18861639680.00 18872692736.00 18883602432.00 18895292416.00 18906021888.00 18917197824.00 
18926655488.00 18939465728.00 18950498304.00 18961653760.00 18972696576.00 18983841792.00 18995030016.00 19006040064.00 19017134080.00 19028287488.00 19039270912.00 19050526720.00 19061346304.00 19072595968.00 19083132928.00 19095273472.00 19106203648.00 19117375488.00 19128420352.00 19139436544.00 
19149971456.00 19161802752.00 19172782080.00 19183939584.00 19194927104.00 19205783552.00 19217201152.00 19228325888.00 19239286784.00 19250642944.00 19261599744.00 19272910848.00 19283900416.00 19294963712.00 19306254336.00 19317286912.00 19328339968.00 19339567104.00 19350654976.00 19361622016.00 
19372572672.00 19383922688.00 19395262464.00 19406233600.00 19417083904.00 19428368384.00 19439452160.00 19450664960.00 19461685248.00 19472779264.00 19479871488.00 19495258112.00 19506223104.00 19517419520.00 19528488960.00 19539511296.00 19550625792.00 19561758720.00 19572948992.00 19584038912.00 
19593863168.00 19606261760.00 19617433600.00 19628521472.00 19639556096.00 19650803712.00 19661893632.00 19673057280.00 19683973120.00 19695163392.00 19706177536.00 19717482496.00 19728506880.00 19739650048.00 19750727680.00 19761469440.00 19772721152.00 19783946240.00 19795834880.00 19806398464.00 
19817213952.00 19828609024.00 19839727616.00 19850827776.00 19861854208.00 19872995328.00 19884171264.00 19895291904.00 19906320384.00 19917451264.00 19928514560.00 19939694592.00 19950592000.00 19961851904.00 19973054464.00 19984158720.00 19995279360.00 20006393856.00 20017530880.00 20028598272.00 
20036433920.00 20051003392.00 20062056448.00 20073136128.00 20084228096.00 20095322112.00 20106416128.00 20117536768.00 20128407552.00 20139773952.00 20150786048.00 20162011136.00 20173090816.00 20184238080.00 20195448832.00 20206391296.00 20217452544.00 20228675584.00 20239304704.00 20250994688.00 
20261787648.00 20273195008.00 20284295168.00 20295294976.00 20306274304.00 20317229056.00 20328505344.00 20339849216.00 20350926848.00 20362104832.00 20373045248.00 20384423936.00 20395251712.00 20406329344.00 20417738752.00 20428703744.00 20439793664.00 20451020800.00 20462114816.00 20473214976.00 
20483020800.00 20495415296.00 20506499072.00 20517607424.00 20528730112.00 20539805696.00 20550623232.00 20562237440.00 20573134848.00 20584337408.00 20594673664.00 20606584832.00 20617719808.00 20628858880.00 20639903744.00 20650954752.00 20661884928.00 20672892928.00 20684449792.00 20695521280.00 
20706304000.00 20717701120.00 20728647680.00 20739819520.00 20750968832.00 20762109952.00 20773251072.00 20784547840.00 20795525120.00 20806692864.00 20817639424.00 20829202432.00 20839735296.00 20850929664.00 20862142464.00 20871266304.00 20884430848.00 20895586304.00 20906639360.00 20917782528.00 
20928247808.00 20940023808.00 20951019520.00 20962289664.00 20973283328.00 20984381440.00 20995565568.00 21006653440.00 21017534464.00 21029218304.00 21039927296.00 21051172864.00 21062279168.00 21073340416.00 21084473344.00 21095630848.00 21106599936.00 21117882368.00 21128927232.00 21140140032.00 
21149536256.00 21162391552.00 21173403648.00 21184512000.00 21195366400.00 21206781952.00 21217859584.00 21229207552.00 21240004608.00 21250971648.00 21262157824.00 21273389056.00 21284401152.00 21295177728.00 21306820608.00 21317836800.00 21328930816.00 21340131328.00 21351184384.00 21362305024.00 
21372123136.00 21384546304.00 21395646464.00 21406586880.00 21417838592.00 21428586496.00 21440272384.00 21451180032.00 21462206464.00 21473515520.00 21484433408.00 21495296000.00 21506756608.00 21517883392.00 21528971264.00 21540059136.00 21551017984.00 21562234880.00 21573509120.00 21584572416.00 
21595387904.00 21606748160.00 21617838080.00 21629075456.00 21640034304.00 21651220480.00 21662482432.00 21673482240.00 21684512768.00 21695713280.00 21705965568.00 21717864448.00 21728794624.00 21740148736.00 21751177216.00 21762273280.00 21773383680.00 21784682496.00 21795667968.00 21806774272.00 
21817237504.00 21828990976.00 21840076800.00 21851281408.00 21862275072.00 21873377280.00 21884479488.00 21895632896.00 21906493440.00 21917960192.00 21928810496.00 21939906560.00 21951088640.00 21962313728.00 21973305344.00 21984051200.00 21995436032.00 22006538240.00 22017677312.00 22028836864.00 
22039588864.00 22051008512.00 22062088192.00 22073141248.00 22083975168.00 22095208448.00 22106357760.00 22117402624.00 22128422912.00 22139516928.00 22150350848.00 22161467392.00 22172358656.00 22183405568.00 22194219008.00 22204880896.00 22215469056.00 22225653760.00 22234955776.00 22240542720.00 
end   dump: w
==END   DUMP_ARRAYS==
Time in seconds = 0.096015
