Sender: LSF System <lsfadmin@polus-c4-ib.bmc.hpc.cs.msu.ru>
Subject: Job 492246: <./large.o> in cluster <MSUCluster> Done

Job <./large.o> was submitted from host <polus-ib.bmc.hpc.cs.msu.ru> by user <edu-cmc-skpod19-328-11> in cluster <MSUCluster> at Fri Nov 29 22:49:49 2019
Job was executed on host(s) <18*polus-c4-ib.bmc.hpc.cs.msu.ru>, in queue <short>, as user <edu-cmc-skpod19-328-11> in cluster <MSUCluster> at Fri Nov 29 22:53:12 2019
                            <1*polus-c1-ib.bmc.hpc.cs.msu.ru>
</home_edu/edu-cmc-skpod19-328/edu-cmc-skpod19-328-11> was used as the home directory.
</home_edu/edu-cmc-skpod19-328/edu-cmc-skpod19-328-11/dep_gemver> was used as the working directory.
Started at Fri Nov 29 22:53:12 2019
Terminated at Fri Nov 29 22:53:14 2019
Results reported at Fri Nov 29 22:53:14 2019

Your job looked like:

------------------------------------------------------------
# LSBATCH: User input
./large.o
------------------------------------------------------------

Successfully completed.

Resource usage summary:

    CPU time :                                   8.32 sec.
    Max Memory :                                 40 MB
    Average Memory :                             28.00 MB
    Total Requested Memory :                     -
    Delta Memory :                               -
    Max Swap :                                   -
    Max Processes :                              3
    Max Threads :                                163
    Run time :                                   1 sec.
    Turnaround time :                            205 sec.

The output (if any) follows:

==BEGIN DUMP_ARRAYS==
begin dump: w
0.00 0.00 0.00 0.00 0.00 0.00 0.00 0.00 0.00 0.00 0.00 0.00 0.00 0.00 0.00 0.00 0.00 0.00 0.00 0.00 
0.00 0.00 0.00 0.00 0.00 0.00 0.00 0.00 0.00 0.00 0.00 0.00 0.00 0.00 0.00 0.00 0.00 0.00 0.00 0.00 
0.00 0.00 0.00 0.00 0.00 0.00 0.00 0.00 0.00 0.00 0.00 0.00 0.00 0.00 0.00 0.00 0.00 0.00 0.00 0.00 
0.00 0.00 0.00 0.00 0.00 0.00 0.00 0.00 0.00 0.00 0.00 0.00 0.00 0.00 0.00 0.00 0.00 0.00 0.00 0.00 
0.00 0.00 0.00 0.00 0.00 0.00 0.00 0.00 0.00 0.00 0.00 0.00 0.00 0.00 0.00 0.00 0.00 0.00 0.00 0.00 
0.00 0.00 0.00 0.00 0.00 0.00 0.00 0.00 0.00 0.00 0.00 0.00 0.00 0.00 0.00 0.00 0.00 0.00 0.00 0.00 
0.00 0.00 0.00 0.00 0.00 0.00 0.00 0.00 0.00 0.00 0.00 0.00 0.00 0.00 0.00 0.00 0.00 0.00 0.00 0.00 
0.00 0.00 0.00 0.00 0.00 0.00 0.00 0.00 0.00 0.00 0.00 0.00 0.00 0.00 0.00 0.00 0.00 0.00 0.00 0.00 
0.00 0.00 0.00 0.00 0.00 0.00 0.00 0.00 0.00 0.00 0.00 0.00 0.00 0.00 0.00 0.00 0.00 0.00 0.00 0.00 
0.00 0.00 0.00 0.00 0.00 0.00 0.00 0.00 0.00 0.00 0.00 0.00 0.00 0.00 0.00 0.00 0.00 0.00 0.00 0.00 
0.00 0.00 0.00 0.00 0.00 0.00 0.00 0.00 0.00 0.00 0.00 0.00 0.00 0.00 0.00 0.00 0.00 0.00 0.00 0.00 
0.00 0.00 0.00 0.00 0.00 0.00 0.00 0.00 0.00 0.00 0.00 0.00 0.00 0.00 0.00 0.00 0.00 0.00 0.00 0.00 
0.00 0.00 0.00 0.00 0.00 0.00 0.00 0.00 0.00 0.00 0.00 0.00 0.00 0.00 0.00 0.00 0.00 0.00 0.00 0.00 
0.00 0.00 0.00 0.00 0.00 0.00 0.00 0.00 0.00 0.00 0.00 0.00 0.00 0.00 0.00 0.00 0.00 0.00 0.00 0.00 
0.00 0.00 0.00 0.00 0.00 0.00 0.00 0.00 0.00 0.00 0.00 0.00 0.00 0.00 0.00 0.00 0.00 0.00 0.00 0.00 
0.00 0.00 0.00 0.00 0.00 0.00 0.00 0.00 0.00 0.00 0.00 0.00 0.00 0.00 0.00 0.00 0.00 0.00 0.00 0.00 
0.00 0.00 0.00 0.00 0.00 0.00 0.00 0.00 0.00 0.00 0.00 0.00 0.00 0.00 0.00 0.00 0.00 0.00 0.00 0.00 
0.00 0.00 0.00 0.00 0.00 0.00 0.00 0.00 0.00 0.00 0.00 0.00 0.00 0.00 0.00 0.00 0.00 0.00 0.00 0.00 
0.00 0.00 0.00 0.00 0.00 0.00 0.00 0.00 0.00 0.00 0.00 0.00 0.00 0.00 0.00 0.00 0.00 0.00 0.00 0.00 
0.00 0.00 0.00 0.00 0.00 0.00 0.00 0.00 0.00 0.00 0.00 0.00 0.00 0.00 0.00 0.00 0.00 0.00 0.00 0.00 
0.00 0.00 0.00 0.00 0.00 0.00 0.00 0.00 0.00 0.00 0.00 0.00 0.00 0.00 0.00 0.00 0.00 0.00 0.00 0.00 
0.00 0.00 0.00 0.00 0.00 0.00 0.00 0.00 0.00 0.00 0.00 0.00 0.00 0.00 0.00 0.00 0.00 0.00 0.00 0.00 
0.00 0.00 0.00 0.00 0.00 0.00 0.00 0.00 0.00 0.00 0.00 0.00 0.00 0.00 0.00 0.00 0.00 0.00 0.00 0.00 
0.00 0.00 0.00 0.00 0.00 0.00 0.00 0.00 0.00 0.00 0.00 0.00 0.00 0.00 0.00 0.00 0.00 0.00 0.00 0.00 
0.00 0.00 0.00 0.00 0.00 0.00 0.00 0.00 0.00 0.00 0.00 0.00 0.00 0.00 0.00 0.00 0.00 0.00 0.00 0.00 
0.00 0.00 0.00 0.00 0.00 0.00 0.00 0.00 0.00 0.00 0.00 0.00 0.00 0.00 0.00 0.00 0.00 0.00 0.00 0.00 
0.00 0.00 0.00 0.00 0.00 0.00 0.00 0.00 0.00 0.00 0.00 0.00 0.00 0.00 0.00 0.00 0.00 0.00 0.00 0.00 
0.00 0.00 0.00 0.00 0.00 0.00 0.00 0.00 0.00 0.00 0.00 0.00 0.00 0.00 0.00 0.00 0.00 0.00 0.00 0.00 
0.00 0.00 0.00 0.00 0.00 0.00 0.00 0.00 0.00 0.00 0.00 0.00 0.00 0.00 0.00 0.00 0.00 0.00 0.00 0.00 
0.00 0.00 0.00 0.00 0.00 0.00 0.00 0.00 0.00 0.00 0.00 0.00 0.00 0.00 0.00 0.00 0.00 0.00 0.00 0.00 
0.00 0.00 0.00 0.00 0.00 0.00 0.00 0.00 0.00 0.00 0.00 0.00 0.00 0.00 0.00 0.00 0.00 0.00 0.00 0.00 
0.00 0.00 0.00 0.00 0.00 0.00 0.00 0.00 0.00 0.00 0.00 0.00 0.00 0.00 0.00 0.00 0.00 0.00 0.00 0.00 
0.00 0.00 0.00 0.00 0.00 0.00 0.00 0.00 0.00 0.00 0.00 0.00 0.00 0.00 0.00 0.00 0.00 0.00 0.00 0.00 
0.00 0.00 0.00 0.00 0.00 0.00 0.00 0.00 0.00 0.00 0.00 0.00 0.00 0.00 0.00 0.00 0.00 0.00 0.00 0.00 
0.00 0.00 0.00 0.00 0.00 0.00 0.00 0.00 0.00 0.00 0.00 0.00 0.00 0.00 0.00 0.00 0.00 0.00 0.00 0.00 
0.00 0.00 0.00 0.00 0.00 0.00 0.00 0.00 0.00 0.00 0.00 0.00 0.00 0.00 0.00 0.00 0.00 0.00 0.00 0.00 
0.00 0.00 0.00 0.00 0.00 0.00 0.00 0.00 0.00 0.00 0.00 0.00 0.00 0.00 0.00 0.00 0.00 0.00 0.00 0.00 
0.00 0.00 0.00 0.00 0.00 0.00 0.00 0.00 0.00 0.00 0.00 0.00 0.00 0.00 0.00 0.00 0.00 0.00 0.00 0.00 
0.00 0.00 0.00 0.00 0.00 0.00 0.00 0.00 0.00 0.00 0.00 0.00 0.00 0.00 0.00 0.00 0.00 0.00 0.00 0.00 
0.00 0.00 0.00 0.00 0.00 0.00 0.00 0.00 0.00 0.00 0.00 0.00 0.00 0.00 0.00 0.00 0.00 0.00 0.00 0.00 
0.00 0.00 0.00 0.00 0.00 0.00 0.00 0.00 0.00 0.00 0.00 0.00 0.00 0.00 0.00 0.00 0.00 0.00 0.00 0.00 
0.00 0.00 0.00 0.00 0.00 0.00 0.00 0.00 0.00 0.00 0.00 0.00 0.00 0.00 0.00 0.00 0.00 0.00 0.00 0.00 
0.00 0.00 0.00 0.00 0.00 0.00 0.00 0.00 0.00 0.00 0.00 0.00 0.00 0.00 0.00 0.00 0.00 0.00 0.00 0.00 
0.00 0.00 0.00 0.00 0.00 0.00 0.00 0.00 0.00 0.00 0.00 0.00 0.00 0.00 0.00 0.00 0.00 0.00 0.00 0.00 
0.00 0.00 0.00 0.00 0.00 0.00 0.00 0.00 0.00 0.00 0.00 0.00 0.00 0.00 0.00 0.00 0.00 0.00 0.00 0.00 
0.00 0.00 0.00 0.00 0.00 0.00 0.00 0.00 0.00 0.00 0.00 0.00 0.00 0.00 0.00 0.00 0.00 0.00 0.00 0.00 
0.00 0.00 0.00 0.00 0.00 0.00 0.00 0.00 0.00 0.00 0.00 0.00 0.00 0.00 0.00 0.00 0.00 0.00 0.00 0.00 
0.00 0.00 0.00 0.00 0.00 0.00 0.00 0.00 0.00 0.00 0.00 0.00 0.00 0.00 0.00 0.00 0.00 0.00 0.00 0.00 
0.00 0.00 0.00 0.00 0.00 0.00 0.00 0.00 0.00 0.00 0.00 0.00 0.00 0.00 0.00 0.00 0.00 0.00 0.00 0.00 
0.00 0.00 0.00 0.00 0.00 0.00 0.00 0.00 0.00 0.00 0.00 0.00 0.00 0.00 0.00 0.00 0.00 0.00 0.00 0.00 
0.00 0.00 0.00 0.00 0.00 0.00 0.00 0.00 0.00 0.00 0.00 0.00 0.00 0.00 0.00 0.00 0.00 0.00 0.00 0.00 
0.00 0.00 0.00 0.00 0.00 0.00 0.00 0.00 0.00 0.00 0.00 0.00 0.00 0.00 0.00 0.00 0.00 0.00 0.00 0.00 
0.00 0.00 0.00 0.00 0.00 0.00 0.00 0.00 0.00 0.00 0.00 0.00 0.00 0.00 0.00 0.00 0.00 0.00 0.00 0.00 
0.00 0.00 0.00 0.00 0.00 0.00 0.00 0.00 0.00 0.00 0.00 0.00 0.00 0.00 0.00 0.00 0.00 0.00 0.00 0.00 
0.00 0.00 0.00 0.00 0.00 0.00 0.00 0.00 0.00 0.00 0.00 0.00 0.00 0.00 0.00 0.00 0.00 0.00 0.00 0.00 
0.00 0.00 0.00 0.00 0.00 0.00 0.00 0.00 0.00 0.00 0.00 0.00 0.00 0.00 0.00 0.00 0.00 0.00 0.00 0.00 
0.00 0.00 0.00 0.00 0.00 0.00 0.00 0.00 0.00 0.00 0.00 0.00 0.00 0.00 0.00 0.00 0.00 0.00 0.00 0.00 
0.00 0.00 0.00 0.00 0.00 0.00 0.00 0.00 0.00 0.00 0.00 0.00 0.00 0.00 0.00 0.00 0.00 0.00 0.00 0.00 
0.00 0.00 0.00 0.00 0.00 0.00 0.00 0.00 0.00 0.00 0.00 0.00 0.00 0.00 0.00 0.00 0.00 0.00 0.00 0.00 
0.00 0.00 0.00 0.00 0.00 0.00 0.00 0.00 0.00 0.00 0.00 0.00 0.00 0.00 0.00 0.00 0.00 0.00 0.00 0.00 
0.00 0.00 0.00 0.00 0.00 0.00 0.00 0.00 0.00 0.00 0.00 0.00 0.00 0.00 0.00 0.00 0.00 0.00 0.00 0.00 
0.00 0.00 0.00 0.00 0.00 0.00 0.00 0.00 0.00 0.00 0.00 0.00 0.00 0.00 0.00 0.00 0.00 0.00 0.00 0.00 
0.00 0.00 0.00 0.00 0.00 0.00 0.00 0.00 0.00 0.00 0.00 0.00 0.00 0.00 0.00 0.00 0.00 0.00 0.00 0.00 
0.00 0.00 0.00 0.00 0.00 0.00 0.00 0.00 0.00 0.00 0.00 0.00 0.00 0.00 0.00 0.00 0.00 0.00 0.00 0.00 
0.00 0.00 0.00 0.00 0.00 0.00 0.00 0.00 0.00 0.00 0.00 0.00 0.00 0.00 0.00 0.00 0.00 0.00 0.00 0.00 
0.00 0.00 0.00 0.00 0.00 0.00 0.00 0.00 0.00 0.00 0.00 0.00 0.00 0.00 0.00 0.00 0.00 0.00 0.00 0.00 
0.00 0.00 0.00 0.00 0.00 0.00 0.00 0.00 0.00 0.00 0.00 0.00 0.00 0.00 0.00 0.00 0.00 0.00 0.00 0.00 
0.00 0.00 0.00 0.00 0.00 0.00 0.00 0.00 0.00 0.00 0.00 0.00 0.00 0.00 0.00 0.00 0.00 0.00 0.00 0.00 
0.00 0.00 0.00 0.00 0.00 0.00 0.00 0.00 0.00 0.00 0.00 0.00 0.00 0.00 0.00 0.00 0.00 0.00 0.00 0.00 
0.00 0.00 0.00 0.00 0.00 0.00 0.00 0.00 0.00 0.00 0.00 0.00 0.00 0.00 0.00 0.00 0.00 0.00 0.00 0.00 
0.00 0.00 0.00 0.00 0.00 0.00 0.00 0.00 0.00 0.00 0.00 0.00 0.00 0.00 0.00 0.00 0.00 0.00 0.00 0.00 
0.00 0.00 0.00 0.00 0.00 0.00 0.00 0.00 0.00 0.00 0.00 0.00 0.00 0.00 0.00 0.00 0.00 0.00 0.00 0.00 
0.00 0.00 0.00 0.00 0.00 0.00 0.00 0.00 0.00 0.00 0.00 0.00 0.00 0.00 0.00 0.00 0.00 0.00 0.00 0.00 
0.00 0.00 0.00 0.00 0.00 0.00 0.00 0.00 0.00 0.00 0.00 0.00 0.00 0.00 0.00 0.00 0.00 0.00 0.00 0.00 
0.00 0.00 0.00 0.00 0.00 0.00 0.00 0.00 0.00 0.00 0.00 0.00 0.00 0.00 0.00 0.00 0.00 0.00 0.00 0.00 
0.00 0.00 0.00 0.00 0.00 0.00 0.00 0.00 0.00 0.00 0.00 0.00 0.00 0.00 0.00 0.00 0.00 0.00 0.00 0.00 
0.00 0.00 0.00 0.00 0.00 0.00 0.00 0.00 0.00 0.00 0.00 0.00 0.00 0.00 0.00 0.00 0.00 0.00 0.00 0.00 
0.00 0.00 0.00 0.00 0.00 0.00 0.00 0.00 0.00 0.00 0.00 0.00 0.00 0.00 0.00 0.00 0.00 0.00 0.00 0.00 
0.00 0.00 0.00 0.00 0.00 0.00 0.00 0.00 0.00 0.00 0.00 0.00 0.00 0.00 0.00 0.00 0.00 0.00 0.00 0.00 
0.00 0.00 0.00 0.00 0.00 0.00 0.00 0.00 0.00 0.00 0.00 0.00 0.00 0.00 0.00 0.00 0.00 0.00 0.00 0.00 
0.00 0.00 0.00 0.00 0.00 0.00 0.00 0.00 0.00 0.00 0.00 0.00 0.00 0.00 0.00 0.00 0.00 0.00 0.00 0.00 
0.00 0.00 0.00 0.00 0.00 0.00 0.00 0.00 0.00 0.00 0.00 0.00 0.00 0.00 0.00 0.00 0.00 0.00 0.00 0.00 
0.00 0.00 0.00 0.00 0.00 0.00 0.00 0.00 0.00 0.00 0.00 0.00 0.00 0.00 0.00 0.00 0.00 0.00 0.00 0.00 
0.00 0.00 0.00 0.00 0.00 0.00 0.00 0.00 0.00 0.00 0.00 0.00 0.00 0.00 0.00 0.00 0.00 0.00 0.00 0.00 
0.00 0.00 0.00 0.00 0.00 0.00 0.00 0.00 0.00 0.00 0.00 0.00 0.00 0.00 0.00 0.00 0.00 0.00 0.00 0.00 
0.00 0.00 0.00 0.00 0.00 0.00 0.00 0.00 0.00 0.00 0.00 0.00 0.00 0.00 0.00 0.00 0.00 0.00 0.00 0.00 
0.00 0.00 0.00 0.00 0.00 0.00 0.00 0.00 0.00 0.00 0.00 0.00 0.00 0.00 0.00 0.00 0.00 0.00 0.00 0.00 
0.00 0.00 0.00 0.00 0.00 0.00 0.00 0.00 0.00 0.00 0.00 0.00 0.00 0.00 0.00 0.00 0.00 0.00 0.00 0.00 
0.00 0.00 0.00 0.00 0.00 0.00 0.00 0.00 0.00 0.00 0.00 0.00 0.00 0.00 0.00 0.00 0.00 0.00 0.00 0.00 
0.00 0.00 0.00 0.00 0.00 0.00 0.00 0.00 0.00 0.00 0.00 0.00 0.00 0.00 0.00 0.00 0.00 0.00 0.00 0.00 
0.00 0.00 0.00 0.00 0.00 0.00 0.00 0.00 0.00 0.00 0.00 0.00 0.00 0.00 0.00 0.00 0.00 0.00 0.00 0.00 
0.00 0.00 0.00 0.00 0.00 0.00 0.00 0.00 0.00 0.00 0.00 0.00 0.00 0.00 0.00 0.00 0.00 0.00 0.00 0.00 
0.00 0.00 0.00 0.00 0.00 0.00 0.00 0.00 0.00 0.00 0.00 0.00 0.00 0.00 0.00 0.00 0.00 0.00 0.00 0.00 
0.00 0.00 0.00 0.00 0.00 0.00 0.00 0.00 0.00 0.00 0.00 0.00 0.00 0.00 0.00 0.00 0.00 0.00 0.00 0.00 
0.00 0.00 0.00 0.00 0.00 0.00 0.00 0.00 0.00 0.00 0.00 0.00 0.00 0.00 0.00 0.00 0.00 0.00 0.00 0.00 
0.00 0.00 0.00 0.00 0.00 0.00 0.00 0.00 0.00 0.00 0.00 0.00 0.00 0.00 0.00 0.00 0.00 0.00 0.00 0.00 
0.00 0.00 0.00 0.00 0.00 0.00 0.00 0.00 0.00 0.00 0.00 0.00 0.00 0.00 0.00 0.00 0.00 0.00 0.00 0.00 
0.00 0.00 0.00 0.00 0.00 0.00 0.00 0.00 0.00 0.00 0.00 0.00 0.00 0.00 0.00 0.00 0.00 0.00 0.00 0.00 
0.00 0.00 0.00 0.00 0.00 0.00 0.00 0.00 0.00 0.00 0.00 0.00 0.00 0.00 0.00 0.00 0.00 0.00 0.00 0.00 
0.00 0.00 0.00 0.00 0.00 0.00 0.00 0.00 0.00 0.00 0.00 0.00 0.00 0.00 0.00 0.00 0.00 0.00 0.00 0.00 
end   dump: w
==END   DUMP_ARRAYS==
==BEGIN DUMP_ARRAYS==
begin dump: w
1799.96 53970012.00 59335264.00 68401920.00 78242800.00 88476248.00 98967152.00 109565304.00 120073608.00 130830232.00 141354304.00 152182304.00 162826128.00 173660576.00 184376608.00 195061808.00 205659952.00 216704144.00 227422608.00 238178256.00 
248686112.00 259760304.00 270581056.00 281413120.00 291957312.00 302482656.00 313724736.00 324389600.00 335174944.00 346176320.00 356658624.00 367531328.00 378154144.00 389153792.00 399986208.00 410700192.00 421532000.00 432305824.00 443151104.00 453964704.00 
464121888.00 475542144.00 486320000.00 497037024.00 507868480.00 518667392.00 529542656.00 540303168.00 550875392.00 561928448.00 571935488.00 583468032.00 594242304.00 605110272.00 615739968.00 626616192.00 637361408.00 648233600.00 659137216.00 669935296.00 
680381440.00 691476736.00 702219008.00 713181568.00 723630208.00 734615936.00 745448320.00 756292736.00 767019776.00 778226688.00 788519488.00 799410624.00 810167424.00 821137664.00 831681088.00 842267776.00 853428416.00 864454144.00 875060160.00 885851712.00 
895398400.00 907481984.00 918263104.00 929039360.00 939812224.00 950564352.00 961393408.00 972724736.00 982944064.00 993881984.00 1004513984.00 1015693248.00 1026240128.00 1036836096.00 1047832064.00 1058510848.00 1069238464.00 1080282752.00 1091031680.00 1101765888.00 
1111066752.00 1123392640.00 1134252800.00 1145044992.00 1155752192.00 1166508160.00 1177479808.00 1188305408.00 1198970240.00 1209858176.00 1220523008.00 1231200128.00 1242062592.00 1253143808.00 1263861632.00 1274622208.00 1285447296.00 1296233216.00 1307147008.00 1317870336.00 
1328064896.00 1339475456.00 1350270080.00 1361063808.00 1371790848.00 1380627328.00 1393541120.00 1404456448.00 1414860672.00 1425568768.00 1436561664.00 1447440384.00 1458223232.00 1468968448.00 1479923200.00 1490641792.00 1501391360.00 1512428160.00 1523260288.00 1533934080.00 
1544383488.00 1555476352.00 1566231168.00 1577480192.00 1587698816.00 1598662656.00 1609507584.00 1620276736.00 1630977280.00 1641943936.00 1651914496.00 1663553792.00 1674190464.00 1685027840.00 1696296576.00 1706685056.00 1717481088.00 1728374272.00 1739160192.00 1749943168.00 
1759446656.00 1771526656.00 1782276480.00 1793124608.00 1803890688.00 1814635904.00 1825403520.00 1836549888.00 1847055232.00 1857809920.00 1868588288.00 1879501312.00 1890275072.00 1901133056.00 1912136832.00 1922349952.00 1933286528.00 1944428928.00 1955107840.00 1965924608.00 
1976399232.00 1987490816.00 1998808832.00 2009151616.00 2019870848.00 2030703616.00 2041446144.00 2052364544.00 2063084416.00 2073962112.00 2084576256.00 2095575680.00 2106120704.00 2117185536.00 2127945984.00 2138650112.00 2149459968.00 2160346112.00 2171073536.00 2181830400.00 
2189532672.00 2203631872.00 2214362112.00 2225200384.00 2235912960.00 2246679808.00 2257561856.00 2268492288.00 2278935296.00 2290020608.00 2300590848.00 2311620352.00 2322338560.00 2333185280.00 2343947520.00 2354712576.00 2365459968.00 2376397568.00 2387146496.00 2397965312.00 
2408445696.00 2419553024.00 2429808640.00 2441380864.00 2451819264.00 2462452736.00 2473628160.00 2484420096.00 2495163136.00 2505960960.00 2516660992.00 2527648512.00 2538304768.00 2549133824.00 2559982080.00 2570643200.00 2581601536.00 2592425728.00 2603150848.00 2614076416.00 
2623541760.00 2635646208.00 2646398720.00 2657316352.00 2668019200.00 2678772992.00 2689606400.00 2700412416.00 2711057664.00 2721926656.00 2728847360.00 2743781888.00 2754461696.00 2765259776.00 2776120320.00 2786807296.00 2797414912.00 2808460544.00 2819087872.00 2830118400.00 
2840542464.00 2851796480.00 2862441216.00 2873245952.00 2883926784.00 2894772736.00 2905588736.00 2916583168.00 2927222784.00 2938024960.00 2948707328.00 2959644672.00 2970204928.00 2981355008.00 2992115200.00 3002481408.00 3013698816.00 3024488704.00 3035278848.00 3045992448.00 
3056222208.00 3067730176.00 3078406144.00 3089186560.00 3099927552.00 3110537728.00 3122429696.00 3132691456.00 3143134976.00 3154141696.00 3164792064.00 3175753472.00 3186476544.00 3197373696.00 3208028416.00 3218823680.00 3229566208.00 3240500992.00 3251318016.00 3262074368.00 
3271302656.00 3283703552.00 3294528512.00 3305000704.00 3315866368.00 3326819584.00 3337671680.00 3348445952.00 3359461888.00 3370160896.00 3380785920.00 3391701760.00 3402400256.00 3413380096.00 3424120832.00 3434850560.00 3445814272.00 3456514048.00 3467306752.00 3478121472.00 
3487646464.00 3499852544.00 3510497024.00 3521335552.00 3532067328.00 3542530816.00 3553721344.00 3564543744.00 3575205888.00 3586063360.00 3596732416.00 3607638272.00 3618296576.00 3628475136.00 3640579840.00 3651063808.00 3661614848.00 3672659712.00 3683340288.00 3694375680.00 
3704694528.00 3715791616.00 3726565376.00 3737438720.00 3748069632.00 3758982144.00 3769774080.00 3780562944.00 3791441920.00 3802249984.00 3812192768.00 3823805184.00 3834315776.00 3846007552.00 3856238592.00 3866940672.00 3877743616.00 3888519936.00 3899379456.00 3910454272.00 
3920357376.00 3931775232.00 3942555392.00 3953273600.00 3964386304.00 3974998528.00 3985793280.00 3996646400.00 4007170048.00 4018199552.00 4028848384.00 4039821824.00 4050517760.00 4061410560.00 4072196608.00 4080981760.00 4093735424.00 4104654848.00 4115396608.00 4126234368.00 
4136698880.00 4148318464.00 4158579968.00 4169640704.00 4179960576.00 4190984704.00 4201888000.00 4212521472.00 4223335936.00 4234285568.00 4244857344.00 4255822848.00 4266477312.00 4277402880.00 4288214016.00 4298909696.00 4309698560.00 4320510976.00 4331225088.00 4341837824.00 
4346590208.00 4364258816.00 4374834176.00 4385617920.00 4396301824.00 4407064064.00 4417880064.00 4428716032.00 4439391744.00 4450266624.00 4460951040.00 4471935488.00 4482672640.00 4493470208.00 4504328192.00 4514999296.00 4525644288.00 4536738304.00 4547496960.00 4558295552.00 
4568772608.00 4579343872.00 4590671872.00 4601471488.00 4612159488.00 4622693888.00 4633887232.00 4644698112.00 4655375872.00 4666397696.00 4676982272.00 4687900160.00 4698465280.00 4709608448.00 4720303104.00 4731127808.00 4741872128.00 4752722432.00 4763476480.00 4774054400.00 
4784473600.00 4795897856.00 4806678016.00 4817473024.00 4827994624.00 4839276032.00 4849975808.00 4860759552.00 4871313408.00 4882553344.00 4892361216.00 4903983616.00 4914710016.00 4925562368.00 4936313856.00 4947102720.00 4957815296.00 4968685568.00 4979500544.00 4990171648.00 
5000803328.00 5011849728.00 5022841344.00 5033601024.00 5044114944.00 5055056384.00 5065897472.00 5076738560.00 5087464960.00 5098335744.00 5108954624.00 5120028160.00 5130660864.00 5141575680.00 5152372736.00 5162759680.00 5173801472.00 5184780288.00 5195565056.00 5206363648.00 
5215872512.00 5227851776.00 5238753792.00 5249598464.00 5260314624.00 5271136768.00 5281981440.00 5292784128.00 5303462400.00 5314404864.00 5325001216.00 5335910912.00 5346678272.00 5357536256.00 5368291840.00 5379004416.00 5389604352.00 5400609792.00 5411277824.00 5421744128.00 
5425123328.00 5444661248.00 5455131136.00 5465865728.00 5476459008.00 5487267328.00 5498043904.00 5508871168.00 5519674880.00 5530482176.00 5541149696.00 5552076800.00 5562638848.00 5573697024.00 5584434176.00 5595199488.00 5605946368.00 5616809984.00 5627658752.00 5638490112.00 
5648624640.00 5659966464.00 5670909952.00 5681633792.00 5692427264.00 5702863360.00 5713978880.00 5724898816.00 5735432704.00 5746446336.00 5757121536.00 5768076288.00 5778799616.00 5789540864.00 5800508928.00 5811219968.00 5821961728.00 5832880640.00 5843624960.00 5854424576.00 
5864961024.00 5876100096.00 5886839808.00 5897649664.00 5908186112.00 5919037440.00 5930219520.00 5940843520.00 5951680512.00 5962301440.00 5972503552.00 5984046592.00 5994810368.00 6005715968.00 6016487424.00 6027186176.00 6038106112.00 6048930816.00 6059654144.00 6070441472.00 
6080016896.00 6092151296.00 6102899200.00 6113711616.00 6124406272.00 6135217664.00 6145981440.00 6156866560.00 6167555584.00 6178439680.00 6189033984.00 6199618560.00 6211235840.00 6221823488.00 6232599040.00 6242968576.00 6253921792.00 6264997376.00 6275728384.00 6286671872.00 
6297034752.00 6308113920.00 6318914560.00 6329734144.00 6340438016.00 6351276544.00 6362152448.00 6372938240.00 6383548416.00 6394597376.00 6405210624.00 6416199168.00 6426694144.00 6437760512.00 6448530944.00 6459282944.00 6470092800.00 6480793088.00 6491700736.00 6502467072.00 
6510120960.00 6524258816.00 6534989824.00 6545776640.00 6556538368.00 6567314432.00 6578004992.00 6588924416.00 6599517184.00 6610649600.00 6621222400.00 6632120832.00 6642928640.00 6653765632.00 6664516608.00 6675166208.00 6686150656.00 6696957952.00 6707777024.00 6718465536.00 
6729074688.00 6740179968.00 6750948864.00 6761829376.00 6772310016.00 6781357056.00 6794214400.00 6804991488.00 6815751680.00 6826580480.00 6837239296.00 6848146944.00 6858939904.00 6869821440.00 6880555520.00 6891352064.00 6902099968.00 6913013760.00 6923793920.00 6934563840.00 
6944111104.00 6956151296.00 6967023104.00 6977883136.00 6988511232.00 6999274496.00 7010172416.00 7020846080.00 7031685120.00 7042540032.00 7052596224.00 7064162816.00 7074923520.00 7085713920.00 7096563200.00 7107284480.00 7117910528.00 7128898560.00 7139701760.00 7150483456.00 
7160980992.00 7172025856.00 7182814208.00 7193570304.00 7204111872.00 7214705664.00 7224478208.00 7240648192.00 7248701440.00 7259168256.00 7269666304.00 7280529408.00 7291040768.00 7302058496.00 7312829440.00 7323222016.00 7334321152.00 7345195008.00 7356038656.00 7366759936.00 
7376932864.00 7388367872.00 7399161344.00 7410021376.00 7420672512.00 7431492096.00 7442360320.00 7453120000.00 7463693312.00 7474761216.00 7485416448.00 7496379392.00 7507055104.00 7517952512.00 7528734208.00 7539449856.00 7550263808.00 7561210880.00 7571936256.00 7582702080.00 
7591921664.00 7604334592.00 7615153664.00 7625972224.00 7636495360.00 7647451648.00 7658626048.00 7669159424.00 7679911936.00 7690784256.00 7701428736.00 7712337920.00 7723039744.00 7733917184.00 7744564224.00 7755548160.00 7766304768.00 7777344000.00 7788054528.00 7798742016.00 
7808285696.00 7820347904.00 7831128064.00 7841914368.00 7852688896.00 7863148032.00 7874285568.00 7884859392.00 7895964672.00 7906821120.00 7917438976.00 7928397824.00 7939132928.00 7949955584.00 7960770048.00 7971493888.00 7982109184.00 7993362432.00 8003968000.00 8014743552.00 
8025262592.00 8036414976.00 8047182848.00 8058013184.00 8068644864.00 8079474176.00 8090335744.00 8101271552.00 8111894528.00 8122623488.00 8129575424.00 8144552960.00 8155025920.00 8166055936.00 8176809472.00 8187559936.00 8198370304.00 8209228288.00 8220011008.00 8230816768.00 
8240986624.00 8252398080.00 8263440384.00 8273975296.00 8284753920.00 8295568896.00 8306498560.00 8317214720.00 8327737856.00 8338554880.00 8349546496.00 8360455168.00 8371227136.00 8381982208.00 8392777728.00 8403243008.00 8414296064.00 8425225728.00 8436149248.00 8446858240.00 
8457328128.00 8468442112.00 8479195136.00 8490080256.00 8500591104.00 8511562240.00 8522456576.00 8533220864.00 8544048128.00 8554908672.00 8565486080.00 8576449024.00 8587100672.00 8597976064.00 8608777216.00 8619523072.00 8630320128.00 8641205248.00 8651854848.00 8662467584.00 
8667202560.00 8684888064.00 8695460864.00 8706185216.00 8716926976.00 8727682048.00 8738584576.00 8749156352.00 8760010752.00 8771020800.00 8781578240.00 8792563712.00 8803246080.00 8814061568.00 8824904704.00 8835699712.00 8846264320.00 8857316352.00 8867986432.00 8878922752.00 
8889400320.00 8900491264.00 8911286272.00 8922055680.00 8932870144.00 8943325184.00 8954457088.00 8965282816.00 8976077824.00 8986892288.00 8997550080.00 9008528384.00 9019045888.00 9029927936.00 9040991232.00 9051706368.00 9062494208.00 9073288192.00 9084137472.00 9094942720.00 
9105092608.00 9116532736.00 9127050240.00 9138170880.00 9148882944.00 9159655424.00 9170427904.00 9181332480.00 9191883776.00 9202914304.00 9212934144.00 9224472576.00 9235271680.00 9246129152.00 9256877056.00 9267608576.00 9278263296.00 9287835648.00 9300372480.00 9311049728.00 
9321517056.00 9332609024.00 9343340544.00 9354181632.00 9364750336.00 9375763456.00 9386604544.00 9397434368.00 9408175104.00 9418958848.00 9429664768.00 9440658432.00 9451284480.00 9462139904.00 9472947200.00 9481732096.00 9494554624.00 9505344512.00 9516058624.00 9527014400.00 
9536520192.00 9548603392.00 9559378944.00 9570176000.00 9580945408.00 9591715840.00 9602545664.00 9613343744.00 9623954432.00 9636174848.00 9645765632.00 9656689664.00 9667384320.00 9678238720.00 9688995840.00 9699770368.00 9710368768.00 9721437184.00 9732289536.00 9743012864.00 
9752211456.00 9764643840.00 9775502336.00 9786181632.00 9796900864.00 9807758336.00 9818640384.00 9829451776.00 9840110592.00 9850062848.00 9861763072.00 9872704512.00 9883202560.00 9894144000.00 9905014784.00 9915766784.00 9926578176.00 9937517568.00 9948156928.00 9959129088.00 
9969191936.00 9980600320.00 9991413760.00 10001431552.00 10013043712.00 10023479296.00 10034679808.00 10045473792.00 10055999488.00 10067065856.00 10077687808.00 10088557568.00 10099376128.00 10110128128.00 10121086976.00 10131788800.00 10142534656.00 10153436160.00 10164249600.00 10175055872.00 
10185536512.00 10196471808.00 10207465472.00 10218236928.00 10228815872.00 10239785984.00 10250668032.00 10261420032.00 10272251904.00 10283053056.00 10293073920.00 10304673792.00 10315307008.00 10326295552.00 10337064960.00 10347805696.00 10358609920.00 10369515520.00 10380295168.00 10391069696.00 
10400577536.00 10412647424.00 10423412736.00 10434647040.00 10445019136.00 10455790592.00 10466682880.00 10477438976.00 10488176640.00 10499073024.00 10509740032.00 10520619008.00 10531432448.00 10542535680.00 10553047040.00 10563454976.00 10574419968.00 10585447424.00 10596248576.00 10607039488.00 
10617515008.00 10628597760.00 10639396864.00 10650171392.00 10660875264.00 10671723520.00 10682587136.00 10693237760.00 10704137216.00 10714822656.00 10725559296.00 10736553984.00 10747001856.00 10757953536.00 10768734208.00 10779394048.00 10790057984.00 10800716800.00 10811022336.00 10820500480.00 
10817729536.00 10847461376.00 10856914944.00 10867258368.00 10877824000.00 10888456192.00 10899210240.00 10910018560.00 10920485888.00 10931422208.00 10942115840.00 10953150464.00 10963743744.00 10974741504.00 10985348096.00 10996118528.00 11006861312.00 11017794560.00 11028533248.00 11039368192.00 
11049834496.00 11060938752.00 11071702016.00 11082528768.00 11093082112.00 11103746048.00 11114904576.00 11125438464.00 11136436224.00 11147348992.00 11157955584.00 11168891904.00 11179565056.00 11190531072.00 11201266688.00 11212055552.00 11222853632.00 11233318912.00 11244531712.00 11255325696.00 
11264824320.00 11276905472.00 11287652352.00 11298455552.00 11309270016.00 11320029184.00 11330878464.00 11341676544.00 11352431616.00 11363296256.00 11373316096.00 11384913920.00 11395621888.00 11406556160.00 11417276416.00 11428049920.00 11438670848.00 11449733120.00 11460471808.00 11471498240.00 
11481818112.00 11492916224.00 11503688704.00 11514533888.00 11525204992.00 11536048128.00 11546857472.00 11557852160.00 11568499712.00 11579402240.00 11589990400.00 11600913408.00 11611487232.00 11622496256.00 11633257472.00 11643705344.00 11654830080.00 11666533376.00 11676521472.00 11687375872.00 
11697500160.00 11708844032.00 11719778304.00 11730459648.00 11741306880.00 11752067072.00 11762928640.00 11773831168.00 11784267776.00 11795262464.00 11805915136.00 11817906176.00 11827760128.00 11838528512.00 11849303040.00 11860074496.00 11870840832.00 11881795584.00 11892451328.00 11903327232.00 
11912542208.00 11924958208.00 11935640576.00 11946544128.00 11957125120.00 11968065536.00 11978944512.00 11989729280.00 12000493568.00 12011295744.00 12021910528.00 12031789056.00 12043792384.00 12054629376.00 12065390592.00 12076123136.00 12086932480.00 12097795072.00 12108562432.00 12119373824.00 
12128909312.00 12140977152.00 12151885824.00 12162618368.00 12173314048.00 12182202368.00 12194996224.00 12205824000.00 12216460288.00 12227314688.00 12238011392.00 12249012224.00 12259698688.00 12270537728.00 12281345024.00 12292079616.00 12302731264.00 12313796608.00 12324595712.00 12335366144.00 
12345836544.00 12356925440.00 12367561728.00 12380132352.00 12389477376.00 12400238592.00 12411048960.00 12421829632.00 12432604160.00 12443507712.00 12453439488.00 12465068032.00 12475607040.00 12486631424.00 12497506304.00 12508190720.00 12518988800.00 12529800192.00 12540890112.00 12551459840.00 
12561606656.00 12573024256.00 12583811072.00 12594691072.00 12605375488.00 12616139776.00 12626937856.00 12638046208.00 12648441856.00 12659434496.00 12670127104.00 12681062400.00 12691807232.00 12702704640.00 12713478144.00 12723857408.00 12734868480.00 12745920512.00 12756647936.00 12767482880.00 
12777953280.00 12789060608.00 12799949824.00 12810655744.00 12821217280.00 12832133120.00 12843034624.00 12853910528.00 12864642048.00 12875412480.00 12886118400.00 12896948224.00 12907732992.00 12918816768.00 12929359872.00 12940163072.00 12950948864.00 12961788928.00 12972483584.00 12983095296.00 
12987828224.00 13005511680.00 13016086528.00 13026755584.00 13037545472.00 13048302592.00 13059158016.00 13069997056.00 13080636416.00 13091524608.00 13102197760.00 13113067520.00 13123825664.00 13134746624.00 13145478144.00 13156291584.00 13166899200.00 13177882624.00 13188746240.00 13199531008.00 
13210025984.00 13221105664.00 13231783936.00 13242747904.00 13253455872.00 13263945728.00 13275171840.00 13285985280.00 13296655360.00 13307503616.00 13318133760.00 13329408000.00 13339747328.00 13350758400.00 13361445888.00 13372265472.00 13383117824.00 13394006016.00 13404498944.00 13415575552.00 
13425712128.00 13437154304.00 13447929856.00 13458747392.00 13469509632.00 13480285184.00 13491142656.00 13501908992.00 13512458240.00 13523415040.00 13530336256.00 13545351168.00 13555989504.00 13566712832.00 13577603072.00 13588376576.00 13599099904.00 13609969664.00 13620743168.00 13631549440.00 
13642092544.00 13653224448.00 13663964160.00 13674618880.00 13685379072.00 13696328704.00 13707174912.00 13718014976.00 13728750592.00 13739577344.00 13750242304.00 13761131520.00 13771783168.00 13783107584.00 13793648640.00 13804051456.00 13815184384.00 13826053120.00 13836806144.00 13847627776.00 
13857129472.00 13869235200.00 13879884800.00 13890623488.00 13901580288.00 13912291328.00 13923384320.00 13934054400.00 13944706048.00 13955633152.00 13966266368.00 13977185280.00 13987961856.00 13998823424.00 14009317376.00 14020393984.00 14030988288.00 14041993216.00 14052790272.00 14063633408.00 
14072824832.00 14085273600.00 14095995904.00 14106771456.00 14117473280.00 14128388096.00 14139202560.00 14150029312.00 14160824320.00 14171603968.00 14182260736.00 14193199104.00 14203791360.00 14214848512.00 14225579008.00 14236350464.00 14247201792.00 14257932288.00 14268772352.00 14279616512.00 
14289766400.00 14301204480.00 14311894016.00 14322780160.00 14333537280.00 14343969792.00 14355115008.00 14365913088.00 14376446976.00 14387453952.00 14398004224.00 14408808448.00 14419170304.00 14427332608.00 14443463680.00 14453128192.00 14463630336.00 14474403840.00 14485130240.00 14495940608.00 
14506372096.00 14517479424.00 14528229376.00 14539073536.00 14549574656.00 14560563200.00 14571388928.00 14582269952.00 14592964608.00 14603799552.00 14613807104.00 14625433600.00 14636055552.00 14647116800.00 14657766400.00 14668574720.00 14679360512.00 14690089984.00 14700913664.00 14711821312.00 
14721299456.00 14733399040.00 14744158208.00 14754953216.00 14765776896.00 14776481792.00 14787392512.00 14798140416.00 14808809472.00 14819828736.00 14830443520.00 14841389056.00 14852127744.00 14862977024.00 14873714688.00 14882560000.00 14895170560.00 14906146816.00 14916973568.00 14927794176.00 
14938269696.00 14949506048.00 14960171008.00 14971006976.00 14981602304.00 14992684032.00 15003422720.00 15014211584.00 15024951296.00 15035839488.00 15046455296.00 15057333248.00 15067975680.00 15079043072.00 15089939456.00 15100529664.00 15111333888.00 15122189312.00 15132945408.00 15143716864.00 
15151365120.00 15165508608.00 15176247296.00 15187178496.00 15197791232.00 15208563712.00 15219411968.00 15230216192.00 15240796160.00 15251771392.00 15262480384.00 15273377792.00 15284324352.00 15295039488.00 15305803776.00 15316570112.00 15327304704.00 15338223616.00 15349008384.00 15359857664.00 
15370318848.00 15381301248.00 15392207872.00 15402981376.00 15413565440.00 15424214016.00 15435341824.00 15446138880.00 15456642048.00 15468343296.00 15478653952.00 15489527808.00 15500193792.00 15511115776.00 15521956864.00 15532618752.00 15543468032.00 15554259968.00 15565035520.00 15575836672.00 
15585398784.00 15597534208.00 15608280064.00 15619031040.00 15629768704.00 15640648704.00 15651446784.00 15662260224.00 15672934400.00 15683921920.00 15693883392.00 15705681920.00 15716197376.00 15727132672.00 15737715712.00 15748809728.00 15759290368.00 15770313728.00 15781089280.00 15791875072.00 
15802394624.00 15813545984.00 15824321536.00 15835099136.00 15845785600.00 15856628736.00 15867426816.00 15878437888.00 15889076224.00 15899898880.00 15910547456.00 15921526784.00 15932058624.00 15943071744.00 15953961984.00 15964321792.00 15975450624.00 15986337792.00 15997023232.00 16008001536.00 
16018067456.00 16029476864.00 16040272896.00 16051169280.00 16061921280.00 16072645632.00 16083517440.00 16094279680.00 16104859648.00 16115893248.00 16126525440.00 16137493504.00 16148201472.00 16159091712.00 16169909248.00 16180567040.00 16191304704.00 16202105856.00 16212817920.00 16223302656.00 
16226639872.00 16246238208.00 16256654336.00 16267357184.00 16277877760.00 16288838656.00 16299636736.00 16310432768.00 16321209344.00 16332060672.00 16342673408.00 16353577984.00 16364292096.00 16375195648.00 16385975296.00 16396703744.00 16407566336.00 16418373632.00 16429186048.00 16440126464.00 
16449532928.00 16461600768.00 16472369152.00 16483202048.00 16494075904.00 16504431616.00 16515577856.00 16526400512.00 16537074688.00 16547949568.00 16558720000.00 16569641984.00 16580413440.00 16591228928.00 16602052608.00 16612790272.00 16623360000.00 16634368000.00 16645087232.00 16656123904.00 
16666557440.00 16677792768.00 16688449536.00 16699283456.00 16709917696.00 16720740352.00 16731618304.00 16742411264.00 16753175552.00 16764001280.00 16774016000.00 16785420288.00 16796172288.00 16807205888.00 16817965056.00 16828557312.00 16839880704.00 16850498560.00 16861259776.00 16872077312.00 
16882230272.00 16893915136.00 16904457216.00 16915255296.00 16926006272.00 16936709120.00 16947644416.00 16958359552.00 16969012224.00 16980067328.00 16990699520.00 17001572352.00 17012499456.00 17023267840.00 17034051584.00 17044489216.00 17055591424.00 17066506240.00 17077271552.00 17088627712.00 
17098592256.00 17109669888.00 17120444416.00 17131232256.00 17141836800.00 17152852992.00 17163600896.00 17174501376.00 17185200128.00 17196046336.00 17206724608.00 17217697792.00 17228353536.00 17239250944.00 17250052096.00 17260787712.00 17271568384.00 17282351104.00 17293105152.00 17303715840.00 
17308452864.00 17326141440.00 17336711168.00 17347473408.00 17358178304.00 17368934400.00 17379731456.00 17390573568.00 17401270272.00 17412132864.00 17422817280.00 17433686016.00 17444534272.00 17455450112.00 17466050560.00 17476843520.00 17487525888.00 17498339328.00 17509369856.00 17519669248.00 
17530662912.00 17541738496.00 17552541696.00 17563301888.00 17574002688.00 17582938112.00 17595752448.00 17606569984.00 17617356800.00 17628137472.00 17638823936.00 17649770496.00 17660303360.00 17671329792.00 17682151424.00 17692850176.00 17703481344.00 17714685952.00 17725386752.00 17736187904.00 
17746327552.00 17757519872.00 17768558592.00 17779447808.00 17790113792.00 17800900608.00 17811707904.00 17821947904.00 17833164800.00 17844168704.00 17854199808.00 17865730048.00 17876426752.00 17887408128.00 17898174464.00 17908856832.00 17919684608.00 17930536960.00 17941374976.00 17952172032.00 
17962659840.00 17973608448.00 17984616448.00 17995327488.00 18005872640.00 18016778240.00 18027358208.00 18039498752.00 18049576960.00 18060335104.00 18070960128.00 18081902592.00 18092537856.00 18103427072.00 18114215936.00 18124660736.00 18135803904.00 18146646016.00 18157434880.00 18168129536.00 
18177759232.00 18189850624.00 18200639488.00 18211454976.00 18222059520.00 18232987648.00 18243815424.00 18254581760.00 18265323520.00 18276276224.00 18286882816.00 18297808896.00 18308411392.00 18319529984.00 18330275840.00 18341021696.00 18351611904.00 18362982400.00 18373419008.00 18384265216.00 
18393440256.00 18405904384.00 18416631808.00 18427484160.00 18438170624.00 18449004544.00 18459906048.00 18470596608.00 18481391616.00 18492221440.00 18502891520.00 18513833984.00 18524342272.00 18535274496.00 18545516544.00 18557308928.00 18567938048.00 18578796544.00 18589536256.00 18600245248.00 
18610489344.00 18621997056.00 18632658944.00 18643464192.00 18654185472.00 18664712192.00 18675838976.00 18686613504.00 18697279488.00 18708326400.00 18718976000.00 18729943040.00 18740660224.00 18751381504.00 18762352640.00 18773071872.00 18783830016.00 18794717184.00 18805495808.00 18816174080.00 
18826809344.00 18837862400.00 18848854016.00 18859509760.00 18870069248.00 18881034240.00 18891819008.00 18902716416.00 18913427456.00 18924187648.00 18931077120.00 18946037760.00 18956693504.00 18967566336.00 18978324480.00 18989080576.00 18999848960.00 19010666496.00 19021545472.00 19032330240.00 
19041873920.00 19053883392.00 19064797184.00 19075549184.00 19086278656.00 19097192448.00 19107958784.00 19118843904.00 19129444352.00 19140323328.00 19151032320.00 19162015744.00 19172706304.00 19183550464.00 19194298368.00 19204739072.00 19215667200.00 19226589184.00 19238135808.00 19248410624.00 
19258914816.00 19270008832.00 19280795648.00 19291566080.00 19302273024.00 19313125376.00 19323983872.00 19334791168.00 19345549312.00 19356350464.00 19367102464.00 19377950720.00 19388547072.00 19399479296.00 19410378752.00 19421155328.00 19431970816.00 19442765824.00 19453566976.00 19464333312.00 
19471958016.00 19486146560.00 19496867840.00 19507615744.00 19518412800.00 19529185280.00 19539984384.00 19550793728.00 19561365504.00 19572410368.00 19583084544.00 19594024960.00 19604795392.00 19615614976.00 19626491904.00 19637159936.00 19647864832.00 19658827776.00 19669129216.00 19680475136.00 
19690948608.00 19702036480.00 19712831488.00 19723548672.00 19734198272.00 19744843776.00 19755814912.00 19766847488.00 19777599488.00 19788455936.00 19799091200.00 19810152448.00 19820683264.00 19831425024.00 19842523136.00 19853199360.00 19863980032.00 19874832384.00 19885672448.00 19896442880.00 
19905959936.00 19918036992.00 19928786944.00 19939604480.00 19950393344.00 19961159680.00 19971639296.00 19982956544.00 19993538560.00 20004415488.00 20014479360.00 20026028032.00 20036898816.00 20047689728.00 20058437632.00 20069181440.00 20079777792.00 20090492928.00 20101718016.00 20112492544.00 
20122961920.00 20134035456.00 20144680960.00 20155529216.00 20166350848.00 20177205248.00 20188008448.00 20199012352.00 20209645568.00 20220547072.00 20231127040.00 20242415616.00 20252620800.00 20263532544.00 20274395136.00 20283316224.00 20296081408.00 20306925568.00 20317657088.00 20328482816.00 
20338657280.00 20350101504.00 20360787968.00 20371728384.00 20382427136.00 20393207808.00 20404078592.00 20414832640.00 20425428992.00 20436776960.00 20447158272.00 20458100736.00 20468914176.00 20479657984.00 20490448896.00 20501334016.00 20511993856.00 20522924032.00 20533686272.00 20544591872.00 
20553676800.00 20566218752.00 20576903168.00 20587704320.00 20598265856.00 20609337344.00 20620105728.00 20631136256.00 20641642496.00 20652288000.00 20663166976.00 20674080768.00 20684802048.00 20695248896.00 20706545664.00 20717279232.00 20728070144.00 20738934784.00 20749666304.00 20760481792.00 
20770004992.00 20782114816.00 20792881152.00 20803520512.00 20814460928.00 20824918016.00 20836274176.00 20846821376.00 20857573376.00 20868548608.00 20879175680.00 20889749504.00 20900847616.00 20911667200.00 20922499072.00 20933232640.00 20943867904.00 20954789888.00 20965724160.00 20976494592.00 
20986974208.00 20998043648.00 21008797696.00 21019734016.00 21030381568.00 21041225728.00 21052192768.00 21062862848.00 21073645568.00 21084481536.00 21094465536.00 21106046976.00 21116628992.00 21127657472.00 21138413568.00 21149175808.00 21160011776.00 21170939904.00 21181618176.00 21192435712.00 
21202583552.00 21214007296.00 21224792064.00 21235668992.00 21246337024.00 21257132032.00 21267972096.00 21278820352.00 21289320448.00 21300441088.00 21311023104.00 21321797632.00 21332690944.00 21343582208.00 21354221568.00 21364690944.00 21375797248.00 21386551296.00 21397360640.00 21408210944.00 
21418659840.00 21429782528.00 21440518144.00 21451270144.00 21461817344.00 21472786432.00 21483560960.00 21494329344.00 21505040384.00 21515786240.00 21526335488.00 21537144832.00 21547681792.00 21558405120.00 21568968704.00 21579372544.00 21589622784.00 21599551488.00 21608599552.00 21613996032.00 
end   dump: w
==END   DUMP_ARRAYS==
Time in seconds = 0.049230
Sender: LSF System <lsfadmin@polus-c2-ib.bmc.hpc.cs.msu.ru>
Subject: Job 494055: <./large.o> in cluster <MSUCluster> Done

Job <./large.o> was submitted from host <polus-ib.bmc.hpc.cs.msu.ru> by user <edu-cmc-skpod19-328-11> in cluster <MSUCluster> at Fri Nov 29 23:40:32 2019
Job was executed on host(s) <15*polus-c2-ib.bmc.hpc.cs.msu.ru>, in queue <short>, as user <edu-cmc-skpod19-328-11> in cluster <MSUCluster> at Fri Nov 29 23:43:20 2019
                            <4*polus-c3-ib.bmc.hpc.cs.msu.ru>
</home_edu/edu-cmc-skpod19-328/edu-cmc-skpod19-328-11> was used as the home directory.
</home_edu/edu-cmc-skpod19-328/edu-cmc-skpod19-328-11/dep_gemver> was used as the working directory.
Started at Fri Nov 29 23:43:20 2019
Terminated at Fri Nov 29 23:43:22 2019
Results reported at Fri Nov 29 23:43:22 2019

Your job looked like:

------------------------------------------------------------
# LSBATCH: User input
./large.o
------------------------------------------------------------

Successfully completed.

Resource usage summary:

    CPU time :                                   8.79 sec.
    Max Memory :                                 4 MB
    Average Memory :                             2.00 MB
    Total Requested Memory :                     -
    Delta Memory :                               -
    Max Swap :                                   -
    Max Processes :                              1
    Max Threads :                                1
    Run time :                                   2 sec.
    Turnaround time :                            170 sec.

The output (if any) follows:

==BEGIN DUMP_ARRAYS==
begin dump: w
0.00 0.00 0.00 0.00 0.00 0.00 0.00 0.00 0.00 0.00 0.00 0.00 0.00 0.00 0.00 0.00 0.00 0.00 0.00 0.00 
0.00 0.00 0.00 0.00 0.00 0.00 0.00 0.00 0.00 0.00 0.00 0.00 0.00 0.00 0.00 0.00 0.00 0.00 0.00 0.00 
0.00 0.00 0.00 0.00 0.00 0.00 0.00 0.00 0.00 0.00 0.00 0.00 0.00 0.00 0.00 0.00 0.00 0.00 0.00 0.00 
0.00 0.00 0.00 0.00 0.00 0.00 0.00 0.00 0.00 0.00 0.00 0.00 0.00 0.00 0.00 0.00 0.00 0.00 0.00 0.00 
0.00 0.00 0.00 0.00 0.00 0.00 0.00 0.00 0.00 0.00 0.00 0.00 0.00 0.00 0.00 0.00 0.00 0.00 0.00 0.00 
0.00 0.00 0.00 0.00 0.00 0.00 0.00 0.00 0.00 0.00 0.00 0.00 0.00 0.00 0.00 0.00 0.00 0.00 0.00 0.00 
0.00 0.00 0.00 0.00 0.00 0.00 0.00 0.00 0.00 0.00 0.00 0.00 0.00 0.00 0.00 0.00 0.00 0.00 0.00 0.00 
0.00 0.00 0.00 0.00 0.00 0.00 0.00 0.00 0.00 0.00 0.00 0.00 0.00 0.00 0.00 0.00 0.00 0.00 0.00 0.00 
0.00 0.00 0.00 0.00 0.00 0.00 0.00 0.00 0.00 0.00 0.00 0.00 0.00 0.00 0.00 0.00 0.00 0.00 0.00 0.00 
0.00 0.00 0.00 0.00 0.00 0.00 0.00 0.00 0.00 0.00 0.00 0.00 0.00 0.00 0.00 0.00 0.00 0.00 0.00 0.00 
0.00 0.00 0.00 0.00 0.00 0.00 0.00 0.00 0.00 0.00 0.00 0.00 0.00 0.00 0.00 0.00 0.00 0.00 0.00 0.00 
0.00 0.00 0.00 0.00 0.00 0.00 0.00 0.00 0.00 0.00 0.00 0.00 0.00 0.00 0.00 0.00 0.00 0.00 0.00 0.00 
0.00 0.00 0.00 0.00 0.00 0.00 0.00 0.00 0.00 0.00 0.00 0.00 0.00 0.00 0.00 0.00 0.00 0.00 0.00 0.00 
0.00 0.00 0.00 0.00 0.00 0.00 0.00 0.00 0.00 0.00 0.00 0.00 0.00 0.00 0.00 0.00 0.00 0.00 0.00 0.00 
0.00 0.00 0.00 0.00 0.00 0.00 0.00 0.00 0.00 0.00 0.00 0.00 0.00 0.00 0.00 0.00 0.00 0.00 0.00 0.00 
0.00 0.00 0.00 0.00 0.00 0.00 0.00 0.00 0.00 0.00 0.00 0.00 0.00 0.00 0.00 0.00 0.00 0.00 0.00 0.00 
0.00 0.00 0.00 0.00 0.00 0.00 0.00 0.00 0.00 0.00 0.00 0.00 0.00 0.00 0.00 0.00 0.00 0.00 0.00 0.00 
0.00 0.00 0.00 0.00 0.00 0.00 0.00 0.00 0.00 0.00 0.00 0.00 0.00 0.00 0.00 0.00 0.00 0.00 0.00 0.00 
0.00 0.00 0.00 0.00 0.00 0.00 0.00 0.00 0.00 0.00 0.00 0.00 0.00 0.00 0.00 0.00 0.00 0.00 0.00 0.00 
0.00 0.00 0.00 0.00 0.00 0.00 0.00 0.00 0.00 0.00 0.00 0.00 0.00 0.00 0.00 0.00 0.00 0.00 0.00 0.00 
0.00 0.00 0.00 0.00 0.00 0.00 0.00 0.00 0.00 0.00 0.00 0.00 0.00 0.00 0.00 0.00 0.00 0.00 0.00 0.00 
0.00 0.00 0.00 0.00 0.00 0.00 0.00 0.00 0.00 0.00 0.00 0.00 0.00 0.00 0.00 0.00 0.00 0.00 0.00 0.00 
0.00 0.00 0.00 0.00 0.00 0.00 0.00 0.00 0.00 0.00 0.00 0.00 0.00 0.00 0.00 0.00 0.00 0.00 0.00 0.00 
0.00 0.00 0.00 0.00 0.00 0.00 0.00 0.00 0.00 0.00 0.00 0.00 0.00 0.00 0.00 0.00 0.00 0.00 0.00 0.00 
0.00 0.00 0.00 0.00 0.00 0.00 0.00 0.00 0.00 0.00 0.00 0.00 0.00 0.00 0.00 0.00 0.00 0.00 0.00 0.00 
0.00 0.00 0.00 0.00 0.00 0.00 0.00 0.00 0.00 0.00 0.00 0.00 0.00 0.00 0.00 0.00 0.00 0.00 0.00 0.00 
0.00 0.00 0.00 0.00 0.00 0.00 0.00 0.00 0.00 0.00 0.00 0.00 0.00 0.00 0.00 0.00 0.00 0.00 0.00 0.00 
0.00 0.00 0.00 0.00 0.00 0.00 0.00 0.00 0.00 0.00 0.00 0.00 0.00 0.00 0.00 0.00 0.00 0.00 0.00 0.00 
0.00 0.00 0.00 0.00 0.00 0.00 0.00 0.00 0.00 0.00 0.00 0.00 0.00 0.00 0.00 0.00 0.00 0.00 0.00 0.00 
0.00 0.00 0.00 0.00 0.00 0.00 0.00 0.00 0.00 0.00 0.00 0.00 0.00 0.00 0.00 0.00 0.00 0.00 0.00 0.00 
0.00 0.00 0.00 0.00 0.00 0.00 0.00 0.00 0.00 0.00 0.00 0.00 0.00 0.00 0.00 0.00 0.00 0.00 0.00 0.00 
0.00 0.00 0.00 0.00 0.00 0.00 0.00 0.00 0.00 0.00 0.00 0.00 0.00 0.00 0.00 0.00 0.00 0.00 0.00 0.00 
0.00 0.00 0.00 0.00 0.00 0.00 0.00 0.00 0.00 0.00 0.00 0.00 0.00 0.00 0.00 0.00 0.00 0.00 0.00 0.00 
0.00 0.00 0.00 0.00 0.00 0.00 0.00 0.00 0.00 0.00 0.00 0.00 0.00 0.00 0.00 0.00 0.00 0.00 0.00 0.00 
0.00 0.00 0.00 0.00 0.00 0.00 0.00 0.00 0.00 0.00 0.00 0.00 0.00 0.00 0.00 0.00 0.00 0.00 0.00 0.00 
0.00 0.00 0.00 0.00 0.00 0.00 0.00 0.00 0.00 0.00 0.00 0.00 0.00 0.00 0.00 0.00 0.00 0.00 0.00 0.00 
0.00 0.00 0.00 0.00 0.00 0.00 0.00 0.00 0.00 0.00 0.00 0.00 0.00 0.00 0.00 0.00 0.00 0.00 0.00 0.00 
0.00 0.00 0.00 0.00 0.00 0.00 0.00 0.00 0.00 0.00 0.00 0.00 0.00 0.00 0.00 0.00 0.00 0.00 0.00 0.00 
0.00 0.00 0.00 0.00 0.00 0.00 0.00 0.00 0.00 0.00 0.00 0.00 0.00 0.00 0.00 0.00 0.00 0.00 0.00 0.00 
0.00 0.00 0.00 0.00 0.00 0.00 0.00 0.00 0.00 0.00 0.00 0.00 0.00 0.00 0.00 0.00 0.00 0.00 0.00 0.00 
0.00 0.00 0.00 0.00 0.00 0.00 0.00 0.00 0.00 0.00 0.00 0.00 0.00 0.00 0.00 0.00 0.00 0.00 0.00 0.00 
0.00 0.00 0.00 0.00 0.00 0.00 0.00 0.00 0.00 0.00 0.00 0.00 0.00 0.00 0.00 0.00 0.00 0.00 0.00 0.00 
0.00 0.00 0.00 0.00 0.00 0.00 0.00 0.00 0.00 0.00 0.00 0.00 0.00 0.00 0.00 0.00 0.00 0.00 0.00 0.00 
0.00 0.00 0.00 0.00 0.00 0.00 0.00 0.00 0.00 0.00 0.00 0.00 0.00 0.00 0.00 0.00 0.00 0.00 0.00 0.00 
0.00 0.00 0.00 0.00 0.00 0.00 0.00 0.00 0.00 0.00 0.00 0.00 0.00 0.00 0.00 0.00 0.00 0.00 0.00 0.00 
0.00 0.00 0.00 0.00 0.00 0.00 0.00 0.00 0.00 0.00 0.00 0.00 0.00 0.00 0.00 0.00 0.00 0.00 0.00 0.00 
0.00 0.00 0.00 0.00 0.00 0.00 0.00 0.00 0.00 0.00 0.00 0.00 0.00 0.00 0.00 0.00 0.00 0.00 0.00 0.00 
0.00 0.00 0.00 0.00 0.00 0.00 0.00 0.00 0.00 0.00 0.00 0.00 0.00 0.00 0.00 0.00 0.00 0.00 0.00 0.00 
0.00 0.00 0.00 0.00 0.00 0.00 0.00 0.00 0.00 0.00 0.00 0.00 0.00 0.00 0.00 0.00 0.00 0.00 0.00 0.00 
0.00 0.00 0.00 0.00 0.00 0.00 0.00 0.00 0.00 0.00 0.00 0.00 0.00 0.00 0.00 0.00 0.00 0.00 0.00 0.00 
0.00 0.00 0.00 0.00 0.00 0.00 0.00 0.00 0.00 0.00 0.00 0.00 0.00 0.00 0.00 0.00 0.00 0.00 0.00 0.00 
0.00 0.00 0.00 0.00 0.00 0.00 0.00 0.00 0.00 0.00 0.00 0.00 0.00 0.00 0.00 0.00 0.00 0.00 0.00 0.00 
0.00 0.00 0.00 0.00 0.00 0.00 0.00 0.00 0.00 0.00 0.00 0.00 0.00 0.00 0.00 0.00 0.00 0.00 0.00 0.00 
0.00 0.00 0.00 0.00 0.00 0.00 0.00 0.00 0.00 0.00 0.00 0.00 0.00 0.00 0.00 0.00 0.00 0.00 0.00 0.00 
0.00 0.00 0.00 0.00 0.00 0.00 0.00 0.00 0.00 0.00 0.00 0.00 0.00 0.00 0.00 0.00 0.00 0.00 0.00 0.00 
0.00 0.00 0.00 0.00 0.00 0.00 0.00 0.00 0.00 0.00 0.00 0.00 0.00 0.00 0.00 0.00 0.00 0.00 0.00 0.00 
0.00 0.00 0.00 0.00 0.00 0.00 0.00 0.00 0.00 0.00 0.00 0.00 0.00 0.00 0.00 0.00 0.00 0.00 0.00 0.00 
0.00 0.00 0.00 0.00 0.00 0.00 0.00 0.00 0.00 0.00 0.00 0.00 0.00 0.00 0.00 0.00 0.00 0.00 0.00 0.00 
0.00 0.00 0.00 0.00 0.00 0.00 0.00 0.00 0.00 0.00 0.00 0.00 0.00 0.00 0.00 0.00 0.00 0.00 0.00 0.00 
0.00 0.00 0.00 0.00 0.00 0.00 0.00 0.00 0.00 0.00 0.00 0.00 0.00 0.00 0.00 0.00 0.00 0.00 0.00 0.00 
0.00 0.00 0.00 0.00 0.00 0.00 0.00 0.00 0.00 0.00 0.00 0.00 0.00 0.00 0.00 0.00 0.00 0.00 0.00 0.00 
0.00 0.00 0.00 0.00 0.00 0.00 0.00 0.00 0.00 0.00 0.00 0.00 0.00 0.00 0.00 0.00 0.00 0.00 0.00 0.00 
0.00 0.00 0.00 0.00 0.00 0.00 0.00 0.00 0.00 0.00 0.00 0.00 0.00 0.00 0.00 0.00 0.00 0.00 0.00 0.00 
0.00 0.00 0.00 0.00 0.00 0.00 0.00 0.00 0.00 0.00 0.00 0.00 0.00 0.00 0.00 0.00 0.00 0.00 0.00 0.00 
0.00 0.00 0.00 0.00 0.00 0.00 0.00 0.00 0.00 0.00 0.00 0.00 0.00 0.00 0.00 0.00 0.00 0.00 0.00 0.00 
0.00 0.00 0.00 0.00 0.00 0.00 0.00 0.00 0.00 0.00 0.00 0.00 0.00 0.00 0.00 0.00 0.00 0.00 0.00 0.00 
0.00 0.00 0.00 0.00 0.00 0.00 0.00 0.00 0.00 0.00 0.00 0.00 0.00 0.00 0.00 0.00 0.00 0.00 0.00 0.00 
0.00 0.00 0.00 0.00 0.00 0.00 0.00 0.00 0.00 0.00 0.00 0.00 0.00 0.00 0.00 0.00 0.00 0.00 0.00 0.00 
0.00 0.00 0.00 0.00 0.00 0.00 0.00 0.00 0.00 0.00 0.00 0.00 0.00 0.00 0.00 0.00 0.00 0.00 0.00 0.00 
0.00 0.00 0.00 0.00 0.00 0.00 0.00 0.00 0.00 0.00 0.00 0.00 0.00 0.00 0.00 0.00 0.00 0.00 0.00 0.00 
0.00 0.00 0.00 0.00 0.00 0.00 0.00 0.00 0.00 0.00 0.00 0.00 0.00 0.00 0.00 0.00 0.00 0.00 0.00 0.00 
0.00 0.00 0.00 0.00 0.00 0.00 0.00 0.00 0.00 0.00 0.00 0.00 0.00 0.00 0.00 0.00 0.00 0.00 0.00 0.00 
0.00 0.00 0.00 0.00 0.00 0.00 0.00 0.00 0.00 0.00 0.00 0.00 0.00 0.00 0.00 0.00 0.00 0.00 0.00 0.00 
0.00 0.00 0.00 0.00 0.00 0.00 0.00 0.00 0.00 0.00 0.00 0.00 0.00 0.00 0.00 0.00 0.00 0.00 0.00 0.00 
0.00 0.00 0.00 0.00 0.00 0.00 0.00 0.00 0.00 0.00 0.00 0.00 0.00 0.00 0.00 0.00 0.00 0.00 0.00 0.00 
0.00 0.00 0.00 0.00 0.00 0.00 0.00 0.00 0.00 0.00 0.00 0.00 0.00 0.00 0.00 0.00 0.00 0.00 0.00 0.00 
0.00 0.00 0.00 0.00 0.00 0.00 0.00 0.00 0.00 0.00 0.00 0.00 0.00 0.00 0.00 0.00 0.00 0.00 0.00 0.00 
0.00 0.00 0.00 0.00 0.00 0.00 0.00 0.00 0.00 0.00 0.00 0.00 0.00 0.00 0.00 0.00 0.00 0.00 0.00 0.00 
0.00 0.00 0.00 0.00 0.00 0.00 0.00 0.00 0.00 0.00 0.00 0.00 0.00 0.00 0.00 0.00 0.00 0.00 0.00 0.00 
0.00 0.00 0.00 0.00 0.00 0.00 0.00 0.00 0.00 0.00 0.00 0.00 0.00 0.00 0.00 0.00 0.00 0.00 0.00 0.00 
0.00 0.00 0.00 0.00 0.00 0.00 0.00 0.00 0.00 0.00 0.00 0.00 0.00 0.00 0.00 0.00 0.00 0.00 0.00 0.00 
0.00 0.00 0.00 0.00 0.00 0.00 0.00 0.00 0.00 0.00 0.00 0.00 0.00 0.00 0.00 0.00 0.00 0.00 0.00 0.00 
0.00 0.00 0.00 0.00 0.00 0.00 0.00 0.00 0.00 0.00 0.00 0.00 0.00 0.00 0.00 0.00 0.00 0.00 0.00 0.00 
0.00 0.00 0.00 0.00 0.00 0.00 0.00 0.00 0.00 0.00 0.00 0.00 0.00 0.00 0.00 0.00 0.00 0.00 0.00 0.00 
0.00 0.00 0.00 0.00 0.00 0.00 0.00 0.00 0.00 0.00 0.00 0.00 0.00 0.00 0.00 0.00 0.00 0.00 0.00 0.00 
0.00 0.00 0.00 0.00 0.00 0.00 0.00 0.00 0.00 0.00 0.00 0.00 0.00 0.00 0.00 0.00 0.00 0.00 0.00 0.00 
0.00 0.00 0.00 0.00 0.00 0.00 0.00 0.00 0.00 0.00 0.00 0.00 0.00 0.00 0.00 0.00 0.00 0.00 0.00 0.00 
0.00 0.00 0.00 0.00 0.00 0.00 0.00 0.00 0.00 0.00 0.00 0.00 0.00 0.00 0.00 0.00 0.00 0.00 0.00 0.00 
0.00 0.00 0.00 0.00 0.00 0.00 0.00 0.00 0.00 0.00 0.00 0.00 0.00 0.00 0.00 0.00 0.00 0.00 0.00 0.00 
0.00 0.00 0.00 0.00 0.00 0.00 0.00 0.00 0.00 0.00 0.00 0.00 0.00 0.00 0.00 0.00 0.00 0.00 0.00 0.00 
0.00 0.00 0.00 0.00 0.00 0.00 0.00 0.00 0.00 0.00 0.00 0.00 0.00 0.00 0.00 0.00 0.00 0.00 0.00 0.00 
0.00 0.00 0.00 0.00 0.00 0.00 0.00 0.00 0.00 0.00 0.00 0.00 0.00 0.00 0.00 0.00 0.00 0.00 0.00 0.00 
0.00 0.00 0.00 0.00 0.00 0.00 0.00 0.00 0.00 0.00 0.00 0.00 0.00 0.00 0.00 0.00 0.00 0.00 0.00 0.00 
0.00 0.00 0.00 0.00 0.00 0.00 0.00 0.00 0.00 0.00 0.00 0.00 0.00 0.00 0.00 0.00 0.00 0.00 0.00 0.00 
0.00 0.00 0.00 0.00 0.00 0.00 0.00 0.00 0.00 0.00 0.00 0.00 0.00 0.00 0.00 0.00 0.00 0.00 0.00 0.00 
0.00 0.00 0.00 0.00 0.00 0.00 0.00 0.00 0.00 0.00 0.00 0.00 0.00 0.00 0.00 0.00 0.00 0.00 0.00 0.00 
0.00 0.00 0.00 0.00 0.00 0.00 0.00 0.00 0.00 0.00 0.00 0.00 0.00 0.00 0.00 0.00 0.00 0.00 0.00 0.00 
0.00 0.00 0.00 0.00 0.00 0.00 0.00 0.00 0.00 0.00 0.00 0.00 0.00 0.00 0.00 0.00 0.00 0.00 0.00 0.00 
0.00 0.00 0.00 0.00 0.00 0.00 0.00 0.00 0.00 0.00 0.00 0.00 0.00 0.00 0.00 0.00 0.00 0.00 0.00 0.00 
0.00 0.00 0.00 0.00 0.00 0.00 0.00 0.00 0.00 0.00 0.00 0.00 0.00 0.00 0.00 0.00 0.00 0.00 0.00 0.00 
end   dump: w
==END   DUMP_ARRAYS==
==BEGIN DUMP_ARRAYS==
begin dump: w
1862.25 55837700.00 61405404.00 70769008.00 80970776.00 91605040.00 102435512.00 113306448.00 124206760.00 135352720.00 146285248.00 157489840.00 168508144.00 179679920.00 190778816.00 201832032.00 212773040.00 224190928.00 235247840.00 246425856.00 
257270176.00 268750080.00 279945888.00 291148224.00 302069312.00 312962560.00 324550016.00 335623968.00 346779264.00 358147456.00 369029184.00 380234912.00 391249760.00 402635104.00 413826080.00 424883072.00 436087680.00 447244160.00 458489600.00 469674688.00 
480151104.00 491994624.00 503154816.00 514234912.00 525466240.00 536613920.00 547865152.00 559022592.00 569925504.00 581395904.00 591711168.00 603695040.00 614840448.00 626068288.00 637055040.00 648284480.00 659430656.00 670666048.00 681945984.00 693131072.00 
703921024.00 715424768.00 726508928.00 737852288.00 748682368.00 760050496.00 771248640.00 782477696.00 793564096.00 805166144.00 815805696.00 827072512.00 838211136.00 849555264.00 860465024.00 871448192.00 882983552.00 894385792.00 905349120.00 916529664.00 
926362880.00 938901440.00 950048768.00 961190592.00 972359040.00 983475520.00 994685952.00 1006386048.00 1016979520.00 1028298112.00 1039278976.00 1050858816.00 1061761088.00 1072713024.00 1084113152.00 1095149056.00 1106239872.00 1117678464.00 1128815488.00 1139915136.00 
1149530624.00 1162283904.00 1173507584.00 1184665472.00 1195747968.00 1206893184.00 1218230784.00 1229437568.00 1240464512.00 1251714688.00 1262758144.00 1273801984.00 1285052544.00 1296504064.00 1307615232.00 1318742784.00 1329943936.00 1341089920.00 1352405248.00 1363488512.00 
1374016128.00 1385837696.00 1397024384.00 1408174080.00 1419275648.00 1428427520.00 1441763584.00 1453075712.00 1463827968.00 1474897536.00 1486264704.00 1497545344.00 1508700928.00 1519809152.00 1531159040.00 1542242432.00 1553349888.00 1564785280.00 1575974272.00 1587027840.00 
1597848192.00 1609317504.00 1620430848.00 1632073472.00 1642647552.00 1654012160.00 1665223552.00 1676369408.00 1687440000.00 1698764416.00 1709096064.00 1721132160.00 1732132992.00 1743340928.00 1755008384.00 1765768192.00 1776924800.00 1788186880.00 1799351040.00 1810517120.00 
1820332544.00 1832838016.00 1843970048.00 1855190784.00 1866324352.00 1877451776.00 1888590720.00 1900115328.00 1910990592.00 1922126720.00 1933266432.00 1944563200.00 1955708672.00 1966925312.00 1978322560.00 1988890240.00 2000201856.00 2011726592.00 2022794240.00 2033964928.00 
2044804992.00 2056274048.00 2067986816.00 2078701184.00 2089779456.00 2100976768.00 2112099200.00 2123398016.00 2134499840.00 2145757696.00 2156722432.00 2168114944.00 2179016960.00 2190462208.00 2201605376.00 2212678400.00 2223873280.00 2235117568.00 2246221824.00 2257356288.00 
2265324288.00 2279895552.00 2291004672.00 2302221312.00 2313286144.00 2324438272.00 2335702528.00 2347006208.00 2357809920.00 2369281024.00 2380221952.00 2391633920.00 2402718208.00 2413941248.00 2425077248.00 2436222464.00 2447320064.00 2458639360.00 2469758720.00 2480964608.00 
2491806208.00 2503290880.00 2513903360.00 2525871872.00 2536682752.00 2547680512.00 2559242240.00 2570403840.00 2581533696.00 2592690432.00 2603771392.00 2615128576.00 2626164480.00 2637349888.00 2648573952.00 2659617024.00 2670957568.00 2682155520.00 2693252864.00 2704552960.00 
2714342400.00 2726868736.00 2737994496.00 2749286912.00 2760369408.00 2771489024.00 2782688768.00 2793868032.00 2804891136.00 2816134400.00 2823276288.00 2838744320.00 2849792768.00 2860967424.00 2872203264.00 2883245056.00 2894229504.00 2905656576.00 2916654080.00 2928066048.00 
2938851840.00 2950489600.00 2961508864.00 2972687360.00 2983746304.00 2994954752.00 3006138880.00 3017520384.00 3028532480.00 3039707648.00 3050766848.00 3062086656.00 3073002496.00 3084541184.00 3095668736.00 3106390016.00 3117995264.00 3129159168.00 3140327680.00 3151410176.00 
3162003968.00 3173896192.00 3184946944.00 3196103168.00 3207213056.00 3218182144.00 3230492928.00 3241105152.00 3251910912.00 3263304448.00 3274323456.00 3285665536.00 3296766464.00 3308037376.00 3319067392.00 3330238976.00 3341339136.00 3352656384.00 3363852032.00 3374976256.00 
3384520960.00 3397341440.00 3408545024.00 3419398912.00 3430631680.00 3441959168.00 3453181184.00 3464337664.00 3475736576.00 3486798336.00 3497800448.00 3509077248.00 3520160768.00 3531497472.00 3542624256.00 3553730048.00 3565061888.00 3576138496.00 3587314176.00 3598494208.00 
3608357888.00 3620983040.00 3631992576.00 3643230464.00 3654316544.00 3665143552.00 3676711680.00 3687914240.00 3698940160.00 3710176512.00 3721219072.00 3732488960.00 3743524864.00 3754055936.00 3766576384.00 3777427968.00 3788344064.00 3799766016.00 3810820096.00 3822231552.00 
3832906240.00 3844386816.00 3855541504.00 3866786304.00 3877783808.00 3889082368.00 3900237056.00 3911408896.00 3922660864.00 3933847808.00 3944128512.00 3956135936.00 3967027712.00 3979118848.00 3989687552.00 4000764416.00 4011950080.00 4023103232.00 4034337792.00 4045787904.00 
4056034560.00 4067855104.00 4079003392.00 4090097664.00 4101590272.00 4112564480.00 4123737600.00 4134962688.00 4145848832.00 4157263360.00 4168275968.00 4179630336.00 4190698752.00 4201971712.00 4213133312.00 4222231296.00 4235423744.00 4246703616.00 4257828864.00 4269031168.00 
4279871232.00 4291891200.00 4302501376.00 4313938944.00 4324633600.00 4336022016.00 4347302400.00 4358310400.00 4369518592.00 4380834304.00 4391764992.00 4403117056.00 4414148608.00 4425442816.00 4436610048.00 4447685120.00 4458857984.00 4470032384.00 4481123840.00 4492092416.00 
4497024000.00 4515304448.00 4526248448.00 4537397248.00 4548444672.00 4559580672.00 4570778624.00 4581981696.00 4593012224.00 4604280832.00 4615329792.00 4626698752.00 4637818880.00 4648985600.00 4660219392.00 4671268352.00 4682258432.00 4693750784.00 4704866304.00 4716046848.00 
4726895104.00 4737833984.00 4749541888.00 4760730112.00 4771774976.00 4782694400.00 4794258944.00 4805442048.00 4816485376.00 4827898880.00 4838847488.00 4850140160.00 4861065728.00 4872598528.00 4883654144.00 4894865408.00 4905980416.00 4917206016.00 4928340992.00 4939276800.00 
4950051328.00 4961873920.00 4973026816.00 4984199168.00 4995082240.00 5006770176.00 5017838080.00 5028969984.00 5039889408.00 5051522048.00 5061669376.00 5073684480.00 5084796416.00 5096025600.00 5107158528.00 5118332928.00 5129400320.00 5140640768.00 5151825408.00 5162882048.00 
5173886464.00 5185305088.00 5196684288.00 5207800832.00 5218684928.00 5230008320.00 5241209344.00 5252433408.00 5263531008.00 5274784768.00 5285773312.00 5297217024.00 5308218880.00 5319514112.00 5330684928.00 5341436928.00 5352857088.00 5364204032.00 5375369216.00 5386545664.00 
5396391936.00 5408773632.00 5420055040.00 5431281664.00 5442365440.00 5453574656.00 5464774656.00 5475953664.00 5487006208.00 5498317312.00 5509304320.00 5520603648.00 5531725824.00 5542955008.00 5554084352.00 5565176320.00 5576138752.00 5587507200.00 5598558720.00 5609384960.00 
5612869120.00 5633086464.00 5643916800.00 5655032832.00 5665982464.00 5677169152.00 5688324608.00 5699523584.00 5710689792.00 5721874432.00 5732907520.00 5744223232.00 5755134464.00 5766592512.00 5777696768.00 5788834304.00 5799954432.00 5811190784.00 5822412288.00 5833635328.00 
5844109824.00 5855857664.00 5867164672.00 5878263296.00 5889428480.00 5900226560.00 5911714304.00 5923023872.00 5933917184.00 5945319936.00 5956363264.00 5967697920.00 5978793472.00 5989897728.00 6001255424.00 6012338176.00 6023445504.00 6034750976.00 6045851136.00 6057034240.00 
6067929088.00 6079456256.00 6090579456.00 6101770752.00 6112660992.00 6123879424.00 6135451648.00 6146446848.00 6157651456.00 6168649728.00 6179205120.00 6191140864.00 6202278912.00 6213565952.00 6224701440.00 6235778048.00 6247074304.00 6258277376.00 6269366272.00 6280525824.00 
6290432512.00 6302990336.00 6314104832.00 6325287936.00 6336339968.00 6347546624.00 6358683136.00 6369945600.00 6381003264.00 6392264192.00 6403216384.00 6414178304.00 6426205696.00 6437158400.00 6448285696.00 6459033600.00 6470350848.00 6481816576.00 6492930560.00 6504241664.00 
6514957312.00 6526431232.00 6537603072.00 6548793344.00 6559866368.00 6571069952.00 6582315520.00 6593492992.00 6604473856.00 6615899648.00 6626874880.00 6638253056.00 6649111040.00 6660556800.00 6671696384.00 6682831360.00 6694014976.00 6705070080.00 6716362752.00 6727499776.00 
6735423488.00 6750041600.00 6761146368.00 6772303872.00 6783436288.00 6794592256.00 6805667328.00 6816963072.00 6827904000.00 6839422976.00 6850370560.00 6861649408.00 6872812032.00 6884028928.00 6895168000.00 6906172416.00 6917552640.00 6928726528.00 6939912192.00 6950988288.00 
6961950720.00 6973430272.00 6984581632.00 6995839488.00 7006689280.00 7016048128.00 7029336576.00 7040496640.00 7051625472.00 7062841344.00 7073862656.00 7085138944.00 7096306688.00 7107575808.00 7118664192.00 7129842688.00 7140974592.00 7152248832.00 7163404800.00 7174556160.00 
7184438272.00 7196879360.00 7208137216.00 7219376128.00 7230373376.00 7241507328.00 7252794880.00 7263821312.00 7275038208.00 7286261760.00 7296672256.00 7308630528.00 7319763968.00 7330940928.00 7342165504.00 7353266176.00 7364250112.00 7375626752.00 7386800128.00 7397954560.00 
7408820224.00 7420249088.00 7431395840.00 7442512896.00 7453434368.00 7464372224.00 7474503168.00 7491212288.00 7499557376.00 7510365184.00 7521266688.00 7532491776.00 7543364096.00 7554767360.00 7565905408.00 7576667136.00 7588143104.00 7599376384.00 7610607104.00 7621693952.00 
7632215552.00 7644042752.00 7655221248.00 7666470912.00 7677491712.00 7688676352.00 7699914240.00 7711063552.00 7721991168.00 7733455872.00 7744467968.00 7755806720.00 7766852096.00 7778126336.00 7789294080.00 7800381440.00 7811561984.00 7822878208.00 7833993216.00 7845120512.00 
7854677504.00 7867494912.00 7878679552.00 7889874944.00 7900777472.00 7912109056.00 7923670016.00 7934567424.00 7945684480.00 7956944384.00 7967942656.00 7979230208.00 7990308864.00 8001579520.00 8012577792.00 8023955456.00 8035083264.00 8046501888.00 8057586688.00 8068647424.00 
8078498816.00 8090991616.00 8102140928.00 8113315328.00 8124457984.00 8135274496.00 8146801664.00 8157736448.00 8169225728.00 8180460544.00 8191447040.00 8202763776.00 8213894656.00 8225090048.00 8236271104.00 8247380992.00 8258341376.00 8269989888.00 8280964608.00 8292113408.00 
8303010816.00 8314526208.00 8325681152.00 8336881664.00 8347884032.00 8359086592.00 8370325504.00 8381631488.00 8392622080.00 8403728896.00 8410911744.00 8426416640.00 8437250560.00 8448668672.00 8459780096.00 8470910976.00 8482091008.00 8493327872.00 8504480256.00 8515665408.00 
8526181376.00 8537986048.00 8549415936.00 8560319488.00 8571468288.00 8582659072.00 8593958912.00 8605058048.00 8615948288.00 8627133440.00 8638496768.00 8649790464.00 8660928512.00 8672067584.00 8683232256.00 8694068224.00 8705504256.00 8716803072.00 8728105984.00 8739180544.00 
8750017536.00 8761510912.00 8772640768.00 8783909888.00 8794784768.00 8806123520.00 8817395712.00 8828532736.00 8839735296.00 8850978816.00 8861919232.00 8873262080.00 8884298752.00 8895544320.00 8906702848.00 8917833728.00 8929002496.00 8940264448.00 8951268352.00 8962227200.00 
8967151616.00 8985447424.00 8996389888.00 9007488000.00 9018590208.00 9029724160.00 9041001472.00 9051940864.00 9063162880.00 9074561024.00 9085472768.00 9096837120.00 9107905536.00 9119088640.00 9130315776.00 9141491712.00 9152403456.00 9163840512.00 9174878208.00 9186189312.00 
9197047808.00 9208510464.00 9219690496.00 9230821376.00 9242006528.00 9252836352.00 9264346112.00 9275545600.00 9286721536.00 9297912832.00 9308936192.00 9320286208.00 9331158016.00 9342426112.00 9353881600.00 9364948992.00 9376120832.00 9387281408.00 9398500352.00 9409695744.00 
9420196864.00 9432014848.00 9442916352.00 9454415872.00 9465500672.00 9476642816.00 9487793152.00 9499072512.00 9509992448.00 9521411072.00 9531783168.00 9543703552.00 9554888704.00 9566120960.00 9577236480.00 9588332544.00 9599360000.00 9609270272.00 9622242304.00 9633289216.00 
9644107776.00 9655578624.00 9666694144.00 9677900800.00 9688832000.00 9700219904.00 9711442944.00 9722660864.00 9733753856.00 9744926720.00 9755995136.00 9767366656.00 9778373632.00 9789609984.00 9800778752.00 9809871872.00 9823139840.00 9834301440.00 9845373952.00 9856694272.00 
9866534912.00 9879041024.00 9890206720.00 9901368320.00 9912512512.00 9923662848.00 9934865408.00 9946043392.00 9957008384.00 9969662976.00 9979572224.00 9990883328.00 10001966080.00 10013181952.00 10024296448.00 10035447808.00 10046409728.00 10057863168.00 10069104640.00 10080198656.00 
10089701376.00 10102561792.00 10113793024.00 10124859392.00 10135936000.00 10147183616.00 10158424064.00 10169614336.00 10180657152.00 10190941184.00 10203067392.00 10214365184.00 10225226752.00 10236549120.00 10247796736.00 10258938880.00 10270106624.00 10281406464.00 10292440064.00 10303779840.00 
10314213376.00 10326000640.00 10337184768.00 10347556864.00 10359580672.00 10370357248.00 10381945856.00 10393112576.00 10404011008.00 10415464448.00 10426455040.00 10437721088.00 10448868352.00 10459997184.00 10471348224.00 10482435072.00 10493540352.00 10504818688.00 10516005888.00 10527185920.00 
10538038272.00 10549343232.00 10560711680.00 10571848704.00 10582804480.00 10594168832.00 10605413376.00 10616545280.00 10627749888.00 10638918656.00 10649295872.00 10661279744.00 10672289792.00 10683660288.00 10694798336.00 10705921024.00 10717090816.00 10728369152.00 10739508224.00 10750678016.00 
10760537088.00 10773017600.00 10784120832.00 10795760640.00 10806488064.00 10817629184.00 10828912640.00 10840040448.00 10851135488.00 10862419968.00 10873460736.00 10884716544.00 10895881216.00 10907387904.00 10918248448.00 10929030144.00 10940369920.00 10951767040.00 10962941952.00 10974109696.00 
10984982528.00 10996438016.00 11007620096.00 11018744832.00 11029829632.00 11041029120.00 11052285952.00 11063323648.00 11074583552.00 11085640704.00 11096755200.00 11108143104.00 11118932992.00 11130243072.00 11141386240.00 11152413696.00 11163483136.00 11174494208.00 11185168384.00 11194957824.00 
11192097792.00 11222874112.00 11232638976.00 11243352064.00 11254252544.00 11265290240.00 11276421120.00 11287588864.00 11298402304.00 11309692928.00 11320784896.00 11332205568.00 11343154176.00 11354516480.00 11365518336.00 11376683008.00 11387764736.00 11399092224.00 11410189312.00 11421407232.00 
11432217600.00 11443723264.00 11454856192.00 11466051584.00 11476954112.00 11488004096.00 11499558912.00 11510450176.00 11521843200.00 11533129728.00 11544081408.00 11555418112.00 11566448640.00 11577802752.00 11588888576.00 11600069632.00 11611240448.00 11622077440.00 11633692672.00 11644828672.00 
11654648832.00 11667163136.00 11678292992.00 11689472000.00 11700649984.00 11711785984.00 11722999808.00 11734185984.00 11745303552.00 11756545024.00 11766903808.00 11778925568.00 11789985792.00 11801288704.00 11812387840.00 11823539200.00 11834532864.00 11845979136.00 11857079296.00 11868503040.00 
11879170048.00 11890658304.00 11901818880.00 11913003008.00 11924058112.00 11935276032.00 11946449920.00 11957833728.00 11968851968.00 11980125184.00 11991085056.00 12002369536.00 12013320192.00 12024717312.00 12035865600.00 12046663680.00 12058153984.00 12070279168.00 12080621568.00 12091832320.00 
12102312960.00 12114061312.00 12125368320.00 12136431616.00 12147637248.00 12158777344.00 12170014720.00 12181275648.00 12192099328.00 12203474944.00 12214466560.00 12226889728.00 12237082624.00 12248223744.00 12259379200.00 12270520320.00 12281647104.00 12292977664.00 12304021504.00 12315266048.00 
12324803584.00 12337635328.00 12348691456.00 12359976960.00 12370915328.00 12382257152.00 12393500672.00 12404664320.00 12415797248.00 12426960896.00 12437956608.00 12448179200.00 12460588032.00 12471790592.00 12482933760.00 12494044160.00 12505220096.00 12516453376.00 12527599616.00 12538795008.00 
12548639744.00 12561126400.00 12572420096.00 12583533568.00 12594595840.00 12603777024.00 12617019392.00 12628225024.00 12639223808.00 12650465280.00 12661539840.00 12672909312.00 12683980800.00 12695181312.00 12706361344.00 12717477888.00 12728502272.00 12739935232.00 12751110144.00 12762268672.00 
12773089280.00 12784563200.00 12795547648.00 12808576000.00 12818246656.00 12829371392.00 12840559616.00 12851713024.00 12862834688.00 12874133504.00 12884422656.00 12896440320.00 12907340800.00 12918767616.00 12930008064.00 12941054976.00 12952235008.00 12963414016.00 12974899200.00 12985810944.00 
12996324352.00 13008131072.00 13019305984.00 13030554624.00 13041606656.00 13052745728.00 13063925760.00 13075408896.00 13086173184.00 13097555968.00 13108582400.00 13119923200.00 13131024384.00 13142297600.00 13153471488.00 13164193792.00 13175607296.00 13187019776.00 13198112768.00 13209324544.00 
13220159488.00 13231633408.00 13242918912.00 13253990400.00 13264941056.00 13276203008.00 13287493632.00 13298749440.00 13309838336.00 13320998912.00 13332064256.00 13343282176.00 13354438656.00 13365908480.00 13376803840.00 13387972608.00 13399143424.00 13410357248.00 13421414400.00 13432392704.00 
13437296640.00 13455599616.00 13466533888.00 13477570560.00 13488734208.00 13499873280.00 13511099392.00 13522290688.00 13533298688.00 13544570880.00 13555624960.00 13566859264.00 13578000384.00 13589313536.00 13600409600.00 13611577344.00 13622542336.00 13633928192.00 13645159424.00 13656326144.00 
13667177472.00 13678649344.00 13689705472.00 13701033984.00 13712101376.00 13722968064.00 13734582272.00 13745773568.00 13756811264.00 13768047616.00 13779035136.00 13790708736.00 13801387008.00 13812779008.00 13823835136.00 13835042816.00 13846258688.00 13857534976.00 13868384256.00 13879829504.00 
13890342912.00 13902163968.00 13913320448.00 13924507648.00 13935645696.00 13946793984.00 13958024192.00 13969167360.00 13980081152.00 13991422976.00 13998582784.00 14014104576.00 14025117696.00 14036184064.00 14047473664.00 14058599424.00 14069709824.00 14080959488.00 14092113920.00 14103304192.00 
14114199552.00 14125722624.00 14136830976.00 14147846144.00 14158968832.00 14170319872.00 14181538816.00 14192758784.00 14203853824.00 14215074816.00 14226087936.00 14237373440.00 14248380416.00 14260114432.00 14270991360.00 14281758720.00 14293282816.00 14304537600.00 14315658240.00 14326847488.00 
14336684032.00 14349191168.00 14360221696.00 14371338240.00 14382654464.00 14393751552.00 14405221376.00 14416259072.00 14427291648.00 14438605824.00 14449599488.00 14460880896.00 14472041472.00 14483273728.00 14494129152.00 14505591808.00 14516558848.00 14527963136.00 14539114496.00 14550345728.00 
14559846400.00 14572706816.00 14583805952.00 14594934784.00 14606042112.00 14617323520.00 14628511744.00 14639710208.00 14650880000.00 14662044672.00 14673073152.00 14684382208.00 14695347200.00 14706764800.00 14717887488.00 14729027584.00 14740251648.00 14751350784.00 14762578944.00 14773785600.00 
14784312320.00 14796150784.00 14807204864.00 14818461696.00 14829592576.00 14840354816.00 14851883008.00 14863072256.00 14873968640.00 14885354496.00 14896266240.00 14907480064.00 14918165504.00 14926614528.00 14943287296.00 14953340928.00 14964165632.00 14975324160.00 14986406912.00 14997593088.00 
15008379904.00 15019874304.00 15031009280.00 15042212864.00 15053083648.00 15064432640.00 15075644416.00 15086906368.00 15097970688.00 15109192704.00 15119533056.00 15131569152.00 15142572032.00 15154010112.00 15164995584.00 15176188928.00 15187359744.00 15198456832.00 15209669632.00 15220964352.00 
15230750720.00 15243269120.00 15254406144.00 15265583104.00 15276762112.00 15287867392.00 15299147776.00 15310261248.00 15321293824.00 15332691968.00 15343667200.00 15355001856.00 15366106112.00 15377337344.00 15388468224.00 15397598208.00 15410636800.00 15421995008.00 15433225216.00 15444384768.00 
15455257600.00 15466839040.00 15477899264.00 15489116160.00 15500045312.00 15511522304.00 15522636800.00 15533812736.00 15544931328.00 15556192256.00 15567162368.00 15578416128.00 15589423104.00 15600881664.00 15612134400.00 15623108608.00 15634293760.00 15645534208.00 15656650752.00 15667780608.00 
15675721728.00 15690337280.00 15701438464.00 15712765952.00 15723709440.00 15734883328.00 15746106368.00 15757278208.00 15768214528.00 15779577856.00 15790653440.00 15801930752.00 15813257216.00 15824346112.00 15835486208.00 15846628352.00 15857728512.00 15869048832.00 15880201216.00 15891408896.00 
15902239744.00 15913593856.00 15924874240.00 15936011264.00 15946979328.00 15957986304.00 15969521664.00 15980683264.00 15991534592.00 16003657728.00 16014315520.00 16025560064.00 16036599808.00 16047888384.00 16059125760.00 16070163456.00 16081385472.00 16092552192.00 16103707648.00 16114846720.00 
16124748800.00 16137298944.00 16148431872.00 16159551488.00 16170665984.00 16181938176.00 16193089536.00 16204271616.00 16215322624.00 16226695168.00 16236998656.00 16249184256.00 16260074496.00 16271399936.00 16282340352.00 16293820416.00 16304675840.00 16316069888.00 16327225344.00 16338391040.00 
16349260800.00 16360804352.00 16371949568.00 16383095808.00 16394160128.00 16405365760.00 16416553984.00 16427931648.00 16438941696.00 16450130944.00 16461169664.00 16472509440.00 16483401728.00 16494811136.00 16506083328.00 16516807680.00 16528295936.00 16539579392.00 16550642688.00 16561965056.00 
16572419072.00 16584210432.00 16595393536.00 16606648320.00 16617778176.00 16628859904.00 16640105472.00 16651244544.00 16662209536.00 16673602560.00 16684614656.00 16695963648.00 16707050496.00 16718325760.00 16729476096.00 16740546560.00 16751616000.00 16762792960.00 16773883904.00 16784742400.00 
16788197376.00 16808437760.00 16819255296.00 16830330880.00 16841197568.00 16852527104.00 16863729664.00 16874887168.00 16886010880.00 16897234944.00 16908231680.00 16919514112.00 16930601984.00 16941896704.00 16953023488.00 16964146176.00 16975372288.00 16986554368.00 16997754880.00 17009069056.00 
17018801152.00 17031303168.00 17042425856.00 17053624320.00 17064881152.00 17075594240.00 17087125504.00 17098319872.00 17109373952.00 17120619520.00 17131757568.00 17143050240.00 17154196480.00 17165398016.00 17176595456.00 17187715072.00 17198641152.00 17210042368.00 17221117952.00 17232531456.00 
17243301888.00 17254955008.00 17265967104.00 17277198336.00 17288212480.00 17299367936.00 17310638080.00 17321807872.00 17332944896.00 17344147456.00 17354526720.00 17366321152.00 17377441792.00 17388853248.00 17399967744.00 17410945024.00 17422651392.00 17433647104.00 17444782080.00 17455953920.00 
17466480640.00 17478549504.00 17489459200.00 17500626944.00 17511745536.00 17522823168.00 17534160896.00 17545244672.00 17556267008.00 17567700992.00 17578696704.00 17589952512.00 17601243136.00 17612394496.00 17623539712.00 17634336768.00 17645832192.00 17657108480.00 17668265984.00 17680011264.00 
17690314752.00 17701785600.00 17712934912.00 17724088320.00 17735069696.00 17746432000.00 17757589504.00 17768835072.00 17779916800.00 17791131648.00 17802213376.00 17813549056.00 17824589824.00 17835849728.00 17847011328.00 17858123776.00 17869279232.00 17880430592.00 17891547136.00 17902540800.00 
17907435520.00 17925750784.00 17936668672.00 17947797504.00 17958879232.00 17970012160.00 17981181952.00 17992392704.00 18003449856.00 18014730240.00 18025771008.00 18037010432.00 18048215040.00 18059522048.00 18070493184.00 18081689600.00 18092685312.00 18103894016.00 18115309568.00 18125953024.00 
18137333760.00 18148810752.00 18159974400.00 18171133952.00 18182187008.00 18191417344.00 18204674048.00 18215866368.00 18227052544.00 18238216192.00 18249269248.00 18260572160.00 18271473664.00 18282876928.00 18294061056.00 18305134592.00 18316138496.00 18327732224.00 18338791424.00 18350000128.00 
18360502272.00 18372032512.00 18383454208.00 18394738688.00 18405787648.00 18416939008.00 18428123136.00 18438717440.00 18450319360.00 18461708288.00 18472075264.00 18483994624.00 18495076352.00 18506424320.00 18517567488.00 18528608256.00 18539819008.00 18551054336.00 18562279424.00 18573453312.00 
18584283136.00 18595596288.00 18606983168.00 18618071040.00 18628984832.00 18640267264.00 18651224064.00 18663778304.00 18674208768.00 18685337600.00 18696314880.00 18707662848.00 18718668800.00 18729924608.00 18741078016.00 18751875072.00 18763417600.00 18774611968.00 18785806336.00 18796847104.00 
18806824960.00 18819344384.00 18830491648.00 18841696256.00 18852669440.00 18863951872.00 18875174912.00 18886340608.00 18897432576.00 18908766208.00 18919735296.00 18931030016.00 18941988864.00 18953502720.00 18964625408.00 18975739904.00 18986706944.00 18998437888.00 19009263616.00 19020496896.00 
19029989376.00 19042840576.00 19053950976.00 19065184256.00 19076255744.00 19087472640.00 19098750976.00 19109795840.00 19120965632.00 19132172288.00 19143221248.00 19154538496.00 19165409280.00 19176728576.00 19187341312.00 19199510528.00 19210522624.00 19221731328.00 19232854016.00 19243948032.00 
19254523904.00 19266424832.00 19277459456.00 19288676352.00 19299751936.00 19310657536.00 19322128384.00 19333294080.00 19344322560.00 19355731968.00 19366762496.00 19378120704.00 19389208576.00 19400310784.00 19411671040.00 19422722048.00 19433840640.00 19445145600.00 19456286720.00 19467364352.00 
19478345728.00 19489771520.00 19501154304.00 19512164352.00 19523104768.00 19534442496.00 19545600000.00 19556866048.00 19567931392.00 19579090944.00 19586207744.00 19601690624.00 19612710912.00 19623966720.00 19635113984.00 19646210048.00 19657353216.00 19668541440.00 19679789056.00 19690969088.00 
19700836352.00 19713282048.00 19724546048.00 19735670784.00 19746781184.00 19758094336.00 19769221120.00 19780485120.00 19791429632.00 19802707968.00 19813779456.00 19825162240.00 19836194816.00 19847438336.00 19858554880.00 19869353984.00 19880656896.00 19891976192.00 19903891456.00 19914555392.00 
19925377024.00 19936874496.00 19948034048.00 19959189504.00 19970289664.00 19981490176.00 19992727552.00 20003913728.00 20015003648.00 20026200064.00 20037312512.00 20048551936.00 20059525120.00 20070819840.00 20082106368.00 20093280256.00 20104448000.00 20115628032.00 20126791680.00 20137936896.00 
20145815552.00 20160473088.00 20171571200.00 20182704128.00 20193849344.00 20205010944.00 20216203264.00 20227373056.00 20238307328.00 20249708544.00 20260806656.00 20272074752.00 20283224064.00 20294430720.00 20305713152.00 20316700672.00 20327823360.00 20339132416.00 20349804544.00 20361555968.00 
20372400128.00 20383879168.00 20395005952.00 20406099968.00 20417120256.00 20428140544.00 20439478272.00 20450908160.00 20462026752.00 20473282560.00 20484259840.00 20495697920.00 20506597376.00 20517730304.00 20529219584.00 20540246016.00 20551411712.00 20562630656.00 20573849600.00 20584982528.00 
20594853888.00 20607330304.00 20618448896.00 20629653504.00 20640796672.00 20651950080.00 20662798336.00 20674478080.00 20685475840.00 20696707072.00 20707094528.00 20719056896.00 20730302464.00 20741453824.00 20752590848.00 20763711488.00 20774688768.00 20785772544.00 20797360128.00 20808517632.00 
20819349504.00 20830801920.00 20841832448.00 20853057536.00 20864241664.00 20875468800.00 20886652928.00 20898015232.00 20909039616.00 20920297472.00 20931276800.00 20942929920.00 20953509888.00 20964773888.00 20976025600.00 20985227264.00 20998463488.00 21009655808.00 21020770304.00 21031999488.00 
21042520064.00 21054332928.00 21065400320.00 21076744192.00 21087764480.00 21098954752.00 21110190080.00 21121345536.00 21132269568.00 21144025088.00 21154768896.00 21166112768.00 21177274368.00 21188395008.00 21199554560.00 21210806272.00 21221838848.00 21233156096.00 21244286976.00 21255544832.00 
21264996352.00 21277913088.00 21288992768.00 21300154368.00 21311084544.00 21322553344.00 21333688320.00 21345099776.00 21355974656.00 21366970368.00 21378248704.00 21389547520.00 21400616960.00 21411448832.00 21423128576.00 21434204160.00 21445378048.00 21456658432.00 21467768832.00 21478928384.00 
21488824320.00 21501306880.00 21512462336.00 21523458048.00 21534740480.00 21545588736.00 21557336064.00 21568260096.00 21579378688.00 21590763520.00 21601724416.00 21612666880.00 21624176640.00 21635350528.00 21646548992.00 21657659392.00 21668640768.00 21679972352.00 21691291648.00 21702404096.00 
21713287168.00 21724708864.00 21735862272.00 21747159040.00 21758156800.00 21769414656.00 21780762624.00 21791756288.00 21802907648.00 21814149120.00 21824483328.00 21836443648.00 21847400448.00 21858813952.00 21869934592.00 21881079808.00 21892270080.00 21903589376.00 21914640384.00 21925838848.00 
21936373760.00 21948155904.00 21959315456.00 21970604032.00 21981661184.00 21992833024.00 22003974144.00 22015174656.00 22026080256.00 22037598208.00 22048516096.00 22059689984.00 22070953984.00 22082207744.00 22093266944.00 22104072192.00 22115532800.00 22126671872.00 22137853952.00 22149089280.00 
22159937536.00 22171408384.00 22182574080.00 22193649664.00 22204553216.00 22215882752.00 22227019776.00 22238167040.00 22249234432.00 22260346880.00 22271242240.00 22282485760.00 22293389312.00 22304507904.00 22315382784.00 22326095872.00 22336770048.00 22347059200.00 22356377600.00 22361995264.00 
end   dump: w
==END   DUMP_ARRAYS==
Time in seconds = 0.082616
