Sender: LSF System <lsfadmin@polus-c4-ib.bmc.hpc.cs.msu.ru>
Subject: Job 493962: <./large.o> in cluster <MSUCluster> Done

Job <./large.o> was submitted from host <polus-ib.bmc.hpc.cs.msu.ru> by user <edu-cmc-skpod19-328-11> in cluster <MSUCluster> at Fri Nov 29 23:39:32 2019
Job was executed on host(s) <12*polus-c4-ib.bmc.hpc.cs.msu.ru>, in queue <short>, as user <edu-cmc-skpod19-328-11> in cluster <MSUCluster> at Fri Nov 29 23:41:11 2019
                            <2*polus-c2-ib.bmc.hpc.cs.msu.ru>
</home_edu/edu-cmc-skpod19-328/edu-cmc-skpod19-328-11> was used as the home directory.
</home_edu/edu-cmc-skpod19-328/edu-cmc-skpod19-328-11/dep_gemver> was used as the working directory.
Started at Fri Nov 29 23:41:11 2019
Terminated at Fri Nov 29 23:41:12 2019
Results reported at Fri Nov 29 23:41:12 2019

Your job looked like:

------------------------------------------------------------
# LSBATCH: User input
./large.o
------------------------------------------------------------

Successfully completed.

Resource usage summary:

    CPU time :                                   7.58 sec.
    Max Memory :                                 1 MB
    Average Memory :                             1.00 MB
    Total Requested Memory :                     -
    Delta Memory :                               -
    Max Swap :                                   -
    Max Processes :                              1
    Max Threads :                                1
    Run time :                                   2 sec.
    Turnaround time :                            100 sec.

The output (if any) follows:

==BEGIN DUMP_ARRAYS==
begin dump: w
0.00 0.00 0.00 0.00 0.00 0.00 0.00 0.00 0.00 0.00 0.00 0.00 0.00 0.00 0.00 0.00 0.00 0.00 0.00 0.00 
0.00 0.00 0.00 0.00 0.00 0.00 0.00 0.00 0.00 0.00 0.00 0.00 0.00 0.00 0.00 0.00 0.00 0.00 0.00 0.00 
0.00 0.00 0.00 0.00 0.00 0.00 0.00 0.00 0.00 0.00 0.00 0.00 0.00 0.00 0.00 0.00 0.00 0.00 0.00 0.00 
0.00 0.00 0.00 0.00 0.00 0.00 0.00 0.00 0.00 0.00 0.00 0.00 0.00 0.00 0.00 0.00 0.00 0.00 0.00 0.00 
0.00 0.00 0.00 0.00 0.00 0.00 0.00 0.00 0.00 0.00 0.00 0.00 0.00 0.00 0.00 0.00 0.00 0.00 0.00 0.00 
0.00 0.00 0.00 0.00 0.00 0.00 0.00 0.00 0.00 0.00 0.00 0.00 0.00 0.00 0.00 0.00 0.00 0.00 0.00 0.00 
0.00 0.00 0.00 0.00 0.00 0.00 0.00 0.00 0.00 0.00 0.00 0.00 0.00 0.00 0.00 0.00 0.00 0.00 0.00 0.00 
0.00 0.00 0.00 0.00 0.00 0.00 0.00 0.00 0.00 0.00 0.00 0.00 0.00 0.00 0.00 0.00 0.00 0.00 0.00 0.00 
0.00 0.00 0.00 0.00 0.00 0.00 0.00 0.00 0.00 0.00 0.00 0.00 0.00 0.00 0.00 0.00 0.00 0.00 0.00 0.00 
0.00 0.00 0.00 0.00 0.00 0.00 0.00 0.00 0.00 0.00 0.00 0.00 0.00 0.00 0.00 0.00 0.00 0.00 0.00 0.00 
0.00 0.00 0.00 0.00 0.00 0.00 0.00 0.00 0.00 0.00 0.00 0.00 0.00 0.00 0.00 0.00 0.00 0.00 0.00 0.00 
0.00 0.00 0.00 0.00 0.00 0.00 0.00 0.00 0.00 0.00 0.00 0.00 0.00 0.00 0.00 0.00 0.00 0.00 0.00 0.00 
0.00 0.00 0.00 0.00 0.00 0.00 0.00 0.00 0.00 0.00 0.00 0.00 0.00 0.00 0.00 0.00 0.00 0.00 0.00 0.00 
0.00 0.00 0.00 0.00 0.00 0.00 0.00 0.00 0.00 0.00 0.00 0.00 0.00 0.00 0.00 0.00 0.00 0.00 0.00 0.00 
0.00 0.00 0.00 0.00 0.00 0.00 0.00 0.00 0.00 0.00 0.00 0.00 0.00 0.00 0.00 0.00 0.00 0.00 0.00 0.00 
0.00 0.00 0.00 0.00 0.00 0.00 0.00 0.00 0.00 0.00 0.00 0.00 0.00 0.00 0.00 0.00 0.00 0.00 0.00 0.00 
0.00 0.00 0.00 0.00 0.00 0.00 0.00 0.00 0.00 0.00 0.00 0.00 0.00 0.00 0.00 0.00 0.00 0.00 0.00 0.00 
0.00 0.00 0.00 0.00 0.00 0.00 0.00 0.00 0.00 0.00 0.00 0.00 0.00 0.00 0.00 0.00 0.00 0.00 0.00 0.00 
0.00 0.00 0.00 0.00 0.00 0.00 0.00 0.00 0.00 0.00 0.00 0.00 0.00 0.00 0.00 0.00 0.00 0.00 0.00 0.00 
0.00 0.00 0.00 0.00 0.00 0.00 0.00 0.00 0.00 0.00 0.00 0.00 0.00 0.00 0.00 0.00 0.00 0.00 0.00 0.00 
0.00 0.00 0.00 0.00 0.00 0.00 0.00 0.00 0.00 0.00 0.00 0.00 0.00 0.00 0.00 0.00 0.00 0.00 0.00 0.00 
0.00 0.00 0.00 0.00 0.00 0.00 0.00 0.00 0.00 0.00 0.00 0.00 0.00 0.00 0.00 0.00 0.00 0.00 0.00 0.00 
0.00 0.00 0.00 0.00 0.00 0.00 0.00 0.00 0.00 0.00 0.00 0.00 0.00 0.00 0.00 0.00 0.00 0.00 0.00 0.00 
0.00 0.00 0.00 0.00 0.00 0.00 0.00 0.00 0.00 0.00 0.00 0.00 0.00 0.00 0.00 0.00 0.00 0.00 0.00 0.00 
0.00 0.00 0.00 0.00 0.00 0.00 0.00 0.00 0.00 0.00 0.00 0.00 0.00 0.00 0.00 0.00 0.00 0.00 0.00 0.00 
0.00 0.00 0.00 0.00 0.00 0.00 0.00 0.00 0.00 0.00 0.00 0.00 0.00 0.00 0.00 0.00 0.00 0.00 0.00 0.00 
0.00 0.00 0.00 0.00 0.00 0.00 0.00 0.00 0.00 0.00 0.00 0.00 0.00 0.00 0.00 0.00 0.00 0.00 0.00 0.00 
0.00 0.00 0.00 0.00 0.00 0.00 0.00 0.00 0.00 0.00 0.00 0.00 0.00 0.00 0.00 0.00 0.00 0.00 0.00 0.00 
0.00 0.00 0.00 0.00 0.00 0.00 0.00 0.00 0.00 0.00 0.00 0.00 0.00 0.00 0.00 0.00 0.00 0.00 0.00 0.00 
0.00 0.00 0.00 0.00 0.00 0.00 0.00 0.00 0.00 0.00 0.00 0.00 0.00 0.00 0.00 0.00 0.00 0.00 0.00 0.00 
0.00 0.00 0.00 0.00 0.00 0.00 0.00 0.00 0.00 0.00 0.00 0.00 0.00 0.00 0.00 0.00 0.00 0.00 0.00 0.00 
0.00 0.00 0.00 0.00 0.00 0.00 0.00 0.00 0.00 0.00 0.00 0.00 0.00 0.00 0.00 0.00 0.00 0.00 0.00 0.00 
0.00 0.00 0.00 0.00 0.00 0.00 0.00 0.00 0.00 0.00 0.00 0.00 0.00 0.00 0.00 0.00 0.00 0.00 0.00 0.00 
0.00 0.00 0.00 0.00 0.00 0.00 0.00 0.00 0.00 0.00 0.00 0.00 0.00 0.00 0.00 0.00 0.00 0.00 0.00 0.00 
0.00 0.00 0.00 0.00 0.00 0.00 0.00 0.00 0.00 0.00 0.00 0.00 0.00 0.00 0.00 0.00 0.00 0.00 0.00 0.00 
0.00 0.00 0.00 0.00 0.00 0.00 0.00 0.00 0.00 0.00 0.00 0.00 0.00 0.00 0.00 0.00 0.00 0.00 0.00 0.00 
0.00 0.00 0.00 0.00 0.00 0.00 0.00 0.00 0.00 0.00 0.00 0.00 0.00 0.00 0.00 0.00 0.00 0.00 0.00 0.00 
0.00 0.00 0.00 0.00 0.00 0.00 0.00 0.00 0.00 0.00 0.00 0.00 0.00 0.00 0.00 0.00 0.00 0.00 0.00 0.00 
0.00 0.00 0.00 0.00 0.00 0.00 0.00 0.00 0.00 0.00 0.00 0.00 0.00 0.00 0.00 0.00 0.00 0.00 0.00 0.00 
0.00 0.00 0.00 0.00 0.00 0.00 0.00 0.00 0.00 0.00 0.00 0.00 0.00 0.00 0.00 0.00 0.00 0.00 0.00 0.00 
0.00 0.00 0.00 0.00 0.00 0.00 0.00 0.00 0.00 0.00 0.00 0.00 0.00 0.00 0.00 0.00 0.00 0.00 0.00 0.00 
0.00 0.00 0.00 0.00 0.00 0.00 0.00 0.00 0.00 0.00 0.00 0.00 0.00 0.00 0.00 0.00 0.00 0.00 0.00 0.00 
0.00 0.00 0.00 0.00 0.00 0.00 0.00 0.00 0.00 0.00 0.00 0.00 0.00 0.00 0.00 0.00 0.00 0.00 0.00 0.00 
0.00 0.00 0.00 0.00 0.00 0.00 0.00 0.00 0.00 0.00 0.00 0.00 0.00 0.00 0.00 0.00 0.00 0.00 0.00 0.00 
0.00 0.00 0.00 0.00 0.00 0.00 0.00 0.00 0.00 0.00 0.00 0.00 0.00 0.00 0.00 0.00 0.00 0.00 0.00 0.00 
0.00 0.00 0.00 0.00 0.00 0.00 0.00 0.00 0.00 0.00 0.00 0.00 0.00 0.00 0.00 0.00 0.00 0.00 0.00 0.00 
0.00 0.00 0.00 0.00 0.00 0.00 0.00 0.00 0.00 0.00 0.00 0.00 0.00 0.00 0.00 0.00 0.00 0.00 0.00 0.00 
0.00 0.00 0.00 0.00 0.00 0.00 0.00 0.00 0.00 0.00 0.00 0.00 0.00 0.00 0.00 0.00 0.00 0.00 0.00 0.00 
0.00 0.00 0.00 0.00 0.00 0.00 0.00 0.00 0.00 0.00 0.00 0.00 0.00 0.00 0.00 0.00 0.00 0.00 0.00 0.00 
0.00 0.00 0.00 0.00 0.00 0.00 0.00 0.00 0.00 0.00 0.00 0.00 0.00 0.00 0.00 0.00 0.00 0.00 0.00 0.00 
0.00 0.00 0.00 0.00 0.00 0.00 0.00 0.00 0.00 0.00 0.00 0.00 0.00 0.00 0.00 0.00 0.00 0.00 0.00 0.00 
0.00 0.00 0.00 0.00 0.00 0.00 0.00 0.00 0.00 0.00 0.00 0.00 0.00 0.00 0.00 0.00 0.00 0.00 0.00 0.00 
0.00 0.00 0.00 0.00 0.00 0.00 0.00 0.00 0.00 0.00 0.00 0.00 0.00 0.00 0.00 0.00 0.00 0.00 0.00 0.00 
0.00 0.00 0.00 0.00 0.00 0.00 0.00 0.00 0.00 0.00 0.00 0.00 0.00 0.00 0.00 0.00 0.00 0.00 0.00 0.00 
0.00 0.00 0.00 0.00 0.00 0.00 0.00 0.00 0.00 0.00 0.00 0.00 0.00 0.00 0.00 0.00 0.00 0.00 0.00 0.00 
0.00 0.00 0.00 0.00 0.00 0.00 0.00 0.00 0.00 0.00 0.00 0.00 0.00 0.00 0.00 0.00 0.00 0.00 0.00 0.00 
0.00 0.00 0.00 0.00 0.00 0.00 0.00 0.00 0.00 0.00 0.00 0.00 0.00 0.00 0.00 0.00 0.00 0.00 0.00 0.00 
0.00 0.00 0.00 0.00 0.00 0.00 0.00 0.00 0.00 0.00 0.00 0.00 0.00 0.00 0.00 0.00 0.00 0.00 0.00 0.00 
0.00 0.00 0.00 0.00 0.00 0.00 0.00 0.00 0.00 0.00 0.00 0.00 0.00 0.00 0.00 0.00 0.00 0.00 0.00 0.00 
0.00 0.00 0.00 0.00 0.00 0.00 0.00 0.00 0.00 0.00 0.00 0.00 0.00 0.00 0.00 0.00 0.00 0.00 0.00 0.00 
0.00 0.00 0.00 0.00 0.00 0.00 0.00 0.00 0.00 0.00 0.00 0.00 0.00 0.00 0.00 0.00 0.00 0.00 0.00 0.00 
0.00 0.00 0.00 0.00 0.00 0.00 0.00 0.00 0.00 0.00 0.00 0.00 0.00 0.00 0.00 0.00 0.00 0.00 0.00 0.00 
0.00 0.00 0.00 0.00 0.00 0.00 0.00 0.00 0.00 0.00 0.00 0.00 0.00 0.00 0.00 0.00 0.00 0.00 0.00 0.00 
0.00 0.00 0.00 0.00 0.00 0.00 0.00 0.00 0.00 0.00 0.00 0.00 0.00 0.00 0.00 0.00 0.00 0.00 0.00 0.00 
0.00 0.00 0.00 0.00 0.00 0.00 0.00 0.00 0.00 0.00 0.00 0.00 0.00 0.00 0.00 0.00 0.00 0.00 0.00 0.00 
0.00 0.00 0.00 0.00 0.00 0.00 0.00 0.00 0.00 0.00 0.00 0.00 0.00 0.00 0.00 0.00 0.00 0.00 0.00 0.00 
0.00 0.00 0.00 0.00 0.00 0.00 0.00 0.00 0.00 0.00 0.00 0.00 0.00 0.00 0.00 0.00 0.00 0.00 0.00 0.00 
0.00 0.00 0.00 0.00 0.00 0.00 0.00 0.00 0.00 0.00 0.00 0.00 0.00 0.00 0.00 0.00 0.00 0.00 0.00 0.00 
0.00 0.00 0.00 0.00 0.00 0.00 0.00 0.00 0.00 0.00 0.00 0.00 0.00 0.00 0.00 0.00 0.00 0.00 0.00 0.00 
0.00 0.00 0.00 0.00 0.00 0.00 0.00 0.00 0.00 0.00 0.00 0.00 0.00 0.00 0.00 0.00 0.00 0.00 0.00 0.00 
0.00 0.00 0.00 0.00 0.00 0.00 0.00 0.00 0.00 0.00 0.00 0.00 0.00 0.00 0.00 0.00 0.00 0.00 0.00 0.00 
0.00 0.00 0.00 0.00 0.00 0.00 0.00 0.00 0.00 0.00 0.00 0.00 0.00 0.00 0.00 0.00 0.00 0.00 0.00 0.00 
0.00 0.00 0.00 0.00 0.00 0.00 0.00 0.00 0.00 0.00 0.00 0.00 0.00 0.00 0.00 0.00 0.00 0.00 0.00 0.00 
0.00 0.00 0.00 0.00 0.00 0.00 0.00 0.00 0.00 0.00 0.00 0.00 0.00 0.00 0.00 0.00 0.00 0.00 0.00 0.00 
0.00 0.00 0.00 0.00 0.00 0.00 0.00 0.00 0.00 0.00 0.00 0.00 0.00 0.00 0.00 0.00 0.00 0.00 0.00 0.00 
0.00 0.00 0.00 0.00 0.00 0.00 0.00 0.00 0.00 0.00 0.00 0.00 0.00 0.00 0.00 0.00 0.00 0.00 0.00 0.00 
0.00 0.00 0.00 0.00 0.00 0.00 0.00 0.00 0.00 0.00 0.00 0.00 0.00 0.00 0.00 0.00 0.00 0.00 0.00 0.00 
0.00 0.00 0.00 0.00 0.00 0.00 0.00 0.00 0.00 0.00 0.00 0.00 0.00 0.00 0.00 0.00 0.00 0.00 0.00 0.00 
0.00 0.00 0.00 0.00 0.00 0.00 0.00 0.00 0.00 0.00 0.00 0.00 0.00 0.00 0.00 0.00 0.00 0.00 0.00 0.00 
0.00 0.00 0.00 0.00 0.00 0.00 0.00 0.00 0.00 0.00 0.00 0.00 0.00 0.00 0.00 0.00 0.00 0.00 0.00 0.00 
0.00 0.00 0.00 0.00 0.00 0.00 0.00 0.00 0.00 0.00 0.00 0.00 0.00 0.00 0.00 0.00 0.00 0.00 0.00 0.00 
0.00 0.00 0.00 0.00 0.00 0.00 0.00 0.00 0.00 0.00 0.00 0.00 0.00 0.00 0.00 0.00 0.00 0.00 0.00 0.00 
0.00 0.00 0.00 0.00 0.00 0.00 0.00 0.00 0.00 0.00 0.00 0.00 0.00 0.00 0.00 0.00 0.00 0.00 0.00 0.00 
0.00 0.00 0.00 0.00 0.00 0.00 0.00 0.00 0.00 0.00 0.00 0.00 0.00 0.00 0.00 0.00 0.00 0.00 0.00 0.00 
0.00 0.00 0.00 0.00 0.00 0.00 0.00 0.00 0.00 0.00 0.00 0.00 0.00 0.00 0.00 0.00 0.00 0.00 0.00 0.00 
0.00 0.00 0.00 0.00 0.00 0.00 0.00 0.00 0.00 0.00 0.00 0.00 0.00 0.00 0.00 0.00 0.00 0.00 0.00 0.00 
0.00 0.00 0.00 0.00 0.00 0.00 0.00 0.00 0.00 0.00 0.00 0.00 0.00 0.00 0.00 0.00 0.00 0.00 0.00 0.00 
0.00 0.00 0.00 0.00 0.00 0.00 0.00 0.00 0.00 0.00 0.00 0.00 0.00 0.00 0.00 0.00 0.00 0.00 0.00 0.00 
0.00 0.00 0.00 0.00 0.00 0.00 0.00 0.00 0.00 0.00 0.00 0.00 0.00 0.00 0.00 0.00 0.00 0.00 0.00 0.00 
0.00 0.00 0.00 0.00 0.00 0.00 0.00 0.00 0.00 0.00 0.00 0.00 0.00 0.00 0.00 0.00 0.00 0.00 0.00 0.00 
0.00 0.00 0.00 0.00 0.00 0.00 0.00 0.00 0.00 0.00 0.00 0.00 0.00 0.00 0.00 0.00 0.00 0.00 0.00 0.00 
0.00 0.00 0.00 0.00 0.00 0.00 0.00 0.00 0.00 0.00 0.00 0.00 0.00 0.00 0.00 0.00 0.00 0.00 0.00 0.00 
0.00 0.00 0.00 0.00 0.00 0.00 0.00 0.00 0.00 0.00 0.00 0.00 0.00 0.00 0.00 0.00 0.00 0.00 0.00 0.00 
0.00 0.00 0.00 0.00 0.00 0.00 0.00 0.00 0.00 0.00 0.00 0.00 0.00 0.00 0.00 0.00 0.00 0.00 0.00 0.00 
0.00 0.00 0.00 0.00 0.00 0.00 0.00 0.00 0.00 0.00 0.00 0.00 0.00 0.00 0.00 0.00 0.00 0.00 0.00 0.00 
0.00 0.00 0.00 0.00 0.00 0.00 0.00 0.00 0.00 0.00 0.00 0.00 0.00 0.00 0.00 0.00 0.00 0.00 0.00 0.00 
0.00 0.00 0.00 0.00 0.00 0.00 0.00 0.00 0.00 0.00 0.00 0.00 0.00 0.00 0.00 0.00 0.00 0.00 0.00 0.00 
0.00 0.00 0.00 0.00 0.00 0.00 0.00 0.00 0.00 0.00 0.00 0.00 0.00 0.00 0.00 0.00 0.00 0.00 0.00 0.00 
0.00 0.00 0.00 0.00 0.00 0.00 0.00 0.00 0.00 0.00 0.00 0.00 0.00 0.00 0.00 0.00 0.00 0.00 0.00 0.00 
0.00 0.00 0.00 0.00 0.00 0.00 0.00 0.00 0.00 0.00 0.00 0.00 0.00 0.00 0.00 0.00 0.00 0.00 0.00 0.00 
end   dump: w
==END   DUMP_ARRAYS==
==BEGIN DUMP_ARRAYS==
begin dump: w
1901.12 57003252.00 62680324.00 72195992.00 82623920.00 93429496.00 104481648.00 115675144.00 126774032.00 138092384.00 149230512.00 160666544.00 171941200.00 183355728.00 194707616.00 205957520.00 217160032.00 228818800.00 240097632.00 251493728.00 
262588080.00 274281856.00 285676448.00 297148384.00 308324576.00 319420064.00 331274400.00 342539104.00 353967392.00 365542304.00 376635584.00 388120864.00 399326336.00 410951616.00 422383008.00 433690880.00 445114464.00 456495232.00 467967744.00 479395584.00 
490120416.00 502181120.00 513575840.00 524875296.00 536353472.00 547742464.00 559225536.00 570599232.00 581760448.00 593450432.00 603979200.00 616195648.00 627594880.00 639044480.00 650274048.00 661753728.00 673128000.00 684597568.00 696104320.00 707509632.00 
718532480.00 730268736.00 741615808.00 753175808.00 764227712.00 775832768.00 787273728.00 798732736.00 810047744.00 821885120.00 832766464.00 844258368.00 855629504.00 867202112.00 878335168.00 889542656.00 901332928.00 912975168.00 924176512.00 935594176.00 
945645184.00 958414720.00 969790976.00 981174528.00 992578112.00 1003905088.00 1015348416.00 1027317696.00 1038135104.00 1049689024.00 1060896512.00 1072707904.00 1083837440.00 1095038592.00 1106648064.00 1117928704.00 1129264768.00 1140921088.00 1152290176.00 1163604736.00 
1173436032.00 1186446848.00 1197916672.00 1209321088.00 1220633984.00 1231993984.00 1243568768.00 1255006592.00 1266277504.00 1277768064.00 1289039616.00 1300317440.00 1311796480.00 1323476992.00 1334818048.00 1346192000.00 1357619456.00 1369003136.00 1380546944.00 1391864576.00 
1402616960.00 1414676992.00 1426106752.00 1437472640.00 1448815488.00 1458158976.00 1471780480.00 1483317760.00 1494299392.00 1505606016.00 1517197056.00 1528718720.00 1540104320.00 1551455744.00 1563041024.00 1574352512.00 1585697536.00 1597366016.00 1608779392.00 1620057344.00 
1631112064.00 1642825216.00 1654167296.00 1666064512.00 1676854528.00 1688452608.00 1699898240.00 1711269376.00 1722568704.00 1734140800.00 1744683264.00 1756975616.00 1768196608.00 1779643904.00 1791566208.00 1802533888.00 1813930368.00 1825431808.00 1836837632.00 1848225408.00 
1858260608.00 1871017472.00 1882367104.00 1893818240.00 1905202304.00 1916553216.00 1927930240.00 1939694592.00 1950800128.00 1962152832.00 1973536768.00 1985068544.00 1996438528.00 2007902848.00 2019531520.00 2030322560.00 2041876992.00 2053627904.00 2064929536.00 2076334848.00 
2087414784.00 2099118208.00 2111072896.00 2122000000.00 2133312640.00 2144757120.00 2156101888.00 2167635200.00 2178964224.00 2190456064.00 2201654528.00 2213279488.00 2224414464.00 2236094208.00 2247464704.00 2258778112.00 2270198272.00 2281687040.00 2293023744.00 2304388864.00 
2312529152.00 2327405312.00 2338732800.00 2350181888.00 2361492736.00 2372878848.00 2384368384.00 2395910912.00 2406942208.00 2418646784.00 2429822464.00 2441470976.00 2452783104.00 2464232960.00 2475604224.00 2486986496.00 2498316288.00 2509873408.00 2521236992.00 2532666624.00 
2543736576.00 2555459584.00 2566291200.00 2578525440.00 2589545472.00 2600773632.00 2612580352.00 2623966976.00 2635331328.00 2646721024.00 2658027264.00 2669636608.00 2680889088.00 2692317952.00 2703771648.00 2715041536.00 2726610944.00 2738051840.00 2749383424.00 2760915712.00 
2770912256.00 2783699200.00 2795056896.00 2806579968.00 2817900800.00 2829250560.00 2840696064.00 2852097536.00 2863351552.00 2874819328.00 2882124032.00 2897920000.00 2909199360.00 2920606464.00 2932075520.00 2943340032.00 2954560256.00 2966221568.00 2977448704.00 2989101824.00 
3000103680.00 3011996416.00 3023238400.00 3034648576.00 3045941248.00 3057380608.00 3068807168.00 3080422400.00 3091662336.00 3103060480.00 3114358272.00 3125918464.00 3137065728.00 3148829440.00 3160204544.00 3171145984.00 3182998784.00 3194387968.00 3205791232.00 3217102848.00 
3227919104.00 3240058112.00 3251346176.00 3262723328.00 3274068224.00 3285272320.00 3297843968.00 3308667136.00 3319707136.00 3331337728.00 3342584832.00 3354154496.00 3365484032.00 3377006080.00 3388256000.00 3399656192.00 3410995968.00 3422552576.00 3433975040.00 3445340416.00 
3455086848.00 3468178688.00 3479613696.00 3490675456.00 3502149888.00 3513719808.00 3525178880.00 3536565760.00 3548201728.00 3559496192.00 3570723584.00 3582237184.00 3593551104.00 3605124864.00 3616492288.00 3627824896.00 3639396352.00 3650700032.00 3662103808.00 3673524480.00 
3683591680.00 3696476928.00 3707722752.00 3719180032.00 3730498304.00 3741556736.00 3753371904.00 3764802560.00 3776070144.00 3787534592.00 3798800128.00 3810308352.00 3821574400.00 3832321280.00 3845120512.00 3856187904.00 3867342592.00 3878982656.00 3890276096.00 3901931520.00 
3912830208.00 3924550144.00 3935929344.00 3947410688.00 3958634496.00 3970171904.00 3981568768.00 3992967936.00 4004455936.00 4015864832.00 4026371328.00 4038633472.00 4049745664.00 4062092800.00 4072886272.00 4084183808.00 4095602944.00 4106988032.00 4118460416.00 4130149376.00 
4140616704.00 4152671744.00 4164062976.00 4175379456.00 4187115520.00 4198319616.00 4209730816.00 4221186048.00 4232304384.00 4243947520.00 4255200768.00 4266795776.00 4278086144.00 4289597184.00 4300989952.00 4310279680.00 4323737088.00 4335260160.00 4346617856.00 4358061056.00 
4369116160.00 4381391872.00 4392216064.00 4403905536.00 4414808576.00 4426450944.00 4437958656.00 4449194496.00 4460627968.00 4472185856.00 4483351040.00 4494934528.00 4506190336.00 4517732352.00 4529138176.00 4540440064.00 4551831552.00 4563246080.00 4574573568.00 4585767936.00 
4590814208.00 4609463808.00 4620635648.00 4632023552.00 4643307520.00 4654669824.00 4666097152.00 4677540864.00 4688808448.00 4700302336.00 4711584256.00 4723190784.00 4734532096.00 4745936384.00 4757409792.00 4768684032.00 4779917312.00 4791636992.00 4802993152.00 4814398976.00 
4825476096.00 4836630528.00 4848600576.00 4860013056.00 4871289344.00 4882426880.00 4894234112.00 4905675776.00 4916940288.00 4928593408.00 4939772416.00 4951296512.00 4962454016.00 4974224896.00 4985511424.00 4996959232.00 5008297984.00 5019749376.00 5031132672.00 5042284544.00 
5053301760.00 5065358848.00 5076749312.00 5088136704.00 5099258368.00 5111189504.00 5122492928.00 5133861376.00 5145008640.00 5156883968.00 5167242752.00 5179510272.00 5190848000.00 5202306560.00 5213666816.00 5225069568.00 5236382720.00 5247859200.00 5259274240.00 5270552576.00 
5281790464.00 5293442048.00 5305074176.00 5316417024.00 5327533056.00 5339086336.00 5350535168.00 5361989632.00 5373306880.00 5384789504.00 5396015104.00 5407704064.00 5418931200.00 5430460928.00 5441869312.00 5452843520.00 5464503296.00 5476094464.00 5487484416.00 5498896896.00 
5508947968.00 5521581568.00 5533104640.00 5544568832.00 5555876864.00 5567314432.00 5578749952.00 5590160384.00 5601445888.00 5613000704.00 5624202240.00 5635743232.00 5647106560.00 5658561536.00 5669922816.00 5681242624.00 5692439552.00 5704059392.00 5715318272.00 5726376960.00 
5729966080.00 5750597632.00 5761647616.00 5772982272.00 5784164864.00 5795588608.00 5806981632.00 5818402816.00 5829806080.00 5841217536.00 5852489216.00 5864031232.00 5875182592.00 5886877184.00 5898211840.00 5909587456.00 5920932352.00 5932402688.00 5943863296.00 5955315712.00 
5966013440.00 5977999872.00 5989555712.00 6000874496.00 6012278784.00 6023300096.00 6035034624.00 6046568448.00 6057690624.00 6069331456.00 6080601600.00 6092171264.00 6103505920.00 6114847744.00 6126437376.00 6137735680.00 6149085184.00 6160615424.00 6171964928.00 6183382016.00 
6194507264.00 6206262784.00 6217622016.00 6229037568.00 6240168960.00 6251618304.00 6263430656.00 6274652672.00 6286095872.00 6297321472.00 6308096000.00 6320281600.00 6331648512.00 6343174656.00 6354539520.00 6365845504.00 6377380864.00 6388820992.00 6400146944.00 6411534336.00 
6421645312.00 6434464768.00 6445813760.00 6457230848.00 6468523520.00 6479947776.00 6491322880.00 6502813696.00 6514102784.00 6525602816.00 6536790016.00 6547962368.00 6560249344.00 6571426816.00 6582793216.00 6593768448.00 6605316608.00 6617022976.00 6628369408.00 6639917056.00 
6650862592.00 6662572544.00 6673974784.00 6685399552.00 6696700928.00 6708145664.00 6719623168.00 6731032576.00 6742247936.00 6753902080.00 6765110784.00 6776725504.00 6787806720.00 6799494144.00 6810862592.00 6822226432.00 6833649664.00 6844949504.00 6856470528.00 6867837440.00 
6875933184.00 6890854912.00 6902188032.00 6913585664.00 6924951040.00 6936328192.00 6947628032.00 6959161344.00 6970339840.00 6982099968.00 6993269760.00 7004780544.00 7016183808.00 7027634176.00 7039000064.00 7050246656.00 7061852672.00 7073262080.00 7084684288.00 7095983104.00 
7107180032.00 7118907392.00 7130279936.00 7141772288.00 7152850432.00 7162414592.00 7175975936.00 7187365376.00 7198724608.00 7210177536.00 7221427712.00 7232951296.00 7244349440.00 7255852032.00 7267161600.00 7278588928.00 7289935872.00 7301446656.00 7312841216.00 7324223488.00 
7334310400.00 7347015168.00 7358507008.00 7369978880.00 7381200384.00 7392564736.00 7404090880.00 7415351808.00 7426787840.00 7438274048.00 7448883712.00 7461097472.00 7472461312.00 7483867648.00 7495337984.00 7506661888.00 7517881344.00 7529485312.00 7540896768.00 7552278528.00 
7563363840.00 7575026688.00 7586407424.00 7597781504.00 7608911360.00 7620089856.00 7630412800.00 7647518208.00 7656030720.00 7667074048.00 7678160384.00 7689626112.00 7700744704.00 7712356352.00 7723730944.00 7734729216.00 7746456576.00 7757921280.00 7769377792.00 7780701696.00 
7791453184.00 7803511808.00 7814925312.00 7826407424.00 7837655552.00 7849081856.00 7860551168.00 7871923200.00 7883094528.00 7894784512.00 7906037760.00 7917604352.00 7928891904.00 7940398080.00 7951788032.00 7963099648.00 7974532608.00 7986088448.00 7997421568.00 8008788480.00 
8018539008.00 8031627776.00 8043060224.00 8054475264.00 8065605120.00 8077173760.00 8088987648.00 8100098048.00 8111448064.00 8122951168.00 8134172672.00 8145695744.00 8157003264.00 8168501760.00 8179737600.00 8191340544.00 8202711552.00 8214375936.00 8225691136.00 8236976640.00 
8247050752.00 8259790848.00 8271176704.00 8282574848.00 8293952000.00 8304998400.00 8316762112.00 8327923200.00 8339654144.00 8351121408.00 8362330624.00 8373895168.00 8385255424.00 8396684288.00 8408094208.00 8419445760.00 8430643200.00 8442522112.00 8453729280.00 8465111552.00 
8476219392.00 8488001024.00 8499377664.00 8510810624.00 8522042880.00 8533480960.00 8544960000.00 8556498944.00 8567716864.00 8579050496.00 8586394624.00 8602213376.00 8613277696.00 8624930816.00 8636274688.00 8647639040.00 8659053568.00 8670528512.00 8681908224.00 8693330944.00 
8704063488.00 8716128256.00 8727789568.00 8738915328.00 8750292992.00 8761723904.00 8773260288.00 8784583680.00 8795692032.00 8807116800.00 8818725888.00 8830246912.00 8841617408.00 8852996096.00 8864395264.00 8875448320.00 8887129088.00 8898648064.00 8910202880.00 8921502720.00 
8932569088.00 8944295936.00 8955667456.00 8967160832.00 8978260992.00 8989841408.00 9001357312.00 9012720640.00 9024164864.00 9035630592.00 9046803456.00 9058382848.00 9069634560.00 9081125888.00 9092527104.00 9103884288.00 9115281408.00 9126784000.00 9138028544.00 9149217792.00 
9154241536.00 9172922368.00 9184080896.00 9195404288.00 9206761472.00 9218112512.00 9229635584.00 9240797184.00 9252259840.00 9263890432.00 9275036672.00 9286650880.00 9297925120.00 9309343744.00 9320803328.00 9332210688.00 9343369216.00 9355037696.00 9366299648.00 9377852416.00 
9388919808.00 9400637440.00 9412046848.00 9423405056.00 9434826752.00 9445888000.00 9457633280.00 9469071360.00 9480479744.00 9491895296.00 9503164416.00 9514744832.00 9525847040.00 9537343488.00 9549039616.00 9560339456.00 9571749888.00 9583136768.00 9594598400.00 9606011904.00 
9616748544.00 9628815360.00 9639919616.00 9651668992.00 9662993408.00 9674361856.00 9685746688.00 9697252352.00 9708407808.00 9720047616.00 9730651136.00 9742825472.00 9754236928.00 9765705728.00 9777073152.00 9788379136.00 9799640064.00 9809733632.00 9823007744.00 9834266624.00 
9845332992.00 9857036288.00 9868376064.00 9879818240.00 9890981888.00 9902618624.00 9914064896.00 9925518336.00 9936841728.00 9948248064.00 9959555072.00 9971156992.00 9982381056.00 9993848832.00 10005257216.00 10014556160.00 10028087296.00 10039473152.00 10050792448.00 10062352384.00 
10072408064.00 10085170176.00 10096552960.00 10107963392.00 10119326720.00 10130703360.00 10142140416.00 10153552896.00 10164748288.00 10177676288.00 10187792384.00 10199324672.00 10210638848.00 10222098432.00 10233449472.00 10244835328.00 10256024576.00 10267709440.00 10279178240.00 10290513920.00 
10300232704.00 10313348096.00 10324816896.00 10336121856.00 10347425792.00 10358900736.00 10370379776.00 10381795328.00 10393061376.00 10403569664.00 10415938560.00 10427493376.00 10438578176.00 10450135040.00 10461615104.00 10472975360.00 10484383744.00 10495930368.00 10507177984.00 10518767616.00 
10529409024.00 10541449216.00 10552852480.00 10563441664.00 10575726592.00 10586736640.00 10598555648.00 10609958912.00 10621084672.00 10632775680.00 10644003840.00 10655481856.00 10666897408.00 10678247424.00 10689835008.00 10701140992.00 10712478720.00 10724007936.00 10735406080.00 10746822656.00 
10757906432.00 10769449984.00 10781073408.00 10792437760.00 10803614720.00 10815201280.00 10826683392.00 10838060032.00 10849492992.00 10860905472.00 10871499776.00 10883730432.00 10894969856.00 10906571776.00 10917941248.00 10929301504.00 10940695552.00 10952220672.00 10963594240.00 10974983168.00 
10985034752.00 10997775360.00 11009126400.00 11021024256.00 11031960576.00 11043342336.00 11054863360.00 11066200064.00 11077549056.00 11089049600.00 11100322816.00 11111824384.00 11123233792.00 11134970880.00 11146057728.00 11157070848.00 11168636928.00 11180277760.00 11191680000.00 11203088384.00 
11214167040.00 11225884672.00 11237287936.00 11248661504.00 11259967488.00 11271404544.00 11282881536.00 11294140416.00 11305633792.00 11316957184.00 11328280576.00 11339895808.00 11350922240.00 11362477056.00 11373868032.00 11385112576.00 11396383744.00 11407650816.00 11418534912.00 11428521984.00 
11425674240.00 11457070080.00 11467022336.00 11477944320.00 11489101824.00 11500338176.00 11511698432.00 11523111936.00 11534154752.00 11545691136.00 11557017600.00 11568635904.00 11579864064.00 11591447552.00 11602669568.00 11614043136.00 11625377792.00 11636943872.00 11648269312.00 11659713536.00 
11670771712.00 11682498560.00 11693867008.00 11705306112.00 11716448256.00 11727699968.00 11739508736.00 11750621184.00 11762262016.00 11773769728.00 11784961024.00 11796535296.00 11807791104.00 11819380736.00 11830699008.00 11842106368.00 11853520896.00 11864568832.00 11876423680.00 11887815680.00 
11897849856.00 11910605824.00 11921959936.00 11933368320.00 11944797184.00 11956147200.00 11967621120.00 11979019264.00 11990384640.00 12001854464.00 12012430336.00 12024686592.00 12035991552.00 12047531008.00 12058872832.00 12070252544.00 12081463296.00 12093149184.00 12104487936.00 12116140032.00 
12127031296.00 12138775552.00 12150141952.00 12161584128.00 12172870656.00 12184309760.00 12195727360.00 12207355904.00 12218601472.00 12230099968.00 12241283072.00 12252813312.00 12263992320.00 12275616768.00 12286989312.00 12298023936.00 12309754880.00 12322150400.00 12332696576.00 12344141824.00 
12354848768.00 12366826496.00 12378368000.00 12389653504.00 12401105920.00 12412469248.00 12423955456.00 12435473408.00 12446504960.00 12458107904.00 12469348352.00 12482024448.00 12492412928.00 12503804928.00 12515165184.00 12526553088.00 12537925632.00 12549476352.00 12560751616.00 12572248064.00 
12581982208.00 12595079168.00 12606369792.00 12617878528.00 12629052416.00 12640620544.00 12652100608.00 12663501824.00 12674847744.00 12686261248.00 12697488384.00 12707922944.00 12720600064.00 12732035072.00 12743412736.00 12754742272.00 12766149632.00 12777612288.00 12788999168.00 12800420864.00 
12810484736.00 12823233536.00 12834758656.00 12846106624.00 12857395200.00 12866770944.00 12880296960.00 12891737088.00 12902974464.00 12914430976.00 12925728768.00 12937350144.00 12948654080.00 12960071680.00 12971488256.00 12982837248.00 12994104320.00 13005772800.00 13017178112.00 13028547584.00 
13039606784.00 13051314176.00 13062553600.00 13075860480.00 13085718528.00 13097054208.00 13108480000.00 13119882240.00 13131241472.00 13142769664.00 13153276928.00 13165530112.00 13176669184.00 13188340736.00 13199818752.00 13211086848.00 13222503424.00 13233916928.00 13245621248.00 13256774656.00 
13267513344.00 13279579136.00 13290963968.00 13302444032.00 13313752064.00 13325110272.00 13336518656.00 13348247552.00 13359225856.00 13370850304.00 13382123520.00 13393692672.00 13405016064.00 13416529920.00 13427926016.00 13438872576.00 13450522624.00 13462198272.00 13473500160.00 13484957696.00 
13496012800.00 13507742720.00 13519238144.00 13530561536.00 13541706752.00 13553248256.00 13564742656.00 13576251392.00 13587555328.00 13598950400.00 13610255360.00 13621694464.00 13633095680.00 13644807168.00 13655931904.00 13667336192.00 13678735360.00 13690177536.00 13701470208.00 13712654336.00 
13717704704.00 13736372224.00 13747533824.00 13758813184.00 13770192896.00 13781585920.00 13793030144.00 13804477440.00 13815701504.00 13827220480.00 13838482432.00 13849961472.00 13861331968.00 13872854016.00 13884193792.00 13895613440.00 13906820096.00 13918423040.00 13929892864.00 13941306368.00 
13952375808.00 13964095488.00 13975362560.00 13986938880.00 13998236672.00 14009321472.00 14021161984.00 14032602112.00 14043865088.00 14055337984.00 14066565120.00 14078465024.00 14089364480.00 14101002240.00 14112293888.00 14123737088.00 14135192576.00 14146690048.00 14157775872.00 14169464832.00 
14180187136.00 14192261120.00 14203652096.00 14215066624.00 14226420736.00 14237819904.00 14249276416.00 14260661248.00 14271811584.00 14283372544.00 14290690048.00 14306537472.00 14317766656.00 14329107456.00 14340598784.00 14351962112.00 14363311104.00 14374779904.00 14386184192.00 14397594624.00 
14408723456.00 14420488192.00 14431823872.00 14443076608.00 14454431744.00 14466015232.00 14477457408.00 14488908800.00 14500231168.00 14511697920.00 14522956800.00 14534464512.00 14545691648.00 14557670400.00 14568799232.00 14579765248.00 14591544320.00 14603015168.00 14614393856.00 14625815552.00 
14635849728.00 14648620032.00 14659858432.00 14671215616.00 14682774528.00 14694108160.00 14705825792.00 14717099008.00 14728332288.00 14739889152.00 14751114240.00 14762641408.00 14774042624.00 14785488896.00 14796575744.00 14808284160.00 14819465216.00 14831110144.00 14842503168.00 14853975040.00 
14863662080.00 14876811264.00 14888136704.00 14899496960.00 14910812160.00 14922352640.00 14933766144.00 14945174528.00 14956606464.00 14967984128.00 14979264512.00 14990801920.00 15001980928.00 15013667840.00 15025005568.00 15036380160.00 15047830528.00 15059194880.00 15070624768.00 15082079232.00 
15092788224.00 15104898048.00 15116172288.00 15127660544.00 15139032064.00 15150038016.00 15161820160.00 15173229568.00 15184352256.00 15195957248.00 15207116800.00 15218509824.00 15229464576.00 15238074368.00 15255137280.00 15265368064.00 15276460032.00 15287793664.00 15299145728.00 15310571520.00 
15321576448.00 15333301248.00 15344647168.00 15356094464.00 15367208960.00 15378787328.00 15390215168.00 15401726976.00 15413026816.00 15424478208.00 15435038720.00 15447326720.00 15458557952.00 15470235648.00 15481466880.00 15492902912.00 15504273408.00 15515614208.00 15527054336.00 15538574336.00 
15548587008.00 15561367552.00 15572720640.00 15584147456.00 15595545600.00 15606864896.00 15618388992.00 15629746176.00 15641006080.00 15652638720.00 15663862784.00 15675419648.00 15686762496.00 15698222080.00 15709575168.00 15718907904.00 15732221952.00 15743808512.00 15755264000.00 15766679552.00 
15777762304.00 15789616128.00 15800873984.00 15812322304.00 15823494144.00 15835207680.00 15846552576.00 15857955840.00 15869302784.00 15880819712.00 15892008960.00 15903486976.00 15914742784.00 15926416384.00 15937938432.00 15949130752.00 15960544256.00 15972015104.00 15983367168.00 15994729472.00 
16002834432.00 16017753088.00 16029092864.00 16040633344.00 16051854336.00 16063233024.00 16074686464.00 16086102016.00 16097264640.00 16108871680.00 16120171520.00 16131682304.00 16143245312.00 16154552320.00 16165929984.00 16177317888.00 16188650496.00 16200199168.00 16211594240.00 16223021056.00 
16234087424.00 16245648384.00 16257195008.00 16268562432.00 16279762944.00 16290998272.00 16302764032.00 16314168320.00 16325238784.00 16337619968.00 16348484608.00 16359986176.00 16371246080.00 16382777344.00 16394245120.00 16405514240.00 16416971776.00 16428363776.00 16439741440.00 16451138560.00 
16461262848.00 16474052608.00 16485415936.00 16496768000.00 16508105728.00 16519602176.00 16531019776.00 16542424064.00 16553693184.00 16565314560.00 16575818752.00 16588255232.00 16599376896.00 16610947072.00 16622123008.00 16633831424.00 16644902912.00 16656546816.00 16667931648.00 16679307264.00 
16690429952.00 16702211072.00 16713589760.00 16724974592.00 16736266240.00 16747715584.00 16759128064.00 16770749440.00 16781981696.00 16793423872.00 16804677632.00 16816266240.00 16827376640.00 16839025664.00 16850535424.00 16861462528.00 16873205760.00 16884727808.00 16896021504.00 16907593728.00 
16918234112.00 16930269184.00 16941687808.00 16953180160.00 16964552704.00 16975869952.00 16987341824.00 16998720512.00 17009901568.00 17021553664.00 17032788992.00 17044364288.00 17055685632.00 17067193344.00 17078587392.00 17089870848.00 17101176832.00 17112605696.00 17123918848.00 17134994432.00 
17138532352.00 17159217152.00 17170237440.00 17181534208.00 17192636416.00 17204215808.00 17215631360.00 17227036672.00 17238382592.00 17249841152.00 17261082624.00 17272594432.00 17283895296.00 17295437824.00 17306816512.00 17318144000.00 17329608704.00 17341011968.00 17352464384.00 17364006912.00 
17373941760.00 17386704896.00 17398081536.00 17409484800.00 17420990464.00 17431916544.00 17443688448.00 17455132672.00 17466417152.00 17477888000.00 17489270784.00 17500803072.00 17512185856.00 17523601408.00 17535031296.00 17546373120.00 17557536768.00 17569173504.00 17580492800.00 17592141824.00 
17603137536.00 17615048704.00 17626277888.00 17637730304.00 17648961536.00 17660397568.00 17671888896.00 17683277824.00 17694640128.00 17706080256.00 17716674560.00 17728704512.00 17740075008.00 17751728128.00 17763059712.00 17774274560.00 17786218496.00 17797447680.00 17808799744.00 17820229632.00 
17830950912.00 17843314688.00 17854431232.00 17865838592.00 17877190656.00 17888491520.00 17900054528.00 17911382016.00 17922635776.00 17934286848.00 17945509888.00 17956990976.00 17968549888.00 17979897856.00 17991307264.00 18002339840.00 18014072832.00 18025572352.00 18036965376.00 18048968704.00 
18059468800.00 18071183360.00 18082572288.00 18093957120.00 18105157632.00 18116767744.00 18128144384.00 18139660288.00 18150957056.00 18162397184.00 18173704192.00 18185289728.00 18196541440.00 18208053248.00 18219462656.00 18230786048.00 18242177024.00 18253568000.00 18264924160.00 18276114432.00 
18281125888.00 18299824128.00 18310985728.00 18322335744.00 18333646848.00 18345011200.00 18356416512.00 18367844352.00 18379167744.00 18390665216.00 18401927168.00 18413398016.00 18424850432.00 18436392960.00 18447613952.00 18459011072.00 18470268928.00 18481684480.00 18493337600.00 18504204288.00 
18515826688.00 18527526912.00 18538948608.00 18550339584.00 18561607680.00 18571061248.00 18584571904.00 18595999744.00 18607396864.00 18618787840.00 18630080512.00 18641645568.00 18652794880.00 18664407040.00 18675838976.00 18687121408.00 18698354688.00 18710196224.00 18721478656.00 18732918784.00 
18743633920.00 18755430400.00 18767106048.00 18778591232.00 18789890048.00 18801258496.00 18812686336.00 18823501824.00 18835333120.00 18846957568.00 18857553920.00 18869731328.00 18881040384.00 18892619776.00 18903996416.00 18915274752.00 18926706688.00 18938177536.00 18949627904.00 18961051648.00 
18972119040.00 18983673856.00 18995281920.00 19006593024.00 19017742336.00 19029258240.00 19040436224.00 19053281280.00 19063910400.00 19075266560.00 19086495744.00 19098062848.00 19109281792.00 19120787456.00 19132182528.00 19143200768.00 19154982912.00 19166392320.00 19177830400.00 19189104640.00 
19199299584.00 19212077056.00 19223455744.00 19234887680.00 19246092288.00 19257636864.00 19269060608.00 19280461824.00 19291809792.00 19303342080.00 19314563072.00 19326107648.00 19337289728.00 19349028864.00 19360389120.00 19371726848.00 19382927360.00 19394906112.00 19405934592.00 19417411584.00 
19427125248.00 19440242688.00 19451576320.00 19463010304.00 19474335744.00 19485792256.00 19497304064.00 19508598784.00 19520014336.00 19531444224.00 19542704128.00 19554246656.00 19565381632.00 19576934400.00 19587708928.00 19600197632.00 19611418624.00 19622864896.00 19634200576.00 19645532160.00 
19656345600.00 19668504576.00 19679754240.00 19691202560.00 19702474752.00 19713615872.00 19725355008.00 19736758272.00 19748016128.00 19759681536.00 19770943488.00 19782512640.00 19793827840.00 19805177856.00 19816761344.00 19828082688.00 19839397888.00 19850942464.00 19862329344.00 19873587200.00 
19884834816.00 19896487936.00 19908104192.00 19919376384.00 19930517504.00 19942107136.00 19953467392.00 19964983296.00 19976275968.00 19987664896.00 19994972160.00 20010770432.00 20021987328.00 20033484800.00 20044859392.00 20056190976.00 20067586048.00 20079007744.00 20090507264.00 20101896192.00 
20111966208.00 20124659712.00 20136171520.00 20147542016.00 20158865408.00 20170407936.00 20181786624.00 20193261568.00 20204451840.00 20215959552.00 20227250176.00 20238880768.00 20250159104.00 20261621760.00 20272969728.00 20283998208.00 20295532544.00 20307066880.00 20319256576.00 20330147840.00 
20341204992.00 20352944128.00 20364316672.00 20375719936.00 20387039232.00 20398465024.00 20409972736.00 20421337088.00 20432711680.00 20444110848.00 20455452672.00 20466944000.00 20478138368.00 20489687040.00 20501194752.00 20512571392.00 20523993088.00 20535420928.00 20546818048.00 20558182400.00 
20566253568.00 20581210112.00 20592519168.00 20603908096.00 20615292928.00 20626683904.00 20638101504.00 20649510912.00 20660658176.00 20672311296.00 20683628544.00 20695142400.00 20706529280.00 20717961216.00 20729456640.00 20740698112.00 20752025600.00 20763598848.00 20774473728.00 20786477056.00 
20797526016.00 20809254912.00 20820625408.00 20831961088.00 20843200512.00 20854454272.00 20866025472.00 20877692928.00 20889057280.00 20900521984.00 20911740928.00 20923449344.00 20934553600.00 20945885184.00 20957622272.00 20968894464.00 20980295680.00 20991766528.00 21003200512.00 21014568960.00 
21024630784.00 21037361152.00 21048702976.00 21060145152.00 21071560704.00 21082923008.00 21094000640.00 21105963008.00 21117143040.00 21128611840.00 21139232768.00 21151432704.00 21162913792.00 21174323200.00 21185652736.00 21196992512.00 21208231936.00 21219524608.00 21231378432.00 21242750976.00 
21253840896.00 21265526784.00 21276755968.00 21288224768.00 21299668992.00 21311094784.00 21322530816.00 21334169600.00 21345396736.00 21356869632.00 21368082432.00 21379969024.00 21390778368.00 21402265600.00 21413771264.00 21423183872.00 21436663808.00 21448112128.00 21459445760.00 21470912512.00 
21481637888.00 21493723136.00 21505009664.00 21516591104.00 21527877632.00 21539248128.00 21550725120.00 21562114048.00 21573271552.00 21585272832.00 21596227584.00 21607817216.00 21619206144.00 21630586880.00 21641998336.00 21653456896.00 21664708608.00 21676271616.00 21687654400.00 21699153920.00 
21708785664.00 21721970688.00 21733271552.00 21744676864.00 21755826176.00 21767514112.00 21778905088.00 21790558208.00 21801654272.00 21812883456.00 21824397312.00 21835907072.00 21847205888.00 21858277376.00 21870194688.00 21881534464.00 21892917248.00 21904429056.00 21915758592.00 21927196672.00 
21937238016.00 21949986816.00 21961402368.00 21972613120.00 21984157696.00 21995235328.00 22007212032.00 22018404352.00 22029709312.00 22041323520.00 22052509696.00 22063722496.00 22075451392.00 22086871040.00 22098266112.00 22109620224.00 22120839168.00 22132432896.00 22143934464.00 22155333632.00 
22166401024.00 22178091008.00 22189447168.00 22200993792.00 22212225024.00 22223689728.00 22235295744.00 22246559744.00 22257899520.00 22269380608.00 22279938048.00 22292144128.00 22303330304.00 22314995712.00 22326329344.00 22337728512.00 22349125632.00 22360715264.00 22371979264.00 22383400960.00 
22394118144.00 22406197248.00 22417600512.00 22429104128.00 22440384512.00 22451744768.00 22463180800.00 22474647552.00 22485760000.00 22497452032.00 22508650496.00 22520055808.00 22531518464.00 22543040512.00 22554294272.00 22565349376.00 22577037312.00 22588463104.00 22599884800.00 22611314688.00 
22622349312.00 22634092544.00 22645465088.00 22656770048.00 22667933696.00 22679508992.00 22690863104.00 22702225408.00 22713554944.00 22724947968.00 22736054272.00 22747504640.00 22758578176.00 22769913856.00 22781093888.00 22792001536.00 22802872320.00 22813399040.00 22822885376.00 22828591104.00 
end   dump: w
==END   DUMP_ARRAYS==
Time in seconds = 0.074565
