Sender: LSF System <lsfadmin@polus-c2-ib.bmc.hpc.cs.msu.ru>
Subject: Job 494033: <./large.o> in cluster <MSUCluster> Done

Job <./large.o> was submitted from host <polus-ib.bmc.hpc.cs.msu.ru> by user <edu-cmc-skpod19-328-11> in cluster <MSUCluster> at Fri Nov 29 23:40:32 2019
Job was executed on host(s) <15*polus-c2-ib.bmc.hpc.cs.msu.ru>, in queue <short>, as user <edu-cmc-skpod19-328-11> in cluster <MSUCluster> at Fri Nov 29 23:42:41 2019
                            <2*polus-c3-ib.bmc.hpc.cs.msu.ru>
</home_edu/edu-cmc-skpod19-328/edu-cmc-skpod19-328-11> was used as the home directory.
</home_edu/edu-cmc-skpod19-328/edu-cmc-skpod19-328-11/dep_gemver> was used as the working directory.
Started at Fri Nov 29 23:42:41 2019
Terminated at Fri Nov 29 23:42:42 2019
Results reported at Fri Nov 29 23:42:42 2019

Your job looked like:

------------------------------------------------------------
# LSBATCH: User input
./large.o
------------------------------------------------------------

Successfully completed.

Resource usage summary:

    CPU time :                                   7.36 sec.
    Max Memory :                                 1 MB
    Average Memory :                             1.00 MB
    Total Requested Memory :                     -
    Delta Memory :                               -
    Max Swap :                                   -
    Max Processes :                              1
    Max Threads :                                1
    Run time :                                   1 sec.
    Turnaround time :                            130 sec.

The output (if any) follows:

==BEGIN DUMP_ARRAYS==
begin dump: w
0.00 0.00 0.00 0.00 0.00 0.00 0.00 0.00 0.00 0.00 0.00 0.00 0.00 0.00 0.00 0.00 0.00 0.00 0.00 0.00 
0.00 0.00 0.00 0.00 0.00 0.00 0.00 0.00 0.00 0.00 0.00 0.00 0.00 0.00 0.00 0.00 0.00 0.00 0.00 0.00 
0.00 0.00 0.00 0.00 0.00 0.00 0.00 0.00 0.00 0.00 0.00 0.00 0.00 0.00 0.00 0.00 0.00 0.00 0.00 0.00 
0.00 0.00 0.00 0.00 0.00 0.00 0.00 0.00 0.00 0.00 0.00 0.00 0.00 0.00 0.00 0.00 0.00 0.00 0.00 0.00 
0.00 0.00 0.00 0.00 0.00 0.00 0.00 0.00 0.00 0.00 0.00 0.00 0.00 0.00 0.00 0.00 0.00 0.00 0.00 0.00 
0.00 0.00 0.00 0.00 0.00 0.00 0.00 0.00 0.00 0.00 0.00 0.00 0.00 0.00 0.00 0.00 0.00 0.00 0.00 0.00 
0.00 0.00 0.00 0.00 0.00 0.00 0.00 0.00 0.00 0.00 0.00 0.00 0.00 0.00 0.00 0.00 0.00 0.00 0.00 0.00 
0.00 0.00 0.00 0.00 0.00 0.00 0.00 0.00 0.00 0.00 0.00 0.00 0.00 0.00 0.00 0.00 0.00 0.00 0.00 0.00 
0.00 0.00 0.00 0.00 0.00 0.00 0.00 0.00 0.00 0.00 0.00 0.00 0.00 0.00 0.00 0.00 0.00 0.00 0.00 0.00 
0.00 0.00 0.00 0.00 0.00 0.00 0.00 0.00 0.00 0.00 0.00 0.00 0.00 0.00 0.00 0.00 0.00 0.00 0.00 0.00 
0.00 0.00 0.00 0.00 0.00 0.00 0.00 0.00 0.00 0.00 0.00 0.00 0.00 0.00 0.00 0.00 0.00 0.00 0.00 0.00 
0.00 0.00 0.00 0.00 0.00 0.00 0.00 0.00 0.00 0.00 0.00 0.00 0.00 0.00 0.00 0.00 0.00 0.00 0.00 0.00 
0.00 0.00 0.00 0.00 0.00 0.00 0.00 0.00 0.00 0.00 0.00 0.00 0.00 0.00 0.00 0.00 0.00 0.00 0.00 0.00 
0.00 0.00 0.00 0.00 0.00 0.00 0.00 0.00 0.00 0.00 0.00 0.00 0.00 0.00 0.00 0.00 0.00 0.00 0.00 0.00 
0.00 0.00 0.00 0.00 0.00 0.00 0.00 0.00 0.00 0.00 0.00 0.00 0.00 0.00 0.00 0.00 0.00 0.00 0.00 0.00 
0.00 0.00 0.00 0.00 0.00 0.00 0.00 0.00 0.00 0.00 0.00 0.00 0.00 0.00 0.00 0.00 0.00 0.00 0.00 0.00 
0.00 0.00 0.00 0.00 0.00 0.00 0.00 0.00 0.00 0.00 0.00 0.00 0.00 0.00 0.00 0.00 0.00 0.00 0.00 0.00 
0.00 0.00 0.00 0.00 0.00 0.00 0.00 0.00 0.00 0.00 0.00 0.00 0.00 0.00 0.00 0.00 0.00 0.00 0.00 0.00 
0.00 0.00 0.00 0.00 0.00 0.00 0.00 0.00 0.00 0.00 0.00 0.00 0.00 0.00 0.00 0.00 0.00 0.00 0.00 0.00 
0.00 0.00 0.00 0.00 0.00 0.00 0.00 0.00 0.00 0.00 0.00 0.00 0.00 0.00 0.00 0.00 0.00 0.00 0.00 0.00 
0.00 0.00 0.00 0.00 0.00 0.00 0.00 0.00 0.00 0.00 0.00 0.00 0.00 0.00 0.00 0.00 0.00 0.00 0.00 0.00 
0.00 0.00 0.00 0.00 0.00 0.00 0.00 0.00 0.00 0.00 0.00 0.00 0.00 0.00 0.00 0.00 0.00 0.00 0.00 0.00 
0.00 0.00 0.00 0.00 0.00 0.00 0.00 0.00 0.00 0.00 0.00 0.00 0.00 0.00 0.00 0.00 0.00 0.00 0.00 0.00 
0.00 0.00 0.00 0.00 0.00 0.00 0.00 0.00 0.00 0.00 0.00 0.00 0.00 0.00 0.00 0.00 0.00 0.00 0.00 0.00 
0.00 0.00 0.00 0.00 0.00 0.00 0.00 0.00 0.00 0.00 0.00 0.00 0.00 0.00 0.00 0.00 0.00 0.00 0.00 0.00 
0.00 0.00 0.00 0.00 0.00 0.00 0.00 0.00 0.00 0.00 0.00 0.00 0.00 0.00 0.00 0.00 0.00 0.00 0.00 0.00 
0.00 0.00 0.00 0.00 0.00 0.00 0.00 0.00 0.00 0.00 0.00 0.00 0.00 0.00 0.00 0.00 0.00 0.00 0.00 0.00 
0.00 0.00 0.00 0.00 0.00 0.00 0.00 0.00 0.00 0.00 0.00 0.00 0.00 0.00 0.00 0.00 0.00 0.00 0.00 0.00 
0.00 0.00 0.00 0.00 0.00 0.00 0.00 0.00 0.00 0.00 0.00 0.00 0.00 0.00 0.00 0.00 0.00 0.00 0.00 0.00 
0.00 0.00 0.00 0.00 0.00 0.00 0.00 0.00 0.00 0.00 0.00 0.00 0.00 0.00 0.00 0.00 0.00 0.00 0.00 0.00 
0.00 0.00 0.00 0.00 0.00 0.00 0.00 0.00 0.00 0.00 0.00 0.00 0.00 0.00 0.00 0.00 0.00 0.00 0.00 0.00 
0.00 0.00 0.00 0.00 0.00 0.00 0.00 0.00 0.00 0.00 0.00 0.00 0.00 0.00 0.00 0.00 0.00 0.00 0.00 0.00 
0.00 0.00 0.00 0.00 0.00 0.00 0.00 0.00 0.00 0.00 0.00 0.00 0.00 0.00 0.00 0.00 0.00 0.00 0.00 0.00 
0.00 0.00 0.00 0.00 0.00 0.00 0.00 0.00 0.00 0.00 0.00 0.00 0.00 0.00 0.00 0.00 0.00 0.00 0.00 0.00 
0.00 0.00 0.00 0.00 0.00 0.00 0.00 0.00 0.00 0.00 0.00 0.00 0.00 0.00 0.00 0.00 0.00 0.00 0.00 0.00 
0.00 0.00 0.00 0.00 0.00 0.00 0.00 0.00 0.00 0.00 0.00 0.00 0.00 0.00 0.00 0.00 0.00 0.00 0.00 0.00 
0.00 0.00 0.00 0.00 0.00 0.00 0.00 0.00 0.00 0.00 0.00 0.00 0.00 0.00 0.00 0.00 0.00 0.00 0.00 0.00 
0.00 0.00 0.00 0.00 0.00 0.00 0.00 0.00 0.00 0.00 0.00 0.00 0.00 0.00 0.00 0.00 0.00 0.00 0.00 0.00 
0.00 0.00 0.00 0.00 0.00 0.00 0.00 0.00 0.00 0.00 0.00 0.00 0.00 0.00 0.00 0.00 0.00 0.00 0.00 0.00 
0.00 0.00 0.00 0.00 0.00 0.00 0.00 0.00 0.00 0.00 0.00 0.00 0.00 0.00 0.00 0.00 0.00 0.00 0.00 0.00 
0.00 0.00 0.00 0.00 0.00 0.00 0.00 0.00 0.00 0.00 0.00 0.00 0.00 0.00 0.00 0.00 0.00 0.00 0.00 0.00 
0.00 0.00 0.00 0.00 0.00 0.00 0.00 0.00 0.00 0.00 0.00 0.00 0.00 0.00 0.00 0.00 0.00 0.00 0.00 0.00 
0.00 0.00 0.00 0.00 0.00 0.00 0.00 0.00 0.00 0.00 0.00 0.00 0.00 0.00 0.00 0.00 0.00 0.00 0.00 0.00 
0.00 0.00 0.00 0.00 0.00 0.00 0.00 0.00 0.00 0.00 0.00 0.00 0.00 0.00 0.00 0.00 0.00 0.00 0.00 0.00 
0.00 0.00 0.00 0.00 0.00 0.00 0.00 0.00 0.00 0.00 0.00 0.00 0.00 0.00 0.00 0.00 0.00 0.00 0.00 0.00 
0.00 0.00 0.00 0.00 0.00 0.00 0.00 0.00 0.00 0.00 0.00 0.00 0.00 0.00 0.00 0.00 0.00 0.00 0.00 0.00 
0.00 0.00 0.00 0.00 0.00 0.00 0.00 0.00 0.00 0.00 0.00 0.00 0.00 0.00 0.00 0.00 0.00 0.00 0.00 0.00 
0.00 0.00 0.00 0.00 0.00 0.00 0.00 0.00 0.00 0.00 0.00 0.00 0.00 0.00 0.00 0.00 0.00 0.00 0.00 0.00 
0.00 0.00 0.00 0.00 0.00 0.00 0.00 0.00 0.00 0.00 0.00 0.00 0.00 0.00 0.00 0.00 0.00 0.00 0.00 0.00 
0.00 0.00 0.00 0.00 0.00 0.00 0.00 0.00 0.00 0.00 0.00 0.00 0.00 0.00 0.00 0.00 0.00 0.00 0.00 0.00 
0.00 0.00 0.00 0.00 0.00 0.00 0.00 0.00 0.00 0.00 0.00 0.00 0.00 0.00 0.00 0.00 0.00 0.00 0.00 0.00 
0.00 0.00 0.00 0.00 0.00 0.00 0.00 0.00 0.00 0.00 0.00 0.00 0.00 0.00 0.00 0.00 0.00 0.00 0.00 0.00 
0.00 0.00 0.00 0.00 0.00 0.00 0.00 0.00 0.00 0.00 0.00 0.00 0.00 0.00 0.00 0.00 0.00 0.00 0.00 0.00 
0.00 0.00 0.00 0.00 0.00 0.00 0.00 0.00 0.00 0.00 0.00 0.00 0.00 0.00 0.00 0.00 0.00 0.00 0.00 0.00 
0.00 0.00 0.00 0.00 0.00 0.00 0.00 0.00 0.00 0.00 0.00 0.00 0.00 0.00 0.00 0.00 0.00 0.00 0.00 0.00 
0.00 0.00 0.00 0.00 0.00 0.00 0.00 0.00 0.00 0.00 0.00 0.00 0.00 0.00 0.00 0.00 0.00 0.00 0.00 0.00 
0.00 0.00 0.00 0.00 0.00 0.00 0.00 0.00 0.00 0.00 0.00 0.00 0.00 0.00 0.00 0.00 0.00 0.00 0.00 0.00 
0.00 0.00 0.00 0.00 0.00 0.00 0.00 0.00 0.00 0.00 0.00 0.00 0.00 0.00 0.00 0.00 0.00 0.00 0.00 0.00 
0.00 0.00 0.00 0.00 0.00 0.00 0.00 0.00 0.00 0.00 0.00 0.00 0.00 0.00 0.00 0.00 0.00 0.00 0.00 0.00 
0.00 0.00 0.00 0.00 0.00 0.00 0.00 0.00 0.00 0.00 0.00 0.00 0.00 0.00 0.00 0.00 0.00 0.00 0.00 0.00 
0.00 0.00 0.00 0.00 0.00 0.00 0.00 0.00 0.00 0.00 0.00 0.00 0.00 0.00 0.00 0.00 0.00 0.00 0.00 0.00 
0.00 0.00 0.00 0.00 0.00 0.00 0.00 0.00 0.00 0.00 0.00 0.00 0.00 0.00 0.00 0.00 0.00 0.00 0.00 0.00 
0.00 0.00 0.00 0.00 0.00 0.00 0.00 0.00 0.00 0.00 0.00 0.00 0.00 0.00 0.00 0.00 0.00 0.00 0.00 0.00 
0.00 0.00 0.00 0.00 0.00 0.00 0.00 0.00 0.00 0.00 0.00 0.00 0.00 0.00 0.00 0.00 0.00 0.00 0.00 0.00 
0.00 0.00 0.00 0.00 0.00 0.00 0.00 0.00 0.00 0.00 0.00 0.00 0.00 0.00 0.00 0.00 0.00 0.00 0.00 0.00 
0.00 0.00 0.00 0.00 0.00 0.00 0.00 0.00 0.00 0.00 0.00 0.00 0.00 0.00 0.00 0.00 0.00 0.00 0.00 0.00 
0.00 0.00 0.00 0.00 0.00 0.00 0.00 0.00 0.00 0.00 0.00 0.00 0.00 0.00 0.00 0.00 0.00 0.00 0.00 0.00 
0.00 0.00 0.00 0.00 0.00 0.00 0.00 0.00 0.00 0.00 0.00 0.00 0.00 0.00 0.00 0.00 0.00 0.00 0.00 0.00 
0.00 0.00 0.00 0.00 0.00 0.00 0.00 0.00 0.00 0.00 0.00 0.00 0.00 0.00 0.00 0.00 0.00 0.00 0.00 0.00 
0.00 0.00 0.00 0.00 0.00 0.00 0.00 0.00 0.00 0.00 0.00 0.00 0.00 0.00 0.00 0.00 0.00 0.00 0.00 0.00 
0.00 0.00 0.00 0.00 0.00 0.00 0.00 0.00 0.00 0.00 0.00 0.00 0.00 0.00 0.00 0.00 0.00 0.00 0.00 0.00 
0.00 0.00 0.00 0.00 0.00 0.00 0.00 0.00 0.00 0.00 0.00 0.00 0.00 0.00 0.00 0.00 0.00 0.00 0.00 0.00 
0.00 0.00 0.00 0.00 0.00 0.00 0.00 0.00 0.00 0.00 0.00 0.00 0.00 0.00 0.00 0.00 0.00 0.00 0.00 0.00 
0.00 0.00 0.00 0.00 0.00 0.00 0.00 0.00 0.00 0.00 0.00 0.00 0.00 0.00 0.00 0.00 0.00 0.00 0.00 0.00 
0.00 0.00 0.00 0.00 0.00 0.00 0.00 0.00 0.00 0.00 0.00 0.00 0.00 0.00 0.00 0.00 0.00 0.00 0.00 0.00 
0.00 0.00 0.00 0.00 0.00 0.00 0.00 0.00 0.00 0.00 0.00 0.00 0.00 0.00 0.00 0.00 0.00 0.00 0.00 0.00 
0.00 0.00 0.00 0.00 0.00 0.00 0.00 0.00 0.00 0.00 0.00 0.00 0.00 0.00 0.00 0.00 0.00 0.00 0.00 0.00 
0.00 0.00 0.00 0.00 0.00 0.00 0.00 0.00 0.00 0.00 0.00 0.00 0.00 0.00 0.00 0.00 0.00 0.00 0.00 0.00 
0.00 0.00 0.00 0.00 0.00 0.00 0.00 0.00 0.00 0.00 0.00 0.00 0.00 0.00 0.00 0.00 0.00 0.00 0.00 0.00 
0.00 0.00 0.00 0.00 0.00 0.00 0.00 0.00 0.00 0.00 0.00 0.00 0.00 0.00 0.00 0.00 0.00 0.00 0.00 0.00 
0.00 0.00 0.00 0.00 0.00 0.00 0.00 0.00 0.00 0.00 0.00 0.00 0.00 0.00 0.00 0.00 0.00 0.00 0.00 0.00 
0.00 0.00 0.00 0.00 0.00 0.00 0.00 0.00 0.00 0.00 0.00 0.00 0.00 0.00 0.00 0.00 0.00 0.00 0.00 0.00 
0.00 0.00 0.00 0.00 0.00 0.00 0.00 0.00 0.00 0.00 0.00 0.00 0.00 0.00 0.00 0.00 0.00 0.00 0.00 0.00 
0.00 0.00 0.00 0.00 0.00 0.00 0.00 0.00 0.00 0.00 0.00 0.00 0.00 0.00 0.00 0.00 0.00 0.00 0.00 0.00 
0.00 0.00 0.00 0.00 0.00 0.00 0.00 0.00 0.00 0.00 0.00 0.00 0.00 0.00 0.00 0.00 0.00 0.00 0.00 0.00 
0.00 0.00 0.00 0.00 0.00 0.00 0.00 0.00 0.00 0.00 0.00 0.00 0.00 0.00 0.00 0.00 0.00 0.00 0.00 0.00 
0.00 0.00 0.00 0.00 0.00 0.00 0.00 0.00 0.00 0.00 0.00 0.00 0.00 0.00 0.00 0.00 0.00 0.00 0.00 0.00 
0.00 0.00 0.00 0.00 0.00 0.00 0.00 0.00 0.00 0.00 0.00 0.00 0.00 0.00 0.00 0.00 0.00 0.00 0.00 0.00 
0.00 0.00 0.00 0.00 0.00 0.00 0.00 0.00 0.00 0.00 0.00 0.00 0.00 0.00 0.00 0.00 0.00 0.00 0.00 0.00 
0.00 0.00 0.00 0.00 0.00 0.00 0.00 0.00 0.00 0.00 0.00 0.00 0.00 0.00 0.00 0.00 0.00 0.00 0.00 0.00 
0.00 0.00 0.00 0.00 0.00 0.00 0.00 0.00 0.00 0.00 0.00 0.00 0.00 0.00 0.00 0.00 0.00 0.00 0.00 0.00 
0.00 0.00 0.00 0.00 0.00 0.00 0.00 0.00 0.00 0.00 0.00 0.00 0.00 0.00 0.00 0.00 0.00 0.00 0.00 0.00 
0.00 0.00 0.00 0.00 0.00 0.00 0.00 0.00 0.00 0.00 0.00 0.00 0.00 0.00 0.00 0.00 0.00 0.00 0.00 0.00 
0.00 0.00 0.00 0.00 0.00 0.00 0.00 0.00 0.00 0.00 0.00 0.00 0.00 0.00 0.00 0.00 0.00 0.00 0.00 0.00 
0.00 0.00 0.00 0.00 0.00 0.00 0.00 0.00 0.00 0.00 0.00 0.00 0.00 0.00 0.00 0.00 0.00 0.00 0.00 0.00 
0.00 0.00 0.00 0.00 0.00 0.00 0.00 0.00 0.00 0.00 0.00 0.00 0.00 0.00 0.00 0.00 0.00 0.00 0.00 0.00 
0.00 0.00 0.00 0.00 0.00 0.00 0.00 0.00 0.00 0.00 0.00 0.00 0.00 0.00 0.00 0.00 0.00 0.00 0.00 0.00 
0.00 0.00 0.00 0.00 0.00 0.00 0.00 0.00 0.00 0.00 0.00 0.00 0.00 0.00 0.00 0.00 0.00 0.00 0.00 0.00 
0.00 0.00 0.00 0.00 0.00 0.00 0.00 0.00 0.00 0.00 0.00 0.00 0.00 0.00 0.00 0.00 0.00 0.00 0.00 0.00 
0.00 0.00 0.00 0.00 0.00 0.00 0.00 0.00 0.00 0.00 0.00 0.00 0.00 0.00 0.00 0.00 0.00 0.00 0.00 0.00 
end   dump: w
==END   DUMP_ARRAYS==
==BEGIN DUMP_ARRAYS==
begin dump: w
1855.48 55634792.00 61233120.00 70507392.00 80665776.00 91211848.00 102054360.00 112883504.00 123737288.00 134787712.00 145661696.00 156850112.00 167863776.00 178980144.00 190040688.00 201034160.00 211980960.00 223331392.00 234359024.00 245477616.00 
256280832.00 267718176.00 278838272.00 290063008.00 300943936.00 311757088.00 323328928.00 334338144.00 345474528.00 356801632.00 367628128.00 378813760.00 389763104.00 401121824.00 412256896.00 423317376.00 434444768.00 445556704.00 456745056.00 467899840.00 
478368960.00 490166176.00 501284672.00 512310336.00 523504448.00 534596096.00 545839232.00 556932800.00 567809664.00 579203648.00 589506944.00 601433344.00 612545408.00 623728576.00 634690496.00 645907136.00 656983680.00 668186688.00 679436736.00 690556352.00 
701304192.00 712768064.00 723826752.00 735133312.00 745896704.00 757239552.00 768402304.00 779575296.00 790633024.00 802186432.00 812788352.00 824014976.00 835090624.00 846422144.00 857275072.00 868220928.00 879721792.00 891089088.00 902018880.00 913149888.00 
922964992.00 935421056.00 946546880.00 957644864.00 968774464.00 979847552.00 991018752.00 1002677824.00 1013246464.00 1024520320.00 1035447168.00 1046992768.00 1057854016.00 1068773632.00 1080123648.00 1091109760.00 1102183552.00 1113558272.00 1124653952.00 1135706624.00 
1145298944.00 1157999488.00 1169172608.00 1180317440.00 1191361920.00 1202450304.00 1213751040.00 1224904832.00 1235907328.00 1247129472.00 1258118400.00 1269115904.00 1280325248.00 1291742336.00 1302795520.00 1313895040.00 1325061504.00 1336172032.00 1347435776.00 1358470784.00 
1368977280.00 1380748160.00 1391900288.00 1403000064.00 1414072192.00 1423184000.00 1436484224.00 1447736832.00 1458446592.00 1469491200.00 1480822016.00 1492050176.00 1503165952.00 1514230016.00 1525542272.00 1536585472.00 1547654016.00 1559042432.00 1570193536.00 1581207936.00 
1591974784.00 1603419264.00 1614484224.00 1626099200.00 1636625152.00 1647941376.00 1659114368.00 1670210944.00 1681235968.00 1692544512.00 1702830080.00 1714832128.00 1725781504.00 1736945920.00 1748589696.00 1759296512.00 1770415872.00 1781636480.00 1792766976.00 1803885952.00 
1813673216.00 1826130944.00 1837207680.00 1848387200.00 1859501824.00 1870575104.00 1881668224.00 1893157888.00 1903997696.00 1915080320.00 1926191744.00 1937437056.00 1948552960.00 1959728000.00 1971085312.00 1981596544.00 1992878336.00 2004361600.00 2015380992.00 2026518784.00 
2037325952.00 2048752384.00 2060418560.00 2071087360.00 2082127616.00 2093293184.00 2104365568.00 2115619584.00 2126681216.00 2137903872.00 2148834816.00 2160168704.00 2171037952.00 2182454528.00 2193540352.00 2204580096.00 2215728384.00 2226940160.00 2238003968.00 2249093632.00 
2257041408.00 2271554560.00 2282620416.00 2293798400.00 2304824832.00 2315940608.00 2327151360.00 2338423296.00 2349195520.00 2360623360.00 2371529216.00 2382891008.00 2393931264.00 2405108736.00 2416197888.00 2427310336.00 2438359296.00 2449655552.00 2460739584.00 2471904256.00 
2482700032.00 2494137856.00 2504697088.00 2516641024.00 2527408384.00 2538360064.00 2549884672.00 2561015808.00 2572093696.00 2583205888.00 2594249984.00 2605589504.00 2616571392.00 2627719424.00 2638891520.00 2649891328.00 2661195264.00 2672352256.00 2683410944.00 2694663936.00 
2704424192.00 2716903424.00 2727984128.00 2739230464.00 2750276864.00 2761368832.00 2772520960.00 2783651584.00 2794637824.00 2805832704.00 2812965120.00 2828375296.00 2839385344.00 2850516992.00 2861716736.00 2872714496.00 2883660544.00 2895054592.00 2906001408.00 2917369600.00 
2928121600.00 2939720960.00 2950694400.00 2961825280.00 2972839424.00 2984016640.00 2995155968.00 3006500864.00 3017471744.00 3028608512.00 3039622144.00 3050907904.00 3061787136.00 3073273856.00 3084368128.00 3095044864.00 3106617344.00 3117727488.00 3128863232.00 3139901696.00 
3150452992.00 3162299392.00 3173316608.00 3184422400.00 3195495424.00 3206429696.00 3218706176.00 3229261824.00 3240044032.00 3251395072.00 3262370048.00 3273665280.00 3284726272.00 3295962880.00 3306954240.00 3318072576.00 3329135616.00 3340418304.00 3351572224.00 3362654720.00 
3372171264.00 3384951296.00 3396105472.00 3406909696.00 3418103040.00 3429395712.00 3440577536.00 3451697664.00 3463049472.00 3474076416.00 3485036800.00 3496269568.00 3507312384.00 3518607616.00 3529688576.00 3540761344.00 3552057344.00 3563094784.00 3574214400.00 3585359616.00 
3595190784.00 3607770112.00 3618744064.00 3629932032.00 3640978944.00 3651771648.00 3663290112.00 3674464768.00 3685444608.00 3696636928.00 3707642624.00 3718871808.00 3729862912.00 3740336128.00 3752843520.00 3763639552.00 3774520064.00 3785891072.00 3796910336.00 3808285952.00 
3818924800.00 3830370304.00 3841471232.00 3852687872.00 3863640320.00 3874890496.00 3886005504.00 3897138432.00 3908352512.00 3919486464.00 3929734144.00 3941707008.00 3952547840.00 3964599552.00 3975144960.00 3986178048.00 3997309696.00 4008420352.00 4019616512.00 4031039744.00 
4041237504.00 4053003776.00 4064128768.00 4075182080.00 4086627328.00 4097566464.00 4108692480.00 4119885312.00 4130730496.00 4142093568.00 4153071104.00 4164387584.00 4175421440.00 4186647040.00 4197762048.00 4206827520.00 4219969536.00 4231216896.00 4242296064.00 4253469184.00 
4264258816.00 4276239360.00 4286800384.00 4298207744.00 4308853248.00 4320214528.00 4331456000.00 4342413312.00 4353581056.00 4364852224.00 4375752704.00 4387064832.00 4398042624.00 4409305088.00 4420435968.00 4431471616.00 4442598912.00 4453730304.00 4464788480.00 4475709440.00 
4480633856.00 4498840576.00 4509739008.00 4520852992.00 4531863552.00 4542949376.00 4554116608.00 4565278208.00 4576274944.00 4587495424.00 4598503424.00 4609842176.00 4620899328.00 4632035840.00 4643226624.00 4654238720.00 4665197568.00 4676645376.00 4687719936.00 4698854400.00 
4709661696.00 4720556032.00 4732228608.00 4743370752.00 4754378752.00 4765252096.00 4776778752.00 4787936256.00 4798925824.00 4810307584.00 4821208576.00 4832461312.00 4843344384.00 4854840832.00 4865862144.00 4877011968.00 4888094208.00 4899280896.00 4910382592.00 4921282560.00 
4932013568.00 4943790592.00 4954902528.00 4966022656.00 4976868864.00 4988515840.00 4999550976.00 5010642432.00 5021524480.00 5033109504.00 5043222528.00 5055199232.00 5066266112.00 5077453824.00 5088543232.00 5099669504.00 5110707200.00 5121891840.00 5133045760.00 5144063488.00 
5155022848.00 5166403584.00 5177750016.00 5188819456.00 5199669248.00 5210945536.00 5222120448.00 5233287168.00 5244345344.00 5255555584.00 5266511872.00 5277918208.00 5288878592.00 5300130304.00 5311260160.00 5321965568.00 5333339648.00 5344658432.00 5355777024.00 5366914048.00 
5376723968.00 5389056512.00 5400308736.00 5411490816.00 5422531072.00 5433695744.00 5444860928.00 5455991296.00 5467010048.00 5478277632.00 5489217536.00 5500489216.00 5511566336.00 5522741248.00 5533833728.00 5544897024.00 5555810816.00 5567134720.00 5578144768.00 5588930048.00 
5592423936.00 5612576256.00 5623362560.00 5634430464.00 5645339648.00 5656476160.00 5667606528.00 5678753280.00 5689886208.00 5701022720.00 5712024064.00 5723293184.00 5734167552.00 5745581056.00 5756651008.00 5767737856.00 5778822144.00 5790016512.00 5801195520.00 5812378112.00 
5822824960.00 5834518016.00 5845793280.00 5856847360.00 5867969024.00 5878736384.00 5890180096.00 5901443584.00 5912294912.00 5923656704.00 5934663680.00 5945950208.00 5957005312.00 5968081920.00 5979383296.00 5990420480.00 6001498112.00 6012753408.00 6023825920.00 6034970624.00 
6045830656.00 6057317376.00 6068396544.00 6079543296.00 6090392064.00 6101565440.00 6113095680.00 6124050432.00 6135220736.00 6146173440.00 6156686848.00 6168585216.00 6179682304.00 6190923264.00 6202022400.00 6213053952.00 6224317440.00 6235479040.00 6246530560.00 6257652224.00 
6267514880.00 6280021504.00 6291103232.00 6302243840.00 6313259520.00 6324430336.00 6335516672.00 6346735104.00 6357761536.00 6368977920.00 6379902464.00 6390806016.00 6402800640.00 6413706752.00 6424791040.00 6435496448.00 6446779392.00 6458206720.00 6469278208.00 6480553472.00 
6491230208.00 6502651392.00 6513786880.00 6524934144.00 6535976448.00 6547124224.00 6558349824.00 6569469440.00 6580421632.00 6591801856.00 6602734592.00 6614073344.00 6624887296.00 6636296704.00 6647390208.00 6658483200.00 6669634560.00 6680650240.00 6691906048.00 6703003648.00 
6710896128.00 6725458432.00 6736524288.00 6747648512.00 6758738944.00 6769840640.00 6780871168.00 6792128000.00 6803033600.00 6814516224.00 6825417728.00 6836645376.00 6847777280.00 6858962944.00 6870049280.00 6881019904.00 6892349952.00 6903490560.00 6914633216.00 6925665792.00 
6936594944.00 6948036608.00 6959141888.00 6970359808.00 6981170688.00 6990505472.00 7003736576.00 7014859776.00 7025928192.00 7037110784.00 7048102912.00 7059342336.00 7070464000.00 7081690112.00 7092736512.00 7103876608.00 7114955264.00 7126191616.00 7137304576.00 7148428800.00 
7158275072.00 7170662400.00 7181888512.00 7193085440.00 7204043264.00 7215127040.00 7226371584.00 7237363200.00 7248536064.00 7259733504.00 7270096896.00 7282020352.00 7293103616.00 7304237568.00 7315433472.00 7326473216.00 7337430016.00 7348753408.00 7359899648.00 7371006464.00 
7381840384.00 7393212416.00 7404328960.00 7415417856.00 7426286080.00 7437192192.00 7447249408.00 7463954432.00 7472265728.00 7483032064.00 7493868544.00 7505062912.00 7515896832.00 7527240704.00 7538340352.00 7549062656.00 7560514560.00 7571713536.00 7582886912.00 7593935360.00 
7604434944.00 7616209920.00 7627362816.00 7638548992.00 7649529856.00 7660690944.00 7671892480.00 7682981376.00 7693882880.00 7705294848.00 7716265984.00 7727571968.00 7738571776.00 7749805056.00 7760936960.00 7771980288.00 7783131136.00 7794407936.00 7805468160.00 7816555520.00 
7826067968.00 7838846464.00 7849998848.00 7861156352.00 7872013824.00 7883300864.00 7894820864.00 7905680896.00 7916756992.00 7927971840.00 7938936320.00 7950170624.00 7961215488.00 7972438016.00 7983397376.00 7994739200.00 8005827072.00 8017214464.00 8028255744.00 8039271424.00 
8049091072.00 8061536768.00 8072634368.00 8083778560.00 8094881792.00 8105651712.00 8117147136.00 8128033280.00 8139480064.00 8150669312.00 8161614336.00 8172905984.00 8183980544.00 8195139584.00 8206276608.00 8217350144.00 8228281856.00 8239881216.00 8250810880.00 8261923840.00 
8272769536.00 8284265472.00 8295368704.00 8306527744.00 8317492736.00 8328658432.00 8339852288.00 8351112192.00 8362057728.00 8373115392.00 8380295168.00 8395746816.00 8406532096.00 8417911296.00 8428989952.00 8440074752.00 8451209728.00 8462398976.00 8473516032.00 8484658688.00 
8495144448.00 8506908672.00 8518296576.00 8529153024.00 8540262912.00 8551407616.00 8562676736.00 8573727744.00 8584569856.00 8595722240.00 8607049728.00 8618297344.00 8629395456.00 8640493568.00 8651613184.00 8662409216.00 8673810432.00 8685062144.00 8696332288.00 8707362816.00 
8718162944.00 8729606144.00 8740706304.00 8751921152.00 8762758144.00 8774067200.00 8785304576.00 8796386304.00 8807562240.00 8818747392.00 8829654016.00 8840958976.00 8851942400.00 8863150080.00 8874277888.00 8885369856.00 8896500736.00 8907713536.00 8918681600.00 8929609728.00 
8934516736.00 8952745984.00 8963638272.00 8974695424.00 8985760768.00 8996849664.00 9008104448.00 9018991616.00 9030174720.00 9041534976.00 9052403712.00 9063735296.00 9074743296.00 9085903872.00 9097069568.00 9108218880.00 9119098880.00 9130486784.00 9141491712.00 9152745472.00 
9163559936.00 9174992896.00 9186134016.00 9197207552.00 9208357888.00 9219155968.00 9230617600.00 9241777152.00 9252914176.00 9264069632.00 9275058176.00 9286367232.00 9297197056.00 9308411904.00 9319837696.00 9330857984.00 9341990912.00 9353113600.00 9364296704.00 9375436800.00 
9385903104.00 9397693440.00 9408531456.00 9420009472.00 9431051264.00 9442140160.00 9453249536.00 9464498176.00 9475373056.00 9486746624.00 9497076736.00 9508955136.00 9520111616.00 9531286528.00 9542386688.00 9553436672.00 9564416000.00 9574277120.00 9587223552.00 9598224384.00 
9608999936.00 9620425728.00 9631509504.00 9642667008.00 9653558272.00 9664929792.00 9676099584.00 9687275520.00 9698336768.00 9709450240.00 9720487936.00 9731819520.00 9742777344.00 9753975808.00 9765097472.00 9774162944.00 9787383808.00 9798512640.00 9809546240.00 9820821504.00 
9830633472.00 9843094528.00 9854200832.00 9865332736.00 9876429824.00 9887540224.00 9898702848.00 9909839872.00 9920764928.00 9933376512.00 9943248896.00 9954513920.00 9965561856.00 9976735744.00 9987814400.00 9998928896.00 10009846784.00 10021254144.00 10032456704.00 10043513856.00 
10052994048.00 10065806336.00 10076985344.00 10088006656.00 10099060736.00 10110249984.00 10121466880.00 10132603904.00 10143606784.00 10153865216.00 10165925888.00 10177185792.00 10188017664.00 10199289856.00 10210483200.00 10221588480.00 10232719360.00 10243995648.00 10254970880.00 10266277888.00 
10276664320.00 10288409600.00 10299552768.00 10309884928.00 10321871872.00 10332614656.00 10344161280.00 10355299328.00 10366144512.00 10377561088.00 10388513792.00 10399715328.00 10410855424.00 10421929984.00 10433233920.00 10444272640.00 10455346176.00 10466606080.00 10477736960.00 10488861696.00 
10499674112.00 10510952448.00 10522287104.00 10533396480.00 10544295936.00 10555597824.00 10566822912.00 10577911808.00 10589068288.00 10600218624.00 10610523136.00 10622485504.00 10633440256.00 10644769792.00 10655868928.00 10666961920.00 10678068224.00 10689330176.00 10700423168.00 10711528448.00 
10721357824.00 10733793280.00 10744866816.00 10756477952.00 10767164416.00 10778271744.00 10789494784.00 10800586752.00 10811655168.00 10822892544.00 10833878016.00 10845099008.00 10856248320.00 10867689472.00 10878507008.00 10889267200.00 10900554752.00 10911905792.00 10923042816.00 10934178816.00 
10944985088.00 10956426240.00 10967561216.00 10978652160.00 10989690880.00 11000859648.00 11012052992.00 11023048704.00 11034264576.00 11045320704.00 11056377856.00 11067703296.00 11078453248.00 11089735680.00 11100829696.00 11111847936.00 11122845696.00 11133792256.00 11144443904.00 11154173952.00 
11151389696.00 11182086144.00 11191780352.00 11202461696.00 11213305856.00 11224271872.00 11235392512.00 11246517248.00 11257293824.00 11268546560.00 11279579136.00 11290941440.00 11301905408.00 11313213440.00 11324161024.00 11335272448.00 11346328576.00 11357596672.00 11368667136.00 11379816448.00 
11390628864.00 11402084352.00 11413180416.00 11424349184.00 11435205632.00 11446191104.00 11457718272.00 11468559360.00 11479922688.00 11491156992.00 11502082048.00 11513364480.00 11524370432.00 11535674368.00 11546720256.00 11557855232.00 11568983040.00 11579777024.00 11591352320.00 11602464768.00 
11612256256.00 11624716288.00 11635796992.00 11646931968.00 11658074112.00 11669160960.00 11680350208.00 11691478016.00 11702568960.00 11713767424.00 11724094464.00 11736045568.00 11747081216.00 11758359552.00 11769411584.00 11780517888.00 11791456256.00 11802862592.00 11813938176.00 11825306624.00 
11835948032.00 11847387136.00 11858491392.00 11869662208.00 11880656896.00 11891858432.00 11902988288.00 11914323968.00 11925292032.00 11936535552.00 11947444224.00 11958693888.00 11969606656.00 11980954624.00 11992062976.00 12002833408.00 12014278656.00 12026368000.00 12036668416.00 12047845376.00 
12058285056.00 12069979136.00 12081254400.00 12092250112.00 12103441408.00 12114537472.00 12125733888.00 12136967168.00 12147736576.00 12159056896.00 12170029056.00 12182405120.00 12192545792.00 12203665408.00 12214756352.00 12225875968.00 12236971008.00 12248252416.00 12259237888.00 12270448640.00 
12279960576.00 12292758528.00 12303750144.00 12314993664.00 12325903360.00 12337207296.00 12348397568.00 12359525376.00 12370605056.00 12381742080.00 12392701952.00 12402868224.00 12415257600.00 12426417152.00 12437516288.00 12448582656.00 12459721728.00 12470913024.00 12482026496.00 12493165568.00 
12502988800.00 12515435520.00 12526682112.00 12537747456.00 12548770816.00 12557913088.00 12571122688.00 12582275072.00 12593239040.00 12604439552.00 12615474176.00 12626808832.00 12637816832.00 12648983552.00 12660124672.00 12671196160.00 12682201088.00 12693598208.00 12704718848.00 12715829248.00 
12726622208.00 12738029568.00 12749003776.00 12761985024.00 12771606528.00 12782691328.00 12793839616.00 12804968448.00 12816038912.00 12827310080.00 12837533696.00 12849505280.00 12860384256.00 12871758848.00 12882962432.00 12893982720.00 12905111552.00 12916255744.00 12927689728.00 12938560512.00 
12949050368.00 12960811008.00 12971932672.00 12983130112.00 12994165760.00 13005262848.00 13016391680.00 13027840000.00 13038558208.00 13049892864.00 13060888576.00 13072182272.00 13083251712.00 13094478848.00 13105600512.00 13116303360.00 13127658496.00 13139043328.00 13150090240.00 13161262080.00 
13172064256.00 13183504384.00 13194734592.00 13205772288.00 13216666624.00 13227905024.00 13239154688.00 13250353152.00 13261408256.00 13272521728.00 13283559424.00 13294726144.00 13305857024.00 13317270528.00 13328119808.00 13339265024.00 13350396928.00 13361560576.00 13372582912.00 13383502848.00 
13388412928.00 13406635008.00 13417538560.00 13428554752.00 13439667200.00 13450757120.00 13461944320.00 13473103872.00 13484076032.00 13495298048.00 13506304000.00 13517502464.00 13528599552.00 13539863552.00 13550911488.00 13562052608.00 13572998144.00 13584332800.00 13595514880.00 13606646784.00 
13617462272.00 13628897280.00 13639882752.00 13651196928.00 13662201856.00 13673042944.00 13684625408.00 13695770624.00 13706752000.00 13717958656.00 13728903168.00 13740527616.00 13751180288.00 13762525184.00 13773542400.00 13784702976.00 13795891200.00 13807107072.00 13817923584.00 13829341184.00 
13839803392.00 13851601920.00 13862693888.00 13873857536.00 13884951552.00 13896053760.00 13907241984.00 13918346240.00 13929214976.00 13940514816.00 13947661312.00 13963123712.00 13974098944.00 13985145856.00 13996375040.00 14007469056.00 14018535424.00 14029736960.00 14040852480.00 14051983360.00 
14062865408.00 14074337280.00 14085407744.00 14096381952.00 14107467776.00 14118769664.00 14129952768.00 14141114368.00 14152174592.00 14163350528.00 14174329856.00 14185585664.00 14196545536.00 14208220160.00 14219086848.00 14229798912.00 14241274880.00 14252484608.00 14263586816.00 14274719744.00 
14284528640.00 14296989696.00 14307950592.00 14319050752.00 14330336256.00 14341368832.00 14352837632.00 14363807744.00 14374807552.00 14386081792.00 14397019136.00 14408281088.00 14419382272.00 14430578688.00 14441396224.00 14452824064.00 14463740928.00 14475100160.00 14486220800.00 14497403904.00 
14506873856.00 14519712768.00 14530761728.00 14541858816.00 14552898560.00 14564142080.00 14575291392.00 14586444800.00 14597582848.00 14608691200.00 14619678720.00 14630961152.00 14641879040.00 14653280256.00 14664321024.00 14675449856.00 14686619648.00 14697704448.00 14708861952.00 14720044032.00 
14730526720.00 14742320128.00 14753332224.00 14764545024.00 14775647232.00 14786395136.00 14797883392.00 14809009152.00 14819858432.00 14831190016.00 14842097664.00 14853236736.00 14863884288.00 14872300544.00 14888975360.00 14898940928.00 14909747200.00 14920838144.00 14931890176.00 14943030272.00 
14953790464.00 14965250048.00 14976322560.00 14987503616.00 14998313984.00 15009635328.00 15020779520.00 15032011776.00 15043049472.00 15054248960.00 15064534016.00 15076516864.00 15087476736.00 15098883072.00 15109854208.00 15120989184.00 15132110848.00 15143175168.00 15154329600.00 15165586432.00 
15175356416.00 15187831808.00 15198911488.00 15210060800.00 15221194752.00 15232238592.00 15243494400.00 15254565888.00 15265559552.00 15276918784.00 15287857152.00 15299148800.00 15310220288.00 15321401344.00 15332474880.00 15341583360.00 15354591232.00 15365908480.00 15377083392.00 15388216320.00 
15399024640.00 15410587648.00 15421582336.00 15432747008.00 15443665920.00 15455106048.00 15466167296.00 15477296128.00 15488384000.00 15499611136.00 15510536192.00 15521747968.00 15532725248.00 15544135680.00 15555358720.00 15566275584.00 15577432064.00 15588606976.00 15599705088.00 15610795008.00 
15618700288.00 15633258496.00 15644318720.00 15655607296.00 15666525184.00 15677640704.00 15688837120.00 15699962880.00 15710882816.00 15722181632.00 15733223424.00 15744458752.00 15755730944.00 15766778880.00 15777881088.00 15788982272.00 15800042496.00 15811331072.00 15822444544.00 15833605120.00 
15844389888.00 15855706112.00 15866930176.00 15878048768.00 15888977920.00 15899943936.00 15911439360.00 15922552832.00 15933363200.00 15945462784.00 15956054016.00 15967287296.00 15978258432.00 15989518336.00 16000707584.00 16011673600.00 16022892544.00 16034024448.00 16045127680.00 16056235008.00 
16066100224.00 16078601216.00 16089695232.00 16100781056.00 16111844352.00 16123070464.00 16134195200.00 16145330176.00 16156329984.00 16167685120.00 16177932288.00 16190091264.00 16200937472.00 16212202496.00 16223115264.00 16234559488.00 16245356544.00 16256724992.00 16267821056.00 16278934528.00 
16289785856.00 16301285376.00 16312398848.00 16323512320.00 16334517248.00 16345712640.00 16356828160.00 16368177152.00 16379153408.00 16390305792.00 16401293312.00 16412602368.00 16423458816.00 16434811904.00 16446052352.00 16456718336.00 16468172800.00 16479413248.00 16490425344.00 16501737472.00 
16512116736.00 16523886592.00 16535025664.00 16546232320.00 16557337600.00 16568391680.00 16579568640.00 16590674944.00 16601590784.00 16612964352.00 16623935488.00 16635232256.00 16646254592.00 16657510400.00 16668612608.00 16679650304.00 16690678784.00 16701822976.00 16712852480.00 16723671040.00 
16727139328.00 16747327488.00 16758079488.00 16769116160.00 16779951104.00 16791226368.00 16802376704.00 16813507584.00 16824591360.00 16835765248.00 16846749696.00 16857979904.00 16869006336.00 16880256000.00 16891359232.00 16902415360.00 16913626112.00 16924772352.00 16935899136.00 16947202048.00 
16956899328.00 16969350144.00 16980447232.00 16991600640.00 17002818560.00 17013480448.00 17024955392.00 17036125184.00 17047148544.00 17058331648.00 17069446144.00 17080704000.00 17091802112.00 17102957568.00 17114103808.00 17125156864.00 17136083968.00 17147435008.00 17158472704.00 17169856512.00 
17180608512.00 17192198144.00 17203189760.00 17214347264.00 17225314304.00 17236467712.00 17247682560.00 17258801152.00 17269891072.00 17281060864.00 17291395072.00 17303140352.00 17314236416.00 17325608960.00 17336682496.00 17347602432.00 17359273984.00 17370232832.00 17381316608.00 17392467968.00 
17402939392.00 17414967296.00 17425846272.00 17436977152.00 17448071168.00 17459095552.00 17470353408.00 17481426944.00 17492404224.00 17503793152.00 17514747904.00 17525940224.00 17537234944.00 17548304384.00 17559449600.00 17570191360.00 17581639680.00 17592905728.00 17603991552.00 17615716352.00 
17625960448.00 17637410816.00 17648496640.00 17659611136.00 17670551552.00 17681887232.00 17692991488.00 17704212480.00 17715257344.00 17726427136.00 17737449472.00 17748764672.00 17759744000.00 17770975232.00 17782102016.00 17793167360.00 17804281856.00 17815410688.00 17826492416.00 17837416448.00 
17842300928.00 17860542464.00 17871433728.00 17882517504.00 17893541888.00 17904654336.00 17915781120.00 17926963200.00 17937965056.00 17949196288.00 17960200192.00 17971412992.00 17982580736.00 17993838592.00 18004772864.00 18015903744.00 18026891264.00 18038032384.00 18049427456.00 18060017664.00 
18071351296.00 18082775040.00 18093930496.00 18105038848.00 18116055040.00 18125260800.00 18138460160.00 18149607424.00 18160734208.00 18171865088.00 18182879232.00 18194149376.00 18205032448.00 18216398848.00 18227537920.00 18238547968.00 18249547776.00 18261071872.00 18272094208.00 18283251712.00 
18293708800.00 18305204224.00 18316609536.00 18327830528.00 18338836480.00 18349948928.00 18361071616.00 18371667968.00 18383196160.00 18394560512.00 18404882432.00 18416764928.00 18427772928.00 18439114752.00 18450214912.00 18461231104.00 18472386560.00 18483572736.00 18494748672.00 18505877504.00 
18516695040.00 18527981568.00 18539311104.00 18550360064.00 18561239040.00 18572478464.00 18583379968.00 18595928064.00 18606290944.00 18617374720.00 18628321280.00 18639618048.00 18650587136.00 18661799936.00 18672918528.00 18683680768.00 18695188480.00 18706331648.00 18717472768.00 18728497152.00 
18738409472.00 18750896128.00 18761994240.00 18773155840.00 18784090112.00 18795360256.00 18806536192.00 18817644544.00 18828722176.00 18839994368.00 18850912256.00 18862184448.00 18873088000.00 18884571136.00 18895650816.00 18906722304.00 18917652480.00 18929350656.00 18940114944.00 18951292928.00 
18960764928.00 18973601792.00 18984640512.00 18995841024.00 19006881792.00 19018051584.00 19029268480.00 19040292864.00 19051444224.00 19062587392.00 19073595392.00 19084853248.00 19095713792.00 19106990080.00 19117522944.00 19129692160.00 19140661248.00 19151841280.00 19162914816.00 19173951488.00 
19184494592.00 19196354560.00 19207342080.00 19218528256.00 19229544448.00 19240425472.00 19251865600.00 19262988288.00 19273955328.00 19285352448.00 19296337920.00 19307665408.00 19318675456.00 19329738752.00 19341064192.00 19352109056.00 19363182592.00 19374438400.00 19385522176.00 19396536320.00 
19407513600.00 19418894336.00 19430232064.00 19441203200.00 19452094464.00 19463411712.00 19474509824.00 19485739008.00 19496767488.00 19507865600.00 19514970112.00 19530446848.00 19541377024.00 19552608256.00 19563700224.00 19574740992.00 19585892352.00 19597023232.00 19608231936.00 19619344384.00 
19629201408.00 19641585664.00 19652823040.00 19663919104.00 19674955776.00 19686232064.00 19697334272.00 19708545024.00 19719450624.00 19730661376.00 19741702144.00 19753035776.00 19764066304.00 19775236096.00 19786332160.00 19797084160.00 19808346112.00 19819624448.00 19831521280.00 19842117632.00 
19852912640.00 19864365056.00 19875487744.00 19886602240.00 19897667584.00 19908820992.00 19920035840.00 19931148288.00 19942223872.00 19953379328.00 19964432384.00 19975647232.00 19986569216.00 19997804544.00 20009058304.00 20020180992.00 20031311872.00 20042463232.00 20053614592.00 20064694272.00 
20072548352.00 20087166976.00 20098230272.00 20109330432.00 20120428544.00 20131516416.00 20142680064.00 20153800704.00 20164708352.00 20176089088.00 20187127808.00 20198344704.00 20209483776.00 20220643328.00 20231854080.00 20242829312.00 20253894656.00 20265166848.00 20275810304.00 20287498240.00 
20298297344.00 20309729280.00 20320849920.00 20331913216.00 20342870016.00 20353859584.00 20365129728.00 20376518656.00 20387598336.00 20398827520.00 20409755648.00 20421191680.00 20432025600.00 20443109376.00 20454543360.00 20465547264.00 20476674048.00 20487882752.00 20499025920.00 20510128128.00 
20519948288.00 20532375552.00 20543442944.00 20554618880.00 20565741568.00 20576825344.00 20587630592.00 20599316480.00 20610236416.00 20621430784.00 20631791616.00 20643715072.00 20654911488.00 20666050560.00 20677109760.00 20688185344.00 20699125760.00 20710154240.00 20721729536.00 20732837888.00 
20743636992.00 20755040256.00 20766029824.00 20777220096.00 20788369408.00 20799533056.00 20810680320.00 20822034432.00 20833003520.00 20844216320.00 20855134208.00 20866772992.00 20877305856.00 20888524800.00 20899749888.00 20908908544.00 20922095616.00 20933251072.00 20944300032.00 20955510784.00 
20965978112.00 20977780736.00 20988788736.00 21000087552.00 21011085312.00 21022222336.00 21033435136.00 21044516864.00 21055436800.00 21067145216.00 21077817344.00 21089107968.00 21100275712.00 21111341056.00 21122480128.00 21133676544.00 21144666112.00 21155921920.00 21167060992.00 21178265600.00 
21187635200.00 21200551936.00 21211557888.00 21222688768.00 21233573888.00 21245014016.00 21256105984.00 21267476480.00 21278298112.00 21289238528.00 21300514816.00 21311741952.00 21322776576.00 21333579776.00 21345204224.00 21356265472.00 21367384064.00 21378613248.00 21389656064.00 21400819712.00 
21410637824.00 21423112192.00 21434200064.00 21445165056.00 21456424960.00 21467232256.00 21478932480.00 21489836032.00 21500921856.00 21512245248.00 21523167232.00 21534060544.00 21545541632.00 21556670464.00 21567815680.00 21578881024.00 21589841920.00 21601128448.00 21612412928.00 21623488512.00 
21634320384.00 21645697024.00 21656788992.00 21668069376.00 21679046656.00 21690206208.00 21701517312.00 21712539648.00 21723615232.00 21734834176.00 21745125376.00 21757067264.00 21767952384.00 21779324928.00 21790384128.00 21801517056.00 21812658176.00 21823948800.00 21834940416.00 21846085632.00 
21856573440.00 21868343296.00 21879478272.00 21890709504.00 21901711360.00 21912811520.00 21923962880.00 21935142912.00 21945987072.00 21957462016.00 21968347136.00 21979445248.00 21990668288.00 22001922048.00 22012891136.00 22023690240.00 22035075072.00 22046203904.00 22057379840.00 22068531200.00 
22079352832.00 22090766336.00 22101870592.00 22112911360.00 22123751424.00 22135080960.00 22146166784.00 22157277184.00 22168285184.00 22179418112.00 22190313472.00 22201462784.00 22212282368.00 22223364096.00 22234148864.00 22244898816.00 22255491072.00 22265745408.00 22275004416.00 22280617984.00 
end   dump: w
==END   DUMP_ARRAYS==
Time in seconds = 0.061148
