Sender: LSF System <lsfadmin@polus-c4-ib.bmc.hpc.cs.msu.ru>
Subject: Job 492252: <./large.o> in cluster <MSUCluster> Done

Job <./large.o> was submitted from host <polus-ib.bmc.hpc.cs.msu.ru> by user <edu-cmc-skpod19-328-11> in cluster <MSUCluster> at Fri Nov 29 22:49:49 2019
Job was executed on host(s) <20*polus-c4-ib.bmc.hpc.cs.msu.ru>, in queue <short>, as user <edu-cmc-skpod19-328-11> in cluster <MSUCluster> at Fri Nov 29 22:53:17 2019
                            <1*polus-c2-ib.bmc.hpc.cs.msu.ru>
</home_edu/edu-cmc-skpod19-328/edu-cmc-skpod19-328-11> was used as the home directory.
</home_edu/edu-cmc-skpod19-328/edu-cmc-skpod19-328-11/dep_gemver> was used as the working directory.
Started at Fri Nov 29 22:53:17 2019
Terminated at Fri Nov 29 22:53:19 2019
Results reported at Fri Nov 29 22:53:19 2019

Your job looked like:

------------------------------------------------------------
# LSBATCH: User input
./large.o
------------------------------------------------------------

Successfully completed.

Resource usage summary:

    CPU time :                                   8.50 sec.
    Max Memory :                                 1 MB
    Average Memory :                             1.00 MB
    Total Requested Memory :                     -
    Delta Memory :                               -
    Max Swap :                                   -
    Max Processes :                              1
    Max Threads :                                1
    Run time :                                   1 sec.
    Turnaround time :                            210 sec.

The output (if any) follows:

==BEGIN DUMP_ARRAYS==
begin dump: w
0.00 0.00 0.00 0.00 0.00 0.00 0.00 0.00 0.00 0.00 0.00 0.00 0.00 0.00 0.00 0.00 0.00 0.00 0.00 0.00 
0.00 0.00 0.00 0.00 0.00 0.00 0.00 0.00 0.00 0.00 0.00 0.00 0.00 0.00 0.00 0.00 0.00 0.00 0.00 0.00 
0.00 0.00 0.00 0.00 0.00 0.00 0.00 0.00 0.00 0.00 0.00 0.00 0.00 0.00 0.00 0.00 0.00 0.00 0.00 0.00 
0.00 0.00 0.00 0.00 0.00 0.00 0.00 0.00 0.00 0.00 0.00 0.00 0.00 0.00 0.00 0.00 0.00 0.00 0.00 0.00 
0.00 0.00 0.00 0.00 0.00 0.00 0.00 0.00 0.00 0.00 0.00 0.00 0.00 0.00 0.00 0.00 0.00 0.00 0.00 0.00 
0.00 0.00 0.00 0.00 0.00 0.00 0.00 0.00 0.00 0.00 0.00 0.00 0.00 0.00 0.00 0.00 0.00 0.00 0.00 0.00 
0.00 0.00 0.00 0.00 0.00 0.00 0.00 0.00 0.00 0.00 0.00 0.00 0.00 0.00 0.00 0.00 0.00 0.00 0.00 0.00 
0.00 0.00 0.00 0.00 0.00 0.00 0.00 0.00 0.00 0.00 0.00 0.00 0.00 0.00 0.00 0.00 0.00 0.00 0.00 0.00 
0.00 0.00 0.00 0.00 0.00 0.00 0.00 0.00 0.00 0.00 0.00 0.00 0.00 0.00 0.00 0.00 0.00 0.00 0.00 0.00 
0.00 0.00 0.00 0.00 0.00 0.00 0.00 0.00 0.00 0.00 0.00 0.00 0.00 0.00 0.00 0.00 0.00 0.00 0.00 0.00 
0.00 0.00 0.00 0.00 0.00 0.00 0.00 0.00 0.00 0.00 0.00 0.00 0.00 0.00 0.00 0.00 0.00 0.00 0.00 0.00 
0.00 0.00 0.00 0.00 0.00 0.00 0.00 0.00 0.00 0.00 0.00 0.00 0.00 0.00 0.00 0.00 0.00 0.00 0.00 0.00 
0.00 0.00 0.00 0.00 0.00 0.00 0.00 0.00 0.00 0.00 0.00 0.00 0.00 0.00 0.00 0.00 0.00 0.00 0.00 0.00 
0.00 0.00 0.00 0.00 0.00 0.00 0.00 0.00 0.00 0.00 0.00 0.00 0.00 0.00 0.00 0.00 0.00 0.00 0.00 0.00 
0.00 0.00 0.00 0.00 0.00 0.00 0.00 0.00 0.00 0.00 0.00 0.00 0.00 0.00 0.00 0.00 0.00 0.00 0.00 0.00 
0.00 0.00 0.00 0.00 0.00 0.00 0.00 0.00 0.00 0.00 0.00 0.00 0.00 0.00 0.00 0.00 0.00 0.00 0.00 0.00 
0.00 0.00 0.00 0.00 0.00 0.00 0.00 0.00 0.00 0.00 0.00 0.00 0.00 0.00 0.00 0.00 0.00 0.00 0.00 0.00 
0.00 0.00 0.00 0.00 0.00 0.00 0.00 0.00 0.00 0.00 0.00 0.00 0.00 0.00 0.00 0.00 0.00 0.00 0.00 0.00 
0.00 0.00 0.00 0.00 0.00 0.00 0.00 0.00 0.00 0.00 0.00 0.00 0.00 0.00 0.00 0.00 0.00 0.00 0.00 0.00 
0.00 0.00 0.00 0.00 0.00 0.00 0.00 0.00 0.00 0.00 0.00 0.00 0.00 0.00 0.00 0.00 0.00 0.00 0.00 0.00 
0.00 0.00 0.00 0.00 0.00 0.00 0.00 0.00 0.00 0.00 0.00 0.00 0.00 0.00 0.00 0.00 0.00 0.00 0.00 0.00 
0.00 0.00 0.00 0.00 0.00 0.00 0.00 0.00 0.00 0.00 0.00 0.00 0.00 0.00 0.00 0.00 0.00 0.00 0.00 0.00 
0.00 0.00 0.00 0.00 0.00 0.00 0.00 0.00 0.00 0.00 0.00 0.00 0.00 0.00 0.00 0.00 0.00 0.00 0.00 0.00 
0.00 0.00 0.00 0.00 0.00 0.00 0.00 0.00 0.00 0.00 0.00 0.00 0.00 0.00 0.00 0.00 0.00 0.00 0.00 0.00 
0.00 0.00 0.00 0.00 0.00 0.00 0.00 0.00 0.00 0.00 0.00 0.00 0.00 0.00 0.00 0.00 0.00 0.00 0.00 0.00 
0.00 0.00 0.00 0.00 0.00 0.00 0.00 0.00 0.00 0.00 0.00 0.00 0.00 0.00 0.00 0.00 0.00 0.00 0.00 0.00 
0.00 0.00 0.00 0.00 0.00 0.00 0.00 0.00 0.00 0.00 0.00 0.00 0.00 0.00 0.00 0.00 0.00 0.00 0.00 0.00 
0.00 0.00 0.00 0.00 0.00 0.00 0.00 0.00 0.00 0.00 0.00 0.00 0.00 0.00 0.00 0.00 0.00 0.00 0.00 0.00 
0.00 0.00 0.00 0.00 0.00 0.00 0.00 0.00 0.00 0.00 0.00 0.00 0.00 0.00 0.00 0.00 0.00 0.00 0.00 0.00 
0.00 0.00 0.00 0.00 0.00 0.00 0.00 0.00 0.00 0.00 0.00 0.00 0.00 0.00 0.00 0.00 0.00 0.00 0.00 0.00 
0.00 0.00 0.00 0.00 0.00 0.00 0.00 0.00 0.00 0.00 0.00 0.00 0.00 0.00 0.00 0.00 0.00 0.00 0.00 0.00 
0.00 0.00 0.00 0.00 0.00 0.00 0.00 0.00 0.00 0.00 0.00 0.00 0.00 0.00 0.00 0.00 0.00 0.00 0.00 0.00 
0.00 0.00 0.00 0.00 0.00 0.00 0.00 0.00 0.00 0.00 0.00 0.00 0.00 0.00 0.00 0.00 0.00 0.00 0.00 0.00 
0.00 0.00 0.00 0.00 0.00 0.00 0.00 0.00 0.00 0.00 0.00 0.00 0.00 0.00 0.00 0.00 0.00 0.00 0.00 0.00 
0.00 0.00 0.00 0.00 0.00 0.00 0.00 0.00 0.00 0.00 0.00 0.00 0.00 0.00 0.00 0.00 0.00 0.00 0.00 0.00 
0.00 0.00 0.00 0.00 0.00 0.00 0.00 0.00 0.00 0.00 0.00 0.00 0.00 0.00 0.00 0.00 0.00 0.00 0.00 0.00 
0.00 0.00 0.00 0.00 0.00 0.00 0.00 0.00 0.00 0.00 0.00 0.00 0.00 0.00 0.00 0.00 0.00 0.00 0.00 0.00 
0.00 0.00 0.00 0.00 0.00 0.00 0.00 0.00 0.00 0.00 0.00 0.00 0.00 0.00 0.00 0.00 0.00 0.00 0.00 0.00 
0.00 0.00 0.00 0.00 0.00 0.00 0.00 0.00 0.00 0.00 0.00 0.00 0.00 0.00 0.00 0.00 0.00 0.00 0.00 0.00 
0.00 0.00 0.00 0.00 0.00 0.00 0.00 0.00 0.00 0.00 0.00 0.00 0.00 0.00 0.00 0.00 0.00 0.00 0.00 0.00 
0.00 0.00 0.00 0.00 0.00 0.00 0.00 0.00 0.00 0.00 0.00 0.00 0.00 0.00 0.00 0.00 0.00 0.00 0.00 0.00 
0.00 0.00 0.00 0.00 0.00 0.00 0.00 0.00 0.00 0.00 0.00 0.00 0.00 0.00 0.00 0.00 0.00 0.00 0.00 0.00 
0.00 0.00 0.00 0.00 0.00 0.00 0.00 0.00 0.00 0.00 0.00 0.00 0.00 0.00 0.00 0.00 0.00 0.00 0.00 0.00 
0.00 0.00 0.00 0.00 0.00 0.00 0.00 0.00 0.00 0.00 0.00 0.00 0.00 0.00 0.00 0.00 0.00 0.00 0.00 0.00 
0.00 0.00 0.00 0.00 0.00 0.00 0.00 0.00 0.00 0.00 0.00 0.00 0.00 0.00 0.00 0.00 0.00 0.00 0.00 0.00 
0.00 0.00 0.00 0.00 0.00 0.00 0.00 0.00 0.00 0.00 0.00 0.00 0.00 0.00 0.00 0.00 0.00 0.00 0.00 0.00 
0.00 0.00 0.00 0.00 0.00 0.00 0.00 0.00 0.00 0.00 0.00 0.00 0.00 0.00 0.00 0.00 0.00 0.00 0.00 0.00 
0.00 0.00 0.00 0.00 0.00 0.00 0.00 0.00 0.00 0.00 0.00 0.00 0.00 0.00 0.00 0.00 0.00 0.00 0.00 0.00 
0.00 0.00 0.00 0.00 0.00 0.00 0.00 0.00 0.00 0.00 0.00 0.00 0.00 0.00 0.00 0.00 0.00 0.00 0.00 0.00 
0.00 0.00 0.00 0.00 0.00 0.00 0.00 0.00 0.00 0.00 0.00 0.00 0.00 0.00 0.00 0.00 0.00 0.00 0.00 0.00 
0.00 0.00 0.00 0.00 0.00 0.00 0.00 0.00 0.00 0.00 0.00 0.00 0.00 0.00 0.00 0.00 0.00 0.00 0.00 0.00 
0.00 0.00 0.00 0.00 0.00 0.00 0.00 0.00 0.00 0.00 0.00 0.00 0.00 0.00 0.00 0.00 0.00 0.00 0.00 0.00 
0.00 0.00 0.00 0.00 0.00 0.00 0.00 0.00 0.00 0.00 0.00 0.00 0.00 0.00 0.00 0.00 0.00 0.00 0.00 0.00 
0.00 0.00 0.00 0.00 0.00 0.00 0.00 0.00 0.00 0.00 0.00 0.00 0.00 0.00 0.00 0.00 0.00 0.00 0.00 0.00 
0.00 0.00 0.00 0.00 0.00 0.00 0.00 0.00 0.00 0.00 0.00 0.00 0.00 0.00 0.00 0.00 0.00 0.00 0.00 0.00 
0.00 0.00 0.00 0.00 0.00 0.00 0.00 0.00 0.00 0.00 0.00 0.00 0.00 0.00 0.00 0.00 0.00 0.00 0.00 0.00 
0.00 0.00 0.00 0.00 0.00 0.00 0.00 0.00 0.00 0.00 0.00 0.00 0.00 0.00 0.00 0.00 0.00 0.00 0.00 0.00 
0.00 0.00 0.00 0.00 0.00 0.00 0.00 0.00 0.00 0.00 0.00 0.00 0.00 0.00 0.00 0.00 0.00 0.00 0.00 0.00 
0.00 0.00 0.00 0.00 0.00 0.00 0.00 0.00 0.00 0.00 0.00 0.00 0.00 0.00 0.00 0.00 0.00 0.00 0.00 0.00 
0.00 0.00 0.00 0.00 0.00 0.00 0.00 0.00 0.00 0.00 0.00 0.00 0.00 0.00 0.00 0.00 0.00 0.00 0.00 0.00 
0.00 0.00 0.00 0.00 0.00 0.00 0.00 0.00 0.00 0.00 0.00 0.00 0.00 0.00 0.00 0.00 0.00 0.00 0.00 0.00 
0.00 0.00 0.00 0.00 0.00 0.00 0.00 0.00 0.00 0.00 0.00 0.00 0.00 0.00 0.00 0.00 0.00 0.00 0.00 0.00 
0.00 0.00 0.00 0.00 0.00 0.00 0.00 0.00 0.00 0.00 0.00 0.00 0.00 0.00 0.00 0.00 0.00 0.00 0.00 0.00 
0.00 0.00 0.00 0.00 0.00 0.00 0.00 0.00 0.00 0.00 0.00 0.00 0.00 0.00 0.00 0.00 0.00 0.00 0.00 0.00 
0.00 0.00 0.00 0.00 0.00 0.00 0.00 0.00 0.00 0.00 0.00 0.00 0.00 0.00 0.00 0.00 0.00 0.00 0.00 0.00 
0.00 0.00 0.00 0.00 0.00 0.00 0.00 0.00 0.00 0.00 0.00 0.00 0.00 0.00 0.00 0.00 0.00 0.00 0.00 0.00 
0.00 0.00 0.00 0.00 0.00 0.00 0.00 0.00 0.00 0.00 0.00 0.00 0.00 0.00 0.00 0.00 0.00 0.00 0.00 0.00 
0.00 0.00 0.00 0.00 0.00 0.00 0.00 0.00 0.00 0.00 0.00 0.00 0.00 0.00 0.00 0.00 0.00 0.00 0.00 0.00 
0.00 0.00 0.00 0.00 0.00 0.00 0.00 0.00 0.00 0.00 0.00 0.00 0.00 0.00 0.00 0.00 0.00 0.00 0.00 0.00 
0.00 0.00 0.00 0.00 0.00 0.00 0.00 0.00 0.00 0.00 0.00 0.00 0.00 0.00 0.00 0.00 0.00 0.00 0.00 0.00 
0.00 0.00 0.00 0.00 0.00 0.00 0.00 0.00 0.00 0.00 0.00 0.00 0.00 0.00 0.00 0.00 0.00 0.00 0.00 0.00 
0.00 0.00 0.00 0.00 0.00 0.00 0.00 0.00 0.00 0.00 0.00 0.00 0.00 0.00 0.00 0.00 0.00 0.00 0.00 0.00 
0.00 0.00 0.00 0.00 0.00 0.00 0.00 0.00 0.00 0.00 0.00 0.00 0.00 0.00 0.00 0.00 0.00 0.00 0.00 0.00 
0.00 0.00 0.00 0.00 0.00 0.00 0.00 0.00 0.00 0.00 0.00 0.00 0.00 0.00 0.00 0.00 0.00 0.00 0.00 0.00 
0.00 0.00 0.00 0.00 0.00 0.00 0.00 0.00 0.00 0.00 0.00 0.00 0.00 0.00 0.00 0.00 0.00 0.00 0.00 0.00 
0.00 0.00 0.00 0.00 0.00 0.00 0.00 0.00 0.00 0.00 0.00 0.00 0.00 0.00 0.00 0.00 0.00 0.00 0.00 0.00 
0.00 0.00 0.00 0.00 0.00 0.00 0.00 0.00 0.00 0.00 0.00 0.00 0.00 0.00 0.00 0.00 0.00 0.00 0.00 0.00 
0.00 0.00 0.00 0.00 0.00 0.00 0.00 0.00 0.00 0.00 0.00 0.00 0.00 0.00 0.00 0.00 0.00 0.00 0.00 0.00 
0.00 0.00 0.00 0.00 0.00 0.00 0.00 0.00 0.00 0.00 0.00 0.00 0.00 0.00 0.00 0.00 0.00 0.00 0.00 0.00 
0.00 0.00 0.00 0.00 0.00 0.00 0.00 0.00 0.00 0.00 0.00 0.00 0.00 0.00 0.00 0.00 0.00 0.00 0.00 0.00 
0.00 0.00 0.00 0.00 0.00 0.00 0.00 0.00 0.00 0.00 0.00 0.00 0.00 0.00 0.00 0.00 0.00 0.00 0.00 0.00 
0.00 0.00 0.00 0.00 0.00 0.00 0.00 0.00 0.00 0.00 0.00 0.00 0.00 0.00 0.00 0.00 0.00 0.00 0.00 0.00 
0.00 0.00 0.00 0.00 0.00 0.00 0.00 0.00 0.00 0.00 0.00 0.00 0.00 0.00 0.00 0.00 0.00 0.00 0.00 0.00 
0.00 0.00 0.00 0.00 0.00 0.00 0.00 0.00 0.00 0.00 0.00 0.00 0.00 0.00 0.00 0.00 0.00 0.00 0.00 0.00 
0.00 0.00 0.00 0.00 0.00 0.00 0.00 0.00 0.00 0.00 0.00 0.00 0.00 0.00 0.00 0.00 0.00 0.00 0.00 0.00 
0.00 0.00 0.00 0.00 0.00 0.00 0.00 0.00 0.00 0.00 0.00 0.00 0.00 0.00 0.00 0.00 0.00 0.00 0.00 0.00 
0.00 0.00 0.00 0.00 0.00 0.00 0.00 0.00 0.00 0.00 0.00 0.00 0.00 0.00 0.00 0.00 0.00 0.00 0.00 0.00 
0.00 0.00 0.00 0.00 0.00 0.00 0.00 0.00 0.00 0.00 0.00 0.00 0.00 0.00 0.00 0.00 0.00 0.00 0.00 0.00 
0.00 0.00 0.00 0.00 0.00 0.00 0.00 0.00 0.00 0.00 0.00 0.00 0.00 0.00 0.00 0.00 0.00 0.00 0.00 0.00 
0.00 0.00 0.00 0.00 0.00 0.00 0.00 0.00 0.00 0.00 0.00 0.00 0.00 0.00 0.00 0.00 0.00 0.00 0.00 0.00 
0.00 0.00 0.00 0.00 0.00 0.00 0.00 0.00 0.00 0.00 0.00 0.00 0.00 0.00 0.00 0.00 0.00 0.00 0.00 0.00 
0.00 0.00 0.00 0.00 0.00 0.00 0.00 0.00 0.00 0.00 0.00 0.00 0.00 0.00 0.00 0.00 0.00 0.00 0.00 0.00 
0.00 0.00 0.00 0.00 0.00 0.00 0.00 0.00 0.00 0.00 0.00 0.00 0.00 0.00 0.00 0.00 0.00 0.00 0.00 0.00 
0.00 0.00 0.00 0.00 0.00 0.00 0.00 0.00 0.00 0.00 0.00 0.00 0.00 0.00 0.00 0.00 0.00 0.00 0.00 0.00 
0.00 0.00 0.00 0.00 0.00 0.00 0.00 0.00 0.00 0.00 0.00 0.00 0.00 0.00 0.00 0.00 0.00 0.00 0.00 0.00 
0.00 0.00 0.00 0.00 0.00 0.00 0.00 0.00 0.00 0.00 0.00 0.00 0.00 0.00 0.00 0.00 0.00 0.00 0.00 0.00 
0.00 0.00 0.00 0.00 0.00 0.00 0.00 0.00 0.00 0.00 0.00 0.00 0.00 0.00 0.00 0.00 0.00 0.00 0.00 0.00 
0.00 0.00 0.00 0.00 0.00 0.00 0.00 0.00 0.00 0.00 0.00 0.00 0.00 0.00 0.00 0.00 0.00 0.00 0.00 0.00 
0.00 0.00 0.00 0.00 0.00 0.00 0.00 0.00 0.00 0.00 0.00 0.00 0.00 0.00 0.00 0.00 0.00 0.00 0.00 0.00 
0.00 0.00 0.00 0.00 0.00 0.00 0.00 0.00 0.00 0.00 0.00 0.00 0.00 0.00 0.00 0.00 0.00 0.00 0.00 0.00 
end   dump: w
==END   DUMP_ARRAYS==
==BEGIN DUMP_ARRAYS==
begin dump: w
1836.04 55051828.00 60498896.00 69735328.00 79821592.00 90222688.00 100994656.00 111774928.00 122434432.00 133403088.00 144113904.00 155211536.00 166117952.00 177135920.00 188080336.00 198967152.00 209778016.00 220998656.00 231921632.00 242936480.00 
253603152.00 264947392.00 275930560.00 287029920.00 297789920.00 308519552.00 319979328.00 330869376.00 341889024.00 353088608.00 363792512.00 374861088.00 385690752.00 396910432.00 407961184.00 418900576.00 429922144.00 440892320.00 452003680.00 463006176.00 
473358048.00 485025696.00 496039840.00 506966912.00 518031520.00 529025280.00 540142720.00 551108224.00 561868672.00 573175744.00 583349632.00 595135616.00 606149696.00 617193344.00 628060032.00 639140032.00 650126528.00 661210688.00 672316544.00 683341120.00 
693975744.00 705296576.00 716257216.00 727441152.00 738109312.00 749313024.00 760367488.00 771427584.00 782367232.00 793788800.00 804283904.00 815406656.00 826385152.00 837557952.00 848296640.00 859129728.00 870505920.00 881750208.00 892573568.00 903606528.00 
913302784.00 925654016.00 936635776.00 947631296.00 958627008.00 969606720.00 980644288.00 992193920.00 1002624384.00 1013797696.00 1024616512.00 1036020032.00 1046797888.00 1057596224.00 1068814912.00 1079696768.00 1090643072.00 1101909248.00 1112883584.00 1123815552.00 
1133307008.00 1145885824.00 1156959488.00 1167965952.00 1178897152.00 1189875584.00 1201047296.00 1212082560.00 1222965888.00 1234068096.00 1244943872.00 1255836800.00 1266928256.00 1278212352.00 1289175424.00 1300143616.00 1311192960.00 1322169088.00 1333329152.00 1344259072.00 
1354632832.00 1366295040.00 1377326848.00 1388312320.00 1399257088.00 1408286336.00 1421431296.00 1432576256.00 1443176064.00 1454097280.00 1465309824.00 1476438144.00 1487431424.00 1498390400.00 1509570176.00 1520494464.00 1531448576.00 1542715904.00 1553759872.00 1564652032.00 
1575307392.00 1586628096.00 1597585280.00 1609063680.00 1619496448.00 1630689664.00 1641738752.00 1652733952.00 1663636864.00 1674822912.00 1685002880.00 1696869760.00 1707724928.00 1718765568.00 1730269696.00 1740863488.00 1751872640.00 1762985728.00 1773991936.00 1784987392.00 
1794680832.00 1807010176.00 1817975424.00 1829031680.00 1840030720.00 1850983424.00 1861964544.00 1873335168.00 1884047872.00 1895026560.00 1906018816.00 1917164160.00 1928136960.00 1939208704.00 1950444288.00 1960846592.00 1972010496.00 1983363968.00 1994283008.00 2005297280.00 
2015991808.00 2027292544.00 2038840192.00 2049399168.00 2060330112.00 2071378432.00 2082342656.00 2093470464.00 2104413440.00 2115517696.00 2126333312.00 2137544192.00 2148305408.00 2159589376.00 2170570240.00 2181494016.00 2192527616.00 2203611904.00 2214566912.00 2225554944.00 
2233391360.00 2247771904.00 2258717696.00 2269779456.00 2280697600.00 2291686656.00 2302781952.00 2313924096.00 2324593664.00 2335897856.00 2346686464.00 2357933312.00 2368853248.00 2379925504.00 2390904320.00 2401882368.00 2412832000.00 2423995648.00 2434968576.00 2446011904.00 
2456691456.00 2468025088.00 2478482432.00 2490295808.00 2500937728.00 2511784192.00 2523187712.00 2534193152.00 2545154560.00 2556156672.00 2567078144.00 2578289920.00 2589157632.00 2600192256.00 2611255296.00 2622148096.00 2633324032.00 2644369920.00 2655307776.00 2666439168.00 
2676090880.00 2688455936.00 2699420416.00 2710548736.00 2721477632.00 2732446208.00 2743492608.00 2754504960.00 2765370368.00 2776444160.00 2783508992.00 2798747392.00 2809649664.00 2820673024.00 2831746816.00 2842618624.00 2853455616.00 2864734976.00 2875567616.00 2886821888.00 
2897451776.00 2908925952.00 2919793664.00 2930814976.00 2941712128.00 2952763904.00 2963794944.00 2975009280.00 2985865216.00 2996884736.00 3007781888.00 3018940928.00 3029712896.00 3041081088.00 3052057600.00 3062626048.00 3074075904.00 3085083136.00 3096090112.00 3107023104.00 
3117457408.00 3129192448.00 3140081920.00 3151073280.00 3162032128.00 3172855296.00 3184977920.00 3195449088.00 3206111232.00 3217338112.00 3228196352.00 3239369984.00 3250319104.00 3261438208.00 3272306944.00 3283318528.00 3294268672.00 3305430784.00 3316474624.00 3327436288.00 
3336849920.00 3349492992.00 3360535808.00 3371223296.00 3382302720.00 3393473536.00 3404542208.00 3415541504.00 3426773248.00 3437684480.00 3448530944.00 3459641088.00 3470577920.00 3481751552.00 3492727040.00 3503674112.00 3514855424.00 3525764864.00 3536776448.00 3547808768.00 
3557528064.00 3569988096.00 3580838656.00 3591899392.00 3602832896.00 3613514496.00 3624916224.00 3635962112.00 3646841088.00 3657918976.00 3668809472.00 3679915008.00 3690800128.00 3701175296.00 3713531904.00 3724212224.00 3734986496.00 3746238720.00 3757142016.00 3768390400.00 
3778926848.00 3790252544.00 3801236736.00 3812323840.00 3823170304.00 3834295296.00 3845305088.00 3856317184.00 3867415552.00 3878439680.00 3888572160.00 3900419584.00 3911147520.00 3923077120.00 3933487360.00 3944422144.00 3955444736.00 3966434816.00 3977511936.00 3988806656.00 
3998902272.00 4010552320.00 4021546496.00 4032486144.00 4043828480.00 4054646784.00 4065661440.00 4076727808.00 4087467520.00 4098709248.00 4109566976.00 4120766976.00 4131682048.00 4142784256.00 4153791744.00 4162766592.00 4175768832.00 4186901248.00 4197866496.00 4208908032.00 
4219592704.00 4231449600.00 4241897472.00 4253185536.00 4263719424.00 4274964480.00 4286088704.00 4296923136.00 4307974144.00 4319134208.00 4329916928.00 4341099520.00 4351973376.00 4363113984.00 4374128128.00 4385033728.00 4396063232.00 4407074304.00 4418021376.00 4428835840.00 
4433689600.00 4451710976.00 4462486528.00 4473499136.00 4484387328.00 4495360512.00 4506411008.00 4517460992.00 4528332288.00 4539438080.00 4550338560.00 4561541632.00 4572504064.00 4583511040.00 4594586624.00 4605479936.00 4616327680.00 4627652608.00 4638624256.00 4649635840.00 
4660322816.00 4671110656.00 4682657280.00 4693677568.00 4704579584.00 4715324928.00 4726739968.00 4737775616.00 4748662784.00 4759910912.00 4770703360.00 4781835776.00 4792610304.00 4803972608.00 4814881280.00 4825924096.00 4836895744.00 4847952384.00 4858940928.00 4869711360.00 
4880342528.00 4892006400.00 4902999040.00 4914000896.00 4924731392.00 4936254464.00 4947173888.00 4958164480.00 4968919552.00 4980389888.00 4990392320.00 5002242048.00 5013198336.00 5024261632.00 5035224576.00 5046235136.00 5057174016.00 5068251136.00 5079278080.00 5090172416.00 
5101018624.00 5112275968.00 5123505152.00 5134471680.00 5145199104.00 5156356096.00 5167407104.00 5178474496.00 5189406720.00 5200499712.00 5211350016.00 5222625280.00 5233469952.00 5244604416.00 5255614464.00 5266208768.00 5277472256.00 5288667648.00 5299671552.00 5310692352.00 
5320401408.00 5332608000.00 5343735808.00 5354802176.00 5365724672.00 5376768000.00 5387814912.00 5398836736.00 5409733632.00 5420889088.00 5431720960.00 5442857472.00 5453830144.00 5464893440.00 5475871232.00 5486807552.00 5497604608.00 5508819968.00 5519714816.00 5530394624.00 
5533847552.00 5553773056.00 5564444672.00 5575409152.00 5586204672.00 5597217792.00 5608224256.00 5619270656.00 5630282240.00 5641309696.00 5652171264.00 5663335424.00 5674107392.00 5685395968.00 5696340992.00 5707324416.00 5718287872.00 5729358336.00 5740429824.00 5751485440.00 
5761822720.00 5773391872.00 5784554496.00 5795488256.00 5806497792.00 5817138688.00 5828472832.00 5839621120.00 5850362368.00 5861604864.00 5872487424.00 5883657216.00 5894603776.00 5905560064.00 5916743168.00 5927675392.00 5938624000.00 5949759488.00 5960713216.00 5971744256.00 
5982494208.00 5993858048.00 6004812800.00 6015844864.00 6026584576.00 6037652992.00 6049063936.00 6059894272.00 6070941184.00 6081777152.00 6092188672.00 6103969792.00 6114948608.00 6126065664.00 6137051136.00 6147965952.00 6159109120.00 6170152960.00 6181096960.00 6192094208.00 
6201850880.00 6214229504.00 6225193472.00 6236220928.00 6247122432.00 6258172416.00 6269148160.00 6280256000.00 6291158528.00 6302257664.00 6313061888.00 6323862528.00 6335713280.00 6346507776.00 6357488128.00 6368093696.00 6379245056.00 6390547456.00 6401510400.00 6412651520.00 
6423218688.00 6434532352.00 6445545984.00 6456583680.00 6467499008.00 6478547456.00 6489637888.00 6500647424.00 6511480320.00 6522742784.00 6533563904.00 6544779776.00 6555480576.00 6566775296.00 6577750016.00 6588724224.00 6599755776.00 6610660864.00 6621806080.00 6632776704.00 
6640589824.00 6654998528.00 6665945088.00 6676957696.00 6687927808.00 6698918912.00 6709838848.00 6720968704.00 6731763712.00 6743130112.00 6753912832.00 6765023232.00 6776036352.00 6787103744.00 6798079488.00 6808941568.00 6820139008.00 6831173120.00 6842202624.00 6853110784.00 
6863931392.00 6875257344.00 6886235648.00 6897325056.00 6908040704.00 6917261824.00 6930368000.00 6941355520.00 6952329216.00 6963392000.00 6974259200.00 6985392640.00 6996389376.00 7007497216.00 7018425856.00 7029449728.00 7040407552.00 7051530752.00 7062532608.00 7073531904.00 
7083277312.00 7095552000.00 7106661376.00 7117717504.00 7128566784.00 7139535872.00 7150671872.00 7161540608.00 7172598784.00 7183682048.00 7193929728.00 7205726208.00 7216701440.00 7227716608.00 7238784000.00 7249723392.00 7260565504.00 7271763456.00 7282792448.00 7293774848.00 
7304504320.00 7315758592.00 7326746624.00 7337731072.00 7348493312.00 7359285760.00 7369263104.00 7385752576.00 7393975296.00 7404658688.00 7415348736.00 7426448896.00 7437158912.00 7448389120.00 7459370496.00 7469980160.00 7481306624.00 7492388864.00 7503447552.00 7514366976.00 
7524755456.00 7536420864.00 7547454976.00 7558530560.00 7569398784.00 7580422656.00 7591505408.00 7602487296.00 7613282304.00 7624562688.00 7635423744.00 7646602240.00 7657502208.00 7668620288.00 7679625728.00 7690553856.00 7701580800.00 7712729600.00 7723695616.00 7734673408.00 
7744080384.00 7756722688.00 7767755776.00 7778789888.00 7789537280.00 7800709120.00 7812110336.00 7822851584.00 7833817600.00 7844918272.00 7855764480.00 7866881024.00 7877810688.00 7888916480.00 7899765248.00 7910973440.00 7921951232.00 7933213696.00 7944146432.00 7955044352.00 
7964761088.00 7977077760.00 7988071936.00 7999088128.00 8010065408.00 8020735488.00 8032100864.00 8042880000.00 8054207488.00 8065281024.00 8076120576.00 8087276032.00 8098245632.00 8109285888.00 8120309248.00 8131266560.00 8142078976.00 8153545728.00 8164367872.00 8175366656.00 
8186100224.00 8197479424.00 8208466944.00 8219494400.00 8230352896.00 8241408512.00 8252475392.00 8263621632.00 8274454016.00 8285404672.00 8292507136.00 8307780608.00 8318466560.00 8329716224.00 8340676096.00 8351646720.00 8362669568.00 8373748224.00 8384733696.00 8395763200.00 
8406140928.00 8417782272.00 8429050880.00 8439796736.00 8450785792.00 8461815296.00 8472975872.00 8483900928.00 8494638592.00 8505676288.00 8516877312.00 8528001536.00 8538992640.00 8549974528.00 8560972288.00 8571661824.00 8582937088.00 8594067456.00 8605235200.00 8616138752.00 
8626825216.00 8638161920.00 8649116672.00 8660228096.00 8670941184.00 8682143744.00 8693260288.00 8704231424.00 8715273216.00 8726360064.00 8737141760.00 8748321792.00 8759198720.00 8770288640.00 8781310976.00 8792269824.00 8803284992.00 8814377984.00 8825251840.00 8836064256.00 
8840910848.00 8858938368.00 8869713920.00 8880674816.00 8891614208.00 8902601728.00 8913721344.00 8924499968.00 8935570432.00 8946800640.00 8957555712.00 8968764416.00 8979670016.00 8990699520.00 9001765888.00 9012791296.00 9023555584.00 9034828800.00 9045708800.00 9056865280.00 
9067552768.00 9078873088.00 9089873920.00 9100853248.00 9111884800.00 9122567168.00 9133907968.00 9144957952.00 9155962880.00 9167006720.00 9177893888.00 9189065728.00 9199792128.00 9210893312.00 9222193152.00 9233105920.00 9244125184.00 9255138304.00 9266190336.00 9277215744.00 
9287562240.00 9299228672.00 9309963264.00 9321307136.00 9332233216.00 9343223808.00 9354218496.00 9365330944.00 9376100352.00 9387342848.00 9397577728.00 9409330176.00 9420372992.00 9431434240.00 9442414592.00 9453335552.00 9464213504.00 9473971200.00 9486775296.00 9497669632.00 
9508328448.00 9519643648.00 9530595328.00 9541634048.00 9552420864.00 9563673600.00 9574720512.00 9585769472.00 9596722176.00 9607725056.00 9618651136.00 9629859840.00 9640698880.00 9651776512.00 9662793728.00 9671754752.00 9684841472.00 9695853568.00 9706764288.00 9717923840.00 
9727635456.00 9739973632.00 9750961152.00 9761983488.00 9772960768.00 9783943168.00 9794991104.00 9806005248.00 9816822784.00 9829310464.00 9839072256.00 9850213376.00 9861148672.00 9872201728.00 9883191296.00 9894161408.00 9904964608.00 9916263424.00 9927342080.00 9938288640.00 
9947668480.00 9960339456.00 9971410944.00 9982320640.00 9993251840.00 10004325376.00 10015415296.00 10026433536.00 10037319680.00 10047466496.00 10059399168.00 10070565888.00 10081281024.00 10092437504.00 10103525376.00 10114491392.00 10125524992.00 10136669184.00 10147535872.00 10158705664.00 
10169008128.00 10180622336.00 10191649792.00 10201874432.00 10213734400.00 10224356352.00 10235798528.00 10246798336.00 10257542144.00 10268825600.00 10279665664.00 10290760704.00 10301771776.00 10312735744.00 10323923968.00 10334848000.00 10345806848.00 10356939776.00 10367960064.00 10378970112.00 
10389683200.00 10400827392.00 10412040192.00 10423015424.00 10433819648.00 10445024256.00 10456101888.00 10467074048.00 10478123008.00 10489145344.00 10499364864.00 10511190016.00 10522044416.00 10533244928.00 10544220160.00 10555200512.00 10566204416.00 10577332224.00 10588319744.00 10599319552.00 
10609040384.00 10621340672.00 10632308736.00 10643792896.00 10654352384.00 10665340928.00 10676459520.00 10687421440.00 10698373120.00 10709492736.00 10720369664.00 10731474944.00 10742487040.00 10753816576.00 10764520448.00 10775157760.00 10786337792.00 10797578240.00 10808600576.00 10819621888.00 
10830327808.00 10841623552.00 10852641792.00 10863618048.00 10874549248.00 10885588992.00 10896663552.00 10907547648.00 10918661120.00 10929590272.00 10940540928.00 10951738368.00 10962381824.00 10973545472.00 10984532992.00 10995444736.00 11006321664.00 11017156608.00 11027680256.00 11037363200.00 
11034556416.00 11064873984.00 11074521088.00 11085086720.00 11095819264.00 11106667520.00 11117676544.00 11128685568.00 11139354624.00 11150494720.00 11161405440.00 11172644864.00 11183479808.00 11194684416.00 11205524480.00 11216503808.00 11227450368.00 11238608896.00 11249569792.00 11260617728.00 
11271276544.00 11282618368.00 11293600768.00 11304655872.00 11315406848.00 11326265344.00 11337682944.00 11348411392.00 11359646720.00 11370755072.00 11381567488.00 11392740352.00 11403632640.00 11414817792.00 11425758208.00 11436765184.00 11447791616.00 11458444288.00 11469899776.00 11480896512.00 
11490590720.00 11502914560.00 11513878528.00 11524909056.00 11535923200.00 11546909696.00 11557972992.00 11568985088.00 11579954176.00 11591046144.00 11601247232.00 11613095936.00 11624009728.00 11635154944.00 11646094336.00 11657080832.00 11667927040.00 11679219712.00 11690166272.00 11701409792.00 
11711941632.00 11723254784.00 11734245376.00 11745296384.00 11756191744.00 11767259136.00 11778283520.00 11789499392.00 11800358912.00 11811473408.00 11822267392.00 11833414656.00 11844203520.00 11855444992.00 11866408960.00 11877085184.00 11888401408.00 11900358656.00 11910545408.00 11921614848.00 
11931940864.00 11943519232.00 11954677760.00 11965558784.00 11976628224.00 11987603456.00 11998685184.00 12009804800.00 12020465664.00 12031677440.00 12042534912.00 12054760448.00 12064821248.00 12075793408.00 12086791168.00 12097772544.00 12108750848.00 12119914496.00 12130795520.00 12141899776.00 
12151282688.00 12163947520.00 12174870528.00 12185965568.00 12196773888.00 12207937536.00 12219020288.00 12230034432.00 12240995328.00 12252022784.00 12262859776.00 12272940032.00 12285176832.00 12296235008.00 12307209216.00 12318159872.00 12329181184.00 12340248576.00 12351239168.00 12362267648.00 
12371990528.00 12384317440.00 12395436032.00 12406379520.00 12417303552.00 12426345472.00 12439397376.00 12450453504.00 12461294592.00 12472381440.00 12483298304.00 12494504960.00 12505423872.00 12516451328.00 12527484928.00 12538440704.00 12549313536.00 12560601088.00 12571609088.00 12582597632.00 
12593282048.00 12604582912.00 12615413760.00 12628273152.00 12637787136.00 12648756224.00 12659795968.00 12670802944.00 12681779200.00 12692899840.00 12703037440.00 12714893312.00 12725637120.00 12736896000.00 12747988992.00 12758885376.00 12769915904.00 12780923904.00 12792241152.00 12803006464.00 
12813360128.00 12825010176.00 12836018176.00 12847104000.00 12858013696.00 12868997120.00 12880017408.00 12891347968.00 12901946368.00 12913176576.00 12924047360.00 12935237632.00 12946166784.00 12957286400.00 12968293376.00 12978877440.00 12990105600.00 13001378816.00 13012320256.00 13023366144.00 
13034051584.00 13045373952.00 13056491520.00 13067401216.00 13078180864.00 13089301504.00 13100440576.00 13111541760.00 13122455552.00 13133464576.00 13144375296.00 13155442688.00 13166429184.00 13177728000.00 13188494336.00 13199504384.00 13210518528.00 13221561344.00 13232489472.00 13243288576.00 
13248135168.00 13266168832.00 13276947456.00 13287860224.00 13298851840.00 13309822976.00 13320893440.00 13331946496.00 13342800896.00 13353913344.00 13364800512.00 13375864832.00 13386856448.00 13398000640.00 13408940032.00 13419959296.00 13430784000.00 13442017280.00 13453079552.00 13464082432.00 
13474787328.00 13486112768.00 13496977408.00 13508164608.00 13519062016.00 13529781248.00 13541236736.00 13552259072.00 13563150336.00 13574238208.00 13585065984.00 13596554240.00 13607103488.00 13618330624.00 13629238272.00 13640275968.00 13651357696.00 13662435328.00 13673148416.00 13684445184.00 
13694808064.00 13706465280.00 13717470208.00 13728492544.00 13739469824.00 13750448128.00 13761519616.00 13772517376.00 13783291904.00 13794451456.00 13801513984.00 13816834048.00 13827686400.00 13838611456.00 13849714688.00 13860703232.00 13871656960.00 13882744832.00 13893735424.00 13904760832.00 
13915513856.00 13926868992.00 13937824768.00 13948680192.00 13959658496.00 13970841600.00 13981898752.00 13992945664.00 14003890176.00 14014961664.00 14025824256.00 14036945920.00 14047801344.00 14059366400.00 14070097920.00 14080709632.00 14092061696.00 14103153664.00 14114142208.00 14125155328.00 
14134863872.00 14147194880.00 14158058496.00 14169024512.00 14180198400.00 14191137792.00 14202435584.00 14213325824.00 14224188416.00 14235352064.00 14246169600.00 14257319936.00 14268337152.00 14279387136.00 14290093056.00 14301387776.00 14312204288.00 14323441664.00 14334433280.00 14345521152.00 
14354882560.00 14367559680.00 14378508288.00 14389488640.00 14400442368.00 14411554816.00 14422589440.00 14433620992.00 14444638208.00 14455623680.00 14466513920.00 14477665280.00 14488460288.00 14499747840.00 14510703616.00 14521674752.00 14532742144.00 14543705088.00 14554753024.00 14565825536.00 
14576193536.00 14587868160.00 14598746112.00 14609856512.00 14620829696.00 14631452672.00 14642831360.00 14653848576.00 14664573952.00 14675799040.00 14686594048.00 14697571328.00 14708144128.00 14716489728.00 14732932096.00 14742810624.00 14753516544.00 14764513280.00 14775452672.00 14786466816.00 
14797110272.00 14808451072.00 14819409920.00 14830473216.00 14841171968.00 14852395008.00 14863412224.00 14874509312.00 14885441536.00 14896522240.00 14906684416.00 14918561792.00 14929401856.00 14940695552.00 14951535616.00 14962563072.00 14973565952.00 14984517632.00 14995543040.00 15006685184.00 
15016349696.00 15028692992.00 15039675392.00 15050708992.00 15061732352.00 15072648192.00 15083774976.00 15094737920.00 15105615872.00 15116823552.00 15127686144.00 15138842624.00 15149814784.00 15160876032.00 15171831808.00 15180851200.00 15193702400.00 15204904960.00 15215968256.00 15226980352.00 
15237680128.00 15249129472.00 15259999232.00 15271066624.00 15281868800.00 15293175808.00 15304119296.00 15315136512.00 15326107648.00 15337210880.00 15348031488.00 15359099904.00 15369967616.00 15381270528.00 15392357376.00 15403185152.00 15414205440.00 15425267712.00 15436261376.00 15447240704.00 
15455045632.00 15469459456.00 15480400896.00 15491576832.00 15502383104.00 15513377792.00 15524446208.00 15535456256.00 15546260480.00 15557443584.00 15568368640.00 15579495424.00 15590657024.00 15601585152.00 15612567552.00 15623552000.00 15634504704.00 15645658112.00 15656670208.00 15667719168.00 
15678394368.00 15689587712.00 15700687872.00 15711669248.00 15722496000.00 15733348352.00 15744711680.00 15755729920.00 15766425600.00 15778376704.00 15788878848.00 15799980032.00 15810856960.00 15821991936.00 15833052160.00 15843932160.00 15855010816.00 15866013696.00 15877017600.00 15888012288.00 
15897766912.00 15910139904.00 15921107968.00 15932078080.00 15943032832.00 15954139136.00 15965167616.00 15976180736.00 15987062784.00 15998266368.00 16008437760.00 16020454400.00 16031187968.00 16042333184.00 16053142528.00 16064438272.00 16075158528.00 16086396928.00 16097382400.00 16108381184.00 
16119124992.00 16130489344.00 16141486080.00 16152477696.00 16163374080.00 16174430208.00 16185465856.00 16196672512.00 16207535104.00 16218575872.00 16229460992.00 16240633856.00 16251379712.00 16262610944.00 16273726464.00 16284305408.00 16295644160.00 16306744320.00 16317656064.00 16328855552.00 
16339122176.00 16350741504.00 16361788416.00 16372890624.00 16383850496.00 16394788864.00 16405860352.00 16416846848.00 16427644928.00 16438905856.00 16449764352.00 16460919808.00 16471847936.00 16482957312.00 16493976576.00 16504891392.00 16515806208.00 16526838784.00 16537766912.00 16548461568.00 
16551892992.00 16571845632.00 16582491136.00 16593414144.00 16604135424.00 16615306240.00 16626321408.00 16637336576.00 16648301568.00 16659376128.00 16670216192.00 16681345024.00 16692276224.00 16703411200.00 16714382336.00 16725327872.00 16736407552.00 16747446272.00 16758464512.00 16769633280.00 
16779223040.00 16791534592.00 16802529280.00 16813563904.00 16824657920.00 16835240960.00 16846580736.00 16857625600.00 16868532224.00 16879607808.00 16890589184.00 16901746688.00 16912745472.00 16923766784.00 16934798336.00 16945752064.00 16956542976.00 16967767040.00 16978691072.00 16989953024.00 
17000588288.00 17012065280.00 17022919680.00 17033975808.00 17044834304.00 17055868928.00 17066971136.00 17077961728.00 17088946176.00 17099996160.00 17110230016.00 17121847296.00 17132813312.00 17144082432.00 17155030016.00 17165843456.00 17177410560.00 17188241408.00 17199214592.00 17210243072.00 
17220599808.00 17232529408.00 17243279360.00 17254273024.00 17265235968.00 17276186624.00 17287325696.00 17298257920.00 17309122560.00 17320409088.00 17331247104.00 17342326784.00 17353480192.00 17364451328.00 17375467520.00 17386121216.00 17397426176.00 17408557056.00 17419550720.00 17431113728.00 
17441290240.00 17452593152.00 17463576576.00 17474582528.00 17485410304.00 17496635392.00 17507610624.00 17518718976.00 17529634816.00 17540689920.00 17551593472.00 17562789888.00 17573660672.00 17584783360.00 17595791360.00 17606744064.00 17617745920.00 17628741632.00 17639712768.00 17650507776.00 
17655365632.00 17673398272.00 17684170752.00 17695166464.00 17706070016.00 17717065728.00 17728090112.00 17739124736.00 17750034432.00 17761124352.00 17772044288.00 17783109632.00 17794162688.00 17805307904.00 17816117248.00 17827133440.00 17838024704.00 17849049088.00 17860300800.00 17870790656.00 
17882007552.00 17893322752.00 17904340992.00 17915353088.00 17926234112.00 17935343616.00 17948409856.00 17959442432.00 17970460672.00 17981458432.00 17992357888.00 18003523584.00 18014283776.00 18025510912.00 18036549632.00 18047471616.00 18058321920.00 18069751808.00 18080663552.00 18091689984.00 
18102038528.00 18113421312.00 18124701696.00 18135810048.00 18146691072.00 18157682688.00 18168719360.00 18179153920.00 18190571520.00 18201821184.00 18212052992.00 18223788032.00 18234718208.00 18245922816.00 18256898048.00 18267807744.00 18278823936.00 18289924096.00 18300981248.00 18311979008.00 
18322710528.00 18333857792.00 18345054208.00 18355994624.00 18366746624.00 18377887744.00 18388662272.00 18401038336.00 18411335680.00 18422304768.00 18433138688.00 18444318720.00 18455169024.00 18466287616.00 18477301760.00 18487920640.00 18499317760.00 18510338048.00 18521364480.00 18532253696.00 
18542063616.00 18554439680.00 18565429248.00 18576467968.00 18587283456.00 18598420480.00 18609475584.00 18620487680.00 18631440384.00 18642591744.00 18653409280.00 18664552448.00 18675369984.00 18686705664.00 18697662464.00 18708623360.00 18719434752.00 18731008000.00 18741655552.00 18752741376.00 
18762104832.00 18774810624.00 18785705984.00 18796802048.00 18807724032.00 18818775040.00 18829903872.00 18840799232.00 18851809280.00 18862864384.00 18873739264.00 18884890624.00 18895628288.00 18906798080.00 18917212160.00 18929240064.00 18940108800.00 18951149568.00 18962124800.00 18973046784.00 
18983483392.00 18995212288.00 19006113792.00 19017146368.00 19028064256.00 19038814208.00 19050143744.00 19061145600.00 19072024576.00 19083302912.00 19094163456.00 19105357824.00 19116265472.00 19127220224.00 19138424832.00 19149346816.00 19160295424.00 19171422208.00 19182407680.00 19193319424.00 
19204157440.00 19215411200.00 19226630144.00 19237500928.00 19248279552.00 19259475968.00 19270457344.00 19281565696.00 19292487680.00 19303503872.00 19310512128.00 19325808640.00 19336640512.00 19347738624.00 19358722048.00 19369633792.00 19380645888.00 19391690752.00 19402778624.00 19413780480.00 
19423531008.00 19435794432.00 19446896640.00 19457867776.00 19468814336.00 19479941120.00 19490957312.00 19502039040.00 19512842240.00 19523946496.00 19534862336.00 19546077184.00 19556984832.00 19568041984.00 19579019264.00 19589650432.00 19600781312.00 19611938816.00 19623725056.00 19634206720.00 
19644911616.00 19656218624.00 19667228672.00 19678232576.00 19689183232.00 19700228096.00 19711299584.00 19722301440.00 19733288960.00 19744296960.00 19755243520.00 19766341632.00 19777150976.00 19788310528.00 19799420928.00 19810414592.00 19821447168.00 19832457216.00 19843497984.00 19854450688.00 
19862241280.00 19876671488.00 19887642624.00 19898624000.00 19909627904.00 19920617472.00 19931635712.00 19942633472.00 19953438720.00 19964690432.00 19975608320.00 19986716672.00 19997724672.00 20008751104.00 20019869696.00 20030709760.00 20041676800.00 20052834304.00 20063352832.00 20074954752.00 
20085604352.00 20096942080.00 20107929600.00 20118884352.00 20129730560.00 20140580864.00 20151754752.00 20163024896.00 20174006272.00 20185092096.00 20195928064.00 20207210496.00 20217970688.00 20228902912.00 20240228352.00 20251119616.00 20262115328.00 20273213440.00 20284229632.00 20295223296.00 
20304945152.00 20317239296.00 20328202240.00 20339243008.00 20350257152.00 20361232384.00 20371935232.00 20383465472.00 20394291200.00 20405354496.00 20415621120.00 20427401216.00 20438503424.00 20449492992.00 20460449792.00 20471410688.00 20482252800.00 20493162496.00 20504621056.00 20515602432.00 
20526305280.00 20537589760.00 20548452352.00 20559513600.00 20570537984.00 20581609472.00 20592625664.00 20603828224.00 20614705152.00 20625790976.00 20636620800.00 20648140800.00 20658567168.00 20669667328.00 20680761344.00 20689821696.00 20702889984.00 20713949184.00 20724883456.00 20735950848.00 
20746319872.00 20757962752.00 20768866304.00 20780062720.00 20790949888.00 20801959936.00 20813025280.00 20824025088.00 20834816000.00 20846419968.00 20856993792.00 20868163584.00 20879171584.00 20890169344.00 20901160960.00 20912228352.00 20923103232.00 20934254592.00 20945229824.00 20956346368.00 
20965642240.00 20978407424.00 20989317120.00 21000316928.00 21011091456.00 21022406656.00 21033379840.00 21044643840.00 21055320064.00 21066223616.00 21077317632.00 21088436224.00 21099378688.00 21110028288.00 21121550336.00 21132503040.00 21143517184.00 21154615296.00 21165572096.00 21176563712.00 
21186332672.00 21198628864.00 21209634816.00 21220491264.00 21231640576.00 21242300416.00 21253904384.00 21264680960.00 21275631616.00 21286819840.00 21297633280.00 21308448768.00 21319772160.00 21330814976.00 21341837312.00 21352783872.00 21363630080.00 21374801920.00 21385943040.00 21396932608.00 
21407641600.00 21418881024.00 21429882880.00 21441026048.00 21451882496.00 21462958080.00 21474140160.00 21485035520.00 21495975936.00 21507112960.00 21517273088.00 21529063424.00 21539866624.00 21551147008.00 21562066944.00 21573076992.00 21584115712.00 21595271168.00 21606168576.00 21617199104.00 
21627596800.00 21639221248.00 21650204672.00 21661349888.00 21672208384.00 21683204096.00 21694234624.00 21705336832.00 21716054016.00 21727387648.00 21738164224.00 21749133312.00 21760223232.00 21771362304.00 21782224896.00 21792919552.00 21804214272.00 21815197696.00 21826285568.00 21837295616.00 
21848010752.00 21859291136.00 21870286848.00 21881241600.00 21891958784.00 21903140864.00 21914130432.00 21925111808.00 21936015360.00 21947011072.00 21957836800.00 21968834560.00 21979578368.00 21990471680.00 22001217536.00 22011879424.00 22022318080.00 22032494592.00 22041702400.00 22047191040.00 
end   dump: w
==END   DUMP_ARRAYS==
Time in seconds = 0.047234
Sender: LSF System <lsfadmin@polus-c2-ib.bmc.hpc.cs.msu.ru>
Subject: Job 494095: <./large.o> in cluster <MSUCluster> Done

Job <./large.o> was submitted from host <polus-ib.bmc.hpc.cs.msu.ru> by user <edu-cmc-skpod19-328-11> in cluster <MSUCluster> at Fri Nov 29 23:40:33 2019
Job was executed on host(s) <15*polus-c2-ib.bmc.hpc.cs.msu.ru>, in queue <short>, as user <edu-cmc-skpod19-328-11> in cluster <MSUCluster> at Fri Nov 29 23:44:36 2019
                            <6*polus-c4-ib.bmc.hpc.cs.msu.ru>
</home_edu/edu-cmc-skpod19-328/edu-cmc-skpod19-328-11> was used as the home directory.
</home_edu/edu-cmc-skpod19-328/edu-cmc-skpod19-328-11/dep_gemver> was used as the working directory.
Started at Fri Nov 29 23:44:36 2019
Terminated at Fri Nov 29 23:44:37 2019
Results reported at Fri Nov 29 23:44:37 2019

Your job looked like:

------------------------------------------------------------
# LSBATCH: User input
./large.o
------------------------------------------------------------

Successfully completed.

Resource usage summary:

    CPU time :                                   17.60 sec.
    Max Memory :                                 1 MB
    Average Memory :                             1.00 MB
    Total Requested Memory :                     -
    Delta Memory :                               -
    Max Swap :                                   -
    Max Processes :                              1
    Max Threads :                                1
    Run time :                                   2 sec.
    Turnaround time :                            244 sec.

The output (if any) follows:

==BEGIN DUMP_ARRAYS==
begin dump: w
0.00 0.00 0.00 0.00 0.00 0.00 0.00 0.00 0.00 0.00 0.00 0.00 0.00 0.00 0.00 0.00 0.00 0.00 0.00 0.00 
0.00 0.00 0.00 0.00 0.00 0.00 0.00 0.00 0.00 0.00 0.00 0.00 0.00 0.00 0.00 0.00 0.00 0.00 0.00 0.00 
0.00 0.00 0.00 0.00 0.00 0.00 0.00 0.00 0.00 0.00 0.00 0.00 0.00 0.00 0.00 0.00 0.00 0.00 0.00 0.00 
0.00 0.00 0.00 0.00 0.00 0.00 0.00 0.00 0.00 0.00 0.00 0.00 0.00 0.00 0.00 0.00 0.00 0.00 0.00 0.00 
0.00 0.00 0.00 0.00 0.00 0.00 0.00 0.00 0.00 0.00 0.00 0.00 0.00 0.00 0.00 0.00 0.00 0.00 0.00 0.00 
0.00 0.00 0.00 0.00 0.00 0.00 0.00 0.00 0.00 0.00 0.00 0.00 0.00 0.00 0.00 0.00 0.00 0.00 0.00 0.00 
0.00 0.00 0.00 0.00 0.00 0.00 0.00 0.00 0.00 0.00 0.00 0.00 0.00 0.00 0.00 0.00 0.00 0.00 0.00 0.00 
0.00 0.00 0.00 0.00 0.00 0.00 0.00 0.00 0.00 0.00 0.00 0.00 0.00 0.00 0.00 0.00 0.00 0.00 0.00 0.00 
0.00 0.00 0.00 0.00 0.00 0.00 0.00 0.00 0.00 0.00 0.00 0.00 0.00 0.00 0.00 0.00 0.00 0.00 0.00 0.00 
0.00 0.00 0.00 0.00 0.00 0.00 0.00 0.00 0.00 0.00 0.00 0.00 0.00 0.00 0.00 0.00 0.00 0.00 0.00 0.00 
0.00 0.00 0.00 0.00 0.00 0.00 0.00 0.00 0.00 0.00 0.00 0.00 0.00 0.00 0.00 0.00 0.00 0.00 0.00 0.00 
0.00 0.00 0.00 0.00 0.00 0.00 0.00 0.00 0.00 0.00 0.00 0.00 0.00 0.00 0.00 0.00 0.00 0.00 0.00 0.00 
0.00 0.00 0.00 0.00 0.00 0.00 0.00 0.00 0.00 0.00 0.00 0.00 0.00 0.00 0.00 0.00 0.00 0.00 0.00 0.00 
0.00 0.00 0.00 0.00 0.00 0.00 0.00 0.00 0.00 0.00 0.00 0.00 0.00 0.00 0.00 0.00 0.00 0.00 0.00 0.00 
0.00 0.00 0.00 0.00 0.00 0.00 0.00 0.00 0.00 0.00 0.00 0.00 0.00 0.00 0.00 0.00 0.00 0.00 0.00 0.00 
0.00 0.00 0.00 0.00 0.00 0.00 0.00 0.00 0.00 0.00 0.00 0.00 0.00 0.00 0.00 0.00 0.00 0.00 0.00 0.00 
0.00 0.00 0.00 0.00 0.00 0.00 0.00 0.00 0.00 0.00 0.00 0.00 0.00 0.00 0.00 0.00 0.00 0.00 0.00 0.00 
0.00 0.00 0.00 0.00 0.00 0.00 0.00 0.00 0.00 0.00 0.00 0.00 0.00 0.00 0.00 0.00 0.00 0.00 0.00 0.00 
0.00 0.00 0.00 0.00 0.00 0.00 0.00 0.00 0.00 0.00 0.00 0.00 0.00 0.00 0.00 0.00 0.00 0.00 0.00 0.00 
0.00 0.00 0.00 0.00 0.00 0.00 0.00 0.00 0.00 0.00 0.00 0.00 0.00 0.00 0.00 0.00 0.00 0.00 0.00 0.00 
0.00 0.00 0.00 0.00 0.00 0.00 0.00 0.00 0.00 0.00 0.00 0.00 0.00 0.00 0.00 0.00 0.00 0.00 0.00 0.00 
0.00 0.00 0.00 0.00 0.00 0.00 0.00 0.00 0.00 0.00 0.00 0.00 0.00 0.00 0.00 0.00 0.00 0.00 0.00 0.00 
0.00 0.00 0.00 0.00 0.00 0.00 0.00 0.00 0.00 0.00 0.00 0.00 0.00 0.00 0.00 0.00 0.00 0.00 0.00 0.00 
0.00 0.00 0.00 0.00 0.00 0.00 0.00 0.00 0.00 0.00 0.00 0.00 0.00 0.00 0.00 0.00 0.00 0.00 0.00 0.00 
0.00 0.00 0.00 0.00 0.00 0.00 0.00 0.00 0.00 0.00 0.00 0.00 0.00 0.00 0.00 0.00 0.00 0.00 0.00 0.00 
0.00 0.00 0.00 0.00 0.00 0.00 0.00 0.00 0.00 0.00 0.00 0.00 0.00 0.00 0.00 0.00 0.00 0.00 0.00 0.00 
0.00 0.00 0.00 0.00 0.00 0.00 0.00 0.00 0.00 0.00 0.00 0.00 0.00 0.00 0.00 0.00 0.00 0.00 0.00 0.00 
0.00 0.00 0.00 0.00 0.00 0.00 0.00 0.00 0.00 0.00 0.00 0.00 0.00 0.00 0.00 0.00 0.00 0.00 0.00 0.00 
0.00 0.00 0.00 0.00 0.00 0.00 0.00 0.00 0.00 0.00 0.00 0.00 0.00 0.00 0.00 0.00 0.00 0.00 0.00 0.00 
0.00 0.00 0.00 0.00 0.00 0.00 0.00 0.00 0.00 0.00 0.00 0.00 0.00 0.00 0.00 0.00 0.00 0.00 0.00 0.00 
0.00 0.00 0.00 0.00 0.00 0.00 0.00 0.00 0.00 0.00 0.00 0.00 0.00 0.00 0.00 0.00 0.00 0.00 0.00 0.00 
0.00 0.00 0.00 0.00 0.00 0.00 0.00 0.00 0.00 0.00 0.00 0.00 0.00 0.00 0.00 0.00 0.00 0.00 0.00 0.00 
0.00 0.00 0.00 0.00 0.00 0.00 0.00 0.00 0.00 0.00 0.00 0.00 0.00 0.00 0.00 0.00 0.00 0.00 0.00 0.00 
0.00 0.00 0.00 0.00 0.00 0.00 0.00 0.00 0.00 0.00 0.00 0.00 0.00 0.00 0.00 0.00 0.00 0.00 0.00 0.00 
0.00 0.00 0.00 0.00 0.00 0.00 0.00 0.00 0.00 0.00 0.00 0.00 0.00 0.00 0.00 0.00 0.00 0.00 0.00 0.00 
0.00 0.00 0.00 0.00 0.00 0.00 0.00 0.00 0.00 0.00 0.00 0.00 0.00 0.00 0.00 0.00 0.00 0.00 0.00 0.00 
0.00 0.00 0.00 0.00 0.00 0.00 0.00 0.00 0.00 0.00 0.00 0.00 0.00 0.00 0.00 0.00 0.00 0.00 0.00 0.00 
0.00 0.00 0.00 0.00 0.00 0.00 0.00 0.00 0.00 0.00 0.00 0.00 0.00 0.00 0.00 0.00 0.00 0.00 0.00 0.00 
0.00 0.00 0.00 0.00 0.00 0.00 0.00 0.00 0.00 0.00 0.00 0.00 0.00 0.00 0.00 0.00 0.00 0.00 0.00 0.00 
0.00 0.00 0.00 0.00 0.00 0.00 0.00 0.00 0.00 0.00 0.00 0.00 0.00 0.00 0.00 0.00 0.00 0.00 0.00 0.00 
0.00 0.00 0.00 0.00 0.00 0.00 0.00 0.00 0.00 0.00 0.00 0.00 0.00 0.00 0.00 0.00 0.00 0.00 0.00 0.00 
0.00 0.00 0.00 0.00 0.00 0.00 0.00 0.00 0.00 0.00 0.00 0.00 0.00 0.00 0.00 0.00 0.00 0.00 0.00 0.00 
0.00 0.00 0.00 0.00 0.00 0.00 0.00 0.00 0.00 0.00 0.00 0.00 0.00 0.00 0.00 0.00 0.00 0.00 0.00 0.00 
0.00 0.00 0.00 0.00 0.00 0.00 0.00 0.00 0.00 0.00 0.00 0.00 0.00 0.00 0.00 0.00 0.00 0.00 0.00 0.00 
0.00 0.00 0.00 0.00 0.00 0.00 0.00 0.00 0.00 0.00 0.00 0.00 0.00 0.00 0.00 0.00 0.00 0.00 0.00 0.00 
0.00 0.00 0.00 0.00 0.00 0.00 0.00 0.00 0.00 0.00 0.00 0.00 0.00 0.00 0.00 0.00 0.00 0.00 0.00 0.00 
0.00 0.00 0.00 0.00 0.00 0.00 0.00 0.00 0.00 0.00 0.00 0.00 0.00 0.00 0.00 0.00 0.00 0.00 0.00 0.00 
0.00 0.00 0.00 0.00 0.00 0.00 0.00 0.00 0.00 0.00 0.00 0.00 0.00 0.00 0.00 0.00 0.00 0.00 0.00 0.00 
0.00 0.00 0.00 0.00 0.00 0.00 0.00 0.00 0.00 0.00 0.00 0.00 0.00 0.00 0.00 0.00 0.00 0.00 0.00 0.00 
0.00 0.00 0.00 0.00 0.00 0.00 0.00 0.00 0.00 0.00 0.00 0.00 0.00 0.00 0.00 0.00 0.00 0.00 0.00 0.00 
0.00 0.00 0.00 0.00 0.00 0.00 0.00 0.00 0.00 0.00 0.00 0.00 0.00 0.00 0.00 0.00 0.00 0.00 0.00 0.00 
0.00 0.00 0.00 0.00 0.00 0.00 0.00 0.00 0.00 0.00 0.00 0.00 0.00 0.00 0.00 0.00 0.00 0.00 0.00 0.00 
0.00 0.00 0.00 0.00 0.00 0.00 0.00 0.00 0.00 0.00 0.00 0.00 0.00 0.00 0.00 0.00 0.00 0.00 0.00 0.00 
0.00 0.00 0.00 0.00 0.00 0.00 0.00 0.00 0.00 0.00 0.00 0.00 0.00 0.00 0.00 0.00 0.00 0.00 0.00 0.00 
0.00 0.00 0.00 0.00 0.00 0.00 0.00 0.00 0.00 0.00 0.00 0.00 0.00 0.00 0.00 0.00 0.00 0.00 0.00 0.00 
0.00 0.00 0.00 0.00 0.00 0.00 0.00 0.00 0.00 0.00 0.00 0.00 0.00 0.00 0.00 0.00 0.00 0.00 0.00 0.00 
0.00 0.00 0.00 0.00 0.00 0.00 0.00 0.00 0.00 0.00 0.00 0.00 0.00 0.00 0.00 0.00 0.00 0.00 0.00 0.00 
0.00 0.00 0.00 0.00 0.00 0.00 0.00 0.00 0.00 0.00 0.00 0.00 0.00 0.00 0.00 0.00 0.00 0.00 0.00 0.00 
0.00 0.00 0.00 0.00 0.00 0.00 0.00 0.00 0.00 0.00 0.00 0.00 0.00 0.00 0.00 0.00 0.00 0.00 0.00 0.00 
0.00 0.00 0.00 0.00 0.00 0.00 0.00 0.00 0.00 0.00 0.00 0.00 0.00 0.00 0.00 0.00 0.00 0.00 0.00 0.00 
0.00 0.00 0.00 0.00 0.00 0.00 0.00 0.00 0.00 0.00 0.00 0.00 0.00 0.00 0.00 0.00 0.00 0.00 0.00 0.00 
0.00 0.00 0.00 0.00 0.00 0.00 0.00 0.00 0.00 0.00 0.00 0.00 0.00 0.00 0.00 0.00 0.00 0.00 0.00 0.00 
0.00 0.00 0.00 0.00 0.00 0.00 0.00 0.00 0.00 0.00 0.00 0.00 0.00 0.00 0.00 0.00 0.00 0.00 0.00 0.00 
0.00 0.00 0.00 0.00 0.00 0.00 0.00 0.00 0.00 0.00 0.00 0.00 0.00 0.00 0.00 0.00 0.00 0.00 0.00 0.00 
0.00 0.00 0.00 0.00 0.00 0.00 0.00 0.00 0.00 0.00 0.00 0.00 0.00 0.00 0.00 0.00 0.00 0.00 0.00 0.00 
0.00 0.00 0.00 0.00 0.00 0.00 0.00 0.00 0.00 0.00 0.00 0.00 0.00 0.00 0.00 0.00 0.00 0.00 0.00 0.00 
0.00 0.00 0.00 0.00 0.00 0.00 0.00 0.00 0.00 0.00 0.00 0.00 0.00 0.00 0.00 0.00 0.00 0.00 0.00 0.00 
0.00 0.00 0.00 0.00 0.00 0.00 0.00 0.00 0.00 0.00 0.00 0.00 0.00 0.00 0.00 0.00 0.00 0.00 0.00 0.00 
0.00 0.00 0.00 0.00 0.00 0.00 0.00 0.00 0.00 0.00 0.00 0.00 0.00 0.00 0.00 0.00 0.00 0.00 0.00 0.00 
0.00 0.00 0.00 0.00 0.00 0.00 0.00 0.00 0.00 0.00 0.00 0.00 0.00 0.00 0.00 0.00 0.00 0.00 0.00 0.00 
0.00 0.00 0.00 0.00 0.00 0.00 0.00 0.00 0.00 0.00 0.00 0.00 0.00 0.00 0.00 0.00 0.00 0.00 0.00 0.00 
0.00 0.00 0.00 0.00 0.00 0.00 0.00 0.00 0.00 0.00 0.00 0.00 0.00 0.00 0.00 0.00 0.00 0.00 0.00 0.00 
0.00 0.00 0.00 0.00 0.00 0.00 0.00 0.00 0.00 0.00 0.00 0.00 0.00 0.00 0.00 0.00 0.00 0.00 0.00 0.00 
0.00 0.00 0.00 0.00 0.00 0.00 0.00 0.00 0.00 0.00 0.00 0.00 0.00 0.00 0.00 0.00 0.00 0.00 0.00 0.00 
0.00 0.00 0.00 0.00 0.00 0.00 0.00 0.00 0.00 0.00 0.00 0.00 0.00 0.00 0.00 0.00 0.00 0.00 0.00 0.00 
0.00 0.00 0.00 0.00 0.00 0.00 0.00 0.00 0.00 0.00 0.00 0.00 0.00 0.00 0.00 0.00 0.00 0.00 0.00 0.00 
0.00 0.00 0.00 0.00 0.00 0.00 0.00 0.00 0.00 0.00 0.00 0.00 0.00 0.00 0.00 0.00 0.00 0.00 0.00 0.00 
0.00 0.00 0.00 0.00 0.00 0.00 0.00 0.00 0.00 0.00 0.00 0.00 0.00 0.00 0.00 0.00 0.00 0.00 0.00 0.00 
0.00 0.00 0.00 0.00 0.00 0.00 0.00 0.00 0.00 0.00 0.00 0.00 0.00 0.00 0.00 0.00 0.00 0.00 0.00 0.00 
0.00 0.00 0.00 0.00 0.00 0.00 0.00 0.00 0.00 0.00 0.00 0.00 0.00 0.00 0.00 0.00 0.00 0.00 0.00 0.00 
0.00 0.00 0.00 0.00 0.00 0.00 0.00 0.00 0.00 0.00 0.00 0.00 0.00 0.00 0.00 0.00 0.00 0.00 0.00 0.00 
0.00 0.00 0.00 0.00 0.00 0.00 0.00 0.00 0.00 0.00 0.00 0.00 0.00 0.00 0.00 0.00 0.00 0.00 0.00 0.00 
0.00 0.00 0.00 0.00 0.00 0.00 0.00 0.00 0.00 0.00 0.00 0.00 0.00 0.00 0.00 0.00 0.00 0.00 0.00 0.00 
0.00 0.00 0.00 0.00 0.00 0.00 0.00 0.00 0.00 0.00 0.00 0.00 0.00 0.00 0.00 0.00 0.00 0.00 0.00 0.00 
0.00 0.00 0.00 0.00 0.00 0.00 0.00 0.00 0.00 0.00 0.00 0.00 0.00 0.00 0.00 0.00 0.00 0.00 0.00 0.00 
0.00 0.00 0.00 0.00 0.00 0.00 0.00 0.00 0.00 0.00 0.00 0.00 0.00 0.00 0.00 0.00 0.00 0.00 0.00 0.00 
0.00 0.00 0.00 0.00 0.00 0.00 0.00 0.00 0.00 0.00 0.00 0.00 0.00 0.00 0.00 0.00 0.00 0.00 0.00 0.00 
0.00 0.00 0.00 0.00 0.00 0.00 0.00 0.00 0.00 0.00 0.00 0.00 0.00 0.00 0.00 0.00 0.00 0.00 0.00 0.00 
0.00 0.00 0.00 0.00 0.00 0.00 0.00 0.00 0.00 0.00 0.00 0.00 0.00 0.00 0.00 0.00 0.00 0.00 0.00 0.00 
0.00 0.00 0.00 0.00 0.00 0.00 0.00 0.00 0.00 0.00 0.00 0.00 0.00 0.00 0.00 0.00 0.00 0.00 0.00 0.00 
0.00 0.00 0.00 0.00 0.00 0.00 0.00 0.00 0.00 0.00 0.00 0.00 0.00 0.00 0.00 0.00 0.00 0.00 0.00 0.00 
0.00 0.00 0.00 0.00 0.00 0.00 0.00 0.00 0.00 0.00 0.00 0.00 0.00 0.00 0.00 0.00 0.00 0.00 0.00 0.00 
0.00 0.00 0.00 0.00 0.00 0.00 0.00 0.00 0.00 0.00 0.00 0.00 0.00 0.00 0.00 0.00 0.00 0.00 0.00 0.00 
0.00 0.00 0.00 0.00 0.00 0.00 0.00 0.00 0.00 0.00 0.00 0.00 0.00 0.00 0.00 0.00 0.00 0.00 0.00 0.00 
0.00 0.00 0.00 0.00 0.00 0.00 0.00 0.00 0.00 0.00 0.00 0.00 0.00 0.00 0.00 0.00 0.00 0.00 0.00 0.00 
0.00 0.00 0.00 0.00 0.00 0.00 0.00 0.00 0.00 0.00 0.00 0.00 0.00 0.00 0.00 0.00 0.00 0.00 0.00 0.00 
0.00 0.00 0.00 0.00 0.00 0.00 0.00 0.00 0.00 0.00 0.00 0.00 0.00 0.00 0.00 0.00 0.00 0.00 0.00 0.00 
0.00 0.00 0.00 0.00 0.00 0.00 0.00 0.00 0.00 0.00 0.00 0.00 0.00 0.00 0.00 0.00 0.00 0.00 0.00 0.00 
0.00 0.00 0.00 0.00 0.00 0.00 0.00 0.00 0.00 0.00 0.00 0.00 0.00 0.00 0.00 0.00 0.00 0.00 0.00 0.00 
0.00 0.00 0.00 0.00 0.00 0.00 0.00 0.00 0.00 0.00 0.00 0.00 0.00 0.00 0.00 0.00 0.00 0.00 0.00 0.00 
end   dump: w
==END   DUMP_ARRAYS==
==BEGIN DUMP_ARRAYS==
begin dump: w
1844.91 55317792.00 60874476.00 70119272.00 80195232.00 90709264.00 101477368.00 112278576.00 123011312.00 134049744.00 144882256.00 156031056.00 166951296.00 177983440.00 188989568.00 199926336.00 210793312.00 222097792.00 233038800.00 244117008.00 
254882688.00 266227936.00 277331424.00 288444992.00 299243840.00 310038880.00 321508864.00 332466528.00 343532768.00 354796480.00 365559840.00 376704480.00 387591648.00 398876800.00 409954528.00 420922848.00 431994144.00 443043584.00 454169664.00 465265120.00 
475678496.00 487406144.00 498450528.00 509421184.00 520559808.00 531604448.00 542749952.00 553782272.00 564603520.00 575939712.00 586193536.00 598038208.00 609076736.00 620201472.00 631096832.00 642245440.00 653277568.00 664434944.00 675572480.00 686655552.00 
697336000.00 708736896.00 719715328.00 730964608.00 741691072.00 752950720.00 764068992.00 775165632.00 786162304.00 797659968.00 808190976.00 819357376.00 830374464.00 841623488.00 852425600.00 863307072.00 874720128.00 886029632.00 896899072.00 907986944.00 
917738432.00 930125120.00 941187136.00 952212608.00 963276608.00 974291712.00 985402304.00 997006272.00 1007497792.00 1018701504.00 1029577536.00 1041054400.00 1051842880.00 1062708032.00 1073986688.00 1084947328.00 1095929856.00 1107238400.00 1118272256.00 1129269376.00 
1138809728.00 1151426560.00 1162554624.00 1173619968.00 1184590848.00 1195619968.00 1206863232.00 1217955328.00 1228881280.00 1240037888.00 1250975616.00 1261917696.00 1273065984.00 1284395904.00 1295403136.00 1306438784.00 1317528192.00 1328573824.00 1339788800.00 1350764416.00 
1361196032.00 1372910080.00 1384004736.00 1395031680.00 1406036480.00 1415104384.00 1428339200.00 1439519104.00 1450168064.00 1461152896.00 1472403456.00 1483579136.00 1494627072.00 1505640576.00 1516882432.00 1527861504.00 1538871808.00 1550180480.00 1561283328.00 1572225664.00 
1582940672.00 1594304640.00 1605323136.00 1616860800.00 1627316736.00 1638584704.00 1649697152.00 1660730368.00 1671694592.00 1682926976.00 1693161472.00 1705083008.00 1715969408.00 1727075712.00 1738641408.00 1749286912.00 1760351616.00 1771510528.00 1782579712.00 1793632512.00 
1803367552.00 1815750656.00 1826770304.00 1837883776.00 1848936704.00 1859939968.00 1870979328.00 1882391936.00 1893167104.00 1904201600.00 1915230848.00 1926426496.00 1937464960.00 1948591872.00 1959878912.00 1970340352.00 1981549952.00 1992971008.00 2003929856.00 2014991616.00 
2025745152.00 2037101824.00 2048701056.00 2059305600.00 2070284672.00 2081393408.00 2092406528.00 2103603072.00 2114601088.00 2125743232.00 2136623872.00 2147888384.00 2158701824.00 2170042112.00 2181069056.00 2192044800.00 2203120384.00 2214280960.00 2225280000.00 2236308992.00 
2244199936.00 2258643200.00 2269640704.00 2280749568.00 2291722752.00 2302776064.00 2313919488.00 2325129472.00 2335833600.00 2347195392.00 2358029312.00 2369338368.00 2380320000.00 2391441920.00 2402465024.00 2413510144.00 2424509696.00 2435721472.00 2446746624.00 2457842176.00 
2468576256.00 2479951616.00 2490466560.00 2502333184.00 2513033728.00 2523934464.00 2535385600.00 2546439680.00 2557465856.00 2568518912.00 2579489024.00 2590760192.00 2601681408.00 2612769024.00 2623879168.00 2634823936.00 2646057984.00 2657149696.00 2668150528.00 2679332096.00 
2689037312.00 2701448192.00 2712472320.00 2723653888.00 2734641664.00 2745649920.00 2756753408.00 2767828480.00 2778745856.00 2789884416.00 2796955392.00 2812282880.00 2823244032.00 2834304256.00 2845444352.00 2856370688.00 2867253248.00 2878574336.00 2889472256.00 2900773888.00 
2911456000.00 2922997504.00 2933906944.00 2944981248.00 2955937280.00 2967047680.00 2978119424.00 2989396480.00 3000307200.00 3011374592.00 3022325504.00 3033548288.00 3044366592.00 3055785216.00 3066821888.00 3077435648.00 3088939264.00 3099997184.00 3111059968.00 3122044928.00 
3132524288.00 3144323072.00 3155269376.00 3166321152.00 3177320192.00 3188193280.00 3200393472.00 3210902528.00 3221608960.00 3232903680.00 3243808000.00 3255044864.00 3266043392.00 3277207296.00 3288135936.00 3299191808.00 3310200832.00 3321411840.00 3332501248.00 3343527424.00 
3352985856.00 3365691648.00 3376780800.00 3387523328.00 3398658560.00 3409890560.00 3420999424.00 3432061184.00 3443345408.00 3454300928.00 3465200384.00 3476380160.00 3487357696.00 3498587136.00 3509607936.00 3520607232.00 3531840000.00 3542822144.00 3553885440.00 3564965376.00 
3574733312.00 3587237376.00 3598149376.00 3609271808.00 3620253952.00 3630989568.00 3642448128.00 3653546496.00 3664470528.00 3675606784.00 3686532864.00 3697706240.00 3708645888.00 3719065344.00 3731480320.00 3742227712.00 3753042944.00 3764359424.00 3775305472.00 3786607360.00 
3797190912.00 3808570880.00 3819610624.00 3830756352.00 3841652480.00 3852840448.00 3863896064.00 3874962688.00 3886112512.00 3897182976.00 3907381760.00 3919275776.00 3930063104.00 3942039552.00 3952516352.00 3963486464.00 3974567168.00 3985618944.00 3996748032.00 4008088832.00 
4018237440.00 4029947136.00 4040995328.00 4051988736.00 4063366400.00 4074243328.00 4085308416.00 4096427008.00 4107216128.00 4118522368.00 4129428224.00 4140690944.00 4151655168.00 4162817280.00 4173871360.00 4182884608.00 4195952384.00 4207129856.00 4218158592.00 4229262592.00 
4239985920.00 4251892992.00 4262405632.00 4273744128.00 4284332288.00 4295626752.00 4306800128.00 4317693440.00 4328798720.00 4340015616.00 4350839808.00 4362088448.00 4373012480.00 4384211456.00 4395271168.00 4406241792.00 4417309184.00 4428380160.00 4439367168.00 4450236928.00 
4455122432.00 4473231872.00 4484073984.00 4495115776.00 4506075136.00 4517101568.00 4528192512.00 4539300352.00 4550233088.00 4561391104.00 4572329984.00 4583596544.00 4594600448.00 4605670912.00 4616797696.00 4627743232.00 4638644224.00 4650016256.00 4661035520.00 4672115200.00 
4682859520.00 4693689856.00 4705292288.00 4716367872.00 4727323136.00 4738137600.00 4749590528.00 4760685568.00 4771615232.00 4782923264.00 4793772032.00 4804946944.00 4815775232.00 4827202560.00 4838154240.00 4849263104.00 4860270592.00 4871385088.00 4882433024.00 4893263872.00 
4903937536.00 4915652096.00 4926700032.00 4937756160.00 4948541440.00 4960117760.00 4971088896.00 4982127616.00 4992942080.00 5004469760.00 5014516224.00 5026424320.00 5037422592.00 5048542720.00 5059574784.00 5070629888.00 5081614336.00 5092747264.00 5103826432.00 5114770944.00 
5125681152.00 5137000960.00 5148275200.00 5159280640.00 5170068480.00 5181283328.00 5192384512.00 5203498496.00 5214491136.00 5225637376.00 5236531200.00 5247864320.00 5258768384.00 5269963264.00 5281025024.00 5291668480.00 5302984192.00 5314234880.00 5325291008.00 5336363520.00 
5346109952.00 5358383616.00 5369559040.00 5380685824.00 5391660032.00 5402761728.00 5413854720.00 5424936960.00 5435884544.00 5447088128.00 5457970688.00 5469174272.00 5480189440.00 5491322368.00 5502337536.00 5513328128.00 5524176384.00 5535443456.00 5546405376.00 5557123072.00 
5560581120.00 5580611072.00 5591333376.00 5602353664.00 5613203456.00 5624290304.00 5635336192.00 5646425600.00 5657498624.00 5668563968.00 5679500800.00 5690709504.00 5701520896.00 5712864256.00 5723871232.00 5734904832.00 5745922048.00 5757052928.00 5768175616.00 5779282944.00 
5789668864.00 5801295360.00 5812512768.00 5823505408.00 5834568192.00 5845263360.00 5856644608.00 5867845120.00 5878640128.00 5889935872.00 5900873216.00 5912106496.00 5923095552.00 5934109184.00 5945349120.00 5956329984.00 5967325184.00 5978516992.00 5989530112.00 6000614400.00 
6011406848.00 6022833152.00 6033839616.00 6044919296.00 6055712256.00 6066832384.00 6078296064.00 6089188864.00 6100293632.00 6111178240.00 6121638400.00 6133463552.00 6144496128.00 6155673088.00 6166709248.00 6177682944.00 6188869632.00 6199976960.00 6210970624.00 6222019072.00 
6231827456.00 6244275200.00 6255287296.00 6266362368.00 6277320704.00 6288413184.00 6299453952.00 6310598144.00 6321557504.00 6332720128.00 6343574528.00 6354423296.00 6366333440.00 6377199104.00 6388216320.00 6398868992.00 6410079232.00 6421426688.00 6432450560.00 6443649536.00 
6454267904.00 6465627648.00 6476699648.00 6487783424.00 6498756608.00 6509863424.00 6521000448.00 6532068864.00 6542951936.00 6554266112.00 6565138944.00 6576418304.00 6587165184.00 6598513664.00 6609547264.00 6620561920.00 6631647232.00 6642614784.00 6653807616.00 6664839168.00 
6672681472.00 6687169024.00 6698170880.00 6709223424.00 6720252928.00 6731293696.00 6742264320.00 6753462784.00 6764303872.00 6775718400.00 6786562560.00 6797721088.00 6808786944.00 6819910656.00 6830935040.00 6841847808.00 6853110784.00 6864190976.00 6875262464.00 6886231040.00 
6897090560.00 6908485632.00 6919521280.00 6930675200.00 6941422080.00 6950694400.00 6963859968.00 6974914560.00 6985933824.00 6997047296.00 7007969792.00 7019151872.00 7030203904.00 7041373696.00 7052357632.00 7063426048.00 7074448896.00 7085619200.00 7096677888.00 7107732480.00 
7117509120.00 7129846272.00 7140993024.00 7152125952.00 7163013632.00 7174044160.00 7185229312.00 7196155392.00 7207260672.00 7218398720.00 7228695552.00 7240550912.00 7251581952.00 7262640128.00 7273780736.00 7284760576.00 7295646720.00 7306915840.00 7317995520.00 7329030144.00 
7339786240.00 7351116288.00 7362161664.00 7373170176.00 7384004096.00 7394843136.00 7404866048.00 7421438976.00 7429703680.00 7440421888.00 7451196928.00 7462328320.00 7473097216.00 7484390912.00 7495432704.00 7506092032.00 7517464064.00 7528605696.00 7539716608.00 7550697984.00 
7561135616.00 7572846592.00 7583925760.00 7595041280.00 7605973504.00 7617059328.00 7628196352.00 7639234048.00 7650067456.00 7661415424.00 7672328192.00 7683557888.00 7694510080.00 7705675264.00 7716744704.00 7727716864.00 7738801664.00 7750023680.00 7761021952.00 7772043264.00 
7781518848.00 7794214912.00 7805301760.00 7816389632.00 7827184640.00 7838413312.00 7849871872.00 7860660736.00 7871673856.00 7882831872.00 7893727232.00 7904907776.00 7915884032.00 7927043584.00 7937948672.00 7949211648.00 7960229888.00 7971554304.00 7982535168.00 7993483264.00 
8003252736.00 8015625728.00 8026671104.00 8037744640.00 8048781824.00 8059503104.00 8070921216.00 8081750016.00 8093124096.00 8104258048.00 8115141120.00 8126364672.00 8137376768.00 8148464128.00 8159547904.00 8170560000.00 8181424640.00 8192953344.00 8203833856.00 8214873600.00 
8225656832.00 8237094400.00 8248132608.00 8259232256.00 8270128640.00 8281228288.00 8292359680.00 8303563264.00 8314440192.00 8325453824.00 8332567040.00 8347915264.00 8358666752.00 8369968640.00 8380976640.00 8392013824.00 8403089920.00 8414215680.00 8425270272.00 8436350976.00 
8446766080.00 8458467328.00 8469782016.00 8480589312.00 8491622912.00 8502711296.00 8513912832.00 8524904448.00 8535688704.00 8546777088.00 8558034944.00 8569218048.00 8580258816.00 8591291392.00 8602349568.00 8613084160.00 8624415744.00 8635604992.00 8646806528.00 8657777664.00 
8668505088.00 8679889920.00 8690928640.00 8702088192.00 8712862720.00 8724090880.00 8735270912.00 8746301440.00 8757397504.00 8768529408.00 8779364352.00 8790604800.00 8801539072.00 8812681216.00 8823747584.00 8834764800.00 8845815808.00 8856979456.00 8867893248.00 8878760960.00 
8883630080.00 8901749760.00 8912589824.00 8923591680.00 8934586368.00 8945622016.00 8956794880.00 8967633920.00 8978751488.00 8990044160.00 9000849408.00 9012116480.00 9023071232.00 9034151936.00 9045275648.00 9056349184.00 9067164672.00 9078492160.00 9089431552.00 9100639232.00 
9111382016.00 9122743296.00 9133815808.00 9144834048.00 9155914752.00 9166648320.00 9178052608.00 9189155840.00 9200214016.00 9211307008.00 9222236160.00 9233481728.00 9244250112.00 9255407616.00 9266758656.00 9277727744.00 9288787968.00 9299848192.00 9310974976.00 9322045440.00 
9332460544.00 9344175104.00 9354953728.00 9366365184.00 9377333248.00 9388368896.00 9399426048.00 9410604032.00 9421419520.00 9432722432.00 9443002368.00 9454807040.00 9465894912.00 9477013504.00 9488041984.00 9499024384.00 9509950464.00 9519757312.00 9532619776.00 9543557120.00 
9554288640.00 9565650944.00 9576658944.00 9587748864.00 9598593024.00 9609882624.00 9620986880.00 9632107520.00 9643095040.00 9654169600.00 9665139712.00 9676391424.00 9687283712.00 9698412544.00 9709486080.00 9718513664.00 9731640320.00 9742706688.00 9753676800.00 9764891648.00 
9774648320.00 9787039744.00 9798088704.00 9809156096.00 9820189696.00 9831223296.00 9842334720.00 9853407232.00 9864271872.00 9876802560.00 9886620672.00 9897828352.00 9908796416.00 9919909888.00 9930935296.00 9941981184.00 9952841728.00 9964186624.00 9975320576.00 9986312192.00 
9995746304.00 10008475648.00 10019599360.00 10030559232.00 10041530368.00 10052667392.00 10063807488.00 10074895360.00 10085832704.00 10096031744.00 10108023808.00 10119228416.00 10130001920.00 10141208576.00 10152352768.00 10163382272.00 10174445568.00 10185651200.00 10196552704.00 10207807488.00 
10218140672.00 10229837824.00 10240908288.00 10251181056.00 10263093248.00 10273780736.00 10285243392.00 10296311808.00 10307110912.00 10318451712.00 10329342976.00 10340485120.00 10351553536.00 10362575872.00 10373809152.00 10384793600.00 10395807744.00 10406976512.00 10418056192.00 10429133824.00 
10439881728.00 10451086336.00 10462353408.00 10473388032.00 10484239360.00 10495490048.00 10506634240.00 10517660672.00 10528766976.00 10539843584.00 10550105088.00 10561995776.00 10572886016.00 10584146944.00 10595185664.00 10606215168.00 10617259008.00 10628445184.00 10639490048.00 10650530816.00 
10660296704.00 10672667648.00 10683683840.00 10695214080.00 10705840128.00 10716879872.00 10728051712.00 10739064832.00 10750074880.00 10761259008.00 10772172800.00 10783344640.00 10794405888.00 10805791744.00 10816565248.00 10827233280.00 10838465536.00 10849764352.00 10860831744.00 10871901184.00 
10882652160.00 10894025728.00 10905097216.00 10916124672.00 10927088640.00 10938202112.00 10949352448.00 10960274432.00 10971425792.00 10982375424.00 10993396736.00 11004674048.00 11015356416.00 11026579456.00 11037603840.00 11048551424.00 11059518464.00 11070404608.00 11080981504.00 11090665472.00 
11087868928.00 11118371840.00 11128019968.00 11138646016.00 11149421568.00 11160377344.00 11171402752.00 11182452736.00 11193177088.00 11204368384.00 11215361024.00 11226662912.00 11237518336.00 11248773120.00 11259661312.00 11270704128.00 11281712128.00 11292928000.00 11303917568.00 11315009536.00 
11325758464.00 11337149440.00 11348177920.00 11359272960.00 11370076160.00 11381009408.00 11392453632.00 11403255808.00 11414536192.00 11425703936.00 11436565504.00 11447785472.00 11458727936.00 11469984768.00 11480956928.00 11492023296.00 11503104000.00 11513828352.00 11525317632.00 11536391168.00 
11546119168.00 11558511616.00 11569511424.00 11580592128.00 11591681024.00 11602691072.00 11613810688.00 11624896512.00 11635919872.00 11647045632.00 11657327616.00 11669204992.00 11680178176.00 11691386880.00 11702378496.00 11713419264.00 11724310528.00 11735642112.00 11746653184.00 11757952000.00 
11768537088.00 11779908608.00 11790966784.00 11802061824.00 11813005312.00 11824110592.00 11835201536.00 11846480896.00 11857382400.00 11868558336.00 11879402496.00 11890596864.00 11901415424.00 11912738816.00 11923761152.00 11934476288.00 11945851904.00 11957868544.00 11968100352.00 11979216896.00 
11989596160.00 12001240064.00 12012447744.00 12023390208.00 12034496512.00 12045529088.00 12056658944.00 12067832832.00 12078538752.00 12089816064.00 12100710400.00 12113015808.00 12123110400.00 12134147072.00 12145193984.00 12156238848.00 12167273472.00 12178484224.00 12189407232.00 12200571904.00 
12210016256.00 12222735360.00 12233692160.00 12244854784.00 12255694848.00 12266931200.00 12278065152.00 12289131520.00 12300140544.00 12311214080.00 12322119680.00 12332232704.00 12344530944.00 12355648512.00 12366669824.00 12377688064.00 12388748288.00 12399891456.00 12410924032.00 12422007808.00 
12431772672.00 12444145664.00 12455341056.00 12466344960.00 12477299712.00 12486381568.00 12499524608.00 12510618624.00 12521516032.00 12532651008.00 12543605760.00 12554883072.00 12565848064.00 12576937984.00 12588018688.00 12599030784.00 12609952768.00 12621285376.00 12632346624.00 12643389440.00 
12654121984.00 12665490432.00 12676388864.00 12689290240.00 12698851328.00 12709873664.00 12720985088.00 12732027904.00 12743052288.00 12754238464.00 12764420096.00 12776326144.00 12787132416.00 12798433280.00 12809595904.00 12820526080.00 12831612928.00 12842684416.00 12854060032.00 12864862208.00 
12875284480.00 12887000064.00 12898053120.00 12909188096.00 12920153088.00 12931178496.00 12942256128.00 12953641984.00 12964292608.00 12975558656.00 12986509312.00 12997739520.00 13008719872.00 13019881472.00 13030947840.00 13041575936.00 13052897280.00 13064215552.00 13075190784.00 13086300160.00 
13097028608.00 13108415488.00 13119581184.00 13130550272.00 13141369856.00 13152561152.00 13163741184.00 13174897664.00 13185870848.00 13196924928.00 13207881728.00 13219002368.00 13230057472.00 13241402368.00 13252216832.00 13263289344.00 13274351616.00 13285440512.00 13296424960.00 13307289600.00 
13312158720.00 13330283520.00 13341113344.00 13352041472.00 13363123200.00 13374156800.00 13385262080.00 13396366336.00 13407270912.00 13418428416.00 13429372928.00 13440516096.00 13451539456.00 13462743040.00 13473739776.00 13484818432.00 13495680000.00 13506944000.00 13518086144.00 13529154560.00 
13539905536.00 13551263744.00 13562190848.00 13573444608.00 13584401408.00 13595161600.00 13606672384.00 13617754112.00 13628683264.00 13639827456.00 13650709504.00 13662261248.00 13672861696.00 13684137984.00 13695092736.00 13706189824.00 13717304320.00 13728458752.00 13739218944.00 13750584320.00 
13760978944.00 13772696576.00 13783746560.00 13794823168.00 13805854720.00 13816901632.00 13828035584.00 13839074304.00 13849878528.00 13861113856.00 13868208128.00 13883597824.00 13894507520.00 13905492992.00 13916646400.00 13927674880.00 13938677760.00 13949808640.00 13960870912.00 13971950592.00 
13982758912.00 13994172416.00 14005191680.00 14016083968.00 14027120640.00 14038345728.00 14049464320.00 14060575744.00 14071564288.00 14082684928.00 14093599744.00 14104776704.00 14115678208.00 14127287296.00 14138077184.00 14148754432.00 14160175104.00 14171301888.00 14182333440.00 14193406976.00 
14203164672.00 14215560192.00 14226489344.00 14237481984.00 14248705024.00 14259690496.00 14271074304.00 14282000384.00 14292909056.00 14304132096.00 14315015168.00 14326212608.00 14337264640.00 14348378112.00 14359141376.00 14370492416.00 14381344768.00 14392649728.00 14403701760.00 14414830592.00 
14424238080.00 14436993024.00 14447997952.00 14459033600.00 14470010880.00 14481199104.00 14492259328.00 14503355392.00 14514438144.00 14525486080.00 14536413184.00 14547631104.00 14558477312.00 14569805824.00 14580826112.00 14591847424.00 14602981376.00 14613989376.00 14625086464.00 14636204032.00 
14646607872.00 14658341888.00 14669297664.00 14680439808.00 14691464192.00 14702155776.00 14713568256.00 14724644864.00 14735438848.00 14746712064.00 14757543936.00 14768629760.00 14779246592.00 14787601408.00 14804133888.00 14814061568.00 14824793088.00 14835856384.00 14846842880.00 14857920512.00 
14868620288.00 14880030720.00 14891013120.00 14902141952.00 14912890880.00 14924149760.00 14935225344.00 14946412544.00 14957373440.00 14968488960.00 14978728960.00 14990650368.00 15001545728.00 15012888576.00 15023767552.00 15034859520.00 15045926912.00 15056922624.00 15068009472.00 15079193600.00 
15088903168.00 15101318144.00 15112352768.00 15123418112.00 15134486528.00 15145491456.00 15156637696.00 15167673344.00 15178606592.00 15189885952.00 15200779264.00 15211992064.00 15223014400.00 15234120704.00 15245153280.00 15254204416.00 15267120128.00 15278371840.00 15289483264.00 15300560896.00 
15311324160.00 15322804224.00 15333735424.00 15344857088.00 15355709440.00 15367069696.00 15378077696.00 15389146112.00 15400166400.00 15411331072.00 15422178304.00 15433338880.00 15444239360.00 15455578112.00 15466756096.00 15477630976.00 15488696320.00 15499817984.00 15510840320.00 15521880064.00 
15529736192.00 15544212480.00 15555214336.00 15566441472.00 15577295872.00 15588343808.00 15599467520.00 15610529792.00 15621371904.00 15632628736.00 15643607040.00 15654776832.00 15665988608.00 15676956672.00 15688009728.00 15699032064.00 15710046208.00 15721267200.00 15732307968.00 15743415296.00 
15754137600.00 15765394432.00 15776568320.00 15787629568.00 15798474752.00 15809371136.00 15820798976.00 15831859200.00 15842599936.00 15854637056.00 15865163776.00 15876324352.00 15887241216.00 15898450944.00 15909554176.00 15920500736.00 15931629568.00 15942682624.00 15953720320.00 15964775424.00 
15974590464.00 15987026944.00 15998052352.00 16009058304.00 16020063232.00 16031218688.00 16042309632.00 16053363712.00 16064309248.00 16075580416.00 16085790720.00 16097864704.00 16108655616.00 16119851008.00 16130710528.00 16142076928.00 16152818688.00 16164127744.00 16175156224.00 16186198016.00 
16197004288.00 16208432128.00 16219489280.00 16230513664.00 16241485824.00 16252580864.00 16263660544.00 16274935808.00 16285855744.00 16296945664.00 16307869696.00 16319102976.00 16329892864.00 16341201920.00 16352366592.00 16362969088.00 16374395904.00 16385534976.00 16396499968.00 16407738368.00 
16418075648.00 16429756416.00 16440838144.00 16451998720.00 16463019008.00 16473993216.00 16485149696.00 16496186368.00 16507022336.00 16518328320.00 16529249280.00 16540483584.00 16551437312.00 16562620416.00 16573671424.00 16584637440.00 16595600384.00 16606683136.00 16617674752.00 16628422656.00 
16631851008.00 16651925504.00 16662588416.00 16673601536.00 16684361728.00 16695595008.00 16706659328.00 16717720576.00 16728743936.00 16739863552.00 16750782464.00 16761949184.00 16772923392.00 16784108544.00 16795148288.00 16806141952.00 16817292288.00 16828366848.00 16839454720.00 16850652160.00 
16860312576.00 16872685568.00 16883715072.00 16894806016.00 16905954304.00 16916584448.00 16927989760.00 16939080704.00 16950033408.00 16961177600.00 16972208128.00 16983400448.00 16994442240.00 17005546496.00 17016626176.00 17027630080.00 17038471168.00 17049751552.00 17060723712.00 17072030720.00 
17082728448.00 17094279168.00 17105174528.00 17116292096.00 17127201792.00 17138267136.00 17149432832.00 17160501248.00 17171521536.00 17182627840.00 17192904704.00 17204582400.00 17215610880.00 17226921984.00 17237925888.00 17248794624.00 17260400640.00 17271287808.00 17282306048.00 17293400064.00 
17303803904.00 17315778560.00 17326575616.00 17337663488.00 17348663296.00 17359642624.00 17370855424.00 17381847040.00 17392764928.00 17404096512.00 17414975488.00 17426124800.00 17437325312.00 17448353792.00 17459423232.00 17470117888.00 17481484288.00 17492664320.00 17503715328.00 17515352064.00 
17525551104.00 17536929792.00 17547976704.00 17559025664.00 17569900544.00 17581156352.00 17592209408.00 17603377152.00 17614350336.00 17625450496.00 17636413440.00 17647652864.00 17658560512.00 17669734400.00 17680820224.00 17691797504.00 17702871040.00 17713928192.00 17724940288.00 17735809024.00 
17740656640.00 17758803968.00 17769629696.00 17780649984.00 17791627264.00 17802680320.00 17813739520.00 17824831488.00 17835784192.00 17846964224.00 17857904640.00 17869031424.00 17880137728.00 17891354624.00 17902211072.00 17913292800.00 17924202496.00 17935306752.00 17946613760.00 17957156864.00 
17968414720.00 17979779072.00 17990852608.00 18001911808.00 18012850176.00 18022008832.00 18035138560.00 18046232576.00 18057291776.00 18068342784.00 18079313920.00 18090520576.00 18101336064.00 18112612352.00 18123698176.00 18134654976.00 18145572864.00 18157051904.00 18168012800.00 18179094528.00 
18189512704.00 18200967168.00 18212263936.00 18223419392.00 18234388480.00 18245427200.00 18256494592.00 18266996736.00 18278463488.00 18289764352.00 18300041216.00 18311864320.00 18322833408.00 18334087168.00 18345117696.00 18356068352.00 18367150080.00 18378299392.00 18389409792.00 18400481280.00 
18411208704.00 18422441984.00 18433703936.00 18444693504.00 18455506944.00 18466680832.00 18477533184.00 18489985024.00 18500304896.00 18511339520.00 18522210304.00 18533443584.00 18544336896.00 18555490304.00 18566549504.00 18577266688.00 18588704768.00 18599772160.00 18610868224.00 18621806592.00 
18631692288.00 18644092928.00 18655131648.00 18666213376.00 18677102592.00 18688294912.00 18699419648.00 18710446080.00 18721452032.00 18732668928.00 18743537664.00 18754727936.00 18765608960.00 18776975360.00 18788020224.00 18799009792.00 18809886720.00 18821517312.00 18832224256.00 18843348992.00 
18852761600.00 18865514496.00 18876504064.00 18887643136.00 18898608128.00 18909722624.00 18920878080.00 18931834880.00 18942908416.00 18954010624.00 18964932608.00 18976145408.00 18986932224.00 18998142976.00 19008589824.00 19020703744.00 19031621632.00 19042713600.00 19053744128.00 19064731648.00 
19075221504.00 19087005696.00 19097931776.00 19109044224.00 19120005120.00 19130810368.00 19142191104.00 19153260544.00 19164172288.00 19175503872.00 19186427904.00 19197677568.00 19208628224.00 19219632128.00 19230887936.00 19241867264.00 19252865024.00 19264055296.00 19275118592.00 19286034432.00 
19296950272.00 19308271616.00 19319529472.00 19330471936.00 19341271040.00 19352539136.00 19363555328.00 19374733312.00 19385704448.00 19396751360.00 19403829248.00 19419158528.00 19430060032.00 19441207296.00 19452260352.00 19463258112.00 19474307072.00 19485394944.00 19496542208.00 19507589120.00 
19517386752.00 19529719808.00 19540852736.00 19551895552.00 19562893312.00 19574077440.00 19585136640.00 19596267520.00 19607119872.00 19618281472.00 19629264896.00 19640520704.00 19651469312.00 19662606336.00 19673624576.00 19684290560.00 19695503360.00 19706732544.00 19718543360.00 19729094656.00 
19739834368.00 19751192576.00 19762276352.00 19773323264.00 19784306688.00 19795408896.00 19806537728.00 19817605120.00 19828617216.00 19839703040.00 19850719232.00 19861858304.00 19872706560.00 19883900928.00 19895095296.00 19906136064.00 19917221888.00 19928297472.00 19939362816.00 19950391296.00 
19958224896.00 19972734976.00 19983745024.00 19994755072.00 20005828608.00 20016852992.00 20027938816.00 20038998016.00 20049846272.00 20061155328.00 20072128512.00 20083312640.00 20094334976.00 20105437184.00 20116588544.00 20127510528.00 20138500096.00 20149751808.00 20160301056.00 20171937792.00 
20182663168.00 20194048000.00 20205078528.00 20216074240.00 20226985984.00 20237901824.00 20249139200.00 20260452352.00 20271474688.00 20282615808.00 20293517312.00 20304857088.00 20315637760.00 20326660096.00 20338022400.00 20348958720.00 20360013824.00 20371163136.00 20382226432.00 20393299968.00 
20403050496.00 20415418368.00 20426442752.00 20437530624.00 20448595968.00 20459626496.00 20470362112.00 20481966080.00 20492843008.00 20503969792.00 20514275328.00 20526112768.00 20537233408.00 20548302848.00 20559319040.00 20570331136.00 20581220352.00 20592187392.00 20603693056.00 20614729728.00 
20625463296.00 20636809216.00 20647729152.00 20658882560.00 20669917184.00 20681035776.00 20692131840.00 20703391744.00 20714315776.00 20725440512.00 20736346112.00 20747886592.00 20758380544.00 20769521664.00 20780673024.00 20789784576.00 20802904064.00 20814024704.00 20825014272.00 20836118528.00 
20846559232.00 20858279936.00 20869201920.00 20880472064.00 20891414528.00 20902465536.00 20913614848.00 20924645376.00 20935487488.00 20947128320.00 20957757440.00 20969019392.00 20980056064.00 20991076352.00 21002145792.00 21013284864.00 21024217088.00 21035423744.00 21046460416.00 21057632256.00 
21066950656.00 21079769088.00 21090760704.00 21101826048.00 21112598528.00 21123979264.00 21135020032.00 21146339328.00 21157099520.00 21167980544.00 21179179008.00 21190348800.00 21201313792.00 21212020736.00 21223598080.00 21234614272.00 21245665280.00 21256839168.00 21267830784.00 21278932992.00 
21288677376.00 21301063680.00 21312102400.00 21323020288.00 21334208512.00 21344956416.00 21356582912.00 21367427072.00 21378428928.00 21389688832.00 21400555520.00 21411373056.00 21422802944.00 21433868288.00 21444945920.00 21455960064.00 21466845184.00 21478078464.00 21489309696.00 21500303360.00 
21511055360.00 21522366464.00 21533440000.00 21544601600.00 21555531776.00 21566654464.00 21577916416.00 21588834304.00 21599885312.00 21611005952.00 21621233664.00 21633101824.00 21643941888.00 21655271424.00 21666252800.00 21677305856.00 21688373248.00 21699622912.00 21710571520.00 21721647104.00 
21732063232.00 21743767552.00 21754832896.00 21766006784.00 21776941056.00 21787985920.00 21799049216.00 21810167808.00 21820952576.00 21832359936.00 21843181568.00 21854242816.00 21865416704.00 21876594688.00 21887516672.00 21898199040.00 21909571584.00 21920602112.00 21931681792.00 21942820864.00 
21953533952.00 21964918784.00 21975959552.00 21986928640.00 21997750272.00 22008981504.00 22020020224.00 22031065088.00 22042007552.00 22053015552.00 22063855616.00 22075002880.00 22085801984.00 22096766976.00 22107535360.00 22118180864.00 22128746496.00 22138914816.00 22148147200.00 22153719808.00 
end   dump: w
==END   DUMP_ARRAYS==
Time in seconds = 0.101785
