Sender: LSF System <lsfadmin@polus-c4-ib.bmc.hpc.cs.msu.ru>
Subject: Job 493828: <./large.o> in cluster <MSUCluster> Done

Job <./large.o> was submitted from host <polus-ib.bmc.hpc.cs.msu.ru> by user <edu-cmc-skpod19-328-11> in cluster <MSUCluster> at Fri Nov 29 23:38:30 2019
Job was executed on host(s) <7*polus-c4-ib.bmc.hpc.cs.msu.ru>, in queue <short>, as user <edu-cmc-skpod19-328-11> in cluster <MSUCluster> at Fri Nov 29 23:39:33 2019
</home_edu/edu-cmc-skpod19-328/edu-cmc-skpod19-328-11> was used as the home directory.
</home_edu/edu-cmc-skpod19-328/edu-cmc-skpod19-328-11/dep_gemver> was used as the working directory.
Started at Fri Nov 29 23:39:33 2019
Terminated at Fri Nov 29 23:39:34 2019
Results reported at Fri Nov 29 23:39:34 2019

Your job looked like:

------------------------------------------------------------
# LSBATCH: User input
./large.o
------------------------------------------------------------

Successfully completed.

Resource usage summary:

    CPU time :                                   11.01 sec.
    Max Memory :                                 1 MB
    Average Memory :                             1.00 MB
    Total Requested Memory :                     -
    Delta Memory :                               -
    Max Swap :                                   -
    Max Processes :                              1
    Max Threads :                                1
    Run time :                                   2 sec.
    Turnaround time :                            64 sec.

The output (if any) follows:

==BEGIN DUMP_ARRAYS==
begin dump: w
0.00 0.00 0.00 0.00 0.00 0.00 0.00 0.00 0.00 0.00 0.00 0.00 0.00 0.00 0.00 0.00 0.00 0.00 0.00 0.00 
0.00 0.00 0.00 0.00 0.00 0.00 0.00 0.00 0.00 0.00 0.00 0.00 0.00 0.00 0.00 0.00 0.00 0.00 0.00 0.00 
0.00 0.00 0.00 0.00 0.00 0.00 0.00 0.00 0.00 0.00 0.00 0.00 0.00 0.00 0.00 0.00 0.00 0.00 0.00 0.00 
0.00 0.00 0.00 0.00 0.00 0.00 0.00 0.00 0.00 0.00 0.00 0.00 0.00 0.00 0.00 0.00 0.00 0.00 0.00 0.00 
0.00 0.00 0.00 0.00 0.00 0.00 0.00 0.00 0.00 0.00 0.00 0.00 0.00 0.00 0.00 0.00 0.00 0.00 0.00 0.00 
0.00 0.00 0.00 0.00 0.00 0.00 0.00 0.00 0.00 0.00 0.00 0.00 0.00 0.00 0.00 0.00 0.00 0.00 0.00 0.00 
0.00 0.00 0.00 0.00 0.00 0.00 0.00 0.00 0.00 0.00 0.00 0.00 0.00 0.00 0.00 0.00 0.00 0.00 0.00 0.00 
0.00 0.00 0.00 0.00 0.00 0.00 0.00 0.00 0.00 0.00 0.00 0.00 0.00 0.00 0.00 0.00 0.00 0.00 0.00 0.00 
0.00 0.00 0.00 0.00 0.00 0.00 0.00 0.00 0.00 0.00 0.00 0.00 0.00 0.00 0.00 0.00 0.00 0.00 0.00 0.00 
0.00 0.00 0.00 0.00 0.00 0.00 0.00 0.00 0.00 0.00 0.00 0.00 0.00 0.00 0.00 0.00 0.00 0.00 0.00 0.00 
0.00 0.00 0.00 0.00 0.00 0.00 0.00 0.00 0.00 0.00 0.00 0.00 0.00 0.00 0.00 0.00 0.00 0.00 0.00 0.00 
0.00 0.00 0.00 0.00 0.00 0.00 0.00 0.00 0.00 0.00 0.00 0.00 0.00 0.00 0.00 0.00 0.00 0.00 0.00 0.00 
0.00 0.00 0.00 0.00 0.00 0.00 0.00 0.00 0.00 0.00 0.00 0.00 0.00 0.00 0.00 0.00 0.00 0.00 0.00 0.00 
0.00 0.00 0.00 0.00 0.00 0.00 0.00 0.00 0.00 0.00 0.00 0.00 0.00 0.00 0.00 0.00 0.00 0.00 0.00 0.00 
0.00 0.00 0.00 0.00 0.00 0.00 0.00 0.00 0.00 0.00 0.00 0.00 0.00 0.00 0.00 0.00 0.00 0.00 0.00 0.00 
0.00 0.00 0.00 0.00 0.00 0.00 0.00 0.00 0.00 0.00 0.00 0.00 0.00 0.00 0.00 0.00 0.00 0.00 0.00 0.00 
0.00 0.00 0.00 0.00 0.00 0.00 0.00 0.00 0.00 0.00 0.00 0.00 0.00 0.00 0.00 0.00 0.00 0.00 0.00 0.00 
0.00 0.00 0.00 0.00 0.00 0.00 0.00 0.00 0.00 0.00 0.00 0.00 0.00 0.00 0.00 0.00 0.00 0.00 0.00 0.00 
0.00 0.00 0.00 0.00 0.00 0.00 0.00 0.00 0.00 0.00 0.00 0.00 0.00 0.00 0.00 0.00 0.00 0.00 0.00 0.00 
0.00 0.00 0.00 0.00 0.00 0.00 0.00 0.00 0.00 0.00 0.00 0.00 0.00 0.00 0.00 0.00 0.00 0.00 0.00 0.00 
0.00 0.00 0.00 0.00 0.00 0.00 0.00 0.00 0.00 0.00 0.00 0.00 0.00 0.00 0.00 0.00 0.00 0.00 0.00 0.00 
0.00 0.00 0.00 0.00 0.00 0.00 0.00 0.00 0.00 0.00 0.00 0.00 0.00 0.00 0.00 0.00 0.00 0.00 0.00 0.00 
0.00 0.00 0.00 0.00 0.00 0.00 0.00 0.00 0.00 0.00 0.00 0.00 0.00 0.00 0.00 0.00 0.00 0.00 0.00 0.00 
0.00 0.00 0.00 0.00 0.00 0.00 0.00 0.00 0.00 0.00 0.00 0.00 0.00 0.00 0.00 0.00 0.00 0.00 0.00 0.00 
0.00 0.00 0.00 0.00 0.00 0.00 0.00 0.00 0.00 0.00 0.00 0.00 0.00 0.00 0.00 0.00 0.00 0.00 0.00 0.00 
0.00 0.00 0.00 0.00 0.00 0.00 0.00 0.00 0.00 0.00 0.00 0.00 0.00 0.00 0.00 0.00 0.00 0.00 0.00 0.00 
0.00 0.00 0.00 0.00 0.00 0.00 0.00 0.00 0.00 0.00 0.00 0.00 0.00 0.00 0.00 0.00 0.00 0.00 0.00 0.00 
0.00 0.00 0.00 0.00 0.00 0.00 0.00 0.00 0.00 0.00 0.00 0.00 0.00 0.00 0.00 0.00 0.00 0.00 0.00 0.00 
0.00 0.00 0.00 0.00 0.00 0.00 0.00 0.00 0.00 0.00 0.00 0.00 0.00 0.00 0.00 0.00 0.00 0.00 0.00 0.00 
0.00 0.00 0.00 0.00 0.00 0.00 0.00 0.00 0.00 0.00 0.00 0.00 0.00 0.00 0.00 0.00 0.00 0.00 0.00 0.00 
0.00 0.00 0.00 0.00 0.00 0.00 0.00 0.00 0.00 0.00 0.00 0.00 0.00 0.00 0.00 0.00 0.00 0.00 0.00 0.00 
0.00 0.00 0.00 0.00 0.00 0.00 0.00 0.00 0.00 0.00 0.00 0.00 0.00 0.00 0.00 0.00 0.00 0.00 0.00 0.00 
0.00 0.00 0.00 0.00 0.00 0.00 0.00 0.00 0.00 0.00 0.00 0.00 0.00 0.00 0.00 0.00 0.00 0.00 0.00 0.00 
0.00 0.00 0.00 0.00 0.00 0.00 0.00 0.00 0.00 0.00 0.00 0.00 0.00 0.00 0.00 0.00 0.00 0.00 0.00 0.00 
0.00 0.00 0.00 0.00 0.00 0.00 0.00 0.00 0.00 0.00 0.00 0.00 0.00 0.00 0.00 0.00 0.00 0.00 0.00 0.00 
0.00 0.00 0.00 0.00 0.00 0.00 0.00 0.00 0.00 0.00 0.00 0.00 0.00 0.00 0.00 0.00 0.00 0.00 0.00 0.00 
0.00 0.00 0.00 0.00 0.00 0.00 0.00 0.00 0.00 0.00 0.00 0.00 0.00 0.00 0.00 0.00 0.00 0.00 0.00 0.00 
0.00 0.00 0.00 0.00 0.00 0.00 0.00 0.00 0.00 0.00 0.00 0.00 0.00 0.00 0.00 0.00 0.00 0.00 0.00 0.00 
0.00 0.00 0.00 0.00 0.00 0.00 0.00 0.00 0.00 0.00 0.00 0.00 0.00 0.00 0.00 0.00 0.00 0.00 0.00 0.00 
0.00 0.00 0.00 0.00 0.00 0.00 0.00 0.00 0.00 0.00 0.00 0.00 0.00 0.00 0.00 0.00 0.00 0.00 0.00 0.00 
0.00 0.00 0.00 0.00 0.00 0.00 0.00 0.00 0.00 0.00 0.00 0.00 0.00 0.00 0.00 0.00 0.00 0.00 0.00 0.00 
0.00 0.00 0.00 0.00 0.00 0.00 0.00 0.00 0.00 0.00 0.00 0.00 0.00 0.00 0.00 0.00 0.00 0.00 0.00 0.00 
0.00 0.00 0.00 0.00 0.00 0.00 0.00 0.00 0.00 0.00 0.00 0.00 0.00 0.00 0.00 0.00 0.00 0.00 0.00 0.00 
0.00 0.00 0.00 0.00 0.00 0.00 0.00 0.00 0.00 0.00 0.00 0.00 0.00 0.00 0.00 0.00 0.00 0.00 0.00 0.00 
0.00 0.00 0.00 0.00 0.00 0.00 0.00 0.00 0.00 0.00 0.00 0.00 0.00 0.00 0.00 0.00 0.00 0.00 0.00 0.00 
0.00 0.00 0.00 0.00 0.00 0.00 0.00 0.00 0.00 0.00 0.00 0.00 0.00 0.00 0.00 0.00 0.00 0.00 0.00 0.00 
0.00 0.00 0.00 0.00 0.00 0.00 0.00 0.00 0.00 0.00 0.00 0.00 0.00 0.00 0.00 0.00 0.00 0.00 0.00 0.00 
0.00 0.00 0.00 0.00 0.00 0.00 0.00 0.00 0.00 0.00 0.00 0.00 0.00 0.00 0.00 0.00 0.00 0.00 0.00 0.00 
0.00 0.00 0.00 0.00 0.00 0.00 0.00 0.00 0.00 0.00 0.00 0.00 0.00 0.00 0.00 0.00 0.00 0.00 0.00 0.00 
0.00 0.00 0.00 0.00 0.00 0.00 0.00 0.00 0.00 0.00 0.00 0.00 0.00 0.00 0.00 0.00 0.00 0.00 0.00 0.00 
0.00 0.00 0.00 0.00 0.00 0.00 0.00 0.00 0.00 0.00 0.00 0.00 0.00 0.00 0.00 0.00 0.00 0.00 0.00 0.00 
0.00 0.00 0.00 0.00 0.00 0.00 0.00 0.00 0.00 0.00 0.00 0.00 0.00 0.00 0.00 0.00 0.00 0.00 0.00 0.00 
0.00 0.00 0.00 0.00 0.00 0.00 0.00 0.00 0.00 0.00 0.00 0.00 0.00 0.00 0.00 0.00 0.00 0.00 0.00 0.00 
0.00 0.00 0.00 0.00 0.00 0.00 0.00 0.00 0.00 0.00 0.00 0.00 0.00 0.00 0.00 0.00 0.00 0.00 0.00 0.00 
0.00 0.00 0.00 0.00 0.00 0.00 0.00 0.00 0.00 0.00 0.00 0.00 0.00 0.00 0.00 0.00 0.00 0.00 0.00 0.00 
0.00 0.00 0.00 0.00 0.00 0.00 0.00 0.00 0.00 0.00 0.00 0.00 0.00 0.00 0.00 0.00 0.00 0.00 0.00 0.00 
0.00 0.00 0.00 0.00 0.00 0.00 0.00 0.00 0.00 0.00 0.00 0.00 0.00 0.00 0.00 0.00 0.00 0.00 0.00 0.00 
0.00 0.00 0.00 0.00 0.00 0.00 0.00 0.00 0.00 0.00 0.00 0.00 0.00 0.00 0.00 0.00 0.00 0.00 0.00 0.00 
0.00 0.00 0.00 0.00 0.00 0.00 0.00 0.00 0.00 0.00 0.00 0.00 0.00 0.00 0.00 0.00 0.00 0.00 0.00 0.00 
0.00 0.00 0.00 0.00 0.00 0.00 0.00 0.00 0.00 0.00 0.00 0.00 0.00 0.00 0.00 0.00 0.00 0.00 0.00 0.00 
0.00 0.00 0.00 0.00 0.00 0.00 0.00 0.00 0.00 0.00 0.00 0.00 0.00 0.00 0.00 0.00 0.00 0.00 0.00 0.00 
0.00 0.00 0.00 0.00 0.00 0.00 0.00 0.00 0.00 0.00 0.00 0.00 0.00 0.00 0.00 0.00 0.00 0.00 0.00 0.00 
0.00 0.00 0.00 0.00 0.00 0.00 0.00 0.00 0.00 0.00 0.00 0.00 0.00 0.00 0.00 0.00 0.00 0.00 0.00 0.00 
0.00 0.00 0.00 0.00 0.00 0.00 0.00 0.00 0.00 0.00 0.00 0.00 0.00 0.00 0.00 0.00 0.00 0.00 0.00 0.00 
0.00 0.00 0.00 0.00 0.00 0.00 0.00 0.00 0.00 0.00 0.00 0.00 0.00 0.00 0.00 0.00 0.00 0.00 0.00 0.00 
0.00 0.00 0.00 0.00 0.00 0.00 0.00 0.00 0.00 0.00 0.00 0.00 0.00 0.00 0.00 0.00 0.00 0.00 0.00 0.00 
0.00 0.00 0.00 0.00 0.00 0.00 0.00 0.00 0.00 0.00 0.00 0.00 0.00 0.00 0.00 0.00 0.00 0.00 0.00 0.00 
0.00 0.00 0.00 0.00 0.00 0.00 0.00 0.00 0.00 0.00 0.00 0.00 0.00 0.00 0.00 0.00 0.00 0.00 0.00 0.00 
0.00 0.00 0.00 0.00 0.00 0.00 0.00 0.00 0.00 0.00 0.00 0.00 0.00 0.00 0.00 0.00 0.00 0.00 0.00 0.00 
0.00 0.00 0.00 0.00 0.00 0.00 0.00 0.00 0.00 0.00 0.00 0.00 0.00 0.00 0.00 0.00 0.00 0.00 0.00 0.00 
0.00 0.00 0.00 0.00 0.00 0.00 0.00 0.00 0.00 0.00 0.00 0.00 0.00 0.00 0.00 0.00 0.00 0.00 0.00 0.00 
0.00 0.00 0.00 0.00 0.00 0.00 0.00 0.00 0.00 0.00 0.00 0.00 0.00 0.00 0.00 0.00 0.00 0.00 0.00 0.00 
0.00 0.00 0.00 0.00 0.00 0.00 0.00 0.00 0.00 0.00 0.00 0.00 0.00 0.00 0.00 0.00 0.00 0.00 0.00 0.00 
0.00 0.00 0.00 0.00 0.00 0.00 0.00 0.00 0.00 0.00 0.00 0.00 0.00 0.00 0.00 0.00 0.00 0.00 0.00 0.00 
0.00 0.00 0.00 0.00 0.00 0.00 0.00 0.00 0.00 0.00 0.00 0.00 0.00 0.00 0.00 0.00 0.00 0.00 0.00 0.00 
0.00 0.00 0.00 0.00 0.00 0.00 0.00 0.00 0.00 0.00 0.00 0.00 0.00 0.00 0.00 0.00 0.00 0.00 0.00 0.00 
0.00 0.00 0.00 0.00 0.00 0.00 0.00 0.00 0.00 0.00 0.00 0.00 0.00 0.00 0.00 0.00 0.00 0.00 0.00 0.00 
0.00 0.00 0.00 0.00 0.00 0.00 0.00 0.00 0.00 0.00 0.00 0.00 0.00 0.00 0.00 0.00 0.00 0.00 0.00 0.00 
0.00 0.00 0.00 0.00 0.00 0.00 0.00 0.00 0.00 0.00 0.00 0.00 0.00 0.00 0.00 0.00 0.00 0.00 0.00 0.00 
0.00 0.00 0.00 0.00 0.00 0.00 0.00 0.00 0.00 0.00 0.00 0.00 0.00 0.00 0.00 0.00 0.00 0.00 0.00 0.00 
0.00 0.00 0.00 0.00 0.00 0.00 0.00 0.00 0.00 0.00 0.00 0.00 0.00 0.00 0.00 0.00 0.00 0.00 0.00 0.00 
0.00 0.00 0.00 0.00 0.00 0.00 0.00 0.00 0.00 0.00 0.00 0.00 0.00 0.00 0.00 0.00 0.00 0.00 0.00 0.00 
0.00 0.00 0.00 0.00 0.00 0.00 0.00 0.00 0.00 0.00 0.00 0.00 0.00 0.00 0.00 0.00 0.00 0.00 0.00 0.00 
0.00 0.00 0.00 0.00 0.00 0.00 0.00 0.00 0.00 0.00 0.00 0.00 0.00 0.00 0.00 0.00 0.00 0.00 0.00 0.00 
0.00 0.00 0.00 0.00 0.00 0.00 0.00 0.00 0.00 0.00 0.00 0.00 0.00 0.00 0.00 0.00 0.00 0.00 0.00 0.00 
0.00 0.00 0.00 0.00 0.00 0.00 0.00 0.00 0.00 0.00 0.00 0.00 0.00 0.00 0.00 0.00 0.00 0.00 0.00 0.00 
0.00 0.00 0.00 0.00 0.00 0.00 0.00 0.00 0.00 0.00 0.00 0.00 0.00 0.00 0.00 0.00 0.00 0.00 0.00 0.00 
0.00 0.00 0.00 0.00 0.00 0.00 0.00 0.00 0.00 0.00 0.00 0.00 0.00 0.00 0.00 0.00 0.00 0.00 0.00 0.00 
0.00 0.00 0.00 0.00 0.00 0.00 0.00 0.00 0.00 0.00 0.00 0.00 0.00 0.00 0.00 0.00 0.00 0.00 0.00 0.00 
0.00 0.00 0.00 0.00 0.00 0.00 0.00 0.00 0.00 0.00 0.00 0.00 0.00 0.00 0.00 0.00 0.00 0.00 0.00 0.00 
0.00 0.00 0.00 0.00 0.00 0.00 0.00 0.00 0.00 0.00 0.00 0.00 0.00 0.00 0.00 0.00 0.00 0.00 0.00 0.00 
0.00 0.00 0.00 0.00 0.00 0.00 0.00 0.00 0.00 0.00 0.00 0.00 0.00 0.00 0.00 0.00 0.00 0.00 0.00 0.00 
0.00 0.00 0.00 0.00 0.00 0.00 0.00 0.00 0.00 0.00 0.00 0.00 0.00 0.00 0.00 0.00 0.00 0.00 0.00 0.00 
0.00 0.00 0.00 0.00 0.00 0.00 0.00 0.00 0.00 0.00 0.00 0.00 0.00 0.00 0.00 0.00 0.00 0.00 0.00 0.00 
0.00 0.00 0.00 0.00 0.00 0.00 0.00 0.00 0.00 0.00 0.00 0.00 0.00 0.00 0.00 0.00 0.00 0.00 0.00 0.00 
0.00 0.00 0.00 0.00 0.00 0.00 0.00 0.00 0.00 0.00 0.00 0.00 0.00 0.00 0.00 0.00 0.00 0.00 0.00 0.00 
0.00 0.00 0.00 0.00 0.00 0.00 0.00 0.00 0.00 0.00 0.00 0.00 0.00 0.00 0.00 0.00 0.00 0.00 0.00 0.00 
0.00 0.00 0.00 0.00 0.00 0.00 0.00 0.00 0.00 0.00 0.00 0.00 0.00 0.00 0.00 0.00 0.00 0.00 0.00 0.00 
0.00 0.00 0.00 0.00 0.00 0.00 0.00 0.00 0.00 0.00 0.00 0.00 0.00 0.00 0.00 0.00 0.00 0.00 0.00 0.00 
0.00 0.00 0.00 0.00 0.00 0.00 0.00 0.00 0.00 0.00 0.00 0.00 0.00 0.00 0.00 0.00 0.00 0.00 0.00 0.00 
end   dump: w
==END   DUMP_ARRAYS==
==BEGIN DUMP_ARRAYS==
begin dump: w
1879.03 56340948.00 61980624.00 71403952.00 81646360.00 92345520.00 103302696.00 114310760.00 125288960.00 136484112.00 147521664.00 158878256.00 170000464.00 181269792.00 192480176.00 203615760.00 214688976.00 226180720.00 237355440.00 248624080.00 
259555280.00 271126176.00 282400608.00 293728832.00 304784672.00 315748416.00 327451200.00 338584160.00 349893888.00 361333536.00 372299712.00 383636096.00 394733088.00 406236032.00 417514080.00 428696896.00 439985088.00 451230176.00 462568800.00 473863104.00 
484457056.00 496383744.00 507648160.00 518819712.00 530168864.00 541411968.00 552771392.00 564012864.00 575043200.00 586577152.00 597012672.00 609061504.00 620335808.00 631655616.00 642762560.00 654104192.00 665339840.00 676679424.00 688046144.00 699339136.00 
710213120.00 721806912.00 733015616.00 744485888.00 755376128.00 766848384.00 778168896.00 789504640.00 800675200.00 812385088.00 823120448.00 834484480.00 845718272.00 857170304.00 868176512.00 879244800.00 890887488.00 902389760.00 913462336.00 924756992.00 
934678208.00 947314880.00 958552960.00 969810560.00 981076608.00 992298560.00 1003592256.00 1015411712.00 1026117312.00 1037525760.00 1048610944.00 1060286400.00 1071287360.00 1082338560.00 1093835264.00 1104979968.00 1116183040.00 1127699200.00 1138936192.00 1150137856.00 
1159850880.00 1172695936.00 1184030336.00 1195311488.00 1206487424.00 1217718144.00 1229166592.00 1240464768.00 1251595136.00 1262960128.00 1274103424.00 1285243136.00 1296581376.00 1308131584.00 1319348096.00 1330583680.00 1341881344.00 1353135488.00 1364545536.00 1375725696.00 
1386362240.00 1398283904.00 1409562368.00 1420815872.00 1432025344.00 1441267072.00 1454717952.00 1466119168.00 1476968064.00 1488148480.00 1499621632.00 1510995072.00 1522250752.00 1533466752.00 1544918784.00 1556104448.00 1567309056.00 1578837760.00 1590135552.00 1601275136.00 
1612195328.00 1623779200.00 1634989824.00 1646744192.00 1657409664.00 1668866560.00 1680184704.00 1691421440.00 1702598656.00 1714031872.00 1724450048.00 1736602240.00 1747694080.00 1759000960.00 1770790656.00 1781630464.00 1792884352.00 1804258048.00 1815533696.00 1826789504.00 
1836695040.00 1849309696.00 1860535936.00 1871850496.00 1883105152.00 1894317696.00 1905563008.00 1917189504.00 1928170240.00 1939397248.00 1950638464.00 1962036480.00 1973283456.00 1984606592.00 1996115200.00 2006768000.00 2018194816.00 2029808128.00 2040965504.00 2052244480.00 
2063195392.00 2074778112.00 2086579072.00 2097388800.00 2108567808.00 2119881856.00 2131089280.00 2142481792.00 2153682944.00 2165047040.00 2176113408.00 2187589376.00 2198604288.00 2210161664.00 2221396736.00 2232571136.00 2243860736.00 2255212800.00 2266422272.00 2277653248.00 
2285690880.00 2300402176.00 2311596544.00 2322913536.00 2334089216.00 2345344768.00 2356708864.00 2368111872.00 2379013376.00 2390585088.00 2401632768.00 2413141248.00 2424327680.00 2435645952.00 2446882560.00 2458133248.00 2469331712.00 2480749312.00 2491976960.00 2503283968.00 
2514215936.00 2525801216.00 2536506112.00 2548586496.00 2559502592.00 2570597120.00 2582260736.00 2593525760.00 2604747008.00 2616011520.00 2627187456.00 2638657792.00 2649783040.00 2661078272.00 2672396544.00 2683544064.00 2694978048.00 2706282496.00 2717480448.00 2728879360.00 
2738758656.00 2751392512.00 2762626304.00 2774016768.00 2785192704.00 2796422912.00 2807729408.00 2818998528.00 2830119424.00 2841457664.00 2848684288.00 2864283392.00 2875442944.00 2886709248.00 2898050816.00 2909185024.00 2920274944.00 2931792896.00 2942885888.00 2954408704.00 
2965291008.00 2977043712.00 2988156160.00 2999429888.00 3010584064.00 3021905408.00 3033181440.00 3044675584.00 3055783168.00 3067054592.00 3078216448.00 3089634816.00 3100659712.00 3112283904.00 3123530752.00 3134348544.00 3146052864.00 3157313280.00 3168579584.00 3179769344.00 
3190445312.00 3202453504.00 3213601024.00 3224862208.00 3236066304.00 3247144704.00 3259561984.00 3270266368.00 3281184256.00 3292673792.00 3303792384.00 3315226880.00 3326428672.00 3337803520.00 3348934400.00 3360198912.00 3371406080.00 3382831616.00 3394115584.00 3405340672.00 
3414984448.00 3427920896.00 3439219456.00 3450161152.00 3461492480.00 3472940032.00 3484255744.00 3495517440.00 3507008256.00 3518177792.00 3529269504.00 3540658432.00 3551833344.00 3563279872.00 3574503168.00 3585702144.00 3597151744.00 3608329216.00 3619592704.00 3630877952.00 
3640828928.00 3653564160.00 3664680960.00 3676012288.00 3687192832.00 3698127616.00 3709792000.00 3721102848.00 3732233472.00 3743561728.00 3754705920.00 3766075904.00 3777219328.00 3787837440.00 3800472832.00 3811419392.00 3822444544.00 3833957888.00 3845124608.00 3856626688.00 
3867402496.00 3878992128.00 3890235392.00 3901587712.00 3912686080.00 3924081408.00 3935338496.00 3946607872.00 3957967616.00 3969240832.00 3979628032.00 3991745792.00 4002729728.00 4014927360.00 4025601024.00 4036772864.00 4048058880.00 4059307008.00 4070642688.00 4082209024.00 
4092547584.00 4104464640.00 4115721472.00 4126912000.00 4138499328.00 4149584384.00 4160855552.00 4172178176.00 4183170816.00 4194672128.00 4205799680.00 4217254400.00 4228419328.00 4239794944.00 4251055104.00 4260239872.00 4273543424.00 4284933376.00 4296154112.00 4307464704.00 
4318390784.00 4330525184.00 4341216256.00 4352772096.00 4363561472.00 4375058432.00 4386445824.00 4397534208.00 4408848896.00 4420265472.00 4431296512.00 4442752000.00 4453874176.00 4465283072.00 4476545024.00 4487716864.00 4498994688.00 4510266880.00 4521465344.00 4532534272.00 
4537509888.00 4555946496.00 4566987776.00 4578244096.00 4589390848.00 4600630272.00 4611924992.00 4623230976.00 4634374144.00 4645737472.00 4656880640.00 4668361728.00 4679564800.00 4690833920.00 4702170624.00 4713318400.00 4724421120.00 4736004096.00 4747225088.00 4758503936.00 
4769451520.00 4780485120.00 4792305664.00 4803590656.00 4814742016.00 4825748480.00 4837410304.00 4848711680.00 4859853312.00 4871370752.00 4882412032.00 4893813248.00 4904834560.00 4916469760.00 4927630336.00 4938930688.00 4950149632.00 4961467392.00 4972721664.00 4983754240.00 
4994617856.00 5006542336.00 5017798144.00 5029060608.00 5040056320.00 5051835392.00 5063010304.00 5074256896.00 5085270528.00 5097007104.00 5107245568.00 5119376384.00 5130578432.00 5141907456.00 5153139712.00 5164402688.00 5175585280.00 5186922496.00 5198214144.00 5209356288.00 
5220469248.00 5231991808.00 5243472896.00 5254688256.00 5265671680.00 5277097984.00 5288411136.00 5299721728.00 5310925824.00 5322268160.00 5333360128.00 5344917504.00 5356021760.00 5367412224.00 5378680832.00 5389526016.00 5401046016.00 5412502016.00 5423764480.00 5435046912.00 
5444984832.00 5457471488.00 5468851712.00 5480182272.00 5491371008.00 5502671872.00 5513975296.00 5525254144.00 5536395264.00 5547820544.00 5558900736.00 5570302976.00 5581535232.00 5592860672.00 5604079616.00 5615277568.00 5626334208.00 5637813248.00 5648959488.00 5659898368.00 
5663422464.00 5683809792.00 5694739456.00 5705958912.00 5717010432.00 5728291840.00 5739547648.00 5750844416.00 5762121728.00 5773391360.00 5784529408.00 5795947008.00 5806966784.00 5818514944.00 5829728768.00 5840960000.00 5852174336.00 5863510528.00 5874843648.00 5886163968.00 
5896741888.00 5908588032.00 5920006656.00 5931187200.00 5942466048.00 5953358336.00 5964955648.00 5976356864.00 5987353600.00 5998849536.00 6009995264.00 6021436416.00 6032623616.00 6043834880.00 6055291904.00 6066468352.00 6077688320.00 6089078784.00 6100298752.00 6111576064.00 
6122579968.00 6134209536.00 6145420288.00 6156708864.00 6167715328.00 6179025408.00 6190698496.00 6201793536.00 6213103616.00 6224194560.00 6234842624.00 6246896640.00 6258126848.00 6269512704.00 6280748032.00 6291926528.00 6303325696.00 6314636800.00 6325829632.00 6337081856.00 
6347075072.00 6359746560.00 6370962944.00 6382239744.00 6393406464.00 6404703744.00 6415946752.00 6427306496.00 6438461440.00 6449829888.00 6460882944.00 6471925248.00 6484063744.00 6495130112.00 6506352640.00 6517201408.00 6528614400.00 6540182016.00 6551399936.00 6562814464.00 
6573634560.00 6585193984.00 6596470784.00 6607768576.00 6618944000.00 6630246912.00 6641601024.00 6652861952.00 6663956480.00 6675483648.00 6686554624.00 6698035200.00 6708990976.00 6720540160.00 6731774464.00 6743001088.00 6754287616.00 6765459968.00 6776849920.00 6788083200.00 
6796085248.00 6810833408.00 6822028288.00 6833302528.00 6844533248.00 6855776256.00 6866950656.00 6878354944.00 6889396224.00 6901018112.00 6912068096.00 6923441152.00 6934701568.00 6946036736.00 6957255680.00 6968370688.00 6979850240.00 6991119872.00 7002412032.00 7013580800.00 
7024645632.00 7036233216.00 7047476736.00 7058841600.00 7069783040.00 7079232000.00 7092649984.00 7103903232.00 7115124224.00 7126445568.00 7137555968.00 7148952064.00 7160216576.00 7171594240.00 7182778368.00 7194054144.00 7205278720.00 7216663040.00 7227913728.00 7239170560.00 
7249139200.00 7261696512.00 7273048576.00 7284388352.00 7295484416.00 7306720768.00 7318109696.00 7329233408.00 7340551680.00 7351891456.00 7362384896.00 7374451712.00 7385678336.00 7396954624.00 7408290816.00 7419481088.00 7430571520.00 7442040320.00 7453324288.00 7464581120.00 
7475535360.00 7487069696.00 7498315264.00 7509538304.00 7520561664.00 7531608064.00 7541802496.00 7558702080.00 7567104000.00 7578011648.00 7588996608.00 7600339456.00 7611307520.00 7622811136.00 7634035200.00 7644897280.00 7656497152.00 7667829760.00 7679149056.00 7690336256.00 
7700964352.00 7712886784.00 7724175360.00 7735514112.00 7746640896.00 7757929472.00 7769268736.00 7780499456.00 7791546880.00 7803110400.00 7814219776.00 7825661952.00 7836802048.00 7848182272.00 7859442176.00 7870628352.00 7881917952.00 7893341696.00 7904541184.00 7915771904.00 
7925412864.00 7938353664.00 7949652992.00 7960943104.00 7971931648.00 7983369728.00 7995039232.00 8006035456.00 8017254912.00 8028609536.00 8039710208.00 8051103232.00 8062274560.00 8073634816.00 8084746752.00 8096212992.00 8107450880.00 8118976000.00 8130166784.00 8141311488.00 
8151262208.00 8163862016.00 8175122944.00 8186382336.00 8197637632.00 8208553472.00 8220178944.00 8231211008.00 8242796032.00 8254139904.00 8265218560.00 8276647424.00 8287870464.00 8299169792.00 8310445056.00 8321662976.00 8332731392.00 8344473088.00 8355544064.00 8366791168.00 
8377788416.00 8389420032.00 8400677888.00 8411970560.00 8423067136.00 8434376192.00 8445728768.00 8457112576.00 8468209664.00 8479419392.00 8486673408.00 8502311424.00 8513248256.00 8524774912.00 8535982592.00 8547203584.00 8558496256.00 8569828352.00 8581079552.00 8592364544.00 
8602972160.00 8614899712.00 8626426880.00 8637417472.00 8648665088.00 8659964928.00 8671369216.00 8682556416.00 8693542912.00 8704835584.00 8716303360.00 8727699456.00 8738935808.00 8750175232.00 8761433088.00 8772372480.00 8783901696.00 8795307008.00 8806716416.00 8817892352.00 
8828821504.00 8840417280.00 8851647488.00 8863019008.00 8874000384.00 8885435392.00 8896821248.00 8908056576.00 8919355392.00 8930691072.00 8941732864.00 8953183232.00 8964310016.00 8975657984.00 8986924032.00 8998153216.00 9009427456.00 9020783616.00 9031902208.00 9042968576.00 
9047931904.00 9066387456.00 9077412864.00 9088622592.00 9099832320.00 9111067648.00 9122436096.00 9133473792.00 9144796160.00 9156302848.00 9167311872.00 9178777600.00 9189938176.00 9201228800.00 9212552192.00 9223838720.00 9234848768.00 9246387200.00 9257526272.00 9268927488.00 
9279879168.00 9291453440.00 9302743040.00 9313967104.00 9325253632.00 9336174592.00 9347796992.00 9359090688.00 9370364928.00 9381653504.00 9392795648.00 9404231680.00 9415211008.00 9426578432.00 9438129152.00 9449311232.00 9460571136.00 9471855616.00 9483164672.00 9494451200.00 
9505052672.00 9516983296.00 9527966720.00 9539576832.00 9550759936.00 9562001408.00 9573261312.00 9584641024.00 9595659264.00 9607166976.00 9617642496.00 9629670400.00 9640954880.00 9652283392.00 9663510528.00 9674693632.00 9685822464.00 9695814656.00 9708916736.00 9720066048.00 
9730973696.00 9742560256.00 9753762816.00 9765067776.00 9776113664.00 9787596800.00 9798914048.00 9810243584.00 9821433856.00 9832708096.00 9843890176.00 9855353856.00 9866457088.00 9877788672.00 9889053696.00 9898247168.00 9911619584.00 9922878464.00 9934067712.00 9945483264.00 
9955419136.00 9968035840.00 9979287552.00 9990556672.00 10001796096.00 10013045760.00 10024352768.00 10035630080.00 10046704640.00 10059470848.00 10069463040.00 10080881664.00 10092056576.00 10103372800.00 10114588672.00 10125843456.00 10136908800.00 10148461568.00 10159799296.00 10171000832.00 
10180594688.00 10193568768.00 10204899328.00 10216058880.00 10227248128.00 10238590976.00 10249937920.00 10261224448.00 10272367616.00 10282754048.00 10294960128.00 10306375680.00 10317335552.00 10328750080.00 10340102144.00 10351350784.00 10362613760.00 10374027264.00 10385144832.00 10396594176.00 
10407121920.00 10419013632.00 10430299136.00 10440771584.00 10452894720.00 10463774720.00 10475462656.00 10486730752.00 10497724416.00 10509276160.00 10520382464.00 10531724288.00 10543012864.00 10554218496.00 10565671936.00 10576854016.00 10588064768.00 10599455744.00 10610720768.00 10622015488.00 
10632955904.00 10644376576.00 10655852544.00 10667098112.00 10678139904.00 10689595392.00 10700944384.00 10712178688.00 10723486720.00 10734770176.00 10745221120.00 10757318656.00 10768431104.00 10779900928.00 10791130112.00 10802344960.00 10813618176.00 10825019392.00 10836258816.00 10847520768.00 
10857470976.00 10870047744.00 10881266688.00 10893021184.00 10903831552.00 10915087360.00 10926454784.00 10937675776.00 10948898816.00 10960267264.00 10971401216.00 10982772736.00 10994030592.00 11005631488.00 11016588288.00 11027476480.00 11038907392.00 11050423296.00 11061704704.00 11072963584.00 
11083919360.00 11095501824.00 11106765824.00 11118006272.00 11129191424.00 11140496384.00 11151832064.00 11162976256.00 11174316032.00 11185518592.00 11196712960.00 11208180736.00 11219069952.00 11230500864.00 11241744384.00 11252900864.00 11264038912.00 11275154432.00 11285936128.00 11295778816.00 
11292949504.00 11323993088.00 11333828608.00 11344621568.00 11355637760.00 11366748160.00 11378015232.00 11389282304.00 11400195072.00 11411592192.00 11422772224.00 11434274816.00 11445353472.00 11456817152.00 11467921408.00 11479160832.00 11490364416.00 11501787136.00 11512977408.00 11524279296.00 
11535208448.00 11546814464.00 11558053888.00 11569348608.00 11580375040.00 11591485440.00 11603159040.00 11614142464.00 11625647104.00 11637016576.00 11648069632.00 11659514880.00 11670642688.00 11682099200.00 11693290496.00 11704570880.00 11715842048.00 11726766080.00 11738478592.00 11749739520.00 
11759653888.00 11772260352.00 11783501824.00 11794762752.00 11806060544.00 11817299968.00 11828612096.00 11839883264.00 11851127808.00 11862454272.00 11872917504.00 11885018112.00 11896195072.00 11907611648.00 11918803968.00 11930055680.00 11941133312.00 11952696320.00 11963894784.00 11975407616.00 
11986192384.00 11997771776.00 12009033728.00 12020321280.00 12031474688.00 12042791936.00 12054071296.00 12065574912.00 12076666880.00 12088053760.00 12099100672.00 12110504960.00 12121551872.00 12133049344.00 12144282624.00 12155197440.00 12166780928.00 12179017728.00 12189447168.00 12200768512.00 
12211344384.00 12223192064.00 12234607616.00 12245747712.00 12257068032.00 12268306432.00 12279635968.00 12291028992.00 12301941760.00 12313400320.00 12324515840.00 12337040384.00 12347322368.00 12358561792.00 12369806336.00 12381064192.00 12392302592.00 12403717120.00 12414849024.00 12426213376.00 
12435832832.00 12448781312.00 12459949056.00 12471324672.00 12482370560.00 12493801472.00 12505154560.00 12516414464.00 12527631360.00 12538902528.00 12550009856.00 12560302080.00 12572841984.00 12584144896.00 12595402752.00 12606603264.00 12617877504.00 12629218304.00 12640457728.00 12651743232.00 
12661694464.00 12674298880.00 12685688832.00 12696909824.00 12708059136.00 12717323264.00 12730682368.00 12741997568.00 12753099776.00 12764433408.00 12775602176.00 12787073024.00 12798243840.00 12809536512.00 12820842496.00 12832041984.00 12843169792.00 12854726656.00 12865982464.00 12877233152.00 
12888154112.00 12899709952.00 12910822400.00 12923965440.00 12933719040.00 12944960512.00 12956238848.00 12967498752.00 12978725888.00 12990119936.00 13000495104.00 13012615168.00 13023623168.00 13035151360.00 13046489088.00 13057646592.00 13068921856.00 13080206336.00 13091787776.00 13102809088.00 
13113414656.00 13125331968.00 13136577536.00 13147922432.00 13159093248.00 13170339840.00 13181623296.00 13193209856.00 13204068352.00 13215534080.00 13226692608.00 13238123520.00 13249326080.00 13260707840.00 13271944192.00 13282792448.00 13294290944.00 13305814016.00 13317016576.00 13328325632.00 
13339268096.00 13350851584.00 13362213888.00 13373389824.00 13384428544.00 13395825664.00 13407199232.00 13418552320.00 13429738496.00 13440995328.00 13452170240.00 13463484416.00 13474740224.00 13486306304.00 13497309184.00 13508587520.00 13519858688.00 13531166720.00 13542322176.00 13553402880.00 
13558356992.00 13576816640.00 13587850240.00 13599005696.00 13610266624.00 13621494784.00 13632819200.00 13644119040.00 13655245824.00 13666597888.00 13677747200.00 13689098240.00 13700328448.00 13711727616.00 13722932224.00 13734215680.00 13745294336.00 13756768256.00 13768090624.00 13779357696.00 
13790309376.00 13801893888.00 13813029888.00 13824472064.00 13835628544.00 13846598656.00 13858321408.00 13869608960.00 13880748032.00 13892084736.00 13903173632.00 13914937344.00 13925729280.00 13937225728.00 13948378112.00 13959682048.00 13971016704.00 13982359552.00 13993317376.00 14004887552.00 
14015489024.00 14027416576.00 14038671360.00 14049959936.00 14061196288.00 14072431616.00 14083767296.00 14095017984.00 14106014720.00 14117474304.00 14124691456.00 14140369920.00 14151470080.00 14162666496.00 14174025728.00 14185264128.00 14196475904.00 14207816704.00 14219075584.00 14230365184.00 
14241341440.00 14252980224.00 14264197120.00 14275316736.00 14286551040.00 14297982976.00 14309302272.00 14320610304.00 14331805696.00 14343124992.00 14354257920.00 14365647872.00 14376740864.00 14388570112.00 14399580160.00 14410425344.00 14422044672.00 14433396736.00 14444634112.00 14455917568.00 
14465843200.00 14478471168.00 14489572352.00 14500827136.00 14512227328.00 14523431936.00 14535013376.00 14546145280.00 14557261824.00 14568682496.00 14579769344.00 14591169536.00 14602430464.00 14613757952.00 14624710656.00 14636270592.00 14647348224.00 14658849792.00 14670100480.00 14681422848.00 
14691018752.00 14704022528.00 14715195392.00 14726440960.00 14737623040.00 14749006848.00 14760312832.00 14771598336.00 14782869504.00 14794128384.00 14805258240.00 14816670720.00 14827731968.00 14839270400.00 14850473984.00 14861722624.00 14873055232.00 14884272128.00 14895577088.00 14906895360.00 
14917497856.00 14929452032.00 14940604416.00 14951949312.00 14963191808.00 14974072832.00 14985729024.00 14996975616.00 15007963136.00 15019456512.00 15030484992.00 15041773568.00 15052579840.00 15061090304.00 15077946368.00 15088035840.00 15098988544.00 15110241280.00 15121434624.00 15132715008.00 
15143603200.00 15155201024.00 15166434304.00 15177734144.00 15188706304.00 15200175104.00 15211454464.00 15222829056.00 15234004992.00 15245330432.00 15255737344.00 15267884032.00 15279005696.00 15290547200.00 15301647360.00 15312923648.00 15324194816.00 15335399424.00 15346704384.00 15358083072.00 
15367971840.00 15380602880.00 15391834112.00 15403121664.00 15414403072.00 15425589248.00 15436977152.00 15448203264.00 15459338240.00 15470822400.00 15481913344.00 15493334016.00 15504558080.00 15515883520.00 15527095296.00 15536335872.00 15549484032.00 15560940544.00 15572268032.00 15583545344.00 
15594494976.00 15606200320.00 15617346560.00 15628660736.00 15639699456.00 15651274752.00 15662491648.00 15673755648.00 15684972544.00 15696355328.00 15707411456.00 15718759424.00 15729887232.00 15741437952.00 15752808448.00 15763877888.00 15775144960.00 15786483712.00 15797716992.00 15808944128.00 
15816943616.00 15831695360.00 15842891776.00 15854329856.00 15865392128.00 15876656128.00 15887973376.00 15899242496.00 15910298624.00 15921747968.00 15932931072.00 15944302592.00 15955726336.00 15966918656.00 15978163200.00 15989407744.00 16000604160.00 16012014592.00 16023269376.00 16034585600.00 
16045509632.00 16056981504.00 16068358144.00 16079597568.00 16090649600.00 16101767168.00 16113395712.00 16124657664.00 16135614464.00 16147857408.00 16158588928.00 16169952256.00 16181090304.00 16192481280.00 16203799552.00 16214946816.00 16226275328.00 16237544448.00 16248777728.00 16260036608.00 
16270025728.00 16282700800.00 16293923840.00 16305152000.00 16316368896.00 16327715840.00 16338994176.00 16350269440.00 16361423872.00 16372884480.00 16383292416.00 16395597824.00 16406588416.00 16417993728.00 16429049856.00 16440623104.00 16451559424.00 16463069184.00 16474327040.00 16485569536.00 
16496565248.00 16508204032.00 16519450624.00 16530706432.00 16541856768.00 16553184256.00 16564455424.00 16575931392.00 16587053056.00 16598341632.00 16609486848.00 16620943360.00 16631929856.00 16643421184.00 16654797824.00 16665612288.00 16677214208.00 16688591872.00 16699742208.00 16711198720.00 
16721730560.00 16733628416.00 16744899584.00 16756273152.00 16767503360.00 16778678272.00 16790026240.00 16801267712.00 16812307456.00 16823829504.00 16834939904.00 16846387200.00 16857568256.00 16868943872.00 16880191488.00 16891362304.00 16902531072.00 16913814528.00 16925020160.00 16935970816.00 
16939465728.00 16959889408.00 16970782720.00 16981963776.00 16992940032.00 17004378112.00 17015666688.00 17026927616.00 17038154752.00 17049474048.00 17060577280.00 17071971328.00 17083161600.00 17094519808.00 17105776640.00 17116977152.00 17128305664.00 17139588096.00 17150889984.00 17162310656.00 
17172130816.00 17184722944.00 17195988992.00 17207281664.00 17218629632.00 17229451264.00 17241065472.00 17252384768.00 17263519744.00 17274869760.00 17286119424.00 17297518592.00 17308758016.00 17320058880.00 17331333120.00 17342547968.00 17353605120.00 17365092352.00 17376274432.00 17387792384.00 
17398669312.00 17410430976.00 17421551616.00 17432858624.00 17443966976.00 17455239168.00 17466609664.00 17477875712.00 17489086464.00 17500405760.00 17510887424.00 17522776064.00 17533988864.00 17545527296.00 17556740096.00 17567807488.00 17579628544.00 17590734848.00 17601933312.00 17613240320.00 
17623844864.00 17636028416.00 17647030272.00 17658312704.00 17669521408.00 17680707584.00 17692127232.00 17703309312.00 17714442240.00 17725978624.00 17737064448.00 17748400128.00 17759832064.00 17771069440.00 17782335488.00 17793226752.00 17804795904.00 17816195072.00 17827438592.00 17839296512.00 
17849692160.00 17861267456.00 17872525312.00 17883779072.00 17894858752.00 17906331648.00 17917569024.00 17928939520.00 17940109312.00 17951418368.00 17962596352.00 17974032384.00 17985171456.00 17996531712.00 18007822336.00 18019004416.00 18030290944.00 18041528320.00 18052765696.00 18063831040.00 
18068774912.00 18087247872.00 18098286592.00 18109517824.00 18120675328.00 18131939328.00 18143193088.00 18154508288.00 18165671936.00 18177021952.00 18188189696.00 18199523328.00 18210824192.00 18222237696.00 18233290752.00 18244603904.00 18255708160.00 18267009024.00 18278531072.00 18289272832.00 
18300737536.00 18312325120.00 18323578880.00 18334853120.00 18345994240.00 18355320832.00 18368692224.00 18379974656.00 18391267328.00 18402527232.00 18413690880.00 18425108480.00 18436102144.00 18447607808.00 18458896384.00 18470066176.00 18481174528.00 18492874752.00 18504028160.00 18515316736.00 
18525904896.00 18537570304.00 18549096448.00 18560485376.00 18571620352.00 18582865920.00 18594148352.00 18604863488.00 18616541184.00 18628030464.00 18638510080.00 18650540032.00 18661707776.00 18673178624.00 18684407808.00 18695569408.00 18706866176.00 18718191616.00 18729510912.00 18740803584.00 
18751746048.00 18763161600.00 18774626304.00 18785841152.00 18796838912.00 18808215552.00 18819278848.00 18831953920.00 18842458112.00 18853709824.00 18864785408.00 18876217344.00 18887307264.00 18898673664.00 18909956096.00 18920837120.00 18932484096.00 18943770624.00 18955071488.00 18966216704.00 
18976288768.00 18988906496.00 19000156160.00 19011469312.00 19022534656.00 19033935872.00 19045246976.00 19056508928.00 19067713536.00 19079139328.00 19090206720.00 19101597696.00 19112673280.00 19124267008.00 19135510528.00 19146715136.00 19157786624.00 19169617920.00 19180521472.00 19191859200.00 
19201464320.00 19214452736.00 19225636864.00 19236956160.00 19248144384.00 19259465728.00 19270813696.00 19281987584.00 19293249536.00 19304550400.00 19315695616.00 19327100928.00 19338106880.00 19349520384.00 19360184320.00 19372507136.00 19383615488.00 19394920448.00 19406149632.00 19417323520.00 
19428024320.00 19439998976.00 19451181056.00 19462479872.00 19473627136.00 19484618752.00 19496224768.00 19507490816.00 19518621696.00 19530149888.00 19541272576.00 19552729088.00 19563886592.00 19575095296.00 19586572288.00 19597742080.00 19608958976.00 19620364288.00 19631591424.00 19642734592.00 
19653855232.00 19665375232.00 19676866560.00 19687989248.00 19699001344.00 19710455808.00 19721697280.00 19733080064.00 19744241664.00 19755511808.00 19762698240.00 19778310144.00 19789428736.00 19800778752.00 19812012032.00 19823226880.00 19834492928.00 19845775360.00 19857127424.00 19868395520.00 
19878354944.00 19890898944.00 19902236672.00 19913500672.00 19924688896.00 19936100352.00 19947347968.00 19958691840.00 19969759232.00 19981121536.00 19992285184.00 20003764224.00 20014942208.00 20026241024.00 20037490688.00 20048361472.00 20059781120.00 20071188480.00 20083238912.00 20093999104.00 
20104914944.00 20116488192.00 20127774720.00 20139036672.00 20150210560.00 20161519616.00 20172859392.00 20184150016.00 20195340288.00 20206639104.00 20217837568.00 20229183488.00 20240261120.00 20251668480.00 20263053312.00 20274292736.00 20285585408.00 20296861696.00 20308146176.00 20319381504.00 
20327337984.00 20342147072.00 20353337344.00 20364568576.00 20375799808.00 20387088384.00 20398346240.00 20409624576.00 20420667392.00 20432197632.00 20443367424.00 20454746112.00 20466006016.00 20477302784.00 20488673280.00 20499779584.00 20510984192.00 20522387456.00 20533190656.00 20545019904.00 
20555960320.00 20567527424.00 20578779136.00 20589979648.00 20601075712.00 20612208640.00 20623620096.00 20635164672.00 20646387712.00 20657725440.00 20668858368.00 20680382464.00 20691380224.00 20702584832.00 20714176512.00 20725344256.00 20736587776.00 20747923456.00 20759214080.00 20770453504.00 
20780412928.00 20792995840.00 20804196352.00 20815507456.00 20826787840.00 20838027264.00 20848977920.00 20860786688.00 20871839744.00 20883181568.00 20893681664.00 20905756672.00 20917075968.00 20928368640.00 20939560960.00 20950769664.00 20961869824.00 20973025280.00 20984750080.00 20996012032.00 
21006950400.00 21018527744.00 21029613568.00 21040945152.00 21052221440.00 21063536640.00 21074806784.00 21086320640.00 21097433088.00 21108772864.00 21119860736.00 21131640832.00 21142294528.00 21153656832.00 21165029376.00 21174298624.00 21187655680.00 21198954496.00 21210187776.00 21221498880.00 
21232093184.00 21244041216.00 21255200768.00 21266640896.00 21277808640.00 21289070592.00 21300404224.00 21311655936.00 21322704896.00 21334515712.00 21345370112.00 21356814336.00 21368086528.00 21379307520.00 21390579712.00 21401901056.00 21413062656.00 21424474112.00 21435738112.00 21447092224.00 
21456588800.00 21469655040.00 21480810496.00 21492084736.00 21503098880.00 21514674176.00 21525915648.00 21537445888.00 21548394496.00 21559486464.00 21570856960.00 21582247936.00 21593436160.00 21604384768.00 21616156672.00 21627357184.00 21638615040.00 21649960960.00 21661202432.00 21672458240.00 
21682438144.00 21695031296.00 21706285056.00 21717381120.00 21728790528.00 21739728896.00 21751574528.00 21762605056.00 21773826048.00 21785294848.00 21796358144.00 21807396864.00 21818998784.00 21830266880.00 21841586176.00 21852803072.00 21863905280.00 21875310592.00 21886722048.00 21897988096.00 
21908926464.00 21920454656.00 21931710464.00 21943097344.00 21954197504.00 21965535232.00 21976993792.00 21988126720.00 21999343616.00 22010718208.00 22021111808.00 22033203200.00 22044223488.00 22055768064.00 22066980864.00 22078232576.00 22089519104.00 22100975616.00 22112090112.00 22123399168.00 
22134009856.00 22145908736.00 22157197312.00 22168549376.00 22179702784.00 22190952448.00 22202236928.00 22213550080.00 22224541696.00 22236143616.00 22247180288.00 22258454528.00 22269782016.00 22281193472.00 22292297728.00 22303227904.00 22314743808.00 22326048768.00 22337357824.00 22348648448.00 
22359592960.00 22371160064.00 22382387200.00 22393589760.00 22404575232.00 22416031744.00 22427254784.00 22438504448.00 22449680384.00 22460913664.00 22471958528.00 22483288064.00 22494253056.00 22505480192.00 22516441088.00 22527283200.00 22538057728.00 22548379648.00 22557757440.00 22563428352.00 
end   dump: w
==END   DUMP_ARRAYS==
Time in seconds = 0.116643
