Sender: LSF System <lsfadmin@polus-c3-ib.bmc.hpc.cs.msu.ru>
Subject: Job 493722: <./large.o> in cluster <MSUCluster> Done

Job <./large.o> was submitted from host <polus-ib.bmc.hpc.cs.msu.ru> by user <edu-cmc-skpod19-328-11> in cluster <MSUCluster> at Fri Nov 29 23:37:30 2019
Job was executed on host(s) <2*polus-c3-ib.bmc.hpc.cs.msu.ru>, in queue <short>, as user <edu-cmc-skpod19-328-11> in cluster <MSUCluster> at Fri Nov 29 23:38:02 2019
</home_edu/edu-cmc-skpod19-328/edu-cmc-skpod19-328-11> was used as the home directory.
</home_edu/edu-cmc-skpod19-328/edu-cmc-skpod19-328-11/dep_gemver> was used as the working directory.
Started at Fri Nov 29 23:38:02 2019
Terminated at Fri Nov 29 23:38:03 2019
Results reported at Fri Nov 29 23:38:03 2019

Your job looked like:

------------------------------------------------------------
# LSBATCH: User input
./large.o
------------------------------------------------------------

Successfully completed.

Resource usage summary:

    CPU time :                                   8.62 sec.
    Max Memory :                                 40 MB
    Average Memory :                             27.00 MB
    Total Requested Memory :                     -
    Delta Memory :                               -
    Max Swap :                                   -
    Max Processes :                              3
    Max Threads :                                163
    Run time :                                   2 sec.
    Turnaround time :                            33 sec.

The output (if any) follows:

==BEGIN DUMP_ARRAYS==
begin dump: w
0.00 0.00 0.00 0.00 0.00 0.00 0.00 0.00 0.00 0.00 0.00 0.00 0.00 0.00 0.00 0.00 0.00 0.00 0.00 0.00 
0.00 0.00 0.00 0.00 0.00 0.00 0.00 0.00 0.00 0.00 0.00 0.00 0.00 0.00 0.00 0.00 0.00 0.00 0.00 0.00 
0.00 0.00 0.00 0.00 0.00 0.00 0.00 0.00 0.00 0.00 0.00 0.00 0.00 0.00 0.00 0.00 0.00 0.00 0.00 0.00 
0.00 0.00 0.00 0.00 0.00 0.00 0.00 0.00 0.00 0.00 0.00 0.00 0.00 0.00 0.00 0.00 0.00 0.00 0.00 0.00 
0.00 0.00 0.00 0.00 0.00 0.00 0.00 0.00 0.00 0.00 0.00 0.00 0.00 0.00 0.00 0.00 0.00 0.00 0.00 0.00 
0.00 0.00 0.00 0.00 0.00 0.00 0.00 0.00 0.00 0.00 0.00 0.00 0.00 0.00 0.00 0.00 0.00 0.00 0.00 0.00 
0.00 0.00 0.00 0.00 0.00 0.00 0.00 0.00 0.00 0.00 0.00 0.00 0.00 0.00 0.00 0.00 0.00 0.00 0.00 0.00 
0.00 0.00 0.00 0.00 0.00 0.00 0.00 0.00 0.00 0.00 0.00 0.00 0.00 0.00 0.00 0.00 0.00 0.00 0.00 0.00 
0.00 0.00 0.00 0.00 0.00 0.00 0.00 0.00 0.00 0.00 0.00 0.00 0.00 0.00 0.00 0.00 0.00 0.00 0.00 0.00 
0.00 0.00 0.00 0.00 0.00 0.00 0.00 0.00 0.00 0.00 0.00 0.00 0.00 0.00 0.00 0.00 0.00 0.00 0.00 0.00 
0.00 0.00 0.00 0.00 0.00 0.00 0.00 0.00 0.00 0.00 0.00 0.00 0.00 0.00 0.00 0.00 0.00 0.00 0.00 0.00 
0.00 0.00 0.00 0.00 0.00 0.00 0.00 0.00 0.00 0.00 0.00 0.00 0.00 0.00 0.00 0.00 0.00 0.00 0.00 0.00 
0.00 0.00 0.00 0.00 0.00 0.00 0.00 0.00 0.00 0.00 0.00 0.00 0.00 0.00 0.00 0.00 0.00 0.00 0.00 0.00 
0.00 0.00 0.00 0.00 0.00 0.00 0.00 0.00 0.00 0.00 0.00 0.00 0.00 0.00 0.00 0.00 0.00 0.00 0.00 0.00 
0.00 0.00 0.00 0.00 0.00 0.00 0.00 0.00 0.00 0.00 0.00 0.00 0.00 0.00 0.00 0.00 0.00 0.00 0.00 0.00 
0.00 0.00 0.00 0.00 0.00 0.00 0.00 0.00 0.00 0.00 0.00 0.00 0.00 0.00 0.00 0.00 0.00 0.00 0.00 0.00 
0.00 0.00 0.00 0.00 0.00 0.00 0.00 0.00 0.00 0.00 0.00 0.00 0.00 0.00 0.00 0.00 0.00 0.00 0.00 0.00 
0.00 0.00 0.00 0.00 0.00 0.00 0.00 0.00 0.00 0.00 0.00 0.00 0.00 0.00 0.00 0.00 0.00 0.00 0.00 0.00 
0.00 0.00 0.00 0.00 0.00 0.00 0.00 0.00 0.00 0.00 0.00 0.00 0.00 0.00 0.00 0.00 0.00 0.00 0.00 0.00 
0.00 0.00 0.00 0.00 0.00 0.00 0.00 0.00 0.00 0.00 0.00 0.00 0.00 0.00 0.00 0.00 0.00 0.00 0.00 0.00 
0.00 0.00 0.00 0.00 0.00 0.00 0.00 0.00 0.00 0.00 0.00 0.00 0.00 0.00 0.00 0.00 0.00 0.00 0.00 0.00 
0.00 0.00 0.00 0.00 0.00 0.00 0.00 0.00 0.00 0.00 0.00 0.00 0.00 0.00 0.00 0.00 0.00 0.00 0.00 0.00 
0.00 0.00 0.00 0.00 0.00 0.00 0.00 0.00 0.00 0.00 0.00 0.00 0.00 0.00 0.00 0.00 0.00 0.00 0.00 0.00 
0.00 0.00 0.00 0.00 0.00 0.00 0.00 0.00 0.00 0.00 0.00 0.00 0.00 0.00 0.00 0.00 0.00 0.00 0.00 0.00 
0.00 0.00 0.00 0.00 0.00 0.00 0.00 0.00 0.00 0.00 0.00 0.00 0.00 0.00 0.00 0.00 0.00 0.00 0.00 0.00 
0.00 0.00 0.00 0.00 0.00 0.00 0.00 0.00 0.00 0.00 0.00 0.00 0.00 0.00 0.00 0.00 0.00 0.00 0.00 0.00 
0.00 0.00 0.00 0.00 0.00 0.00 0.00 0.00 0.00 0.00 0.00 0.00 0.00 0.00 0.00 0.00 0.00 0.00 0.00 0.00 
0.00 0.00 0.00 0.00 0.00 0.00 0.00 0.00 0.00 0.00 0.00 0.00 0.00 0.00 0.00 0.00 0.00 0.00 0.00 0.00 
0.00 0.00 0.00 0.00 0.00 0.00 0.00 0.00 0.00 0.00 0.00 0.00 0.00 0.00 0.00 0.00 0.00 0.00 0.00 0.00 
0.00 0.00 0.00 0.00 0.00 0.00 0.00 0.00 0.00 0.00 0.00 0.00 0.00 0.00 0.00 0.00 0.00 0.00 0.00 0.00 
0.00 0.00 0.00 0.00 0.00 0.00 0.00 0.00 0.00 0.00 0.00 0.00 0.00 0.00 0.00 0.00 0.00 0.00 0.00 0.00 
0.00 0.00 0.00 0.00 0.00 0.00 0.00 0.00 0.00 0.00 0.00 0.00 0.00 0.00 0.00 0.00 0.00 0.00 0.00 0.00 
0.00 0.00 0.00 0.00 0.00 0.00 0.00 0.00 0.00 0.00 0.00 0.00 0.00 0.00 0.00 0.00 0.00 0.00 0.00 0.00 
0.00 0.00 0.00 0.00 0.00 0.00 0.00 0.00 0.00 0.00 0.00 0.00 0.00 0.00 0.00 0.00 0.00 0.00 0.00 0.00 
0.00 0.00 0.00 0.00 0.00 0.00 0.00 0.00 0.00 0.00 0.00 0.00 0.00 0.00 0.00 0.00 0.00 0.00 0.00 0.00 
0.00 0.00 0.00 0.00 0.00 0.00 0.00 0.00 0.00 0.00 0.00 0.00 0.00 0.00 0.00 0.00 0.00 0.00 0.00 0.00 
0.00 0.00 0.00 0.00 0.00 0.00 0.00 0.00 0.00 0.00 0.00 0.00 0.00 0.00 0.00 0.00 0.00 0.00 0.00 0.00 
0.00 0.00 0.00 0.00 0.00 0.00 0.00 0.00 0.00 0.00 0.00 0.00 0.00 0.00 0.00 0.00 0.00 0.00 0.00 0.00 
0.00 0.00 0.00 0.00 0.00 0.00 0.00 0.00 0.00 0.00 0.00 0.00 0.00 0.00 0.00 0.00 0.00 0.00 0.00 0.00 
0.00 0.00 0.00 0.00 0.00 0.00 0.00 0.00 0.00 0.00 0.00 0.00 0.00 0.00 0.00 0.00 0.00 0.00 0.00 0.00 
0.00 0.00 0.00 0.00 0.00 0.00 0.00 0.00 0.00 0.00 0.00 0.00 0.00 0.00 0.00 0.00 0.00 0.00 0.00 0.00 
0.00 0.00 0.00 0.00 0.00 0.00 0.00 0.00 0.00 0.00 0.00 0.00 0.00 0.00 0.00 0.00 0.00 0.00 0.00 0.00 
0.00 0.00 0.00 0.00 0.00 0.00 0.00 0.00 0.00 0.00 0.00 0.00 0.00 0.00 0.00 0.00 0.00 0.00 0.00 0.00 
0.00 0.00 0.00 0.00 0.00 0.00 0.00 0.00 0.00 0.00 0.00 0.00 0.00 0.00 0.00 0.00 0.00 0.00 0.00 0.00 
0.00 0.00 0.00 0.00 0.00 0.00 0.00 0.00 0.00 0.00 0.00 0.00 0.00 0.00 0.00 0.00 0.00 0.00 0.00 0.00 
0.00 0.00 0.00 0.00 0.00 0.00 0.00 0.00 0.00 0.00 0.00 0.00 0.00 0.00 0.00 0.00 0.00 0.00 0.00 0.00 
0.00 0.00 0.00 0.00 0.00 0.00 0.00 0.00 0.00 0.00 0.00 0.00 0.00 0.00 0.00 0.00 0.00 0.00 0.00 0.00 
0.00 0.00 0.00 0.00 0.00 0.00 0.00 0.00 0.00 0.00 0.00 0.00 0.00 0.00 0.00 0.00 0.00 0.00 0.00 0.00 
0.00 0.00 0.00 0.00 0.00 0.00 0.00 0.00 0.00 0.00 0.00 0.00 0.00 0.00 0.00 0.00 0.00 0.00 0.00 0.00 
0.00 0.00 0.00 0.00 0.00 0.00 0.00 0.00 0.00 0.00 0.00 0.00 0.00 0.00 0.00 0.00 0.00 0.00 0.00 0.00 
0.00 0.00 0.00 0.00 0.00 0.00 0.00 0.00 0.00 0.00 0.00 0.00 0.00 0.00 0.00 0.00 0.00 0.00 0.00 0.00 
0.00 0.00 0.00 0.00 0.00 0.00 0.00 0.00 0.00 0.00 0.00 0.00 0.00 0.00 0.00 0.00 0.00 0.00 0.00 0.00 
0.00 0.00 0.00 0.00 0.00 0.00 0.00 0.00 0.00 0.00 0.00 0.00 0.00 0.00 0.00 0.00 0.00 0.00 0.00 0.00 
0.00 0.00 0.00 0.00 0.00 0.00 0.00 0.00 0.00 0.00 0.00 0.00 0.00 0.00 0.00 0.00 0.00 0.00 0.00 0.00 
0.00 0.00 0.00 0.00 0.00 0.00 0.00 0.00 0.00 0.00 0.00 0.00 0.00 0.00 0.00 0.00 0.00 0.00 0.00 0.00 
0.00 0.00 0.00 0.00 0.00 0.00 0.00 0.00 0.00 0.00 0.00 0.00 0.00 0.00 0.00 0.00 0.00 0.00 0.00 0.00 
0.00 0.00 0.00 0.00 0.00 0.00 0.00 0.00 0.00 0.00 0.00 0.00 0.00 0.00 0.00 0.00 0.00 0.00 0.00 0.00 
0.00 0.00 0.00 0.00 0.00 0.00 0.00 0.00 0.00 0.00 0.00 0.00 0.00 0.00 0.00 0.00 0.00 0.00 0.00 0.00 
0.00 0.00 0.00 0.00 0.00 0.00 0.00 0.00 0.00 0.00 0.00 0.00 0.00 0.00 0.00 0.00 0.00 0.00 0.00 0.00 
0.00 0.00 0.00 0.00 0.00 0.00 0.00 0.00 0.00 0.00 0.00 0.00 0.00 0.00 0.00 0.00 0.00 0.00 0.00 0.00 
0.00 0.00 0.00 0.00 0.00 0.00 0.00 0.00 0.00 0.00 0.00 0.00 0.00 0.00 0.00 0.00 0.00 0.00 0.00 0.00 
0.00 0.00 0.00 0.00 0.00 0.00 0.00 0.00 0.00 0.00 0.00 0.00 0.00 0.00 0.00 0.00 0.00 0.00 0.00 0.00 
0.00 0.00 0.00 0.00 0.00 0.00 0.00 0.00 0.00 0.00 0.00 0.00 0.00 0.00 0.00 0.00 0.00 0.00 0.00 0.00 
0.00 0.00 0.00 0.00 0.00 0.00 0.00 0.00 0.00 0.00 0.00 0.00 0.00 0.00 0.00 0.00 0.00 0.00 0.00 0.00 
0.00 0.00 0.00 0.00 0.00 0.00 0.00 0.00 0.00 0.00 0.00 0.00 0.00 0.00 0.00 0.00 0.00 0.00 0.00 0.00 
0.00 0.00 0.00 0.00 0.00 0.00 0.00 0.00 0.00 0.00 0.00 0.00 0.00 0.00 0.00 0.00 0.00 0.00 0.00 0.00 
0.00 0.00 0.00 0.00 0.00 0.00 0.00 0.00 0.00 0.00 0.00 0.00 0.00 0.00 0.00 0.00 0.00 0.00 0.00 0.00 
0.00 0.00 0.00 0.00 0.00 0.00 0.00 0.00 0.00 0.00 0.00 0.00 0.00 0.00 0.00 0.00 0.00 0.00 0.00 0.00 
0.00 0.00 0.00 0.00 0.00 0.00 0.00 0.00 0.00 0.00 0.00 0.00 0.00 0.00 0.00 0.00 0.00 0.00 0.00 0.00 
0.00 0.00 0.00 0.00 0.00 0.00 0.00 0.00 0.00 0.00 0.00 0.00 0.00 0.00 0.00 0.00 0.00 0.00 0.00 0.00 
0.00 0.00 0.00 0.00 0.00 0.00 0.00 0.00 0.00 0.00 0.00 0.00 0.00 0.00 0.00 0.00 0.00 0.00 0.00 0.00 
0.00 0.00 0.00 0.00 0.00 0.00 0.00 0.00 0.00 0.00 0.00 0.00 0.00 0.00 0.00 0.00 0.00 0.00 0.00 0.00 
0.00 0.00 0.00 0.00 0.00 0.00 0.00 0.00 0.00 0.00 0.00 0.00 0.00 0.00 0.00 0.00 0.00 0.00 0.00 0.00 
0.00 0.00 0.00 0.00 0.00 0.00 0.00 0.00 0.00 0.00 0.00 0.00 0.00 0.00 0.00 0.00 0.00 0.00 0.00 0.00 
0.00 0.00 0.00 0.00 0.00 0.00 0.00 0.00 0.00 0.00 0.00 0.00 0.00 0.00 0.00 0.00 0.00 0.00 0.00 0.00 
0.00 0.00 0.00 0.00 0.00 0.00 0.00 0.00 0.00 0.00 0.00 0.00 0.00 0.00 0.00 0.00 0.00 0.00 0.00 0.00 
0.00 0.00 0.00 0.00 0.00 0.00 0.00 0.00 0.00 0.00 0.00 0.00 0.00 0.00 0.00 0.00 0.00 0.00 0.00 0.00 
0.00 0.00 0.00 0.00 0.00 0.00 0.00 0.00 0.00 0.00 0.00 0.00 0.00 0.00 0.00 0.00 0.00 0.00 0.00 0.00 
0.00 0.00 0.00 0.00 0.00 0.00 0.00 0.00 0.00 0.00 0.00 0.00 0.00 0.00 0.00 0.00 0.00 0.00 0.00 0.00 
0.00 0.00 0.00 0.00 0.00 0.00 0.00 0.00 0.00 0.00 0.00 0.00 0.00 0.00 0.00 0.00 0.00 0.00 0.00 0.00 
0.00 0.00 0.00 0.00 0.00 0.00 0.00 0.00 0.00 0.00 0.00 0.00 0.00 0.00 0.00 0.00 0.00 0.00 0.00 0.00 
0.00 0.00 0.00 0.00 0.00 0.00 0.00 0.00 0.00 0.00 0.00 0.00 0.00 0.00 0.00 0.00 0.00 0.00 0.00 0.00 
0.00 0.00 0.00 0.00 0.00 0.00 0.00 0.00 0.00 0.00 0.00 0.00 0.00 0.00 0.00 0.00 0.00 0.00 0.00 0.00 
0.00 0.00 0.00 0.00 0.00 0.00 0.00 0.00 0.00 0.00 0.00 0.00 0.00 0.00 0.00 0.00 0.00 0.00 0.00 0.00 
0.00 0.00 0.00 0.00 0.00 0.00 0.00 0.00 0.00 0.00 0.00 0.00 0.00 0.00 0.00 0.00 0.00 0.00 0.00 0.00 
0.00 0.00 0.00 0.00 0.00 0.00 0.00 0.00 0.00 0.00 0.00 0.00 0.00 0.00 0.00 0.00 0.00 0.00 0.00 0.00 
0.00 0.00 0.00 0.00 0.00 0.00 0.00 0.00 0.00 0.00 0.00 0.00 0.00 0.00 0.00 0.00 0.00 0.00 0.00 0.00 
0.00 0.00 0.00 0.00 0.00 0.00 0.00 0.00 0.00 0.00 0.00 0.00 0.00 0.00 0.00 0.00 0.00 0.00 0.00 0.00 
0.00 0.00 0.00 0.00 0.00 0.00 0.00 0.00 0.00 0.00 0.00 0.00 0.00 0.00 0.00 0.00 0.00 0.00 0.00 0.00 
0.00 0.00 0.00 0.00 0.00 0.00 0.00 0.00 0.00 0.00 0.00 0.00 0.00 0.00 0.00 0.00 0.00 0.00 0.00 0.00 
0.00 0.00 0.00 0.00 0.00 0.00 0.00 0.00 0.00 0.00 0.00 0.00 0.00 0.00 0.00 0.00 0.00 0.00 0.00 0.00 
0.00 0.00 0.00 0.00 0.00 0.00 0.00 0.00 0.00 0.00 0.00 0.00 0.00 0.00 0.00 0.00 0.00 0.00 0.00 0.00 
0.00 0.00 0.00 0.00 0.00 0.00 0.00 0.00 0.00 0.00 0.00 0.00 0.00 0.00 0.00 0.00 0.00 0.00 0.00 0.00 
0.00 0.00 0.00 0.00 0.00 0.00 0.00 0.00 0.00 0.00 0.00 0.00 0.00 0.00 0.00 0.00 0.00 0.00 0.00 0.00 
0.00 0.00 0.00 0.00 0.00 0.00 0.00 0.00 0.00 0.00 0.00 0.00 0.00 0.00 0.00 0.00 0.00 0.00 0.00 0.00 
0.00 0.00 0.00 0.00 0.00 0.00 0.00 0.00 0.00 0.00 0.00 0.00 0.00 0.00 0.00 0.00 0.00 0.00 0.00 0.00 
0.00 0.00 0.00 0.00 0.00 0.00 0.00 0.00 0.00 0.00 0.00 0.00 0.00 0.00 0.00 0.00 0.00 0.00 0.00 0.00 
0.00 0.00 0.00 0.00 0.00 0.00 0.00 0.00 0.00 0.00 0.00 0.00 0.00 0.00 0.00 0.00 0.00 0.00 0.00 0.00 
0.00 0.00 0.00 0.00 0.00 0.00 0.00 0.00 0.00 0.00 0.00 0.00 0.00 0.00 0.00 0.00 0.00 0.00 0.00 0.00 
0.00 0.00 0.00 0.00 0.00 0.00 0.00 0.00 0.00 0.00 0.00 0.00 0.00 0.00 0.00 0.00 0.00 0.00 0.00 0.00 
end   dump: w
==END   DUMP_ARRAYS==
==BEGIN DUMP_ARRAYS==
begin dump: w
1850.39 55482040.00 61030668.00 70291592.00 80419824.00 90967624.00 101766896.00 112612656.00 123395104.00 134485568.00 145309424.00 156475104.00 167424400.00 178525872.00 189541184.00 200506336.00 211401344.00 222736512.00 233743600.00 244804688.00 
255635248.00 267026736.00 278127008.00 289287424.00 300143936.00 310958400.00 322488576.00 333460128.00 344564736.00 355840352.00 366640928.00 377801024.00 388730688.00 400033728.00 411161408.00 422160704.00 433297728.00 444368352.00 455520640.00 466646720.00 
477101344.00 488829952.00 499920928.00 510923680.00 522088512.00 533177728.00 544348096.00 555429632.00 566281024.00 577647168.00 587932992.00 599823232.00 610893440.00 622042496.00 632981440.00 644141824.00 655211904.00 666378368.00 677590528.00 688684480.00 
699411264.00 710839040.00 721853056.00 733128384.00 743873536.00 755184960.00 766308800.00 777462720.00 788486976.00 800010176.00 810592320.00 821789568.00 832847040.00 844101312.00 854943616.00 865862656.00 877325056.00 888654336.00 899559360.00 910678720.00 
920462016.00 932889152.00 943954560.00 955038976.00 966136512.00 977184960.00 988315136.00 999944960.00 1010470400.00 1021725056.00 1032632768.00 1044130432.00 1054978688.00 1065860800.00 1077177344.00 1088151680.00 1099192320.00 1110536576.00 1121599360.00 1132622208.00 
1142191488.00 1154855808.00 1166007168.00 1177110400.00 1188102144.00 1199177216.00 1210441472.00 1221572352.00 1232549248.00 1243721728.00 1254688256.00 1265666816.00 1276840832.00 1288205696.00 1299250304.00 1310310656.00 1321448192.00 1332538624.00 1343762688.00 1354772480.00 
1365245952.00 1376988672.00 1388093952.00 1399164032.00 1410214912.00 1419299840.00 1432566784.00 1443793152.00 1454479232.00 1465479040.00 1476774912.00 1487989248.00 1499059712.00 1510100736.00 1521386880.00 1532390656.00 1543438720.00 1554787072.00 1565911936.00 1576890368.00 
1587637248.00 1599035392.00 1610081920.00 1621652608.00 1632161536.00 1643445760.00 1654583296.00 1665659904.00 1676654848.00 1687921792.00 1698180992.00 1710143488.00 1721064960.00 1732204800.00 1743810688.00 1754492160.00 1765578880.00 1776770560.00 1787874816.00 1798952960.00 
1808728576.00 1821148928.00 1832190464.00 1843333632.00 1854410752.00 1865460096.00 1876538752.00 1887981568.00 1898786816.00 1909849472.00 1920929024.00 1932151936.00 1943217792.00 1954369664.00 1965698816.00 1976192640.00 1987433984.00 1998877056.00 2009879808.00 2020984832.00 
2031764480.00 2043155200.00 2054793600.00 2065430528.00 2076439680.00 2087579136.00 2098616704.00 2109848960.00 2120874368.00 2132063104.00 2142959744.00 2154271488.00 2165112576.00 2176484864.00 2187552512.00 2198555904.00 2209668352.00 2220857600.00 2231888384.00 2242949120.00 
2250861824.00 2265352704.00 2276387072.00 2287531520.00 2298527488.00 2309611264.00 2320798720.00 2332041472.00 2342769408.00 2354155520.00 2365036800.00 2376380160.00 2387388416.00 2398536960.00 2409600768.00 2420673280.00 2431702784.00 2442953984.00 2454010112.00 2465138432.00 
2475906816.00 2487313664.00 2497862400.00 2509771264.00 2520497920.00 2531433984.00 2542906368.00 2554009088.00 2565061376.00 2576153856.00 2587149824.00 2598447872.00 2609409280.00 2620529152.00 2631683072.00 2642647040.00 2653914112.00 2665047040.00 2676069888.00 2687290880.00 
2697026304.00 2709474048.00 2720534784.00 2731739904.00 2742755840.00 2753802752.00 2764931072.00 2776049408.00 2786996992.00 2798166528.00 2805273344.00 2820635136.00 2831622656.00 2842715392.00 2853885440.00 2864860672.00 2875777536.00 2887121920.00 2898048000.00 2909387776.00 
2920104192.00 2931666432.00 2942615552.00 2953728000.00 2964712704.00 2975851264.00 2986963456.00 2998271488.00 3009219328.00 3020321024.00 3031303168.00 3042555136.00 3053404160.00 3064853504.00 3075929344.00 3086571776.00 3098116096.00 3109201408.00 3120298496.00 3131309056.00 
3141829120.00 3153653248.00 3164635392.00 3175718912.00 3186752256.00 3197659904.00 3209888512.00 3220437504.00 3231169536.00 3242495232.00 3253434112.00 3264703488.00 3275730176.00 3286933504.00 3297897472.00 3308986368.00 3320028928.00 3331276800.00 3342399744.00 3353449216.00 
3362943232.00 3375683072.00 3386810880.00 3397584128.00 3408751104.00 3420011008.00 3431164416.00 3442245632.00 3453563136.00 3464560640.00 3475497984.00 3486700032.00 3497709568.00 3508983040.00 3520038912.00 3531073280.00 3542335232.00 3553336320.00 3564427520.00 3575545088.00 
3585346816.00 3597890048.00 3608840704.00 3619989760.00 3631002112.00 3641765632.00 3653263104.00 3664397824.00 3675360000.00 3686514944.00 3697481984.00 3708690176.00 3719651840.00 3730104832.00 3742556160.00 3753336320.00 3764185856.00 3775527424.00 3786520064.00 3797857280.00 
3808470016.00 3819878656.00 3830957568.00 3842134016.00 3853058304.00 3864277248.00 3875368704.00 3886460928.00 3897644800.00 3908762112.00 3918982144.00 3930922496.00 3941733376.00 3953741312.00 3964251392.00 3975257088.00 3986365696.00 3997443840.00 4008614912.00 4019995648.00 
4030165760.00 4041916928.00 4052999936.00 4064014592.00 4075436800.00 4086338560.00 4097447936.00 4108598272.00 4119418880.00 4130745344.00 4141701888.00 4152987904.00 4163981056.00 4175181824.00 4186275840.00 4195309312.00 4208413184.00 4219630592.00 4230683648.00 4241814272.00 
4252578560.00 4264527616.00 4275067392.00 4286437376.00 4297054208.00 4308383744.00 4319588864.00 4330523648.00 4341650432.00 4352895488.00 4363770880.00 4375044096.00 4386001920.00 4397234176.00 4408329216.00 4419326976.00 4430424064.00 4441534976.00 4452551168.00 4463455232.00 
4468356096.00 4486514688.00 4497386496.00 4508459008.00 4519453184.00 4530515456.00 4541639168.00 4552766464.00 4563745280.00 4574930944.00 4585912832.00 4597207040.00 4608240640.00 4619346432.00 4630516224.00 4641476608.00 4652417536.00 4663826944.00 4674873344.00 4685982208.00 
4696755200.00 4707628032.00 4719267328.00 4730376192.00 4741362688.00 4752192512.00 4763691008.00 4774815744.00 4785786880.00 4797125632.00 4808001024.00 4819218944.00 4830089216.00 4841532928.00 4852530176.00 4863656448.00 4874700288.00 4885855744.00 4896926208.00 4907790848.00 
4918494208.00 4930251776.00 4941325824.00 4952415232.00 4963249152.00 4974843904.00 4985849344.00 4996920832.00 5007767552.00 5019322880.00 5029409792.00 5041346560.00 5052383232.00 5063537664.00 5074595840.00 5085683712.00 5096702464.00 5107869696.00 5118979072.00 5129963008.00 
5140894720.00 5152243712.00 5163555840.00 5174607360.00 5185423360.00 5196665856.00 5207806976.00 5218958336.00 5229974528.00 5241149952.00 5252073984.00 5263449088.00 5274384384.00 5285597696.00 5296709120.00 5307381760.00 5318726144.00 5330012672.00 5341102080.00 5352211968.00 
5361996800.00 5374291968.00 5385505280.00 5396665856.00 5407680000.00 5418801152.00 5429937152.00 5441042944.00 5452021248.00 5463271936.00 5474173952.00 5485408768.00 5496458752.00 5507616256.00 5518672384.00 5529688576.00 5540594688.00 5551882752.00 5562870784.00 5573634048.00 
5577092096.00 5597180928.00 5607941632.00 5618996736.00 5629874688.00 5640980480.00 5652068864.00 5663198208.00 5674299392.00 5685409792.00 5696381952.00 5707603456.00 5718457856.00 5729831936.00 5740869120.00 5751941632.00 5762984448.00 5774142464.00 5785307136.00 5796447744.00 
5806860288.00 5818526720.00 5829766656.00 5840792064.00 5851900416.00 5862622720.00 5874038784.00 5885272576.00 5896092672.00 5907420672.00 5918401024.00 5929664000.00 5940682752.00 5951723008.00 5963004928.00 5974018048.00 5985055232.00 5996276224.00 6007315456.00 6018428416.00 
6029265408.00 6040710144.00 6051756544.00 6062879744.00 6073699840.00 6084844032.00 6096346112.00 6107270144.00 6118412288.00 6129326592.00 6139812864.00 6151683584.00 6162743808.00 6173959168.00 6185024000.00 6196026368.00 6207254016.00 6218394112.00 6229410304.00 6240496640.00 
6250345472.00 6262818304.00 6273862656.00 6284984832.00 6295960064.00 6307081216.00 6318161408.00 6329344512.00 6340330496.00 6351524352.00 6362412544.00 6373294080.00 6385226240.00 6396130304.00 6407188992.00 6417868288.00 6429111808.00 6440503296.00 6451545088.00 6462789632.00 
6473432064.00 6484827648.00 6495933440.00 6507046912.00 6518057984.00 6529201664.00 6540366336.00 6551466496.00 6562375168.00 6573730816.00 6584629248.00 6595945984.00 6606730240.00 6618103296.00 6629173248.00 6640226304.00 6651345408.00 6662341632.00 6673562112.00 6684622336.00 
6692493824.00 6707030016.00 6718056960.00 6729141248.00 6740206080.00 6751282176.00 6762285568.00 6773513728.00 6784390144.00 6795838464.00 6806708224.00 6817906688.00 6829013504.00 6840152064.00 6851216896.00 6862153728.00 6873462272.00 6884569600.00 6895675904.00 6906689024.00 
6917582336.00 6928994304.00 6940059136.00 6951245312.00 6962033664.00 6971336192.00 6984535552.00 6995632128.00 7006676480.00 7017831936.00 7028780032.00 7039997952.00 7051085312.00 7062278144.00 7073288704.00 7084396544.00 7095453696.00 7106662400.00 7117741568.00 7128834048.00 
7138648576.00 7151024640.00 7162208256.00 7173359616.00 7184300032.00 7195351040.00 7206568448.00 7217530368.00 7228662784.00 7239834624.00 7250160128.00 7262057472.00 7273114112.00 7284212224.00 7295375872.00 7306401792.00 7317318144.00 7328616448.00 7339715072.00 7350798336.00 
7361583616.00 7372953088.00 7384036864.00 7395076608.00 7405934080.00 7416806400.00 7426856960.00 7443480576.00 7451752448.00 7462529536.00 7473327104.00 7484494848.00 7495287296.00 7506607104.00 7517677056.00 7528374784.00 7539785728.00 7550949888.00 7562108416.00 7573120000.00 
7583590400.00 7595333632.00 7606437376.00 7617605632.00 7628562944.00 7639672320.00 7650842112.00 7661913600.00 7672779264.00 7684167680.00 7695109632.00 7706375680.00 7717361152.00 7728562176.00 7739641344.00 7750659584.00 7761774592.00 7773023232.00 7784065024.00 7795126272.00 
7804616704.00 7817361408.00 7828476928.00 7839599616.00 7850428416.00 7861694976.00 7873175040.00 7884001792.00 7895051264.00 7906235904.00 7917169152.00 7928378880.00 7939382784.00 7950577152.00 7961517056.00 7972818432.00 7983869440.00 7995222016.00 8006241280.00 8017213440.00 
8027015680.00 8039427584.00 8050508800.00 8061611008.00 8072684544.00 8083422720.00 8094885888.00 8105752064.00 8117160960.00 8128323072.00 8139247104.00 8150499328.00 8161539584.00 8172663296.00 8183779840.00 8194814464.00 8205720576.00 8217277952.00 8228185088.00 8239269888.00 
8250092032.00 8261553664.00 8272624128.00 8283756544.00 8294682112.00 8305820672.00 8316994560.00 8328215040.00 8339139584.00 8350165504.00 8357311488.00 8372708864.00 8383481856.00 8394836992.00 8405872640.00 8416929792.00 8428045824.00 8439205888.00 8450275840.00 8461399040.00 
8471840768.00 8483581952.00 8494938624.00 8505763840.00 8516840448.00 8527966720.00 8539200512.00 8550215680.00 8561037312.00 8572161024.00 8583457792.00 8594666496.00 8605731840.00 8616809472.00 8627892224.00 8638653440.00 8650024960.00 8661240832.00 8672490496.00 8683481088.00 
8694258688.00 8705678336.00 8716740608.00 8727927808.00 8738733056.00 8750005248.00 8761212928.00 8772283392.00 8783405056.00 8794572800.00 8805433344.00 8816710656.00 8827666432.00 8838847488.00 8849955840.00 8860998656.00 8872089600.00 8883281920.00 8894226432.00 8905137152.00 
8910013440.00 8928192512.00 8939056128.00 8950084608.00 8961123328.00 8972189696.00 8983393280.00 8994248704.00 9005413376.00 9016737792.00 9027579904.00 9038874624.00 9049865216.00 9060972544.00 9072124928.00 9083229184.00 9094090752.00 9105445888.00 9116409856.00 9127657472.00 
9138439168.00 9149830144.00 9160938496.00 9171983360.00 9183118336.00 9193862144.00 9205312512.00 9216437248.00 9227545600.00 9238654976.00 9249616896.00 9260899328.00 9271702528.00 9282892800.00 9294280704.00 9305276416.00 9316370432.00 9327475712.00 9338610688.00 9349738496.00 
9360159744.00 9371918336.00 9382733824.00 9394162688.00 9405179904.00 9416251392.00 9427340288.00 9438531584.00 9449389056.00 9460729856.00 9471035392.00 9482887168.00 9493998592.00 9505155072.00 9516210176.00 9527240704.00 9538194432.00 9548028928.00 9560932352.00 9571895296.00 
9582648320.00 9594052608.00 9605093376.00 9616224256.00 9627091968.00 9638414336.00 9649557504.00 9660701696.00 9671739392.00 9682831360.00 9693835264.00 9705124864.00 9716052992.00 9727218688.00 9738314752.00 9747360768.00 9760542720.00 9771636736.00 9782645760.00 9793889280.00 
9803665408.00 9816103936.00 9827189760.00 9838275584.00 9849346048.00 9860421632.00 9871550464.00 9882655744.00 9893573632.00 9906136064.00 9915978752.00 9927216128.00 9938236416.00 9949373440.00 9960423424.00 9971496960.00 9982391296.00 9993772032.00 10004941824.00 10015961088.00 
10025419776.00 10038188032.00 10049347584.00 10060347392.00 10071357440.00 10082522112.00 10093699072.00 10104807424.00 10115775488.00 10126006272.00 10138032128.00 10149282816.00 10160084992.00 10171309056.00 10182492160.00 10193554432.00 10204656640.00 10215898112.00 10226840576.00 10238123008.00 
10248475648.00 10260205568.00 10271311872.00 10281621504.00 10293558272.00 10304284672.00 10315785216.00 10326894592.00 10337714176.00 10349100032.00 10360020992.00 10371200000.00 10382300160.00 10393342976.00 10404629504.00 10415631360.00 10426668032.00 10437873664.00 10448994304.00 10460102656.00 
10470875136.00 10482123776.00 10493422592.00 10504494080.00 10515367936.00 10526659584.00 10537819136.00 10548902912.00 10560036864.00 10571120640.00 10581422080.00 10593348608.00 10604283904.00 10615576576.00 10626647040.00 10637713408.00 10648803328.00 10660011008.00 10671081472.00 10682177536.00 
10691951616.00 10704349184.00 10715397120.00 10726977536.00 10737632256.00 10748709888.00 10759910400.00 10770959360.00 10782009344.00 10793209856.00 10804155392.00 10815350784.00 10826466304.00 10837879808.00 10848676864.00 10859383808.00 10870651904.00 10881997824.00 10893101056.00 10904189952.00 
10914967552.00 10926369792.00 10937470976.00 10948544512.00 10959536128.00 10970685440.00 10981847040.00 10992805888.00 11004001280.00 11014996992.00 11026029568.00 11037347840.00 11048077312.00 11059326976.00 11070386176.00 11081359360.00 11092350976.00 11103282176.00 11113905152.00 11123603456.00 
11120783360.00 11151380480.00 11161057280.00 11171717120.00 11182537728.00 11193498624.00 11204572160.00 11215661056.00 11226413056.00 11237648384.00 11248661504.00 11259985920.00 11270899712.00 11282177024.00 11293115392.00 11304176640.00 11315211264.00 11326452736.00 11337498624.00 11348619264.00 
11359403008.00 11370811392.00 11381863424.00 11392995328.00 11403837440.00 11414805504.00 11426289664.00 11437122560.00 11448434688.00 11459648512.00 11470531584.00 11481778176.00 11492750336.00 11504030720.00 11515040768.00 11526146048.00 11537263616.00 11548005376.00 11559552000.00 11570648064.00 
11580409856.00 11592814592.00 11603885056.00 11614986240.00 11626087424.00 11637143552.00 11648313344.00 11659415552.00 11670476800.00 11681638400.00 11691926528.00 11703858176.00 11714848768.00 11726091264.00 11737127936.00 11748198400.00 11759113216.00 11770490880.00 11781535744.00 11792873472.00 
11803484160.00 11814883328.00 11825970176.00 11837109248.00 11848083456.00 11859229696.00 11870332928.00 11881643008.00 11892592640.00 11903799296.00 11914686464.00 11925899264.00 11936781312.00 11948103680.00 11959165952.00 11969913856.00 11981322240.00 11993378816.00 12003640320.00 12014793728.00 
12025210880.00 12036861952.00 12048110592.00 12059098112.00 12070238208.00 12081305600.00 12092471296.00 12103671808.00 12114423808.00 12125709312.00 12136646656.00 12148981760.00 12159112192.00 12170173440.00 12181269504.00 12192339968.00 12203405312.00 12214649856.00 12225615872.00 12236797952.00 
12246273024.00 12259027968.00 12270023680.00 12281225216.00 12292104192.00 12303365120.00 12314536960.00 12325626880.00 12336678912.00 12347774976.00 12358709248.00 12368860160.00 12381197312.00 12392324096.00 12403414016.00 12414429184.00 12425553920.00 12436718592.00 12447770624.00 12458892288.00 
12468700160.00 12481104896.00 12492315648.00 12503371776.00 12514345984.00 12523470848.00 12536646656.00 12547753984.00 12558702592.00 12569858048.00 12580858880.00 12592167936.00 12603169792.00 12614288384.00 12625409024.00 12636435456.00 12647401472.00 12658771968.00 12669868032.00 12680932352.00 
12691708928.00 12703102976.00 12714027008.00 12726970368.00 12736559104.00 12747622400.00 12758748160.00 12769832960.00 12780889088.00 12792100864.00 12802333696.00 12814259200.00 12825104384.00 12836458496.00 12847631360.00 12858605568.00 12869727232.00 12880828416.00 12892228608.00 12903075840.00 
12913518592.00 12925253632.00 12936334336.00 12947511296.00 12958517248.00 12969576448.00 12980679680.00 12992096256.00 13002792960.00 13014102016.00 13025085440.00 13036320768.00 13047348224.00 13058551808.00 13069656064.00 13080329216.00 13091646464.00 13103007744.00 13114021888.00 13125154816.00 
13135915008.00 13147336704.00 13158542336.00 13169544192.00 13180409856.00 13191630848.00 13202826240.00 13214015488.00 13225033728.00 13236101120.00 13247109120.00 13258255360.00 13269343232.00 13280749568.00 13291572224.00 13302668288.00 13313781760.00 13324917760.00 13335892992.00 13346804736.00 
13351684096.00 13369851904.00 13380740096.00 13391699968.00 13402790912.00 13413856256.00 13425006592.00 13436135424.00 13447085056.00 13458275328.00 13469259776.00 13480419328.00 13491490816.00 13502712832.00 13513759744.00 13524850688.00 13535760384.00 13547047936.00 13558224896.00 13569313792.00 
13580108800.00 13591501824.00 13602472960.00 13613733888.00 13624740864.00 13635533824.00 13647054848.00 13658193920.00 13669153792.00 13680319488.00 13691235328.00 13702831104.00 13713457152.00 13724776448.00 13735756800.00 13746884608.00 13758047232.00 13769232384.00 13780009984.00 13791414272.00 
13801849856.00 13813597184.00 13824676864.00 13835790336.00 13846849536.00 13857922048.00 13869089792.00 13880173568.00 13891012608.00 13902281728.00 13909377024.00 13924828160.00 13935756288.00 13946786816.00 13957962752.00 13969055744.00 13980080128.00 13991246848.00 14002327552.00 14013448192.00 
14024274944.00 14035717120.00 14046780416.00 14057711616.00 14068765696.00 14080044032.00 14091180032.00 14102337536.00 14113353728.00 14124508160.00 14135445504.00 14146668544.00 14157595648.00 14169236480.00 14180067328.00 14190752768.00 14202209280.00 14213383168.00 14224447488.00 14235559936.00 
14245340160.00 14257765376.00 14268722176.00 14279775232.00 14291020800.00 14302033920.00 14313445376.00 14324412416.00 14335370240.00 14346615808.00 14357528576.00 14368757760.00 14379842560.00 14390984704.00 14401785856.00 14413168640.00 14424068096.00 14435393536.00 14446479360.00 14457623552.00 
14467075072.00 14479864832.00 14490902528.00 14501964800.00 14512980992.00 14524192768.00 14535313408.00 14546433024.00 14557531136.00 14568624128.00 14579584000.00 14590820352.00 14601707520.00 14613074944.00 14624113664.00 14635184128.00 14646322176.00 14657385472.00 14668527616.00 14679659520.00 
14690094080.00 14701877248.00 14712861696.00 14724046848.00 14735111168.00 14745816064.00 14757281792.00 14768389120.00 14779199488.00 14790490112.00 14801362944.00 14812459008.00 14823134208.00 14831492096.00 14848099328.00 14858050560.00 14868824064.00 14879912960.00 14890939392.00 14902034432.00 
14912764928.00 14924192768.00 14935244800.00 14946378752.00 14957174784.00 14968462336.00 14979575808.00 14990785536.00 15001779200.00 15012945920.00 15023207424.00 15035164672.00 15046084608.00 15057468416.00 15068395520.00 15079498752.00 15090595840.00 15101640704.00 15112751104.00 15123972096.00 
15133711360.00 15146156032.00 15157217280.00 15168336896.00 15179435008.00 15190452224.00 15201665024.00 15212719104.00 15223664640.00 15234996224.00 15245911040.00 15257167872.00 15268199424.00 15279365120.00 15290417152.00 15299490816.00 15312455680.00 15323751424.00 15334890496.00 15346000896.00 
15356783616.00 15368313856.00 15379279872.00 15390419968.00 15401306112.00 15412714496.00 15423749120.00 15434834944.00 15445881856.00 15457077248.00 15467995136.00 15479154688.00 15490105344.00 15501477888.00 15512673280.00 15523581952.00 15534685184.00 15545847808.00 15556893696.00 15567973376.00 
15575845888.00 15590366208.00 15601408000.00 15612655616.00 15623548928.00 15634626560.00 15645789184.00 15656890368.00 15667786752.00 15679046656.00 15690066944.00 15701246976.00 15712505856.00 15723525120.00 15734597632.00 15745646592.00 15756696576.00 15767941120.00 15779018752.00 15790175232.00 
15800921088.00 15812215808.00 15823413248.00 15834476544.00 15845381120.00 15856323584.00 15867772928.00 15878857728.00 15889655808.00 15901705216.00 15912275968.00 15923466240.00 15934422016.00 15945647104.00 15956799488.00 15967770624.00 15978929152.00 15990016000.00 16001082368.00 16012169216.00 
16022008832.00 16034496512.00 16045539328.00 16056603648.00 16067635200.00 16078838784.00 16089944064.00 16101030912.00 16112013312.00 16123303936.00 16133551104.00 16145666048.00 16156477440.00 16167720960.00 16178611200.00 16190001152.00 16200793088.00 16212117504.00 16223188992.00 16234281984.00 
16245104640.00 16256553984.00 16267634688.00 16278723584.00 16289712128.00 16300832768.00 16311952384.00 16323271680.00 16334212096.00 16345325568.00 16356278272.00 16367564800.00 16378398720.00 16389707776.00 16400908288.00 16411560960.00 16422990848.00 16434190336.00 16445181952.00 16456468480.00 
16466822144.00 16478542848.00 16489654272.00 16500851712.00 16511905792.00 16522927104.00 16534088704.00 16545156096.00 16556038144.00 16567393280.00 16578317312.00 16589591552.00 16600592384.00 16611798016.00 16622887936.00 16633866240.00 16644885504.00 16656001024.00 16667011072.00 16677810176.00 
16681235456.00 16701366272.00 16712087552.00 16723105792.00 16733895680.00 16745174016.00 16756295680.00 16767382528.00 16778438656.00 16789582848.00 16800518144.00 16811724800.00 16822738944.00 16833953792.00 16845032448.00 16856047616.00 16867208192.00 16878336000.00 16889457664.00 16900699136.00 
16910368768.00 16922784768.00 16933855232.00 16944963584.00 16956168192.00 16966800384.00 16978251776.00 16989385728.00 17000366080.00 17011534848.00 17022607360.00 17033850880.00 17044916224.00 17056045056.00 17067150336.00 17078189056.00 17089074176.00 17100391424.00 17111405568.00 17122743296.00 
17133473792.00 17145034752.00 17155976192.00 17167120384.00 17178061824.00 17189169152.00 17200377856.00 17211463680.00 17222506496.00 17233639424.00 17243955200.00 17255669760.00 17266733056.00 17278054400.00 17289105408.00 17300011008.00 17311649792.00 17322582016.00 17333624832.00 17344755712.00 
17355190272.00 17367209984.00 17378031616.00 17389139968.00 17400176640.00 17411209216.00 17422428160.00 17433466880.00 17444413440.00 17455767552.00 17466695680.00 17477867520.00 17489104896.00 17500174336.00 17511276544.00 17521995776.00 17533390848.00 17544615936.00 17555693568.00 17567358976.00 
17577596928.00 17589012480.00 17600069632.00 17611163648.00 17622077440.00 17633372160.00 17644437504.00 17655654400.00 17666648064.00 17677780992.00 17688782848.00 17700059136.00 17711013888.00 17722230784.00 17733316608.00 17744334848.00 17755441152.00 17766531072.00 17777586176.00 17788487680.00 
17793341440.00 17811539968.00 17822423040.00 17833451520.00 17844475904.00 17855516672.00 17866635264.00 17877764096.00 17888761856.00 17899968512.00 17910925312.00 17922103296.00 17933238272.00 17944473600.00 17955371008.00 17966485504.00 17977442304.00 17988558848.00 17999894528.00 18010454016.00 
18021775360.00 18033182720.00 18044276736.00 18055368704.00 18066341888.00 18075518976.00 18088689664.00 18099802112.00 18110918656.00 18122000384.00 18132996096.00 18144245760.00 18155081728.00 18166392832.00 18177515520.00 18188531712.00 18199447552.00 18210975744.00 18221969408.00 18233069568.00 
18243510272.00 18254997504.00 18266341376.00 18277560320.00 18288533504.00 18299609088.00 18310713344.00 18321248256.00 18332762112.00 18344071168.00 18354391040.00 18366242816.00 18377246720.00 18388525056.00 18399594496.00 18410571776.00 18421700608.00 18432858112.00 18443988992.00 18455109632.00 
18465896448.00 18477125632.00 18488436736.00 18499467264.00 18510301184.00 18521528320.00 18532390912.00 18544885760.00 18555230208.00 18566307840.00 18577205248.00 18588481536.00 18599405568.00 18610581504.00 18621702144.00 18632433664.00 18643886080.00 18654990336.00 18666125312.00 18677118976.00 
18686998528.00 18699460608.00 18710525952.00 18721662976.00 18732550144.00 18743785472.00 18754930688.00 18766024704.00 18777042944.00 18788294656.00 18799187968.00 18810419200.00 18821328896.00 18832752640.00 18843789312.00 18854838272.00 18865741824.00 18877409280.00 18888140800.00 18899316736.00 
18908760064.00 18921521152.00 18932561920.00 18943719424.00 18954733568.00 18965876736.00 18977056768.00 18988060672.00 18999148544.00 19010312192.00 19021254656.00 19032502272.00 19043330048.00 19054559232.00 19065065472.00 19077185536.00 19088148480.00 19099260928.00 19110326272.00 19121321984.00 
19131858944.00 19143675904.00 19154655232.00 19165798400.00 19176785920.00 19187607552.00 19199025152.00 19210137600.00 19221090304.00 19232425984.00 19243393024.00 19254667264.00 19265673216.00 19276699648.00 19287990272.00 19299020800.00 19310043136.00 19321264128.00 19332362240.00 19343306752.00 
19354263552.00 19365603328.00 19376918528.00 19387871232.00 19398717440.00 19410003968.00 19421063168.00 19432290304.00 19443273728.00 19454353408.00 19461427200.00 19476824064.00 19487762432.00 19498936320.00 19510038528.00 19521060864.00 19532128256.00 19543246848.00 19554441216.00 19565527040.00 
19575330816.00 19587706880.00 19598899200.00 19609937920.00 19620982784.00 19632209920.00 19643267072.00 19654469632.00 19665360896.00 19676545024.00 19687536640.00 19698831360.00 19709835264.00 19720982528.00 19732035584.00 19742742528.00 19753998336.00 19765223424.00 19777085440.00 19787692032.00 
19798448128.00 19809849344.00 19820963840.00 19832045568.00 19843069952.00 19854172160.00 19865362432.00 19876458496.00 19887499264.00 19898619904.00 19909658624.00 19920834560.00 19931723776.00 19942955008.00 19954176000.00 19965239296.00 19976370176.00 19987470336.00 19998576640.00 20009633792.00 
20017467392.00 20032055296.00 20043075584.00 20054136832.00 20065228800.00 20076292096.00 20087400448.00 20098506752.00 20109379584.00 20120725504.00 20131731456.00 20142925824.00 20154025984.00 20165132288.00 20176340992.00 20187279360.00 20198322176.00 20209557504.00 20220151808.00 20231843840.00 
20242591744.00 20254007296.00 20265086976.00 20276107264.00 20287066112.00 20297984000.00 20309258240.00 20320626688.00 20331669504.00 20342837248.00 20353757184.00 20365148160.00 20375965696.00 20387000320.00 20398413824.00 20409393152.00 20420474880.00 20431642624.00 20442765312.00 20453838848.00 
20463620096.00 20476043264.00 20487086080.00 20498221056.00 20509298688.00 20520374272.00 20531150848.00 20542795776.00 20553682944.00 20564858880.00 20575178752.00 20587073536.00 20598235136.00 20609329152.00 20620353536.00 20631429120.00 20642342912.00 20653348864.00 20664893440.00 20675969024.00 
20686718976.00 20698103808.00 20709046272.00 20720191488.00 20731314176.00 20742477824.00 20753573888.00 20764891136.00 20775835648.00 20787009536.00 20797898752.00 20809519104.00 20820002816.00 20831209472.00 20842381312.00 20851513344.00 20864677888.00 20875825152.00 20886861824.00 20898002944.00 
20908443648.00 20920221696.00 20931192832.00 20942454784.00 20953444352.00 20964542464.00 20975716352.00 20986796032.00 20997650432.00 21009346560.00 21019990016.00 21031258112.00 21042335744.00 21053417472.00 21064511488.00 21075664896.00 21086664704.00 21097887744.00 21108959232.00 21120145408.00 
21129484288.00 21142378496.00 21153353728.00 21164464128.00 21175302144.00 21186711552.00 21197776896.00 21209133056.00 21219915776.00 21230862336.00 21242064896.00 21253273600.00 21264281600.00 21275064320.00 21286645760.00 21297670144.00 21308751872.00 21319942144.00 21331021824.00 21342093312.00 
21351886848.00 21364320256.00 21375391744.00 21386338304.00 21397557248.00 21408325632.00 21420003328.00 21430890496.00 21441914880.00 21453211648.00 21464104960.00 21474985984.00 21486405632.00 21497522176.00 21508657152.00 21519669248.00 21530619904.00 21541873664.00 21553106944.00 21564153856.00 
21574932480.00 21586307072.00 21597358080.00 21608615936.00 21619550208.00 21630748672.00 21641979904.00 21652951040.00 21664000000.00 21675171840.00 21685434368.00 21697339392.00 21708216320.00 21719572480.00 21730613248.00 21741678592.00 21752813568.00 21764057088.00 21775052800.00 21786163200.00 
21796573184.00 21808357376.00 21819435008.00 21830625280.00 21841608704.00 21852702720.00 21863794688.00 21874962432.00 21885743104.00 21897193472.00 21908070400.00 21919156224.00 21930332160.00 21941532672.00 21952464896.00 21963218944.00 21974626304.00 21985701888.00 21996832768.00 22007957504.00 
22018725888.00 22030194688.00 22041204736.00 22052259840.00 22063097856.00 22074359808.00 22085410816.00 22096474112.00 22107463680.00 22118510592.00 22129383424.00 22140506112.00 22151335936.00 22162388992.00 22173192192.00 22183884800.00 22194485248.00 22204690432.00 22213945344.00 22219501568.00 
end   dump: w
==END   DUMP_ARRAYS==
Time in seconds = 0.085434
