Sender: LSF System <lsfadmin@polus-c2-ib.bmc.hpc.cs.msu.ru>
Subject: Job 493969: <./large.o> in cluster <MSUCluster> Done

Job <./large.o> was submitted from host <polus-ib.bmc.hpc.cs.msu.ru> by user <edu-cmc-skpod19-328-11> in cluster <MSUCluster> at Fri Nov 29 23:39:32 2019
Job was executed on host(s) <14*polus-c2-ib.bmc.hpc.cs.msu.ru>, in queue <short>, as user <edu-cmc-skpod19-328-11> in cluster <MSUCluster> at Fri Nov 29 23:41:17 2019
</home_edu/edu-cmc-skpod19-328/edu-cmc-skpod19-328-11> was used as the home directory.
</home_edu/edu-cmc-skpod19-328/edu-cmc-skpod19-328-11/dep_gemver> was used as the working directory.
Started at Fri Nov 29 23:41:17 2019
Terminated at Fri Nov 29 23:41:19 2019
Results reported at Fri Nov 29 23:41:19 2019

Your job looked like:

------------------------------------------------------------
# LSBATCH: User input
./large.o
------------------------------------------------------------

Successfully completed.

Resource usage summary:

    CPU time :                                   10.18 sec.
    Max Memory :                                 5 MB
    Average Memory :                             3.67 MB
    Total Requested Memory :                     -
    Delta Memory :                               -
    Max Swap :                                   -
    Max Processes :                              3
    Max Threads :                                4
    Run time :                                   1 sec.
    Turnaround time :                            107 sec.

The output (if any) follows:

==BEGIN DUMP_ARRAYS==
begin dump: w
0.00 0.00 0.00 0.00 0.00 0.00 0.00 0.00 0.00 0.00 0.00 0.00 0.00 0.00 0.00 0.00 0.00 0.00 0.00 0.00 
0.00 0.00 0.00 0.00 0.00 0.00 0.00 0.00 0.00 0.00 0.00 0.00 0.00 0.00 0.00 0.00 0.00 0.00 0.00 0.00 
0.00 0.00 0.00 0.00 0.00 0.00 0.00 0.00 0.00 0.00 0.00 0.00 0.00 0.00 0.00 0.00 0.00 0.00 0.00 0.00 
0.00 0.00 0.00 0.00 0.00 0.00 0.00 0.00 0.00 0.00 0.00 0.00 0.00 0.00 0.00 0.00 0.00 0.00 0.00 0.00 
0.00 0.00 0.00 0.00 0.00 0.00 0.00 0.00 0.00 0.00 0.00 0.00 0.00 0.00 0.00 0.00 0.00 0.00 0.00 0.00 
0.00 0.00 0.00 0.00 0.00 0.00 0.00 0.00 0.00 0.00 0.00 0.00 0.00 0.00 0.00 0.00 0.00 0.00 0.00 0.00 
0.00 0.00 0.00 0.00 0.00 0.00 0.00 0.00 0.00 0.00 0.00 0.00 0.00 0.00 0.00 0.00 0.00 0.00 0.00 0.00 
0.00 0.00 0.00 0.00 0.00 0.00 0.00 0.00 0.00 0.00 0.00 0.00 0.00 0.00 0.00 0.00 0.00 0.00 0.00 0.00 
0.00 0.00 0.00 0.00 0.00 0.00 0.00 0.00 0.00 0.00 0.00 0.00 0.00 0.00 0.00 0.00 0.00 0.00 0.00 0.00 
0.00 0.00 0.00 0.00 0.00 0.00 0.00 0.00 0.00 0.00 0.00 0.00 0.00 0.00 0.00 0.00 0.00 0.00 0.00 0.00 
0.00 0.00 0.00 0.00 0.00 0.00 0.00 0.00 0.00 0.00 0.00 0.00 0.00 0.00 0.00 0.00 0.00 0.00 0.00 0.00 
0.00 0.00 0.00 0.00 0.00 0.00 0.00 0.00 0.00 0.00 0.00 0.00 0.00 0.00 0.00 0.00 0.00 0.00 0.00 0.00 
0.00 0.00 0.00 0.00 0.00 0.00 0.00 0.00 0.00 0.00 0.00 0.00 0.00 0.00 0.00 0.00 0.00 0.00 0.00 0.00 
0.00 0.00 0.00 0.00 0.00 0.00 0.00 0.00 0.00 0.00 0.00 0.00 0.00 0.00 0.00 0.00 0.00 0.00 0.00 0.00 
0.00 0.00 0.00 0.00 0.00 0.00 0.00 0.00 0.00 0.00 0.00 0.00 0.00 0.00 0.00 0.00 0.00 0.00 0.00 0.00 
0.00 0.00 0.00 0.00 0.00 0.00 0.00 0.00 0.00 0.00 0.00 0.00 0.00 0.00 0.00 0.00 0.00 0.00 0.00 0.00 
0.00 0.00 0.00 0.00 0.00 0.00 0.00 0.00 0.00 0.00 0.00 0.00 0.00 0.00 0.00 0.00 0.00 0.00 0.00 0.00 
0.00 0.00 0.00 0.00 0.00 0.00 0.00 0.00 0.00 0.00 0.00 0.00 0.00 0.00 0.00 0.00 0.00 0.00 0.00 0.00 
0.00 0.00 0.00 0.00 0.00 0.00 0.00 0.00 0.00 0.00 0.00 0.00 0.00 0.00 0.00 0.00 0.00 0.00 0.00 0.00 
0.00 0.00 0.00 0.00 0.00 0.00 0.00 0.00 0.00 0.00 0.00 0.00 0.00 0.00 0.00 0.00 0.00 0.00 0.00 0.00 
0.00 0.00 0.00 0.00 0.00 0.00 0.00 0.00 0.00 0.00 0.00 0.00 0.00 0.00 0.00 0.00 0.00 0.00 0.00 0.00 
0.00 0.00 0.00 0.00 0.00 0.00 0.00 0.00 0.00 0.00 0.00 0.00 0.00 0.00 0.00 0.00 0.00 0.00 0.00 0.00 
0.00 0.00 0.00 0.00 0.00 0.00 0.00 0.00 0.00 0.00 0.00 0.00 0.00 0.00 0.00 0.00 0.00 0.00 0.00 0.00 
0.00 0.00 0.00 0.00 0.00 0.00 0.00 0.00 0.00 0.00 0.00 0.00 0.00 0.00 0.00 0.00 0.00 0.00 0.00 0.00 
0.00 0.00 0.00 0.00 0.00 0.00 0.00 0.00 0.00 0.00 0.00 0.00 0.00 0.00 0.00 0.00 0.00 0.00 0.00 0.00 
0.00 0.00 0.00 0.00 0.00 0.00 0.00 0.00 0.00 0.00 0.00 0.00 0.00 0.00 0.00 0.00 0.00 0.00 0.00 0.00 
0.00 0.00 0.00 0.00 0.00 0.00 0.00 0.00 0.00 0.00 0.00 0.00 0.00 0.00 0.00 0.00 0.00 0.00 0.00 0.00 
0.00 0.00 0.00 0.00 0.00 0.00 0.00 0.00 0.00 0.00 0.00 0.00 0.00 0.00 0.00 0.00 0.00 0.00 0.00 0.00 
0.00 0.00 0.00 0.00 0.00 0.00 0.00 0.00 0.00 0.00 0.00 0.00 0.00 0.00 0.00 0.00 0.00 0.00 0.00 0.00 
0.00 0.00 0.00 0.00 0.00 0.00 0.00 0.00 0.00 0.00 0.00 0.00 0.00 0.00 0.00 0.00 0.00 0.00 0.00 0.00 
0.00 0.00 0.00 0.00 0.00 0.00 0.00 0.00 0.00 0.00 0.00 0.00 0.00 0.00 0.00 0.00 0.00 0.00 0.00 0.00 
0.00 0.00 0.00 0.00 0.00 0.00 0.00 0.00 0.00 0.00 0.00 0.00 0.00 0.00 0.00 0.00 0.00 0.00 0.00 0.00 
0.00 0.00 0.00 0.00 0.00 0.00 0.00 0.00 0.00 0.00 0.00 0.00 0.00 0.00 0.00 0.00 0.00 0.00 0.00 0.00 
0.00 0.00 0.00 0.00 0.00 0.00 0.00 0.00 0.00 0.00 0.00 0.00 0.00 0.00 0.00 0.00 0.00 0.00 0.00 0.00 
0.00 0.00 0.00 0.00 0.00 0.00 0.00 0.00 0.00 0.00 0.00 0.00 0.00 0.00 0.00 0.00 0.00 0.00 0.00 0.00 
0.00 0.00 0.00 0.00 0.00 0.00 0.00 0.00 0.00 0.00 0.00 0.00 0.00 0.00 0.00 0.00 0.00 0.00 0.00 0.00 
0.00 0.00 0.00 0.00 0.00 0.00 0.00 0.00 0.00 0.00 0.00 0.00 0.00 0.00 0.00 0.00 0.00 0.00 0.00 0.00 
0.00 0.00 0.00 0.00 0.00 0.00 0.00 0.00 0.00 0.00 0.00 0.00 0.00 0.00 0.00 0.00 0.00 0.00 0.00 0.00 
0.00 0.00 0.00 0.00 0.00 0.00 0.00 0.00 0.00 0.00 0.00 0.00 0.00 0.00 0.00 0.00 0.00 0.00 0.00 0.00 
0.00 0.00 0.00 0.00 0.00 0.00 0.00 0.00 0.00 0.00 0.00 0.00 0.00 0.00 0.00 0.00 0.00 0.00 0.00 0.00 
0.00 0.00 0.00 0.00 0.00 0.00 0.00 0.00 0.00 0.00 0.00 0.00 0.00 0.00 0.00 0.00 0.00 0.00 0.00 0.00 
0.00 0.00 0.00 0.00 0.00 0.00 0.00 0.00 0.00 0.00 0.00 0.00 0.00 0.00 0.00 0.00 0.00 0.00 0.00 0.00 
0.00 0.00 0.00 0.00 0.00 0.00 0.00 0.00 0.00 0.00 0.00 0.00 0.00 0.00 0.00 0.00 0.00 0.00 0.00 0.00 
0.00 0.00 0.00 0.00 0.00 0.00 0.00 0.00 0.00 0.00 0.00 0.00 0.00 0.00 0.00 0.00 0.00 0.00 0.00 0.00 
0.00 0.00 0.00 0.00 0.00 0.00 0.00 0.00 0.00 0.00 0.00 0.00 0.00 0.00 0.00 0.00 0.00 0.00 0.00 0.00 
0.00 0.00 0.00 0.00 0.00 0.00 0.00 0.00 0.00 0.00 0.00 0.00 0.00 0.00 0.00 0.00 0.00 0.00 0.00 0.00 
0.00 0.00 0.00 0.00 0.00 0.00 0.00 0.00 0.00 0.00 0.00 0.00 0.00 0.00 0.00 0.00 0.00 0.00 0.00 0.00 
0.00 0.00 0.00 0.00 0.00 0.00 0.00 0.00 0.00 0.00 0.00 0.00 0.00 0.00 0.00 0.00 0.00 0.00 0.00 0.00 
0.00 0.00 0.00 0.00 0.00 0.00 0.00 0.00 0.00 0.00 0.00 0.00 0.00 0.00 0.00 0.00 0.00 0.00 0.00 0.00 
0.00 0.00 0.00 0.00 0.00 0.00 0.00 0.00 0.00 0.00 0.00 0.00 0.00 0.00 0.00 0.00 0.00 0.00 0.00 0.00 
0.00 0.00 0.00 0.00 0.00 0.00 0.00 0.00 0.00 0.00 0.00 0.00 0.00 0.00 0.00 0.00 0.00 0.00 0.00 0.00 
0.00 0.00 0.00 0.00 0.00 0.00 0.00 0.00 0.00 0.00 0.00 0.00 0.00 0.00 0.00 0.00 0.00 0.00 0.00 0.00 
0.00 0.00 0.00 0.00 0.00 0.00 0.00 0.00 0.00 0.00 0.00 0.00 0.00 0.00 0.00 0.00 0.00 0.00 0.00 0.00 
0.00 0.00 0.00 0.00 0.00 0.00 0.00 0.00 0.00 0.00 0.00 0.00 0.00 0.00 0.00 0.00 0.00 0.00 0.00 0.00 
0.00 0.00 0.00 0.00 0.00 0.00 0.00 0.00 0.00 0.00 0.00 0.00 0.00 0.00 0.00 0.00 0.00 0.00 0.00 0.00 
0.00 0.00 0.00 0.00 0.00 0.00 0.00 0.00 0.00 0.00 0.00 0.00 0.00 0.00 0.00 0.00 0.00 0.00 0.00 0.00 
0.00 0.00 0.00 0.00 0.00 0.00 0.00 0.00 0.00 0.00 0.00 0.00 0.00 0.00 0.00 0.00 0.00 0.00 0.00 0.00 
0.00 0.00 0.00 0.00 0.00 0.00 0.00 0.00 0.00 0.00 0.00 0.00 0.00 0.00 0.00 0.00 0.00 0.00 0.00 0.00 
0.00 0.00 0.00 0.00 0.00 0.00 0.00 0.00 0.00 0.00 0.00 0.00 0.00 0.00 0.00 0.00 0.00 0.00 0.00 0.00 
0.00 0.00 0.00 0.00 0.00 0.00 0.00 0.00 0.00 0.00 0.00 0.00 0.00 0.00 0.00 0.00 0.00 0.00 0.00 0.00 
0.00 0.00 0.00 0.00 0.00 0.00 0.00 0.00 0.00 0.00 0.00 0.00 0.00 0.00 0.00 0.00 0.00 0.00 0.00 0.00 
0.00 0.00 0.00 0.00 0.00 0.00 0.00 0.00 0.00 0.00 0.00 0.00 0.00 0.00 0.00 0.00 0.00 0.00 0.00 0.00 
0.00 0.00 0.00 0.00 0.00 0.00 0.00 0.00 0.00 0.00 0.00 0.00 0.00 0.00 0.00 0.00 0.00 0.00 0.00 0.00 
0.00 0.00 0.00 0.00 0.00 0.00 0.00 0.00 0.00 0.00 0.00 0.00 0.00 0.00 0.00 0.00 0.00 0.00 0.00 0.00 
0.00 0.00 0.00 0.00 0.00 0.00 0.00 0.00 0.00 0.00 0.00 0.00 0.00 0.00 0.00 0.00 0.00 0.00 0.00 0.00 
0.00 0.00 0.00 0.00 0.00 0.00 0.00 0.00 0.00 0.00 0.00 0.00 0.00 0.00 0.00 0.00 0.00 0.00 0.00 0.00 
0.00 0.00 0.00 0.00 0.00 0.00 0.00 0.00 0.00 0.00 0.00 0.00 0.00 0.00 0.00 0.00 0.00 0.00 0.00 0.00 
0.00 0.00 0.00 0.00 0.00 0.00 0.00 0.00 0.00 0.00 0.00 0.00 0.00 0.00 0.00 0.00 0.00 0.00 0.00 0.00 
0.00 0.00 0.00 0.00 0.00 0.00 0.00 0.00 0.00 0.00 0.00 0.00 0.00 0.00 0.00 0.00 0.00 0.00 0.00 0.00 
0.00 0.00 0.00 0.00 0.00 0.00 0.00 0.00 0.00 0.00 0.00 0.00 0.00 0.00 0.00 0.00 0.00 0.00 0.00 0.00 
0.00 0.00 0.00 0.00 0.00 0.00 0.00 0.00 0.00 0.00 0.00 0.00 0.00 0.00 0.00 0.00 0.00 0.00 0.00 0.00 
0.00 0.00 0.00 0.00 0.00 0.00 0.00 0.00 0.00 0.00 0.00 0.00 0.00 0.00 0.00 0.00 0.00 0.00 0.00 0.00 
0.00 0.00 0.00 0.00 0.00 0.00 0.00 0.00 0.00 0.00 0.00 0.00 0.00 0.00 0.00 0.00 0.00 0.00 0.00 0.00 
0.00 0.00 0.00 0.00 0.00 0.00 0.00 0.00 0.00 0.00 0.00 0.00 0.00 0.00 0.00 0.00 0.00 0.00 0.00 0.00 
0.00 0.00 0.00 0.00 0.00 0.00 0.00 0.00 0.00 0.00 0.00 0.00 0.00 0.00 0.00 0.00 0.00 0.00 0.00 0.00 
0.00 0.00 0.00 0.00 0.00 0.00 0.00 0.00 0.00 0.00 0.00 0.00 0.00 0.00 0.00 0.00 0.00 0.00 0.00 0.00 
0.00 0.00 0.00 0.00 0.00 0.00 0.00 0.00 0.00 0.00 0.00 0.00 0.00 0.00 0.00 0.00 0.00 0.00 0.00 0.00 
0.00 0.00 0.00 0.00 0.00 0.00 0.00 0.00 0.00 0.00 0.00 0.00 0.00 0.00 0.00 0.00 0.00 0.00 0.00 0.00 
0.00 0.00 0.00 0.00 0.00 0.00 0.00 0.00 0.00 0.00 0.00 0.00 0.00 0.00 0.00 0.00 0.00 0.00 0.00 0.00 
0.00 0.00 0.00 0.00 0.00 0.00 0.00 0.00 0.00 0.00 0.00 0.00 0.00 0.00 0.00 0.00 0.00 0.00 0.00 0.00 
0.00 0.00 0.00 0.00 0.00 0.00 0.00 0.00 0.00 0.00 0.00 0.00 0.00 0.00 0.00 0.00 0.00 0.00 0.00 0.00 
0.00 0.00 0.00 0.00 0.00 0.00 0.00 0.00 0.00 0.00 0.00 0.00 0.00 0.00 0.00 0.00 0.00 0.00 0.00 0.00 
0.00 0.00 0.00 0.00 0.00 0.00 0.00 0.00 0.00 0.00 0.00 0.00 0.00 0.00 0.00 0.00 0.00 0.00 0.00 0.00 
0.00 0.00 0.00 0.00 0.00 0.00 0.00 0.00 0.00 0.00 0.00 0.00 0.00 0.00 0.00 0.00 0.00 0.00 0.00 0.00 
0.00 0.00 0.00 0.00 0.00 0.00 0.00 0.00 0.00 0.00 0.00 0.00 0.00 0.00 0.00 0.00 0.00 0.00 0.00 0.00 
0.00 0.00 0.00 0.00 0.00 0.00 0.00 0.00 0.00 0.00 0.00 0.00 0.00 0.00 0.00 0.00 0.00 0.00 0.00 0.00 
0.00 0.00 0.00 0.00 0.00 0.00 0.00 0.00 0.00 0.00 0.00 0.00 0.00 0.00 0.00 0.00 0.00 0.00 0.00 0.00 
0.00 0.00 0.00 0.00 0.00 0.00 0.00 0.00 0.00 0.00 0.00 0.00 0.00 0.00 0.00 0.00 0.00 0.00 0.00 0.00 
0.00 0.00 0.00 0.00 0.00 0.00 0.00 0.00 0.00 0.00 0.00 0.00 0.00 0.00 0.00 0.00 0.00 0.00 0.00 0.00 
0.00 0.00 0.00 0.00 0.00 0.00 0.00 0.00 0.00 0.00 0.00 0.00 0.00 0.00 0.00 0.00 0.00 0.00 0.00 0.00 
0.00 0.00 0.00 0.00 0.00 0.00 0.00 0.00 0.00 0.00 0.00 0.00 0.00 0.00 0.00 0.00 0.00 0.00 0.00 0.00 
0.00 0.00 0.00 0.00 0.00 0.00 0.00 0.00 0.00 0.00 0.00 0.00 0.00 0.00 0.00 0.00 0.00 0.00 0.00 0.00 
0.00 0.00 0.00 0.00 0.00 0.00 0.00 0.00 0.00 0.00 0.00 0.00 0.00 0.00 0.00 0.00 0.00 0.00 0.00 0.00 
0.00 0.00 0.00 0.00 0.00 0.00 0.00 0.00 0.00 0.00 0.00 0.00 0.00 0.00 0.00 0.00 0.00 0.00 0.00 0.00 
0.00 0.00 0.00 0.00 0.00 0.00 0.00 0.00 0.00 0.00 0.00 0.00 0.00 0.00 0.00 0.00 0.00 0.00 0.00 0.00 
0.00 0.00 0.00 0.00 0.00 0.00 0.00 0.00 0.00 0.00 0.00 0.00 0.00 0.00 0.00 0.00 0.00 0.00 0.00 0.00 
0.00 0.00 0.00 0.00 0.00 0.00 0.00 0.00 0.00 0.00 0.00 0.00 0.00 0.00 0.00 0.00 0.00 0.00 0.00 0.00 
0.00 0.00 0.00 0.00 0.00 0.00 0.00 0.00 0.00 0.00 0.00 0.00 0.00 0.00 0.00 0.00 0.00 0.00 0.00 0.00 
0.00 0.00 0.00 0.00 0.00 0.00 0.00 0.00 0.00 0.00 0.00 0.00 0.00 0.00 0.00 0.00 0.00 0.00 0.00 0.00 
0.00 0.00 0.00 0.00 0.00 0.00 0.00 0.00 0.00 0.00 0.00 0.00 0.00 0.00 0.00 0.00 0.00 0.00 0.00 0.00 
end   dump: w
==END   DUMP_ARRAYS==
==BEGIN DUMP_ARRAYS==
begin dump: w
1873.67 56180160.00 61790144.00 71178704.00 81415928.00 92184080.00 103048760.00 114028440.00 124950032.00 136190288.00 147208384.00 158491504.00 169543392.00 180782528.00 191958128.00 203083904.00 214086112.00 225592384.00 236702144.00 247958608.00 
258868272.00 270434688.00 281671072.00 292977376.00 303935008.00 314893600.00 326545184.00 337692832.00 348907168.00 360359392.00 371298976.00 382593152.00 393635936.00 405133280.00 416379360.00 427514656.00 438780736.00 449989440.00 461301024.00 472574208.00 
483107200.00 495034208.00 506245952.00 517403712.00 528696832.00 539931136.00 551255936.00 562456192.00 573451456.00 584963712.00 595346752.00 607399552.00 618606464.00 629917248.00 640976512.00 652283328.00 663483968.00 674812992.00 686133184.00 697374720.00 
708235200.00 719801472.00 730982208.00 742387840.00 753280000.00 764725760.00 776003072.00 787285440.00 798445504.00 810114432.00 820829696.00 832158400.00 843353920.00 854756800.00 865738752.00 876785792.00 888393472.00 899876224.00 910909760.00 922171968.00 
932072000.00 944655104.00 955880192.00 967092544.00 978315840.00 989518400.00 1000777856.00 1012575424.00 1023228096.00 1034613632.00 1045679552.00 1057302080.00 1068287296.00 1079310336.00 1090766208.00 1101891456.00 1113050624.00 1124535296.00 1135740032.00 1146908160.00 
1156582912.00 1169411072.00 1180713728.00 1191944320.00 1203095936.00 1214297344.00 1225710336.00 1236992640.00 1248086272.00 1259404800.00 1270505600.00 1281627904.00 1292937600.00 1304464512.00 1315635328.00 1326835200.00 1338108928.00 1349333504.00 1360701824.00 1371863168.00 
1382458112.00 1394345088.00 1405597952.00 1416807168.00 1427989760.00 1437203968.00 1450616448.00 1461986048.00 1472803968.00 1483960320.00 1495390592.00 1506742656.00 1517958912.00 1529148928.00 1540558848.00 1551711744.00 1562887936.00 1574382080.00 1585649536.00 1596765056.00 
1607652608.00 1619205120.00 1630382080.00 1642100096.00 1652735744.00 1664158720.00 1675433216.00 1686651136.00 1697789312.00 1709192832.00 1719590912.00 1731697536.00 1742764288.00 1754038784.00 1765774080.00 1776605440.00 1787825152.00 1799171712.00 1810405376.00 1821630208.00 
1831505792.00 1844098688.00 1855282304.00 1866567936.00 1877787392.00 1888967808.00 1900185600.00 1911772416.00 1922707456.00 1933917056.00 1945129600.00 1956507392.00 1967706112.00 1979004544.00 1990471808.00 2001100544.00 2012488576.00 2024069760.00 2035201280.00 2046442624.00 
2057365632.00 2068895360.00 2080676480.00 2091456512.00 2102598656.00 2113870848.00 2125065216.00 2136426624.00 2147602944.00 2158923264.00 2169966080.00 2181411328.00 2192385536.00 2203907072.00 2215108352.00 2226256128.00 2237515264.00 2248838912.00 2260005120.00 2271211008.00 
2279219968.00 2293890304.00 2305062400.00 2316350208.00 2327489792.00 2338708992.00 2350034432.00 2361408256.00 2372287744.00 2383814656.00 2394829568.00 2406311424.00 2417462272.00 2428752640.00 2439957504.00 2451168512.00 2462336768.00 2473731072.00 2484925696.00 2496194816.00 
2507087616.00 2518654976.00 2529336576.00 2541375488.00 2552245504.00 2563317760.00 2574954496.00 2586179584.00 2597364992.00 2608592640.00 2619741696.00 2631179264.00 2642277888.00 2653536768.00 2664829952.00 2675933696.00 2687344896.00 2698611456.00 2709783552.00 2721139712.00 
2730998784.00 2743603200.00 2754792448.00 2766151424.00 2777302016.00 2788497920.00 2799762176.00 2811006976.00 2822101760.00 2833413632.00 2840587776.00 2856163840.00 2867283456.00 2878532608.00 2889832704.00 2900940288.00 2911992576.00 2923491328.00 2934551040.00 2946032384.00 
2956887552.00 2968603648.00 2979681536.00 2990927104.00 3002055424.00 3013329920.00 3024577024.00 3036041216.00 3047116288.00 3058353920.00 3069478400.00 3080874240.00 3091860992.00 3103463424.00 3114663680.00 3125453568.00 3137133056.00 3148365824.00 3159593216.00 3170748928.00 
3181402112.00 3193366272.00 3204494592.00 3215714304.00 3226898432.00 3237925632.00 3250317568.00 3260992768.00 3271864320.00 3283338752.00 3294412032.00 3305819392.00 3316983808.00 3328335360.00 3339434240.00 3350668032.00 3361833984.00 3373232384.00 3384489216.00 3395684608.00 
3405294848.00 3418197760.00 3429462784.00 3440366848.00 3451677184.00 3463075072.00 3474368256.00 3485594624.00 3497053952.00 3508194304.00 3519259904.00 3530611200.00 3541758464.00 3553160192.00 3564360704.00 3575537152.00 3586932736.00 3598086656.00 3609319424.00 3620573440.00 
3630490880.00 3643205376.00 3654286336.00 3665574912.00 3676731392.00 3687631872.00 3699268864.00 3710535680.00 3721639680.00 3732940032.00 3744043776.00 3755387648.00 3766503424.00 3777084928.00 3789682176.00 3800608768.00 3811585280.00 3823070464.00 3834195712.00 3845683456.00 
3856423680.00 3867979520.00 3879198208.00 3890511360.00 3901577728.00 3912940288.00 3924171264.00 3935403520.00 3946729728.00 3957971968.00 3968326656.00 3980417024.00 3991366912.00 4003523328.00 4014169088.00 4025304320.00 4036561664.00 4047787520.00 4059085568.00 4070605312.00 
4080921088.00 4092804608.00 4104032000.00 4115195904.00 4126746880.00 4137797888.00 4149033472.00 4160333312.00 4171292928.00 4182763264.00 4193848320.00 4205282048.00 4216411392.00 4227757568.00 4238982912.00 4248138752.00 4261401856.00 4272760576.00 4283953152.00 4295233024.00 
4306124288.00 4318223872.00 4328883200.00 4340412416.00 4351164928.00 4362637312.00 4373976064.00 4385048576.00 4396321792.00 4407712256.00 4418712064.00 4430126592.00 4441222656.00 4452601344.00 4463838208.00 4474971136.00 4486211072.00 4497450496.00 4508610560.00 4519648256.00 
4524610048.00 4543015424.00 4554017280.00 4565240832.00 4576349184.00 4587557888.00 4598823424.00 4610094080.00 4621203968.00 4632538624.00 4643646464.00 4655084032.00 4666271744.00 4677506048.00 4688808960.00 4699919360.00 4710991360.00 4722543616.00 4733736960.00 4744985088.00 
4755895808.00 4766895616.00 4778681856.00 4789937152.00 4801057792.00 4812032512.00 4823667200.00 4834925568.00 4846045696.00 4857521664.00 4868537856.00 4879901184.00 4890887168.00 4902494208.00 4913620992.00 4924892672.00 4936085504.00 4947373568.00 4958579712.00 4969585664.00 
4980418048.00 4992319488.00 5003538432.00 5014771712.00 5025735680.00 5037490176.00 5048622592.00 5059838976.00 5070808064.00 5082522112.00 5092729344.00 5104816640.00 5115994624.00 5127283712.00 5138482688.00 5149723648.00 5160861184.00 5172179968.00 5183431680.00 5194546176.00 
5205622272.00 5217111040.00 5228564480.00 5239753728.00 5250701312.00 5262088192.00 5273371648.00 5284658688.00 5295819776.00 5307141632.00 5318193664.00 5329720320.00 5340789248.00 5352155136.00 5363382784.00 5374202368.00 5385696768.00 5397128192.00 5408345088.00 5419598336.00 
5429494784.00 5441952256.00 5453305344.00 5464598528.00 5475748352.00 5487022592.00 5498301952.00 5509548032.00 5520660480.00 5532044288.00 5543101440.00 5554467328.00 5565664256.00 5576964608.00 5588148736.00 5599309824.00 5610353152.00 5621792768.00 5632910336.00 5643808768.00 
5647302144.00 5667629056.00 5678532608.00 5689723392.00 5700741120.00 5711996928.00 5723226624.00 5734478336.00 5745725952.00 5756976128.00 5768077824.00 5779465728.00 5790453248.00 5801965056.00 5813140992.00 5824335872.00 5835533312.00 5846838784.00 5858135040.00 5869422080.00 
5879976448.00 5891778560.00 5903160832.00 5914333696.00 5925561344.00 5936421376.00 5947985920.00 5959356416.00 5970318848.00 5981784576.00 5992899584.00 6004303360.00 6015467008.00 6026648576.00 6038075392.00 6049218048.00 6060394496.00 6071756800.00 6082945024.00 6094193152.00 
6105163264.00 6116758528.00 6127947264.00 6139189760.00 6150161920.00 6161451520.00 6173086720.00 6184161792.00 6195423744.00 6206492160.00 6217098752.00 6229123584.00 6240328192.00 6251678720.00 6262888960.00 6274022912.00 6285395456.00 6296672768.00 6307831296.00 6319054336.00 
6329022976.00 6341655040.00 6352844800.00 6364088320.00 6375219200.00 6386485248.00 6397691904.00 6409016832.00 6420151296.00 6431476224.00 6442496000.00 6453526016.00 6465611264.00 6476651520.00 6487848960.00 6498659328.00 6510041088.00 6521579520.00 6532764672.00 6544148480.00 
6554911232.00 6566457856.00 6577705984.00 6588967424.00 6600106496.00 6611386368.00 6622697984.00 6633933312.00 6644988416.00 6656486912.00 6667527680.00 6678970368.00 6689893888.00 6701422080.00 6712621056.00 6723823104.00 6735077888.00 6746208768.00 6757569024.00 6768772608.00 
6776752128.00 6791455744.00 6802624000.00 6813845504.00 6825049600.00 6836276224.00 6847404032.00 6858777600.00 6869794816.00 6881384448.00 6892393472.00 6903736320.00 6914978304.00 6926257664.00 6937458176.00 6948534784.00 6959980032.00 6971241984.00 6982482432.00 6993624576.00 
7004650496.00 7016215552.00 7027428864.00 7038753792.00 7049670656.00 7059095552.00 7072456192.00 7083683840.00 7094874112.00 7106157056.00 7117254144.00 7128612864.00 7139835904.00 7151180800.00 7162336768.00 7173573632.00 7184773632.00 7196126720.00 7207345152.00 7218568192.00 
7228504576.00 7241040896.00 7252359680.00 7263653376.00 7274725376.00 7285921280.00 7297277440.00 7308396032.00 7319658496.00 7330955264.00 7341423104.00 7353465344.00 7364669952.00 7375907328.00 7387204096.00 7398368768.00 7409430016.00 7420866048.00 7432115200.00 7443325440.00 
7454254080.00 7465749504.00 7476979200.00 7488165376.00 7499174400.00 7510160384.00 7520356864.00 7537166336.00 7545545728.00 7556446720.00 7567414272.00 7578694656.00 7589637120.00 7601106432.00 7612317696.00 7623145472.00 7634685440.00 7646003712.00 7657300480.00 7668444160.00 
7679043072.00 7690941440.00 7702192640.00 7713492992.00 7724581376.00 7735843328.00 7747152384.00 7758358016.00 7769372672.00 7780888064.00 7791973376.00 7803371008.00 7814501888.00 7825844736.00 7837074432.00 7848234496.00 7859480064.00 7870876160.00 7882045952.00 7893239296.00 
7902847488.00 7915753984.00 7927021056.00 7938275328.00 7949245440.00 7960647680.00 7972272128.00 7983233536.00 7994436096.00 8005752832.00 8016824832.00 8028179968.00 8039322624.00 8050651136.00 8061735424.00 8073175040.00 8084361728.00 8095857152.00 8107011584.00 8118138368.00 
8128052736.00 8140628480.00 8151842816.00 8163088896.00 8174291968.00 8185180160.00 8196777984.00 8207778816.00 8219328512.00 8230634496.00 8241690112.00 8253086720.00 8264279552.00 8275542016.00 8286789120.00 8297966592.00 8309021184.00 8320716288.00 8331764736.00 8342985728.00 
8353925632.00 8365545984.00 8376759808.00 8388028416.00 8399084544.00 8410368000.00 8421683200.00 8433056256.00 8444112896.00 8455276032.00 8462502912.00 8478111232.00 8489005568.00 8500499456.00 8511670272.00 8522871808.00 8534125568.00 8545418752.00 8556655616.00 8567907840.00 
8578484224.00 8590370816.00 8601860096.00 8612841472.00 8624040960.00 8635311104.00 8646680576.00 8657841152.00 8668801024.00 8680058880.00 8691502080.00 8702852096.00 8714052608.00 8725264384.00 8736491520.00 8747385856.00 8758901760.00 8770267136.00 8781647872.00 8792793088.00 
8803693568.00 8815249408.00 8826444800.00 8837783552.00 8848723968.00 8860139520.00 8871480320.00 8882686976.00 8893965312.00 8905270272.00 8916275200.00 8927692800.00 8938789888.00 8950103040.00 8961335296.00 8972529664.00 8983771136.00 8995095552.00 9006171136.00 9017214976.00 
9022154752.00 9040577536.00 9051581440.00 9062740992.00 9073910784.00 9085120512.00 9096463360.00 9107467264.00 9118756864.00 9130231808.00 9141206016.00 9152646144.00 9163767808.00 9175026688.00 9186321408.00 9197562880.00 9208558592.00 9220061184.00 9231166464.00 9242543104.00 
9253456896.00 9265001472.00 9276238848.00 9287436288.00 9298705408.00 9309589504.00 9321180160.00 9332438016.00 9343687680.00 9354945536.00 9366047744.00 9377459200.00 9388404736.00 9399731200.00 9411253248.00 9422400512.00 9433635840.00 9444877312.00 9456158720.00 9467416576.00 
9477990400.00 9489884160.00 9500835840.00 9512416256.00 9523560448.00 9534777344.00 9545996288.00 9557336064.00 9568319488.00 9579805696.00 9590243328.00 9602244608.00 9613508608.00 9624786944.00 9635993600.00 9647150080.00 9658256384.00 9668205568.00 9681258496.00 9692382208.00 
9703267328.00 9714812928.00 9725991936.00 9737259008.00 9748259840.00 9759733760.00 9771011072.00 9782305792.00 9793463296.00 9804700672.00 9815848960.00 9827281920.00 9838349312.00 9849647104.00 9860896768.00 9870060544.00 9883383808.00 9894633472.00 9905773568.00 9917167616.00 
9927057408.00 9939648512.00 9950877696.00 9962107904.00 9973311488.00 9984533504.00 9995810816.00 10007050240.00 10018091008.00 10030807040.00 10040799232.00 10052163584.00 10063319040.00 10074597376.00 10085803008.00 10097002496.00 10108029952.00 10119559168.00 10130870272.00 10142029824.00 
10151600128.00 10164535296.00 10175835136.00 10186962944.00 10198123520.00 10209420288.00 10220731392.00 10231989248.00 10243100672.00 10253466624.00 10265637888.00 10277028864.00 10287948800.00 10299344896.00 10310656000.00 10321858560.00 10333099008.00 10344479744.00 10355568640.00 10366968832.00 
10377485312.00 10389347328.00 10400596992.00 10411039744.00 10423119872.00 10433974272.00 10445630464.00 10456880128.00 10467821568.00 10479344640.00 10490411008.00 10501736448.00 10512973824.00 10524172288.00 10535581696.00 10546733056.00 10557916160.00 10569270272.00 10580510720.00 10591762432.00 
10602665984.00 10614052864.00 10625503232.00 10636706816.00 10647721984.00 10659158016.00 10670466048.00 10681663488.00 10692932608.00 10704173056.00 10714615808.00 10726690816.00 10737756160.00 10749188096.00 10760410112.00 10771593216.00 10782827520.00 10794189824.00 10805399552.00 10816634880.00 
10826526720.00 10839088128.00 10850273280.00 10861990912.00 10872782848.00 10883998720.00 10895333376.00 10906523648.00 10917694464.00 10929049600.00 10940153856.00 10951488512.00 10962729984.00 10974280704.00 10985219072.00 10996075520.00 11007466496.00 11018947584.00 11030184960.00 11041438720.00 
11052359680.00 11063891968.00 11075134464.00 11086338048.00 11097503744.00 11108757504.00 11120089088.00 11131184128.00 11142508544.00 11153639424.00 11164816384.00 11176272896.00 11187140608.00 11198518272.00 11209736192.00 11220814848.00 11231978496.00 11243046912.00 11253800960.00 11263632384.00 
11260744704.00 11291706368.00 11301506048.00 11312297984.00 11323272192.00 11334400000.00 11345585152.00 11356822528.00 11367701504.00 11379081216.00 11390233600.00 11401705472.00 11412748288.00 11424172032.00 11435231232.00 11446457344.00 11457626112.00 11469014016.00 11480183808.00 11491458048.00 
11502345216.00 11513921536.00 11525123072.00 11536407552.00 11547374592.00 11558461440.00 11570099200.00 11581060096.00 11592517632.00 11603850240.00 11614889984.00 11626291200.00 11637407744.00 11648821248.00 11659976704.00 11671226368.00 11682463744.00 11693362176.00 11705037824.00 11716268032.00 
11726160896.00 11738725376.00 11749918720.00 11761161216.00 11772420096.00 11783639040.00 11794920448.00 11806159872.00 11817355264.00 11828665344.00 11839082496.00 11851166720.00 11862307840.00 11873684480.00 11884850176.00 11896053760.00 11907118080.00 11918630912.00 11929809920.00 11941287936.00 
11952029696.00 11963590656.00 11974803456.00 11986082816.00 11997206528.00 12008489984.00 12019734528.00 12031176704.00 12042277888.00 12053613568.00 12064634880.00 12075998208.00 12087010304.00 12098466816.00 12109688832.00 12120571904.00 12132117504.00 12144317440.00 12154722304.00 12166011904.00 
12176558080.00 12188365824.00 12199747584.00 12210859008.00 12222147584.00 12233355264.00 12244664320.00 12256013312.00 12266882048.00 12278319104.00 12289404928.00 12301883392.00 12312135680.00 12323351552.00 12334575616.00 12345790464.00 12356981760.00 12368377856.00 12379472896.00 12390816768.00 
12400404480.00 12413319168.00 12424453120.00 12435799040.00 12446804992.00 12458203136.00 12469527552.00 12480742400.00 12491939840.00 12503183360.00 12514242560.00 12524534784.00 12537025536.00 12548300800.00 12559507456.00 12570681344.00 12581925888.00 12593235968.00 12604443648.00 12615703552.00 
12625614848.00 12638188544.00 12649545728.00 12660723712.00 12671862784.00 12681085952.00 12694416384.00 12705682432.00 12716758016.00 12728059904.00 12739202048.00 12750646272.00 12761777152.00 12773044224.00 12784299008.00 12795490304.00 12806577152.00 12818082816.00 12829321216.00 12840539136.00 
12851439616.00 12862967808.00 12874053632.00 12887142400.00 12896869376.00 12908058624.00 12919324672.00 12930560000.00 12941749248.00 12953097216.00 12963447808.00 12975537152.00 12986510336.00 12998009856.00 13009325056.00 13020443648.00 13031678976.00 13042938880.00 13054483456.00 13065475072.00 
13076036608.00 13087942656.00 13099148288.00 13110474752.00 13121609728.00 13132812288.00 13144062976.00 13155617792.00 13166435328.00 13177886720.00 13189001216.00 13200407552.00 13211565056.00 13222903808.00 13234130944.00 13244935168.00 13256407040.00 13267916800.00 13279076352.00 13290349568.00 
13301242880.00 13312803840.00 13324141568.00 13335272448.00 13346289664.00 13357651968.00 13368997888.00 13380332544.00 13391477760.00 13402704896.00 13413846016.00 13425117184.00 13436355584.00 13447874560.00 13458848768.00 13470092288.00 13481325568.00 13492603904.00 13503735808.00 13514770432.00 
13519717376.00 13538134016.00 13549140992.00 13560248320.00 13571484672.00 13582678016.00 13593968640.00 13605244928.00 13616320512.00 13627664384.00 13638764544.00 13650082816.00 13661268992.00 13672664064.00 13683820544.00 13695067136.00 13706120192.00 13717565440.00 13728875520.00 13740103680.00 
13751016448.00 13762556928.00 13773668352.00 13785088000.00 13796210688.00 13807148032.00 13818812416.00 13830085632.00 13841186816.00 13852495872.00 13863545856.00 13875296256.00 13886045184.00 13897511936.00 13908634624.00 13919899648.00 13931204608.00 13942501376.00 13953473536.00 13964977152.00 
13975538688.00 13987447808.00 13998661632.00 14009922560.00 14021120000.00 14032339968.00 14043644928.00 14054836224.00 14065828864.00 14077242368.00 14084444160.00 14100080640.00 14111140864.00 14122301440.00 14133639168.00 14144848896.00 14156012544.00 14167334912.00 14178561024.00 14189792256.00 
14200771584.00 14212371456.00 14223559680.00 14234639360.00 14245814272.00 14257236992.00 14268529664.00 14279798784.00 14290969600.00 14302275584.00 14313334784.00 14324715520.00 14335776768.00 14347566080.00 14358542336.00 14369344512.00 14380956672.00 14392260608.00 14403466240.00 14414723072.00 
14424625152.00 14437207040.00 14448311296.00 14459492352.00 14470875136.00 14482023424.00 14493578240.00 14504692736.00 14515783680.00 14527169536.00 14538210304.00 14549596160.00 14560814080.00 14572103680.00 14583042048.00 14594570240.00 14605584384.00 14617069568.00 14628295680.00 14639594496.00 
14649154560.00 14662099968.00 14673266688.00 14684477440.00 14695628800.00 14706988032.00 14718246912.00 14729501696.00 14740742144.00 14751974400.00 14763065344.00 14774464512.00 14785475584.00 14796988416.00 14808165376.00 14819361792.00 14830652416.00 14841859072.00 14853130240.00 14864413696.00 
14874995712.00 14886896640.00 14898020352.00 14909344768.00 14920558592.00 14931393536.00 14942996480.00 14954236928.00 14965222400.00 14976659456.00 14987644928.00 14998910976.00 15009707008.00 15018179584.00 15034963968.00 15045056512.00 15055945728.00 15067184128.00 15078338560.00 15089598464.00 
15100454912.00 15112018944.00 15123195904.00 15134491648.00 15145413632.00 15156847616.00 15168108544.00 15179438080.00 15190594560.00 15201886208.00 15212279808.00 15224394752.00 15235442688.00 15246953472.00 15258031104.00 15269286912.00 15280524288.00 15291685888.00 15302950912.00 15314318336.00 
15324183552.00 15336777728.00 15347961856.00 15359232000.00 15370479616.00 15381626880.00 15392978944.00 15404157952.00 15415268352.00 15426749440.00 15437788160.00 15449187328.00 15460369408.00 15471663104.00 15482847232.00 15492044800.00 15505181696.00 15516578816.00 15527877632.00 15539133440.00 
15550048256.00 15561729024.00 15572810752.00 15584110592.00 15595148288.00 15606673408.00 15617854464.00 15629089792.00 15640282112.00 15651604480.00 15662661632.00 15673979904.00 15685045248.00 15696563200.00 15707908096.00 15718934528.00 15730198528.00 15741486080.00 15752678400.00 15763897344.00 
15771858944.00 15786586112.00 15797736448.00 15809138688.00 15820175360.00 15831387136.00 15842684928.00 15853930496.00 15864941568.00 15876375552.00 15887512576.00 15898860544.00 15910239232.00 15921408000.00 15932611584.00 15943827456.00 15955009536.00 15966382080.00 15977597952.00 15988890624.00 
15999794176.00 16011204608.00 16022544384.00 16033763328.00 16044801024.00 16055879680.00 16067479552.00 16078696448.00 16089649152.00 16101820416.00 16112548864.00 16123870208.00 16134957056.00 16146342912.00 16157617152.00 16168736768.00 16180022272.00 16191253504.00 16202466304.00 16213689344.00 
16223648768.00 16236295168.00 16247484416.00 16258679808.00 16269855744.00 16281209856.00 16292428800.00 16303675392.00 16314772480.00 16326228992.00 16336601088.00 16348859392.00 16359825408.00 16371193856.00 16382229504.00 16393758720.00 16404668416.00 16416146432.00 16427353088.00 16438584320.00 
16449543168.00 16461159424.00 16472363008.00 16483585024.00 16494715904.00 16506006528.00 16517244928.00 16528699392.00 16539780096.00 16551032832.00 16562136064.00 16573564928.00 16584518656.00 16596003840.00 16607327232.00 16618118144.00 16629698560.00 16641022976.00 16652154880.00 16663560192.00 
16674055168.00 16685934592.00 16697188352.00 16708505600.00 16719719424.00 16730870784.00 16742187008.00 16753390592.00 16764375040.00 16775879680.00 16786956288.00 16798369792.00 16809527296.00 16820870144.00 16832099328.00 16843223040.00 16854378496.00 16865632256.00 16876785664.00 16887715840.00 
16891162624.00 16911541248.00 16922414080.00 16933563392.00 16944491520.00 16955910144.00 16967162880.00 16978392064.00 16989579264.00 17000875008.00 17011942400.00 17023301632.00 17034441728.00 17045795840.00 17057004544.00 17068180480.00 17079505920.00 17090755584.00 17102002176.00 17113406464.00 
17123187712.00 17135751168.00 17146973184.00 17158213632.00 17169548288.00 17180329984.00 17191931904.00 17203208192.00 17214316544.00 17225617408.00 17236836352.00 17248200704.00 17259419648.00 17270687744.00 17281949696.00 17293127680.00 17304147968.00 17315602432.00 17326753792.00 17338241024.00 
17349093376.00 17360805888.00 17371881472.00 17383161856.00 17394237440.00 17405497344.00 17416824832.00 17428060160.00 17439256576.00 17450539008.00 17460969472.00 17472827392.00 17484040192.00 17495500800.00 17506695168.00 17517733888.00 17529522176.00 17540581376.00 17551788032.00 17563021312.00 
17573623808.00 17585766400.00 17596731392.00 17607983104.00 17619159040.00 17630337024.00 17641701376.00 17652862976.00 17663952896.00 17675448320.00 17686509568.00 17697839104.00 17709199360.00 17720424448.00 17731643392.00 17742514176.00 17754054656.00 17765416960.00 17776629760.00 17788452864.00 
17798819840.00 17810366464.00 17821571072.00 17832802304.00 17843845120.00 17855293440.00 17866506240.00 17877848064.00 17888972800.00 17900257280.00 17911400448.00 17922803712.00 17933893632.00 17945266176.00 17956485120.00 17967661056.00 17978892288.00 17990123520.00 18001301504.00 18012332032.00 
18017280000.00 18035707904.00 18046717952.00 18057893888.00 18069045248.00 18080231424.00 18091476992.00 18102749184.00 18113882112.00 18125215744.00 18136332288.00 18147641344.00 18158915584.00 18170290176.00 18181337088.00 18192572416.00 18203676672.00 18214936576.00 18226425856.00 18237132800.00 
18248579072.00 18260117504.00 18271358976.00 18282596352.00 18293706752.00 18302990336.00 18316335104.00 18327580672.00 18338840576.00 18350063616.00 18361196544.00 18372579328.00 18383556608.00 18395011072.00 18406268928.00 18417420288.00 18428491776.00 18440151040.00 18451283968.00 18462537728.00 
18473103360.00 18484746240.00 18496223232.00 18507571200.00 18518671360.00 18529898496.00 18541142016.00 18551818240.00 18563485696.00 18574931968.00 18585370624.00 18597363712.00 18608519168.00 18619953152.00 18631141376.00 18642274304.00 18653550592.00 18664847360.00 18676121600.00 18687379456.00 
18698285056.00 18709676032.00 18721114112.00 18732265472.00 18743257088.00 18754609152.00 18765623296.00 18778267648.00 18788737024.00 18799955968.00 18810990592.00 18822408192.00 18833465344.00 18844813312.00 18856046592.00 18866896896.00 18878509056.00 18889768960.00 18901035008.00 18912126976.00 
18922192896.00 18934769664.00 18946011136.00 18957273088.00 18968303616.00 18979674112.00 18990950400.00 19002187776.00 19013353472.00 19024744448.00 19035797504.00 19047163904.00 19058171904.00 19069749248.00 19080953856.00 19092131840.00 19103152128.00 19114969088.00 19125854208.00 19137153024.00 
19146708992.00 19159658496.00 19170826240.00 19182116864.00 19193286656.00 19204552704.00 19215878144.00 19227019264.00 19238260736.00 19249532928.00 19260620800.00 19271987200.00 19282978816.00 19294351360.00 19304994816.00 19317293056.00 19328333824.00 19339628544.00 19350812672.00 19361988608.00 
19372625920.00 19384608768.00 19395721216.00 19406993408.00 19418116096.00 19429076992.00 19440650240.00 19451885568.00 19462979584.00 19474475008.00 19485560832.00 19496994816.00 19508129792.00 19519311872.00 19530739712.00 19541872640.00 19553052672.00 19564410880.00 19575627776.00 19586742272.00 
19597819904.00 19609315328.00 19620747264.00 19631845376.00 19642847232.00 19654289408.00 19665467392.00 19676821504.00 19687974912.00 19699183616.00 19706343424.00 19721949184.00 19733024768.00 19744358400.00 19755552768.00 19766691840.00 19777935360.00 19789187072.00 19800528896.00 19811743744.00 
19821680640.00 19834195968.00 19845519360.00 19856726016.00 19867897856.00 19879280640.00 19890485248.00 19901802496.00 19912839168.00 19924164608.00 19935297536.00 19946776576.00 19957872640.00 19969163264.00 19980363776.00 19991203840.00 20002611200.00 20013967360.00 20025985024.00 20036689920.00 
20047622144.00 20059154432.00 20070387712.00 20081610752.00 20092778496.00 20104050688.00 20115353600.00 20126593024.00 20137801728.00 20149047296.00 20160212992.00 20171534336.00 20182554624.00 20193947648.00 20205287424.00 20216502272.00 20227745792.00 20238993408.00 20250249216.00 20261455872.00 
20269398016.00 20284137472.00 20295311360.00 20306505728.00 20317714432.00 20328957952.00 20340193280.00 20351436800.00 20362457088.00 20373925888.00 20385075200.00 20396419072.00 20407635968.00 20418916352.00 20430249984.00 20441339904.00 20452507648.00 20463882240.00 20474636288.00 20486457344.00 
20497326080.00 20508921856.00 20520114176.00 20531275776.00 20542357504.00 20553431040.00 20564846592.00 20576348160.00 20587528192.00 20598841344.00 20609912832.00 20621441024.00 20632408064.00 20643584000.00 20655106048.00 20666245120.00 20677453824.00 20688773120.00 20700012544.00 20711247872.00 
20721178624.00 20733714432.00 20744921088.00 20756199424.00 20767412224.00 20778606592.00 20789551104.00 20801310720.00 20812353536.00 20823660544.00 20834125824.00 20846155776.00 20857454592.00 20868704256.00 20879890432.00 20891062272.00 20902096896.00 20913242112.00 20924936192.00 20936134656.00 
20947058688.00 20958578688.00 20969658368.00 20980963328.00 20992217088.00 21003507712.00 21014757376.00 21026207744.00 21037277184.00 21048608768.00 21059659776.00 21071388672.00 21082048512.00 21093365760.00 21104695296.00 21113925632.00 21127258112.00 21138538496.00 21149712384.00 21161007104.00 
21171578880.00 21183500288.00 21194610688.00 21206013952.00 21217144832.00 21228386304.00 21239693312.00 21250881536.00 21261903872.00 21273726976.00 21284550656.00 21295945728.00 21307170816.00 21318354944.00 21329590272.00 21340901376.00 21352011776.00 21363388416.00 21374593024.00 21385938944.00 
21395429376.00 21408440320.00 21419579392.00 21430824960.00 21441792000.00 21453316096.00 21464547328.00 21476028416.00 21486968832.00 21498052608.00 21509363712.00 21520744448.00 21531879424.00 21542772736.00 21554528256.00 21565696000.00 21576919040.00 21588262912.00 21599457280.00 21610713088.00 
21620609024.00 21633171456.00 21644421120.00 21655463936.00 21666838528.00 21677752320.00 21689577472.00 21700583424.00 21711753216.00 21723185152.00 21734217728.00 21745248256.00 21756790784.00 21768058880.00 21779320832.00 21790486528.00 21801553920.00 21812944896.00 21824344064.00 21835571200.00 
21846487040.00 21857970176.00 21869182976.00 21880543232.00 21891639296.00 21902934016.00 21914337280.00 21925435392.00 21936642048.00 21947947008.00 21958350848.00 21970388992.00 21981384704.00 21992912896.00 22004056064.00 22015270912.00 22026547200.00 22037938176.00 22049060864.00 22060312576.00 
22070929408.00 22082789376.00 22094006272.00 22105364480.00 22116462592.00 22127677440.00 22138935296.00 22150221824.00 22161209344.00 22172755968.00 22183751680.00 22194978816.00 22206332928.00 22217672704.00 22228774912.00 22239655936.00 22251173888.00 22262364160.00 22273636352.00 22284920832.00 
22295865344.00 22307377152.00 22318630912.00 22329759744.00 22340757504.00 22352117760.00 22363353088.00 22374594560.00 22385715200.00 22396846080.00 22407835648.00 22419173376.00 22430152704.00 22441326592.00 22452264960.00 22463037440.00 22473832448.00 22484166656.00 22493521920.00 22499172352.00 
end   dump: w
==END   DUMP_ARRAYS==
Time in seconds = 0.129706
