Sender: LSF System <lsfadmin@polus-c2-ib.bmc.hpc.cs.msu.ru>
Subject: Job 494074: <./large.o> in cluster <MSUCluster> Done

Job <./large.o> was submitted from host <polus-ib.bmc.hpc.cs.msu.ru> by user <edu-cmc-skpod19-328-11> in cluster <MSUCluster> at Fri Nov 29 23:40:33 2019
Job was executed on host(s) <15*polus-c2-ib.bmc.hpc.cs.msu.ru>, in queue <short>, as user <edu-cmc-skpod19-328-11> in cluster <MSUCluster> at Fri Nov 29 23:43:56 2019
                            <4*polus-c4-ib.bmc.hpc.cs.msu.ru>
</home_edu/edu-cmc-skpod19-328/edu-cmc-skpod19-328-11> was used as the home directory.
</home_edu/edu-cmc-skpod19-328/edu-cmc-skpod19-328-11/dep_gemver> was used as the working directory.
Started at Fri Nov 29 23:43:56 2019
Terminated at Fri Nov 29 23:43:57 2019
Results reported at Fri Nov 29 23:43:57 2019

Your job looked like:

------------------------------------------------------------
# LSBATCH: User input
./large.o
------------------------------------------------------------

Successfully completed.

Resource usage summary:

    CPU time :                                   9.73 sec.
    Max Memory :                                 4 MB
    Average Memory :                             2.00 MB
    Total Requested Memory :                     -
    Delta Memory :                               -
    Max Swap :                                   -
    Max Processes :                              1
    Max Threads :                                1
    Run time :                                   2 sec.
    Turnaround time :                            204 sec.

The output (if any) follows:

==BEGIN DUMP_ARRAYS==
begin dump: w
0.00 0.00 0.00 0.00 0.00 0.00 0.00 0.00 0.00 0.00 0.00 0.00 0.00 0.00 0.00 0.00 0.00 0.00 0.00 0.00 
0.00 0.00 0.00 0.00 0.00 0.00 0.00 0.00 0.00 0.00 0.00 0.00 0.00 0.00 0.00 0.00 0.00 0.00 0.00 0.00 
0.00 0.00 0.00 0.00 0.00 0.00 0.00 0.00 0.00 0.00 0.00 0.00 0.00 0.00 0.00 0.00 0.00 0.00 0.00 0.00 
0.00 0.00 0.00 0.00 0.00 0.00 0.00 0.00 0.00 0.00 0.00 0.00 0.00 0.00 0.00 0.00 0.00 0.00 0.00 0.00 
0.00 0.00 0.00 0.00 0.00 0.00 0.00 0.00 0.00 0.00 0.00 0.00 0.00 0.00 0.00 0.00 0.00 0.00 0.00 0.00 
0.00 0.00 0.00 0.00 0.00 0.00 0.00 0.00 0.00 0.00 0.00 0.00 0.00 0.00 0.00 0.00 0.00 0.00 0.00 0.00 
0.00 0.00 0.00 0.00 0.00 0.00 0.00 0.00 0.00 0.00 0.00 0.00 0.00 0.00 0.00 0.00 0.00 0.00 0.00 0.00 
0.00 0.00 0.00 0.00 0.00 0.00 0.00 0.00 0.00 0.00 0.00 0.00 0.00 0.00 0.00 0.00 0.00 0.00 0.00 0.00 
0.00 0.00 0.00 0.00 0.00 0.00 0.00 0.00 0.00 0.00 0.00 0.00 0.00 0.00 0.00 0.00 0.00 0.00 0.00 0.00 
0.00 0.00 0.00 0.00 0.00 0.00 0.00 0.00 0.00 0.00 0.00 0.00 0.00 0.00 0.00 0.00 0.00 0.00 0.00 0.00 
0.00 0.00 0.00 0.00 0.00 0.00 0.00 0.00 0.00 0.00 0.00 0.00 0.00 0.00 0.00 0.00 0.00 0.00 0.00 0.00 
0.00 0.00 0.00 0.00 0.00 0.00 0.00 0.00 0.00 0.00 0.00 0.00 0.00 0.00 0.00 0.00 0.00 0.00 0.00 0.00 
0.00 0.00 0.00 0.00 0.00 0.00 0.00 0.00 0.00 0.00 0.00 0.00 0.00 0.00 0.00 0.00 0.00 0.00 0.00 0.00 
0.00 0.00 0.00 0.00 0.00 0.00 0.00 0.00 0.00 0.00 0.00 0.00 0.00 0.00 0.00 0.00 0.00 0.00 0.00 0.00 
0.00 0.00 0.00 0.00 0.00 0.00 0.00 0.00 0.00 0.00 0.00 0.00 0.00 0.00 0.00 0.00 0.00 0.00 0.00 0.00 
0.00 0.00 0.00 0.00 0.00 0.00 0.00 0.00 0.00 0.00 0.00 0.00 0.00 0.00 0.00 0.00 0.00 0.00 0.00 0.00 
0.00 0.00 0.00 0.00 0.00 0.00 0.00 0.00 0.00 0.00 0.00 0.00 0.00 0.00 0.00 0.00 0.00 0.00 0.00 0.00 
0.00 0.00 0.00 0.00 0.00 0.00 0.00 0.00 0.00 0.00 0.00 0.00 0.00 0.00 0.00 0.00 0.00 0.00 0.00 0.00 
0.00 0.00 0.00 0.00 0.00 0.00 0.00 0.00 0.00 0.00 0.00 0.00 0.00 0.00 0.00 0.00 0.00 0.00 0.00 0.00 
0.00 0.00 0.00 0.00 0.00 0.00 0.00 0.00 0.00 0.00 0.00 0.00 0.00 0.00 0.00 0.00 0.00 0.00 0.00 0.00 
0.00 0.00 0.00 0.00 0.00 0.00 0.00 0.00 0.00 0.00 0.00 0.00 0.00 0.00 0.00 0.00 0.00 0.00 0.00 0.00 
0.00 0.00 0.00 0.00 0.00 0.00 0.00 0.00 0.00 0.00 0.00 0.00 0.00 0.00 0.00 0.00 0.00 0.00 0.00 0.00 
0.00 0.00 0.00 0.00 0.00 0.00 0.00 0.00 0.00 0.00 0.00 0.00 0.00 0.00 0.00 0.00 0.00 0.00 0.00 0.00 
0.00 0.00 0.00 0.00 0.00 0.00 0.00 0.00 0.00 0.00 0.00 0.00 0.00 0.00 0.00 0.00 0.00 0.00 0.00 0.00 
0.00 0.00 0.00 0.00 0.00 0.00 0.00 0.00 0.00 0.00 0.00 0.00 0.00 0.00 0.00 0.00 0.00 0.00 0.00 0.00 
0.00 0.00 0.00 0.00 0.00 0.00 0.00 0.00 0.00 0.00 0.00 0.00 0.00 0.00 0.00 0.00 0.00 0.00 0.00 0.00 
0.00 0.00 0.00 0.00 0.00 0.00 0.00 0.00 0.00 0.00 0.00 0.00 0.00 0.00 0.00 0.00 0.00 0.00 0.00 0.00 
0.00 0.00 0.00 0.00 0.00 0.00 0.00 0.00 0.00 0.00 0.00 0.00 0.00 0.00 0.00 0.00 0.00 0.00 0.00 0.00 
0.00 0.00 0.00 0.00 0.00 0.00 0.00 0.00 0.00 0.00 0.00 0.00 0.00 0.00 0.00 0.00 0.00 0.00 0.00 0.00 
0.00 0.00 0.00 0.00 0.00 0.00 0.00 0.00 0.00 0.00 0.00 0.00 0.00 0.00 0.00 0.00 0.00 0.00 0.00 0.00 
0.00 0.00 0.00 0.00 0.00 0.00 0.00 0.00 0.00 0.00 0.00 0.00 0.00 0.00 0.00 0.00 0.00 0.00 0.00 0.00 
0.00 0.00 0.00 0.00 0.00 0.00 0.00 0.00 0.00 0.00 0.00 0.00 0.00 0.00 0.00 0.00 0.00 0.00 0.00 0.00 
0.00 0.00 0.00 0.00 0.00 0.00 0.00 0.00 0.00 0.00 0.00 0.00 0.00 0.00 0.00 0.00 0.00 0.00 0.00 0.00 
0.00 0.00 0.00 0.00 0.00 0.00 0.00 0.00 0.00 0.00 0.00 0.00 0.00 0.00 0.00 0.00 0.00 0.00 0.00 0.00 
0.00 0.00 0.00 0.00 0.00 0.00 0.00 0.00 0.00 0.00 0.00 0.00 0.00 0.00 0.00 0.00 0.00 0.00 0.00 0.00 
0.00 0.00 0.00 0.00 0.00 0.00 0.00 0.00 0.00 0.00 0.00 0.00 0.00 0.00 0.00 0.00 0.00 0.00 0.00 0.00 
0.00 0.00 0.00 0.00 0.00 0.00 0.00 0.00 0.00 0.00 0.00 0.00 0.00 0.00 0.00 0.00 0.00 0.00 0.00 0.00 
0.00 0.00 0.00 0.00 0.00 0.00 0.00 0.00 0.00 0.00 0.00 0.00 0.00 0.00 0.00 0.00 0.00 0.00 0.00 0.00 
0.00 0.00 0.00 0.00 0.00 0.00 0.00 0.00 0.00 0.00 0.00 0.00 0.00 0.00 0.00 0.00 0.00 0.00 0.00 0.00 
0.00 0.00 0.00 0.00 0.00 0.00 0.00 0.00 0.00 0.00 0.00 0.00 0.00 0.00 0.00 0.00 0.00 0.00 0.00 0.00 
0.00 0.00 0.00 0.00 0.00 0.00 0.00 0.00 0.00 0.00 0.00 0.00 0.00 0.00 0.00 0.00 0.00 0.00 0.00 0.00 
0.00 0.00 0.00 0.00 0.00 0.00 0.00 0.00 0.00 0.00 0.00 0.00 0.00 0.00 0.00 0.00 0.00 0.00 0.00 0.00 
0.00 0.00 0.00 0.00 0.00 0.00 0.00 0.00 0.00 0.00 0.00 0.00 0.00 0.00 0.00 0.00 0.00 0.00 0.00 0.00 
0.00 0.00 0.00 0.00 0.00 0.00 0.00 0.00 0.00 0.00 0.00 0.00 0.00 0.00 0.00 0.00 0.00 0.00 0.00 0.00 
0.00 0.00 0.00 0.00 0.00 0.00 0.00 0.00 0.00 0.00 0.00 0.00 0.00 0.00 0.00 0.00 0.00 0.00 0.00 0.00 
0.00 0.00 0.00 0.00 0.00 0.00 0.00 0.00 0.00 0.00 0.00 0.00 0.00 0.00 0.00 0.00 0.00 0.00 0.00 0.00 
0.00 0.00 0.00 0.00 0.00 0.00 0.00 0.00 0.00 0.00 0.00 0.00 0.00 0.00 0.00 0.00 0.00 0.00 0.00 0.00 
0.00 0.00 0.00 0.00 0.00 0.00 0.00 0.00 0.00 0.00 0.00 0.00 0.00 0.00 0.00 0.00 0.00 0.00 0.00 0.00 
0.00 0.00 0.00 0.00 0.00 0.00 0.00 0.00 0.00 0.00 0.00 0.00 0.00 0.00 0.00 0.00 0.00 0.00 0.00 0.00 
0.00 0.00 0.00 0.00 0.00 0.00 0.00 0.00 0.00 0.00 0.00 0.00 0.00 0.00 0.00 0.00 0.00 0.00 0.00 0.00 
0.00 0.00 0.00 0.00 0.00 0.00 0.00 0.00 0.00 0.00 0.00 0.00 0.00 0.00 0.00 0.00 0.00 0.00 0.00 0.00 
0.00 0.00 0.00 0.00 0.00 0.00 0.00 0.00 0.00 0.00 0.00 0.00 0.00 0.00 0.00 0.00 0.00 0.00 0.00 0.00 
0.00 0.00 0.00 0.00 0.00 0.00 0.00 0.00 0.00 0.00 0.00 0.00 0.00 0.00 0.00 0.00 0.00 0.00 0.00 0.00 
0.00 0.00 0.00 0.00 0.00 0.00 0.00 0.00 0.00 0.00 0.00 0.00 0.00 0.00 0.00 0.00 0.00 0.00 0.00 0.00 
0.00 0.00 0.00 0.00 0.00 0.00 0.00 0.00 0.00 0.00 0.00 0.00 0.00 0.00 0.00 0.00 0.00 0.00 0.00 0.00 
0.00 0.00 0.00 0.00 0.00 0.00 0.00 0.00 0.00 0.00 0.00 0.00 0.00 0.00 0.00 0.00 0.00 0.00 0.00 0.00 
0.00 0.00 0.00 0.00 0.00 0.00 0.00 0.00 0.00 0.00 0.00 0.00 0.00 0.00 0.00 0.00 0.00 0.00 0.00 0.00 
0.00 0.00 0.00 0.00 0.00 0.00 0.00 0.00 0.00 0.00 0.00 0.00 0.00 0.00 0.00 0.00 0.00 0.00 0.00 0.00 
0.00 0.00 0.00 0.00 0.00 0.00 0.00 0.00 0.00 0.00 0.00 0.00 0.00 0.00 0.00 0.00 0.00 0.00 0.00 0.00 
0.00 0.00 0.00 0.00 0.00 0.00 0.00 0.00 0.00 0.00 0.00 0.00 0.00 0.00 0.00 0.00 0.00 0.00 0.00 0.00 
0.00 0.00 0.00 0.00 0.00 0.00 0.00 0.00 0.00 0.00 0.00 0.00 0.00 0.00 0.00 0.00 0.00 0.00 0.00 0.00 
0.00 0.00 0.00 0.00 0.00 0.00 0.00 0.00 0.00 0.00 0.00 0.00 0.00 0.00 0.00 0.00 0.00 0.00 0.00 0.00 
0.00 0.00 0.00 0.00 0.00 0.00 0.00 0.00 0.00 0.00 0.00 0.00 0.00 0.00 0.00 0.00 0.00 0.00 0.00 0.00 
0.00 0.00 0.00 0.00 0.00 0.00 0.00 0.00 0.00 0.00 0.00 0.00 0.00 0.00 0.00 0.00 0.00 0.00 0.00 0.00 
0.00 0.00 0.00 0.00 0.00 0.00 0.00 0.00 0.00 0.00 0.00 0.00 0.00 0.00 0.00 0.00 0.00 0.00 0.00 0.00 
0.00 0.00 0.00 0.00 0.00 0.00 0.00 0.00 0.00 0.00 0.00 0.00 0.00 0.00 0.00 0.00 0.00 0.00 0.00 0.00 
0.00 0.00 0.00 0.00 0.00 0.00 0.00 0.00 0.00 0.00 0.00 0.00 0.00 0.00 0.00 0.00 0.00 0.00 0.00 0.00 
0.00 0.00 0.00 0.00 0.00 0.00 0.00 0.00 0.00 0.00 0.00 0.00 0.00 0.00 0.00 0.00 0.00 0.00 0.00 0.00 
0.00 0.00 0.00 0.00 0.00 0.00 0.00 0.00 0.00 0.00 0.00 0.00 0.00 0.00 0.00 0.00 0.00 0.00 0.00 0.00 
0.00 0.00 0.00 0.00 0.00 0.00 0.00 0.00 0.00 0.00 0.00 0.00 0.00 0.00 0.00 0.00 0.00 0.00 0.00 0.00 
0.00 0.00 0.00 0.00 0.00 0.00 0.00 0.00 0.00 0.00 0.00 0.00 0.00 0.00 0.00 0.00 0.00 0.00 0.00 0.00 
0.00 0.00 0.00 0.00 0.00 0.00 0.00 0.00 0.00 0.00 0.00 0.00 0.00 0.00 0.00 0.00 0.00 0.00 0.00 0.00 
0.00 0.00 0.00 0.00 0.00 0.00 0.00 0.00 0.00 0.00 0.00 0.00 0.00 0.00 0.00 0.00 0.00 0.00 0.00 0.00 
0.00 0.00 0.00 0.00 0.00 0.00 0.00 0.00 0.00 0.00 0.00 0.00 0.00 0.00 0.00 0.00 0.00 0.00 0.00 0.00 
0.00 0.00 0.00 0.00 0.00 0.00 0.00 0.00 0.00 0.00 0.00 0.00 0.00 0.00 0.00 0.00 0.00 0.00 0.00 0.00 
0.00 0.00 0.00 0.00 0.00 0.00 0.00 0.00 0.00 0.00 0.00 0.00 0.00 0.00 0.00 0.00 0.00 0.00 0.00 0.00 
0.00 0.00 0.00 0.00 0.00 0.00 0.00 0.00 0.00 0.00 0.00 0.00 0.00 0.00 0.00 0.00 0.00 0.00 0.00 0.00 
0.00 0.00 0.00 0.00 0.00 0.00 0.00 0.00 0.00 0.00 0.00 0.00 0.00 0.00 0.00 0.00 0.00 0.00 0.00 0.00 
0.00 0.00 0.00 0.00 0.00 0.00 0.00 0.00 0.00 0.00 0.00 0.00 0.00 0.00 0.00 0.00 0.00 0.00 0.00 0.00 
0.00 0.00 0.00 0.00 0.00 0.00 0.00 0.00 0.00 0.00 0.00 0.00 0.00 0.00 0.00 0.00 0.00 0.00 0.00 0.00 
0.00 0.00 0.00 0.00 0.00 0.00 0.00 0.00 0.00 0.00 0.00 0.00 0.00 0.00 0.00 0.00 0.00 0.00 0.00 0.00 
0.00 0.00 0.00 0.00 0.00 0.00 0.00 0.00 0.00 0.00 0.00 0.00 0.00 0.00 0.00 0.00 0.00 0.00 0.00 0.00 
0.00 0.00 0.00 0.00 0.00 0.00 0.00 0.00 0.00 0.00 0.00 0.00 0.00 0.00 0.00 0.00 0.00 0.00 0.00 0.00 
0.00 0.00 0.00 0.00 0.00 0.00 0.00 0.00 0.00 0.00 0.00 0.00 0.00 0.00 0.00 0.00 0.00 0.00 0.00 0.00 
0.00 0.00 0.00 0.00 0.00 0.00 0.00 0.00 0.00 0.00 0.00 0.00 0.00 0.00 0.00 0.00 0.00 0.00 0.00 0.00 
0.00 0.00 0.00 0.00 0.00 0.00 0.00 0.00 0.00 0.00 0.00 0.00 0.00 0.00 0.00 0.00 0.00 0.00 0.00 0.00 
0.00 0.00 0.00 0.00 0.00 0.00 0.00 0.00 0.00 0.00 0.00 0.00 0.00 0.00 0.00 0.00 0.00 0.00 0.00 0.00 
0.00 0.00 0.00 0.00 0.00 0.00 0.00 0.00 0.00 0.00 0.00 0.00 0.00 0.00 0.00 0.00 0.00 0.00 0.00 0.00 
0.00 0.00 0.00 0.00 0.00 0.00 0.00 0.00 0.00 0.00 0.00 0.00 0.00 0.00 0.00 0.00 0.00 0.00 0.00 0.00 
0.00 0.00 0.00 0.00 0.00 0.00 0.00 0.00 0.00 0.00 0.00 0.00 0.00 0.00 0.00 0.00 0.00 0.00 0.00 0.00 
0.00 0.00 0.00 0.00 0.00 0.00 0.00 0.00 0.00 0.00 0.00 0.00 0.00 0.00 0.00 0.00 0.00 0.00 0.00 0.00 
0.00 0.00 0.00 0.00 0.00 0.00 0.00 0.00 0.00 0.00 0.00 0.00 0.00 0.00 0.00 0.00 0.00 0.00 0.00 0.00 
0.00 0.00 0.00 0.00 0.00 0.00 0.00 0.00 0.00 0.00 0.00 0.00 0.00 0.00 0.00 0.00 0.00 0.00 0.00 0.00 
0.00 0.00 0.00 0.00 0.00 0.00 0.00 0.00 0.00 0.00 0.00 0.00 0.00 0.00 0.00 0.00 0.00 0.00 0.00 0.00 
0.00 0.00 0.00 0.00 0.00 0.00 0.00 0.00 0.00 0.00 0.00 0.00 0.00 0.00 0.00 0.00 0.00 0.00 0.00 0.00 
0.00 0.00 0.00 0.00 0.00 0.00 0.00 0.00 0.00 0.00 0.00 0.00 0.00 0.00 0.00 0.00 0.00 0.00 0.00 0.00 
0.00 0.00 0.00 0.00 0.00 0.00 0.00 0.00 0.00 0.00 0.00 0.00 0.00 0.00 0.00 0.00 0.00 0.00 0.00 0.00 
0.00 0.00 0.00 0.00 0.00 0.00 0.00 0.00 0.00 0.00 0.00 0.00 0.00 0.00 0.00 0.00 0.00 0.00 0.00 0.00 
0.00 0.00 0.00 0.00 0.00 0.00 0.00 0.00 0.00 0.00 0.00 0.00 0.00 0.00 0.00 0.00 0.00 0.00 0.00 0.00 
0.00 0.00 0.00 0.00 0.00 0.00 0.00 0.00 0.00 0.00 0.00 0.00 0.00 0.00 0.00 0.00 0.00 0.00 0.00 0.00 
end   dump: w
==END   DUMP_ARRAYS==
==BEGIN DUMP_ARRAYS==
begin dump: w
1816.41 54463312.00 59982380.00 69032520.00 79004776.00 89337464.00 99937656.00 110573344.00 121186008.00 132050032.00 142680160.00 153629920.00 164393904.00 175260160.00 186125760.00 196899008.00 207523424.00 218659120.00 229491696.00 240389536.00 
250958112.00 262162224.00 273036000.00 283999296.00 294662656.00 305242656.00 316572192.00 327362624.00 338249824.00 349345120.00 359964480.00 370888608.00 381606720.00 392721376.00 403620832.00 414425984.00 425369920.00 436228288.00 447210496.00 458103680.00 
468346816.00 479869024.00 490772928.00 501558816.00 512517280.00 523414176.00 534399968.00 545248768.00 555915840.00 567062976.00 577155968.00 588817856.00 599690560.00 610646848.00 621389632.00 632343424.00 643193536.00 654184320.00 665163072.00 676071104.00 
686604160.00 697795264.00 708630016.00 719711488.00 730246208.00 741352320.00 752285632.00 763208384.00 774034880.00 785354112.00 795739968.00 806721600.00 817574912.00 828644352.00 839278912.00 849988608.00 861240960.00 872376576.00 883077440.00 893962688.00 
903566912.00 915775936.00 926657088.00 937522176.00 948407296.00 959253632.00 970194816.00 981615808.00 991954944.00 1002981760.00 1013700992.00 1024976960.00 1035633152.00 1046315584.00 1057412992.00 1068190080.00 1079041536.00 1090169600.00 1101028224.00 1111837952.00 
1121229952.00 1133664512.00 1144629504.00 1155509248.00 1166313088.00 1177169792.00 1188250880.00 1199162880.00 1209939456.00 1220911232.00 1231674368.00 1242445824.00 1253411328.00 1264573568.00 1275427712.00 1286274944.00 1297196416.00 1308072064.00 1319119360.00 1329919104.00 
1340209920.00 1351726976.00 1362617472.00 1373505280.00 1384351488.00 1393262592.00 1406295296.00 1417301888.00 1427798656.00 1438595072.00 1449700096.00 1460687104.00 1471568256.00 1482403584.00 1493473152.00 1504272640.00 1515124608.00 1526253056.00 1537184256.00 1547957632.00 
1558511616.00 1569693184.00 1580541952.00 1591914752.00 1602217856.00 1613296000.00 1624228736.00 1635095552.00 1645888000.00 1656951296.00 1667021824.00 1678766720.00 1689487360.00 1700423040.00 1711823360.00 1722303104.00 1733183104.00 1744173312.00 1755070208.00 1765953920.00 
1775534976.00 1787730688.00 1798583808.00 1809519872.00 1820396416.00 1831239424.00 1842103808.00 1853338624.00 1863938816.00 1874802688.00 1885676544.00 1896700544.00 1907558272.00 1918505856.00 1929623552.00 1939925248.00 1950966144.00 1962203008.00 1972997120.00 1983898112.00 
1994483200.00 2005664384.00 2017085056.00 2027530112.00 2038342528.00 2049259264.00 2060107520.00 2071127552.00 2081951488.00 2092928000.00 2103635840.00 2114737664.00 2125378688.00 2136541824.00 2147404800.00 2158214144.00 2169120768.00 2180101120.00 2190928896.00 2201785600.00 
2209559040.00 2223777792.00 2234604288.00 2245557760.00 2256343808.00 2267230976.00 2278209792.00 2289230336.00 2299773696.00 2310955776.00 2321629440.00 2332757504.00 2343570944.00 2354528256.00 2365379072.00 2376239360.00 2387075328.00 2398116096.00 2408975360.00 2419901696.00 
2430465280.00 2441670400.00 2452009472.00 2463701248.00 2474236160.00 2484961536.00 2496243200.00 2507129856.00 2517986560.00 2528869376.00 2539675136.00 2550765056.00 2561522688.00 2572438016.00 2583373568.00 2594142720.00 2605213952.00 2616127232.00 2626959872.00 2637976832.00 
2647535872.00 2659748608.00 2670601472.00 2681612288.00 2692410368.00 2703273728.00 2714195712.00 2725092352.00 2735854080.00 2746800896.00 2753785088.00 2768870912.00 2779646720.00 2790547712.00 2801509376.00 2812275456.00 2822995968.00 2834125312.00 2844857088.00 2855993088.00 
2866514432.00 2877874688.00 2888616960.00 2899506176.00 2910293760.00 2921243392.00 2932144384.00 2943238400.00 2953988608.00 2964880896.00 2975667712.00 2986715904.00 2997364736.00 3008603136.00 3019470848.00 3029927936.00 3041246208.00 3052131584.00 3063025408.00 3073839104.00 
3084167424.00 3095772160.00 3106545920.00 3117421824.00 3128263936.00 3138961664.00 3150981376.00 3161327360.00 3171864576.00 3182978816.00 3193726208.00 3204784384.00 3215610624.00 3226608384.00 3237359360.00 3248256768.00 3259086080.00 3270132224.00 3281050112.00 3291900160.00 
3301215744.00 3313729280.00 3324641024.00 3335220224.00 3346178048.00 3357233152.00 3368187136.00 3379056896.00 3390183936.00 3400970496.00 3411710720.00 3422700032.00 3433509632.00 3444572672.00 3455424512.00 3466254080.00 3477315328.00 3488115968.00 3499011072.00 3509918208.00 
3519537920.00 3531852800.00 3542597376.00 3553550592.00 3564364800.00 3574928384.00 3586210560.00 3597126656.00 3607892224.00 3618844928.00 3629620736.00 3640615936.00 3651382016.00 3661634560.00 3673867264.00 3684445440.00 3695087616.00 3706221312.00 3717009152.00 3728146432.00 
3738554368.00 3749767680.00 3760640000.00 3771621888.00 3782332416.00 3793342720.00 3804233728.00 3815126528.00 3826099712.00 3837002240.00 3847044864.00 3858760960.00 3869378304.00 3881172480.00 3891484672.00 3902293504.00 3913203200.00 3924070144.00 3935031552.00 3946202112.00 
3956200192.00 3967723264.00 3978605312.00 3989420032.00 4000616448.00 4011340544.00 4022233344.00 4033180416.00 4043807744.00 4054927872.00 4065669888.00 4076749568.00 4087545600.00 4098536704.00 4109424640.00 4118300416.00 4131169792.00 4142171904.00 4153020672.00 4163960576.00 
4174516736.00 4186242048.00 4196584192.00 4207757568.00 4218177536.00 4229299968.00 4240298496.00 4251020800.00 4261956608.00 4273000448.00 4283669248.00 4294727168.00 4305490944.00 4316519424.00 4327404544.00 4338202624.00 4349095936.00 4359995904.00 4370820096.00 4381520384.00 
4386325504.00 4404170240.00 4414833664.00 4425716736.00 4436487680.00 4447345152.00 4458277888.00 4469201920.00 4479969280.00 4490955264.00 4501729792.00 4512811008.00 4523657216.00 4534551552.00 4545508352.00 4556280832.00 4567016448.00 4578210816.00 4589066240.00 4599960576.00 
4610544128.00 4621208064.00 4632632320.00 4643538944.00 4654328320.00 4664965632.00 4676251648.00 4687160832.00 4697930752.00 4709056512.00 4719739392.00 4730763264.00 4741412352.00 4752665600.00 4763443712.00 4774379008.00 4785226240.00 4796165120.00 4807034880.00 4817703936.00 
4828200960.00 4839740416.00 4850620416.00 4861505536.00 4872123392.00 4883522048.00 4894324224.00 4905192960.00 4915841536.00 4927191552.00 4937079808.00 4948810752.00 4959637504.00 4970595328.00 4981444608.00 4992332800.00 5003140608.00 5014095360.00 5025013760.00 5035787776.00 
5046530048.00 5057661952.00 5068772352.00 5079617024.00 5090230272.00 5101271040.00 5112203776.00 5123146240.00 5133965824.00 5144935424.00 5155659264.00 5166831104.00 5177563648.00 5188572160.00 5199479296.00 5209956864.00 5221090816.00 5232167424.00 5243059712.00 5253964800.00 
5263567360.00 5275640832.00 5286646272.00 5297596416.00 5308407808.00 5319326208.00 5330258432.00 5341158912.00 5351937536.00 5362981376.00 5373696000.00 5384708096.00 5395567616.00 5406519808.00 5417362432.00 5428189184.00 5438879744.00 5449964032.00 5460745216.00 5471299584.00 
5474717696.00 5494437376.00 5505006080.00 5515847168.00 5526509568.00 5537428480.00 5548316672.00 5559230976.00 5570130944.00 5581038080.00 5591798272.00 5602835456.00 5613488640.00 5624647680.00 5635471872.00 5646343680.00 5657186816.00 5668146688.00 5679105536.00 5690036224.00 
5700268032.00 5711710720.00 5722754560.00 5733571584.00 5744468992.00 5754987008.00 5766205952.00 5777229312.00 5787851264.00 5798970368.00 5809757696.00 5820799488.00 5831624704.00 5842469376.00 5853536256.00 5864344576.00 5875185152.00 5886188544.00 5897035776.00 5907947008.00 
5918576128.00 5929822720.00 5940659200.00 5951574016.00 5962205184.00 5973145600.00 5984427520.00 5995156480.00 6006082048.00 6016813056.00 6027101184.00 6038745088.00 6049615360.00 6060612096.00 6071475712.00 6082283008.00 6093301248.00 6104241152.00 6115053568.00 6125933568.00 
6135592960.00 6147839488.00 6158686720.00 6169590784.00 6180381696.00 6191304192.00 6202161152.00 6213145088.00 6223941120.00 6234922496.00 6245612544.00 6256297984.00 6268025344.00 6278715392.00 6289564672.00 6300039168.00 6311083008.00 6322271232.00 6333110272.00 6344140288.00 
6354597888.00 6365789184.00 6376684032.00 6387596800.00 6398391296.00 6409334784.00 6420295680.00 6431199744.00 6441895424.00 6453048832.00 6463755264.00 6474856448.00 6485449728.00 6496610816.00 6507470848.00 6518323712.00 6529247232.00 6540042240.00 6551050240.00 6561897472.00 
6569636864.00 6583886848.00 6594725376.00 6605613056.00 6616466944.00 6627351552.00 6638145024.00 6649170432.00 6659840000.00 6671082496.00 6681752064.00 6692745216.00 6703647232.00 6714581504.00 6725439488.00 6736180224.00 6747278336.00 6758186496.00 6769091584.00 6779887104.00 
6790587904.00 6801792512.00 6812652032.00 6823638016.00 6834219520.00 6843352576.00 6856319488.00 6867196416.00 6878046720.00 6889000448.00 6899740672.00 6910750208.00 6921643520.00 6932626944.00 6943438336.00 6954339328.00 6965188608.00 6976203264.00 6987068416.00 6997966848.00 
7007598080.00 7019737088.00 7030720512.00 7041674752.00 7052401152.00 7063240192.00 7074271232.00 7085023232.00 7095970304.00 7106920960.00 7117061632.00 7128735744.00 7139600896.00 7150500352.00 7161442816.00 7172271104.00 7182988288.00 7194070016.00 7204975104.00 7215849472.00 
7226446336.00 7237604864.00 7248459776.00 7259315712.00 7269972480.00 7280643072.00 7290492928.00 7306829312.00 7314971648.00 7325523456.00 7336135680.00 7347089920.00 7357679104.00 7368812032.00 7379670528.00 7390159872.00 7401359360.00 7412329984.00 7423264256.00 7434092544.00 
7444357120.00 7455894528.00 7466803200.00 7477750784.00 7488507904.00 7499425280.00 7510393344.00 7521259008.00 7531926528.00 7543095296.00 7553844736.00 7564901888.00 7575673344.00 7586673152.00 7597558784.00 7608371200.00 7619286016.00 7630316544.00 7641159168.00 7652028416.00 
7661329920.00 7673842176.00 7684762112.00 7695679488.00 7706293760.00 7717347840.00 7728647168.00 7739269632.00 7750116352.00 7761086976.00 7771826688.00 7782826496.00 7793644032.00 7804610048.00 7815350272.00 7826450432.00 7837297152.00 7848442368.00 7859262464.00 7870045184.00 
7879653376.00 7891840512.00 7902707712.00 7913607168.00 7924483072.00 7935028224.00 7946268160.00 7956941312.00 7968140800.00 7979099136.00 7989819392.00 8000861184.00 8011707392.00 8022629376.00 8033538560.00 8044382720.00 8055087104.00 8066427392.00 8077128704.00 8088005632.00 
8098622976.00 8109877760.00 8120760832.00 8131670528.00 8142408192.00 8153333760.00 8164303360.00 8175318528.00 8186041856.00 8196869120.00 8203888128.00 8219005440.00 8229572096.00 8240714240.00 8251547136.00 8262401536.00 8273314816.00 8284271616.00 8295145984.00 8306054144.00 
8316305920.00 8327834624.00 8338982400.00 8349604864.00 8360484352.00 8371408896.00 8382433792.00 8393247232.00 8403870208.00 8414776320.00 8425873920.00 8436878336.00 8447735808.00 8458606592.00 8469487616.00 8480060416.00 8491218944.00 8502237184.00 8513273344.00 8524066304.00 
8534641152.00 8545853440.00 8556701184.00 8567693824.00 8578300416.00 8589357568.00 8600367104.00 8611226624.00 8622147584.00 8633112576.00 8643784704.00 8654845952.00 8665603072.00 8676584448.00 8687468544.00 8698327040.00 8709215232.00 8720186368.00 8730939392.00 8741640192.00 
8746431488.00 8764277760.00 8774953984.00 8785778688.00 8796599296.00 8807468032.00 8818477056.00 8829126656.00 8840089600.00 8851207168.00 8861850624.00 8872934400.00 8883724288.00 8894625792.00 8905578496.00 8916482048.00 8927132672.00 8938286080.00 8949050368.00 8960071680.00 
8970657792.00 8981850112.00 8992748544.00 9003599872.00 9014519808.00 9025076224.00 9036313600.00 9047235584.00 9058130944.00 9069046784.00 9079816192.00 9090873344.00 9101490176.00 9112467456.00 9123642368.00 9134440448.00 9145337856.00 9156226048.00 9167156224.00 9178076160.00 
9188328448.00 9199860736.00 9210478592.00 9221699584.00 9232508928.00 9243375616.00 9254260736.00 9265247232.00 9275914240.00 9287045120.00 9297159168.00 9308802048.00 9319709696.00 9330652160.00 9341506560.00 9352328192.00 9363077120.00 9372742656.00 9385394176.00 9396175872.00 
9406718976.00 9417914368.00 9428753408.00 9439672320.00 9450339328.00 9461469184.00 9472405504.00 9483347968.00 9494163456.00 9505056768.00 9515859968.00 9526946816.00 9537674240.00 9548647424.00 9559535616.00 9568403456.00 9581346816.00 9592243200.00 9603042304.00 9614087168.00 
9623678976.00 9635895296.00 9646759936.00 9657666560.00 9668513792.00 9679384576.00 9690314752.00 9701226496.00 9711923200.00 9724264448.00 9733940224.00 9744961536.00 9755762688.00 9766709248.00 9777559552.00 9788433408.00 9799124992.00 9810295808.00 9821265920.00 9832084480.00 
9841362944.00 9853898752.00 9864852480.00 9875648512.00 9886454784.00 9897413632.00 9908388864.00 9919293440.00 9930075136.00 9940113408.00 9951912960.00 9962949632.00 9973549056.00 9984587776.00 9995552768.00 10006421504.00 10017315840.00 10028351488.00 10039091200.00 10050148352.00 
10060333056.00 10071831552.00 10082734080.00 10092850176.00 10104581120.00 10115091456.00 10126410752.00 10137296896.00 10147922944.00 10159095808.00 10169823232.00 10180790272.00 10191686656.00 10202533888.00 10213604352.00 10224404480.00 10235242496.00 10246251520.00 10257152000.00 10268073984.00 
10278640640.00 10289669120.00 10300784640.00 10311634944.00 10322315264.00 10333387776.00 10344358912.00 10355214336.00 10366161920.00 10377048064.00 10387168256.00 10398864384.00 10409589760.00 10420690944.00 10431547392.00 10442399744.00 10453295104.00 10464305152.00 10475172864.00 10486052864.00 
10495670272.00 10507825152.00 10518684672.00 10530029568.00 10540492800.00 10551361536.00 10562367488.00 10573205504.00 10584051712.00 10595052544.00 10605810688.00 10616797184.00 10627698688.00 10638900224.00 10649491456.00 10660008960.00 10671074304.00 10682196992.00 10693104640.00 10704006144.00 
10714582016.00 10725761024.00 10736663552.00 10747540480.00 10758334464.00 10769250304.00 10780239872.00 10791001088.00 10801966080.00 10812790784.00 10823616512.00 10834700288.00 10845259776.00 10856263680.00 10867134464.00 10877899776.00 10888679424.00 10899416064.00 10909834240.00 10919362560.00 
10916603904.00 10946675712.00 10956172288.00 10966623232.00 10977260544.00 10988001280.00 10998882304.00 11009769472.00 11020291072.00 11031345152.00 11042135040.00 11053247488.00 11063969792.00 11075044352.00 11085770752.00 11096649728.00 11107475456.00 11118491648.00 11129340928.00 11140284416.00 
11150823424.00 11162046464.00 11172911104.00 11183836160.00 11194475520.00 11205225472.00 11216506880.00 11227145216.00 11238232064.00 11249240064.00 11259944960.00 11270991872.00 11281761280.00 11292839936.00 11303631872.00 11314544640.00 11325454336.00 11335999488.00 11347324928.00 11358213120.00 
11367788544.00 11379982336.00 11390836736.00 11401731072.00 11412657152.00 11423501312.00 11434460160.00 11445352448.00 11456215040.00 11467176960.00 11477271552.00 11488998400.00 11499790336.00 11510813696.00 11521649664.00 11532521472.00 11543229440.00 11554402304.00 11565219840.00 11576368128.00 
11586777088.00 11597966336.00 11608849408.00 11619790848.00 11630556160.00 11641498624.00 11652409344.00 11663502336.00 11674259456.00 11685246976.00 11695936512.00 11706947584.00 11717632000.00 11728738304.00 11739595776.00 11750149120.00 11761350656.00 11773181952.00 11783277568.00 11794198528.00 
11804430336.00 11815878656.00 11826912256.00 11837684736.00 11848624128.00 11859501056.00 11870452736.00 11881451520.00 11891995648.00 11903091712.00 11913825280.00 11925926912.00 11935861760.00 11946750976.00 11957618688.00 11968497664.00 11979354112.00 11990387712.00 12001155072.00 12012142592.00 
12021446656.00 12033967104.00 12044734464.00 12055742464.00 12066425856.00 12077465600.00 12088450048.00 12099329024.00 12110164992.00 12121083904.00 12131813376.00 12141764608.00 12153876480.00 12164803584.00 12175690752.00 12186519552.00 12197427200.00 12208386048.00 12219239424.00 12230157312.00 
12239764480.00 12251966464.00 12262958080.00 12273808384.00 12284591104.00 12293549056.00 12306460672.00 12317393920.00 12328125440.00 12339080192.00 12349893632.00 12360981504.00 12371762176.00 12382692352.00 12393607168.00 12404441088.00 12415203328.00 12426356736.00 12437248000.00 12448113664.00 
12458693632.00 12469861376.00 12480612352.00 12493300736.00 12502733824.00 12513577984.00 12524508160.00 12535389184.00 12546231296.00 12557245440.00 12567271424.00 12578988032.00 12589631488.00 12600785920.00 12611758080.00 12622532608.00 12633431040.00 12644339712.00 12655519744.00 12666174464.00 
12676431872.00 12687954944.00 12698839040.00 12709807104.00 12720599040.00 12731470848.00 12742372352.00 12753563648.00 12764064768.00 12775165952.00 12785936384.00 12796993536.00 12807799808.00 12818801664.00 12829692928.00 12840166400.00 12851296256.00 12862440448.00 12873255936.00 12884190208.00 
12894753792.00 12905965568.00 12916958208.00 12927763456.00 12938422272.00 12949431296.00 12960422912.00 12971408384.00 12982228992.00 12993112064.00 13003898880.00 13014833152.00 13025728512.00 13036904448.00 13047542784.00 13058438144.00 13069332480.00 13080255488.00 13091053568.00 13101763584.00 
13106552832.00 13124396032.00 13135055872.00 13145861120.00 13156718592.00 13167592448.00 13178541056.00 13189445632.00 13200201728.00 13211199488.00 13221976064.00 13232932864.00 13243790336.00 13254817792.00 13265644544.00 13276537856.00 13287247872.00 13298349056.00 13309312000.00 13320190976.00 
13330787328.00 13341967360.00 13352727552.00 13363813376.00 13374592000.00 13385184256.00 13396518912.00 13407419392.00 13418198016.00 13429161984.00 13439873024.00 13451255808.00 13461686272.00 13472788480.00 13483573248.00 13494503424.00 13505458176.00 13516424192.00 13527028736.00 13538208768.00 
13548452864.00 13559986176.00 13570857984.00 13581761536.00 13592617984.00 13603502080.00 13614452736.00 13625334784.00 13635976192.00 13647043584.00 13654014976.00 13669165056.00 13679897600.00 13690716160.00 13701702656.00 13712581632.00 13723396096.00 13734365184.00 13745257472.00 13756153856.00 
13766795264.00 13778028544.00 13788869632.00 13799611392.00 13810463744.00 13821532160.00 13832469504.00 13843415040.00 13854230528.00 13865174016.00 13875924992.00 13886932992.00 13897669632.00 13909109760.00 13919732736.00 13930217472.00 13941452800.00 13952433152.00 13963304960.00 13974196224.00 
13983791104.00 13996000256.00 14006745088.00 14017593344.00 14028652544.00 14039455744.00 14050663424.00 14061424640.00 14072163328.00 14083222528.00 14093921280.00 14104958976.00 14115831808.00 14126777344.00 14137359360.00 14148552704.00 14159258624.00 14170359808.00 14181245952.00 14192215040.00 
14201469952.00 14214003712.00 14224844800.00 14235724800.00 14246524928.00 14257539072.00 14268443648.00 14279358464.00 14290267136.00 14301131776.00 14311905280.00 14322937856.00 14333627392.00 14344780800.00 14355624960.00 14366478336.00 14377437184.00 14388293632.00 14399197184.00 14410146816.00 
14420399104.00 14431950848.00 14442744832.00 14453702656.00 14464576512.00 14475094016.00 14486336512.00 14497218560.00 14507876352.00 14518953984.00 14529607680.00 14540517376.00 14550962176.00 14559204352.00 14575501312.00 14585254912.00 14595840000.00 14606724096.00 14617549824.00 14628445184.00 
14638964736.00 14650181632.00 14661037056.00 14671975424.00 14682556416.00 14693634048.00 14704566272.00 14715538432.00 14726352896.00 14737301504.00 14747373568.00 14759120896.00 14769830912.00 14781017088.00 14791743488.00 14802655232.00 14813526016.00 14824371200.00 14835289088.00 14846289920.00 
14855838720.00 14868079616.00 14878931968.00 14889837568.00 14900740096.00 14911564800.00 14922556416.00 14933405696.00 14944160768.00 14955291648.00 14965999616.00 14977048576.00 14987888640.00 14998840320.00 15009693696.00 15018606592.00 15031333888.00 15042403328.00 15053336576.00 15064243200.00 
15074840576.00 15086146560.00 15096912896.00 15107841024.00 15118536704.00 15129735168.00 15140563968.00 15151453184.00 15162306560.00 15173289984.00 15184010240.00 15194958848.00 15205712896.00 15216863232.00 15227864064.00 15238561792.00 15249465344.00 15260416000.00 15271288832.00 15282157568.00 
15289877504.00 15304136704.00 15314959360.00 15326009344.00 15336696832.00 15347588096.00 15358534656.00 15369426944.00 15380098048.00 15391179776.00 15401991168.00 15412981760.00 15424045056.00 15434849280.00 15445713920.00 15456574464.00 15467422720.00 15478441984.00 15489321984.00 15500256256.00 
15510824960.00 15521900544.00 15532903424.00 15543773184.00 15554465792.00 15565197312.00 15576437760.00 15587321856.00 15597904896.00 15609740288.00 15620137984.00 15631128576.00 15641879552.00 15652893696.00 15663840256.00 15674600448.00 15685566464.00 15696445440.00 15707326464.00 15718196224.00 
15727853568.00 15740112896.00 15750947840.00 15761797120.00 15772633088.00 15783624704.00 15794521088.00 15805425664.00 15816197120.00 15827289088.00 15837328384.00 15849226240.00 15859853312.00 15870878720.00 15881574400.00 15892762624.00 15903337472.00 15914464256.00 15925343232.00 15936204800.00 
15946832896.00 15958095872.00 15968961536.00 15979847680.00 15990629376.00 16001572864.00 16012469248.00 16023561216.00 16034309120.00 16045231104.00 16056005632.00 16067070976.00 16077700096.00 16088805376.00 16099812352.00 16110258176.00 16121473024.00 16132470784.00 16143251456.00 16154320896.00 
16164502528.00 16176002048.00 16186911744.00 16197899264.00 16208760832.00 16219554816.00 16230511616.00 16241384448.00 16252066816.00 16263212032.00 16273955840.00 16285000704.00 16295818240.00 16306808832.00 16317697024.00 16328488960.00 16339301376.00 16350182400.00 16361013248.00 16371593216.00 
16374974464.00 16394737664.00 16405263360.00 16416079872.00 16426661888.00 16437725184.00 16448645120.00 16459526144.00 16470371328.00 16481338368.00 16492054528.00 16503060480.00 16513874944.00 16524873728.00 16535754752.00 16546585600.00 16557542400.00 16568439808.00 16579358720.00 16590412800.00 
16599884800.00 16612071424.00 16622946304.00 16633865216.00 16644842496.00 16655295488.00 16666518528.00 16677459968.00 16688244736.00 16699199488.00 16710083584.00 16721100800.00 16731973632.00 16742899712.00 16753810432.00 16764636160.00 16775319552.00 16786436096.00 16797234176.00 16808375296.00 
16818884608.00 16830249984.00 16840987648.00 16851941376.00 16862654464.00 16873565184.00 16884554752.00 16895450112.00 16906306560.00 16917219328.00 16927351808.00 16938857472.00 16949703680.00 16960847872.00 16971680768.00 16982385664.00 16993819648.00 17004532736.00 17015371776.00 17026293760.00 
17036553216.00 17048339456.00 17058964480.00 17069879296.00 17080712192.00 17091539968.00 17102566400.00 17113369600.00 17124133888.00 17135285248.00 17146003456.00 17156976640.00 17168012288.00 17178867712.00 17189758976.00 17200277504.00 17211488256.00 17222516736.00 17233367040.00 17244829696.00 
17254856704.00 17266071552.00 17276936192.00 17287835648.00 17298526208.00 17309622272.00 17320503296.00 17331503104.00 17342285824.00 17353230336.00 17364019200.00 17375084544.00 17385844736.00 17396838400.00 17407735808.00 17418565632.00 17429440512.00 17440319488.00 17451169792.00 17461882880.00 
17466658816.00 17484523520.00 17495193600.00 17506031616.00 17516847104.00 17527709696.00 17538611200.00 17549522944.00 17560324096.00 17571313664.00 17582086144.00 17593032704.00 17603997696.00 17615020032.00 17625702400.00 17636603904.00 17647370240.00 17658284032.00 17669439488.00 17679798272.00 
17690894336.00 17702084608.00 17712982016.00 17723873280.00 17734647808.00 17743659008.00 17756573696.00 17767514112.00 17778405376.00 17789294592.00 17800073216.00 17811107840.00 17821739008.00 17832857600.00 17843783680.00 17854572544.00 17865322496.00 17876625408.00 17887408128.00 17898317824.00 
17908555776.00 17919836160.00 17930983424.00 17941970944.00 17952741376.00 17963614208.00 17974511616.00 17984864256.00 17996154880.00 18007275520.00 18017394688.00 18029043712.00 18039851008.00 18050922496.00 18061785088.00 18072561664.00 18083473408.00 18094432256.00 18105374720.00 18116270080.00 
18126854144.00 18137903104.00 18148999168.00 18159804416.00 18170468352.00 18181457920.00 18192140288.00 18204383232.00 18214565888.00 18225428480.00 18236133376.00 18247196672.00 18257915904.00 18268915712.00 18279800832.00 18290294784.00 18301581312.00 18312497152.00 18323398656.00 18334189568.00 
18343913472.00 18356107264.00 18366990336.00 18377930752.00 18388633600.00 18399641600.00 18410586112.00 18421460992.00 18432315392.00 18443341824.00 18454024192.00 18465067008.00 18475769856.00 18486978560.00 18497822720.00 18508691456.00 18519371776.00 18530826240.00 18541361152.00 18552317952.00 
18561583104.00 18574137344.00 18584967168.00 18595911680.00 18606739456.00 18617661440.00 18628651008.00 18639427584.00 18650327040.00 18661257216.00 18672044032.00 18683054080.00 18693691392.00 18704697344.00 18715035648.00 18726942720.00 18737672192.00 18748624896.00 18759473152.00 18770276352.00 
18780588032.00 18792204288.00 18802987008.00 18813906944.00 18824699904.00 18835316736.00 18846531584.00 18857437184.00 18868176896.00 18879326208.00 18890072064.00 18901166080.00 18911969280.00 18922792960.00 18933866496.00 18944663552.00 18955505664.00 18966517760.00 18977388544.00 18988158976.00 
18998900736.00 19010029568.00 19021152256.00 19031908352.00 19042555904.00 19053625344.00 19064487936.00 19075493888.00 19086288896.00 19097188352.00 19104106496.00 19119247360.00 19129956352.00 19140950016.00 19151818752.00 19162624000.00 19173525504.00 19184422912.00 19195406336.00 19206283264.00 
19215923200.00 19228069888.00 19239047168.00 19249930240.00 19260725248.00 19271772160.00 19282636800.00 19293609984.00 19304275968.00 19315269632.00 19326050304.00 19337154560.00 19347945472.00 19358908416.00 19369773056.00 19380283392.00 19391315968.00 19402348544.00 19413995520.00 19424368640.00 
19434960896.00 19446153216.00 19457040384.00 19467925504.00 19478734848.00 19489679360.00 19500642304.00 19511515136.00 19522359296.00 19533279232.00 19544107008.00 19555074048.00 19565793280.00 19576805376.00 19587811328.00 19598669824.00 19609597952.00 19620483072.00 19631411200.00 19642263552.00 
19649951744.00 19664250880.00 19675074560.00 19685941248.00 19696834560.00 19707697152.00 19718600704.00 19729489920.00 19740172288.00 19751294976.00 19762102272.00 19773097984.00 19783987200.00 19794896896.00 19805904896.00 19816644608.00 19827474432.00 19838502912.00 19848927232.00 19860371456.00 
19870939136.00 19882139648.00 19893004288.00 19903838208.00 19914573824.00 19925319680.00 19936389120.00 19947542528.00 19958372352.00 19969337344.00 19980089344.00 19991236608.00 20001859584.00 20012693504.00 20023898112.00 20034676736.00 20045553664.00 20056518656.00 20067397632.00 20078297088.00 
20087916544.00 20100081664.00 20110942208.00 20121860096.00 20132751360.00 20143597568.00 20154189824.00 20165632000.00 20176318464.00 20187265024.00 20197406720.00 20209092608.00 20220051456.00 20230946816.00 20241774592.00 20252618752.00 20263333888.00 20274116608.00 20285476864.00 20296351744.00 
20306903040.00 20318076928.00 20328820736.00 20339781632.00 20350681088.00 20361639936.00 20372535296.00 20383643648.00 20394375168.00 20405364736.00 20416047104.00 20427436032.00 20437757952.00 20448712704.00 20459704320.00 20468711424.00 20481589248.00 20492521472.00 20503386112.00 20514314240.00 
20524552192.00 20536115200.00 20546881536.00 20557961216.00 20568737792.00 20579643392.00 20590573568.00 20601473024.00 20612124672.00 20623613952.00 20634058752.00 20645134336.00 20656001024.00 20666869760.00 20677736448.00 20688742400.00 20699504640.00 20710559744.00 20721373184.00 20732368896.00 
20741574656.00 20754208768.00 20764987392.00 20775870464.00 20786501632.00 20797712384.00 20808593408.00 20819716096.00 20830304256.00 20841050112.00 20852043776.00 20863062016.00 20873869312.00 20884418560.00 20895811584.00 20906668032.00 20917524480.00 20928505856.00 20939356160.00 20950269952.00 
20959885312.00 20972079104.00 20982925312.00 20993656832.00 21004695552.00 21015277568.00 21026719744.00 21037391872.00 21048217600.00 21059309568.00 21070012416.00 21080698880.00 21091917824.00 21102837760.00 21113716736.00 21124546560.00 21135300608.00 21146318848.00 21157382144.00 21168224256.00 
21178818560.00 21189965824.00 21200850944.00 21211838464.00 21222621184.00 21233559552.00 21244602368.00 21255397376.00 21266249728.00 21277227008.00 21287278592.00 21298976768.00 21309634560.00 21320792064.00 21331597312.00 21342509056.00 21353426944.00 21364469760.00 21375240192.00 21386170368.00 
21396412416.00 21407944704.00 21418797056.00 21429813248.00 21440573440.00 21451481088.00 21462407168.00 21473310720.00 21483907072.00 21495146496.00 21505792000.00 21516709888.00 21527687168.00 21538674688.00 21549432832.00 21560006656.00 21571147776.00 21582043136.00 21592983552.00 21603878912.00 
21614467072.00 21625669632.00 21636521984.00 21647376384.00 21658019840.00 21669013504.00 21679882240.00 21690791936.00 21701560320.00 21712400384.00 21723054080.00 21733980160.00 21744615424.00 21755475968.00 21766043648.00 21776570368.00 21786927104.00 21797011456.00 21806032896.00 21811578880.00 
end   dump: w
==END   DUMP_ARRAYS==
Time in seconds = 0.077260
