Sender: LSF System <lsfadmin@polus-c4-ib.bmc.hpc.cs.msu.ru>
Subject: Job 493960: <./large.o> in cluster <MSUCluster> Done

Job <./large.o> was submitted from host <polus-ib.bmc.hpc.cs.msu.ru> by user <edu-cmc-skpod19-328-11> in cluster <MSUCluster> at Fri Nov 29 23:39:32 2019
Job was executed on host(s) <12*polus-c4-ib.bmc.hpc.cs.msu.ru>, in queue <short>, as user <edu-cmc-skpod19-328-11> in cluster <MSUCluster> at Fri Nov 29 23:41:09 2019
                            <2*polus-c2-ib.bmc.hpc.cs.msu.ru>
</home_edu/edu-cmc-skpod19-328/edu-cmc-skpod19-328-11> was used as the home directory.
</home_edu/edu-cmc-skpod19-328/edu-cmc-skpod19-328-11/dep_gemver> was used as the working directory.
Started at Fri Nov 29 23:41:09 2019
Terminated at Fri Nov 29 23:41:11 2019
Results reported at Fri Nov 29 23:41:11 2019

Your job looked like:

------------------------------------------------------------
# LSBATCH: User input
./large.o
------------------------------------------------------------

Successfully completed.

Resource usage summary:

    CPU time :                                   8.56 sec.
    Max Memory :                                 1 MB
    Average Memory :                             1.00 MB
    Total Requested Memory :                     -
    Delta Memory :                               -
    Max Swap :                                   -
    Max Processes :                              1
    Max Threads :                                1
    Run time :                                   1 sec.
    Turnaround time :                            99 sec.

The output (if any) follows:

==BEGIN DUMP_ARRAYS==
begin dump: w
0.00 0.00 0.00 0.00 0.00 0.00 0.00 0.00 0.00 0.00 0.00 0.00 0.00 0.00 0.00 0.00 0.00 0.00 0.00 0.00 
0.00 0.00 0.00 0.00 0.00 0.00 0.00 0.00 0.00 0.00 0.00 0.00 0.00 0.00 0.00 0.00 0.00 0.00 0.00 0.00 
0.00 0.00 0.00 0.00 0.00 0.00 0.00 0.00 0.00 0.00 0.00 0.00 0.00 0.00 0.00 0.00 0.00 0.00 0.00 0.00 
0.00 0.00 0.00 0.00 0.00 0.00 0.00 0.00 0.00 0.00 0.00 0.00 0.00 0.00 0.00 0.00 0.00 0.00 0.00 0.00 
0.00 0.00 0.00 0.00 0.00 0.00 0.00 0.00 0.00 0.00 0.00 0.00 0.00 0.00 0.00 0.00 0.00 0.00 0.00 0.00 
0.00 0.00 0.00 0.00 0.00 0.00 0.00 0.00 0.00 0.00 0.00 0.00 0.00 0.00 0.00 0.00 0.00 0.00 0.00 0.00 
0.00 0.00 0.00 0.00 0.00 0.00 0.00 0.00 0.00 0.00 0.00 0.00 0.00 0.00 0.00 0.00 0.00 0.00 0.00 0.00 
0.00 0.00 0.00 0.00 0.00 0.00 0.00 0.00 0.00 0.00 0.00 0.00 0.00 0.00 0.00 0.00 0.00 0.00 0.00 0.00 
0.00 0.00 0.00 0.00 0.00 0.00 0.00 0.00 0.00 0.00 0.00 0.00 0.00 0.00 0.00 0.00 0.00 0.00 0.00 0.00 
0.00 0.00 0.00 0.00 0.00 0.00 0.00 0.00 0.00 0.00 0.00 0.00 0.00 0.00 0.00 0.00 0.00 0.00 0.00 0.00 
0.00 0.00 0.00 0.00 0.00 0.00 0.00 0.00 0.00 0.00 0.00 0.00 0.00 0.00 0.00 0.00 0.00 0.00 0.00 0.00 
0.00 0.00 0.00 0.00 0.00 0.00 0.00 0.00 0.00 0.00 0.00 0.00 0.00 0.00 0.00 0.00 0.00 0.00 0.00 0.00 
0.00 0.00 0.00 0.00 0.00 0.00 0.00 0.00 0.00 0.00 0.00 0.00 0.00 0.00 0.00 0.00 0.00 0.00 0.00 0.00 
0.00 0.00 0.00 0.00 0.00 0.00 0.00 0.00 0.00 0.00 0.00 0.00 0.00 0.00 0.00 0.00 0.00 0.00 0.00 0.00 
0.00 0.00 0.00 0.00 0.00 0.00 0.00 0.00 0.00 0.00 0.00 0.00 0.00 0.00 0.00 0.00 0.00 0.00 0.00 0.00 
0.00 0.00 0.00 0.00 0.00 0.00 0.00 0.00 0.00 0.00 0.00 0.00 0.00 0.00 0.00 0.00 0.00 0.00 0.00 0.00 
0.00 0.00 0.00 0.00 0.00 0.00 0.00 0.00 0.00 0.00 0.00 0.00 0.00 0.00 0.00 0.00 0.00 0.00 0.00 0.00 
0.00 0.00 0.00 0.00 0.00 0.00 0.00 0.00 0.00 0.00 0.00 0.00 0.00 0.00 0.00 0.00 0.00 0.00 0.00 0.00 
0.00 0.00 0.00 0.00 0.00 0.00 0.00 0.00 0.00 0.00 0.00 0.00 0.00 0.00 0.00 0.00 0.00 0.00 0.00 0.00 
0.00 0.00 0.00 0.00 0.00 0.00 0.00 0.00 0.00 0.00 0.00 0.00 0.00 0.00 0.00 0.00 0.00 0.00 0.00 0.00 
0.00 0.00 0.00 0.00 0.00 0.00 0.00 0.00 0.00 0.00 0.00 0.00 0.00 0.00 0.00 0.00 0.00 0.00 0.00 0.00 
0.00 0.00 0.00 0.00 0.00 0.00 0.00 0.00 0.00 0.00 0.00 0.00 0.00 0.00 0.00 0.00 0.00 0.00 0.00 0.00 
0.00 0.00 0.00 0.00 0.00 0.00 0.00 0.00 0.00 0.00 0.00 0.00 0.00 0.00 0.00 0.00 0.00 0.00 0.00 0.00 
0.00 0.00 0.00 0.00 0.00 0.00 0.00 0.00 0.00 0.00 0.00 0.00 0.00 0.00 0.00 0.00 0.00 0.00 0.00 0.00 
0.00 0.00 0.00 0.00 0.00 0.00 0.00 0.00 0.00 0.00 0.00 0.00 0.00 0.00 0.00 0.00 0.00 0.00 0.00 0.00 
0.00 0.00 0.00 0.00 0.00 0.00 0.00 0.00 0.00 0.00 0.00 0.00 0.00 0.00 0.00 0.00 0.00 0.00 0.00 0.00 
0.00 0.00 0.00 0.00 0.00 0.00 0.00 0.00 0.00 0.00 0.00 0.00 0.00 0.00 0.00 0.00 0.00 0.00 0.00 0.00 
0.00 0.00 0.00 0.00 0.00 0.00 0.00 0.00 0.00 0.00 0.00 0.00 0.00 0.00 0.00 0.00 0.00 0.00 0.00 0.00 
0.00 0.00 0.00 0.00 0.00 0.00 0.00 0.00 0.00 0.00 0.00 0.00 0.00 0.00 0.00 0.00 0.00 0.00 0.00 0.00 
0.00 0.00 0.00 0.00 0.00 0.00 0.00 0.00 0.00 0.00 0.00 0.00 0.00 0.00 0.00 0.00 0.00 0.00 0.00 0.00 
0.00 0.00 0.00 0.00 0.00 0.00 0.00 0.00 0.00 0.00 0.00 0.00 0.00 0.00 0.00 0.00 0.00 0.00 0.00 0.00 
0.00 0.00 0.00 0.00 0.00 0.00 0.00 0.00 0.00 0.00 0.00 0.00 0.00 0.00 0.00 0.00 0.00 0.00 0.00 0.00 
0.00 0.00 0.00 0.00 0.00 0.00 0.00 0.00 0.00 0.00 0.00 0.00 0.00 0.00 0.00 0.00 0.00 0.00 0.00 0.00 
0.00 0.00 0.00 0.00 0.00 0.00 0.00 0.00 0.00 0.00 0.00 0.00 0.00 0.00 0.00 0.00 0.00 0.00 0.00 0.00 
0.00 0.00 0.00 0.00 0.00 0.00 0.00 0.00 0.00 0.00 0.00 0.00 0.00 0.00 0.00 0.00 0.00 0.00 0.00 0.00 
0.00 0.00 0.00 0.00 0.00 0.00 0.00 0.00 0.00 0.00 0.00 0.00 0.00 0.00 0.00 0.00 0.00 0.00 0.00 0.00 
0.00 0.00 0.00 0.00 0.00 0.00 0.00 0.00 0.00 0.00 0.00 0.00 0.00 0.00 0.00 0.00 0.00 0.00 0.00 0.00 
0.00 0.00 0.00 0.00 0.00 0.00 0.00 0.00 0.00 0.00 0.00 0.00 0.00 0.00 0.00 0.00 0.00 0.00 0.00 0.00 
0.00 0.00 0.00 0.00 0.00 0.00 0.00 0.00 0.00 0.00 0.00 0.00 0.00 0.00 0.00 0.00 0.00 0.00 0.00 0.00 
0.00 0.00 0.00 0.00 0.00 0.00 0.00 0.00 0.00 0.00 0.00 0.00 0.00 0.00 0.00 0.00 0.00 0.00 0.00 0.00 
0.00 0.00 0.00 0.00 0.00 0.00 0.00 0.00 0.00 0.00 0.00 0.00 0.00 0.00 0.00 0.00 0.00 0.00 0.00 0.00 
0.00 0.00 0.00 0.00 0.00 0.00 0.00 0.00 0.00 0.00 0.00 0.00 0.00 0.00 0.00 0.00 0.00 0.00 0.00 0.00 
0.00 0.00 0.00 0.00 0.00 0.00 0.00 0.00 0.00 0.00 0.00 0.00 0.00 0.00 0.00 0.00 0.00 0.00 0.00 0.00 
0.00 0.00 0.00 0.00 0.00 0.00 0.00 0.00 0.00 0.00 0.00 0.00 0.00 0.00 0.00 0.00 0.00 0.00 0.00 0.00 
0.00 0.00 0.00 0.00 0.00 0.00 0.00 0.00 0.00 0.00 0.00 0.00 0.00 0.00 0.00 0.00 0.00 0.00 0.00 0.00 
0.00 0.00 0.00 0.00 0.00 0.00 0.00 0.00 0.00 0.00 0.00 0.00 0.00 0.00 0.00 0.00 0.00 0.00 0.00 0.00 
0.00 0.00 0.00 0.00 0.00 0.00 0.00 0.00 0.00 0.00 0.00 0.00 0.00 0.00 0.00 0.00 0.00 0.00 0.00 0.00 
0.00 0.00 0.00 0.00 0.00 0.00 0.00 0.00 0.00 0.00 0.00 0.00 0.00 0.00 0.00 0.00 0.00 0.00 0.00 0.00 
0.00 0.00 0.00 0.00 0.00 0.00 0.00 0.00 0.00 0.00 0.00 0.00 0.00 0.00 0.00 0.00 0.00 0.00 0.00 0.00 
0.00 0.00 0.00 0.00 0.00 0.00 0.00 0.00 0.00 0.00 0.00 0.00 0.00 0.00 0.00 0.00 0.00 0.00 0.00 0.00 
0.00 0.00 0.00 0.00 0.00 0.00 0.00 0.00 0.00 0.00 0.00 0.00 0.00 0.00 0.00 0.00 0.00 0.00 0.00 0.00 
0.00 0.00 0.00 0.00 0.00 0.00 0.00 0.00 0.00 0.00 0.00 0.00 0.00 0.00 0.00 0.00 0.00 0.00 0.00 0.00 
0.00 0.00 0.00 0.00 0.00 0.00 0.00 0.00 0.00 0.00 0.00 0.00 0.00 0.00 0.00 0.00 0.00 0.00 0.00 0.00 
0.00 0.00 0.00 0.00 0.00 0.00 0.00 0.00 0.00 0.00 0.00 0.00 0.00 0.00 0.00 0.00 0.00 0.00 0.00 0.00 
0.00 0.00 0.00 0.00 0.00 0.00 0.00 0.00 0.00 0.00 0.00 0.00 0.00 0.00 0.00 0.00 0.00 0.00 0.00 0.00 
0.00 0.00 0.00 0.00 0.00 0.00 0.00 0.00 0.00 0.00 0.00 0.00 0.00 0.00 0.00 0.00 0.00 0.00 0.00 0.00 
0.00 0.00 0.00 0.00 0.00 0.00 0.00 0.00 0.00 0.00 0.00 0.00 0.00 0.00 0.00 0.00 0.00 0.00 0.00 0.00 
0.00 0.00 0.00 0.00 0.00 0.00 0.00 0.00 0.00 0.00 0.00 0.00 0.00 0.00 0.00 0.00 0.00 0.00 0.00 0.00 
0.00 0.00 0.00 0.00 0.00 0.00 0.00 0.00 0.00 0.00 0.00 0.00 0.00 0.00 0.00 0.00 0.00 0.00 0.00 0.00 
0.00 0.00 0.00 0.00 0.00 0.00 0.00 0.00 0.00 0.00 0.00 0.00 0.00 0.00 0.00 0.00 0.00 0.00 0.00 0.00 
0.00 0.00 0.00 0.00 0.00 0.00 0.00 0.00 0.00 0.00 0.00 0.00 0.00 0.00 0.00 0.00 0.00 0.00 0.00 0.00 
0.00 0.00 0.00 0.00 0.00 0.00 0.00 0.00 0.00 0.00 0.00 0.00 0.00 0.00 0.00 0.00 0.00 0.00 0.00 0.00 
0.00 0.00 0.00 0.00 0.00 0.00 0.00 0.00 0.00 0.00 0.00 0.00 0.00 0.00 0.00 0.00 0.00 0.00 0.00 0.00 
0.00 0.00 0.00 0.00 0.00 0.00 0.00 0.00 0.00 0.00 0.00 0.00 0.00 0.00 0.00 0.00 0.00 0.00 0.00 0.00 
0.00 0.00 0.00 0.00 0.00 0.00 0.00 0.00 0.00 0.00 0.00 0.00 0.00 0.00 0.00 0.00 0.00 0.00 0.00 0.00 
0.00 0.00 0.00 0.00 0.00 0.00 0.00 0.00 0.00 0.00 0.00 0.00 0.00 0.00 0.00 0.00 0.00 0.00 0.00 0.00 
0.00 0.00 0.00 0.00 0.00 0.00 0.00 0.00 0.00 0.00 0.00 0.00 0.00 0.00 0.00 0.00 0.00 0.00 0.00 0.00 
0.00 0.00 0.00 0.00 0.00 0.00 0.00 0.00 0.00 0.00 0.00 0.00 0.00 0.00 0.00 0.00 0.00 0.00 0.00 0.00 
0.00 0.00 0.00 0.00 0.00 0.00 0.00 0.00 0.00 0.00 0.00 0.00 0.00 0.00 0.00 0.00 0.00 0.00 0.00 0.00 
0.00 0.00 0.00 0.00 0.00 0.00 0.00 0.00 0.00 0.00 0.00 0.00 0.00 0.00 0.00 0.00 0.00 0.00 0.00 0.00 
0.00 0.00 0.00 0.00 0.00 0.00 0.00 0.00 0.00 0.00 0.00 0.00 0.00 0.00 0.00 0.00 0.00 0.00 0.00 0.00 
0.00 0.00 0.00 0.00 0.00 0.00 0.00 0.00 0.00 0.00 0.00 0.00 0.00 0.00 0.00 0.00 0.00 0.00 0.00 0.00 
0.00 0.00 0.00 0.00 0.00 0.00 0.00 0.00 0.00 0.00 0.00 0.00 0.00 0.00 0.00 0.00 0.00 0.00 0.00 0.00 
0.00 0.00 0.00 0.00 0.00 0.00 0.00 0.00 0.00 0.00 0.00 0.00 0.00 0.00 0.00 0.00 0.00 0.00 0.00 0.00 
0.00 0.00 0.00 0.00 0.00 0.00 0.00 0.00 0.00 0.00 0.00 0.00 0.00 0.00 0.00 0.00 0.00 0.00 0.00 0.00 
0.00 0.00 0.00 0.00 0.00 0.00 0.00 0.00 0.00 0.00 0.00 0.00 0.00 0.00 0.00 0.00 0.00 0.00 0.00 0.00 
0.00 0.00 0.00 0.00 0.00 0.00 0.00 0.00 0.00 0.00 0.00 0.00 0.00 0.00 0.00 0.00 0.00 0.00 0.00 0.00 
0.00 0.00 0.00 0.00 0.00 0.00 0.00 0.00 0.00 0.00 0.00 0.00 0.00 0.00 0.00 0.00 0.00 0.00 0.00 0.00 
0.00 0.00 0.00 0.00 0.00 0.00 0.00 0.00 0.00 0.00 0.00 0.00 0.00 0.00 0.00 0.00 0.00 0.00 0.00 0.00 
0.00 0.00 0.00 0.00 0.00 0.00 0.00 0.00 0.00 0.00 0.00 0.00 0.00 0.00 0.00 0.00 0.00 0.00 0.00 0.00 
0.00 0.00 0.00 0.00 0.00 0.00 0.00 0.00 0.00 0.00 0.00 0.00 0.00 0.00 0.00 0.00 0.00 0.00 0.00 0.00 
0.00 0.00 0.00 0.00 0.00 0.00 0.00 0.00 0.00 0.00 0.00 0.00 0.00 0.00 0.00 0.00 0.00 0.00 0.00 0.00 
0.00 0.00 0.00 0.00 0.00 0.00 0.00 0.00 0.00 0.00 0.00 0.00 0.00 0.00 0.00 0.00 0.00 0.00 0.00 0.00 
0.00 0.00 0.00 0.00 0.00 0.00 0.00 0.00 0.00 0.00 0.00 0.00 0.00 0.00 0.00 0.00 0.00 0.00 0.00 0.00 
0.00 0.00 0.00 0.00 0.00 0.00 0.00 0.00 0.00 0.00 0.00 0.00 0.00 0.00 0.00 0.00 0.00 0.00 0.00 0.00 
0.00 0.00 0.00 0.00 0.00 0.00 0.00 0.00 0.00 0.00 0.00 0.00 0.00 0.00 0.00 0.00 0.00 0.00 0.00 0.00 
0.00 0.00 0.00 0.00 0.00 0.00 0.00 0.00 0.00 0.00 0.00 0.00 0.00 0.00 0.00 0.00 0.00 0.00 0.00 0.00 
0.00 0.00 0.00 0.00 0.00 0.00 0.00 0.00 0.00 0.00 0.00 0.00 0.00 0.00 0.00 0.00 0.00 0.00 0.00 0.00 
0.00 0.00 0.00 0.00 0.00 0.00 0.00 0.00 0.00 0.00 0.00 0.00 0.00 0.00 0.00 0.00 0.00 0.00 0.00 0.00 
0.00 0.00 0.00 0.00 0.00 0.00 0.00 0.00 0.00 0.00 0.00 0.00 0.00 0.00 0.00 0.00 0.00 0.00 0.00 0.00 
0.00 0.00 0.00 0.00 0.00 0.00 0.00 0.00 0.00 0.00 0.00 0.00 0.00 0.00 0.00 0.00 0.00 0.00 0.00 0.00 
0.00 0.00 0.00 0.00 0.00 0.00 0.00 0.00 0.00 0.00 0.00 0.00 0.00 0.00 0.00 0.00 0.00 0.00 0.00 0.00 
0.00 0.00 0.00 0.00 0.00 0.00 0.00 0.00 0.00 0.00 0.00 0.00 0.00 0.00 0.00 0.00 0.00 0.00 0.00 0.00 
0.00 0.00 0.00 0.00 0.00 0.00 0.00 0.00 0.00 0.00 0.00 0.00 0.00 0.00 0.00 0.00 0.00 0.00 0.00 0.00 
0.00 0.00 0.00 0.00 0.00 0.00 0.00 0.00 0.00 0.00 0.00 0.00 0.00 0.00 0.00 0.00 0.00 0.00 0.00 0.00 
0.00 0.00 0.00 0.00 0.00 0.00 0.00 0.00 0.00 0.00 0.00 0.00 0.00 0.00 0.00 0.00 0.00 0.00 0.00 0.00 
0.00 0.00 0.00 0.00 0.00 0.00 0.00 0.00 0.00 0.00 0.00 0.00 0.00 0.00 0.00 0.00 0.00 0.00 0.00 0.00 
0.00 0.00 0.00 0.00 0.00 0.00 0.00 0.00 0.00 0.00 0.00 0.00 0.00 0.00 0.00 0.00 0.00 0.00 0.00 0.00 
0.00 0.00 0.00 0.00 0.00 0.00 0.00 0.00 0.00 0.00 0.00 0.00 0.00 0.00 0.00 0.00 0.00 0.00 0.00 0.00 
0.00 0.00 0.00 0.00 0.00 0.00 0.00 0.00 0.00 0.00 0.00 0.00 0.00 0.00 0.00 0.00 0.00 0.00 0.00 0.00 
end   dump: w
==END   DUMP_ARRAYS==
==BEGIN DUMP_ARRAYS==
begin dump: w
1855.74 55642476.00 61153696.00 70494984.00 80640592.00 91241536.00 102013000.00 112924720.00 123765304.00 134862832.00 145713248.00 156920320.00 167875520.00 179042144.00 190104384.00 201098272.00 212020560.00 223377056.00 234408784.00 245544880.00 
256352640.00 267757856.00 278906304.00 290121728.00 300981504.00 311832448.00 323404960.00 334413216.00 345544800.00 356852064.00 367697312.00 378910912.00 389850240.00 401181024.00 412334848.00 423356192.00 434522208.00 445642592.00 456851520.00 467989376.00 
478479584.00 490251872.00 501341792.00 512390528.00 523608256.00 534693216.00 545925056.00 557007744.00 567886016.00 579316416.00 589621120.00 601519232.00 612653056.00 623831680.00 634802304.00 646000128.00 657099392.00 668304640.00 679522496.00 690669120.00 
701431360.00 712883584.00 723941440.00 735232640.00 746018304.00 757351232.00 768518464.00 779712000.00 790771200.00 802314944.00 812931392.00 824157184.00 835231616.00 846545792.00 857421184.00 868355136.00 879855424.00 891216704.00 902149440.00 913303360.00 
923116096.00 935559872.00 946690688.00 957786944.00 968924864.00 980002240.00 991173696.00 1002831296.00 1013389760.00 1024667648.00 1035604800.00 1047139520.00 1058026688.00 1068940352.00 1080272640.00 1091293696.00 1102340352.00 1113741312.00 1124827776.00 1135877632.00 
1145472896.00 1158184576.00 1169363840.00 1180492928.00 1191545984.00 1202629888.00 1213931648.00 1225091200.00 1236094208.00 1247316736.00 1258312576.00 1269316864.00 1280522880.00 1291929472.00 1303003520.00 1314093312.00 1325259264.00 1336378496.00 1347631872.00 1358692352.00 
1369186432.00 1380958464.00 1392096384.00 1403212160.00 1414269824.00 1423392256.00 1436698112.00 1447952256.00 1458659072.00 1469710080.00 1481031040.00 1492278912.00 1503385984.00 1514460800.00 1525777408.00 1536816512.00 1547893760.00 1559279104.00 1570423680.00 1581435648.00 
1592224384.00 1603656960.00 1614737536.00 1626339072.00 1636866688.00 1648188928.00 1659361408.00 1670458496.00 1681493888.00 1692788736.00 1703082752.00 1715082240.00 1726038784.00 1737200384.00 1748832768.00 1759552384.00 1770664832.00 1781901696.00 1793038080.00 1804153216.00 
1813943680.00 1826395776.00 1837473536.00 1848662400.00 1859775616.00 1870847872.00 1881953920.00 1893437440.00 1904269952.00 1915368192.00 1926474112.00 1937726976.00 1948825856.00 1960017024.00 1971361536.00 1981894400.00 1993171328.00 2004646272.00 2015679744.00 2026814464.00 
2037628160.00 2049045376.00 2060720512.00 2071390336.00 2082440832.00 2093597312.00 2104674816.00 2115930368.00 2126988800.00 2138208896.00 2149155840.00 2160489984.00 2171362048.00 2182772224.00 2193868800.00 2204899584.00 2216046592.00 2227262720.00 2238329856.00 2249425664.00 
2257360384.00 2271891968.00 2282957824.00 2294128640.00 2305168128.00 2316283392.00 2327497984.00 2338758912.00 2349534976.00 2360957440.00 2371865600.00 2383240192.00 2394277120.00 2405462528.00 2416556288.00 2427656448.00 2438729472.00 2450007296.00 2461100800.00 2472262400.00 
2483057408.00 2494500096.00 2505079296.00 2517010688.00 2527768576.00 2538732288.00 2550254592.00 2561389312.00 2572467456.00 2583593728.00 2594629120.00 2605955072.00 2616944128.00 2628099328.00 2639276544.00 2650273280.00 2661572352.00 2672737536.00 2683799808.00 2695051776.00 
2704818432.00 2717303296.00 2728388608.00 2739633408.00 2750670080.00 2761755392.00 2772933632.00 2784070656.00 2795037952.00 2806244096.00 2813367808.00 2828784384.00 2839802368.00 2850927360.00 2862132224.00 2873127680.00 2884069632.00 2895466496.00 2906418944.00 2917799680.00 
2928533248.00 2940139776.00 2951114752.00 2962252544.00 2973270272.00 2984447232.00 2995593984.00 3006935808.00 3017901568.00 3029034752.00 3040060928.00 3051341056.00 3062230272.00 3073714688.00 3084810752.00 3095485952.00 3107063808.00 3118183168.00 3129306368.00 3140355584.00 
3150907392.00 3162768640.00 3173783808.00 3184899328.00 3195963904.00 3206899200.00 3219156224.00 3229734656.00 3240500736.00 3251862016.00 3262833920.00 3274135296.00 3285200384.00 3296432384.00 3307420672.00 3318550784.00 3329615616.00 3340897536.00 3352049408.00 3363135488.00 
3372654080.00 3385433600.00 3396596480.00 3407395072.00 3418598912.00 3429891584.00 3441075712.00 3452190208.00 3463539712.00 3474573056.00 3485533952.00 3496773632.00 3507816704.00 3519119616.00 3530208512.00 3541267712.00 3552561920.00 3563604992.00 3574729728.00 3585873920.00 
3595705600.00 3608283392.00 3619261952.00 3630444288.00 3641490944.00 3652289280.00 3663813888.00 3674974464.00 3685967104.00 3697159168.00 3708169216.00 3719405056.00 3730397184.00 3740887808.00 3753366016.00 3764180736.00 3775062784.00 3786431488.00 3797463552.00 3808825088.00 
3819474176.00 3830907648.00 3842018816.00 3853228544.00 3864181248.00 3875449600.00 3886564096.00 3897691648.00 3908907520.00 3920045056.00 3930295296.00 3942275072.00 3953112832.00 3965165568.00 3975696640.00 3986738432.00 3997881344.00 4008997120.00 4020192256.00 4031602688.00 
4041813760.00 4053596672.00 4064699136.00 4075762176.00 4087214336.00 4098149632.00 4109282816.00 4120465664.00 4131323392.00 4142688512.00 4153662464.00 4164982528.00 4176011520.00 4187236608.00 4198364416.00 4207422976.00 4220569088.00 4231820032.00 4242899200.00 4254066176.00 
4264873472.00 4276846336.00 4287414016.00 4298820608.00 4309471744.00 4320829952.00 4332073472.00 4343028736.00 4354198016.00 4365477376.00 4376369152.00 4387680256.00 4398658560.00 4409938432.00 4421058048.00 4432092672.00 4443221504.00 4454360576.00 4465423872.00 4476348416.00 
4481265664.00 4499482112.00 4510382592.00 4521496064.00 4532502016.00 4543597568.00 4554760704.00 4565913600.00 4576930816.00 4588144640.00 4599161856.00 4610489344.00 4621562368.00 4632688640.00 4643885056.00 4654889984.00 4665857536.00 4677300224.00 4688383488.00 4699517952.00 
4710333952.00 4721226752.00 4732901888.00 4744041984.00 4755056128.00 4765919744.00 4777453056.00 4788612608.00 4799611904.00 4810977280.00 4821888000.00 4833149952.00 4844034048.00 4855522816.00 4866546176.00 4877709312.00 4888794624.00 4899965952.00 4911080448.00 4921972224.00 
4932710400.00 4944489472.00 4955596800.00 4966722048.00 4977584640.00 4989222400.00 5000246784.00 5011358720.00 5022230528.00 5033823744.00 5043938816.00 5055910400.00 5066981888.00 5078174208.00 5089257984.00 5100382720.00 5111432192.00 5122629632.00 5133779968.00 5144785920.00 
5155750400.00 5167135744.00 5178473984.00 5189553664.00 5200407040.00 5211673088.00 5222853632.00 5234034176.00 5245092352.00 5256304640.00 5267254272.00 5278659584.00 5289623552.00 5300876288.00 5312003072.00 5322720768.00 5334102016.00 5345417216.00 5356541440.00 5367674368.00 
5377484288.00 5389827584.00 5401071616.00 5412255744.00 5423300096.00 5434463232.00 5445630976.00 5456771584.00 5467776512.00 5479055872.00 5489988608.00 5501258752.00 5512347136.00 5523527168.00 5534623232.00 5545672192.00 5556597760.00 5567928832.00 5578934272.00 5589732352.00 
5593213440.00 5613356544.00 5624144384.00 5635223552.00 5646142976.00 5657277952.00 5668394496.00 5679560192.00 5690695168.00 5701827072.00 5712833024.00 5724103168.00 5734979584.00 5746386944.00 5757457408.00 5768564224.00 5779632128.00 5790835712.00 5802020352.00 5813199360.00 
5823646208.00 5835342336.00 5846612480.00 5857668096.00 5868798464.00 5879560704.00 5891013632.00 5902276608.00 5913129472.00 5924483584.00 5935494144.00 5946796544.00 5957848064.00 5968918528.00 5980232192.00 5991274496.00 6002347008.00 6013594624.00 6024677888.00 6035816448.00 
6046685184.00 6058166784.00 6069242368.00 6080388608.00 6091249664.00 6102425600.00 6113960448.00 6124916736.00 6136084992.00 6147038208.00 6157548544.00 6169454080.00 6180559872.00 6191798272.00 6202894336.00 6213929984.00 6225187328.00 6236355072.00 6247410688.00 6258530304.00 
6268400128.00 6280905728.00 6291988992.00 6303135232.00 6314152960.00 6325311488.00 6336421376.00 6347622400.00 6358657536.00 6369871360.00 6380801024.00 6391713280.00 6403686912.00 6414610944.00 6425701888.00 6436406272.00 6447684608.00 6459110400.00 6470190592.00 6481464832.00 
6492142080.00 6503569408.00 6514699776.00 6525847552.00 6536897024.00 6548058624.00 6559260160.00 6570400256.00 6581344256.00 6592729088.00 6603659776.00 6614998016.00 6625819136.00 6637223424.00 6648325632.00 6659415552.00 6670567424.00 6681597952.00 6692838400.00 6703940608.00 
6711836160.00 6726397952.00 6737466368.00 6748587008.00 6759692800.00 6770793984.00 6781825536.00 6793092096.00 6803998208.00 6815475712.00 6826381312.00 6837611008.00 6848738816.00 6859924992.00 6871012864.00 6881986048.00 6893319168.00 6904468480.00 6915606016.00 6926644224.00 
6937566720.00 6949010432.00 6960120832.00 6971336192.00 6982151168.00 6991479808.00 7004729856.00 7015840256.00 7026928640.00 7038108672.00 7049088000.00 7060333056.00 7071454208.00 7082690048.00 7093737472.00 7104868864.00 7115953152.00 7127199232.00 7138314240.00 7149436928.00 
7159277056.00 7171680768.00 7182895104.00 7194084352.00 7205052928.00 7216136704.00 7227390976.00 7238380544.00 7249556480.00 7260754944.00 7271108096.00 7283045888.00 7294128640.00 7305264640.00 7316454400.00 7327515648.00 7338460160.00 7349798912.00 7360927744.00 7372037120.00 
7382867968.00 7394254848.00 7405369856.00 7416446464.00 7427332608.00 7438228480.00 7448335872.00 7464996864.00 7473291264.00 7484077056.00 7494920192.00 7506123264.00 7516950016.00 7528309760.00 7539392512.00 7550122496.00 7561577984.00 7572777472.00 7583955968.00 7594998272.00 
7605506560.00 7617277952.00 7628423680.00 7639622144.00 7650606080.00 7661759488.00 7672953344.00 7684058624.00 7694957568.00 7706377728.00 7717352960.00 7728650240.00 7739658752.00 7750900224.00 7762019840.00 7773064192.00 7784213504.00 7795486208.00 7806554624.00 7817651712.00 
7827161088.00 7839947264.00 7851099648.00 7862256640.00 7873108992.00 7884403200.00 7895924736.00 7906786816.00 7917864960.00 7929081856.00 7940049408.00 7951294464.00 7962329088.00 7973554688.00 7984523264.00 7995856896.00 8006937600.00 8018332672.00 8029370880.00 8040397824.00 
8050217984.00 8062666752.00 8073776640.00 8084909056.00 8096006656.00 8106789376.00 8118276608.00 8129166848.00 8140628480.00 8151810560.00 8162766336.00 8174048256.00 8185127936.00 8196284416.00 8207429120.00 8218501632.00 8229438464.00 8241037312.00 8251971072.00 8263078912.00 
8273922560.00 8285426688.00 8296534528.00 8307696128.00 8318653440.00 8329815552.00 8341019136.00 8352293888.00 8363235840.00 8374300160.00 8381455872.00 8396911616.00 8407702016.00 8419090944.00 8430156288.00 8441258496.00 8452395008.00 8463592960.00 8474703872.00 8485853184.00 
8496331776.00 8508101632.00 8519476224.00 8530351616.00 8541458432.00 8552604672.00 8563876864.00 8574924288.00 8585780224.00 8596929536.00 8608264192.00 8619503616.00 8630602752.00 8641703936.00 8652822528.00 8663616512.00 8675028992.00 8686289920.00 8697540608.00 8708585472.00 
8719373312.00 8730829824.00 8741920768.00 8753142784.00 8763990016.00 8775288832.00 8786530304.00 8797629440.00 8808794112.00 8819988480.00 8830876672.00 8842194944.00 8853173248.00 8864394240.00 8875522048.00 8886609920.00 8897734656.00 8908955648.00 8919937024.00 8930851840.00 
8935763968.00 8953994240.00 8964883456.00 8975948800.00 8987021312.00 8998122496.00 9009350656.00 9020244992.00 9031443456.00 9042787328.00 9053662208.00 9064996864.00 9076020224.00 9087165440.00 9098349568.00 9109502976.00 9120370688.00 9131757568.00 9142764544.00 9154043904.00 
9164839936.00 9176273920.00 9187411968.00 9198501888.00 9209658368.00 9220439040.00 9231912960.00 9243074560.00 9254205440.00 9265354752.00 9276355584.00 9287653376.00 9298496512.00 9309720576.00 9321135104.00 9332170752.00 9343298560.00 9354423296.00 9365606400.00 9376759808.00 
9387223040.00 9399003136.00 9409852416.00 9421309952.00 9432359936.00 9443468288.00 9454585856.00 9465819136.00 9476694016.00 9488069632.00 9498402816.00 9510291456.00 9521439744.00 9532621824.00 9543720960.00 9554763776.00 9565765632.00 9575616512.00 9588548608.00 9599565824.00 
9610343424.00 9621775360.00 9632860160.00 9644013568.00 9654899712.00 9666273280.00 9677444096.00 9688620032.00 9699684352.00 9710810112.00 9721851904.00 9733178368.00 9744147456.00 9755336704.00 9766458368.00 9775531008.00 9788748800.00 9799872512.00 9810918400.00 9822198784.00 
9832006656.00 9844482048.00 9855588352.00 9866702848.00 9877798912.00 9888917504.00 9900077056.00 9911223296.00 9922154496.00 9934766080.00 9944643584.00 9955908608.00 9966935040.00 9978118144.00 9989210112.00 10000327680.00 10011238400.00 10022659072.00 10033849344.00 10044911616.00 
10054392832.00 10067209216.00 10078386176.00 10089418752.00 10100457472.00 10111660032.00 10122886144.00 10134016000.00 10145012736.00 10155265024.00 10167332864.00 10178615296.00 10189446144.00 10200712192.00 10211927040.00 10223014912.00 10234159104.00 10245423104.00 10256401408.00 10267720704.00 
10278095872.00 10289840128.00 10301003776.00 10311326720.00 10323311616.00 10334049280.00 10345601024.00 10356729856.00 10367591424.00 10378997760.00 10389954560.00 10401182720.00 10412300288.00 10423367680.00 10434694144.00 10445736960.00 10456816640.00 10468062208.00 10479200256.00 10490329088.00 
10501136384.00 10512414720.00 10523753472.00 10534857728.00 10545762304.00 10557073408.00 10568292352.00 10579384320.00 10590536704.00 10601683968.00 10612009984.00 10623969280.00 10634939392.00 10646262784.00 10657355776.00 10668455936.00 10679575552.00 10690823168.00 10701915136.00 10713047040.00 
10722848768.00 10735293440.00 10746377216.00 10757978112.00 10768666624.00 10779770880.00 10791003136.00 10802092032.00 10813162496.00 10824396800.00 10835395584.00 10846621696.00 10857751552.00 10869199872.00 10880022528.00 10890775552.00 10902079488.00 10913441792.00 10924565504.00 10935720960.00 
10946507776.00 10957945856.00 10969085952.00 10980186112.00 10991216640.00 11002384384.00 11013588992.00 11024576512.00 11035802624.00 11046855680.00 11057906688.00 11069242368.00 11080006656.00 11091278848.00 11102389248.00 11113391104.00 11124393984.00 11135390720.00 11146021888.00 11155780608.00 
11152931840.00 11183590400.00 11193332736.00 11203983360.00 11214875648.00 11225845760.00 11236945920.00 11248088064.00 11258863616.00 11270116352.00 11281157120.00 11292525568.00 11303459840.00 11314794496.00 11325752320.00 11336856576.00 11347915776.00 11359179776.00 11370259456.00 11381422080.00 
11392233472.00 11403663360.00 11414777856.00 11425936384.00 11436802048.00 11447794688.00 11459311616.00 11470171136.00 11481519104.00 11492758528.00 11503687680.00 11514970112.00 11525972992.00 11537271808.00 11548328960.00 11559462912.00 11570596864.00 11581388800.00 11592957952.00 11604074496.00 
11613865984.00 11626319872.00 11637417984.00 11648550912.00 11659689984.00 11670787072.00 11681968128.00 11693108224.00 11704196096.00 11715406848.00 11725724672.00 11737683968.00 11748724736.00 11759982592.00 11771038720.00 11782157312.00 11793115136.00 11804518400.00 11815575552.00 11826959360.00 
11837598720.00 11849034752.00 11860145152.00 11871315968.00 11882330112.00 11893497856.00 11904640000.00 11916004352.00 11926963200.00 11938201600.00 11949116416.00 11960368128.00 11971280896.00 11982633984.00 11993733120.00 12004513792.00 12015949824.00 12028040192.00 12038330368.00 12049528832.00 
12059967488.00 12071651328.00 12082930688.00 12093948928.00 12105119744.00 12116230144.00 12127414272.00 12138652672.00 12149429248.00 12160760832.00 12171725824.00 12184100864.00 12194258944.00 12205353984.00 12216474624.00 12227578880.00 12238681088.00 12249966592.00 12260935680.00 12272171008.00 
12281663488.00 12294469632.00 12305479680.00 12316708864.00 12327634944.00 12338917376.00 12350128128.00 12361244672.00 12372332544.00 12383463424.00 12394423296.00 12404596736.00 12416972800.00 12428146688.00 12439243776.00 12450325504.00 12461457408.00 12472664064.00 12483751936.00 12494901248.00 
12504737792.00 12517181440.00 12528419840.00 12539499520.00 12550520832.00 12559681536.00 12572869632.00 12584033280.00 12594999296.00 12606200832.00 12617221120.00 12628558848.00 12639601664.00 12650759168.00 12661882880.00 12672960512.00 12683951104.00 12695356416.00 12706479104.00 12717577216.00 
12728394752.00 12739812352.00 12750784512.00 12763747328.00 12773380096.00 12784480256.00 12795624448.00 12806745088.00 12817836032.00 12829083648.00 12839324672.00 12851290112.00 12862170112.00 12873561088.00 12884754432.00 12895760384.00 12906905600.00 12918060032.00 12929481728.00 12940366848.00 
12950841344.00 12962612224.00 12973732864.00 12984950784.00 12995965952.00 13007076352.00 13018195968.00 13029651456.00 13040374784.00 13051713536.00 13062719488.00 13074004992.00 13085056000.00 13096294400.00 13107419136.00 13118113792.00 13129487360.00 13140871168.00 13151934464.00 13163084800.00 
13173889024.00 13185330176.00 13196568576.00 13207611392.00 13218485248.00 13229741056.00 13240978432.00 13252197376.00 13263242240.00 13274369024.00 13285397504.00 13296576512.00 13307691008.00 13319122944.00 13329988608.00 13341115392.00 13352249344.00 13363414016.00 13374449664.00 13385376768.00 
13390269440.00 13408516096.00 13419404288.00 13430417408.00 13441529856.00 13452633088.00 13463819264.00 13474966528.00 13485960192.00 13497175040.00 13508175872.00 13519383552.00 13530478592.00 13541746688.00 13552808960.00 13563951104.00 13574882304.00 13586229248.00 13597418496.00 13608539136.00 
13619362816.00 13630779392.00 13641780224.00 13653089280.00 13664107520.00 13674941440.00 13686509568.00 13697667072.00 13708666880.00 13719863296.00 13730806784.00 13742437376.00 13753098240.00 13764438016.00 13775459328.00 13786641408.00 13797815296.00 13809021952.00 13819862016.00 13831263232.00 
13841733632.00 13853527040.00 13864632320.00 13875791872.00 13886884864.00 13897979904.00 13909179392.00 13920279552.00 13931161600.00 13942463488.00 13949598720.00 13965072384.00 13976041472.00 13987077120.00 13998318592.00 14009418752.00 14020486144.00 14031670272.00 14042801152.00 14053941248.00 
14064802816.00 14076288000.00 14087356416.00 14098344960.00 14109431808.00 14120725504.00 14131913728.00 14143083520.00 14154141696.00 14165318656.00 14176297984.00 14187558912.00 14198508544.00 14210199552.00 14221063168.00 14231774208.00 14243265536.00 14254462976.00 14265566208.00 14276711424.00 
14286523392.00 14298975232.00 14309971968.00 14321045504.00 14332325888.00 14343384064.00 14354821120.00 14365828096.00 14376804352.00 14388072448.00 14399021056.00 14410274816.00 14421410816.00 14432595968.00 14443414528.00 14454836224.00 14465760256.00 14477111296.00 14488243200.00 14499426304.00 
14508879872.00 14521724928.00 14532779008.00 14543884288.00 14554927104.00 14566165504.00 14577333248.00 14588480512.00 14599610368.00 14610715648.00 14621720576.00 14633006080.00 14643910656.00 14655313920.00 14666386432.00 14677476352.00 14688668672.00 14699754496.00 14710902784.00 14722092032.00 
14732558336.00 14744374272.00 14755379200.00 14766583808.00 14777701376.00 14788438016.00 14799931392.00 14811057152.00 14821912576.00 14833245184.00 14844144640.00 14855284736.00 14865981440.00 14874360832.00 14891003904.00 14901004288.00 14911800320.00 14922938368.00 14933971968.00 14945108992.00 
14955879424.00 14967330816.00 14978405376.00 14989577216.00 15000403968.00 15011717120.00 15022882816.00 15034109952.00 15045132288.00 15056324608.00 15066630144.00 15078621184.00 15089583104.00 15100985344.00 15111937024.00 15123093504.00 15134230528.00 15145280512.00 15156444160.00 15167693824.00 
15177452544.00 15189943296.00 15201032192.00 15212167168.00 15223315456.00 15234369536.00 15245615104.00 15256680448.00 15267679232.00 15279035392.00 15289980928.00 15301266432.00 15312333824.00 15323525120.00 15334608896.00 15343719424.00 15356706816.00 15368037376.00 15379214336.00 15390355456.00 
15401162752.00 15412713472.00 15423728640.00 15434907648.00 15445812224.00 15457244160.00 15468323840.00 15479449600.00 15490533376.00 15501753344.00 15512691712.00 15523886080.00 15534884864.00 15546286080.00 15557516288.00 15568453632.00 15579582464.00 15590792192.00 15601862656.00 15612975104.00 
15620867072.00 15635436544.00 15646494720.00 15657768960.00 15668707328.00 15679821824.00 15691004928.00 15702151168.00 15713054720.00 15724384256.00 15735401472.00 15746632704.00 15757926400.00 15768977408.00 15780077568.00 15791170560.00 15802242048.00 15813521408.00 15824627712.00 15835801600.00 
15846597632.00 15857912832.00 15869144064.00 15880262656.00 15891180544.00 15902156800.00 15913651200.00 15924756480.00 15935576064.00 15947660288.00 15958273024.00 15969494016.00 15980478464.00 15991736320.00 16002932736.00 16013917184.00 16025118720.00 16036235264.00 16047353856.00 16058471424.00 
16068335616.00 16080837632.00 16091929600.00 16103012352.00 16114081792.00 16125313024.00 16136439808.00 16147570688.00 16158578688.00 16169914368.00 16180184064.00 16192331776.00 16203179008.00 16214449152.00 16225373184.00 16236810240.00 16247631872.00 16258993152.00 16270086144.00 16281201664.00 
16292070400.00 16303561728.00 16314664960.00 16325781504.00 16336786432.00 16347969536.00 16359109632.00 16370457600.00 16381418496.00 16392592384.00 16403568640.00 16414878720.00 16425747456.00 16437087232.00 16448330752.00 16459013120.00 16470473728.00 16481696768.00 16492728320.00 16504035328.00 
16514413568.00 16526175232.00 16537321472.00 16548529152.00 16559633408.00 16570676224.00 16581884928.00 16592978944.00 16603898880.00 16615278592.00 16626225152.00 16637542400.00 16648564736.00 16659813376.00 16670951424.00 16681964544.00 16692995072.00 16704144384.00 16715195392.00 16726017024.00 
16729444352.00 16749642752.00 16760406016.00 16771443712.00 16782268416.00 16793566208.00 16804712448.00 16815841280.00 16826915840.00 16838116352.00 16849082368.00 16860326912.00 16871360512.00 16882613248.00 16893718528.00 16904777728.00 16915969024.00 16927116288.00 16938277888.00 16949544960.00 
16959233024.00 16971708416.00 16982793216.00 16993957888.00 17005159424.00 17015842816.00 17027338240.00 17038488576.00 17049509888.00 17060711424.00 17071819776.00 17083072512.00 17094175744.00 17105340416.00 17116477440.00 17127566336.00 17138471936.00 17149809664.00 17160855552.00 17172235264.00 
17182990336.00 17194571776.00 17205553152.00 17216739328.00 17227708416.00 17238855680.00 17250091008.00 17261203456.00 17272279040.00 17283444736.00 17293793280.00 17305542656.00 17316646912.00 17328017408.00 17339097088.00 17350012928.00 17361684480.00 17372659712.00 17383737344.00 17394878464.00 
17405358080.00 17417398272.00 17428252672.00 17439397888.00 17450485760.00 17461534720.00 17472790528.00 17483843584.00 17494841344.00 17506209792.00 17517172736.00 17528397824.00 17539661824.00 17550759936.00 17561880576.00 17572638720.00 17584080896.00 17595332608.00 17606447104.00 17618137088.00 
17628393472.00 17639864320.00 17650954240.00 17662074880.00 17673007104.00 17684357120.00 17695440896.00 17706670080.00 17717710848.00 17728884736.00 17739902976.00 17751218176.00 17762197504.00 17773461504.00 17784571904.00 17795647488.00 17806761984.00 17817874432.00 17828954112.00 17839888384.00 
17844781056.00 17863024640.00 17873907712.00 17885020160.00 17896046592.00 17907144704.00 17918267392.00 17929416704.00 17940475904.00 17951692800.00 17962702848.00 17973891072.00 17985069056.00 17996341248.00 18007261184.00 18018412544.00 18029387776.00 18040545280.00 18051926016.00 18062536704.00 
18073866240.00 18085312512.00 18096441344.00 18107545600.00 18118574080.00 18127788032.00 18140968960.00 18152148992.00 18163263488.00 18174386176.00 18185424896.00 18196680704.00 18207553536.00 18218907648.00 18230052864.00 18241097728.00 18252062720.00 18263619584.00 18274646016.00 18285766656.00 
18296248320.00 18307758080.00 18319134720.00 18330374144.00 18341390336.00 18352515072.00 18363656192.00 18374207488.00 18385756160.00 18397093888.00 18407438336.00 18419326976.00 18430353408.00 18441668608.00 18452785152.00 18463782912.00 18474950656.00 18486132736.00 18497310720.00 18508453888.00 
18519271424.00 18530555904.00 18541869056.00 18552946688.00 18563819520.00 18575073280.00 18585968640.00 18598481920.00 18608877568.00 18619975680.00 18630922240.00 18642206720.00 18653161472.00 18664388608.00 18675519488.00 18686285824.00 18697781248.00 18708930560.00 18720090112.00 18731096064.00 
18741020672.00 18753495040.00 18764607488.00 18775750656.00 18786705408.00 18797973504.00 18809116672.00 18820265984.00 18831314944.00 18842613760.00 18853537792.00 18864799744.00 18875740160.00 18887184384.00 18898268160.00 18909339648.00 18920269824.00 18931982336.00 18942748672.00 18953949184.00 
18963396608.00 18976241664.00 18987292672.00 18998480896.00 19009523712.00 19020668928.00 19031904256.00 19042930688.00 19054075904.00 19065241600.00 19076233216.00 19087515648.00 19098378240.00 19109640192.00 19120175104.00 19132329984.00 19143307264.00 19154481152.00 19165564928.00 19176587264.00 
19187163136.00 19199019008.00 19210020864.00 19221200896.00 19232225280.00 19243071488.00 19254540288.00 19265642496.00 19276642304.00 19288025088.00 19299010560.00 19310327808.00 19321352192.00 19332431872.00 19343745024.00 19354791936.00 19365853184.00 19377102848.00 19388221440.00 19399221248.00 
19410210816.00 19421571072.00 19432906752.00 19443906560.00 19454808064.00 19466115072.00 19477202944.00 19488442368.00 19499458560.00 19510591488.00 19517691904.00 19533121536.00 19544086528.00 19555297280.00 19566397440.00 19577477120.00 19588614144.00 19599728640.00 19610955776.00 19622051840.00 
19631923200.00 19644319744.00 19655546880.00 19666618368.00 19677704192.00 19688945664.00 19700049920.00 19711270912.00 19722188800.00 19733407744.00 19744446464.00 19755765760.00 19766792192.00 19777992704.00 19789092864.00 19799814144.00 19811090432.00 19822360576.00 19834257408.00 19844880384.00 
19855691776.00 19867115520.00 19878238208.00 19889369088.00 19900403712.00 19911583744.00 19922782208.00 19933904896.00 19944996864.00 19956144128.00 19967223808.00 19978418176.00 19989344256.00 20000604160.00 20011847680.00 20022949888.00 20034103296.00 20045240320.00 20056373248.00 20067479552.00 
20075337728.00 20089950208.00 20101019648.00 20112089088.00 20123207680.00 20134332416.00 20145459200.00 20156602368.00 20167518208.00 20178874368.00 20189937664.00 20201175040.00 20212291584.00 20223451136.00 20234651648.00 20245618688.00 20256694272.00 20267991040.00 20278599680.00 20290328576.00 
20301094912.00 20312543232.00 20323667968.00 20334716928.00 20345704448.00 20356677632.00 20367964160.00 20379357184.00 20390453248.00 20401641472.00 20412585984.00 20424001536.00 20434872320.00 20445929472.00 20457379840.00 20468371456.00 20479490048.00 20490721280.00 20501860352.00 20512976896.00 
20522778624.00 20535228416.00 20546283520.00 20557457408.00 20568610816.00 20579692544.00 20590493696.00 20602175488.00 20613083136.00 20624291840.00 20634652672.00 20646584320.00 20657762304.00 20668905472.00 20679985152.00 20691046400.00 20701995008.00 20713048064.00 20724592640.00 20735737856.00 
20746522624.00 20757932032.00 20768911360.00 20780087296.00 20791236608.00 20802410496.00 20813561856.00 20824911872.00 20835899392.00 20847073280.00 20858044416.00 20869668864.00 20880220160.00 20891402240.00 20902651904.00 20911808512.00 20924999680.00 20936165376.00 20947224576.00 20958425088.00 
20968876032.00 20980680704.00 20991705088.00 21003003904.00 21014003712.00 21025134592.00 21036337152.00 21047447552.00 21058340864.00 21070055424.00 21080756224.00 21092063232.00 21103185920.00 21114290176.00 21125398528.00 21136605184.00 21147576320.00 21158877184.00 21169979392.00 21181177856.00 
21190592512.00 21203507200.00 21214498816.00 21225635840.00 21236525056.00 21247936512.00 21259065344.00 21270419456.00 21281232896.00 21292249088.00 21303449600.00 21314719744.00 21325733888.00 21336522752.00 21348157440.00 21359245312.00 21370349568.00 21381593088.00 21392640000.00 21403817984.00 
21413609472.00 21426071552.00 21437192192.00 21448144896.00 21459419136.00 21470208000.00 21481910272.00 21492822016.00 21503889408.00 21515206656.00 21526136832.00 21537050624.00 21548496896.00 21559668736.00 21570803712.00 21581871104.00 21592848384.00 21604132864.00 21615374336.00 21626486784.00 
21637312512.00 21648701440.00 21659811840.00 21671073792.00 21682042880.00 21693249536.00 21704527872.00 21715539968.00 21726603264.00 21737863168.00 21748117504.00 21760043008.00 21770977280.00 21782360064.00 21793425408.00 21804537856.00 21815662592.00 21826994176.00 21837985792.00 21849122816.00 
21859579904.00 21871368192.00 21882484736.00 21893742592.00 21904742400.00 21915881472.00 21927008256.00 21938180096.00 21949001728.00 21960452096.00 21971363840.00 21982535680.00 21993732096.00 22004979712.00 22015928320.00 22026725376.00 22038155264.00 22049251328.00 22060441600.00 22071609344.00 
22082408448.00 22093832192.00 22104926208.00 22115981312.00 22126845952.00 22138142720.00 22149234688.00 22160332800.00 22171392000.00 22182451200.00 22193356800.00 22204504064.00 22215372800.00 22226452480.00 22237331456.00 22247979008.00 22258634752.00 22268864512.00 22278187008.00 22283704320.00 
end   dump: w
==END   DUMP_ARRAYS==
Time in seconds = 0.083422
