Sender: LSF System <lsfadmin@polus-c3-ib.bmc.hpc.cs.msu.ru>
Subject: Job 493765: <./large.o> in cluster <MSUCluster> Done

Job <./large.o> was submitted from host <polus-ib.bmc.hpc.cs.msu.ru> by user <edu-cmc-skpod19-328-11> in cluster <MSUCluster> at Fri Nov 29 23:37:30 2019
Job was executed on host(s) <4*polus-c3-ib.bmc.hpc.cs.msu.ru>, in queue <short>, as user <edu-cmc-skpod19-328-11> in cluster <MSUCluster> at Fri Nov 29 23:38:47 2019
</home_edu/edu-cmc-skpod19-328/edu-cmc-skpod19-328-11> was used as the home directory.
</home_edu/edu-cmc-skpod19-328/edu-cmc-skpod19-328-11/dep_gemver> was used as the working directory.
Started at Fri Nov 29 23:38:47 2019
Terminated at Fri Nov 29 23:38:48 2019
Results reported at Fri Nov 29 23:38:48 2019

Your job looked like:

------------------------------------------------------------
# LSBATCH: User input
./large.o
------------------------------------------------------------

Successfully completed.

Resource usage summary:

    CPU time :                                   8.51 sec.
    Max Memory :                                 1 MB
    Average Memory :                             1.00 MB
    Total Requested Memory :                     -
    Delta Memory :                               -
    Max Swap :                                   -
    Max Processes :                              1
    Max Threads :                                1
    Run time :                                   1 sec.
    Turnaround time :                            78 sec.

The output (if any) follows:

==BEGIN DUMP_ARRAYS==
begin dump: w
0.00 0.00 0.00 0.00 0.00 0.00 0.00 0.00 0.00 0.00 0.00 0.00 0.00 0.00 0.00 0.00 0.00 0.00 0.00 0.00 
0.00 0.00 0.00 0.00 0.00 0.00 0.00 0.00 0.00 0.00 0.00 0.00 0.00 0.00 0.00 0.00 0.00 0.00 0.00 0.00 
0.00 0.00 0.00 0.00 0.00 0.00 0.00 0.00 0.00 0.00 0.00 0.00 0.00 0.00 0.00 0.00 0.00 0.00 0.00 0.00 
0.00 0.00 0.00 0.00 0.00 0.00 0.00 0.00 0.00 0.00 0.00 0.00 0.00 0.00 0.00 0.00 0.00 0.00 0.00 0.00 
0.00 0.00 0.00 0.00 0.00 0.00 0.00 0.00 0.00 0.00 0.00 0.00 0.00 0.00 0.00 0.00 0.00 0.00 0.00 0.00 
0.00 0.00 0.00 0.00 0.00 0.00 0.00 0.00 0.00 0.00 0.00 0.00 0.00 0.00 0.00 0.00 0.00 0.00 0.00 0.00 
0.00 0.00 0.00 0.00 0.00 0.00 0.00 0.00 0.00 0.00 0.00 0.00 0.00 0.00 0.00 0.00 0.00 0.00 0.00 0.00 
0.00 0.00 0.00 0.00 0.00 0.00 0.00 0.00 0.00 0.00 0.00 0.00 0.00 0.00 0.00 0.00 0.00 0.00 0.00 0.00 
0.00 0.00 0.00 0.00 0.00 0.00 0.00 0.00 0.00 0.00 0.00 0.00 0.00 0.00 0.00 0.00 0.00 0.00 0.00 0.00 
0.00 0.00 0.00 0.00 0.00 0.00 0.00 0.00 0.00 0.00 0.00 0.00 0.00 0.00 0.00 0.00 0.00 0.00 0.00 0.00 
0.00 0.00 0.00 0.00 0.00 0.00 0.00 0.00 0.00 0.00 0.00 0.00 0.00 0.00 0.00 0.00 0.00 0.00 0.00 0.00 
0.00 0.00 0.00 0.00 0.00 0.00 0.00 0.00 0.00 0.00 0.00 0.00 0.00 0.00 0.00 0.00 0.00 0.00 0.00 0.00 
0.00 0.00 0.00 0.00 0.00 0.00 0.00 0.00 0.00 0.00 0.00 0.00 0.00 0.00 0.00 0.00 0.00 0.00 0.00 0.00 
0.00 0.00 0.00 0.00 0.00 0.00 0.00 0.00 0.00 0.00 0.00 0.00 0.00 0.00 0.00 0.00 0.00 0.00 0.00 0.00 
0.00 0.00 0.00 0.00 0.00 0.00 0.00 0.00 0.00 0.00 0.00 0.00 0.00 0.00 0.00 0.00 0.00 0.00 0.00 0.00 
0.00 0.00 0.00 0.00 0.00 0.00 0.00 0.00 0.00 0.00 0.00 0.00 0.00 0.00 0.00 0.00 0.00 0.00 0.00 0.00 
0.00 0.00 0.00 0.00 0.00 0.00 0.00 0.00 0.00 0.00 0.00 0.00 0.00 0.00 0.00 0.00 0.00 0.00 0.00 0.00 
0.00 0.00 0.00 0.00 0.00 0.00 0.00 0.00 0.00 0.00 0.00 0.00 0.00 0.00 0.00 0.00 0.00 0.00 0.00 0.00 
0.00 0.00 0.00 0.00 0.00 0.00 0.00 0.00 0.00 0.00 0.00 0.00 0.00 0.00 0.00 0.00 0.00 0.00 0.00 0.00 
0.00 0.00 0.00 0.00 0.00 0.00 0.00 0.00 0.00 0.00 0.00 0.00 0.00 0.00 0.00 0.00 0.00 0.00 0.00 0.00 
0.00 0.00 0.00 0.00 0.00 0.00 0.00 0.00 0.00 0.00 0.00 0.00 0.00 0.00 0.00 0.00 0.00 0.00 0.00 0.00 
0.00 0.00 0.00 0.00 0.00 0.00 0.00 0.00 0.00 0.00 0.00 0.00 0.00 0.00 0.00 0.00 0.00 0.00 0.00 0.00 
0.00 0.00 0.00 0.00 0.00 0.00 0.00 0.00 0.00 0.00 0.00 0.00 0.00 0.00 0.00 0.00 0.00 0.00 0.00 0.00 
0.00 0.00 0.00 0.00 0.00 0.00 0.00 0.00 0.00 0.00 0.00 0.00 0.00 0.00 0.00 0.00 0.00 0.00 0.00 0.00 
0.00 0.00 0.00 0.00 0.00 0.00 0.00 0.00 0.00 0.00 0.00 0.00 0.00 0.00 0.00 0.00 0.00 0.00 0.00 0.00 
0.00 0.00 0.00 0.00 0.00 0.00 0.00 0.00 0.00 0.00 0.00 0.00 0.00 0.00 0.00 0.00 0.00 0.00 0.00 0.00 
0.00 0.00 0.00 0.00 0.00 0.00 0.00 0.00 0.00 0.00 0.00 0.00 0.00 0.00 0.00 0.00 0.00 0.00 0.00 0.00 
0.00 0.00 0.00 0.00 0.00 0.00 0.00 0.00 0.00 0.00 0.00 0.00 0.00 0.00 0.00 0.00 0.00 0.00 0.00 0.00 
0.00 0.00 0.00 0.00 0.00 0.00 0.00 0.00 0.00 0.00 0.00 0.00 0.00 0.00 0.00 0.00 0.00 0.00 0.00 0.00 
0.00 0.00 0.00 0.00 0.00 0.00 0.00 0.00 0.00 0.00 0.00 0.00 0.00 0.00 0.00 0.00 0.00 0.00 0.00 0.00 
0.00 0.00 0.00 0.00 0.00 0.00 0.00 0.00 0.00 0.00 0.00 0.00 0.00 0.00 0.00 0.00 0.00 0.00 0.00 0.00 
0.00 0.00 0.00 0.00 0.00 0.00 0.00 0.00 0.00 0.00 0.00 0.00 0.00 0.00 0.00 0.00 0.00 0.00 0.00 0.00 
0.00 0.00 0.00 0.00 0.00 0.00 0.00 0.00 0.00 0.00 0.00 0.00 0.00 0.00 0.00 0.00 0.00 0.00 0.00 0.00 
0.00 0.00 0.00 0.00 0.00 0.00 0.00 0.00 0.00 0.00 0.00 0.00 0.00 0.00 0.00 0.00 0.00 0.00 0.00 0.00 
0.00 0.00 0.00 0.00 0.00 0.00 0.00 0.00 0.00 0.00 0.00 0.00 0.00 0.00 0.00 0.00 0.00 0.00 0.00 0.00 
0.00 0.00 0.00 0.00 0.00 0.00 0.00 0.00 0.00 0.00 0.00 0.00 0.00 0.00 0.00 0.00 0.00 0.00 0.00 0.00 
0.00 0.00 0.00 0.00 0.00 0.00 0.00 0.00 0.00 0.00 0.00 0.00 0.00 0.00 0.00 0.00 0.00 0.00 0.00 0.00 
0.00 0.00 0.00 0.00 0.00 0.00 0.00 0.00 0.00 0.00 0.00 0.00 0.00 0.00 0.00 0.00 0.00 0.00 0.00 0.00 
0.00 0.00 0.00 0.00 0.00 0.00 0.00 0.00 0.00 0.00 0.00 0.00 0.00 0.00 0.00 0.00 0.00 0.00 0.00 0.00 
0.00 0.00 0.00 0.00 0.00 0.00 0.00 0.00 0.00 0.00 0.00 0.00 0.00 0.00 0.00 0.00 0.00 0.00 0.00 0.00 
0.00 0.00 0.00 0.00 0.00 0.00 0.00 0.00 0.00 0.00 0.00 0.00 0.00 0.00 0.00 0.00 0.00 0.00 0.00 0.00 
0.00 0.00 0.00 0.00 0.00 0.00 0.00 0.00 0.00 0.00 0.00 0.00 0.00 0.00 0.00 0.00 0.00 0.00 0.00 0.00 
0.00 0.00 0.00 0.00 0.00 0.00 0.00 0.00 0.00 0.00 0.00 0.00 0.00 0.00 0.00 0.00 0.00 0.00 0.00 0.00 
0.00 0.00 0.00 0.00 0.00 0.00 0.00 0.00 0.00 0.00 0.00 0.00 0.00 0.00 0.00 0.00 0.00 0.00 0.00 0.00 
0.00 0.00 0.00 0.00 0.00 0.00 0.00 0.00 0.00 0.00 0.00 0.00 0.00 0.00 0.00 0.00 0.00 0.00 0.00 0.00 
0.00 0.00 0.00 0.00 0.00 0.00 0.00 0.00 0.00 0.00 0.00 0.00 0.00 0.00 0.00 0.00 0.00 0.00 0.00 0.00 
0.00 0.00 0.00 0.00 0.00 0.00 0.00 0.00 0.00 0.00 0.00 0.00 0.00 0.00 0.00 0.00 0.00 0.00 0.00 0.00 
0.00 0.00 0.00 0.00 0.00 0.00 0.00 0.00 0.00 0.00 0.00 0.00 0.00 0.00 0.00 0.00 0.00 0.00 0.00 0.00 
0.00 0.00 0.00 0.00 0.00 0.00 0.00 0.00 0.00 0.00 0.00 0.00 0.00 0.00 0.00 0.00 0.00 0.00 0.00 0.00 
0.00 0.00 0.00 0.00 0.00 0.00 0.00 0.00 0.00 0.00 0.00 0.00 0.00 0.00 0.00 0.00 0.00 0.00 0.00 0.00 
0.00 0.00 0.00 0.00 0.00 0.00 0.00 0.00 0.00 0.00 0.00 0.00 0.00 0.00 0.00 0.00 0.00 0.00 0.00 0.00 
0.00 0.00 0.00 0.00 0.00 0.00 0.00 0.00 0.00 0.00 0.00 0.00 0.00 0.00 0.00 0.00 0.00 0.00 0.00 0.00 
0.00 0.00 0.00 0.00 0.00 0.00 0.00 0.00 0.00 0.00 0.00 0.00 0.00 0.00 0.00 0.00 0.00 0.00 0.00 0.00 
0.00 0.00 0.00 0.00 0.00 0.00 0.00 0.00 0.00 0.00 0.00 0.00 0.00 0.00 0.00 0.00 0.00 0.00 0.00 0.00 
0.00 0.00 0.00 0.00 0.00 0.00 0.00 0.00 0.00 0.00 0.00 0.00 0.00 0.00 0.00 0.00 0.00 0.00 0.00 0.00 
0.00 0.00 0.00 0.00 0.00 0.00 0.00 0.00 0.00 0.00 0.00 0.00 0.00 0.00 0.00 0.00 0.00 0.00 0.00 0.00 
0.00 0.00 0.00 0.00 0.00 0.00 0.00 0.00 0.00 0.00 0.00 0.00 0.00 0.00 0.00 0.00 0.00 0.00 0.00 0.00 
0.00 0.00 0.00 0.00 0.00 0.00 0.00 0.00 0.00 0.00 0.00 0.00 0.00 0.00 0.00 0.00 0.00 0.00 0.00 0.00 
0.00 0.00 0.00 0.00 0.00 0.00 0.00 0.00 0.00 0.00 0.00 0.00 0.00 0.00 0.00 0.00 0.00 0.00 0.00 0.00 
0.00 0.00 0.00 0.00 0.00 0.00 0.00 0.00 0.00 0.00 0.00 0.00 0.00 0.00 0.00 0.00 0.00 0.00 0.00 0.00 
0.00 0.00 0.00 0.00 0.00 0.00 0.00 0.00 0.00 0.00 0.00 0.00 0.00 0.00 0.00 0.00 0.00 0.00 0.00 0.00 
0.00 0.00 0.00 0.00 0.00 0.00 0.00 0.00 0.00 0.00 0.00 0.00 0.00 0.00 0.00 0.00 0.00 0.00 0.00 0.00 
0.00 0.00 0.00 0.00 0.00 0.00 0.00 0.00 0.00 0.00 0.00 0.00 0.00 0.00 0.00 0.00 0.00 0.00 0.00 0.00 
0.00 0.00 0.00 0.00 0.00 0.00 0.00 0.00 0.00 0.00 0.00 0.00 0.00 0.00 0.00 0.00 0.00 0.00 0.00 0.00 
0.00 0.00 0.00 0.00 0.00 0.00 0.00 0.00 0.00 0.00 0.00 0.00 0.00 0.00 0.00 0.00 0.00 0.00 0.00 0.00 
0.00 0.00 0.00 0.00 0.00 0.00 0.00 0.00 0.00 0.00 0.00 0.00 0.00 0.00 0.00 0.00 0.00 0.00 0.00 0.00 
0.00 0.00 0.00 0.00 0.00 0.00 0.00 0.00 0.00 0.00 0.00 0.00 0.00 0.00 0.00 0.00 0.00 0.00 0.00 0.00 
0.00 0.00 0.00 0.00 0.00 0.00 0.00 0.00 0.00 0.00 0.00 0.00 0.00 0.00 0.00 0.00 0.00 0.00 0.00 0.00 
0.00 0.00 0.00 0.00 0.00 0.00 0.00 0.00 0.00 0.00 0.00 0.00 0.00 0.00 0.00 0.00 0.00 0.00 0.00 0.00 
0.00 0.00 0.00 0.00 0.00 0.00 0.00 0.00 0.00 0.00 0.00 0.00 0.00 0.00 0.00 0.00 0.00 0.00 0.00 0.00 
0.00 0.00 0.00 0.00 0.00 0.00 0.00 0.00 0.00 0.00 0.00 0.00 0.00 0.00 0.00 0.00 0.00 0.00 0.00 0.00 
0.00 0.00 0.00 0.00 0.00 0.00 0.00 0.00 0.00 0.00 0.00 0.00 0.00 0.00 0.00 0.00 0.00 0.00 0.00 0.00 
0.00 0.00 0.00 0.00 0.00 0.00 0.00 0.00 0.00 0.00 0.00 0.00 0.00 0.00 0.00 0.00 0.00 0.00 0.00 0.00 
0.00 0.00 0.00 0.00 0.00 0.00 0.00 0.00 0.00 0.00 0.00 0.00 0.00 0.00 0.00 0.00 0.00 0.00 0.00 0.00 
0.00 0.00 0.00 0.00 0.00 0.00 0.00 0.00 0.00 0.00 0.00 0.00 0.00 0.00 0.00 0.00 0.00 0.00 0.00 0.00 
0.00 0.00 0.00 0.00 0.00 0.00 0.00 0.00 0.00 0.00 0.00 0.00 0.00 0.00 0.00 0.00 0.00 0.00 0.00 0.00 
0.00 0.00 0.00 0.00 0.00 0.00 0.00 0.00 0.00 0.00 0.00 0.00 0.00 0.00 0.00 0.00 0.00 0.00 0.00 0.00 
0.00 0.00 0.00 0.00 0.00 0.00 0.00 0.00 0.00 0.00 0.00 0.00 0.00 0.00 0.00 0.00 0.00 0.00 0.00 0.00 
0.00 0.00 0.00 0.00 0.00 0.00 0.00 0.00 0.00 0.00 0.00 0.00 0.00 0.00 0.00 0.00 0.00 0.00 0.00 0.00 
0.00 0.00 0.00 0.00 0.00 0.00 0.00 0.00 0.00 0.00 0.00 0.00 0.00 0.00 0.00 0.00 0.00 0.00 0.00 0.00 
0.00 0.00 0.00 0.00 0.00 0.00 0.00 0.00 0.00 0.00 0.00 0.00 0.00 0.00 0.00 0.00 0.00 0.00 0.00 0.00 
0.00 0.00 0.00 0.00 0.00 0.00 0.00 0.00 0.00 0.00 0.00 0.00 0.00 0.00 0.00 0.00 0.00 0.00 0.00 0.00 
0.00 0.00 0.00 0.00 0.00 0.00 0.00 0.00 0.00 0.00 0.00 0.00 0.00 0.00 0.00 0.00 0.00 0.00 0.00 0.00 
0.00 0.00 0.00 0.00 0.00 0.00 0.00 0.00 0.00 0.00 0.00 0.00 0.00 0.00 0.00 0.00 0.00 0.00 0.00 0.00 
0.00 0.00 0.00 0.00 0.00 0.00 0.00 0.00 0.00 0.00 0.00 0.00 0.00 0.00 0.00 0.00 0.00 0.00 0.00 0.00 
0.00 0.00 0.00 0.00 0.00 0.00 0.00 0.00 0.00 0.00 0.00 0.00 0.00 0.00 0.00 0.00 0.00 0.00 0.00 0.00 
0.00 0.00 0.00 0.00 0.00 0.00 0.00 0.00 0.00 0.00 0.00 0.00 0.00 0.00 0.00 0.00 0.00 0.00 0.00 0.00 
0.00 0.00 0.00 0.00 0.00 0.00 0.00 0.00 0.00 0.00 0.00 0.00 0.00 0.00 0.00 0.00 0.00 0.00 0.00 0.00 
0.00 0.00 0.00 0.00 0.00 0.00 0.00 0.00 0.00 0.00 0.00 0.00 0.00 0.00 0.00 0.00 0.00 0.00 0.00 0.00 
0.00 0.00 0.00 0.00 0.00 0.00 0.00 0.00 0.00 0.00 0.00 0.00 0.00 0.00 0.00 0.00 0.00 0.00 0.00 0.00 
0.00 0.00 0.00 0.00 0.00 0.00 0.00 0.00 0.00 0.00 0.00 0.00 0.00 0.00 0.00 0.00 0.00 0.00 0.00 0.00 
0.00 0.00 0.00 0.00 0.00 0.00 0.00 0.00 0.00 0.00 0.00 0.00 0.00 0.00 0.00 0.00 0.00 0.00 0.00 0.00 
0.00 0.00 0.00 0.00 0.00 0.00 0.00 0.00 0.00 0.00 0.00 0.00 0.00 0.00 0.00 0.00 0.00 0.00 0.00 0.00 
0.00 0.00 0.00 0.00 0.00 0.00 0.00 0.00 0.00 0.00 0.00 0.00 0.00 0.00 0.00 0.00 0.00 0.00 0.00 0.00 
0.00 0.00 0.00 0.00 0.00 0.00 0.00 0.00 0.00 0.00 0.00 0.00 0.00 0.00 0.00 0.00 0.00 0.00 0.00 0.00 
0.00 0.00 0.00 0.00 0.00 0.00 0.00 0.00 0.00 0.00 0.00 0.00 0.00 0.00 0.00 0.00 0.00 0.00 0.00 0.00 
0.00 0.00 0.00 0.00 0.00 0.00 0.00 0.00 0.00 0.00 0.00 0.00 0.00 0.00 0.00 0.00 0.00 0.00 0.00 0.00 
0.00 0.00 0.00 0.00 0.00 0.00 0.00 0.00 0.00 0.00 0.00 0.00 0.00 0.00 0.00 0.00 0.00 0.00 0.00 0.00 
0.00 0.00 0.00 0.00 0.00 0.00 0.00 0.00 0.00 0.00 0.00 0.00 0.00 0.00 0.00 0.00 0.00 0.00 0.00 0.00 
0.00 0.00 0.00 0.00 0.00 0.00 0.00 0.00 0.00 0.00 0.00 0.00 0.00 0.00 0.00 0.00 0.00 0.00 0.00 0.00 
end   dump: w
==END   DUMP_ARRAYS==
==BEGIN DUMP_ARRAYS==
begin dump: w
1843.81 55284784.00 60682752.00 70048888.00 80044672.00 90639008.00 101351608.00 112174240.00 122868352.00 133926992.00 144743280.00 155871360.00 166793776.00 177820576.00 188816272.00 199777568.00 210584144.00 221877232.00 232852848.00 243888416.00 
254657808.00 265991376.00 277057568.00 288184224.00 299013920.00 309783840.00 321281856.00 332204864.00 343275008.00 354524064.00 365295264.00 376398144.00 387279520.00 398568512.00 409633408.00 420612672.00 431697088.00 442720800.00 453859328.00 464939136.00 
475328032.00 487024992.00 498074560.00 509057312.00 520178368.00 531217216.00 542351808.00 553370688.00 564229568.00 575541696.00 585770176.00 597602240.00 608660096.00 619777728.00 630668480.00 641793728.00 652813312.00 663941760.00 675101312.00 686173312.00 
696864384.00 708246144.00 719236800.00 730445440.00 741171072.00 752437248.00 763544064.00 774659904.00 785619328.00 797095744.00 807639104.00 818789056.00 829825728.00 841050432.00 851850112.00 862722752.00 874136768.00 885432064.00 896307648.00 907384128.00 
917126976.00 929519936.00 940539648.00 951586176.00 962636096.00 973641280.00 984737664.00 996337088.00 1006822464.00 1018029696.00 1028902912.00 1040348160.00 1051162688.00 1062006080.00 1073281344.00 1084222720.00 1095214208.00 1106525952.00 1117549056.00 1128520064.00 
1138057984.00 1150672768.00 1161796864.00 1172857088.00 1183831296.00 1194852608.00 1206092544.00 1217163264.00 1228100096.00 1239229312.00 1250165376.00 1261101696.00 1272235648.00 1283566976.00 1294567680.00 1305593984.00 1316679168.00 1327732864.00 1338921856.00 1349886848.00 
1360327424.00 1372021248.00 1383105792.00 1394130944.00 1405133440.00 1414206976.00 1427401984.00 1438590976.00 1449235456.00 1460214784.00 1471469568.00 1482628736.00 1493672320.00 1504672128.00 1515918208.00 1526885632.00 1537883008.00 1549198848.00 1560281984.00 1571222400.00 
1581937408.00 1593290880.00 1604296960.00 1615826304.00 1626297600.00 1637533952.00 1648646272.00 1659676160.00 1670634880.00 1681862912.00 1692084352.00 1704002816.00 1714892672.00 1725968896.00 1737534592.00 1748190592.00 1759240192.00 1770393600.00 1781453184.00 1792500224.00 
1802228480.00 1814609792.00 1825614336.00 1836719488.00 1847760256.00 1858772224.00 1869800320.00 1881217152.00 1891973376.00 1902998144.00 1914031104.00 1925220480.00 1936246528.00 1947358336.00 1958638592.00 1969102208.00 1980307840.00 1991711872.00 2002673920.00 2013735680.00 
2024473600.00 2035829376.00 2047418496.00 2058019968.00 2068996992.00 2080088192.00 2091088512.00 2102274944.00 2113275008.00 2124413440.00 2135275264.00 2146546048.00 2157347072.00 2168686336.00 2179709952.00 2190669568.00 2201750528.00 2212891392.00 2223884288.00 2234910464.00 
2242801152.00 2257238528.00 2268227584.00 2279336448.00 2290293248.00 2301332736.00 2312479488.00 2323682304.00 2334384384.00 2345726720.00 2356568064.00 2367863552.00 2378841600.00 2389948416.00 2400972800.00 2412001024.00 2422995968.00 2434210048.00 2445217024.00 2456307968.00 
2467037440.00 2478417920.00 2488921344.00 2500781056.00 2511462912.00 2522360576.00 2533801984.00 2544861696.00 2555868416.00 2566927872.00 2577889536.00 2589148416.00 2600065792.00 2611148800.00 2622268160.00 2633186560.00 2644417024.00 2655503616.00 2666495232.00 2677679104.00 
2687374592.00 2699781632.00 2710788096.00 2721966848.00 2732935424.00 2743962368.00 2755049728.00 2766115584.00 2777023232.00 2788153600.00 2795236608.00 2810542592.00 2821493504.00 2832553728.00 2843677952.00 2854605568.00 2865483008.00 2876793856.00 2887679488.00 2898986496.00 
2909668864.00 2921191168.00 2932094464.00 2943159552.00 2954104832.00 2965207296.00 2976272896.00 2987555328.00 2998457088.00 3009515264.00 3020464896.00 3031667712.00 3042478848.00 3053903104.00 3064928000.00 3075539456.00 3087036160.00 3098087936.00 3109142784.00 3120121856.00 
3130602496.00 3142381056.00 3153316608.00 3164364288.00 3175367168.00 3186221568.00 3198405888.00 3208912896.00 3219619840.00 3230909184.00 3241814272.00 3253036288.00 3264029952.00 3275179776.00 3286106880.00 3297158144.00 3308162560.00 3319365376.00 3330452992.00 3341469184.00 
3350924032.00 3363617792.00 3374702336.00 3385435648.00 3396561920.00 3407791360.00 3418899456.00 3429947136.00 3441222656.00 3452180480.00 3463068416.00 3474234368.00 3485218560.00 3496433664.00 3507453184.00 3518449920.00 3529675776.00 3540640512.00 3551695872.00 3562778368.00 
3572538624.00 3585035520.00 3595947008.00 3607056128.00 3618032640.00 3628754944.00 3640210432.00 3651297024.00 3662223360.00 3673340672.00 3684277248.00 3695438592.00 3706372608.00 3716801536.00 3729185280.00 3739930112.00 3750740992.00 3762044160.00 3772995584.00 3784285440.00 
3794861056.00 3806235648.00 3817272320.00 3828408832.00 3839291648.00 3850475264.00 3861527808.00 3872586752.00 3883725824.00 3894795264.00 3904983552.00 3916875008.00 3927657216.00 3939629568.00 3950093824.00 3961062656.00 3972133888.00 3983174656.00 3994295808.00 4005639680.00 
4015783424.00 4027481344.00 4038515712.00 4049501440.00 4060874496.00 4071755264.00 4082814208.00 4093926144.00 4104713472.00 4115992832.00 4126903808.00 4138156800.00 4149108992.00 4160273152.00 4171319296.00 4180334336.00 4193386496.00 4204557312.00 4215573504.00 4226672128.00 
4237396992.00 4249298432.00 4259804160.00 4271143168.00 4281715712.00 4293001984.00 4304175616.00 4315056128.00 4326163456.00 4337355264.00 4348189696.00 4359417856.00 4370335744.00 4381531136.00 4392584704.00 4403543040.00 4414606336.00 4425673728.00 4436656640.00 4447509504.00 
4452409344.00 4470521344.00 4481337856.00 4492377600.00 4503318528.00 4514340864.00 4525437440.00 4536519680.00 4547454976.00 4558599168.00 4569541120.00 4580797952.00 4591798272.00 4602863104.00 4613985280.00 4624919552.00 4635817472.00 4647176192.00 4658191360.00 4669255168.00 
4680002048.00 4690822144.00 4702422528.00 4713495040.00 4724436480.00 4735240192.00 4746694656.00 4757773824.00 4768708096.00 4780003328.00 4790840832.00 4802027520.00 4812849152.00 4824261120.00 4835209216.00 4846304768.00 4857302016.00 4868408832.00 4879449600.00 4890282496.00 
4900949504.00 4912654336.00 4923698688.00 4934750208.00 4945533952.00 4957102592.00 4968060416.00 4979090432.00 4989894144.00 5001416192.00 5011464192.00 5023365120.00 5034359808.00 5045467136.00 5056489984.00 5067548160.00 5078517248.00 5089646080.00 5100724736.00 5111654912.00 
5122561536.00 5133869568.00 5145136128.00 5156137472.00 5166923776.00 5178127360.00 5189234688.00 5200333312.00 5211319808.00 5222457344.00 5233341440.00 5244685312.00 5255569920.00 5266749440.00 5277805056.00 5288456192.00 5299758592.00 5311000576.00 5322048512.00 5333115904.00 
5342865408.00 5355121152.00 5366297088.00 5377413120.00 5388384768.00 5399477248.00 5410566656.00 5421631488.00 5432563200.00 5443779584.00 5454658048.00 5465844224.00 5476860928.00 5487965696.00 5498989568.00 5509968384.00 5520830464.00 5532074496.00 5543032832.00 5553753088.00 
5557215232.00 5577214976.00 5587934208.00 5598959616.00 5609786880.00 5620861952.00 5631911424.00 5642998784.00 5654056960.00 5665119744.00 5676048384.00 5687255040.00 5698064896.00 5709399552.00 5720391168.00 5731418624.00 5742426624.00 5753550336.00 5764674560.00 5775774208.00 
5786156032.00 5797779456.00 5808985088.00 5819966464.00 5831029248.00 5841711616.00 5853092352.00 5864281600.00 5875068416.00 5886353408.00 5897287168.00 5908512768.00 5919495680.00 5930495488.00 5941737472.00 5952716288.00 5963707392.00 5974892032.00 5985899008.00 5996964352.00 
6007762944.00 6019173888.00 6030176768.00 6041254400.00 6052042240.00 6063143424.00 6074608128.00 6085487616.00 6096590336.00 6107467776.00 6117916160.00 6129744384.00 6140775424.00 6151943680.00 6162958848.00 6173934080.00 6185115136.00 6196220928.00 6207201792.00 6218242560.00 
6228050432.00 6240485888.00 6251488768.00 6262563840.00 6273514496.00 6284597760.00 6295627264.00 6306767872.00 6317731328.00 6328879616.00 6339723264.00 6350562304.00 6362466816.00 6373322240.00 6384337920.00 6394987008.00 6406185472.00 6417540096.00 6428553216.00 6439733760.00 
6450353664.00 6461711872.00 6472770048.00 6483858944.00 6494821376.00 6505912832.00 6517038592.00 6528112128.00 6538978816.00 6550298112.00 6561160192.00 6572423168.00 6583185408.00 6594507776.00 6605533696.00 6616546304.00 6627632640.00 6638595072.00 6649768960.00 6660791296.00 
6668641792.00 6683116544.00 6694109696.00 6705161216.00 6716174848.00 6727222272.00 6738174976.00 6749367808.00 6760207360.00 6771610624.00 6782451712.00 6793613824.00 6804659200.00 6815774720.00 6826796032.00 6837688320.00 6848953344.00 6860028416.00 6871090176.00 6882060288.00 
6892917248.00 6904294400.00 6915317248.00 6926472704.00 6937221632.00 6946488320.00 6959632384.00 6970693120.00 6981706752.00 6992811008.00 7003722752.00 7014899712.00 7025946112.00 7037104128.00 7048082432.00 7059152896.00 7070160896.00 7081332224.00 7092372480.00 7103421952.00 
7113199616.00 7125533184.00 7136669184.00 7147789824.00 7158687744.00 7169693696.00 7180874240.00 7191809536.00 7202902528.00 7214023168.00 7224316928.00 7236172800.00 7247189504.00 7258248704.00 7269368832.00 7280348160.00 7291236352.00 7302484992.00 7313553920.00 7324601344.00 
7335343616.00 7346675200.00 7357706240.00 7368712192.00 7379546112.00 7390352384.00 7400406528.00 7416976896.00 7425195008.00 7435931648.00 7446690304.00 7457818624.00 7468573696.00 7479857152.00 7490888192.00 7501545984.00 7512908800.00 7524039680.00 7535148032.00 7546128896.00 
7556559872.00 7568267776.00 7579325952.00 7590458880.00 7601374208.00 7612444672.00 7623580672.00 7634616320.00 7645432832.00 7656791552.00 7667689984.00 7678916608.00 7689847808.00 7701020160.00 7712060928.00 7723035136.00 7734119936.00 7745316352.00 7756326400.00 7767344128.00 
7776801280.00 7789500928.00 7800578048.00 7811659264.00 7822444032.00 7833669120.00 7845116416.00 7855907840.00 7866916864.00 7878065152.00 7888952832.00 7900125184.00 7911097856.00 7922242560.00 7933142016.00 7944403968.00 7955422720.00 7966730240.00 7977704960.00 7988648960.00 
7998415360.00 8010782720.00 8021820416.00 8032883712.00 8043904000.00 8054619136.00 8066035200.00 8076859904.00 8088231424.00 8099360256.00 8110234112.00 8121454080.00 8132454912.00 8143544320.00 8154616320.00 8165620736.00 8176485376.00 8188006912.00 8198866432.00 8209911296.00 
8220687360.00 8232118784.00 8243147776.00 8254240256.00 8265125376.00 8276225536.00 8287351808.00 8298537984.00 8309426688.00 8320418304.00 8327536128.00 8342883840.00 8353604096.00 8364925440.00 8375912448.00 8386941440.00 8398014976.00 8409124864.00 8420177408.00 8431254528.00 
8441665024.00 8453355008.00 8464668672.00 8475458560.00 8486500864.00 8497575424.00 8508771328.00 8519746048.00 8530536960.00 8541613568.00 8552869888.00 8564045312.00 8575070720.00 8586096128.00 8597153792.00 8607878144.00 8619210752.00 8630371328.00 8641579008.00 8652548096.00 
8663273472.00 8674649088.00 8685673472.00 8696836096.00 8707598336.00 8718828544.00 8729996288.00 8741014528.00 8752107520.00 8763239424.00 8774060032.00 8785299456.00 8796216320.00 8807357440.00 8818418688.00 8829425664.00 8840492032.00 8851631104.00 8862535680.00 8873388032.00 
8878282752.00 8896391168.00 8907212800.00 8918208512.00 8929195008.00 8940216320.00 8951387136.00 8962212864.00 8973327360.00 8984617984.00 8995428352.00 9006676992.00 9017623552.00 9028694016.00 9039813632.00 9050889216.00 9061691392.00 9073005568.00 9083942912.00 9095141376.00 
9105876992.00 9117239296.00 9128306688.00 9139314688.00 9150395392.00 9161116672.00 9172520960.00 9183610880.00 9194667008.00 9205739520.00 9216676864.00 9227901952.00 9238670336.00 9249820672.00 9261157376.00 9272119296.00 9283188736.00 9294248960.00 9305340928.00 9316428800.00 
9326830592.00 9338528768.00 9349309440.00 9360706560.00 9371669504.00 9382714368.00 9393753088.00 9404918784.00 9415732224.00 9427032064.00 9437298688.00 9449101312.00 9460183040.00 9471292416.00 9482324992.00 9493287936.00 9504217088.00 9514014720.00 9526872064.00 9537800192.00 
9548514304.00 9559878656.00 9570875392.00 9581975552.00 9592806400.00 9604079616.00 9615183872.00 9626299392.00 9637271552.00 9648335872.00 9659299840.00 9670566912.00 9681441792.00 9692565504.00 9703625728.00 9712649216.00 9725771776.00 9736824832.00 9747794944.00 9759004672.00 
9768753152.00 9781144576.00 9792181248.00 9803236352.00 9814267904.00 9825307648.00 9836396544.00 9847457792.00 9858328576.00 9870862336.00 9880658944.00 9891851264.00 9902819328.00 9913931776.00 9924944896.00 9935973376.00 9946824704.00 9958175744.00 9969300480.00 9980279808.00 
9989713920.00 10002442240.00 10013558784.00 10024507392.00 10035479552.00 10046607360.00 10057739264.00 10068817920.00 10079757312.00 10089934848.00 10101927936.00 10113127424.00 10123893760.00 10135096320.00 10146227200.00 10157250560.00 10168311808.00 10179512320.00 10190424064.00 10201650176.00 
10211984384.00 10223652864.00 10234731520.00 10244992000.00 10256903168.00 10267567104.00 10279048192.00 10290112512.00 10300893184.00 10312230912.00 10323108864.00 10334259200.00 10345326592.00 10356307968.00 10367566848.00 10378526720.00 10389536768.00 10400716800.00 10411771904.00 10422842368.00 
10433584128.00 10444782592.00 10456057856.00 10467079168.00 10477920256.00 10489164800.00 10500292608.00 10511309824.00 10522409984.00 10533478400.00 10543753216.00 10555616256.00 10566514688.00 10577782784.00 10588800000.00 10599808000.00 10610870272.00 10622040064.00 10633079808.00 10644122624.00 
10653882368.00 10666228736.00 10677238784.00 10688773120.00 10699380736.00 10710421504.00 10721586176.00 10732592128.00 10743606272.00 10754759680.00 10765684736.00 10776841216.00 10787907584.00 10799284224.00 10810025984.00 10820719616.00 10831918080.00 10843241472.00 10854292480.00 10865357824.00 
10876106752.00 10887444480.00 10898520064.00 10909548544.00 10920515584.00 10931599360.00 10942737408.00 10953659392.00 10964815872.00 10975782912.00 10986771456.00 10998041600.00 11008733184.00 11019924480.00 11030936576.00 11041879040.00 11052853248.00 11063727104.00 11074328576.00 11084018688.00 
11081210880.00 11111636992.00 11121297408.00 11131940864.00 11142712320.00 11153637376.00 11164681216.00 11175730176.00 11186427904.00 11197635584.00 11208594432.00 11219878912.00 11230754816.00 11242008576.00 11252882432.00 11263930368.00 11274909696.00 11286111232.00 11297125376.00 11308206080.00 
11318935552.00 11330299904.00 11341344768.00 11352432640.00 11363247104.00 11374146560.00 11385596928.00 11396393984.00 11407655936.00 11418816512.00 11429681152.00 11440903168.00 11451820032.00 11463067648.00 11474039808.00 11485101056.00 11496175616.00 11506890752.00 11518384128.00 11529439232.00 
11539162112.00 11551538176.00 11562553344.00 11573623808.00 11584703488.00 11595703296.00 11606822912.00 11617893376.00 11628920832.00 11640041472.00 11650295808.00 11662186496.00 11673151488.00 11684339712.00 11695330304.00 11706363904.00 11717242880.00 11728588800.00 11739575296.00 11750887424.00 
11761440768.00 11772818432.00 11783847936.00 11794945024.00 11805886464.00 11817007104.00 11828067328.00 11839339520.00 11850234880.00 11861405696.00 11872252928.00 11883430912.00 11894269952.00 11905546240.00 11916584960.00 11927283712.00 11938661376.00 11950666752.00 11960906752.00 11972011008.00 
11982389248.00 11994005504.00 12005207040.00 12016146432.00 12027252736.00 12038286336.00 12049405952.00 12060574720.00 12071276544.00 12082531328.00 12093428736.00 12105732096.00 12115814400.00 12126841856.00 12137888768.00 12148912128.00 12159950848.00 12171150336.00 12182079488.00 12193223680.00 
12202664960.00 12215391232.00 12226339840.00 12237486080.00 12248324096.00 12259547136.00 12270696448.00 12281732096.00 12292737024.00 12303815680.00 12314703872.00 12324800512.00 12337101824.00 12348190720.00 12359231488.00 12370231296.00 12381299712.00 12392425472.00 12403451904.00 12414521344.00 
12424303616.00 12436664320.00 12447840256.00 12458841088.00 12469786624.00 12478877696.00 12492005376.00 12503084032.00 12513991680.00 12525100032.00 12536064000.00 12547331072.00 12558283776.00 12569376768.00 12580438016.00 12591444992.00 12602371072.00 12613697536.00 12624764928.00 12635801600.00 
12646517760.00 12657859584.00 12668770304.00 12681647104.00 12691209216.00 12702239744.00 12713321472.00 12724368384.00 12735377408.00 12746563584.00 12756747264.00 12768622592.00 12779428864.00 12790737920.00 12801874944.00 12812814336.00 12823904256.00 12834956288.00 12846302208.00 12857131008.00 
12867537920.00 12879246336.00 12890277888.00 12901415936.00 12912376832.00 12923393024.00 12934471680.00 12945845248.00 12956492800.00 12967758848.00 12978694144.00 12989924352.00 13000888320.00 13012063232.00 13023117312.00 13033738240.00 13045040128.00 13056347136.00 13067332608.00 13078425600.00 
13089152000.00 13100536832.00 13111686144.00 13122644992.00 13133490176.00 13144644608.00 13155823616.00 13166962688.00 13177940992.00 13188994048.00 13199928320.00 13211048960.00 13222107136.00 13233449984.00 13244253184.00 13255298048.00 13266375680.00 13277444096.00 13288418304.00 13299270656.00 
13304152064.00 13322266624.00 13333096448.00 13344033792.00 13355074560.00 13366103040.00 13377219584.00 13388308480.00 13399213056.00 13410368512.00 13421310976.00 13432428544.00 13443450880.00 13454646272.00 13465636864.00 13476697088.00 13487567872.00 13498832896.00 13509943296.00 13521012736.00 
13531759616.00 13543117824.00 13554057216.00 13565276160.00 13576222720.00 13586990080.00 13598481408.00 13609572352.00 13620498432.00 13631618048.00 13642501120.00 13654053888.00 13664624640.00 13675913216.00 13686854656.00 13697950720.00 13709070336.00 13720196096.00 13730969600.00 13742306304.00 
13752692736.00 13764414464.00 13775452160.00 13786526720.00 13797539840.00 13808586752.00 13819708416.00 13830746112.00 13841555456.00 13852786688.00 13859874816.00 13875247104.00 13886132224.00 13897118720.00 13908270080.00 13919302656.00 13930311680.00 13941420032.00 13952480256.00 13963548672.00 
13974345728.00 13985751040.00 13996776448.00 14007653376.00 14018679808.00 14029905920.00 14041007104.00 14052109312.00 14063102976.00 14074207232.00 14085135360.00 14096297984.00 14107194368.00 14118789120.00 14129586176.00 14140241920.00 14151643136.00 14162776064.00 14173806592.00 14184883200.00 
14194628608.00 14207008768.00 14217928704.00 14228923392.00 14240131072.00 14251118592.00 14262474752.00 14273412096.00 14284335104.00 14295541760.00 14306400256.00 14317591552.00 14328644608.00 14339752960.00 14350510080.00 14361862144.00 14372716544.00 14384015360.00 14395040768.00 14406160384.00 
14415577088.00 14428332032.00 14439297024.00 14450342912.00 14461319168.00 14472492032.00 14483560448.00 14494643200.00 14505713664.00 14516743168.00 14527676416.00 14538868736.00 14549728256.00 14561047552.00 14572041216.00 14583093248.00 14594180096.00 14605203456.00 14616289280.00 14627391488.00 
14637795328.00 14649528320.00 14660473856.00 14671622144.00 14682655744.00 14693307392.00 14704735232.00 14715811840.00 14726587392.00 14737855488.00 14748680192.00 14759724032.00 14770365440.00 14778691584.00 14795213824.00 14805179392.00 14815881216.00 14826957824.00 14837921792.00 14848986112.00 
14859681792.00 14871055360.00 14882085888.00 14893173760.00 14903924736.00 14915177472.00 14926269440.00 14937399296.00 14948371456.00 14959478784.00 14969716736.00 14981635072.00 14992523264.00 15003848704.00 15014753280.00 15025835008.00 15036881920.00 15047865344.00 15058948096.00 15070132224.00 
15079845888.00 15092239360.00 15103257600.00 15114320896.00 15125387264.00 15136379904.00 15147553792.00 15158563840.00 15169486848.00 15180755968.00 15191635968.00 15202854912.00 15213860864.00 15224976384.00 15235987456.00 15245040640.00 15257942016.00 15269191680.00 15280321536.00 15291371520.00 
15302115328.00 15313600512.00 15324528640.00 15335639040.00 15346466816.00 15357830144.00 15368838144.00 15379892224.00 15390903296.00 15402055680.00 15412918272.00 15424046080.00 15434960896.00 15446293504.00 15457451008.00 15468300288.00 15479378944.00 15490506752.00 15501520896.00 15512550400.00 
15520402432.00 15534866432.00 15545856000.00 15557074944.00 15567916032.00 15578976256.00 15590085632.00 15601162240.00 15611984896.00 15623238656.00 15634209792.00 15645363200.00 15656579072.00 15667546112.00 15678583808.00 15689610240.00 15700602880.00 15711798272.00 15722852352.00 15733957632.00 
15744676864.00 15755938816.00 15767086080.00 15778127872.00 15788983296.00 15799886848.00 15811282944.00 15822339072.00 15833091072.00 15845074944.00 15855640576.00 15866795008.00 15877707776.00 15888889856.00 15899999232.00 15910933504.00 15922050048.00 15933092864.00 15944134656.00 15955180544.00 
15964992512.00 15977427968.00 15988420608.00 15999433728.00 16010448896.00 16021602304.00 16032673792.00 16043713536.00 16054649856.00 16065920000.00 16076124160.00 16088195072.00 16098978816.00 16110177280.00 16121015296.00 16132374528.00 16143127552.00 16154405888.00 16165449728.00 16176481280.00 
16187269120.00 16198704128.00 16209739776.00 16220765184.00 16231709696.00 16242814976.00 16253895680.00 16265166848.00 16276065280.00 16287145984.00 16298085376.00 16309305344.00 16320097280.00 16331372544.00 16342546432.00 16353155072.00 16364545024.00 16375702528.00 16386639872.00 16397881344.00 
16408219648.00 16419886080.00 16430959616.00 16442110976.00 16453132288.00 16464104448.00 16475243520.00 16486274048.00 16497108992.00 16508410880.00 16519324672.00 16530541568.00 16541504512.00 16552660992.00 16563715072.00 16574676992.00 16585644032.00 16596714496.00 16607702016.00 16618448896.00 
16621879296.00 16641909760.00 16652605440.00 16663590912.00 16674330624.00 16685562880.00 16696643584.00 16707692544.00 16718698496.00 16729811968.00 16740714496.00 16751889408.00 16762864640.00 16774029312.00 16785054720.00 16796039168.00 16807182336.00 16818253824.00 16829344768.00 16840535040.00 
16850182144.00 16862547968.00 16873586688.00 16884669440.00 16895804416.00 16906417152.00 16917816320.00 16928913408.00 16939866112.00 16950969344.00 16962009088.00 16973210624.00 16984232960.00 16995336192.00 17006390272.00 17017411584.00 17028256768.00 17039528960.00 17050497024.00 17061795840.00 
17072472064.00 17084006400.00 17094917120.00 17106006016.00 17116916736.00 17127981056.00 17139127296.00 17150184448.00 17161208832.00 17172293632.00 17182566400.00 17194254336.00 17205270528.00 17216577536.00 17227550720.00 17238423552.00 17250037760.00 17260906496.00 17271916544.00 17283022848.00 
17293408256.00 17305380864.00 17316163584.00 17327249408.00 17338255360.00 17349216256.00 17360410624.00 17371400192.00 17382318080.00 17393633280.00 17404526592.00 17415661568.00 17426853888.00 17437876224.00 17448931328.00 17459623936.00 17470984192.00 17482176512.00 17493207040.00 17504841728.00 
17515034624.00 17526405120.00 17537437696.00 17548490752.00 17559341056.00 17570605056.00 17581641728.00 17592801280.00 17603764224.00 17614868480.00 17625827328.00 17637062656.00 17647980544.00 17659144192.00 17670187008.00 17681195008.00 17692241920.00 17703284736.00 17714296832.00 17725138944.00 
17730017280.00 17748146176.00 17758973952.00 17769981952.00 17780948992.00 17791977472.00 17803042816.00 17814138880.00 17825079296.00 17836240896.00 17847166976.00 17858306048.00 17869404160.00 17880604672.00 17891454976.00 17902518272.00 17913440256.00 17924513792.00 17935820800.00 17946361856.00 
17957656576.00 17968998400.00 17980051456.00 17991096320.00 18002049024.00 18011191296.00 18024312832.00 18035384320.00 18046459904.00 18057504768.00 18068473856.00 18079664128.00 18090455040.00 18101737472.00 18112817152.00 18123763712.00 18134683648.00 18146179072.00 18157117440.00 18168190976.00 
18178580480.00 18190020608.00 18201339904.00 18212501504.00 18223441920.00 18234458112.00 18245535744.00 18256031744.00 18267502592.00 18278787072.00 18289053696.00 18300868608.00 18311841792.00 18323085312.00 18334113792.00 18345066496.00 18356121600.00 18367252480.00 18378346496.00 18389434368.00 
18400186368.00 18411390976.00 18422644736.00 18433640448.00 18444417024.00 18455601152.00 18466443264.00 18478866432.00 18489188352.00 18500222976.00 18511069184.00 18522324992.00 18533203968.00 18544373760.00 18555435008.00 18566098944.00 18577518592.00 18588600320.00 18599673856.00 18610638848.00 
18620514304.00 18632888320.00 18643929088.00 18655016960.00 18665881600.00 18677084160.00 18688182272.00 18699233280.00 18710202368.00 18721427456.00 18732288000.00 18743478272.00 18754342912.00 18765715456.00 18776729600.00 18787737600.00 18798612480.00 18810224640.00 18820921344.00 18832050176.00 
18841432064.00 18854195200.00 18865182720.00 18876295168.00 18887249920.00 18898358272.00 18909526016.00 18920488960.00 18931527680.00 18942625792.00 18953545728.00 18964756480.00 18975539200.00 18986735616.00 18997207040.00 19009298432.00 19020193792.00 19031283712.00 19042320384.00 19053275136.00 
19063754752.00 19075545088.00 19086489600.00 19097563136.00 19108528128.00 19119310848.00 19130703872.00 19141781504.00 19152693248.00 19163987968.00 19174897664.00 19186155520.00 19197106176.00 19208101888.00 19219372032.00 19230320640.00 19241320448.00 19252506624.00 19263547392.00 19274477568.00 
19285374976.00 19296671744.00 19307952128.00 19318867968.00 19329681408.00 19340920832.00 19351926784.00 19363119104.00 19374073856.00 19385126912.00 19392167936.00 19407521792.00 19418400768.00 19429554176.00 19440578560.00 19451564032.00 19462629376.00 19473692672.00 19484846080.00 19495886848.00 
19505684480.00 19517982720.00 19529156608.00 19540158464.00 19551158272.00 19562336256.00 19573372928.00 19584495616.00 19595372544.00 19606503424.00 19617486848.00 19628738560.00 19639705600.00 19650807808.00 19661826048.00 19672510464.00 19683700736.00 19694864384.00 19706714112.00 19717257216.00 
19727990784.00 19739361280.00 19750402048.00 19761451008.00 19772444672.00 19783536640.00 19794665472.00 19805718528.00 19816728576.00 19827806208.00 19838795776.00 19849936896.00 19860781056.00 19871973376.00 19883153408.00 19894185984.00 19905286144.00 19916343296.00 19927410688.00 19938443264.00 
19946252288.00 19960750080.00 19971747840.00 19982780416.00 19993802752.00 20004845568.00 20015925248.00 20026982400.00 20037822464.00 20049123328.00 20060088320.00 20071231488.00 20082288640.00 20093399040.00 20104538112.00 20115435520.00 20126443520.00 20137658368.00 20148205568.00 20159832064.00 
20170561536.00 20181927936.00 20192960512.00 20203941888.00 20214845440.00 20225748992.00 20236994560.00 20248317952.00 20259325952.00 20270442496.00 20281323520.00 20292663296.00 20303443968.00 20314456064.00 20325826560.00 20336742400.00 20347803648.00 20358946816.00 20370003968.00 20381059072.00 
20390823936.00 20403167232.00 20414160896.00 20425259008.00 20436316160.00 20447320064.00 20458088448.00 20469694464.00 20480532480.00 20491659264.00 20501950464.00 20513783808.00 20524931072.00 20535977984.00 20546998272.00 20557989888.00 20568858624.00 20579837952.00 20591339520.00 20602370048.00 
20613079040.00 20624433152.00 20635346944.00 20646453248.00 20657539072.00 20668631040.00 20679700480.00 20690982912.00 20701900800.00 20713031680.00 20723884032.00 20735442944.00 20745922560.00 20757080064.00 20768227328.00 20777338880.00 20790433792.00 20801529856.00 20812523520.00 20823666688.00 
20834041856.00 20845768704.00 20856717312.00 20867926016.00 20878901248.00 20889935872.00 20901060608.00 20912107520.00 20922918912.00 20934563840.00 20945211392.00 20956436480.00 20967464960.00 20978491392.00 20989521920.00 21000689664.00 21011593216.00 21022795776.00 21033828352.00 21044983808.00 
21054318592.00 21067132928.00 21078073344.00 21089132544.00 21099954176.00 21111302144.00 21122361344.00 21133666304.00 21144397824.00 21155313664.00 21166460928.00 21177640960.00 21188605952.00 21199327232.00 21210896384.00 21221888000.00 21232926720.00 21244082176.00 21255077888.00 21266145280.00 
21275910144.00 21288271872.00 21299333120.00 21310224384.00 21321412608.00 21332142080.00 21343776768.00 21354616832.00 21365604352.00 21376876544.00 21387718656.00 21398566912.00 21409945600.00 21421008896.00 21432078336.00 21443094528.00 21453993984.00 21465221120.00 21476397056.00 21487411200.00 
21498157056.00 21509494784.00 21520521216.00 21531734016.00 21542635520.00 21553739776.00 21564964864.00 21575895040.00 21586907136.00 21598068736.00 21608267776.00 21620117504.00 21630926848.00 21642303488.00 21653286912.00 21664294912.00 21675393024.00 21686591488.00 21697570816.00 21708623872.00 
21719048192.00 21730727936.00 21741774848.00 21752948736.00 21763872768.00 21774915584.00 21786003456.00 21797081088.00 21807880192.00 21819277312.00 21830064128.00 21841156096.00 21852284928.00 21863460864.00 21874333696.00 21885085696.00 21896435712.00 21907470336.00 21918566400.00 21929668608.00 
21940379648.00 21951772672.00 21962782720.00 21973772288.00 21984583680.00 21995763712.00 22006812672.00 22017853440.00 22028742656.00 22039795712.00 22050603008.00 22061737984.00 22072553472.00 22083479552.00 22094280704.00 22104875008.00 22115540992.00 22125606912.00 22134949888.00 22140364800.00 
end   dump: w
==END   DUMP_ARRAYS==
Time in seconds = 0.080452
