Sender: LSF System <lsfadmin@polus-c3-ib.bmc.hpc.cs.msu.ru>
Subject: Job 493699: <./large.o> in cluster <MSUCluster> Done

Job <./large.o> was submitted from host <polus-ib.bmc.hpc.cs.msu.ru> by user <edu-cmc-skpod19-328-11> in cluster <MSUCluster> at Fri Nov 29 23:37:29 2019
Job was executed on host(s) <polus-c3-ib.bmc.hpc.cs.msu.ru>, in queue <short>, as user <edu-cmc-skpod19-328-11> in cluster <MSUCluster> at Fri Nov 29 23:37:43 2019
</home_edu/edu-cmc-skpod19-328/edu-cmc-skpod19-328-11> was used as the home directory.
</home_edu/edu-cmc-skpod19-328/edu-cmc-skpod19-328-11/dep_gemver> was used as the working directory.
Started at Fri Nov 29 23:37:43 2019
Terminated at Fri Nov 29 23:37:44 2019
Results reported at Fri Nov 29 23:37:44 2019

Your job looked like:

------------------------------------------------------------
# LSBATCH: User input
./large.o
------------------------------------------------------------

Successfully completed.

Resource usage summary:

    CPU time :                                   8.96 sec.
    Max Memory :                                 4 MB
    Average Memory :                             2.00 MB
    Total Requested Memory :                     -
    Delta Memory :                               -
    Max Swap :                                   -
    Max Processes :                              1
    Max Threads :                                1
    Run time :                                   2 sec.
    Turnaround time :                            15 sec.

The output (if any) follows:

==BEGIN DUMP_ARRAYS==
begin dump: w
0.00 0.00 0.00 0.00 0.00 0.00 0.00 0.00 0.00 0.00 0.00 0.00 0.00 0.00 0.00 0.00 0.00 0.00 0.00 0.00 
0.00 0.00 0.00 0.00 0.00 0.00 0.00 0.00 0.00 0.00 0.00 0.00 0.00 0.00 0.00 0.00 0.00 0.00 0.00 0.00 
0.00 0.00 0.00 0.00 0.00 0.00 0.00 0.00 0.00 0.00 0.00 0.00 0.00 0.00 0.00 0.00 0.00 0.00 0.00 0.00 
0.00 0.00 0.00 0.00 0.00 0.00 0.00 0.00 0.00 0.00 0.00 0.00 0.00 0.00 0.00 0.00 0.00 0.00 0.00 0.00 
0.00 0.00 0.00 0.00 0.00 0.00 0.00 0.00 0.00 0.00 0.00 0.00 0.00 0.00 0.00 0.00 0.00 0.00 0.00 0.00 
0.00 0.00 0.00 0.00 0.00 0.00 0.00 0.00 0.00 0.00 0.00 0.00 0.00 0.00 0.00 0.00 0.00 0.00 0.00 0.00 
0.00 0.00 0.00 0.00 0.00 0.00 0.00 0.00 0.00 0.00 0.00 0.00 0.00 0.00 0.00 0.00 0.00 0.00 0.00 0.00 
0.00 0.00 0.00 0.00 0.00 0.00 0.00 0.00 0.00 0.00 0.00 0.00 0.00 0.00 0.00 0.00 0.00 0.00 0.00 0.00 
0.00 0.00 0.00 0.00 0.00 0.00 0.00 0.00 0.00 0.00 0.00 0.00 0.00 0.00 0.00 0.00 0.00 0.00 0.00 0.00 
0.00 0.00 0.00 0.00 0.00 0.00 0.00 0.00 0.00 0.00 0.00 0.00 0.00 0.00 0.00 0.00 0.00 0.00 0.00 0.00 
0.00 0.00 0.00 0.00 0.00 0.00 0.00 0.00 0.00 0.00 0.00 0.00 0.00 0.00 0.00 0.00 0.00 0.00 0.00 0.00 
0.00 0.00 0.00 0.00 0.00 0.00 0.00 0.00 0.00 0.00 0.00 0.00 0.00 0.00 0.00 0.00 0.00 0.00 0.00 0.00 
0.00 0.00 0.00 0.00 0.00 0.00 0.00 0.00 0.00 0.00 0.00 0.00 0.00 0.00 0.00 0.00 0.00 0.00 0.00 0.00 
0.00 0.00 0.00 0.00 0.00 0.00 0.00 0.00 0.00 0.00 0.00 0.00 0.00 0.00 0.00 0.00 0.00 0.00 0.00 0.00 
0.00 0.00 0.00 0.00 0.00 0.00 0.00 0.00 0.00 0.00 0.00 0.00 0.00 0.00 0.00 0.00 0.00 0.00 0.00 0.00 
0.00 0.00 0.00 0.00 0.00 0.00 0.00 0.00 0.00 0.00 0.00 0.00 0.00 0.00 0.00 0.00 0.00 0.00 0.00 0.00 
0.00 0.00 0.00 0.00 0.00 0.00 0.00 0.00 0.00 0.00 0.00 0.00 0.00 0.00 0.00 0.00 0.00 0.00 0.00 0.00 
0.00 0.00 0.00 0.00 0.00 0.00 0.00 0.00 0.00 0.00 0.00 0.00 0.00 0.00 0.00 0.00 0.00 0.00 0.00 0.00 
0.00 0.00 0.00 0.00 0.00 0.00 0.00 0.00 0.00 0.00 0.00 0.00 0.00 0.00 0.00 0.00 0.00 0.00 0.00 0.00 
0.00 0.00 0.00 0.00 0.00 0.00 0.00 0.00 0.00 0.00 0.00 0.00 0.00 0.00 0.00 0.00 0.00 0.00 0.00 0.00 
0.00 0.00 0.00 0.00 0.00 0.00 0.00 0.00 0.00 0.00 0.00 0.00 0.00 0.00 0.00 0.00 0.00 0.00 0.00 0.00 
0.00 0.00 0.00 0.00 0.00 0.00 0.00 0.00 0.00 0.00 0.00 0.00 0.00 0.00 0.00 0.00 0.00 0.00 0.00 0.00 
0.00 0.00 0.00 0.00 0.00 0.00 0.00 0.00 0.00 0.00 0.00 0.00 0.00 0.00 0.00 0.00 0.00 0.00 0.00 0.00 
0.00 0.00 0.00 0.00 0.00 0.00 0.00 0.00 0.00 0.00 0.00 0.00 0.00 0.00 0.00 0.00 0.00 0.00 0.00 0.00 
0.00 0.00 0.00 0.00 0.00 0.00 0.00 0.00 0.00 0.00 0.00 0.00 0.00 0.00 0.00 0.00 0.00 0.00 0.00 0.00 
0.00 0.00 0.00 0.00 0.00 0.00 0.00 0.00 0.00 0.00 0.00 0.00 0.00 0.00 0.00 0.00 0.00 0.00 0.00 0.00 
0.00 0.00 0.00 0.00 0.00 0.00 0.00 0.00 0.00 0.00 0.00 0.00 0.00 0.00 0.00 0.00 0.00 0.00 0.00 0.00 
0.00 0.00 0.00 0.00 0.00 0.00 0.00 0.00 0.00 0.00 0.00 0.00 0.00 0.00 0.00 0.00 0.00 0.00 0.00 0.00 
0.00 0.00 0.00 0.00 0.00 0.00 0.00 0.00 0.00 0.00 0.00 0.00 0.00 0.00 0.00 0.00 0.00 0.00 0.00 0.00 
0.00 0.00 0.00 0.00 0.00 0.00 0.00 0.00 0.00 0.00 0.00 0.00 0.00 0.00 0.00 0.00 0.00 0.00 0.00 0.00 
0.00 0.00 0.00 0.00 0.00 0.00 0.00 0.00 0.00 0.00 0.00 0.00 0.00 0.00 0.00 0.00 0.00 0.00 0.00 0.00 
0.00 0.00 0.00 0.00 0.00 0.00 0.00 0.00 0.00 0.00 0.00 0.00 0.00 0.00 0.00 0.00 0.00 0.00 0.00 0.00 
0.00 0.00 0.00 0.00 0.00 0.00 0.00 0.00 0.00 0.00 0.00 0.00 0.00 0.00 0.00 0.00 0.00 0.00 0.00 0.00 
0.00 0.00 0.00 0.00 0.00 0.00 0.00 0.00 0.00 0.00 0.00 0.00 0.00 0.00 0.00 0.00 0.00 0.00 0.00 0.00 
0.00 0.00 0.00 0.00 0.00 0.00 0.00 0.00 0.00 0.00 0.00 0.00 0.00 0.00 0.00 0.00 0.00 0.00 0.00 0.00 
0.00 0.00 0.00 0.00 0.00 0.00 0.00 0.00 0.00 0.00 0.00 0.00 0.00 0.00 0.00 0.00 0.00 0.00 0.00 0.00 
0.00 0.00 0.00 0.00 0.00 0.00 0.00 0.00 0.00 0.00 0.00 0.00 0.00 0.00 0.00 0.00 0.00 0.00 0.00 0.00 
0.00 0.00 0.00 0.00 0.00 0.00 0.00 0.00 0.00 0.00 0.00 0.00 0.00 0.00 0.00 0.00 0.00 0.00 0.00 0.00 
0.00 0.00 0.00 0.00 0.00 0.00 0.00 0.00 0.00 0.00 0.00 0.00 0.00 0.00 0.00 0.00 0.00 0.00 0.00 0.00 
0.00 0.00 0.00 0.00 0.00 0.00 0.00 0.00 0.00 0.00 0.00 0.00 0.00 0.00 0.00 0.00 0.00 0.00 0.00 0.00 
0.00 0.00 0.00 0.00 0.00 0.00 0.00 0.00 0.00 0.00 0.00 0.00 0.00 0.00 0.00 0.00 0.00 0.00 0.00 0.00 
0.00 0.00 0.00 0.00 0.00 0.00 0.00 0.00 0.00 0.00 0.00 0.00 0.00 0.00 0.00 0.00 0.00 0.00 0.00 0.00 
0.00 0.00 0.00 0.00 0.00 0.00 0.00 0.00 0.00 0.00 0.00 0.00 0.00 0.00 0.00 0.00 0.00 0.00 0.00 0.00 
0.00 0.00 0.00 0.00 0.00 0.00 0.00 0.00 0.00 0.00 0.00 0.00 0.00 0.00 0.00 0.00 0.00 0.00 0.00 0.00 
0.00 0.00 0.00 0.00 0.00 0.00 0.00 0.00 0.00 0.00 0.00 0.00 0.00 0.00 0.00 0.00 0.00 0.00 0.00 0.00 
0.00 0.00 0.00 0.00 0.00 0.00 0.00 0.00 0.00 0.00 0.00 0.00 0.00 0.00 0.00 0.00 0.00 0.00 0.00 0.00 
0.00 0.00 0.00 0.00 0.00 0.00 0.00 0.00 0.00 0.00 0.00 0.00 0.00 0.00 0.00 0.00 0.00 0.00 0.00 0.00 
0.00 0.00 0.00 0.00 0.00 0.00 0.00 0.00 0.00 0.00 0.00 0.00 0.00 0.00 0.00 0.00 0.00 0.00 0.00 0.00 
0.00 0.00 0.00 0.00 0.00 0.00 0.00 0.00 0.00 0.00 0.00 0.00 0.00 0.00 0.00 0.00 0.00 0.00 0.00 0.00 
0.00 0.00 0.00 0.00 0.00 0.00 0.00 0.00 0.00 0.00 0.00 0.00 0.00 0.00 0.00 0.00 0.00 0.00 0.00 0.00 
0.00 0.00 0.00 0.00 0.00 0.00 0.00 0.00 0.00 0.00 0.00 0.00 0.00 0.00 0.00 0.00 0.00 0.00 0.00 0.00 
0.00 0.00 0.00 0.00 0.00 0.00 0.00 0.00 0.00 0.00 0.00 0.00 0.00 0.00 0.00 0.00 0.00 0.00 0.00 0.00 
0.00 0.00 0.00 0.00 0.00 0.00 0.00 0.00 0.00 0.00 0.00 0.00 0.00 0.00 0.00 0.00 0.00 0.00 0.00 0.00 
0.00 0.00 0.00 0.00 0.00 0.00 0.00 0.00 0.00 0.00 0.00 0.00 0.00 0.00 0.00 0.00 0.00 0.00 0.00 0.00 
0.00 0.00 0.00 0.00 0.00 0.00 0.00 0.00 0.00 0.00 0.00 0.00 0.00 0.00 0.00 0.00 0.00 0.00 0.00 0.00 
0.00 0.00 0.00 0.00 0.00 0.00 0.00 0.00 0.00 0.00 0.00 0.00 0.00 0.00 0.00 0.00 0.00 0.00 0.00 0.00 
0.00 0.00 0.00 0.00 0.00 0.00 0.00 0.00 0.00 0.00 0.00 0.00 0.00 0.00 0.00 0.00 0.00 0.00 0.00 0.00 
0.00 0.00 0.00 0.00 0.00 0.00 0.00 0.00 0.00 0.00 0.00 0.00 0.00 0.00 0.00 0.00 0.00 0.00 0.00 0.00 
0.00 0.00 0.00 0.00 0.00 0.00 0.00 0.00 0.00 0.00 0.00 0.00 0.00 0.00 0.00 0.00 0.00 0.00 0.00 0.00 
0.00 0.00 0.00 0.00 0.00 0.00 0.00 0.00 0.00 0.00 0.00 0.00 0.00 0.00 0.00 0.00 0.00 0.00 0.00 0.00 
0.00 0.00 0.00 0.00 0.00 0.00 0.00 0.00 0.00 0.00 0.00 0.00 0.00 0.00 0.00 0.00 0.00 0.00 0.00 0.00 
0.00 0.00 0.00 0.00 0.00 0.00 0.00 0.00 0.00 0.00 0.00 0.00 0.00 0.00 0.00 0.00 0.00 0.00 0.00 0.00 
0.00 0.00 0.00 0.00 0.00 0.00 0.00 0.00 0.00 0.00 0.00 0.00 0.00 0.00 0.00 0.00 0.00 0.00 0.00 0.00 
0.00 0.00 0.00 0.00 0.00 0.00 0.00 0.00 0.00 0.00 0.00 0.00 0.00 0.00 0.00 0.00 0.00 0.00 0.00 0.00 
0.00 0.00 0.00 0.00 0.00 0.00 0.00 0.00 0.00 0.00 0.00 0.00 0.00 0.00 0.00 0.00 0.00 0.00 0.00 0.00 
0.00 0.00 0.00 0.00 0.00 0.00 0.00 0.00 0.00 0.00 0.00 0.00 0.00 0.00 0.00 0.00 0.00 0.00 0.00 0.00 
0.00 0.00 0.00 0.00 0.00 0.00 0.00 0.00 0.00 0.00 0.00 0.00 0.00 0.00 0.00 0.00 0.00 0.00 0.00 0.00 
0.00 0.00 0.00 0.00 0.00 0.00 0.00 0.00 0.00 0.00 0.00 0.00 0.00 0.00 0.00 0.00 0.00 0.00 0.00 0.00 
0.00 0.00 0.00 0.00 0.00 0.00 0.00 0.00 0.00 0.00 0.00 0.00 0.00 0.00 0.00 0.00 0.00 0.00 0.00 0.00 
0.00 0.00 0.00 0.00 0.00 0.00 0.00 0.00 0.00 0.00 0.00 0.00 0.00 0.00 0.00 0.00 0.00 0.00 0.00 0.00 
0.00 0.00 0.00 0.00 0.00 0.00 0.00 0.00 0.00 0.00 0.00 0.00 0.00 0.00 0.00 0.00 0.00 0.00 0.00 0.00 
0.00 0.00 0.00 0.00 0.00 0.00 0.00 0.00 0.00 0.00 0.00 0.00 0.00 0.00 0.00 0.00 0.00 0.00 0.00 0.00 
0.00 0.00 0.00 0.00 0.00 0.00 0.00 0.00 0.00 0.00 0.00 0.00 0.00 0.00 0.00 0.00 0.00 0.00 0.00 0.00 
0.00 0.00 0.00 0.00 0.00 0.00 0.00 0.00 0.00 0.00 0.00 0.00 0.00 0.00 0.00 0.00 0.00 0.00 0.00 0.00 
0.00 0.00 0.00 0.00 0.00 0.00 0.00 0.00 0.00 0.00 0.00 0.00 0.00 0.00 0.00 0.00 0.00 0.00 0.00 0.00 
0.00 0.00 0.00 0.00 0.00 0.00 0.00 0.00 0.00 0.00 0.00 0.00 0.00 0.00 0.00 0.00 0.00 0.00 0.00 0.00 
0.00 0.00 0.00 0.00 0.00 0.00 0.00 0.00 0.00 0.00 0.00 0.00 0.00 0.00 0.00 0.00 0.00 0.00 0.00 0.00 
0.00 0.00 0.00 0.00 0.00 0.00 0.00 0.00 0.00 0.00 0.00 0.00 0.00 0.00 0.00 0.00 0.00 0.00 0.00 0.00 
0.00 0.00 0.00 0.00 0.00 0.00 0.00 0.00 0.00 0.00 0.00 0.00 0.00 0.00 0.00 0.00 0.00 0.00 0.00 0.00 
0.00 0.00 0.00 0.00 0.00 0.00 0.00 0.00 0.00 0.00 0.00 0.00 0.00 0.00 0.00 0.00 0.00 0.00 0.00 0.00 
0.00 0.00 0.00 0.00 0.00 0.00 0.00 0.00 0.00 0.00 0.00 0.00 0.00 0.00 0.00 0.00 0.00 0.00 0.00 0.00 
0.00 0.00 0.00 0.00 0.00 0.00 0.00 0.00 0.00 0.00 0.00 0.00 0.00 0.00 0.00 0.00 0.00 0.00 0.00 0.00 
0.00 0.00 0.00 0.00 0.00 0.00 0.00 0.00 0.00 0.00 0.00 0.00 0.00 0.00 0.00 0.00 0.00 0.00 0.00 0.00 
0.00 0.00 0.00 0.00 0.00 0.00 0.00 0.00 0.00 0.00 0.00 0.00 0.00 0.00 0.00 0.00 0.00 0.00 0.00 0.00 
0.00 0.00 0.00 0.00 0.00 0.00 0.00 0.00 0.00 0.00 0.00 0.00 0.00 0.00 0.00 0.00 0.00 0.00 0.00 0.00 
0.00 0.00 0.00 0.00 0.00 0.00 0.00 0.00 0.00 0.00 0.00 0.00 0.00 0.00 0.00 0.00 0.00 0.00 0.00 0.00 
0.00 0.00 0.00 0.00 0.00 0.00 0.00 0.00 0.00 0.00 0.00 0.00 0.00 0.00 0.00 0.00 0.00 0.00 0.00 0.00 
0.00 0.00 0.00 0.00 0.00 0.00 0.00 0.00 0.00 0.00 0.00 0.00 0.00 0.00 0.00 0.00 0.00 0.00 0.00 0.00 
0.00 0.00 0.00 0.00 0.00 0.00 0.00 0.00 0.00 0.00 0.00 0.00 0.00 0.00 0.00 0.00 0.00 0.00 0.00 0.00 
0.00 0.00 0.00 0.00 0.00 0.00 0.00 0.00 0.00 0.00 0.00 0.00 0.00 0.00 0.00 0.00 0.00 0.00 0.00 0.00 
0.00 0.00 0.00 0.00 0.00 0.00 0.00 0.00 0.00 0.00 0.00 0.00 0.00 0.00 0.00 0.00 0.00 0.00 0.00 0.00 
0.00 0.00 0.00 0.00 0.00 0.00 0.00 0.00 0.00 0.00 0.00 0.00 0.00 0.00 0.00 0.00 0.00 0.00 0.00 0.00 
0.00 0.00 0.00 0.00 0.00 0.00 0.00 0.00 0.00 0.00 0.00 0.00 0.00 0.00 0.00 0.00 0.00 0.00 0.00 0.00 
0.00 0.00 0.00 0.00 0.00 0.00 0.00 0.00 0.00 0.00 0.00 0.00 0.00 0.00 0.00 0.00 0.00 0.00 0.00 0.00 
0.00 0.00 0.00 0.00 0.00 0.00 0.00 0.00 0.00 0.00 0.00 0.00 0.00 0.00 0.00 0.00 0.00 0.00 0.00 0.00 
0.00 0.00 0.00 0.00 0.00 0.00 0.00 0.00 0.00 0.00 0.00 0.00 0.00 0.00 0.00 0.00 0.00 0.00 0.00 0.00 
0.00 0.00 0.00 0.00 0.00 0.00 0.00 0.00 0.00 0.00 0.00 0.00 0.00 0.00 0.00 0.00 0.00 0.00 0.00 0.00 
0.00 0.00 0.00 0.00 0.00 0.00 0.00 0.00 0.00 0.00 0.00 0.00 0.00 0.00 0.00 0.00 0.00 0.00 0.00 0.00 
0.00 0.00 0.00 0.00 0.00 0.00 0.00 0.00 0.00 0.00 0.00 0.00 0.00 0.00 0.00 0.00 0.00 0.00 0.00 0.00 
0.00 0.00 0.00 0.00 0.00 0.00 0.00 0.00 0.00 0.00 0.00 0.00 0.00 0.00 0.00 0.00 0.00 0.00 0.00 0.00 
end   dump: w
==END   DUMP_ARRAYS==
==BEGIN DUMP_ARRAYS==
begin dump: w
1881.88 56426192.00 62061212.00 71440232.00 81773488.00 92524016.00 103460896.00 114532032.00 125489616.00 136733280.00 147807184.00 159157600.00 170252528.00 181559872.00 192772384.00 203947744.00 215023264.00 226531136.00 237730960.00 249010512.00 
259959232.00 271589120.00 282861344.00 294213088.00 305228640.00 316213664.00 327947808.00 339154592.00 350410208.00 361918912.00 372901568.00 384216320.00 395332640.00 406863872.00 418173536.00 429352160.00 440679104.00 451934848.00 463291328.00 474594848.00 
485211968.00 497154048.00 508441824.00 519624192.00 530985536.00 542241984.00 553631168.00 564883904.00 575910080.00 587476800.00 597919424.00 610002560.00 621281792.00 632634432.00 643773312.00 655115712.00 666360896.00 677711872.00 689104832.00 700404096.00 
711318656.00 722943744.00 734145280.00 745608256.00 756532416.00 768023296.00 779364928.00 790699200.00 801911616.00 813610880.00 824391872.00 835760448.00 847017152.00 858482368.00 869506560.00 880585856.00 892253696.00 903779520.00 914857344.00 926177664.00 
936126336.00 948755072.00 960025152.00 971280832.00 982576512.00 993815488.00 1005137856.00 1016975616.00 1027681088.00 1039110976.00 1050217280.00 1061897216.00 1072933504.00 1083996160.00 1095497728.00 1106672512.00 1117877376.00 1129434240.00 1140677504.00 1151887104.00 
1161603584.00 1174496640.00 1185832704.00 1197141248.00 1208341760.00 1219579264.00 1231044480.00 1242360704.00 1253523840.00 1264892416.00 1276045056.00 1287198848.00 1298569472.00 1310135680.00 1321355136.00 1332603776.00 1343924096.00 1355198592.00 1366621952.00 1377831424.00 
1388487296.00 1400416256.00 1411713920.00 1422971520.00 1434203264.00 1443450112.00 1456940416.00 1468358656.00 1479227136.00 1490415488.00 1501903104.00 1513306112.00 1524576128.00 1535802752.00 1547278336.00 1558455040.00 1569700736.00 1581237632.00 1592553984.00 1603723008.00 
1614646400.00 1626253312.00 1637479296.00 1649239936.00 1659941632.00 1671412864.00 1682740992.00 1694002816.00 1705178496.00 1716642432.00 1727080704.00 1739244032.00 1750365696.00 1761677312.00 1773474560.00 1784334592.00 1795612800.00 1807010816.00 1818299264.00 1829574272.00 
1839500416.00 1852126464.00 1863369216.00 1874692608.00 1885973120.00 1897205376.00 1908470016.00 1920110080.00 1931105280.00 1942337536.00 1953606016.00 1965024000.00 1976285824.00 1987627264.00 1999145216.00 2009818112.00 2021253504.00 2032892416.00 2044079360.00 2055376000.00 
2066339840.00 2077922176.00 2089752576.00 2100573184.00 2111776256.00 2123092352.00 2134327168.00 2145742336.00 2156965376.00 2168336896.00 2179422464.00 2190916864.00 2201940224.00 2213528064.00 2224783360.00 2235970304.00 2247271168.00 2258644736.00 2269867520.00 2281117184.00 
2289163520.00 2303907840.00 2315119104.00 2326450688.00 2337637376.00 2348920576.00 2360290560.00 2371716864.00 2382639360.00 2394220800.00 2405277184.00 2416807168.00 2428015872.00 2439360768.00 2450603264.00 2461863680.00 2473089792.00 2484519424.00 2495759360.00 2507078912.00 
2518042368.00 2529641216.00 2540365312.00 2552467200.00 2563386624.00 2574501120.00 2586188800.00 2597463808.00 2608710912.00 2619983872.00 2631174144.00 2642660352.00 2653809920.00 2665115904.00 2676456704.00 2687618048.00 2699071744.00 2710394112.00 2721613312.00 2733025792.00 
2742929152.00 2755570176.00 2766820096.00 2778231040.00 2789422080.00 2800666112.00 2811986176.00 2823277568.00 2834420736.00 2845779200.00 2853006336.00 2868638720.00 2879804672.00 2891086592.00 2902450688.00 2913602816.00 2924710656.00 2936252928.00 2947360768.00 2958900992.00 
2969793536.00 2981560320.00 2992691968.00 3003987712.00 3015164672.00 3026495488.00 3037785088.00 3049291520.00 3060425472.00 3071712768.00 3082879488.00 3094336000.00 3105364736.00 3117014016.00 3128266240.00 3139105792.00 3150832896.00 3162106880.00 3173391360.00 3184597760.00 
3195294464.00 3207314944.00 3218493696.00 3229757440.00 3240988416.00 3252075520.00 3264512512.00 3275231232.00 3286165760.00 3297671936.00 3308800256.00 3320259072.00 3331473152.00 3342872064.00 3354022144.00 3365297920.00 3376521728.00 3387964672.00 3399272448.00 3410514688.00 
3420162560.00 3433126656.00 3444437760.00 3455392000.00 3466757376.00 3478203136.00 3489545728.00 3500827392.00 3512330496.00 3523511040.00 3534636544.00 3546035456.00 3557230080.00 3568686848.00 3579933952.00 3591153664.00 3602610944.00 3613802240.00 3625090048.00 3636397824.00 
3646357760.00 3659105536.00 3670239488.00 3681584640.00 3692790016.00 3703738624.00 3715424768.00 3726748416.00 3737892864.00 3749250304.00 3760406272.00 3771790336.00 3782947584.00 3793581568.00 3806243328.00 3817210880.00 3828243200.00 3839783168.00 3850945792.00 3862489088.00 
3873274368.00 3884879360.00 3896141824.00 3907514624.00 3918625280.00 3930033920.00 3941315584.00 3952596992.00 3963966208.00 3975270144.00 3985663744.00 3997803520.00 4008800000.00 4021025536.00 4031709184.00 4042903296.00 4054200832.00 4065473280.00 4076822784.00 4088402944.00 
4098752512.00 4110690816.00 4121963264.00 4133168896.00 4144782080.00 4155885056.00 4167165184.00 4178513408.00 4189515776.00 4201044224.00 4212179200.00 4223654912.00 4234844672.00 4246234624.00 4257500672.00 4266699776.00 4280028416.00 4291430400.00 4302670336.00 4314002432.00 
4324943872.00 4337091072.00 4347805184.00 4359377920.00 4370180608.00 4381704192.00 4393097216.00 4404212224.00 4415534080.00 4426966016.00 4438024704.00 4449492992.00 4460631552.00 4472051200.00 4483336704.00 4494531584.00 4505820160.00 4517105152.00 4528319488.00 4539408384.00 
4544386048.00 4562866176.00 4573922304.00 4585184256.00 4596349440.00 4607599616.00 4618923008.00 4630241792.00 4641402880.00 4652785152.00 4663942144.00 4675434496.00 4686663168.00 4697949184.00 4709301760.00 4720462848.00 4731588096.00 4743194112.00 4754427392.00 4765719552.00 
4776677888.00 4787735552.00 4799566848.00 4810867200.00 4822044672.00 4833057280.00 4844754432.00 4856058880.00 4867226112.00 4878744064.00 4889812992.00 4901220864.00 4912273920.00 4923924992.00 4935095808.00 4946420736.00 4957646336.00 4968993792.00 4980258816.00 4991309824.00 
5002189312.00 5014151168.00 5025414144.00 5036692992.00 5047703552.00 5059509248.00 5070684672.00 5081950208.00 5092977664.00 5104737792.00 5114987520.00 5127140864.00 5138360320.00 5149705216.00 5160946176.00 5172237824.00 5183432704.00 5194792960.00 5206088704.00 5217253376.00 
5228383744.00 5239926272.00 5251418112.00 5262659072.00 5273659392.00 5285098496.00 5296427520.00 5307757056.00 5318974976.00 5330337280.00 5341447680.00 5353023488.00 5364129792.00 5375543296.00 5386832896.00 5397701120.00 5409239040.00 5420714496.00 5431993856.00 5443287552.00 
5453242368.00 5465742336.00 5477143552.00 5488489472.00 5499697152.00 5511016448.00 5522333184.00 5533636096.00 5544798720.00 5556233728.00 5567330304.00 5578747392.00 5589997568.00 5601342464.00 5612588544.00 5623790592.00 5634867200.00 5646366208.00 5657530368.00 5668479488.00 
5671998976.00 5692424192.00 5703376896.00 5714601984.00 5725679104.00 5736968704.00 5748254208.00 5759561216.00 5770854400.00 5782156800.00 5793301504.00 5804738560.00 5815764480.00 5827335168.00 5838560768.00 5849819136.00 5861049344.00 5872405504.00 5883752448.00 5895087616.00 
5905680384.00 5917535744.00 5928973824.00 5940183040.00 5951470592.00 5962386432.00 5974000128.00 5985423360.00 5996429824.00 6007947776.00 6019118080.00 6030559744.00 6041776640.00 6053004800.00 6064476672.00 6075670016.00 6086898176.00 6098306048.00 6109547008.00 6120840704.00 
6131856896.00 6143503872.00 6154746880.00 6166043136.00 6177056256.00 6188403200.00 6200082944.00 6211195392.00 6222521856.00 6233627648.00 6244293632.00 6256364032.00 6267620864.00 6279011840.00 6290276864.00 6301469696.00 6312885248.00 6324210688.00 6335419392.00 6346685952.00 
6356700160.00 6369380864.00 6380622848.00 6391917056.00 6403101696.00 6414413824.00 6425674752.00 6437046272.00 6448219136.00 6459605504.00 6470673920.00 6481750016.00 6493896192.00 6504969216.00 6516210176.00 6527069696.00 6538512896.00 6550092800.00 6561335296.00 6572763648.00 
6583590912.00 6595183616.00 6606474752.00 6617779712.00 6628972032.00 6640291840.00 6651659776.00 6662947840.00 6674043904.00 6685599744.00 6696689152.00 6708189184.00 6719152640.00 6730732544.00 6741981696.00 6753220096.00 6764534784.00 6775711232.00 6787130368.00 6798367232.00 
6806381568.00 6821155840.00 6832369152.00 6843663872.00 6854905856.00 6866171392.00 6877355008.00 6888779264.00 6899844096.00 6911484416.00 6922539008.00 6933936128.00 6945210368.00 6956554240.00 6967805440.00 6978940928.00 6990415872.00 7001726464.00 7013031424.00 7024215552.00 
7035302400.00 7046901248.00 7058161664.00 7069542400.00 7080500736.00 7089965056.00 7103390720.00 7114668544.00 7125913600.00 7137243136.00 7148386304.00 7159783424.00 7171069440.00 7182456320.00 7193661952.00 7204947456.00 7216192512.00 7227597312.00 7238870016.00 7250144256.00 
7260125184.00 7272707584.00 7284074496.00 7295433728.00 7306539520.00 7317796864.00 7329196544.00 7340346880.00 7351676928.00 7363030016.00 7373534720.00 7385629696.00 7396873216.00 7408170496.00 7419516416.00 7430723584.00 7441832448.00 7453319168.00 7464625152.00 7475885056.00 
7486866432.00 7498412032.00 7509681152.00 7520912384.00 7531954688.00 7543017984.00 7553245696.00 7570150400.00 7578568704.00 7589508608.00 7600515584.00 7611865088.00 7622846464.00 7634356736.00 7645612032.00 7656476160.00 7668082688.00 7679441408.00 7690796544.00 7701989888.00 
7712633344.00 7724571648.00 7735880704.00 7747236352.00 7758369792.00 7769690112.00 7781044736.00 7792307712.00 7803358208.00 7814931968.00 7826062848.00 7837521408.00 7848691200.00 7860079616.00 7871357952.00 7882557952.00 7893862400.00 7905296896.00 7916519424.00 7927783936.00 
7937420288.00 7950386176.00 7961688064.00 7973009408.00 7984013312.00 7995468288.00 8007155712.00 8018168320.00 8029405184.00 8040777216.00 8051899904.00 8063296512.00 8074501632.00 8085881856.00 8096998400.00 8108489728.00 8119728640.00 8131278336.00 8142478336.00 8153660416.00 
8163617792.00 8176234496.00 8187509248.00 8198787584.00 8210053120.00 8220988928.00 8232631296.00 8243693056.00 8255289344.00 8266638336.00 8277750784.00 8289192960.00 8300426240.00 8311738880.00 8323042816.00 8334273024.00 8345361408.00 8357111808.00 8368208384.00 8379478016.00 
8390481920.00 8402134016.00 8413399552.00 8424715264.00 8435831296.00 8447160320.00 8458518016.00 8469928448.00 8481039360.00 8492262400.00 8499532800.00 8515194880.00 8526145024.00 8537687552.00 8548907520.00 8560159232.00 8571463680.00 8582813184.00 8594079744.00 8605381632.00 
8616006656.00 8627943424.00 8639497216.00 8650503168.00 8661770240.00 8673085440.00 8684506112.00 8695705600.00 8706727936.00 8718029824.00 8729523200.00 8740925440.00 8752177152.00 8763437056.00 8774711296.00 8785664000.00 8797222912.00 8808630272.00 8820059136.00 8831255552.00 
8842208256.00 8853811200.00 8865073152.00 8876449792.00 8887436288.00 8898898944.00 8910297088.00 8921550848.00 8932868096.00 8944229376.00 8955284480.00 8966752256.00 8977889280.00 8989266944.00 9000548352.00 9011795968.00 9023076352.00 9034448896.00 9045579776.00 9056664576.00 
9061637120.00 9080123392.00 9091188736.00 9102396416.00 9113604096.00 9124865024.00 9136264192.00 9147307008.00 9158661120.00 9170176000.00 9181208576.00 9192694784.00 9203856384.00 9215159296.00 9226509312.00 9237801984.00 9248845824.00 9260402688.00 9271557120.00 9282983936.00 
9293941760.00 9305544704.00 9316814848.00 9328065536.00 9339383808.00 9350322176.00 9361954816.00 9373266944.00 9384559616.00 9395877888.00 9407016960.00 9418487808.00 9429480448.00 9440860160.00 9452430336.00 9463622656.00 9474908160.00 9486195712.00 9497532416.00 9508835328.00 
9519447040.00 9531398144.00 9542401024.00 9554027520.00 9565225984.00 9576488960.00 9587762176.00 9599165440.00 9610185728.00 9621721088.00 9632204800.00 9644255232.00 9655564288.00 9666903040.00 9678147584.00 9689358336.00 9700498432.00 9710504960.00 9723616256.00 9734788096.00 
9745716224.00 9757319168.00 9768546304.00 9779866624.00 9790917632.00 9802436608.00 9813764096.00 9825101824.00 9836313600.00 9847591936.00 9858796544.00 9870281728.00 9881389056.00 9892746240.00 9904038912.00 9913235456.00 9926635520.00 9937916928.00 9949115392.00 9960555520.00 
9970493440.00 9983131648.00 9994417152.00 10005705728.00 10016950272.00 10028216320.00 10039542784.00 10050825216.00 10061922304.00 10074712064.00 10084734976.00 10096151552.00 10107330560.00 10118669312.00 10129920000.00 10141197312.00 10152259584.00 10163834880.00 10175192064.00 10186400768.00 
10196015104.00 10209011712.00 10220361728.00 10231543808.00 10242740224.00 10254100480.00 10265463808.00 10276764672.00 10287913984.00 10298326016.00 10310564864.00 10321997824.00 10332975104.00 10344395776.00 10355769344.00 10367022080.00 10378299392.00 10389744640.00 10400876544.00 10412340224.00 
10422884352.00 10434799616.00 10446112768.00 10456576000.00 10468726784.00 10479624192.00 10491337728.00 10502623232.00 10513630208.00 10525202432.00 10536323072.00 10547687424.00 10558979072.00 10570202112.00 10581675008.00 10592878592.00 10604112896.00 10615512064.00 10626797568.00 10638108672.00 
10649055232.00 10660501504.00 10672008192.00 10683247616.00 10694298624.00 10705788928.00 10717154304.00 10728402944.00 10739716096.00 10751030272.00 10761499648.00 10773624832.00 10784737280.00 10796223488.00 10807476224.00 10818721792.00 10829999104.00 10841409536.00 10852671488.00 10863948800.00 
10873899008.00 10886511616.00 10897746944.00 10909511680.00 10920347648.00 10931608576.00 10942998528.00 10954236928.00 10965482496.00 10976876544.00 10988023808.00 10999399424.00 11010694144.00 11022301184.00 11033297920.00 11044184064.00 11055638528.00 11067162624.00 11078455296.00 11089742848.00 
11100711936.00 11112295424.00 11123578880.00 11134843904.00 11146054656.00 11157362688.00 11168740352.00 11179887616.00 11191263232.00 11202454528.00 11213666304.00 11225162752.00 11236076544.00 11247518720.00 11258784768.00 11269914624.00 11281115136.00 11292240896.00 11303027712.00 11312907264.00 
11310041088.00 11341123584.00 11350985728.00 11361808384.00 11372843008.00 11383994368.00 11395226624.00 11406523392.00 11417461760.00 11428878336.00 11440063488.00 11451597824.00 11462684672.00 11474160640.00 11485273088.00 11496550400.00 11507762176.00 11519208448.00 11530427392.00 11541748736.00 
11552701440.00 11564308480.00 11575556096.00 11586874368.00 11597902848.00 11609044992.00 11620720640.00 11631745024.00 11643245568.00 11654637568.00 11665722368.00 11677166592.00 11688327168.00 11699806208.00 11710999552.00 11722291200.00 11733588992.00 11744535552.00 11756270592.00 11767525376.00 
11777462272.00 11790098432.00 11801335808.00 11812637696.00 11823942656.00 11835195392.00 11846529024.00 11857820672.00 11869068288.00 11880433664.00 11890890752.00 11903015936.00 11914217472.00 11925643264.00 11936857088.00 11948128256.00 11959228416.00 11970798592.00 11982009344.00 11993536512.00 
12004344832.00 12015945728.00 12027201536.00 12038533120.00 12049703936.00 12061035520.00 12072336384.00 12083848192.00 12094971904.00 12106363904.00 12117425152.00 12128833536.00 12139902976.00 12151426048.00 12162669568.00 12173620224.00 12185210880.00 12197462016.00 12207903744.00 12219239424.00 
12229834752.00 12241698816.00 12253140992.00 12264296448.00 12275634176.00 12286880768.00 12298241024.00 12309635072.00 12320565248.00 12332060672.00 12343190528.00 12355709952.00 12366015488.00 12377282560.00 12388551680.00 12399810560.00 12411066368.00 12422495232.00 12433659904.00 12445037568.00 
12454660096.00 12467636224.00 12478828544.00 12490215424.00 12501278720.00 12512717824.00 12524082176.00 12535382016.00 12546608128.00 12557896704.00 12569021440.00 12579347456.00 12591888384.00 12603211776.00 12614478848.00 12625691648.00 12636996608.00 12648346624.00 12659606528.00 12670911488.00 
12680878080.00 12693487616.00 12704891904.00 12716125184.00 12727309312.00 12736579584.00 12749975552.00 12761291776.00 12772413440.00 12783764480.00 12794938368.00 12806444032.00 12817640448.00 12828944384.00 12840249344.00 12851471360.00 12862614528.00 12874177536.00 12885468160.00 12896727040.00 
12907683840.00 12919248896.00 12930382848.00 12943547392.00 12953319424.00 12964547584.00 12975843328.00 12987137024.00 12998371328.00 13009783808.00 13020181504.00 13032317952.00 13043343360.00 13054894080.00 13066245120.00 13077410816.00 13088716800.00 13100020736.00 13111607296.00 13122648064.00 
13133270016.00 13145211904.00 13156482048.00 13167850496.00 13179028480.00 13190283264.00 13201592320.00 13213191168.00 13224065024.00 13235562496.00 13246710784.00 13258163200.00 13269387264.00 13280772096.00 13292053504.00 13302910976.00 13314423808.00 13325977600.00 13337198592.00 13348507648.00 
13359468544.00 13371054080.00 13382456320.00 13393648640.00 13404693504.00 13416101888.00 13427497984.00 13438882816.00 13450087424.00 13461349376.00 13472537600.00 13483868160.00 13495152640.00 13506731008.00 13517741056.00 13529048064.00 13540340736.00 13551634432.00 13562825728.00 13573918720.00 
13578894336.00 13597385728.00 13608433664.00 13619591168.00 13630867456.00 13642117120.00 13653475328.00 13664782336.00 13675915264.00 13687291904.00 13698457600.00 13709814784.00 13721067520.00 13732502528.00 13743711232.00 13755008000.00 13766103040.00 13777594368.00 13788946432.00 13800226816.00 
13811197952.00 13822789632.00 13833963520.00 13845405696.00 13856585728.00 13867553792.00 13879290880.00 13890611200.00 13901766656.00 13913126912.00 13924237312.00 13936003072.00 13946813440.00 13958340608.00 13969509376.00 13980827648.00 13992176640.00 14003528704.00 14014515200.00 14026097664.00 
14036711424.00 14048672768.00 14059924480.00 14071230464.00 14082485248.00 14093752320.00 14105111552.00 14116370432.00 14127386624.00 14138849280.00 14146069504.00 14161779712.00 14172900352.00 14184113152.00 14195484672.00 14206750720.00 14217967616.00 14229329920.00 14240619520.00 14251909120.00 
14262910976.00 14274571264.00 14285797376.00 14296937472.00 14308175872.00 14319634432.00 14330973184.00 14342312960.00 14353523712.00 14364851200.00 14375989248.00 14387401728.00 14398508032.00 14410352640.00 14421377024.00 14432236544.00 14443895808.00 14455262208.00 14466503680.00 14477799424.00 
14487754752.00 14500387840.00 14511533056.00 14522770432.00 14534203392.00 14545416192.00 14557021184.00 14568174592.00 14579300352.00 14590748672.00 14601849856.00 14613259264.00 14624535552.00 14635877376.00 14646850560.00 14658446336.00 14669524992.00 14681047040.00 14692331520.00 14703666176.00 
14713265152.00 14726281216.00 14737508352.00 14748756992.00 14759945216.00 14771343360.00 14782662656.00 14793974784.00 14805258240.00 14816520192.00 14827675648.00 14839112704.00 14850186240.00 14861740032.00 14872982528.00 14884222976.00 14895582208.00 14906813440.00 14918126592.00 14929473536.00 
14940086272.00 14952045568.00 14963215360.00 14974606336.00 14985860096.00 14996744192.00 15008398336.00 15019692032.00 15030692864.00 15042171904.00 15053227008.00 15064532992.00 15075385344.00 15083892736.00 15100768256.00 15110884352.00 15121867776.00 15133132800.00 15144330240.00 15155623936.00 
15166539776.00 15178164224.00 15189400576.00 15200733184.00 15211703296.00 15223177216.00 15234497536.00 15245862912.00 15257068544.00 15268423680.00 15278857216.00 15291015168.00 15302133760.00 15313685504.00 15324814336.00 15336113152.00 15347405824.00 15358615552.00 15369939968.00 15381344256.00 
15391236096.00 15403900928.00 15415138304.00 15426446336.00 15437744128.00 15448966144.00 15460349952.00 15471584256.00 15482748928.00 15494256640.00 15505358848.00 15516798976.00 15528030208.00 15539369984.00 15550617600.00 15559854080.00 15573041152.00 15584498688.00 15595850752.00 15607135232.00 
15618100224.00 15629827072.00 15640996864.00 15652315136.00 15663394816.00 15674973184.00 15686209536.00 15697485824.00 15708735488.00 15720112128.00 15731198976.00 15742562304.00 15753699328.00 15765274624.00 15776651264.00 15787730944.00 15799038976.00 15810374656.00 15821652992.00 15832883200.00 
15840889856.00 15855668224.00 15866883072.00 15878332416.00 15889413120.00 15900691456.00 15912031232.00 15923315712.00 15934375936.00 15945863168.00 15957047296.00 15968451584.00 15979890688.00 15991102464.00 16002353152.00 16013604864.00 16024824832.00 16036261888.00 16047546368.00 16058860544.00 
16069809152.00 16081291264.00 16092681216.00 16103949312.00 16115034112.00 16126155776.00 16137795584.00 16149063680.00 16160047104.00 16172291072.00 16183068672.00 16194450432.00 16205575168.00 16216999936.00 16228339712.00 16239491072.00 16250834944.00 16262132736.00 16273398784.00 16284664832.00 
16294681600.00 16307360768.00 16318589952.00 16329823232.00 16341072896.00 16352438272.00 16363730944.00 16375019520.00 16386195456.00 16397687808.00 16408104960.00 16420412416.00 16431426560.00 16442849280.00 16453922816.00 16465505280.00 16476478464.00 16488005632.00 16499262464.00 16510537728.00 
16521550848.00 16533207040.00 16544456704.00 16555725824.00 16566912000.00 16578240512.00 16589529088.00 16601042944.00 16612172800.00 16623474688.00 16634619904.00 16646106112.00 16657119232.00 16668628992.00 16680011776.00 16690841600.00 16702473216.00 16713864192.00 16725041152.00 16736500736.00 
16747041792.00 16758959104.00 16770263040.00 16781637632.00 16792887296.00 16804094976.00 16815441920.00 16826705920.00 16837763072.00 16849312768.00 16860441600.00 16871894016.00 16883080192.00 16894479360.00 16905751552.00 16916939776.00 16928134144.00 16939432960.00 16950645760.00 16961618944.00 
16965099520.00 16985573376.00 16996487168.00 17007697920.00 17018665984.00 17030111232.00 17041434624.00 17052694528.00 17063944192.00 17075292160.00 17086408704.00 17097810944.00 17109003264.00 17120419840.00 17131670528.00 17142888448.00 17154240512.00 17165555712.00 17176858624.00 17188302848.00 
17198120960.00 17210755072.00 17222014976.00 17233326080.00 17244704768.00 17255526400.00 17267173376.00 17278498816.00 17289687040.00 17301035008.00 17312288768.00 17323714560.00 17334962176.00 17346287616.00 17357578240.00 17368815616.00 17379893248.00 17391390720.00 17402583040.00 17414125568.00 
17425029120.00 17436784640.00 17447931904.00 17459253248.00 17470365696.00 17481660416.00 17493063680.00 17504344064.00 17515579392.00 17526906880.00 17537390592.00 17549309952.00 17560553472.00 17572093952.00 17583323136.00 17594400768.00 17606248448.00 17617342464.00 17628596224.00 17639903232.00 
17650528256.00 17662730240.00 17673750528.00 17685051392.00 17696313344.00 17707489280.00 17718915072.00 17730107392.00 17741266944.00 17752805376.00 17763921920.00 17775288320.00 17786720256.00 17797982208.00 17809252352.00 17820166144.00 17831766016.00 17843169280.00 17854441472.00 17866319872.00 
17876736000.00 17888315392.00 17899589632.00 17910841344.00 17921949696.00 17933457408.00 17944707072.00 17956085760.00 17967290368.00 17978609664.00 17989801984.00 18001260544.00 18012413952.00 18023811072.00 18035083264.00 18046306304.00 18057592832.00 18068848640.00 18080088064.00 18091171840.00 
18096138240.00 18114635776.00 18125684736.00 18136948736.00 18148147200.00 18159380480.00 18170669056.00 18181996544.00 18193164288.00 18204542976.00 18215716864.00 18227079168.00 18238400512.00 18249840640.00 18260918272.00 18272200704.00 18283364352.00 18294669312.00 18306211840.00 18316969984.00 
18328469504.00 18340028416.00 18351341568.00 18362621952.00 18373789696.00 18383116288.00 18396506112.00 18407802880.00 18419099648.00 18430375936.00 18441553920.00 18452989952.00 18464024576.00 18475524096.00 18486845440.00 18498021376.00 18509160448.00 18520858624.00 18532044800.00 18543355904.00 
18553974784.00 18565648384.00 18577197056.00 18588569600.00 18599733248.00 18611009536.00 18622306304.00 18633015296.00 18644729856.00 18656225280.00 18666717184.00 18678777856.00 18689972224.00 18701438976.00 18712696832.00 18723880960.00 18735202304.00 18746537984.00 18757863424.00 18769164288.00 
18780135424.00 18791559168.00 18803064832.00 18814246912.00 18825291776.00 18836717568.00 18847768576.00 18860451840.00 18870988800.00 18882256896.00 18893334528.00 18904793088.00 18915911680.00 18927294464.00 18938580992.00 18949488640.00 18961160192.00 18972442624.00 18983772160.00 18994937856.00 
19005018112.00 19017654272.00 19028924416.00 19040221184.00 19051327488.00 19062761472.00 19074078720.00 19085371392.00 19096565760.00 19108018176.00 19119101952.00 19130527744.00 19141617664.00 19153219584.00 19164479488.00 19175710720.00 19186780160.00 19198631936.00 19209562112.00 19220910080.00 
19230529536.00 19243536384.00 19254734848.00 19266082816.00 19277287424.00 19288619008.00 19299981312.00 19311163392.00 19322456064.00 19333793792.00 19344924672.00 19356383232.00 19367372800.00 19378814976.00 19389501440.00 19401846784.00 19412938752.00 19424296960.00 19435524096.00 19446730752.00 
19457431552.00 19469445120.00 19480625152.00 19491940352.00 19503110144.00 19514126336.00 19525758976.00 19537031168.00 19548164096.00 19559704576.00 19570864128.00 19582328832.00 19593517056.00 19604764672.00 19616233472.00 19627421696.00 19638654976.00 19650050048.00 19661305856.00 19672485888.00 
19683614720.00 19695138816.00 19706650624.00 19717775360.00 19728838656.00 19740315648.00 19751565312.00 19762966528.00 19774138368.00 19785414656.00 19792594944.00 19808251904.00 19819399168.00 19830765568.00 19842017280.00 19853246464.00 19864516608.00 19875813376.00 19887194112.00 19898480640.00 
19908427776.00 19921016832.00 19932399616.00 19943649280.00 19954872320.00 19966279680.00 19977558016.00 19988928512.00 20000000000.00 20011395072.00 20022583296.00 20034058240.00 20045246464.00 20056582144.00 20067811328.00 20078721024.00 20090144768.00 20101564416.00 20113645568.00 20124442624.00 
20135370752.00 20146958336.00 20158259200.00 20169510912.00 20180719616.00 20192036864.00 20203411456.00 20214681600.00 20225918976.00 20237246464.00 20248463360.00 20259831808.00 20270899200.00 20282337280.00 20293740544.00 20304996352.00 20316289024.00 20327585792.00 20338882560.00 20350136320.00 
20358125568.00 20372936704.00 20384149504.00 20395388928.00 20406671360.00 20417939456.00 20429228032.00 20440528896.00 20451592192.00 20463134720.00 20474331136.00 20485713920.00 20496977920.00 20508303360.00 20519680000.00 20530823168.00 20542015488.00 20553474048.00 20564271104.00 20576124928.00 
20587065344.00 20598677504.00 20609943552.00 20621162496.00 20632285184.00 20643405824.00 20654843904.00 20666425344.00 20677668864.00 20689022976.00 20700137472.00 20711723008.00 20722692096.00 20733929472.00 20745537536.00 20756674560.00 20767965184.00 20779337728.00 20790636544.00 20801927168.00 
20811868160.00 20824463360.00 20835733504.00 20847040512.00 20858335232.00 20869578752.00 20880539648.00 20892346368.00 20903434240.00 20914796544.00 20925321216.00 20937402368.00 20948756480.00 20960026624.00 20971278336.00 20982489088.00 20993609728.00 21004802048.00 21016539136.00 21027796992.00 
21038764032.00 21050312704.00 21061443584.00 21072807936.00 21084108800.00 21095454720.00 21106733056.00 21118236672.00 21129367552.00 21140725760.00 21151832064.00 21163630592.00 21174323200.00 21185681408.00 21197056000.00 21206353920.00 21219727360.00 21231089664.00 21242304512.00 21253619712.00 
21264240640.00 21276205056.00 21287397376.00 21298839552.00 21310031872.00 21321312256.00 21332652032.00 21343911936.00 21354956800.00 21366839296.00 21377691648.00 21389133824.00 21400428544.00 21411680256.00 21422962688.00 21434329088.00 21445470208.00 21456910336.00 21468198912.00 21479561216.00 
21489078272.00 21502148608.00 21513347072.00 21524609024.00 21535649792.00 21547241472.00 21558499328.00 21570043904.00 21580996608.00 21592152064.00 21603500032.00 21614921728.00 21626124288.00 21637087232.00 21648869376.00 21660108800.00 21671364608.00 21682771968.00 21693988864.00 21705273344.00 
21715251200.00 21727870976.00 21739147264.00 21750274048.00 21761683456.00 21772638208.00 21784504320.00 21795555328.00 21806782464.00 21818269696.00 21829328896.00 21840447488.00 21852026880.00 21863346176.00 21874653184.00 21885882368.00 21897015296.00 21908436992.00 21919870976.00 21931106304.00 
21942102016.00 21953644544.00 21964916736.00 21976330240.00 21987444736.00 21998770176.00 22010251264.00 22021410816.00 22032664576.00 22044039168.00 22054463488.00 22066571264.00 22077626368.00 22089156608.00 22100391936.00 22111670272.00 22122958848.00 22134427648.00 22145570816.00 22156861440.00 
22167517184.00 22179448832.00 22190704640.00 22202097664.00 22213269504.00 22224551936.00 22235832320.00 22247174144.00 22258227200.00 22269833216.00 22280851456.00 22292125696.00 22303522816.00 22314885120.00 22326071296.00 22337021952.00 22348578816.00 22359834624.00 22371164160.00 22382452736.00 
22393440256.00 22405025792.00 22416289792.00 22427500544.00 22438518784.00 22449950720.00 22461237248.00 22472476672.00 22483712000.00 22494896128.00 22505943040.00 22517301248.00 22528331776.00 22539507712.00 22550564864.00 22561386496.00 22572156928.00 22582599680.00 22591965184.00 22597623808.00 
end   dump: w
==END   DUMP_ARRAYS==
Time in seconds = 0.091282
