Sender: LSF System <lsfadmin@polus-c3-ib.bmc.hpc.cs.msu.ru>
Subject: Job 493720: <./large.o> in cluster <MSUCluster> Done

Job <./large.o> was submitted from host <polus-ib.bmc.hpc.cs.msu.ru> by user <edu-cmc-skpod19-328-11> in cluster <MSUCluster> at Fri Nov 29 23:37:29 2019
Job was executed on host(s) <2*polus-c3-ib.bmc.hpc.cs.msu.ru>, in queue <short>, as user <edu-cmc-skpod19-328-11> in cluster <MSUCluster> at Fri Nov 29 23:38:00 2019
</home_edu/edu-cmc-skpod19-328/edu-cmc-skpod19-328-11> was used as the home directory.
</home_edu/edu-cmc-skpod19-328/edu-cmc-skpod19-328-11/dep_gemver> was used as the working directory.
Started at Fri Nov 29 23:38:00 2019
Terminated at Fri Nov 29 23:38:02 2019
Results reported at Fri Nov 29 23:38:02 2019

Your job looked like:

------------------------------------------------------------
# LSBATCH: User input
./large.o
------------------------------------------------------------

Successfully completed.

Resource usage summary:

    CPU time :                                   9.52 sec.
    Max Memory :                                 40 MB
    Average Memory :                             27.00 MB
    Total Requested Memory :                     -
    Delta Memory :                               -
    Max Swap :                                   -
    Max Processes :                              3
    Max Threads :                                163
    Run time :                                   1 sec.
    Turnaround time :                            33 sec.

The output (if any) follows:

==BEGIN DUMP_ARRAYS==
begin dump: w
0.00 0.00 0.00 0.00 0.00 0.00 0.00 0.00 0.00 0.00 0.00 0.00 0.00 0.00 0.00 0.00 0.00 0.00 0.00 0.00 
0.00 0.00 0.00 0.00 0.00 0.00 0.00 0.00 0.00 0.00 0.00 0.00 0.00 0.00 0.00 0.00 0.00 0.00 0.00 0.00 
0.00 0.00 0.00 0.00 0.00 0.00 0.00 0.00 0.00 0.00 0.00 0.00 0.00 0.00 0.00 0.00 0.00 0.00 0.00 0.00 
0.00 0.00 0.00 0.00 0.00 0.00 0.00 0.00 0.00 0.00 0.00 0.00 0.00 0.00 0.00 0.00 0.00 0.00 0.00 0.00 
0.00 0.00 0.00 0.00 0.00 0.00 0.00 0.00 0.00 0.00 0.00 0.00 0.00 0.00 0.00 0.00 0.00 0.00 0.00 0.00 
0.00 0.00 0.00 0.00 0.00 0.00 0.00 0.00 0.00 0.00 0.00 0.00 0.00 0.00 0.00 0.00 0.00 0.00 0.00 0.00 
0.00 0.00 0.00 0.00 0.00 0.00 0.00 0.00 0.00 0.00 0.00 0.00 0.00 0.00 0.00 0.00 0.00 0.00 0.00 0.00 
0.00 0.00 0.00 0.00 0.00 0.00 0.00 0.00 0.00 0.00 0.00 0.00 0.00 0.00 0.00 0.00 0.00 0.00 0.00 0.00 
0.00 0.00 0.00 0.00 0.00 0.00 0.00 0.00 0.00 0.00 0.00 0.00 0.00 0.00 0.00 0.00 0.00 0.00 0.00 0.00 
0.00 0.00 0.00 0.00 0.00 0.00 0.00 0.00 0.00 0.00 0.00 0.00 0.00 0.00 0.00 0.00 0.00 0.00 0.00 0.00 
0.00 0.00 0.00 0.00 0.00 0.00 0.00 0.00 0.00 0.00 0.00 0.00 0.00 0.00 0.00 0.00 0.00 0.00 0.00 0.00 
0.00 0.00 0.00 0.00 0.00 0.00 0.00 0.00 0.00 0.00 0.00 0.00 0.00 0.00 0.00 0.00 0.00 0.00 0.00 0.00 
0.00 0.00 0.00 0.00 0.00 0.00 0.00 0.00 0.00 0.00 0.00 0.00 0.00 0.00 0.00 0.00 0.00 0.00 0.00 0.00 
0.00 0.00 0.00 0.00 0.00 0.00 0.00 0.00 0.00 0.00 0.00 0.00 0.00 0.00 0.00 0.00 0.00 0.00 0.00 0.00 
0.00 0.00 0.00 0.00 0.00 0.00 0.00 0.00 0.00 0.00 0.00 0.00 0.00 0.00 0.00 0.00 0.00 0.00 0.00 0.00 
0.00 0.00 0.00 0.00 0.00 0.00 0.00 0.00 0.00 0.00 0.00 0.00 0.00 0.00 0.00 0.00 0.00 0.00 0.00 0.00 
0.00 0.00 0.00 0.00 0.00 0.00 0.00 0.00 0.00 0.00 0.00 0.00 0.00 0.00 0.00 0.00 0.00 0.00 0.00 0.00 
0.00 0.00 0.00 0.00 0.00 0.00 0.00 0.00 0.00 0.00 0.00 0.00 0.00 0.00 0.00 0.00 0.00 0.00 0.00 0.00 
0.00 0.00 0.00 0.00 0.00 0.00 0.00 0.00 0.00 0.00 0.00 0.00 0.00 0.00 0.00 0.00 0.00 0.00 0.00 0.00 
0.00 0.00 0.00 0.00 0.00 0.00 0.00 0.00 0.00 0.00 0.00 0.00 0.00 0.00 0.00 0.00 0.00 0.00 0.00 0.00 
0.00 0.00 0.00 0.00 0.00 0.00 0.00 0.00 0.00 0.00 0.00 0.00 0.00 0.00 0.00 0.00 0.00 0.00 0.00 0.00 
0.00 0.00 0.00 0.00 0.00 0.00 0.00 0.00 0.00 0.00 0.00 0.00 0.00 0.00 0.00 0.00 0.00 0.00 0.00 0.00 
0.00 0.00 0.00 0.00 0.00 0.00 0.00 0.00 0.00 0.00 0.00 0.00 0.00 0.00 0.00 0.00 0.00 0.00 0.00 0.00 
0.00 0.00 0.00 0.00 0.00 0.00 0.00 0.00 0.00 0.00 0.00 0.00 0.00 0.00 0.00 0.00 0.00 0.00 0.00 0.00 
0.00 0.00 0.00 0.00 0.00 0.00 0.00 0.00 0.00 0.00 0.00 0.00 0.00 0.00 0.00 0.00 0.00 0.00 0.00 0.00 
0.00 0.00 0.00 0.00 0.00 0.00 0.00 0.00 0.00 0.00 0.00 0.00 0.00 0.00 0.00 0.00 0.00 0.00 0.00 0.00 
0.00 0.00 0.00 0.00 0.00 0.00 0.00 0.00 0.00 0.00 0.00 0.00 0.00 0.00 0.00 0.00 0.00 0.00 0.00 0.00 
0.00 0.00 0.00 0.00 0.00 0.00 0.00 0.00 0.00 0.00 0.00 0.00 0.00 0.00 0.00 0.00 0.00 0.00 0.00 0.00 
0.00 0.00 0.00 0.00 0.00 0.00 0.00 0.00 0.00 0.00 0.00 0.00 0.00 0.00 0.00 0.00 0.00 0.00 0.00 0.00 
0.00 0.00 0.00 0.00 0.00 0.00 0.00 0.00 0.00 0.00 0.00 0.00 0.00 0.00 0.00 0.00 0.00 0.00 0.00 0.00 
0.00 0.00 0.00 0.00 0.00 0.00 0.00 0.00 0.00 0.00 0.00 0.00 0.00 0.00 0.00 0.00 0.00 0.00 0.00 0.00 
0.00 0.00 0.00 0.00 0.00 0.00 0.00 0.00 0.00 0.00 0.00 0.00 0.00 0.00 0.00 0.00 0.00 0.00 0.00 0.00 
0.00 0.00 0.00 0.00 0.00 0.00 0.00 0.00 0.00 0.00 0.00 0.00 0.00 0.00 0.00 0.00 0.00 0.00 0.00 0.00 
0.00 0.00 0.00 0.00 0.00 0.00 0.00 0.00 0.00 0.00 0.00 0.00 0.00 0.00 0.00 0.00 0.00 0.00 0.00 0.00 
0.00 0.00 0.00 0.00 0.00 0.00 0.00 0.00 0.00 0.00 0.00 0.00 0.00 0.00 0.00 0.00 0.00 0.00 0.00 0.00 
0.00 0.00 0.00 0.00 0.00 0.00 0.00 0.00 0.00 0.00 0.00 0.00 0.00 0.00 0.00 0.00 0.00 0.00 0.00 0.00 
0.00 0.00 0.00 0.00 0.00 0.00 0.00 0.00 0.00 0.00 0.00 0.00 0.00 0.00 0.00 0.00 0.00 0.00 0.00 0.00 
0.00 0.00 0.00 0.00 0.00 0.00 0.00 0.00 0.00 0.00 0.00 0.00 0.00 0.00 0.00 0.00 0.00 0.00 0.00 0.00 
0.00 0.00 0.00 0.00 0.00 0.00 0.00 0.00 0.00 0.00 0.00 0.00 0.00 0.00 0.00 0.00 0.00 0.00 0.00 0.00 
0.00 0.00 0.00 0.00 0.00 0.00 0.00 0.00 0.00 0.00 0.00 0.00 0.00 0.00 0.00 0.00 0.00 0.00 0.00 0.00 
0.00 0.00 0.00 0.00 0.00 0.00 0.00 0.00 0.00 0.00 0.00 0.00 0.00 0.00 0.00 0.00 0.00 0.00 0.00 0.00 
0.00 0.00 0.00 0.00 0.00 0.00 0.00 0.00 0.00 0.00 0.00 0.00 0.00 0.00 0.00 0.00 0.00 0.00 0.00 0.00 
0.00 0.00 0.00 0.00 0.00 0.00 0.00 0.00 0.00 0.00 0.00 0.00 0.00 0.00 0.00 0.00 0.00 0.00 0.00 0.00 
0.00 0.00 0.00 0.00 0.00 0.00 0.00 0.00 0.00 0.00 0.00 0.00 0.00 0.00 0.00 0.00 0.00 0.00 0.00 0.00 
0.00 0.00 0.00 0.00 0.00 0.00 0.00 0.00 0.00 0.00 0.00 0.00 0.00 0.00 0.00 0.00 0.00 0.00 0.00 0.00 
0.00 0.00 0.00 0.00 0.00 0.00 0.00 0.00 0.00 0.00 0.00 0.00 0.00 0.00 0.00 0.00 0.00 0.00 0.00 0.00 
0.00 0.00 0.00 0.00 0.00 0.00 0.00 0.00 0.00 0.00 0.00 0.00 0.00 0.00 0.00 0.00 0.00 0.00 0.00 0.00 
0.00 0.00 0.00 0.00 0.00 0.00 0.00 0.00 0.00 0.00 0.00 0.00 0.00 0.00 0.00 0.00 0.00 0.00 0.00 0.00 
0.00 0.00 0.00 0.00 0.00 0.00 0.00 0.00 0.00 0.00 0.00 0.00 0.00 0.00 0.00 0.00 0.00 0.00 0.00 0.00 
0.00 0.00 0.00 0.00 0.00 0.00 0.00 0.00 0.00 0.00 0.00 0.00 0.00 0.00 0.00 0.00 0.00 0.00 0.00 0.00 
0.00 0.00 0.00 0.00 0.00 0.00 0.00 0.00 0.00 0.00 0.00 0.00 0.00 0.00 0.00 0.00 0.00 0.00 0.00 0.00 
0.00 0.00 0.00 0.00 0.00 0.00 0.00 0.00 0.00 0.00 0.00 0.00 0.00 0.00 0.00 0.00 0.00 0.00 0.00 0.00 
0.00 0.00 0.00 0.00 0.00 0.00 0.00 0.00 0.00 0.00 0.00 0.00 0.00 0.00 0.00 0.00 0.00 0.00 0.00 0.00 
0.00 0.00 0.00 0.00 0.00 0.00 0.00 0.00 0.00 0.00 0.00 0.00 0.00 0.00 0.00 0.00 0.00 0.00 0.00 0.00 
0.00 0.00 0.00 0.00 0.00 0.00 0.00 0.00 0.00 0.00 0.00 0.00 0.00 0.00 0.00 0.00 0.00 0.00 0.00 0.00 
0.00 0.00 0.00 0.00 0.00 0.00 0.00 0.00 0.00 0.00 0.00 0.00 0.00 0.00 0.00 0.00 0.00 0.00 0.00 0.00 
0.00 0.00 0.00 0.00 0.00 0.00 0.00 0.00 0.00 0.00 0.00 0.00 0.00 0.00 0.00 0.00 0.00 0.00 0.00 0.00 
0.00 0.00 0.00 0.00 0.00 0.00 0.00 0.00 0.00 0.00 0.00 0.00 0.00 0.00 0.00 0.00 0.00 0.00 0.00 0.00 
0.00 0.00 0.00 0.00 0.00 0.00 0.00 0.00 0.00 0.00 0.00 0.00 0.00 0.00 0.00 0.00 0.00 0.00 0.00 0.00 
0.00 0.00 0.00 0.00 0.00 0.00 0.00 0.00 0.00 0.00 0.00 0.00 0.00 0.00 0.00 0.00 0.00 0.00 0.00 0.00 
0.00 0.00 0.00 0.00 0.00 0.00 0.00 0.00 0.00 0.00 0.00 0.00 0.00 0.00 0.00 0.00 0.00 0.00 0.00 0.00 
0.00 0.00 0.00 0.00 0.00 0.00 0.00 0.00 0.00 0.00 0.00 0.00 0.00 0.00 0.00 0.00 0.00 0.00 0.00 0.00 
0.00 0.00 0.00 0.00 0.00 0.00 0.00 0.00 0.00 0.00 0.00 0.00 0.00 0.00 0.00 0.00 0.00 0.00 0.00 0.00 
0.00 0.00 0.00 0.00 0.00 0.00 0.00 0.00 0.00 0.00 0.00 0.00 0.00 0.00 0.00 0.00 0.00 0.00 0.00 0.00 
0.00 0.00 0.00 0.00 0.00 0.00 0.00 0.00 0.00 0.00 0.00 0.00 0.00 0.00 0.00 0.00 0.00 0.00 0.00 0.00 
0.00 0.00 0.00 0.00 0.00 0.00 0.00 0.00 0.00 0.00 0.00 0.00 0.00 0.00 0.00 0.00 0.00 0.00 0.00 0.00 
0.00 0.00 0.00 0.00 0.00 0.00 0.00 0.00 0.00 0.00 0.00 0.00 0.00 0.00 0.00 0.00 0.00 0.00 0.00 0.00 
0.00 0.00 0.00 0.00 0.00 0.00 0.00 0.00 0.00 0.00 0.00 0.00 0.00 0.00 0.00 0.00 0.00 0.00 0.00 0.00 
0.00 0.00 0.00 0.00 0.00 0.00 0.00 0.00 0.00 0.00 0.00 0.00 0.00 0.00 0.00 0.00 0.00 0.00 0.00 0.00 
0.00 0.00 0.00 0.00 0.00 0.00 0.00 0.00 0.00 0.00 0.00 0.00 0.00 0.00 0.00 0.00 0.00 0.00 0.00 0.00 
0.00 0.00 0.00 0.00 0.00 0.00 0.00 0.00 0.00 0.00 0.00 0.00 0.00 0.00 0.00 0.00 0.00 0.00 0.00 0.00 
0.00 0.00 0.00 0.00 0.00 0.00 0.00 0.00 0.00 0.00 0.00 0.00 0.00 0.00 0.00 0.00 0.00 0.00 0.00 0.00 
0.00 0.00 0.00 0.00 0.00 0.00 0.00 0.00 0.00 0.00 0.00 0.00 0.00 0.00 0.00 0.00 0.00 0.00 0.00 0.00 
0.00 0.00 0.00 0.00 0.00 0.00 0.00 0.00 0.00 0.00 0.00 0.00 0.00 0.00 0.00 0.00 0.00 0.00 0.00 0.00 
0.00 0.00 0.00 0.00 0.00 0.00 0.00 0.00 0.00 0.00 0.00 0.00 0.00 0.00 0.00 0.00 0.00 0.00 0.00 0.00 
0.00 0.00 0.00 0.00 0.00 0.00 0.00 0.00 0.00 0.00 0.00 0.00 0.00 0.00 0.00 0.00 0.00 0.00 0.00 0.00 
0.00 0.00 0.00 0.00 0.00 0.00 0.00 0.00 0.00 0.00 0.00 0.00 0.00 0.00 0.00 0.00 0.00 0.00 0.00 0.00 
0.00 0.00 0.00 0.00 0.00 0.00 0.00 0.00 0.00 0.00 0.00 0.00 0.00 0.00 0.00 0.00 0.00 0.00 0.00 0.00 
0.00 0.00 0.00 0.00 0.00 0.00 0.00 0.00 0.00 0.00 0.00 0.00 0.00 0.00 0.00 0.00 0.00 0.00 0.00 0.00 
0.00 0.00 0.00 0.00 0.00 0.00 0.00 0.00 0.00 0.00 0.00 0.00 0.00 0.00 0.00 0.00 0.00 0.00 0.00 0.00 
0.00 0.00 0.00 0.00 0.00 0.00 0.00 0.00 0.00 0.00 0.00 0.00 0.00 0.00 0.00 0.00 0.00 0.00 0.00 0.00 
0.00 0.00 0.00 0.00 0.00 0.00 0.00 0.00 0.00 0.00 0.00 0.00 0.00 0.00 0.00 0.00 0.00 0.00 0.00 0.00 
0.00 0.00 0.00 0.00 0.00 0.00 0.00 0.00 0.00 0.00 0.00 0.00 0.00 0.00 0.00 0.00 0.00 0.00 0.00 0.00 
0.00 0.00 0.00 0.00 0.00 0.00 0.00 0.00 0.00 0.00 0.00 0.00 0.00 0.00 0.00 0.00 0.00 0.00 0.00 0.00 
0.00 0.00 0.00 0.00 0.00 0.00 0.00 0.00 0.00 0.00 0.00 0.00 0.00 0.00 0.00 0.00 0.00 0.00 0.00 0.00 
0.00 0.00 0.00 0.00 0.00 0.00 0.00 0.00 0.00 0.00 0.00 0.00 0.00 0.00 0.00 0.00 0.00 0.00 0.00 0.00 
0.00 0.00 0.00 0.00 0.00 0.00 0.00 0.00 0.00 0.00 0.00 0.00 0.00 0.00 0.00 0.00 0.00 0.00 0.00 0.00 
0.00 0.00 0.00 0.00 0.00 0.00 0.00 0.00 0.00 0.00 0.00 0.00 0.00 0.00 0.00 0.00 0.00 0.00 0.00 0.00 
0.00 0.00 0.00 0.00 0.00 0.00 0.00 0.00 0.00 0.00 0.00 0.00 0.00 0.00 0.00 0.00 0.00 0.00 0.00 0.00 
0.00 0.00 0.00 0.00 0.00 0.00 0.00 0.00 0.00 0.00 0.00 0.00 0.00 0.00 0.00 0.00 0.00 0.00 0.00 0.00 
0.00 0.00 0.00 0.00 0.00 0.00 0.00 0.00 0.00 0.00 0.00 0.00 0.00 0.00 0.00 0.00 0.00 0.00 0.00 0.00 
0.00 0.00 0.00 0.00 0.00 0.00 0.00 0.00 0.00 0.00 0.00 0.00 0.00 0.00 0.00 0.00 0.00 0.00 0.00 0.00 
0.00 0.00 0.00 0.00 0.00 0.00 0.00 0.00 0.00 0.00 0.00 0.00 0.00 0.00 0.00 0.00 0.00 0.00 0.00 0.00 
0.00 0.00 0.00 0.00 0.00 0.00 0.00 0.00 0.00 0.00 0.00 0.00 0.00 0.00 0.00 0.00 0.00 0.00 0.00 0.00 
0.00 0.00 0.00 0.00 0.00 0.00 0.00 0.00 0.00 0.00 0.00 0.00 0.00 0.00 0.00 0.00 0.00 0.00 0.00 0.00 
0.00 0.00 0.00 0.00 0.00 0.00 0.00 0.00 0.00 0.00 0.00 0.00 0.00 0.00 0.00 0.00 0.00 0.00 0.00 0.00 
0.00 0.00 0.00 0.00 0.00 0.00 0.00 0.00 0.00 0.00 0.00 0.00 0.00 0.00 0.00 0.00 0.00 0.00 0.00 0.00 
0.00 0.00 0.00 0.00 0.00 0.00 0.00 0.00 0.00 0.00 0.00 0.00 0.00 0.00 0.00 0.00 0.00 0.00 0.00 0.00 
0.00 0.00 0.00 0.00 0.00 0.00 0.00 0.00 0.00 0.00 0.00 0.00 0.00 0.00 0.00 0.00 0.00 0.00 0.00 0.00 
0.00 0.00 0.00 0.00 0.00 0.00 0.00 0.00 0.00 0.00 0.00 0.00 0.00 0.00 0.00 0.00 0.00 0.00 0.00 0.00 
end   dump: w
==END   DUMP_ARRAYS==
==BEGIN DUMP_ARRAYS==
begin dump: w
1862.89 55857032.00 61463516.00 70737136.00 80924152.00 91511352.00 102391504.00 113338368.00 124197608.00 135333088.00 146245984.00 157484896.00 168499344.00 179674016.00 190768240.00 201825952.00 212797424.00 224184608.00 235274080.00 246464288.00 
257300336.00 268783328.00 279948928.00 291194240.00 302116064.00 312976512.00 324606304.00 335658368.00 346820256.00 358189312.00 369078880.00 380297728.00 391314560.00 402722880.00 413890688.00 424964160.00 436172864.00 447355200.00 458566208.00 469772608.00 
480287328.00 492096544.00 503254944.00 514347936.00 525572416.00 536728384.00 547972288.00 559140672.00 570053056.00 581507968.00 591836416.00 603826240.00 614972800.00 626204032.00 637193024.00 648455936.00 659577280.00 670828672.00 682089216.00 693271808.00 
704065664.00 715597056.00 726687296.00 738042048.00 748875584.00 760230912.00 771452160.00 782684928.00 793776896.00 805363200.00 816021632.00 827275392.00 838421952.00 849765760.00 860680128.00 871651840.00 883201856.00 894612224.00 905597632.00 916779456.00 
926624256.00 939134528.00 950294336.00 961434368.00 972616576.00 983722496.00 994950144.00 1006657856.00 1017262528.00 1028572928.00 1039560768.00 1051147456.00 1062049344.00 1073019136.00 1084399232.00 1095459840.00 1106557440.00 1117996672.00 1129112704.00 1140212352.00 
1149844096.00 1162611200.00 1173831936.00 1185005824.00 1196088448.00 1207234944.00 1218573952.00 1229786496.00 1240823552.00 1252082944.00 1263111552.00 1274172672.00 1285424256.00 1296864896.00 1307962880.00 1319112192.00 1330319360.00 1341487232.00 1352779648.00 1363883136.00 
1374415488.00 1386236416.00 1397425408.00 1408579712.00 1419696384.00 1428854912.00 1442207616.00 1453495936.00 1464260736.00 1475321088.00 1486705408.00 1497981696.00 1509142656.00 1520260864.00 1531619712.00 1542690304.00 1553810560.00 1565247232.00 1576441344.00 1587490304.00 
1598316288.00 1609784064.00 1620916096.00 1632552704.00 1643148032.00 1654493440.00 1665724928.00 1676859392.00 1687931776.00 1699266688.00 1709605888.00 1721632512.00 1732649728.00 1743849216.00 1755542272.00 1766290816.00 1777452416.00 1788725888.00 1799899008.00 1811073792.00 
1820896256.00 1833412992.00 1844519680.00 1855743744.00 1866889984.00 1878018048.00 1889165824.00 1900694272.00 1911567488.00 1922707456.00 1933850240.00 1945164160.00 1956294016.00 1967530752.00 1978925952.00 1989497600.00 2000809216.00 2012336896.00 2023394560.00 2034593024.00 
2045426944.00 2056911872.00 2068630400.00 2079339008.00 2090417664.00 2101634432.00 2112747904.00 2124042112.00 2135168256.00 2146411904.00 2157398528.00 2168773376.00 2179692800.00 2191132416.00 2202295296.00 2213360896.00 2224561152.00 2235804928.00 2246915840.00 2258051072.00 
2266034176.00 2280604160.00 2291712512.00 2302922240.00 2314010880.00 2325159936.00 2336429312.00 2347725824.00 2358549760.00 2370008064.00 2380962048.00 2392372224.00 2403468288.00 2414694912.00 2425831936.00 2436970752.00 2448088064.00 2459403264.00 2470535680.00 2481749504.00 
2492580352.00 2504086784.00 2514679552.00 2526679552.00 2537472256.00 2548489984.00 2560045312.00 2571219968.00 2582331648.00 2593512192.00 2604582912.00 2615958272.00 2626981632.00 2638182144.00 2649406208.00 2660462592.00 2671784192.00 2683005440.00 2694103296.00 2705408512.00 
2715194112.00 2727727872.00 2738849536.00 2750148864.00 2761236224.00 2772361472.00 2783571456.00 2794748160.00 2805777408.00 2817017344.00 2824183552.00 2839640064.00 2850711296.00 2861878528.00 2873133056.00 2884165120.00 2895160576.00 2906588416.00 2917585152.00 2928996864.00 
2939788288.00 2951428864.00 2962456576.00 2973630720.00 2984695552.00 2995908352.00 3007097088.00 3018474752.00 3029507328.00 3040672000.00 3051742720.00 3063051520.00 3073983232.00 3085523712.00 3096664832.00 3107386624.00 3118999040.00 3130161152.00 3141332736.00 3152419072.00 
3163008256.00 3174917888.00 3185964032.00 3197128704.00 3208243712.00 3219227904.00 3231532032.00 3242150912.00 3252959232.00 3264370688.00 3275369216.00 3286721024.00 3297814528.00 3309109248.00 3320120064.00 3331295744.00 3342400512.00 3353736448.00 3364922624.00 3376066560.00 
3385605120.00 3398437632.00 3409638912.00 3420484096.00 3431736064.00 3443072000.00 3454291456.00 3465459968.00 3476854528.00 3487924736.00 3498923520.00 3510220288.00 3521293312.00 3532635392.00 3543766784.00 3554872064.00 3566224896.00 3577300224.00 3588474112.00 3599651840.00 
3609530624.00 3622143744.00 3633177088.00 3644397312.00 3655497472.00 3666322688.00 3677901824.00 3689093888.00 3700145920.00 3711366144.00 3722422016.00 3733690624.00 3744744448.00 3755248640.00 3767795200.00 3778646528.00 3789575424.00 3800985088.00 3812046080.00 3823473920.00 
3834149888.00 3845637376.00 3856791808.00 3868041472.00 3879042048.00 3890342144.00 3901502720.00 3912681984.00 3923934208.00 3935116288.00 3945406976.00 3957437696.00 3968309760.00 3980417024.00 3990981376.00 4002074112.00 4013251072.00 4024419840.00 4035641344.00 4047107840.00 
4057346816.00 4069175808.00 4080322304.00 4091421184.00 4102926592.00 4113908480.00 4125085696.00 4136313600.00 4147205632.00 4158611456.00 4169632256.00 4180995584.00 4192067584.00 4203343872.00 4214504448.00 4223616512.00 4236802816.00 4248086016.00 4259222784.00 4270427904.00 
4281263360.00 4293288192.00 4303901696.00 4315348992.00 4326047232.00 4337440768.00 4348740608.00 4359732224.00 4370949120.00 4382253568.00 4393205248.00 4404546048.00 4415583744.00 4426886144.00 4438068224.00 4449147392.00 4460315136.00 4471493632.00 4482591744.00 4493566464.00 
4498503168.00 4516785664.00 4527727616.00 4538885120.00 4549938688.00 4561070592.00 4572278784.00 4583486464.00 4594529280.00 4605803520.00 4616845312.00 4628228096.00 4639332864.00 4650523648.00 4661743616.00 4672798720.00 4683795968.00 4695290880.00 4706410496.00 4717595648.00 
4728435712.00 4739390976.00 4751094784.00 4762292224.00 4773341696.00 4784263680.00 4795840000.00 4807030272.00 4818068480.00 4829488640.00 4840436224.00 4851734016.00 4862673920.00 4874198016.00 4885263872.00 4896470016.00 4907594240.00 4918826496.00 4929974784.00 4940905984.00 
4951690240.00 4963508736.00 4974674432.00 4985825792.00 4996735488.00 5008408064.00 5019492352.00 5030639104.00 5041559552.00 5053189120.00 5063351808.00 5075355648.00 5086477824.00 5097696256.00 5108840448.00 5120004096.00 5131093504.00 5142343168.00 5153525248.00 5164573184.00 
5175585280.00 5187010048.00 5198391296.00 5209522688.00 5220406272.00 5231728128.00 5242951168.00 5254164480.00 5265267200.00 5276520448.00 5287516672.00 5298978816.00 5309965824.00 5321275904.00 5332434944.00 5343209472.00 5354617344.00 5365984256.00 5377145344.00 5388338176.00 
5398168576.00 5410557952.00 5421839872.00 5433083904.00 5444157952.00 5455375360.00 5466577920.00 5477757440.00 5488815104.00 5500132352.00 5511112704.00 5522432512.00 5533556224.00 5544779264.00 5555917824.00 5567007232.00 5577973760.00 5589350912.00 5600406528.00 5611238400.00 
5614761472.00 5634950144.00 5645798400.00 5656898048.00 5667866624.00 5679046144.00 5690211840.00 5701402624.00 5712595968.00 5723759616.00 5734819328.00 5746121216.00 5757056512.00 5768492032.00 5779624448.00 5790741504.00 5801882624.00 5813113856.00 5824352768.00 5835567104.00 
5846056960.00 5857793536.00 5869109248.00 5880209920.00 5891390464.00 5902183936.00 5913681408.00 5924994560.00 5935889408.00 5947292160.00 5958335488.00 5969673216.00 5980773376.00 5991898112.00 6003239936.00 6014335488.00 6025449984.00 6036743680.00 6047855104.00 6059055104.00 
6069952000.00 6081483776.00 6092600832.00 6103800320.00 6114687488.00 6125920768.00 6137494016.00 6148489728.00 6159707136.00 6170696704.00 6181258240.00 6193195008.00 6204336128.00 6215628288.00 6226775552.00 6237846528.00 6249142784.00 6260353536.00 6271455232.00 6282614784.00 
6292529664.00 6305079808.00 6316209152.00 6327387648.00 6338463232.00 6349654016.00 6360793600.00 6372057088.00 6383129600.00 6394391552.00 6405357568.00 6416300544.00 6428336128.00 6439297024.00 6450433536.00 6461176832.00 6472507392.00 6483975680.00 6495093760.00 6506410496.00 
6517124096.00 6528603648.00 6539780096.00 6550972416.00 6562056192.00 6573264384.00 6584518144.00 6595682304.00 6606676480.00 6618102272.00 6629077504.00 6640462336.00 6651325952.00 6662769664.00 6673911296.00 6685050880.00 6696231936.00 6707313152.00 6718604800.00 6729742336.00 
6737672704.00 6752303616.00 6763391488.00 6774569472.00 6785697280.00 6796857856.00 6807918080.00 6819230720.00 6830186496.00 6841712128.00 6852653568.00 6863948288.00 6875108864.00 6886323200.00 6897467904.00 6908474368.00 6919857152.00 6931038720.00 6942224384.00 6953307136.00 
6964271616.00 6975758848.00 6986917888.00 6998166528.00 7009028096.00 7018395648.00 7031698432.00 7042841088.00 7053975552.00 7065195008.00 7076227584.00 7087508480.00 7098680832.00 7109944832.00 7121050112.00 7132214272.00 7143348736.00 7154639360.00 7165798400.00 7176950272.00 
7186839040.00 7199285248.00 7210549248.00 7221787648.00 7232792064.00 7243924480.00 7255213568.00 7266255872.00 7277470720.00 7288700928.00 7299106816.00 7311073792.00 7322207232.00 7333376512.00 7344609280.00 7355723264.00 7366706176.00 7378086912.00 7389267456.00 7400414208.00 
7411280896.00 7422730752.00 7433876992.00 7445003776.00 7455930880.00 7466883584.00 7476963840.00 7493757440.00 7502069760.00 7512905216.00 7523776000.00 7535017984.00 7545889280.00 7557300736.00 7568422912.00 7579197952.00 7590678528.00 7601929216.00 7613165056.00 7624252928.00 
7634793984.00 7646611968.00 7657790464.00 7669029888.00 7680055808.00 7691252224.00 7702492160.00 7713639936.00 7724592640.00 7736047616.00 7747066368.00 7758402048.00 7769458688.00 7780732416.00 7791901184.00 7802985472.00 7814184960.00 7825514496.00 7836616704.00 7847751680.00 
7857308672.00 7870125568.00 7881334784.00 7892530176.00 7903420416.00 7914755072.00 7926333440.00 7937224704.00 7948352000.00 7959613952.00 7970615296.00 7981911040.00 7992986112.00 8004247040.00 8015263232.00 8026641408.00 8037770240.00 8049202688.00 8060285952.00 8071354880.00 
8081211392.00 8093716992.00 8104862208.00 8116033536.00 8127174656.00 8138003968.00 8149531648.00 8160479744.00 8171969024.00 8183200256.00 8194193408.00 8205516288.00 8216655872.00 8227848704.00 8239024128.00 8250144256.00 8261126144.00 8272765952.00 8283739648.00 8294888448.00 
8305784320.00 8317328384.00 8328478720.00 8339675136.00 8350683648.00 8361895424.00 8373146112.00 8384440832.00 8395432960.00 8406534144.00 8413752832.00 8429241856.00 8440092160.00 8451500544.00 8462629888.00 8473753600.00 8484949504.00 8496170496.00 8507342848.00 8518526976.00 
8529045504.00 8540860416.00 8552287744.00 8563204096.00 8574349824.00 8585534976.00 8596850688.00 8607937536.00 8618838016.00 8630041600.00 8641402880.00 8652703744.00 8663840768.00 8674982912.00 8686150656.00 8696978432.00 8708427776.00 8719720448.00 8731038720.00 8742115328.00 
8752953344.00 8764445696.00 8775586816.00 8786861056.00 8797730816.00 8809080832.00 8820360192.00 8831505408.00 8842721280.00 8853952512.00 8864904192.00 8876243968.00 8887265280.00 8898533376.00 8909702144.00 8920832000.00 8932004864.00 8943257600.00 8954276864.00 8965264384.00 
8970177536.00 8988470272.00 8999418880.00 9010516992.00 9021630464.00 9032759296.00 9044060160.00 9054980096.00 9066224640.00 9077616640.00 9088532480.00 9099910144.00 9110961152.00 9122148352.00 9133389824.00 9144559616.00 9155491840.00 9166917632.00 9177977856.00 9189283840.00 
9200143360.00 9211612160.00 9222791168.00 9233916928.00 9245126656.00 9255955456.00 9267471360.00 9278663680.00 9289844736.00 9301037056.00 9312078848.00 9323431936.00 9334296576.00 9345565696.00 9357020160.00 9368102912.00 9379271680.00 9390450688.00 9401673728.00 9412857856.00 
9423367168.00 9435198464.00 9446084608.00 9457606656.00 9468687360.00 9479839744.00 9491000320.00 9502279680.00 9513187328.00 9524615168.00 9534999552.00 9546916864.00 9558120448.00 9569344512.00 9580472320.00 9591565312.00 9602597888.00 9612491776.00 9625485312.00 9636534272.00 
9647365120.00 9658841088.00 9669950464.00 9681157120.00 9692107776.00 9703497728.00 9714709504.00 9725931520.00 9737032704.00 9748206592.00 9759287296.00 9770653696.00 9781656576.00 9792894976.00 9804082176.00 9813201920.00 9826449408.00 9837614080.00 9848702976.00 9860023296.00 
9869877248.00 9882388480.00 9893544960.00 9904717824.00 9915853824.00 9927008256.00 9938212864.00 9949396992.00 9960373248.00 9973032960.00 9982944256.00 9994260480.00 10005319680.00 10016553984.00 10027686912.00 10038831104.00 10049807360.00 10061249536.00 10072504320.00 10083589120.00 
10093112320.00 10105976832.00 10117213184.00 10128273408.00 10139363328.00 10150605824.00 10161857536.00 10173041664.00 10184086528.00 10194382848.00 10206498816.00 10217830400.00 10228692992.00 10240001024.00 10251253760.00 10262391808.00 10273572864.00 10284876800.00 10295901184.00 10307256320.00 
10317685760.00 10329476096.00 10340671488.00 10351039488.00 10363079680.00 10373852160.00 10385456128.00 10396627968.00 10407505920.00 10418975744.00 10429978624.00 10441236480.00 10452408320.00 10463519744.00 10474869760.00 10485963776.00 10497093632.00 10508364800.00 10519549952.00 10530732032.00 
10541591552.00 10552904704.00 10564286464.00 10575440896.00 10586377216.00 10597750784.00 10608988160.00 10620125184.00 10631335936.00 10642516992.00 10652893184.00 10664888320.00 10675902464.00 10687261696.00 10698412032.00 10709535744.00 10720697344.00 10731990016.00 10743145472.00 10754309120.00 
10764162048.00 10776636416.00 10787767296.00 10799419392.00 10810140672.00 10821291008.00 10832565248.00 10843685888.00 10854803456.00 10866084864.00 10877131776.00 10888404992.00 10899568640.00 10911069184.00 10921933824.00 10932729856.00 10944065536.00 10955486208.00 10966642688.00 10977830912.00 
10988669952.00 11000159232.00 11011334144.00 11022474240.00 11033548800.00 11044748288.00 11056016384.00 11067046912.00 11078313984.00 11089399808.00 11100488704.00 11111889920.00 11122679808.00 11134006272.00 11145143296.00 11156191232.00 11167247360.00 11178271744.00 11188942848.00 11198706688.00 
11195930624.00 11226713088.00 11236445184.00 11247150080.00 11258060800.00 11269085184.00 11280238592.00 11291406336.00 11302232064.00 11313544192.00 11324605440.00 11336019968.00 11347009536.00 11358376960.00 11369360384.00 11380519936.00 11391632384.00 11402949632.00 11414047744.00 11425249280.00 
11436101632.00 11447595008.00 11458725888.00 11469927424.00 11480845312.00 11491884032.00 11503459328.00 11514341376.00 11525736448.00 11537016832.00 11547983872.00 11559322624.00 11570381824.00 11581717504.00 11592830976.00 11603989504.00 11615176704.00 11626003456.00 11637617664.00 11648776192.00 
11658607616.00 11671106560.00 11682238464.00 11693422592.00 11704616960.00 11715743744.00 11726978048.00 11738156032.00 11749281792.00 11760510976.00 11770884096.00 11782906880.00 11793976320.00 11805297664.00 11816402944.00 11827545088.00 11838553088.00 11849984000.00 11861093376.00 11872509952.00 
11883184128.00 11894673408.00 11905828864.00 11917043712.00 11928103936.00 11939317760.00 11950509056.00 11961894912.00 11972904960.00 11984181248.00 11995153408.00 12006444032.00 12017401856.00 12028796928.00 12039928832.00 12050746368.00 12062245888.00 12074379264.00 12084710400.00 12095934464.00 
12106417152.00 12118154240.00 12129484800.00 12140525568.00 12151752704.00 12162890752.00 12174131200.00 12185410560.00 12196227072.00 12207593472.00 12218613760.00 12231032832.00 12241227776.00 12252375040.00 12263524352.00 12274681856.00 12285829120.00 12297149440.00 12308176896.00 12319433728.00 
12328976384.00 12341825536.00 12352882688.00 12364162048.00 12375106560.00 12386446336.00 12397698048.00 12408870912.00 12419989504.00 12431166464.00 12442163200.00 12452384768.00 12464806912.00 12476010496.00 12487160832.00 12498279424.00 12509456384.00 12520713216.00 12531847168.00 12543039488.00 
12552894464.00 12565385216.00 12576684032.00 12587805696.00 12598858752.00 12608057344.00 12621303808.00 12632514560.00 12643522560.00 12654760960.00 12665830400.00 12677206016.00 12688273408.00 12699484160.00 12710670336.00 12721780736.00 12732813312.00 12744273920.00 12755438592.00 12766568448.00 
12777416704.00 12788875264.00 12799894528.00 12812930048.00 12822584320.00 12833709056.00 12844906496.00 12856085504.00 12867207168.00 12878500864.00 12888782848.00 12900795392.00 12911725568.00 12923141120.00 12934394880.00 12945443840.00 12956633088.00 12967810048.00 12979301376.00 12990229504.00 
13000724480.00 13012553728.00 13023712256.00 13034972160.00 13046041600.00 13057173504.00 13068357632.00 13079839744.00 13090610176.00 13101989888.00 13113044992.00 13124376576.00 13135470592.00 13146749952.00 13157912576.00 13168643072.00 13180061696.00 13191489536.00 13202585600.00 13213801472.00 
13224640512.00 13236130816.00 13247404032.00 13258500096.00 13269425152.00 13280715776.00 13291982848.00 13303263232.00 13314349056.00 13325501440.00 13336582144.00 13347802112.00 13358961664.00 13370436608.00 13381330944.00 13392518144.00 13403691008.00 13414889472.00 13425961984.00 13436944384.00 
13441869824.00 13460158464.00 13471106048.00 13482162176.00 13493312512.00 13504461824.00 13515687936.00 13526878208.00 13537911808.00 13549170688.00 13560226816.00 13571469312.00 13582604288.00 13593921536.00 13605020672.00 13616205824.00 13627188224.00 13638552576.00 13649801216.00 13660964864.00 
13671831552.00 13683293184.00 13694362624.00 13705693184.00 13716746240.00 13727628288.00 13739231232.00 13750435840.00 13761484800.00 13772737536.00 13783711744.00 13795381248.00 13806067712.00 13817482240.00 13828531200.00 13839735808.00 13850968064.00 13862226944.00 13873089536.00 13884560384.00 
13895071744.00 13906880512.00 13918041088.00 13929243648.00 13940374528.00 13951529984.00 13962752000.00 13973912576.00 13984823296.00 13996176384.00 14003346432.00 14018885632.00 14029891584.00 14040977408.00 14052251648.00 14063405056.00 14074490880.00 14085737472.00 14096907264.00 14108091392.00 
14118988800.00 14130526208.00 14141632512.00 14152653824.00 14163786752.00 14175133696.00 14186355712.00 14197558272.00 14208667648.00 14219891712.00 14230922240.00 14242208768.00 14253208576.00 14264935424.00 14275868672.00 14286601216.00 14298147840.00 14309372928.00 14320524288.00 14331706368.00 
14341554176.00 14354072576.00 14365096960.00 14376219648.00 14387535872.00 14398641152.00 14410124288.00 14421170176.00 14432200704.00 14443509760.00 14454501376.00 14465795072.00 14476960768.00 14488194048.00 14499053568.00 14510529536.00 14521499648.00 14532892672.00 14544045056.00 14555283456.00 
14564796416.00 14577666048.00 14588763136.00 14599900160.00 14611000320.00 14622310400.00 14633477120.00 14644673536.00 14655841280.00 14667012096.00 14678055936.00 14689379328.00 14700316672.00 14711759872.00 14722887680.00 14734026752.00 14745257984.00 14756387840.00 14767579136.00 14778805248.00 
14789319680.00 14801163264.00 14812231680.00 14823486464.00 14834635776.00 14845414400.00 14856969216.00 14868109312.00 14879035392.00 14890397696.00 14901336064.00 14912502784.00 14923243520.00 14931680256.00 14948419584.00 14958398464.00 14969256960.00 14980416512.00 14991518720.00 15002697728.00 
15013493760.00 15025000448.00 15036119040.00 15047335936.00 15058210816.00 15069553664.00 15080765440.00 15092033536.00 15103109120.00 15114345472.00 15124669440.00 15136706560.00 15147704320.00 15159159808.00 15170166784.00 15181369344.00 15192535040.00 15203618816.00 15214834688.00 15226126336.00 
15235921920.00 15248462848.00 15259590656.00 15270777856.00 15281959936.00 15293063168.00 15304336384.00 15315466240.00 15326495744.00 15337905152.00 15348886528.00 15360233472.00 15371324416.00 15382558720.00 15393681408.00 15402847232.00 15415885824.00 15427245056.00 15438467072.00 15449655296.00 
15460511744.00 15472118784.00 15483158528.00 15494377472.00 15505319936.00 15516810240.00 15527927808.00 15539090432.00 15550208000.00 15561477120.00 15572463616.00 15583712256.00 15594733568.00 15606181888.00 15617465344.00 15628422144.00 15639621632.00 15650857984.00 15661999104.00 15673113600.00 
15681061888.00 15695665152.00 15706774528.00 15718106112.00 15729088512.00 15740225536.00 15751465984.00 15762653184.00 15773587456.00 15784962048.00 15796040704.00 15807308800.00 15818631168.00 15829726208.00 15840867328.00 15852028928.00 15863120896.00 15874439168.00 15885600768.00 15896809472.00 
15907656704.00 15918992384.00 15930281984.00 15941445632.00 15952409600.00 15963418624.00 15974944768.00 15986131968.00 15996983296.00 16009111552.00 16019753984.00 16031043584.00 16042060800.00 16053364736.00 16064590848.00 16075629568.00 16086851584.00 16098027520.00 16109175808.00 16120335360.00 
16130255872.00 16142802944.00 16153927680.00 16165065728.00 16176172032.00 16187432960.00 16198605824.00 16209795072.00 16220837888.00 16232218624.00 16242523136.00 16254711808.00 16265607168.00 16276927488.00 16287889408.00 16299369472.00 16310231040.00 16321614848.00 16332786688.00 16343930880.00 
16354821120.00 16366369792.00 16377526272.00 16388673536.00 16399736832.00 16410958848.00 16422147072.00 16433522688.00 16444538880.00 16455745536.00 16466780160.00 16478125056.00 16489015296.00 16500436992.00 16511709184.00 16522424320.00 16533915648.00 16545208320.00 16556261376.00 16567626752.00 
16578055168.00 16589843456.00 16601033728.00 16612302848.00 16623438848.00 16634542080.00 16645776384.00 16656922624.00 16667858944.00 16679293952.00 16690299904.00 16701662208.00 16712729600.00 16723993600.00 16735174656.00 16746238976.00 16757317632.00 16768515072.00 16779582464.00 16790470656.00 
16793928704.00 16814181376.00 16824973312.00 16836071424.00 16846943232.00 16858270720.00 16869464064.00 16880642048.00 16891769856.00 16902983680.00 16913998848.00 16925283328.00 16936374272.00 16947663872.00 16958799872.00 16969906176.00 16981160960.00 16992335872.00 17003541504.00 17014863872.00 
17024586752.00 17037083648.00 17048235008.00 17059439616.00 17070701568.00 17081407488.00 17092940800.00 17104129024.00 17115213824.00 17126441984.00 17137598464.00 17148910592.00 17160050688.00 17171233792.00 17182429184.00 17193566208.00 17204510720.00 17215889408.00 17226991616.00 17238405120.00 
17249175552.00 17260838912.00 17271869440.00 17283088384.00 17294084096.00 17305272320.00 17316550656.00 17327718400.00 17338845184.00 17350068224.00 17360422912.00 17372233728.00 17383358464.00 17394792448.00 17405896704.00 17416861696.00 17428586496.00 17439592448.00 17450706944.00 17461901312.00 
17472417792.00 17484511232.00 17495412736.00 17506605056.00 17517719552.00 17528813568.00 17540126720.00 17551220736.00 17562249216.00 17573675008.00 17584680960.00 17595922432.00 17607245824.00 17618386944.00 17629548544.00 17640343552.00 17651841024.00 17663131648.00 17674295296.00 17686028288.00 
17696344064.00 17707814912.00 17718976512.00 17730121728.00 17741101056.00 17752485888.00 17763641344.00 17774897152.00 17785987072.00 17797181440.00 17808267264.00 17819613184.00 17830647808.00 17841934336.00 17853106176.00 17864214528.00 17875374080.00 17886533632.00 17897658368.00 17908629504.00 
17913532416.00 17931855872.00 17942794240.00 17953921024.00 17965000704.00 17976145920.00 17987332096.00 17998528512.00 18009606144.00 18020880384.00 18031906816.00 18043162624.00 18054381568.00 18065688576.00 18076657664.00 18087839744.00 18098870272.00 18110070784.00 18121472000.00 18132125696.00 
18143518720.00 18154985472.00 18166155264.00 18177337344.00 18188378112.00 18197622784.00 18210889728.00 18222063616.00 18233257984.00 18244423680.00 18255476736.00 18266798080.00 18277711872.00 18289102848.00 18300299264.00 18311372800.00 18322403328.00 18334001152.00 18345056256.00 18356240384.00 
18366754816.00 18378307584.00 18389735424.00 18400993280.00 18412060672.00 18423203840.00 18434394112.00 18445000704.00 18456608768.00 18467969024.00 18478379008.00 18490306560.00 18501384192.00 18512728064.00 18523885568.00 18534930432.00 18546139136.00 18557368320.00 18568583168.00 18579777536.00 
18590648320.00 18601938944.00 18613338112.00 18624432128.00 18635329536.00 18646626304.00 18657570816.00 18670157824.00 18680553472.00 18691710976.00 18702694400.00 18714064896.00 18725036032.00 18736330752.00 18747492352.00 18758289408.00 18769821696.00 18781014016.00 18792198144.00 18803267584.00 
18813241344.00 18825766912.00 18836901888.00 18848120832.00 18859102208.00 18870401024.00 18881615872.00 18892783616.00 18903875584.00 18915213312.00 18926178304.00 18937481216.00 18948483072.00 18959970304.00 18971088896.00 18982207488.00 18993178624.00 19004946432.00 19015755776.00 19026987008.00 
19036510208.00 19049347072.00 19060443136.00 19071678464.00 19082772480.00 19093983232.00 19105263616.00 19116304384.00 19127494656.00 19138709504.00 19149744128.00 19161040896.00 19171960832.00 19183257600.00 19193843712.00 19206068224.00 19217076224.00 19228282880.00 19239407616.00 19250495488.00 
19261106176.00 19273009152.00 19284041728.00 19295254528.00 19306321920.00 19317225472.00 19328729088.00 19339888640.00 19350933504.00 19362355200.00 19373385728.00 19384752128.00 19395794944.00 19406950400.00 19418286080.00 19429373952.00 19440490496.00 19451787264.00 19462936576.00 19473995776.00 
19484997632.00 19496423424.00 19507787776.00 19518832640.00 19529742336.00 19541114880.00 19552247808.00 19563540480.00 19574607872.00 19585789952.00 19592931328.00 19608403968.00 19619416064.00 19630667776.00 19641815040.00 19652907008.00 19664078848.00 19675275264.00 19686524928.00 19697680384.00 
19707580416.00 19720007680.00 19731273728.00 19742418944.00 19753521152.00 19764834304.00 19775987712.00 19787245568.00 19798198272.00 19809445888.00 19820535808.00 19831894016.00 19842979840.00 19854188544.00 19865346048.00 19876132864.00 19887439872.00 19898734592.00 19910701056.00 19921334272.00 
19932205056.00 19943665664.00 19954853888.00 19966013440.00 19977093120.00 19988320256.00 19999561728.00 20010735616.00 20021850112.00 20033046528.00 20044152832.00 20055406592.00 20066379776.00 20077694976.00 20088956928.00 20100106240.00 20111319040.00 20122505216.00 20133685248.00 20144820224.00 
20152713216.00 20167376896.00 20178464768.00 20189597696.00 20200759296.00 20211920896.00 20223090688.00 20234283008.00 20245225472.00 20256638976.00 20267730944.00 20278999040.00 20290148352.00 20301371392.00 20312633344.00 20323637248.00 20334768128.00 20346093568.00 20356747264.00 20368488448.00 
20379346944.00 20390832128.00 20401989632.00 20413071360.00 20424105984.00 20435126272.00 20446443520.00 20457889792.00 20469028864.00 20480264192.00 20491255808.00 20502706176.00 20513605632.00 20524720128.00 20536219648.00 20547256320.00 20558426112.00 20569679872.00 20580859904.00 20591996928.00 
20601870336.00 20614348800.00 20625481728.00 20636690432.00 20647862272.00 20658989056.00 20669831168.00 20681553920.00 20692535296.00 20703789056.00 20714170368.00 20726149120.00 20737382400.00 20748552192.00 20759648256.00 20770772992.00 20781746176.00 20792864768.00 20804470784.00 20815638528.00 
20826476544.00 20837922816.00 20848947200.00 20860160000.00 20871366656.00 20882581504.00 20893741056.00 20905168896.00 20916166656.00 20927436800.00 20938407936.00 20950083584.00 20960661504.00 20971919360.00 20983177216.00 20992403456.00 21005617152.00 21016846336.00 21027956736.00 21039185920.00 
21049694208.00 21061539840.00 21072605184.00 21083940864.00 21094993920.00 21106178048.00 21117421568.00 21128546304.00 21139474432.00 21151256576.00 21162006528.00 21173342208.00 21184475136.00 21195626496.00 21206806528.00 21218056192.00 21229099008.00 21240408064.00 21251555328.00 21262815232.00 
21272258560.00 21285206016.00 21296259072.00 21307424768.00 21318363136.00 21329827840.00 21340991488.00 21352382464.00 21363286016.00 21374281728.00 21385555968.00 21396850688.00 21407913984.00 21418747904.00 21430429696.00 21441552384.00 21452697600.00 21463961600.00 21475084288.00 21486256128.00 
21496158208.00 21508659200.00 21519796224.00 21530812416.00 21542113280.00 21552982016.00 21564719104.00 21575651328.00 21586753536.00 21598134272.00 21609097216.00 21620051968.00 21631543296.00 21642737664.00 21653929984.00 21665048576.00 21676044288.00 21687373824.00 21698689024.00 21709821952.00 
21720717312.00 21732157440.00 21743302656.00 21754591232.00 21765613568.00 21776818176.00 21788186624.00 21799217152.00 21810329600.00 21821569024.00 21831929856.00 21843922944.00 21854871552.00 21866283008.00 21877399552.00 21888544768.00 21899735040.00 21911066624.00 21922138112.00 21933330432.00 
21943820288.00 21955655680.00 21966827520.00 21978064896.00 21989146624.00 22000320512.00 22011512832.00 22022701056.00 22033606656.00 22045106176.00 22056028160.00 22067232768.00 22078490624.00 22089754624.00 22100776960.00 22111637504.00 22123067392.00 22134216704.00 22145437696.00 22156638208.00 
22167476224.00 22178951168.00 22190127104.00 22201241600.00 22212106240.00 22223456256.00 22234621952.00 22245750784.00 22256822272.00 22267936768.00 22278868992.00 22290081792.00 22301001728.00 22312081408.00 22322999296.00 22333779968.00 22344390656.00 22354677760.00 22363938816.00 22369585152.00 
end   dump: w
==END   DUMP_ARRAYS==
Time in seconds = 0.145909
