Sender: LSF System <lsfadmin@polus-c4-ib.bmc.hpc.cs.msu.ru>
Subject: Job 493841: <./large.o> in cluster <MSUCluster> Done

Job <./large.o> was submitted from host <polus-ib.bmc.hpc.cs.msu.ru> by user <edu-cmc-skpod19-328-11> in cluster <MSUCluster> at Fri Nov 29 23:38:31 2019
Job was executed on host(s) <5*polus-c4-ib.bmc.hpc.cs.msu.ru>, in queue <short>, as user <edu-cmc-skpod19-328-11> in cluster <MSUCluster> at Fri Nov 29 23:39:41 2019
                            <3*polus-c3-ib.bmc.hpc.cs.msu.ru>
</home_edu/edu-cmc-skpod19-328/edu-cmc-skpod19-328-11> was used as the home directory.
</home_edu/edu-cmc-skpod19-328/edu-cmc-skpod19-328-11/dep_gemver> was used as the working directory.
Started at Fri Nov 29 23:39:41 2019
Terminated at Fri Nov 29 23:39:41 2019
Results reported at Fri Nov 29 23:39:41 2019

Your job looked like:

------------------------------------------------------------
# LSBATCH: User input
./large.o
------------------------------------------------------------

Successfully completed.

Resource usage summary:

    CPU time :                                   7.48 sec.
    Max Memory :                                 1 MB
    Average Memory :                             1.00 MB
    Total Requested Memory :                     -
    Delta Memory :                               -
    Max Swap :                                   -
    Max Processes :                              1
    Max Threads :                                1
    Run time :                                   1 sec.
    Turnaround time :                            70 sec.

The output (if any) follows:

==BEGIN DUMP_ARRAYS==
begin dump: w
0.00 0.00 0.00 0.00 0.00 0.00 0.00 0.00 0.00 0.00 0.00 0.00 0.00 0.00 0.00 0.00 0.00 0.00 0.00 0.00 
0.00 0.00 0.00 0.00 0.00 0.00 0.00 0.00 0.00 0.00 0.00 0.00 0.00 0.00 0.00 0.00 0.00 0.00 0.00 0.00 
0.00 0.00 0.00 0.00 0.00 0.00 0.00 0.00 0.00 0.00 0.00 0.00 0.00 0.00 0.00 0.00 0.00 0.00 0.00 0.00 
0.00 0.00 0.00 0.00 0.00 0.00 0.00 0.00 0.00 0.00 0.00 0.00 0.00 0.00 0.00 0.00 0.00 0.00 0.00 0.00 
0.00 0.00 0.00 0.00 0.00 0.00 0.00 0.00 0.00 0.00 0.00 0.00 0.00 0.00 0.00 0.00 0.00 0.00 0.00 0.00 
0.00 0.00 0.00 0.00 0.00 0.00 0.00 0.00 0.00 0.00 0.00 0.00 0.00 0.00 0.00 0.00 0.00 0.00 0.00 0.00 
0.00 0.00 0.00 0.00 0.00 0.00 0.00 0.00 0.00 0.00 0.00 0.00 0.00 0.00 0.00 0.00 0.00 0.00 0.00 0.00 
0.00 0.00 0.00 0.00 0.00 0.00 0.00 0.00 0.00 0.00 0.00 0.00 0.00 0.00 0.00 0.00 0.00 0.00 0.00 0.00 
0.00 0.00 0.00 0.00 0.00 0.00 0.00 0.00 0.00 0.00 0.00 0.00 0.00 0.00 0.00 0.00 0.00 0.00 0.00 0.00 
0.00 0.00 0.00 0.00 0.00 0.00 0.00 0.00 0.00 0.00 0.00 0.00 0.00 0.00 0.00 0.00 0.00 0.00 0.00 0.00 
0.00 0.00 0.00 0.00 0.00 0.00 0.00 0.00 0.00 0.00 0.00 0.00 0.00 0.00 0.00 0.00 0.00 0.00 0.00 0.00 
0.00 0.00 0.00 0.00 0.00 0.00 0.00 0.00 0.00 0.00 0.00 0.00 0.00 0.00 0.00 0.00 0.00 0.00 0.00 0.00 
0.00 0.00 0.00 0.00 0.00 0.00 0.00 0.00 0.00 0.00 0.00 0.00 0.00 0.00 0.00 0.00 0.00 0.00 0.00 0.00 
0.00 0.00 0.00 0.00 0.00 0.00 0.00 0.00 0.00 0.00 0.00 0.00 0.00 0.00 0.00 0.00 0.00 0.00 0.00 0.00 
0.00 0.00 0.00 0.00 0.00 0.00 0.00 0.00 0.00 0.00 0.00 0.00 0.00 0.00 0.00 0.00 0.00 0.00 0.00 0.00 
0.00 0.00 0.00 0.00 0.00 0.00 0.00 0.00 0.00 0.00 0.00 0.00 0.00 0.00 0.00 0.00 0.00 0.00 0.00 0.00 
0.00 0.00 0.00 0.00 0.00 0.00 0.00 0.00 0.00 0.00 0.00 0.00 0.00 0.00 0.00 0.00 0.00 0.00 0.00 0.00 
0.00 0.00 0.00 0.00 0.00 0.00 0.00 0.00 0.00 0.00 0.00 0.00 0.00 0.00 0.00 0.00 0.00 0.00 0.00 0.00 
0.00 0.00 0.00 0.00 0.00 0.00 0.00 0.00 0.00 0.00 0.00 0.00 0.00 0.00 0.00 0.00 0.00 0.00 0.00 0.00 
0.00 0.00 0.00 0.00 0.00 0.00 0.00 0.00 0.00 0.00 0.00 0.00 0.00 0.00 0.00 0.00 0.00 0.00 0.00 0.00 
0.00 0.00 0.00 0.00 0.00 0.00 0.00 0.00 0.00 0.00 0.00 0.00 0.00 0.00 0.00 0.00 0.00 0.00 0.00 0.00 
0.00 0.00 0.00 0.00 0.00 0.00 0.00 0.00 0.00 0.00 0.00 0.00 0.00 0.00 0.00 0.00 0.00 0.00 0.00 0.00 
0.00 0.00 0.00 0.00 0.00 0.00 0.00 0.00 0.00 0.00 0.00 0.00 0.00 0.00 0.00 0.00 0.00 0.00 0.00 0.00 
0.00 0.00 0.00 0.00 0.00 0.00 0.00 0.00 0.00 0.00 0.00 0.00 0.00 0.00 0.00 0.00 0.00 0.00 0.00 0.00 
0.00 0.00 0.00 0.00 0.00 0.00 0.00 0.00 0.00 0.00 0.00 0.00 0.00 0.00 0.00 0.00 0.00 0.00 0.00 0.00 
0.00 0.00 0.00 0.00 0.00 0.00 0.00 0.00 0.00 0.00 0.00 0.00 0.00 0.00 0.00 0.00 0.00 0.00 0.00 0.00 
0.00 0.00 0.00 0.00 0.00 0.00 0.00 0.00 0.00 0.00 0.00 0.00 0.00 0.00 0.00 0.00 0.00 0.00 0.00 0.00 
0.00 0.00 0.00 0.00 0.00 0.00 0.00 0.00 0.00 0.00 0.00 0.00 0.00 0.00 0.00 0.00 0.00 0.00 0.00 0.00 
0.00 0.00 0.00 0.00 0.00 0.00 0.00 0.00 0.00 0.00 0.00 0.00 0.00 0.00 0.00 0.00 0.00 0.00 0.00 0.00 
0.00 0.00 0.00 0.00 0.00 0.00 0.00 0.00 0.00 0.00 0.00 0.00 0.00 0.00 0.00 0.00 0.00 0.00 0.00 0.00 
0.00 0.00 0.00 0.00 0.00 0.00 0.00 0.00 0.00 0.00 0.00 0.00 0.00 0.00 0.00 0.00 0.00 0.00 0.00 0.00 
0.00 0.00 0.00 0.00 0.00 0.00 0.00 0.00 0.00 0.00 0.00 0.00 0.00 0.00 0.00 0.00 0.00 0.00 0.00 0.00 
0.00 0.00 0.00 0.00 0.00 0.00 0.00 0.00 0.00 0.00 0.00 0.00 0.00 0.00 0.00 0.00 0.00 0.00 0.00 0.00 
0.00 0.00 0.00 0.00 0.00 0.00 0.00 0.00 0.00 0.00 0.00 0.00 0.00 0.00 0.00 0.00 0.00 0.00 0.00 0.00 
0.00 0.00 0.00 0.00 0.00 0.00 0.00 0.00 0.00 0.00 0.00 0.00 0.00 0.00 0.00 0.00 0.00 0.00 0.00 0.00 
0.00 0.00 0.00 0.00 0.00 0.00 0.00 0.00 0.00 0.00 0.00 0.00 0.00 0.00 0.00 0.00 0.00 0.00 0.00 0.00 
0.00 0.00 0.00 0.00 0.00 0.00 0.00 0.00 0.00 0.00 0.00 0.00 0.00 0.00 0.00 0.00 0.00 0.00 0.00 0.00 
0.00 0.00 0.00 0.00 0.00 0.00 0.00 0.00 0.00 0.00 0.00 0.00 0.00 0.00 0.00 0.00 0.00 0.00 0.00 0.00 
0.00 0.00 0.00 0.00 0.00 0.00 0.00 0.00 0.00 0.00 0.00 0.00 0.00 0.00 0.00 0.00 0.00 0.00 0.00 0.00 
0.00 0.00 0.00 0.00 0.00 0.00 0.00 0.00 0.00 0.00 0.00 0.00 0.00 0.00 0.00 0.00 0.00 0.00 0.00 0.00 
0.00 0.00 0.00 0.00 0.00 0.00 0.00 0.00 0.00 0.00 0.00 0.00 0.00 0.00 0.00 0.00 0.00 0.00 0.00 0.00 
0.00 0.00 0.00 0.00 0.00 0.00 0.00 0.00 0.00 0.00 0.00 0.00 0.00 0.00 0.00 0.00 0.00 0.00 0.00 0.00 
0.00 0.00 0.00 0.00 0.00 0.00 0.00 0.00 0.00 0.00 0.00 0.00 0.00 0.00 0.00 0.00 0.00 0.00 0.00 0.00 
0.00 0.00 0.00 0.00 0.00 0.00 0.00 0.00 0.00 0.00 0.00 0.00 0.00 0.00 0.00 0.00 0.00 0.00 0.00 0.00 
0.00 0.00 0.00 0.00 0.00 0.00 0.00 0.00 0.00 0.00 0.00 0.00 0.00 0.00 0.00 0.00 0.00 0.00 0.00 0.00 
0.00 0.00 0.00 0.00 0.00 0.00 0.00 0.00 0.00 0.00 0.00 0.00 0.00 0.00 0.00 0.00 0.00 0.00 0.00 0.00 
0.00 0.00 0.00 0.00 0.00 0.00 0.00 0.00 0.00 0.00 0.00 0.00 0.00 0.00 0.00 0.00 0.00 0.00 0.00 0.00 
0.00 0.00 0.00 0.00 0.00 0.00 0.00 0.00 0.00 0.00 0.00 0.00 0.00 0.00 0.00 0.00 0.00 0.00 0.00 0.00 
0.00 0.00 0.00 0.00 0.00 0.00 0.00 0.00 0.00 0.00 0.00 0.00 0.00 0.00 0.00 0.00 0.00 0.00 0.00 0.00 
0.00 0.00 0.00 0.00 0.00 0.00 0.00 0.00 0.00 0.00 0.00 0.00 0.00 0.00 0.00 0.00 0.00 0.00 0.00 0.00 
0.00 0.00 0.00 0.00 0.00 0.00 0.00 0.00 0.00 0.00 0.00 0.00 0.00 0.00 0.00 0.00 0.00 0.00 0.00 0.00 
0.00 0.00 0.00 0.00 0.00 0.00 0.00 0.00 0.00 0.00 0.00 0.00 0.00 0.00 0.00 0.00 0.00 0.00 0.00 0.00 
0.00 0.00 0.00 0.00 0.00 0.00 0.00 0.00 0.00 0.00 0.00 0.00 0.00 0.00 0.00 0.00 0.00 0.00 0.00 0.00 
0.00 0.00 0.00 0.00 0.00 0.00 0.00 0.00 0.00 0.00 0.00 0.00 0.00 0.00 0.00 0.00 0.00 0.00 0.00 0.00 
0.00 0.00 0.00 0.00 0.00 0.00 0.00 0.00 0.00 0.00 0.00 0.00 0.00 0.00 0.00 0.00 0.00 0.00 0.00 0.00 
0.00 0.00 0.00 0.00 0.00 0.00 0.00 0.00 0.00 0.00 0.00 0.00 0.00 0.00 0.00 0.00 0.00 0.00 0.00 0.00 
0.00 0.00 0.00 0.00 0.00 0.00 0.00 0.00 0.00 0.00 0.00 0.00 0.00 0.00 0.00 0.00 0.00 0.00 0.00 0.00 
0.00 0.00 0.00 0.00 0.00 0.00 0.00 0.00 0.00 0.00 0.00 0.00 0.00 0.00 0.00 0.00 0.00 0.00 0.00 0.00 
0.00 0.00 0.00 0.00 0.00 0.00 0.00 0.00 0.00 0.00 0.00 0.00 0.00 0.00 0.00 0.00 0.00 0.00 0.00 0.00 
0.00 0.00 0.00 0.00 0.00 0.00 0.00 0.00 0.00 0.00 0.00 0.00 0.00 0.00 0.00 0.00 0.00 0.00 0.00 0.00 
0.00 0.00 0.00 0.00 0.00 0.00 0.00 0.00 0.00 0.00 0.00 0.00 0.00 0.00 0.00 0.00 0.00 0.00 0.00 0.00 
0.00 0.00 0.00 0.00 0.00 0.00 0.00 0.00 0.00 0.00 0.00 0.00 0.00 0.00 0.00 0.00 0.00 0.00 0.00 0.00 
0.00 0.00 0.00 0.00 0.00 0.00 0.00 0.00 0.00 0.00 0.00 0.00 0.00 0.00 0.00 0.00 0.00 0.00 0.00 0.00 
0.00 0.00 0.00 0.00 0.00 0.00 0.00 0.00 0.00 0.00 0.00 0.00 0.00 0.00 0.00 0.00 0.00 0.00 0.00 0.00 
0.00 0.00 0.00 0.00 0.00 0.00 0.00 0.00 0.00 0.00 0.00 0.00 0.00 0.00 0.00 0.00 0.00 0.00 0.00 0.00 
0.00 0.00 0.00 0.00 0.00 0.00 0.00 0.00 0.00 0.00 0.00 0.00 0.00 0.00 0.00 0.00 0.00 0.00 0.00 0.00 
0.00 0.00 0.00 0.00 0.00 0.00 0.00 0.00 0.00 0.00 0.00 0.00 0.00 0.00 0.00 0.00 0.00 0.00 0.00 0.00 
0.00 0.00 0.00 0.00 0.00 0.00 0.00 0.00 0.00 0.00 0.00 0.00 0.00 0.00 0.00 0.00 0.00 0.00 0.00 0.00 
0.00 0.00 0.00 0.00 0.00 0.00 0.00 0.00 0.00 0.00 0.00 0.00 0.00 0.00 0.00 0.00 0.00 0.00 0.00 0.00 
0.00 0.00 0.00 0.00 0.00 0.00 0.00 0.00 0.00 0.00 0.00 0.00 0.00 0.00 0.00 0.00 0.00 0.00 0.00 0.00 
0.00 0.00 0.00 0.00 0.00 0.00 0.00 0.00 0.00 0.00 0.00 0.00 0.00 0.00 0.00 0.00 0.00 0.00 0.00 0.00 
0.00 0.00 0.00 0.00 0.00 0.00 0.00 0.00 0.00 0.00 0.00 0.00 0.00 0.00 0.00 0.00 0.00 0.00 0.00 0.00 
0.00 0.00 0.00 0.00 0.00 0.00 0.00 0.00 0.00 0.00 0.00 0.00 0.00 0.00 0.00 0.00 0.00 0.00 0.00 0.00 
0.00 0.00 0.00 0.00 0.00 0.00 0.00 0.00 0.00 0.00 0.00 0.00 0.00 0.00 0.00 0.00 0.00 0.00 0.00 0.00 
0.00 0.00 0.00 0.00 0.00 0.00 0.00 0.00 0.00 0.00 0.00 0.00 0.00 0.00 0.00 0.00 0.00 0.00 0.00 0.00 
0.00 0.00 0.00 0.00 0.00 0.00 0.00 0.00 0.00 0.00 0.00 0.00 0.00 0.00 0.00 0.00 0.00 0.00 0.00 0.00 
0.00 0.00 0.00 0.00 0.00 0.00 0.00 0.00 0.00 0.00 0.00 0.00 0.00 0.00 0.00 0.00 0.00 0.00 0.00 0.00 
0.00 0.00 0.00 0.00 0.00 0.00 0.00 0.00 0.00 0.00 0.00 0.00 0.00 0.00 0.00 0.00 0.00 0.00 0.00 0.00 
0.00 0.00 0.00 0.00 0.00 0.00 0.00 0.00 0.00 0.00 0.00 0.00 0.00 0.00 0.00 0.00 0.00 0.00 0.00 0.00 
0.00 0.00 0.00 0.00 0.00 0.00 0.00 0.00 0.00 0.00 0.00 0.00 0.00 0.00 0.00 0.00 0.00 0.00 0.00 0.00 
0.00 0.00 0.00 0.00 0.00 0.00 0.00 0.00 0.00 0.00 0.00 0.00 0.00 0.00 0.00 0.00 0.00 0.00 0.00 0.00 
0.00 0.00 0.00 0.00 0.00 0.00 0.00 0.00 0.00 0.00 0.00 0.00 0.00 0.00 0.00 0.00 0.00 0.00 0.00 0.00 
0.00 0.00 0.00 0.00 0.00 0.00 0.00 0.00 0.00 0.00 0.00 0.00 0.00 0.00 0.00 0.00 0.00 0.00 0.00 0.00 
0.00 0.00 0.00 0.00 0.00 0.00 0.00 0.00 0.00 0.00 0.00 0.00 0.00 0.00 0.00 0.00 0.00 0.00 0.00 0.00 
0.00 0.00 0.00 0.00 0.00 0.00 0.00 0.00 0.00 0.00 0.00 0.00 0.00 0.00 0.00 0.00 0.00 0.00 0.00 0.00 
0.00 0.00 0.00 0.00 0.00 0.00 0.00 0.00 0.00 0.00 0.00 0.00 0.00 0.00 0.00 0.00 0.00 0.00 0.00 0.00 
0.00 0.00 0.00 0.00 0.00 0.00 0.00 0.00 0.00 0.00 0.00 0.00 0.00 0.00 0.00 0.00 0.00 0.00 0.00 0.00 
0.00 0.00 0.00 0.00 0.00 0.00 0.00 0.00 0.00 0.00 0.00 0.00 0.00 0.00 0.00 0.00 0.00 0.00 0.00 0.00 
0.00 0.00 0.00 0.00 0.00 0.00 0.00 0.00 0.00 0.00 0.00 0.00 0.00 0.00 0.00 0.00 0.00 0.00 0.00 0.00 
0.00 0.00 0.00 0.00 0.00 0.00 0.00 0.00 0.00 0.00 0.00 0.00 0.00 0.00 0.00 0.00 0.00 0.00 0.00 0.00 
0.00 0.00 0.00 0.00 0.00 0.00 0.00 0.00 0.00 0.00 0.00 0.00 0.00 0.00 0.00 0.00 0.00 0.00 0.00 0.00 
0.00 0.00 0.00 0.00 0.00 0.00 0.00 0.00 0.00 0.00 0.00 0.00 0.00 0.00 0.00 0.00 0.00 0.00 0.00 0.00 
0.00 0.00 0.00 0.00 0.00 0.00 0.00 0.00 0.00 0.00 0.00 0.00 0.00 0.00 0.00 0.00 0.00 0.00 0.00 0.00 
0.00 0.00 0.00 0.00 0.00 0.00 0.00 0.00 0.00 0.00 0.00 0.00 0.00 0.00 0.00 0.00 0.00 0.00 0.00 0.00 
0.00 0.00 0.00 0.00 0.00 0.00 0.00 0.00 0.00 0.00 0.00 0.00 0.00 0.00 0.00 0.00 0.00 0.00 0.00 0.00 
0.00 0.00 0.00 0.00 0.00 0.00 0.00 0.00 0.00 0.00 0.00 0.00 0.00 0.00 0.00 0.00 0.00 0.00 0.00 0.00 
0.00 0.00 0.00 0.00 0.00 0.00 0.00 0.00 0.00 0.00 0.00 0.00 0.00 0.00 0.00 0.00 0.00 0.00 0.00 0.00 
0.00 0.00 0.00 0.00 0.00 0.00 0.00 0.00 0.00 0.00 0.00 0.00 0.00 0.00 0.00 0.00 0.00 0.00 0.00 0.00 
0.00 0.00 0.00 0.00 0.00 0.00 0.00 0.00 0.00 0.00 0.00 0.00 0.00 0.00 0.00 0.00 0.00 0.00 0.00 0.00 
0.00 0.00 0.00 0.00 0.00 0.00 0.00 0.00 0.00 0.00 0.00 0.00 0.00 0.00 0.00 0.00 0.00 0.00 0.00 0.00 
end   dump: w
==END   DUMP_ARRAYS==
==BEGIN DUMP_ARRAYS==
begin dump: w
1867.23 55987072.00 61578744.00 70925144.00 81155496.00 91764728.00 102659248.00 113616776.00 124517632.00 135679888.00 146615888.00 157861520.00 168949456.00 180130960.00 191270544.00 202335072.00 213305168.00 224753024.00 235864560.00 247028912.00 
257937344.00 269415744.00 280641088.00 291891040.00 302858752.00 313738272.00 325395488.00 336476832.00 347680768.00 359063616.00 369967616.00 381221760.00 392228192.00 403682368.00 414891616.00 425996032.00 437230816.00 448397952.00 459645376.00 470884096.00 
481414304.00 493288576.00 504462080.00 515577088.00 526838240.00 538020928.00 549306688.00 560456768.00 571417024.00 582887424.00 593250112.00 605250048.00 616430016.00 627686272.00 638723328.00 649992768.00 661169664.00 672433920.00 683730560.00 694927680.00 
705767936.00 717285888.00 728416512.00 739772480.00 750628608.00 762035392.00 773275584.00 784525888.00 795653184.00 807279936.00 817966912.00 829236928.00 840410624.00 851796224.00 862720832.00 873717120.00 885296128.00 896721984.00 907743296.00 918941824.00 
928802496.00 941355712.00 952541888.00 963719104.00 974912640.00 986064192.00 997297920.00 1009048128.00 1019673024.00 1031015232.00 1042016640.00 1053621184.00 1064569792.00 1075550848.00 1086966272.00 1098035456.00 1109171840.00 1120630272.00 1131787776.00 1142906240.00 
1152556032.00 1165344000.00 1176603392.00 1187798016.00 1198913792.00 1210075904.00 1221451392.00 1232683520.00 1243745152.00 1255029888.00 1266106752.00 1277168128.00 1288442112.00 1299919616.00 1311059584.00 1322230912.00 1333460992.00 1344648064.00 1355981696.00 1367094784.00 
1377655424.00 1389505280.00 1400724736.00 1411894144.00 1423031552.00 1432206976.00 1445599616.00 1456906368.00 1467707776.00 1478811392.00 1490204544.00 1501509632.00 1512701696.00 1523835776.00 1535224960.00 1546319232.00 1557466880.00 1568923392.00 1580152832.00 1591228160.00 
1602081152.00 1613584000.00 1624724480.00 1636400640.00 1647002752.00 1658392192.00 1669640576.00 1680799616.00 1691900544.00 1703270016.00 1713633664.00 1725694592.00 1736724352.00 1747958528.00 1759660160.00 1770434432.00 1781637376.00 1792932992.00 1804129152.00 1815320064.00 
1825163392.00 1837701120.00 1848848896.00 1860111872.00 1871282432.00 1882428800.00 1893597312.00 1905155968.00 1916059648.00 1927220864.00 1938397696.00 1949727744.00 1960894720.00 1972148224.00 1983577856.00 1994162176.00 2005508096.00 2017058560.00 2028151936.00 2039371264.00 
2050240256.00 2061735424.00 2073482112.00 2084211328.00 2095338368.00 2106558080.00 2117701760.00 2129032960.00 2140165120.00 2151452928.00 2162446080.00 2173864192.00 2184797696.00 2196279808.00 2207448320.00 2218558464.00 2229765632.00 2241058048.00 2252184064.00 2263355648.00 
2271340544.00 2285956352.00 2297093888.00 2308342016.00 2319439616.00 2330623744.00 2341905664.00 2353234432.00 2364077056.00 2375570176.00 2386540032.00 2397995776.00 2409099776.00 2420354304.00 2431521536.00 2442693120.00 2453825280.00 2465180416.00 2476332800.00 2487568384.00 
2498429440.00 2509951488.00 2520582912.00 2532598016.00 2543420928.00 2554453248.00 2566052608.00 2577243648.00 2588388352.00 2599583232.00 2610690048.00 2622089472.00 2633140992.00 2644368896.00 2655615488.00 2666685440.00 2678057984.00 2689285888.00 2700420352.00 2711740928.00 
2721563648.00 2734124032.00 2745281024.00 2756589568.00 2767698176.00 2778867712.00 2790099968.00 2801299456.00 2812349952.00 2823618816.00 2830785536.00 2846300160.00 2857382912.00 2868585472.00 2879849728.00 2890915072.00 2901934080.00 2913389312.00 2924412160.00 2935858432.00 
2946673664.00 2958343424.00 2969393920.00 2980598016.00 2991684864.00 3002937856.00 3014142208.00 3025555200.00 3036604672.00 3047797248.00 3058881792.00 3070236160.00 3081183232.00 3092744448.00 3103918848.00 3114657280.00 3126309120.00 3137491968.00 3148687616.00 3159799552.00 
3170419456.00 3182342656.00 3193429248.00 3204611840.00 3215741696.00 3226758656.00 3239098112.00 3249732096.00 3260569344.00 3271994880.00 3283037696.00 3294407936.00 3305537280.00 3316845056.00 3327902208.00 3339094272.00 3350234368.00 3361584640.00 3372805888.00 3383958016.00 
3393536256.00 3406395904.00 3417623040.00 3428498176.00 3439764736.00 3451130624.00 3462374656.00 3473562880.00 3484990208.00 3496086016.00 3507113728.00 3518421248.00 3529542656.00 3540903168.00 3552061184.00 3563189504.00 3574563072.00 3585669632.00 3596868864.00 3608088064.00 
3617966336.00 3630624256.00 3641667584.00 3652920832.00 3664041216.00 3674906368.00 3686497792.00 3697742336.00 3708796928.00 3720052736.00 3731123200.00 3742427648.00 3753495040.00 3764047872.00 3776612608.00 3787488256.00 3798436352.00 3809885696.00 3820967680.00 3832418048.00 
3843121664.00 3854631168.00 3865810432.00 3877084416.00 3888108288.00 3899440896.00 3910629888.00 3921827584.00 3933111808.00 3944316416.00 3954635008.00 3966681344.00 3977595648.00 3989721600.00 4000329728.00 4011434240.00 4022636544.00 4033822464.00 4045088000.00 4056566016.00 
4066847232.00 4078685696.00 4089873152.00 4100993536.00 4112518656.00 4123523584.00 4134725376.00 4145980416.00 4156908288.00 4168338688.00 4179386880.00 4190775552.00 4201868800.00 4213168384.00 4224358400.00 4233479936.00 4246705408.00 4258022400.00 4269175040.00 4280415232.00 
4291278848.00 4303335424.00 4313967104.00 4325448704.00 4336162304.00 4347587584.00 4358897152.00 4369925632.00 4381163520.00 4392507904.00 4403475456.00 4414844928.00 4425900032.00 4437241344.00 4448442368.00 4459546624.00 4470737920.00 4481949184.00 4493072896.00 4504075264.00 
4509014528.00 4527339008.00 4538306560.00 4549487616.00 4560573952.00 4571728384.00 4582970880.00 4594200576.00 4605266944.00 4616565760.00 4627635200.00 4639037952.00 4650180096.00 4661377536.00 4672650240.00 4683722240.00 4694748160.00 4706269696.00 4717407744.00 4728618496.00 
4739493376.00 4750463488.00 4762215424.00 4773423616.00 4784504832.00 4795443200.00 4807036928.00 4818262016.00 4829328384.00 4840776192.00 4851751424.00 4863073792.00 4874032640.00 4885588992.00 4896686592.00 4907918848.00 4919068672.00 4930311680.00 4941490688.00 4952454656.00 
4963254272.00 4975107072.00 4986289664.00 4997489664.00 5008407040.00 5020113408.00 5031218176.00 5042392576.00 5053331456.00 5065007616.00 5075167232.00 5087218176.00 5098365952.00 5109615104.00 5120773120.00 5131972096.00 5143081472.00 5154353152.00 5165571584.00 5176649216.00 
5187681792.00 5199128576.00 5210541056.00 5221693952.00 5232605696.00 5243952128.00 5255201280.00 5266442240.00 5277563904.00 5288843264.00 5299871232.00 5311347712.00 5322374656.00 5333705216.00 5344903680.00 5355676160.00 5367135744.00 5378514944.00 5389707264.00 5400917504.00 
5410790400.00 5423201280.00 5434513920.00 5445765632.00 5456889344.00 5468115968.00 5479349248.00 5490561536.00 5501628928.00 5512988672.00 5523992576.00 5535323648.00 5546490368.00 5557735424.00 5568891392.00 5580004864.00 5591012352.00 5602404352.00 5613481984.00 5624338944.00 
5627853312.00 5648116224.00 5658982400.00 5670126592.00 5681096192.00 5692318208.00 5703507456.00 5714732544.00 5725931008.00 5737140224.00 5748200960.00 5759549952.00 5770495488.00 5781965824.00 5793110528.00 5804284928.00 5815418880.00 5826690560.00 5837950976.00 5849191936.00 
5859703296.00 5871474688.00 5882820096.00 5893949440.00 5905143296.00 5915968512.00 5927489024.00 5938826752.00 5949748736.00 5961179136.00 5972265984.00 5983624704.00 5994742784.00 6005889536.00 6017263104.00 6028383232.00 6039526912.00 6050841088.00 6061986304.00 6073193984.00 
6084125696.00 6095686144.00 6106834432.00 6118047232.00 6128972288.00 6140227584.00 6151822848.00 6162847744.00 6174089216.00 6185108992.00 6195683840.00 6207665664.00 6218835456.00 6230141440.00 6241318400.00 6252413440.00 6263741440.00 6274980352.00 6286102528.00 6297291776.00 
6307225088.00 6319809024.00 6330957312.00 6342169600.00 6353258496.00 6364480512.00 6375651328.00 6386946560.00 6398029312.00 6409324544.00 6420315648.00 6431297024.00 6443347456.00 6454329856.00 6465499136.00 6476271616.00 6487621120.00 6499113472.00 6510259712.00 6521595392.00 
6532344832.00 6543837184.00 6555055616.00 6566265344.00 6577374720.00 6588609536.00 6599882240.00 6611083264.00 6622105600.00 6633558528.00 6644562944.00 6655971328.00 6666853888.00 6678329344.00 6689502208.00 6700655616.00 6711879168.00 6722975232.00 6734283776.00 6745455616.00 
6753405440.00 6768054272.00 6779193344.00 6790384128.00 6801541632.00 6812725248.00 6823827968.00 6835152384.00 6846130688.00 6857686528.00 6868656640.00 6879957504.00 6891147776.00 6902411264.00 6913568256.00 6924606976.00 6936007680.00 6947220480.00 6958436352.00 6969539072.00 
6980534784.00 6992056832.00 7003218432.00 7014510080.00 7025398272.00 7034776064.00 7048103424.00 7059281408.00 7070441984.00 7081695232.00 7092738560.00 7104058880.00 7115248128.00 7126547456.00 7137666560.00 7148873728.00 7160025088.00 7171338752.00 7182529536.00 7193715712.00 
7203620864.00 7216097792.00 7227380224.00 7238648320.00 7249674240.00 7260826624.00 7272144384.00 7283214336.00 7294447616.00 7305714688.00 7316147200.00 7328148480.00 7339301888.00 7350493696.00 7361773568.00 7372887552.00 7383918080.00 7395316736.00 7406516224.00 7417704960.00 
7428585472.00 7440051200.00 7451227648.00 7462385664.00 7473327104.00 7484310528.00 7494443008.00 7511235584.00 7519578112.00 7530430464.00 7541337600.00 7552604160.00 7563496960.00 7574919680.00 7586098176.00 7596881920.00 7608401408.00 7619669504.00 7630923264.00 7642035200.00 
7652598272.00 7664458240.00 7675661312.00 7686925312.00 7697980928.00 7709209600.00 7720473088.00 7731638272.00 7742607360.00 7754100736.00 7765144064.00 7776515584.00 7787593216.00 7798895104.00 7810091008.00 7821202944.00 7832427008.00 7843764736.00 7854907392.00 7866072576.00 
7875626496.00 7888497152.00 7899722240.00 7910947328.00 7921865728.00 7933236736.00 7944831488.00 7955760640.00 7966903296.00 7978185728.00 7989223936.00 8000538112.00 8011638272.00 8022934528.00 8033973760.00 8045376512.00 8056528896.00 8067985920.00 8079095808.00 8090192384.00 
8100080128.00 8112603648.00 8123771392.00 8134966784.00 8146147328.00 8156997632.00 8168553472.00 8179504128.00 8191030784.00 8202292224.00 8213311488.00 8224679936.00 8235819008.00 8247056896.00 8258264064.00 8269394944.00 8280398336.00 8292070912.00 8303085568.00 8314254336.00 
8325172736.00 8336736256.00 8347915776.00 8359136256.00 8370173440.00 8381406720.00 8392677376.00 8404007936.00 8415024640.00 8426155520.00 8433373696.00 8448915456.00 8459784704.00 8471225344.00 8482376704.00 8493529600.00 8504737792.00 8516007936.00 8527191552.00 8538407936.00 
8548947968.00 8560791040.00 8572254720.00 8583177728.00 8594358272.00 8605574144.00 8616916992.00 8628028416.00 8638951424.00 8650170368.00 8661563392.00 8672883712.00 8684056576.00 8695226368.00 8706414592.00 8717276160.00 8728757248.00 8740066304.00 8751412224.00 8762516480.00 
8773376000.00 8784904192.00 8796063744.00 8807344128.00 8818262016.00 8829639680.00 8840950784.00 8852109312.00 8863333376.00 8874613760.00 8885583872.00 8896952320.00 8908012544.00 8919290880.00 8930494464.00 8941649920.00 8952841216.00 8964131840.00 8975180800.00 8986177536.00 
8991096832.00 9009446912.00 9020414976.00 9031540736.00 9042676736.00 9053841408.00 9065147392.00 9076118528.00 9087371264.00 9098784768.00 9109737472.00 9121140736.00 9132231680.00 9143434240.00 9154699264.00 9165897728.00 9176850432.00 9188311040.00 9199384576.00 9210730496.00 
9221597184.00 9233101824.00 9244312576.00 9255468032.00 9266684928.00 9277539328.00 9289080832.00 9300307968.00 9311525888.00 9322741760.00 9333807104.00 9345174528.00 9356073984.00 9367373824.00 9378860032.00 9389968384.00 9401163776.00 9412363264.00 9423607808.00 9434836992.00 
9445359616.00 9457209344.00 9468135424.00 9479665664.00 9490768896.00 9501958144.00 9513137152.00 9524440064.00 9535392768.00 9546835968.00 9557236736.00 9569196032.00 9580405760.00 9591662592.00 9602835456.00 9613941760.00 9624996864.00 9634915328.00 9647944704.00 9659015168.00 
9669864448.00 9681371136.00 9692509184.00 9703740416.00 9714702336.00 9726132224.00 9737368576.00 9748624384.00 9759754240.00 9770953728.00 9782057984.00 9793466368.00 9804494848.00 9815753728.00 9826951168.00 9836077056.00 9849376768.00 9860560896.00 9871686656.00 9883020288.00 
9892894720.00 9905453056.00 9916622848.00 9927829504.00 9938985984.00 9950166016.00 9961406464.00 9972608000.00 9983610880.00 9996296192.00 10006222848.00 10017565696.00 10028660736.00 10039916544.00 10051083264.00 10062252032.00 10073238528.00 10084728832.00 10096003072.00 10107113472.00 
10116660224.00 10129549312.00 10140807168.00 10151897088.00 10163020800.00 10174292992.00 10185567232.00 10196787200.00 10207833088.00 10218167296.00 10230305792.00 10241660928.00 10252549120.00 10263896064.00 10275171328.00 10286328832.00 10297532416.00 10308884480.00 10319927296.00 10331310080.00 
10341754880.00 10353587200.00 10364795904.00 10375192576.00 10387248128.00 10398061568.00 10409682944.00 10420872192.00 10431804416.00 10443288576.00 10454297600.00 10465602560.00 10476794880.00 10487925760.00 10499315712.00 10510419968.00 10521565184.00 10532882432.00 10544090112.00 10555295744.00 
10566179840.00 10577513472.00 10588937216.00 10600098816.00 10611079168.00 10622461952.00 10633744384.00 10644902912.00 10656142336.00 10667347968.00 10677738496.00 10689771520.00 10700798976.00 10712193024.00 10723360768.00 10734522368.00 10745706496.00 10757030912.00 10768204800.00 10779394048.00 
10789273600.00 10801775616.00 10812935168.00 10824600576.00 10835362816.00 10846528512.00 10857833472.00 10868984832.00 10880141312.00 10891441152.00 10902495232.00 10913807360.00 10924992512.00 10936518656.00 10947416064.00 10958234624.00 10969579520.00 10981017600.00 10992222208.00 11003435008.00 
11014319104.00 11025812480.00 11037014016.00 11048182784.00 11059314688.00 11070527488.00 11081805824.00 11092860928.00 11104146432.00 11115261952.00 11126398976.00 11137793024.00 11148633088.00 11159966720.00 11171136512.00 11182214144.00 11193278464.00 11204336640.00 11215036416.00 11224858624.00 
11222016000.00 11252873216.00 11262651392.00 11273369600.00 11284328448.00 11295366144.00 11306559488.00 11317750784.00 11328574464.00 11339925504.00 11351036928.00 11362464768.00 11373479936.00 11384864768.00 11395895296.00 11407050752.00 11418186752.00 11429540864.00 11440675840.00 11451893760.00 
11462770688.00 11474295808.00 11485468672.00 11496707072.00 11507641344.00 11518691328.00 11530266624.00 11541197824.00 11552629760.00 11563927552.00 11574925312.00 11586291712.00 11597347840.00 11608730624.00 11619852288.00 11631064064.00 11642277888.00 11653122048.00 11664751616.00 11675950080.00 
11685786624.00 11698332672.00 11709492224.00 11720689664.00 11731906560.00 11743066112.00 11754327040.00 11765521408.00 11776685056.00 11787941888.00 11798335488.00 11810373632.00 11821483008.00 11832821760.00 11843958784.00 11855126528.00 11866130432.00 11877625856.00 11888757760.00 11900200960.00 
11910912000.00 11922433024.00 11933601792.00 11944847360.00 11955916800.00 11967170560.00 11978378240.00 11989797888.00 12000840704.00 12012137472.00 12023129088.00 12034441216.00 12045421568.00 12056848384.00 12068017152.00 12078858240.00 12090377216.00 12102520832.00 12112900096.00 12124149760.00 
12134649856.00 12146416640.00 12157768704.00 12168838144.00 12180087808.00 12191268864.00 12202516480.00 12213833728.00 12224673792.00 12236072960.00 12247115776.00 12259552256.00 12269780992.00 12280943616.00 12292122624.00 12303305728.00 12314474496.00 12325820416.00 12336877568.00 12348183552.00 
12357730304.00 12370609152.00 12381693952.00 12393010176.00 12403978240.00 12415329280.00 12426610688.00 12437806080.00 12448966656.00 12460155904.00 12471183360.00 12481427456.00 12493885440.00 12505113600.00 12516287488.00 12527422464.00 12538645504.00 12549906432.00 12561079296.00 12572288000.00 
12582173696.00 12594701312.00 12606020608.00 12617149440.00 12628250624.00 12637447168.00 12650738688.00 12661966848.00 12673000448.00 12684255232.00 12695369728.00 12706775040.00 12717859840.00 12729099264.00 12740322304.00 12751454208.00 12762519552.00 12773981184.00 12785175552.00 12796349440.00 
12807227392.00 12818702336.00 12829755392.00 12842800128.00 12852493312.00 12863640576.00 12874862592.00 12886052864.00 12897213440.00 12908546048.00 12918850560.00 12930884608.00 12941843456.00 12953274368.00 12964553728.00 12975627264.00 12986847232.00 12998051840.00 13009561600.00 13020512256.00 
13031047168.00 13042889728.00 13054082048.00 13065374720.00 13076466688.00 13087619072.00 13098817536.00 13110347776.00 13121146880.00 13132554240.00 13143618560.00 13154983936.00 13166090240.00 13177402368.00 13188601856.00 13199364096.00 13210806272.00 13222257664.00 13233378304.00 13244624896.00 
13255474176.00 13266998272.00 13278307328.00 13289403392.00 13300372480.00 13311691776.00 13322983424.00 13334280192.00 13345399808.00 13356589056.00 13367689216.00 13378930688.00 13390119936.00 13401604096.00 13412545536.00 13423760384.00 13434937344.00 13446173696.00 13457286144.00 13468276736.00 
13473211392.00 13491557376.00 13502510080.00 13513591808.00 13524775936.00 13535945728.00 13547193344.00 13558431744.00 13569475584.00 13580763136.00 13591845888.00 13603116032.00 13614283776.00 13625611264.00 13636753408.00 13647944704.00 13658941440.00 13670369280.00 13681632256.00 13692825600.00 
13703714816.00 13715196928.00 13726271488.00 13737652224.00 13748725760.00 13759630336.00 13771273216.00 13782505472.00 13793573888.00 13804844032.00 13815844864.00 13827551232.00 13838264320.00 13849702400.00 13860776960.00 13872016384.00 13883273216.00 13894540288.00 13905438720.00 13916924928.00 
13927454720.00 13939313664.00 13950504960.00 13961714688.00 13972884480.00 13984052224.00 13995316224.00 14006497280.00 14017439744.00 14028796928.00 14035974144.00 14051562496.00 14062598144.00 14073717760.00 14085000192.00 14096174080.00 14107316224.00 14118584320.00 14129784832.00 14140982272.00 
14151907328.00 14163471360.00 14174627840.00 14185660416.00 14196812800.00 14208199680.00 14219421696.00 14230689792.00 14241805312.00 14253051904.00 14264104960.00 14275431424.00 14286430208.00 14298211328.00 14309143552.00 14319928320.00 14331473920.00 14342742016.00 14353918976.00 14365124608.00 
14374995968.00 14387531776.00 14398589952.00 14409747456.00 14421095424.00 14432211968.00 14443729920.00 14454788096.00 14465853440.00 14477179904.00 14488193024.00 14499537920.00 14510710784.00 14521975808.00 14532858880.00 14544358400.00 14555352064.00 14566786048.00 14577963008.00 14589222912.00 
14598754304.00 14611648512.00 14622789632.00 14633964544.00 14645064704.00 14656376832.00 14667604992.00 14678822912.00 14690030592.00 14701208576.00 14712261632.00 14723616768.00 14734608384.00 14746094592.00 14757219328.00 14768374784.00 14779635712.00 14790789120.00 14802027520.00 14813265920.00 
14823797760.00 14835686400.00 14846766080.00 14858053632.00 14869219328.00 14880034816.00 14891588608.00 14902817792.00 14913727488.00 14925111296.00 14936077312.00 14947289088.00 14958040064.00 14966497280.00 14983265280.00 14993267712.00 15004167168.00 15015345152.00 15026469888.00 15037670400.00 
15048495104.00 15060009984.00 15071171584.00 15082411008.00 15093301248.00 15104694272.00 15115915264.00 15127221248.00 15138320384.00 15149569024.00 15159922688.00 15172008960.00 15183042560.00 15194498048.00 15205552128.00 15216757760.00 15227942912.00 15239081984.00 15250312192.00 15261629440.00 
15271456768.00 15284005888.00 15295169536.00 15306388480.00 15317586944.00 15328710656.00 15340023808.00 15351175168.00 15362233344.00 15373661184.00 15384689664.00 15396032512.00 15407163392.00 15418432512.00 15429583872.00 15438750720.00 15451832320.00 15463218176.00 15474467840.00 15485663232.00 
15496555520.00 15508176896.00 15519246336.00 15530510336.00 15541480448.00 15552967680.00 15564127232.00 15575310336.00 15586473984.00 15597771776.00 15608771584.00 15620035584.00 15631089664.00 15642570752.00 15653869568.00 15664871424.00 15676077056.00 15687334912.00 15698498560.00 15709660160.00 
15717600256.00 15732258816.00 15743404032.00 15754747904.00 15765742592.00 15776941056.00 15788183552.00 15799382016.00 15810360320.00 15821750272.00 15832864768.00 15844168704.00 15855526912.00 15866639360.00 15877826560.00 15888985088.00 15900107776.00 15911449600.00 15922637824.00 15933896704.00 
15944741888.00 15956131840.00 15967436800.00 15978608640.00 15989594112.00 16000650240.00 16012187648.00 16023387136.00 16034274304.00 16046433280.00 16057110528.00 16068410368.00 16079454208.00 16090781696.00 16102032384.00 16113107968.00 16124356608.00 16135555072.00 16146748416.00 16157910016.00 
16167846912.00 16180442112.00 16191590400.00 16202745856.00 16213898240.00 16225172480.00 16236375040.00 16247579648.00 16258657280.00 16270048256.00 16280407040.00 16292623360.00 16303531008.00 16314884096.00 16325857280.00 16337362944.00 16348241920.00 16359669760.00 16370852864.00 16382035968.00 
16392967168.00 16404526080.00 16415713280.00 16426886144.00 16437961728.00 16449204224.00 16460435456.00 16471830528.00 16482892800.00 16494102528.00 16505167872.00 16516555776.00 16527460352.00 16538896384.00 16550196224.00 16560945152.00 16572482560.00 16583761920.00 16594871296.00 16606252032.00 
16616706048.00 16628538368.00 16639740928.00 16651028480.00 16662197248.00 16673304576.00 16684581888.00 16695744512.00 16706720768.00 16718169088.00 16729207808.00 16740592640.00 16751687680.00 16762999808.00 16774189056.00 16785278976.00 16796376064.00 16807585792.00 16818706432.00 16829601792.00 
16833059840.00 16853386240.00 16864202752.00 16875316224.00 16886205440.00 16897583104.00 16908793856.00 16919982080.00 16931139584.00 16942414848.00 16953434112.00 16964732928.00 16975842304.00 16987166720.00 16998338560.00 17009467392.00 17020748800.00 17031952384.00 17043187712.00 17054520320.00 
17064272896.00 17076806656.00 17087981568.00 17099210752.00 17110496256.00 17121234944.00 17132791808.00 17144022016.00 17155111936.00 17166382080.00 17177544704.00 17188868096.00 17200060416.00 17211287552.00 17222500352.00 17233635328.00 17244612608.00 17256030208.00 17267144704.00 17278597120.00 
17289400320.00 17301075968.00 17312124928.00 17323370496.00 17334398976.00 17345617920.00 17356912640.00 17368107008.00 17379264512.00 17390503936.00 17400901632.00 17412714496.00 17423884288.00 17435346944.00 17446477824.00 17457469440.00 17469216768.00 17480224768.00 17491392512.00 17502613504.00 
17513148416.00 17525282816.00 17536204800.00 17547407360.00 17558556672.00 17569679360.00 17580994560.00 17592125440.00 17603172352.00 17614651392.00 17625665536.00 17636950016.00 17648300032.00 17659465728.00 17670645760.00 17681467392.00 17692983296.00 17704298496.00 17715472384.00 17727264768.00 
17737605120.00 17749094400.00 17760274432.00 17771442176.00 17782472704.00 17793871872.00 17805043712.00 17816348672.00 17827446784.00 17838671872.00 17849778176.00 17861160960.00 17872209920.00 17883533312.00 17894717440.00 17905866752.00 17917052928.00 17928237056.00 17939386368.00 17950377984.00 
17955295232.00 17973647360.00 17984618496.00 17995765760.00 18006886400.00 18018037760.00 18029256704.00 18040481792.00 18051573760.00 18062886912.00 18073956352.00 18085212160.00 18096455680.00 18107805696.00 18118799360.00 18130010112.00 18141052928.00 18152269824.00 18163716096.00 18174410752.00 
18185807872.00 18197305344.00 18208509952.00 18219706368.00 18230790144.00 18240045056.00 18253320192.00 18264551424.00 18275756032.00 18286948352.00 18298036224.00 18309400576.00 18320316416.00 18331762688.00 18342961152.00 18354069504.00 18365087744.00 18376724480.00 18387826688.00 18399025152.00 
18409564160.00 18421155840.00 18432606208.00 18443902976.00 18454992896.00 18466156544.00 18477379584.00 18487992320.00 18499620864.00 18511044608.00 18521438208.00 18533396480.00 18544515072.00 18555906048.00 18567055360.00 18578139136.00 18589382656.00 18600648704.00 18611884032.00 18623082496.00 
18633951232.00 18645313536.00 18656724992.00 18667833344.00 18678773760.00 18690099200.00 18701082624.00 18713667584.00 18724120576.00 18735292416.00 18746296320.00 18757664768.00 18768689152.00 18779992064.00 18791192576.00 18801995776.00 18813595648.00 18824806400.00 18836029440.00 18847105024.00 
18857099264.00 18869635072.00 18880813056.00 18892060672.00 18903066624.00 18914398208.00 18925641728.00 18936819712.00 18947938304.00 18959284224.00 18970316800.00 18981644288.00 18992637952.00 19004164096.00 19015305216.00 19026458624.00 19037458432.00 19049218048.00 19060074496.00 19071322112.00 
19080853504.00 19093760000.00 19104880640.00 19116148736.00 19127257088.00 19138500608.00 19149783040.00 19160891392.00 19172098048.00 19183333376.00 19194382336.00 19205711872.00 19216656384.00 19227992064.00 19238592512.00 19250835456.00 19261870080.00 19273117696.00 19284264960.00 19295387648.00 
19305992192.00 19317899264.00 19329011712.00 19340218368.00 19351326720.00 19362250752.00 19373783040.00 19384979456.00 19396024320.00 19407486976.00 19418548224.00 19429926912.00 19441018880.00 19452172288.00 19463550976.00 19474653184.00 19485792256.00 19497144320.00 19508297728.00 19519387648.00 
19530403840.00 19541872640.00 19553282048.00 19564339200.00 19575293952.00 19586670592.00 19597836288.00 19609137152.00 19620231168.00 19631407104.00 19638554624.00 19654117376.00 19665143808.00 19676432384.00 19687575552.00 19698724864.00 19709933568.00 19721132032.00 19732406272.00 19743600640.00 
19753508864.00 19765979136.00 19777286144.00 19788451840.00 19799560192.00 19810895872.00 19822084096.00 19833364480.00 19844347904.00 19855624192.00 19866738688.00 19878135808.00 19889246208.00 19900475392.00 19911647232.00 19922462720.00 19933804544.00 19945132032.00 19957102592.00 19967774720.00 
19978645504.00 19990163456.00 20001359872.00 20012535808.00 20023652352.00 20034897920.00 20046161920.00 20057372672.00 20068526080.00 20079726592.00 20090884096.00 20102144000.00 20113139712.00 20124495872.00 20135782400.00 20146956288.00 20158189568.00 20169385984.00 20180606976.00 20191762432.00 
20199677952.00 20214376448.00 20225511424.00 20236660736.00 20247851008.00 20259028992.00 20270231552.00 20281432064.00 20292419584.00 20303857664.00 20314974208.00 20326277120.00 20337457152.00 20348674048.00 20359997440.00 20371034112.00 20382136320.00 20393510912.00 20404207616.00 20415995904.00 
20426870784.00 20438345728.00 20449550336.00 20460652544.00 20471713792.00 20482750464.00 20494131200.00 20505565184.00 20516734976.00 20527986688.00 20539019264.00 20550496256.00 20561422336.00 20572571648.00 20584103936.00 20595159040.00 20606349312.00 20617615360.00 20628848640.00 20640038912.00 
20649904128.00 20662401024.00 20673550336.00 20684775424.00 20695975936.00 20707160064.00 20718032896.00 20729751552.00 20740761600.00 20752019456.00 20762447872.00 20774453248.00 20785721344.00 20796925952.00 20808040448.00 20819183616.00 20830222336.00 20841330688.00 20852971520.00 20864137216.00 
20875014144.00 20886501376.00 20897562624.00 20908808192.00 20920033280.00 20931282944.00 20942462976.00 20953878528.00 20964919296.00 20976218112.00 20987217920.00 20998912000.00 21009514496.00 21020807168.00 21032110080.00 21041338368.00 21054586880.00 21065838592.00 21076961280.00 21088219136.00 
21098758144.00 21110620160.00 21121703936.00 21133084672.00 21144168448.00 21155360768.00 21166637056.00 21177806848.00 21188777984.00 21200566272.00 21211330560.00 21222711296.00 21233876992.00 21245038592.00 21256230912.00 21267521536.00 21278576640.00 21289908224.00 21301090304.00 21312376832.00 
21321834496.00 21334822912.00 21345910784.00 21357096960.00 21368049664.00 21379534848.00 21390714880.00 21402167296.00 21413048320.00 21424103424.00 21435406336.00 21446711296.00 21457813504.00 21468690432.00 21480396800.00 21491513344.00 21502707712.00 21513992192.00 21525141504.00 21536346112.00 
21546268672.00 21558781952.00 21569949696.00 21581004800.00 21592334336.00 21603194880.00 21614946304.00 21625925632.00 21637101568.00 21648492544.00 21659453440.00 21670422528.00 21681973248.00 21693198336.00 21704411136.00 21715550208.00 21726590976.00 21737953280.00 21749288960.00 21760458752.00 
21771311104.00 21782796288.00 21793953792.00 21805291520.00 21816301568.00 21827588096.00 21838958592.00 21850054656.00 21861195776.00 21872476160.00 21882832896.00 21894842368.00 21905793024.00 21917274112.00 21928382464.00 21939576832.00 21950781440.00 21962151936.00 21973235712.00 21984421888.00 
21995003904.00 22006841344.00 22018027520.00 22029318144.00 22040385536.00 22051592192.00 22062804992.00 22074052608.00 22085003264.00 22096492544.00 22107459584.00 22118670336.00 22129950720.00 22141237248.00 22152290304.00 22163169280.00 22174627840.00 22185832448.00 22197047296.00 22208321536.00 
22219147264.00 22230700032.00 22241822720.00 22252967936.00 22263918592.00 22275252224.00 22286403584.00 22297595904.00 22308683776.00 22319857664.00 22330802176.00 22342021120.00 22352959488.00 22364096512.00 22375008256.00 22385823744.00 22396450816.00 22406813696.00 22416117760.00 22421710848.00 
end   dump: w
==END   DUMP_ARRAYS==
Time in seconds = 0.084869
