Sender: LSF System <lsfadmin@polus-c3-ib.bmc.hpc.cs.msu.ru>
Subject: Job 493736: <./large.o> in cluster <MSUCluster> Done

Job <./large.o> was submitted from host <polus-ib.bmc.hpc.cs.msu.ru> by user <edu-cmc-skpod19-328-11> in cluster <MSUCluster> at Fri Nov 29 23:37:30 2019
Job was executed on host(s) <3*polus-c3-ib.bmc.hpc.cs.msu.ru>, in queue <short>, as user <edu-cmc-skpod19-328-11> in cluster <MSUCluster> at Fri Nov 29 23:38:16 2019
</home_edu/edu-cmc-skpod19-328/edu-cmc-skpod19-328-11> was used as the home directory.
</home_edu/edu-cmc-skpod19-328/edu-cmc-skpod19-328-11/dep_gemver> was used as the working directory.
Started at Fri Nov 29 23:38:16 2019
Terminated at Fri Nov 29 23:38:19 2019
Results reported at Fri Nov 29 23:38:19 2019

Your job looked like:

------------------------------------------------------------
# LSBATCH: User input
./large.o
------------------------------------------------------------

Successfully completed.

Resource usage summary:

    CPU time :                                   7.45 sec.
    Max Memory :                                 3 MB
    Average Memory :                             2.33 MB
    Total Requested Memory :                     -
    Delta Memory :                               -
    Max Swap :                                   2 MB
    Max Processes :                              1
    Max Threads :                                2
    Run time :                                   2 sec.
    Turnaround time :                            49 sec.

The output (if any) follows:

==BEGIN DUMP_ARRAYS==
begin dump: w
0.00 0.00 0.00 0.00 0.00 0.00 0.00 0.00 0.00 0.00 0.00 0.00 0.00 0.00 0.00 0.00 0.00 0.00 0.00 0.00 
0.00 0.00 0.00 0.00 0.00 0.00 0.00 0.00 0.00 0.00 0.00 0.00 0.00 0.00 0.00 0.00 0.00 0.00 0.00 0.00 
0.00 0.00 0.00 0.00 0.00 0.00 0.00 0.00 0.00 0.00 0.00 0.00 0.00 0.00 0.00 0.00 0.00 0.00 0.00 0.00 
0.00 0.00 0.00 0.00 0.00 0.00 0.00 0.00 0.00 0.00 0.00 0.00 0.00 0.00 0.00 0.00 0.00 0.00 0.00 0.00 
0.00 0.00 0.00 0.00 0.00 0.00 0.00 0.00 0.00 0.00 0.00 0.00 0.00 0.00 0.00 0.00 0.00 0.00 0.00 0.00 
0.00 0.00 0.00 0.00 0.00 0.00 0.00 0.00 0.00 0.00 0.00 0.00 0.00 0.00 0.00 0.00 0.00 0.00 0.00 0.00 
0.00 0.00 0.00 0.00 0.00 0.00 0.00 0.00 0.00 0.00 0.00 0.00 0.00 0.00 0.00 0.00 0.00 0.00 0.00 0.00 
0.00 0.00 0.00 0.00 0.00 0.00 0.00 0.00 0.00 0.00 0.00 0.00 0.00 0.00 0.00 0.00 0.00 0.00 0.00 0.00 
0.00 0.00 0.00 0.00 0.00 0.00 0.00 0.00 0.00 0.00 0.00 0.00 0.00 0.00 0.00 0.00 0.00 0.00 0.00 0.00 
0.00 0.00 0.00 0.00 0.00 0.00 0.00 0.00 0.00 0.00 0.00 0.00 0.00 0.00 0.00 0.00 0.00 0.00 0.00 0.00 
0.00 0.00 0.00 0.00 0.00 0.00 0.00 0.00 0.00 0.00 0.00 0.00 0.00 0.00 0.00 0.00 0.00 0.00 0.00 0.00 
0.00 0.00 0.00 0.00 0.00 0.00 0.00 0.00 0.00 0.00 0.00 0.00 0.00 0.00 0.00 0.00 0.00 0.00 0.00 0.00 
0.00 0.00 0.00 0.00 0.00 0.00 0.00 0.00 0.00 0.00 0.00 0.00 0.00 0.00 0.00 0.00 0.00 0.00 0.00 0.00 
0.00 0.00 0.00 0.00 0.00 0.00 0.00 0.00 0.00 0.00 0.00 0.00 0.00 0.00 0.00 0.00 0.00 0.00 0.00 0.00 
0.00 0.00 0.00 0.00 0.00 0.00 0.00 0.00 0.00 0.00 0.00 0.00 0.00 0.00 0.00 0.00 0.00 0.00 0.00 0.00 
0.00 0.00 0.00 0.00 0.00 0.00 0.00 0.00 0.00 0.00 0.00 0.00 0.00 0.00 0.00 0.00 0.00 0.00 0.00 0.00 
0.00 0.00 0.00 0.00 0.00 0.00 0.00 0.00 0.00 0.00 0.00 0.00 0.00 0.00 0.00 0.00 0.00 0.00 0.00 0.00 
0.00 0.00 0.00 0.00 0.00 0.00 0.00 0.00 0.00 0.00 0.00 0.00 0.00 0.00 0.00 0.00 0.00 0.00 0.00 0.00 
0.00 0.00 0.00 0.00 0.00 0.00 0.00 0.00 0.00 0.00 0.00 0.00 0.00 0.00 0.00 0.00 0.00 0.00 0.00 0.00 
0.00 0.00 0.00 0.00 0.00 0.00 0.00 0.00 0.00 0.00 0.00 0.00 0.00 0.00 0.00 0.00 0.00 0.00 0.00 0.00 
0.00 0.00 0.00 0.00 0.00 0.00 0.00 0.00 0.00 0.00 0.00 0.00 0.00 0.00 0.00 0.00 0.00 0.00 0.00 0.00 
0.00 0.00 0.00 0.00 0.00 0.00 0.00 0.00 0.00 0.00 0.00 0.00 0.00 0.00 0.00 0.00 0.00 0.00 0.00 0.00 
0.00 0.00 0.00 0.00 0.00 0.00 0.00 0.00 0.00 0.00 0.00 0.00 0.00 0.00 0.00 0.00 0.00 0.00 0.00 0.00 
0.00 0.00 0.00 0.00 0.00 0.00 0.00 0.00 0.00 0.00 0.00 0.00 0.00 0.00 0.00 0.00 0.00 0.00 0.00 0.00 
0.00 0.00 0.00 0.00 0.00 0.00 0.00 0.00 0.00 0.00 0.00 0.00 0.00 0.00 0.00 0.00 0.00 0.00 0.00 0.00 
0.00 0.00 0.00 0.00 0.00 0.00 0.00 0.00 0.00 0.00 0.00 0.00 0.00 0.00 0.00 0.00 0.00 0.00 0.00 0.00 
0.00 0.00 0.00 0.00 0.00 0.00 0.00 0.00 0.00 0.00 0.00 0.00 0.00 0.00 0.00 0.00 0.00 0.00 0.00 0.00 
0.00 0.00 0.00 0.00 0.00 0.00 0.00 0.00 0.00 0.00 0.00 0.00 0.00 0.00 0.00 0.00 0.00 0.00 0.00 0.00 
0.00 0.00 0.00 0.00 0.00 0.00 0.00 0.00 0.00 0.00 0.00 0.00 0.00 0.00 0.00 0.00 0.00 0.00 0.00 0.00 
0.00 0.00 0.00 0.00 0.00 0.00 0.00 0.00 0.00 0.00 0.00 0.00 0.00 0.00 0.00 0.00 0.00 0.00 0.00 0.00 
0.00 0.00 0.00 0.00 0.00 0.00 0.00 0.00 0.00 0.00 0.00 0.00 0.00 0.00 0.00 0.00 0.00 0.00 0.00 0.00 
0.00 0.00 0.00 0.00 0.00 0.00 0.00 0.00 0.00 0.00 0.00 0.00 0.00 0.00 0.00 0.00 0.00 0.00 0.00 0.00 
0.00 0.00 0.00 0.00 0.00 0.00 0.00 0.00 0.00 0.00 0.00 0.00 0.00 0.00 0.00 0.00 0.00 0.00 0.00 0.00 
0.00 0.00 0.00 0.00 0.00 0.00 0.00 0.00 0.00 0.00 0.00 0.00 0.00 0.00 0.00 0.00 0.00 0.00 0.00 0.00 
0.00 0.00 0.00 0.00 0.00 0.00 0.00 0.00 0.00 0.00 0.00 0.00 0.00 0.00 0.00 0.00 0.00 0.00 0.00 0.00 
0.00 0.00 0.00 0.00 0.00 0.00 0.00 0.00 0.00 0.00 0.00 0.00 0.00 0.00 0.00 0.00 0.00 0.00 0.00 0.00 
0.00 0.00 0.00 0.00 0.00 0.00 0.00 0.00 0.00 0.00 0.00 0.00 0.00 0.00 0.00 0.00 0.00 0.00 0.00 0.00 
0.00 0.00 0.00 0.00 0.00 0.00 0.00 0.00 0.00 0.00 0.00 0.00 0.00 0.00 0.00 0.00 0.00 0.00 0.00 0.00 
0.00 0.00 0.00 0.00 0.00 0.00 0.00 0.00 0.00 0.00 0.00 0.00 0.00 0.00 0.00 0.00 0.00 0.00 0.00 0.00 
0.00 0.00 0.00 0.00 0.00 0.00 0.00 0.00 0.00 0.00 0.00 0.00 0.00 0.00 0.00 0.00 0.00 0.00 0.00 0.00 
0.00 0.00 0.00 0.00 0.00 0.00 0.00 0.00 0.00 0.00 0.00 0.00 0.00 0.00 0.00 0.00 0.00 0.00 0.00 0.00 
0.00 0.00 0.00 0.00 0.00 0.00 0.00 0.00 0.00 0.00 0.00 0.00 0.00 0.00 0.00 0.00 0.00 0.00 0.00 0.00 
0.00 0.00 0.00 0.00 0.00 0.00 0.00 0.00 0.00 0.00 0.00 0.00 0.00 0.00 0.00 0.00 0.00 0.00 0.00 0.00 
0.00 0.00 0.00 0.00 0.00 0.00 0.00 0.00 0.00 0.00 0.00 0.00 0.00 0.00 0.00 0.00 0.00 0.00 0.00 0.00 
0.00 0.00 0.00 0.00 0.00 0.00 0.00 0.00 0.00 0.00 0.00 0.00 0.00 0.00 0.00 0.00 0.00 0.00 0.00 0.00 
0.00 0.00 0.00 0.00 0.00 0.00 0.00 0.00 0.00 0.00 0.00 0.00 0.00 0.00 0.00 0.00 0.00 0.00 0.00 0.00 
0.00 0.00 0.00 0.00 0.00 0.00 0.00 0.00 0.00 0.00 0.00 0.00 0.00 0.00 0.00 0.00 0.00 0.00 0.00 0.00 
0.00 0.00 0.00 0.00 0.00 0.00 0.00 0.00 0.00 0.00 0.00 0.00 0.00 0.00 0.00 0.00 0.00 0.00 0.00 0.00 
0.00 0.00 0.00 0.00 0.00 0.00 0.00 0.00 0.00 0.00 0.00 0.00 0.00 0.00 0.00 0.00 0.00 0.00 0.00 0.00 
0.00 0.00 0.00 0.00 0.00 0.00 0.00 0.00 0.00 0.00 0.00 0.00 0.00 0.00 0.00 0.00 0.00 0.00 0.00 0.00 
0.00 0.00 0.00 0.00 0.00 0.00 0.00 0.00 0.00 0.00 0.00 0.00 0.00 0.00 0.00 0.00 0.00 0.00 0.00 0.00 
0.00 0.00 0.00 0.00 0.00 0.00 0.00 0.00 0.00 0.00 0.00 0.00 0.00 0.00 0.00 0.00 0.00 0.00 0.00 0.00 
0.00 0.00 0.00 0.00 0.00 0.00 0.00 0.00 0.00 0.00 0.00 0.00 0.00 0.00 0.00 0.00 0.00 0.00 0.00 0.00 
0.00 0.00 0.00 0.00 0.00 0.00 0.00 0.00 0.00 0.00 0.00 0.00 0.00 0.00 0.00 0.00 0.00 0.00 0.00 0.00 
0.00 0.00 0.00 0.00 0.00 0.00 0.00 0.00 0.00 0.00 0.00 0.00 0.00 0.00 0.00 0.00 0.00 0.00 0.00 0.00 
0.00 0.00 0.00 0.00 0.00 0.00 0.00 0.00 0.00 0.00 0.00 0.00 0.00 0.00 0.00 0.00 0.00 0.00 0.00 0.00 
0.00 0.00 0.00 0.00 0.00 0.00 0.00 0.00 0.00 0.00 0.00 0.00 0.00 0.00 0.00 0.00 0.00 0.00 0.00 0.00 
0.00 0.00 0.00 0.00 0.00 0.00 0.00 0.00 0.00 0.00 0.00 0.00 0.00 0.00 0.00 0.00 0.00 0.00 0.00 0.00 
0.00 0.00 0.00 0.00 0.00 0.00 0.00 0.00 0.00 0.00 0.00 0.00 0.00 0.00 0.00 0.00 0.00 0.00 0.00 0.00 
0.00 0.00 0.00 0.00 0.00 0.00 0.00 0.00 0.00 0.00 0.00 0.00 0.00 0.00 0.00 0.00 0.00 0.00 0.00 0.00 
0.00 0.00 0.00 0.00 0.00 0.00 0.00 0.00 0.00 0.00 0.00 0.00 0.00 0.00 0.00 0.00 0.00 0.00 0.00 0.00 
0.00 0.00 0.00 0.00 0.00 0.00 0.00 0.00 0.00 0.00 0.00 0.00 0.00 0.00 0.00 0.00 0.00 0.00 0.00 0.00 
0.00 0.00 0.00 0.00 0.00 0.00 0.00 0.00 0.00 0.00 0.00 0.00 0.00 0.00 0.00 0.00 0.00 0.00 0.00 0.00 
0.00 0.00 0.00 0.00 0.00 0.00 0.00 0.00 0.00 0.00 0.00 0.00 0.00 0.00 0.00 0.00 0.00 0.00 0.00 0.00 
0.00 0.00 0.00 0.00 0.00 0.00 0.00 0.00 0.00 0.00 0.00 0.00 0.00 0.00 0.00 0.00 0.00 0.00 0.00 0.00 
0.00 0.00 0.00 0.00 0.00 0.00 0.00 0.00 0.00 0.00 0.00 0.00 0.00 0.00 0.00 0.00 0.00 0.00 0.00 0.00 
0.00 0.00 0.00 0.00 0.00 0.00 0.00 0.00 0.00 0.00 0.00 0.00 0.00 0.00 0.00 0.00 0.00 0.00 0.00 0.00 
0.00 0.00 0.00 0.00 0.00 0.00 0.00 0.00 0.00 0.00 0.00 0.00 0.00 0.00 0.00 0.00 0.00 0.00 0.00 0.00 
0.00 0.00 0.00 0.00 0.00 0.00 0.00 0.00 0.00 0.00 0.00 0.00 0.00 0.00 0.00 0.00 0.00 0.00 0.00 0.00 
0.00 0.00 0.00 0.00 0.00 0.00 0.00 0.00 0.00 0.00 0.00 0.00 0.00 0.00 0.00 0.00 0.00 0.00 0.00 0.00 
0.00 0.00 0.00 0.00 0.00 0.00 0.00 0.00 0.00 0.00 0.00 0.00 0.00 0.00 0.00 0.00 0.00 0.00 0.00 0.00 
0.00 0.00 0.00 0.00 0.00 0.00 0.00 0.00 0.00 0.00 0.00 0.00 0.00 0.00 0.00 0.00 0.00 0.00 0.00 0.00 
0.00 0.00 0.00 0.00 0.00 0.00 0.00 0.00 0.00 0.00 0.00 0.00 0.00 0.00 0.00 0.00 0.00 0.00 0.00 0.00 
0.00 0.00 0.00 0.00 0.00 0.00 0.00 0.00 0.00 0.00 0.00 0.00 0.00 0.00 0.00 0.00 0.00 0.00 0.00 0.00 
0.00 0.00 0.00 0.00 0.00 0.00 0.00 0.00 0.00 0.00 0.00 0.00 0.00 0.00 0.00 0.00 0.00 0.00 0.00 0.00 
0.00 0.00 0.00 0.00 0.00 0.00 0.00 0.00 0.00 0.00 0.00 0.00 0.00 0.00 0.00 0.00 0.00 0.00 0.00 0.00 
0.00 0.00 0.00 0.00 0.00 0.00 0.00 0.00 0.00 0.00 0.00 0.00 0.00 0.00 0.00 0.00 0.00 0.00 0.00 0.00 
0.00 0.00 0.00 0.00 0.00 0.00 0.00 0.00 0.00 0.00 0.00 0.00 0.00 0.00 0.00 0.00 0.00 0.00 0.00 0.00 
0.00 0.00 0.00 0.00 0.00 0.00 0.00 0.00 0.00 0.00 0.00 0.00 0.00 0.00 0.00 0.00 0.00 0.00 0.00 0.00 
0.00 0.00 0.00 0.00 0.00 0.00 0.00 0.00 0.00 0.00 0.00 0.00 0.00 0.00 0.00 0.00 0.00 0.00 0.00 0.00 
0.00 0.00 0.00 0.00 0.00 0.00 0.00 0.00 0.00 0.00 0.00 0.00 0.00 0.00 0.00 0.00 0.00 0.00 0.00 0.00 
0.00 0.00 0.00 0.00 0.00 0.00 0.00 0.00 0.00 0.00 0.00 0.00 0.00 0.00 0.00 0.00 0.00 0.00 0.00 0.00 
0.00 0.00 0.00 0.00 0.00 0.00 0.00 0.00 0.00 0.00 0.00 0.00 0.00 0.00 0.00 0.00 0.00 0.00 0.00 0.00 
0.00 0.00 0.00 0.00 0.00 0.00 0.00 0.00 0.00 0.00 0.00 0.00 0.00 0.00 0.00 0.00 0.00 0.00 0.00 0.00 
0.00 0.00 0.00 0.00 0.00 0.00 0.00 0.00 0.00 0.00 0.00 0.00 0.00 0.00 0.00 0.00 0.00 0.00 0.00 0.00 
0.00 0.00 0.00 0.00 0.00 0.00 0.00 0.00 0.00 0.00 0.00 0.00 0.00 0.00 0.00 0.00 0.00 0.00 0.00 0.00 
0.00 0.00 0.00 0.00 0.00 0.00 0.00 0.00 0.00 0.00 0.00 0.00 0.00 0.00 0.00 0.00 0.00 0.00 0.00 0.00 
0.00 0.00 0.00 0.00 0.00 0.00 0.00 0.00 0.00 0.00 0.00 0.00 0.00 0.00 0.00 0.00 0.00 0.00 0.00 0.00 
0.00 0.00 0.00 0.00 0.00 0.00 0.00 0.00 0.00 0.00 0.00 0.00 0.00 0.00 0.00 0.00 0.00 0.00 0.00 0.00 
0.00 0.00 0.00 0.00 0.00 0.00 0.00 0.00 0.00 0.00 0.00 0.00 0.00 0.00 0.00 0.00 0.00 0.00 0.00 0.00 
0.00 0.00 0.00 0.00 0.00 0.00 0.00 0.00 0.00 0.00 0.00 0.00 0.00 0.00 0.00 0.00 0.00 0.00 0.00 0.00 
0.00 0.00 0.00 0.00 0.00 0.00 0.00 0.00 0.00 0.00 0.00 0.00 0.00 0.00 0.00 0.00 0.00 0.00 0.00 0.00 
0.00 0.00 0.00 0.00 0.00 0.00 0.00 0.00 0.00 0.00 0.00 0.00 0.00 0.00 0.00 0.00 0.00 0.00 0.00 0.00 
0.00 0.00 0.00 0.00 0.00 0.00 0.00 0.00 0.00 0.00 0.00 0.00 0.00 0.00 0.00 0.00 0.00 0.00 0.00 0.00 
0.00 0.00 0.00 0.00 0.00 0.00 0.00 0.00 0.00 0.00 0.00 0.00 0.00 0.00 0.00 0.00 0.00 0.00 0.00 0.00 
0.00 0.00 0.00 0.00 0.00 0.00 0.00 0.00 0.00 0.00 0.00 0.00 0.00 0.00 0.00 0.00 0.00 0.00 0.00 0.00 
0.00 0.00 0.00 0.00 0.00 0.00 0.00 0.00 0.00 0.00 0.00 0.00 0.00 0.00 0.00 0.00 0.00 0.00 0.00 0.00 
0.00 0.00 0.00 0.00 0.00 0.00 0.00 0.00 0.00 0.00 0.00 0.00 0.00 0.00 0.00 0.00 0.00 0.00 0.00 0.00 
0.00 0.00 0.00 0.00 0.00 0.00 0.00 0.00 0.00 0.00 0.00 0.00 0.00 0.00 0.00 0.00 0.00 0.00 0.00 0.00 
0.00 0.00 0.00 0.00 0.00 0.00 0.00 0.00 0.00 0.00 0.00 0.00 0.00 0.00 0.00 0.00 0.00 0.00 0.00 0.00 
end   dump: w
==END   DUMP_ARRAYS==
==BEGIN DUMP_ARRAYS==
begin dump: w
1816.64 54470204.00 59919352.00 69016384.00 78953312.00 89305456.00 99865336.00 110556608.00 121124752.00 132029928.00 142609472.00 153616096.00 164354208.00 175244592.00 186081536.00 196837184.00 207512752.00 218682384.00 229466624.00 240344000.00 
250921888.00 262130976.00 273015680.00 284000608.00 294632704.00 305258208.00 316550400.00 327352736.00 338253568.00 349334816.00 359932960.00 370908768.00 381631328.00 392749952.00 403663872.00 414436416.00 425381504.00 436236160.00 447196832.00 458127840.00 
468391936.00 479917408.00 490794720.00 501585760.00 512537088.00 523453664.00 534418976.00 545283200.00 555921600.00 567112448.00 577181184.00 588865920.00 599723712.00 610667456.00 621405184.00 632368192.00 643221120.00 654204736.00 665189056.00 676118528.00 
686634432.00 697857344.00 708667264.00 719739456.00 730287168.00 741396352.00 752314624.00 763254016.00 774104000.00 785413568.00 795789760.00 806776320.00 817639616.00 828686144.00 839334592.00 850048064.00 861316416.00 872445568.00 883140928.00 894041088.00 
903649344.00 915846080.00 926735744.00 937603648.00 948496000.00 959344512.00 970262272.00 981697280.00 992035904.00 1003069120.00 1013795264.00 1025057344.00 1035705728.00 1046398720.00 1057514048.00 1068281728.00 1079108864.00 1090247424.00 1101109760.00 1111934848.00 
1121324928.00 1133759360.00 1144729472.00 1155620352.00 1166424704.00 1177283968.00 1188356992.00 1199271040.00 1210030976.00 1221019648.00 1231776000.00 1242548864.00 1253530240.00 1264691072.00 1275532800.00 1286395776.00 1297316352.00 1308203392.00 1319239424.00 1330043776.00 
1340324992.00 1351846784.00 1362760192.00 1373632640.00 1384473472.00 1393400448.00 1406408064.00 1417420288.00 1427930368.00 1438729600.00 1449819264.00 1460818048.00 1471705600.00 1482544000.00 1493613824.00 1504421248.00 1515264512.00 1526414080.00 1537332096.00 1548110464.00 
1558659968.00 1569861248.00 1580692608.00 1592048640.00 1602364800.00 1613441920.00 1624386304.00 1635258240.00 1646053376.00 1657111808.00 1667187968.00 1678930944.00 1689663232.00 1700583040.00 1711976832.00 1722463616.00 1733356544.00 1744336768.00 1755232000.00 1766125312.00 
1775715968.00 1787904640.00 1798759680.00 1809704064.00 1820568320.00 1831416064.00 1842285696.00 1853532928.00 1864138240.00 1874993408.00 1885878784.00 1896889088.00 1907752704.00 1918713600.00 1929829760.00 1940129792.00 1951169536.00 1962404480.00 1973186048.00 1984093440.00 
1994689280.00 2005860352.00 2017288064.00 2027741184.00 2038547456.00 2049480320.00 2060317184.00 2071332224.00 2082172928.00 2093151744.00 2103853824.00 2114950784.00 2125599232.00 2136766208.00 2147622912.00 2158443776.00 2169350912.00 2180329216.00 2191152640.00 2202020352.00 
2209778432.00 2224006912.00 2234836224.00 2245779200.00 2256593152.00 2267465216.00 2278446592.00 2289472256.00 2300017920.00 2311204608.00 2321877760.00 2333010432.00 2343828736.00 2354768384.00 2365631744.00 2376496896.00 2387335680.00 2398376448.00 2409231872.00 2420160512.00 
2430720256.00 2441934848.00 2452276736.00 2463971584.00 2474502656.00 2485234688.00 2496519680.00 2507393024.00 2518255104.00 2529135872.00 2539944192.00 2551025664.00 2561799936.00 2572703232.00 2583656960.00 2594420224.00 2605490944.00 2616418048.00 2627240960.00 2638248448.00 
2647815936.00 2660037632.00 2670892288.00 2681895936.00 2692715776.00 2703562240.00 2714497024.00 2725393152.00 2736145920.00 2747100160.00 2754083328.00 2769171456.00 2779954944.00 2790848512.00 2801817088.00 2812581632.00 2823296256.00 2834446592.00 2845169152.00 2856306688.00 
2866831360.00 2878182400.00 2888929792.00 2899831552.00 2910619136.00 2921551872.00 2932453632.00 2943566848.00 2954309632.00 2965203712.00 2975997440.00 2987045632.00 2997691392.00 3008931840.00 3019809536.00 3030260224.00 3041584384.00 3052476416.00 3063367936.00 3074183424.00 
3084500992.00 3096110080.00 3106905856.00 3117774848.00 3128615936.00 3139316736.00 3151327744.00 3161692160.00 3172220672.00 3183338240.00 3194076672.00 3205138944.00 3215978496.00 3226971904.00 3237727744.00 3248622848.00 3259453184.00 3270503424.00 3281407744.00 3292264960.00 
3301589504.00 3314092288.00 3325018624.00 3335596288.00 3346556160.00 3357612032.00 3368558080.00 3379450368.00 3390557696.00 3401349888.00 3412080640.00 3423081984.00 3433902080.00 3444955392.00 3455810048.00 3466643456.00 3477698304.00 3488504832.00 3499402496.00 3510311680.00 
3519941120.00 3532249600.00 3542992384.00 3553940480.00 3564769024.00 3575327232.00 3586615040.00 3597541888.00 3608300032.00 3619261440.00 3630028800.00 3641024512.00 3651792128.00 3662044672.00 3674281728.00 3684858880.00 3695510784.00 3706654464.00 3717433600.00 3728574208.00 
3738992384.00 3750191616.00 3761065984.00 3772036096.00 3782764544.00 3793777152.00 3804672000.00 3815563008.00 3826545152.00 3837441280.00 3847483392.00 3859197952.00 3869813248.00 3881614848.00 3891928576.00 3902733312.00 3913642752.00 3924518656.00 3935469568.00 3946653696.00 
3956653056.00 3968170752.00 3979052032.00 3989863168.00 4001081600.00 4011792896.00 4022687232.00 4033636096.00 4044264704.00 4055395072.00 4066146048.00 4077223936.00 4088013312.00 4099010816.00 4109892864.00 4118774528.00 4131631104.00 4142646784.00 4153500672.00 4164429312.00 
4174994944.00 4186723584.00 4197068288.00 4208241152.00 4218667008.00 4229787904.00 4240783872.00 4251509504.00 4262442496.00 4273492224.00 4284164096.00 4295218688.00 4305972224.00 4317005824.00 4327908352.00 4338704896.00 4349607936.00 4360500224.00 4371334656.00 4382018048.00 
4386837504.00 4404668416.00 4415335936.00 4426221568.00 4436998144.00 4447868928.00 4458785792.00 4469710336.00 4480483840.00 4491482624.00 4502249984.00 4513339392.00 4524177408.00 4535079424.00 4546033664.00 4556805632.00 4567539200.00 4578742784.00 4589594624.00 4600491520.00 
4611077632.00 4621749760.00 4633172480.00 4644083712.00 4654866432.00 4665505280.00 4676784128.00 4687712768.00 4698477056.00 4709604352.00 4720283136.00 4731304960.00 4741962240.00 4753216512.00 4764001792.00 4774931968.00 4785779712.00 4796723712.00 4807593472.00 4818258944.00 
4828763648.00 4840302080.00 4851191808.00 4862070784.00 4872696832.00 4884093952.00 4894893568.00 4905759232.00 4916416000.00 4927750656.00 4937653760.00 4949378560.00 4960212992.00 4971163648.00 4982015488.00 4992914944.00 5003726848.00 5014685184.00 5025596416.00 5036376064.00 
5047112704.00 5058251264.00 5069356032.00 5080204800.00 5090827264.00 5101863936.00 5112801280.00 5123743744.00 5134569472.00 5145541120.00 5156255744.00 5167433216.00 5178166784.00 5189192704.00 5200079872.00 5210567168.00 5221707776.00 5232779776.00 5243668480.00 5254574080.00 
5264175104.00 5276246016.00 5287260160.00 5298207744.00 5309027840.00 5319954432.00 5330884608.00 5341794816.00 5352573440.00 5363610112.00 5374305280.00 5385340416.00 5396189696.00 5407143936.00 5418001920.00 5428815872.00 5439520768.00 5450600960.00 5461391360.00 5471952384.00 
5475361792.00 5495078912.00 5505641984.00 5516479488.00 5527166976.00 5538068992.00 5548959232.00 5559880192.00 5570789888.00 5581688832.00 5592466944.00 5603484160.00 5614134784.00 5625306112.00 5636143616.00 5647015424.00 5657854464.00 5668815360.00 5679770624.00 5690712576.00 
5700933632.00 5712386048.00 5723420672.00 5734248448.00 5745147392.00 5755663872.00 5766883840.00 5777903616.00 5788536320.00 5799649792.00 5810438144.00 5821489664.00 5832311808.00 5843152384.00 5854228480.00 5865031168.00 5875872256.00 5886890496.00 5897737728.00 5908642816.00 
5919270400.00 5930519552.00 5941373440.00 5952278528.00 5962907648.00 5973848064.00 5985141760.00 5995857920.00 6006803968.00 6017519616.00 6027805696.00 6039465984.00 6050329088.00 6061328896.00 6072205824.00 6082995200.00 6094021120.00 6104958464.00 6115779072.00 6126659072.00 
6136317440.00 6148569088.00 6159425536.00 6170328576.00 6181119488.00 6192029184.00 6202898944.00 6213876224.00 6224673280.00 6235652608.00 6246352384.00 6257029632.00 6268765696.00 6279456768.00 6290310144.00 6300801024.00 6311826944.00 6323016704.00 6333861376.00 6344892928.00 
6355349504.00 6366533120.00 6377435136.00 6388348416.00 6399162368.00 6410088448.00 6421061120.00 6431958016.00 6442669568.00 6453815808.00 6464526848.00 6475622400.00 6486208512.00 6497381888.00 6508243456.00 6519099904.00 6530015744.00 6540807680.00 6551819776.00 6562690048.00 
6570418176.00 6584675840.00 6595511296.00 6606396416.00 6617256960.00 6628134400.00 6638928384.00 6649959936.00 6660628992.00 6671865856.00 6682542592.00 6693533696.00 6704445440.00 6715386368.00 6726254592.00 6736988160.00 6748076032.00 6758986240.00 6769890816.00 6780689920.00 
6791387648.00 6802598400.00 6813465600.00 6824443904.00 6835038720.00 6844164608.00 6857131520.00 6868022784.00 6878873088.00 6889806848.00 6900562944.00 6911567872.00 6922459648.00 6933454336.00 6944272896.00 6955171328.00 6966028288.00 6977030144.00 6987912192.00 6998799360.00 
7008433152.00 7020575744.00 7031551488.00 7042507264.00 7053233664.00 7064086016.00 7075110400.00 7085865472.00 7096815616.00 7107764736.00 7117909504.00 7129585664.00 7140446208.00 7151339520.00 7162298880.00 7173117952.00 7183831040.00 7194926080.00 7205836800.00 7216710656.00 
7227308544.00 7238448640.00 7249336832.00 7260170752.00 7270845952.00 7281510400.00 7291372032.00 7307720704.00 7315834368.00 7326397440.00 7336993280.00 7347969536.00 7358563328.00 7369690112.00 7380550656.00 7391048704.00 7402249728.00 7413220864.00 7424169984.00 7434976256.00 
7445266944.00 7456779264.00 7467696128.00 7478658560.00 7489410048.00 7500320768.00 7511288320.00 7522161664.00 7532826112.00 7544002048.00 7554744320.00 7565798400.00 7576586752.00 7587578368.00 7598472704.00 7609290240.00 7620207104.00 7631239168.00 7642076160.00 7652938240.00 
7662246912.00 7674760704.00 7685687296.00 7696605696.00 7707226112.00 7718272512.00 7729572352.00 7740188672.00 7751040000.00 7762020864.00 7772753408.00 7783764480.00 7794565632.00 7805547008.00 7816284160.00 7827382784.00 7838231552.00 7849385472.00 7860194304.00 7870968832.00 
7880599552.00 7892785664.00 7903660544.00 7914552320.00 7925421568.00 7935975936.00 7947221504.00 7957890048.00 7969099264.00 7980044800.00 7990771712.00 8001825280.00 8012670464.00 8023597056.00 8034492416.00 8045341696.00 8056038912.00 8067383296.00 8078100480.00 8088978432.00 
8099601920.00 8110848512.00 8121730048.00 8132652032.00 8143390208.00 8154310144.00 8165282816.00 8176302592.00 8187031040.00 8197846528.00 8204869120.00 8219990528.00 8230560768.00 8241701376.00 8252541952.00 8263395840.00 8274303488.00 8285260288.00 8296138752.00 8307060224.00 
8317316096.00 8328836096.00 8339978752.00 8350611968.00 8361485824.00 8372405760.00 8383428096.00 8394253824.00 8404875776.00 8415802880.00 8426886144.00 8437892096.00 8448752128.00 8459630080.00 8470518272.00 8481080320.00 8492237824.00 8503260160.00 8514296320.00 8525101056.00 
8535672832.00 8546878976.00 8557734912.00 8568719872.00 8579331584.00 8590389248.00 8601395200.00 8612257792.00 8623188992.00 8634152960.00 8644827136.00 8655886336.00 8666647552.00 8677621760.00 8688512000.00 8699367424.00 8710265856.00 8721240064.00 8731987968.00 8742690816.00 
8747494400.00 8765344768.00 8775995392.00 8786836480.00 8797663232.00 8808531968.00 8819530752.00 8830193664.00 8841152512.00 8852278272.00 8862913536.00 8874003456.00 8884785152.00 8895704064.00 8906656768.00 8917555200.00 8928201728.00 8939365376.00 8950132736.00 8961167360.00 
8971738112.00 8982933504.00 8993830912.00 9004686336.00 9015614464.00 9026174976.00 9037402112.00 9048316928.00 9059223552.00 9070141440.00 9080901632.00 9091970048.00 9102587904.00 9113555968.00 9124745216.00 9135547392.00 9146437632.00 9157327872.00 9168262144.00 9179201536.00 
9189434368.00 9200974848.00 9211602944.00 9222821888.00 9233623040.00 9244497920.00 9255373824.00 9266373632.00 9277034496.00 9288161280.00 9298276352.00 9309922304.00 9320829952.00 9331775488.00 9342631936.00 9353453568.00 9364208640.00 9373860864.00 9386530816.00 9397307392.00 
9407859712.00 9419055104.00 9429894144.00 9440815104.00 9451487232.00 9462601728.00 9473547264.00 9484493824.00 9495317504.00 9506203648.00 9517017088.00 9528097792.00 9538847744.00 9549786112.00 9560692736.00 9569564672.00 9582499840.00 9593392128.00 9604200448.00 9615241216.00 
9624843264.00 9637057536.00 9647928320.00 9658820608.00 9669691392.00 9680568320.00 9691491328.00 9702386688.00 9713094656.00 9725449216.00 9735118848.00 9746145280.00 9756940288.00 9767889920.00 9778743296.00 9789617152.00 9800306688.00 9811484672.00 9822448640.00 9833270272.00 
9842547712.00 9855089664.00 9866050560.00 9876835328.00 9887643648.00 9898610688.00 9909584896.00 9920489472.00 9931259904.00 9941302272.00 9953116160.00 9964164096.00 9974753280.00 9985787904.00 9996754944.00 10007610368.00 10018528256.00 10029557760.00 10040310784.00 10051375104.00 
10061544448.00 10073056256.00 10083959808.00 10094074880.00 10105803776.00 10116322304.00 10127626240.00 10138532864.00 10149151744.00 10160331776.00 10171042816.00 10182022144.00 10192918528.00 10203766784.00 10214833152.00 10225649664.00 10236485632.00 10247502848.00 10258393088.00 10269307904.00 
10279876608.00 10290929664.00 10302027776.00 10312894464.00 10323564544.00 10334655488.00 10345629696.00 10356471808.00 10367413248.00 10378313728.00 10388424704.00 10400130048.00 10410869760.00 10421941248.00 10432824320.00 10443662336.00 10454563840.00 10465568768.00 10476439552.00 10487319552.00 
10496930816.00 10509095936.00 10519940096.00 10531315712.00 10541776896.00 10552646656.00 10563635200.00 10574491648.00 10585339904.00 10596339712.00 10607091712.00 10618093568.00 10628992000.00 10640194560.00 10650803200.00 10661314560.00 10672370688.00 10683495424.00 10694406144.00 10705278976.00 
10715869184.00 10727077888.00 10737973248.00 10748822528.00 10759631872.00 10770570240.00 10781538304.00 10792310784.00 10803299328.00 10814098432.00 10824931328.00 10836021248.00 10846570496.00 10857591808.00 10868460544.00 10879247360.00 10890028032.00 10900764672.00 10911162368.00 10920695808.00 
10917952512.00 10948007936.00 10957496320.00 10967936000.00 10978570240.00 10989316096.00 11000204288.00 11011099648.00 11021631488.00 11032674304.00 11043463168.00 11054600192.00 11065304064.00 11076382720.00 11087125504.00 11097996288.00 11108833280.00 11119875072.00 11130694656.00 11141621760.00 
11152204800.00 11163403264.00 11174256640.00 11185199104.00 11195830272.00 11206589440.00 11217866752.00 11228483584.00 11239599104.00 11250607104.00 11261306880.00 11272361984.00 11283126272.00 11294199808.00 11305022464.00 11315920896.00 11326828544.00 11337379840.00 11348718592.00 11359586304.00 
11369176064.00 11381378048.00 11392222208.00 11403128832.00 11414039552.00 11424903168.00 11435842560.00 11446751232.00 11457600512.00 11468563456.00 11478664192.00 11490380800.00 11501184000.00 11512215552.00 11523041280.00 11533912064.00 11544630272.00 11555812352.00 11566625792.00 11577771008.00 
11588191232.00 11599386624.00 11610260480.00 11621193728.00 11631988736.00 11642914816.00 11653827584.00 11664930816.00 11675675648.00 11686675456.00 11697355776.00 11708362752.00 11719046144.00 11730167808.00 11741030400.00 11751580672.00 11762793472.00 11774619648.00 11784708096.00 11795637248.00 
11805872128.00 11817315328.00 11828362240.00 11839130624.00 11850083328.00 11860945920.00 11871901696.00 11882914816.00 11893448704.00 11904535552.00 11915279360.00 11927390208.00 11937338368.00 11948201984.00 11959069696.00 11969952768.00 11980817408.00 11991852032.00 12002610176.00 12013599744.00 
12022894592.00 12035428352.00 12046224384.00 12057219072.00 12067897344.00 12078949376.00 12089916416.00 12100812800.00 12111656960.00 12122552320.00 12133269504.00 12143252480.00 12155371520.00 12166301696.00 12177161216.00 12187994112.00 12198903808.00 12209860608.00 12220732416.00 12231645184.00 
12241258496.00 12253449216.00 12264457216.00 12275304448.00 12286102528.00 12295041024.00 12307972096.00 12318902272.00 12329617408.00 12340598784.00 12351388672.00 12362482688.00 12373281792.00 12384202752.00 12395119616.00 12405952512.00 12416712704.00 12427873280.00 12438752256.00 12449638400.00 
12460215296.00 12471387136.00 12482136064.00 12494834688.00 12504250368.00 12515109888.00 12526024704.00 12536928256.00 12547771392.00 12558778368.00 12568821760.00 12580533248.00 12591171584.00 12602322944.00 12613284864.00 12624068608.00 12634976256.00 12645872640.00 12657070080.00 12667723776.00 
12677988352.00 12689495040.00 12700384256.00 12711351296.00 12722156544.00 12733017088.00 12743919616.00 12755137536.00 12765624320.00 12776729600.00 12787503104.00 12798555136.00 12809368576.00 12820381696.00 12831266816.00 12841748480.00 12852859904.00 12864007168.00 12874820608.00 12885755904.00 
12896334848.00 12907539456.00 12918518784.00 12929325056.00 12939992064.00 12951009280.00 12962008064.00 12973000704.00 12983804928.00 12994694144.00 13005478912.00 13016417280.00 13027309568.00 13038498816.00 13049123840.00 13060028416.00 13070929920.00 13081869312.00 13092666368.00 13103343616.00 
13108159488.00 13126005760.00 13136670720.00 13147458560.00 13158337536.00 13169193984.00 13180141568.00 13191063552.00 13201815552.00 13212805120.00 13223578624.00 13234544640.00 13245394944.00 13256433664.00 13267266560.00 13278172160.00 13288873984.00 13299968000.00 13310925824.00 13321808896.00 
13332403200.00 13343597568.00 13354366976.00 13365430272.00 13376232448.00 13386832896.00 13398151168.00 13409054720.00 13419852800.00 13430801408.00 13441526784.00 13452897280.00 13463317504.00 13474430976.00 13485239296.00 13496156160.00 13507108864.00 13518078976.00 13528676352.00 13539859456.00 
13550090240.00 13561634816.00 13572524032.00 13583432704.00 13594289152.00 13605170176.00 13616109568.00 13626990592.00 13637653504.00 13648701440.00 13655682048.00 13670848512.00 13681574912.00 13692396544.00 13703396352.00 13714256896.00 13725080576.00 13736057856.00 13746926592.00 13757840384.00 
13768475648.00 13779716096.00 13790563328.00 13801304064.00 13812169728.00 13823216640.00 13834161152.00 13845106688.00 13855923200.00 13866876928.00 13877624832.00 13888640000.00 13899366400.00 13910799360.00 13921441792.00 13931928576.00 13943176192.00 13954144256.00 13965003776.00 13975922688.00 
13985512448.00 13997731840.00 14008472576.00 14019308544.00 14030356480.00 14041187328.00 14052374528.00 14063154176.00 14073904128.00 14084927488.00 14095633408.00 14106673152.00 14117561344.00 14128510976.00 14139096064.00 14150287360.00 14160982016.00 14172097536.00 14182969344.00 14193936384.00 
14203202560.00 14215756800.00 14226576384.00 14237466624.00 14248256512.00 14259273728.00 14270191616.00 14281102336.00 14292005888.00 14302887936.00 14313649152.00 14324700160.00 14335377408.00 14346531840.00 14357378048.00 14368243712.00 14379181056.00 14390038528.00 14400973824.00 14411914240.00 
14422142976.00 14433730560.00 14444483584.00 14455471104.00 14466354176.00 14476852224.00 14488113152.00 14498999296.00 14509641728.00 14520721408.00 14531398656.00 14542298112.00 14552754176.00 14560973824.00 14577296384.00 14587041792.00 14597622784.00 14608526336.00 14619321344.00 14630254592.00 
14640753664.00 14651994112.00 14662819840.00 14673764352.00 14684359680.00 14695448576.00 14706368512.00 14717355008.00 14728147968.00 14739106816.00 14749181952.00 14760916992.00 14771653632.00 14782832640.00 14793548800.00 14804470784.00 14815352832.00 14826192896.00 14837103616.00 14848129024.00 
14857686016.00 14869891072.00 14880753664.00 14891658240.00 14902569984.00 14913388544.00 14924393472.00 14935230464.00 14946014208.00 14957117440.00 14967839744.00 14978890752.00 14989721600.00 15000673280.00 15011530752.00 15020459008.00 15033175040.00 15044241408.00 15055195136.00 15066105856.00 
15076673536.00 15088001024.00 15098763264.00 15109708800.00 15120391168.00 15131584512.00 15142405120.00 15153315840.00 15164163072.00 15175161856.00 15185865728.00 15196825600.00 15207572480.00 15218736128.00 15229739008.00 15240428544.00 15251338240.00 15262302208.00 15273166848.00 15284018176.00 
15291746304.00 15305990144.00 15316834304.00 15327880192.00 15338584064.00 15349470208.00 15360429056.00 15371314176.00 15381991424.00 15393065984.00 15403870208.00 15414871040.00 15425934336.00 15436719104.00 15447598080.00 15458465792.00 15469307904.00 15480343552.00 15491229696.00 15502157824.00 
15512727552.00 15523807232.00 15534797824.00 15545671680.00 15556376576.00 15567109120.00 15578354688.00 15589243904.00 15599825920.00 15611659264.00 15622055936.00 15633034240.00 15643785216.00 15654817792.00 15665768448.00 15676537856.00 15687477248.00 15698368512.00 15709234176.00 15720133632.00 
15729793024.00 15742032896.00 15752896512.00 15763744768.00 15774577664.00 15785571328.00 15796456448.00 15807366144.00 15818141696.00 15829232640.00 15839288320.00 15851158528.00 15861807104.00 15872830464.00 15883526144.00 15894711296.00 15905306624.00 15916412928.00 15927287808.00 15938196480.00 
15948790784.00 15960053760.00 15970928640.00 15981808640.00 15992597504.00 16003529728.00 16014440448.00 16025542656.00 16036285440.00 16047208448.00 16057967616.00 16069037056.00 16079654912.00 16090779648.00 16101764096.00 16112239616.00 16123460608.00 16134444032.00 16145234944.00 16156308480.00 
16166476800.00 16177971200.00 16188892160.00 16199895040.00 16210729984.00 16221543424.00 16232519680.00 16243376128.00 16254066688.00 16265204736.00 16275938304.00 16287008768.00 16297806848.00 16308816896.00 16319699968.00 16330487808.00 16341309440.00 16352210944.00 16363015168.00 16373603328.00 
16376993792.00 16396742656.00 16407267328.00 16418101248.00 16428680192.00 16439746560.00 16450656256.00 16461549568.00 16472404992.00 16483355648.00 16494090240.00 16505086976.00 16515892224.00 16526907392.00 16537773056.00 16548609024.00 16559554560.00 16570463232.00 16581401600.00 16592456704.00 
16601935872.00 16614103040.00 16624989184.00 16635912192.00 16646885376.00 16657348608.00 16668591104.00 16679507968.00 16690287616.00 16701258752.00 16712137728.00 16723153920.00 16734027776.00 16744944640.00 16755864576.00 16766689280.00 16777368576.00 16788493312.00 16799312896.00 16810444800.00 
16820957184.00 16832316416.00 16843055104.00 16854011904.00 16864734208.00 16875641856.00 16886645760.00 16897524736.00 16908381184.00 16919319552.00 16929435648.00 16940939264.00 16951786496.00 16962927616.00 16973778944.00 16984474624.00 16995902464.00 17006619648.00 17017465856.00 17028384768.00 
17038650368.00 17050445824.00 17061068800.00 17071963136.00 17082818560.00 17093629952.00 17104658432.00 17115479040.00 17126235136.00 17137387520.00 17148113920.00 17159084032.00 17170128896.00 17180985344.00 17191874560.00 17202403328.00 17213601792.00 17224617984.00 17235492864.00 17246949376.00 
17257003008.00 17268199424.00 17279059968.00 17289963520.00 17300678656.00 17311758336.00 17322631168.00 17333608448.00 17344411648.00 17355333632.00 17366145024.00 17377208320.00 17387974656.00 17398984704.00 17409882112.00 17420707840.00 17431588864.00 17442476032.00 17453330432.00 17464023040.00 
17468819456.00 17486675968.00 17497327616.00 17508184064.00 17518983168.00 17529864192.00 17540771840.00 17551695872.00 17562490880.00 17573480448.00 17584246784.00 17595205632.00 17606152192.00 17617190912.00 17627885568.00 17638782976.00 17649543168.00 17660463104.00 17671606272.00 17681983488.00 
17693069312.00 17704263680.00 17715159040.00 17726033920.00 17736835072.00 17745838080.00 17758777344.00 17769676800.00 17780594688.00 17791471616.00 17802250240.00 17813297152.00 17823930368.00 17835065344.00 17845979136.00 17856784384.00 17867511808.00 17878822912.00 17889615872.00 17900513280.00 
17910755328.00 17922043904.00 17933189120.00 17944164352.00 17954955264.00 17965830144.00 17976733696.00 17987078144.00 17998383104.00 18009509888.00 18019622912.00 18031255552.00 18042060800.00 18053120000.00 18063988736.00 18074781696.00 18085709824.00 18096656384.00 18107596800.00 18118506496.00 
18129078272.00 18140139520.00 18151249920.00 18162038784.00 18172698624.00 18183698432.00 18194366464.00 18206646272.00 18216800256.00 18227656704.00 18238375936.00 18249426944.00 18260164608.00 18271156224.00 18282043392.00 18292570112.00 18303815680.00 18314747904.00 18325680128.00 18336446464.00 
18346180608.00 18358384640.00 18369259520.00 18380191744.00 18390906880.00 18401916928.00 18412855296.00 18423726080.00 18434564096.00 18445606912.00 18456311808.00 18467340288.00 18478030848.00 18489237504.00 18500108288.00 18510948352.00 18521653248.00 18533097472.00 18543638528.00 18554593280.00 
18563870720.00 18576422912.00 18587252736.00 18598187008.00 18609016832.00 18619951104.00 18630942720.00 18641723392.00 18652610560.00 18663557120.00 18674333696.00 18685366272.00 18695997440.00 18707019776.00 18717341696.00 18729240576.00 18739970048.00 18750914560.00 18761748480.00 18772578304.00 
18782918656.00 18794502144.00 18805288960.00 18816215040.00 18826997760.00 18837643264.00 18848851968.00 18859749376.00 18870507520.00 18881656832.00 18892396544.00 18903502848.00 18914279424.00 18925121536.00 18936197120.00 18947016704.00 18957864960.00 18968856576.00 18979725312.00 18990510080.00 
19001247744.00 19012388864.00 19023499264.00 19034236928.00 19044921344.00 19055980544.00 19066839040.00 19077838848.00 19088635904.00 19099504640.00 19106469888.00 19121598464.00 19132313600.00 19143301120.00 19154176000.00 19164989440.00 19175876608.00 19186790400.00 19197767680.00 19208669184.00 
19218300928.00 19230461952.00 19241426944.00 19252269056.00 19263107072.00 19274141696.00 19285004288.00 19296002048.00 19306672128.00 19317667840.00 19328448512.00 19339556864.00 19350339584.00 19361298432.00 19372140544.00 19382669312.00 19393705984.00 19404724224.00 19416387584.00 19426768896.00 
19437357056.00 19448522752.00 19459434496.00 19470333952.00 19481122816.00 19492057088.00 19503044608.00 19513919488.00 19524780032.00 19535685632.00 19546537984.00 19557488640.00 19568179200.00 19579205632.00 19590221824.00 19601096704.00 19612020736.00 19622926336.00 19633840128.00 19644696576.00 
19652388864.00 19666675712.00 19677523968.00 19688376320.00 19699267584.00 19710107648.00 19721031680.00 19731931136.00 19742601216.00 19753746432.00 19764553728.00 19775543296.00 19786418176.00 19797366784.00 19808350208.00 19819085824.00 19829919744.00 19840944128.00 19851360256.00 19862833152.00 
19873386496.00 19884593152.00 19895484416.00 19906285568.00 19917017088.00 19927771136.00 19938830336.00 19949983744.00 19960834048.00 19971819520.00 19982510080.00 19993698304.00 20004321280.00 20015171584.00 20026372096.00 20037160960.00 20048033792.00 20058992640.00 20069904384.00 20080789504.00 
20090390528.00 20102582272.00 20113446912.00 20124356608.00 20135249920.00 20146114560.00 20156678144.00 20168112128.00 20178800640.00 20189767680.00 20199907328.00 20211587072.00 20222554112.00 20233435136.00 20244281344.00 20255113216.00 20265832448.00 20276660224.00 20287967232.00 20298842112.00 
20309420032.00 20320571392.00 20331331584.00 20342280192.00 20353200128.00 20364128256.00 20375050240.00 20386144256.00 20396898304.00 20407879680.00 20418578432.00 20429969408.00 20440281088.00 20451284992.00 20462262272.00 20471207936.00 20484118528.00 20495071232.00 20505907200.00 20516839424.00 
20527079424.00 20538650624.00 20549435392.00 20560500736.00 20571271168.00 20582170624.00 20593135616.00 20603998208.00 20614670336.00 20626145280.00 20636647424.00 20647686144.00 20658554880.00 20669433856.00 20680304640.00 20691267584.00 20702040064.00 20713078784.00 20723961856.00 20734926848.00 
20744126464.00 20756768768.00 20767553536.00 20778438656.00 20789102592.00 20800278528.00 20811167744.00 20822308864.00 20832882688.00 20843634688.00 20854607872.00 20865626112.00 20876437504.00 20887007232.00 20898385920.00 20909199360.00 20920104960.00 20931080192.00 20941936640.00 20952846336.00 
20962465792.00 20974651392.00 20985507840.00 20996235264.00 21007280128.00 21017856000.00 21029324800.00 21040017408.00 21050839040.00 21061906432.00 21072607232.00 21083287552.00 21094488064.00 21105442816.00 21116344320.00 21127168000.00 21137913856.00 21148968960.00 21159997440.00 21170841600.00 
21181433856.00 21192583168.00 21203480576.00 21214482432.00 21225242624.00 21236197376.00 21247252480.00 21258039296.00 21268889600.00 21279819776.00 21289918464.00 21301585920.00 21312274432.00 21323429888.00 21334249472.00 21345107968.00 21356056576.00 21367101440.00 21377859584.00 21388771328.00 
21399015424.00 21410549760.00 21421475840.00 21432459264.00 21443215360.00 21454123008.00 21464997888.00 21475940352.00 21486565376.00 21497794560.00 21508468736.00 21519355904.00 21530327040.00 21541351424.00 21552107520.00 21562644480.00 21573832704.00 21584693248.00 21595652096.00 21606565888.00 
21617141760.00 21628342272.00 21639200768.00 21650014208.00 21660694528.00 21671729152.00 21682593792.00 21693454336.00 21704237056.00 21715062784.00 21725794304.00 21736669184.00 21747353600.00 21758148608.00 21768794112.00 21779261440.00 21789634560.00 21799680000.00 21808734208.00 21814208512.00 
end   dump: w
==END   DUMP_ARRAYS==
Time in seconds = 0.088119
