Sender: LSF System <lsfadmin@polus-c3-ib.bmc.hpc.cs.msu.ru>
Subject: Job 493878: <./large.o> in cluster <MSUCluster> Done

Job <./large.o> was submitted from host <polus-ib.bmc.hpc.cs.msu.ru> by user <edu-cmc-skpod19-328-11> in cluster <MSUCluster> at Fri Nov 29 23:38:31 2019
Job was executed on host(s) <5*polus-c3-ib.bmc.hpc.cs.msu.ru>, in queue <short>, as user <edu-cmc-skpod19-328-11> in cluster <MSUCluster> at Fri Nov 29 23:40:05 2019
                            <5*polus-c2-ib.bmc.hpc.cs.msu.ru>
</home_edu/edu-cmc-skpod19-328/edu-cmc-skpod19-328-11> was used as the home directory.
</home_edu/edu-cmc-skpod19-328/edu-cmc-skpod19-328-11/dep_gemver> was used as the working directory.
Started at Fri Nov 29 23:40:05 2019
Terminated at Fri Nov 29 23:40:06 2019
Results reported at Fri Nov 29 23:40:06 2019

Your job looked like:

------------------------------------------------------------
# LSBATCH: User input
./large.o
------------------------------------------------------------

Successfully completed.

Resource usage summary:

    CPU time :                                   7.25 sec.
    Max Memory :                                 1 MB
    Average Memory :                             1.00 MB
    Total Requested Memory :                     -
    Delta Memory :                               -
    Max Swap :                                   -
    Max Processes :                              1
    Max Threads :                                1
    Run time :                                   1 sec.
    Turnaround time :                            95 sec.

The output (if any) follows:

==BEGIN DUMP_ARRAYS==
begin dump: w
0.00 0.00 0.00 0.00 0.00 0.00 0.00 0.00 0.00 0.00 0.00 0.00 0.00 0.00 0.00 0.00 0.00 0.00 0.00 0.00 
0.00 0.00 0.00 0.00 0.00 0.00 0.00 0.00 0.00 0.00 0.00 0.00 0.00 0.00 0.00 0.00 0.00 0.00 0.00 0.00 
0.00 0.00 0.00 0.00 0.00 0.00 0.00 0.00 0.00 0.00 0.00 0.00 0.00 0.00 0.00 0.00 0.00 0.00 0.00 0.00 
0.00 0.00 0.00 0.00 0.00 0.00 0.00 0.00 0.00 0.00 0.00 0.00 0.00 0.00 0.00 0.00 0.00 0.00 0.00 0.00 
0.00 0.00 0.00 0.00 0.00 0.00 0.00 0.00 0.00 0.00 0.00 0.00 0.00 0.00 0.00 0.00 0.00 0.00 0.00 0.00 
0.00 0.00 0.00 0.00 0.00 0.00 0.00 0.00 0.00 0.00 0.00 0.00 0.00 0.00 0.00 0.00 0.00 0.00 0.00 0.00 
0.00 0.00 0.00 0.00 0.00 0.00 0.00 0.00 0.00 0.00 0.00 0.00 0.00 0.00 0.00 0.00 0.00 0.00 0.00 0.00 
0.00 0.00 0.00 0.00 0.00 0.00 0.00 0.00 0.00 0.00 0.00 0.00 0.00 0.00 0.00 0.00 0.00 0.00 0.00 0.00 
0.00 0.00 0.00 0.00 0.00 0.00 0.00 0.00 0.00 0.00 0.00 0.00 0.00 0.00 0.00 0.00 0.00 0.00 0.00 0.00 
0.00 0.00 0.00 0.00 0.00 0.00 0.00 0.00 0.00 0.00 0.00 0.00 0.00 0.00 0.00 0.00 0.00 0.00 0.00 0.00 
0.00 0.00 0.00 0.00 0.00 0.00 0.00 0.00 0.00 0.00 0.00 0.00 0.00 0.00 0.00 0.00 0.00 0.00 0.00 0.00 
0.00 0.00 0.00 0.00 0.00 0.00 0.00 0.00 0.00 0.00 0.00 0.00 0.00 0.00 0.00 0.00 0.00 0.00 0.00 0.00 
0.00 0.00 0.00 0.00 0.00 0.00 0.00 0.00 0.00 0.00 0.00 0.00 0.00 0.00 0.00 0.00 0.00 0.00 0.00 0.00 
0.00 0.00 0.00 0.00 0.00 0.00 0.00 0.00 0.00 0.00 0.00 0.00 0.00 0.00 0.00 0.00 0.00 0.00 0.00 0.00 
0.00 0.00 0.00 0.00 0.00 0.00 0.00 0.00 0.00 0.00 0.00 0.00 0.00 0.00 0.00 0.00 0.00 0.00 0.00 0.00 
0.00 0.00 0.00 0.00 0.00 0.00 0.00 0.00 0.00 0.00 0.00 0.00 0.00 0.00 0.00 0.00 0.00 0.00 0.00 0.00 
0.00 0.00 0.00 0.00 0.00 0.00 0.00 0.00 0.00 0.00 0.00 0.00 0.00 0.00 0.00 0.00 0.00 0.00 0.00 0.00 
0.00 0.00 0.00 0.00 0.00 0.00 0.00 0.00 0.00 0.00 0.00 0.00 0.00 0.00 0.00 0.00 0.00 0.00 0.00 0.00 
0.00 0.00 0.00 0.00 0.00 0.00 0.00 0.00 0.00 0.00 0.00 0.00 0.00 0.00 0.00 0.00 0.00 0.00 0.00 0.00 
0.00 0.00 0.00 0.00 0.00 0.00 0.00 0.00 0.00 0.00 0.00 0.00 0.00 0.00 0.00 0.00 0.00 0.00 0.00 0.00 
0.00 0.00 0.00 0.00 0.00 0.00 0.00 0.00 0.00 0.00 0.00 0.00 0.00 0.00 0.00 0.00 0.00 0.00 0.00 0.00 
0.00 0.00 0.00 0.00 0.00 0.00 0.00 0.00 0.00 0.00 0.00 0.00 0.00 0.00 0.00 0.00 0.00 0.00 0.00 0.00 
0.00 0.00 0.00 0.00 0.00 0.00 0.00 0.00 0.00 0.00 0.00 0.00 0.00 0.00 0.00 0.00 0.00 0.00 0.00 0.00 
0.00 0.00 0.00 0.00 0.00 0.00 0.00 0.00 0.00 0.00 0.00 0.00 0.00 0.00 0.00 0.00 0.00 0.00 0.00 0.00 
0.00 0.00 0.00 0.00 0.00 0.00 0.00 0.00 0.00 0.00 0.00 0.00 0.00 0.00 0.00 0.00 0.00 0.00 0.00 0.00 
0.00 0.00 0.00 0.00 0.00 0.00 0.00 0.00 0.00 0.00 0.00 0.00 0.00 0.00 0.00 0.00 0.00 0.00 0.00 0.00 
0.00 0.00 0.00 0.00 0.00 0.00 0.00 0.00 0.00 0.00 0.00 0.00 0.00 0.00 0.00 0.00 0.00 0.00 0.00 0.00 
0.00 0.00 0.00 0.00 0.00 0.00 0.00 0.00 0.00 0.00 0.00 0.00 0.00 0.00 0.00 0.00 0.00 0.00 0.00 0.00 
0.00 0.00 0.00 0.00 0.00 0.00 0.00 0.00 0.00 0.00 0.00 0.00 0.00 0.00 0.00 0.00 0.00 0.00 0.00 0.00 
0.00 0.00 0.00 0.00 0.00 0.00 0.00 0.00 0.00 0.00 0.00 0.00 0.00 0.00 0.00 0.00 0.00 0.00 0.00 0.00 
0.00 0.00 0.00 0.00 0.00 0.00 0.00 0.00 0.00 0.00 0.00 0.00 0.00 0.00 0.00 0.00 0.00 0.00 0.00 0.00 
0.00 0.00 0.00 0.00 0.00 0.00 0.00 0.00 0.00 0.00 0.00 0.00 0.00 0.00 0.00 0.00 0.00 0.00 0.00 0.00 
0.00 0.00 0.00 0.00 0.00 0.00 0.00 0.00 0.00 0.00 0.00 0.00 0.00 0.00 0.00 0.00 0.00 0.00 0.00 0.00 
0.00 0.00 0.00 0.00 0.00 0.00 0.00 0.00 0.00 0.00 0.00 0.00 0.00 0.00 0.00 0.00 0.00 0.00 0.00 0.00 
0.00 0.00 0.00 0.00 0.00 0.00 0.00 0.00 0.00 0.00 0.00 0.00 0.00 0.00 0.00 0.00 0.00 0.00 0.00 0.00 
0.00 0.00 0.00 0.00 0.00 0.00 0.00 0.00 0.00 0.00 0.00 0.00 0.00 0.00 0.00 0.00 0.00 0.00 0.00 0.00 
0.00 0.00 0.00 0.00 0.00 0.00 0.00 0.00 0.00 0.00 0.00 0.00 0.00 0.00 0.00 0.00 0.00 0.00 0.00 0.00 
0.00 0.00 0.00 0.00 0.00 0.00 0.00 0.00 0.00 0.00 0.00 0.00 0.00 0.00 0.00 0.00 0.00 0.00 0.00 0.00 
0.00 0.00 0.00 0.00 0.00 0.00 0.00 0.00 0.00 0.00 0.00 0.00 0.00 0.00 0.00 0.00 0.00 0.00 0.00 0.00 
0.00 0.00 0.00 0.00 0.00 0.00 0.00 0.00 0.00 0.00 0.00 0.00 0.00 0.00 0.00 0.00 0.00 0.00 0.00 0.00 
0.00 0.00 0.00 0.00 0.00 0.00 0.00 0.00 0.00 0.00 0.00 0.00 0.00 0.00 0.00 0.00 0.00 0.00 0.00 0.00 
0.00 0.00 0.00 0.00 0.00 0.00 0.00 0.00 0.00 0.00 0.00 0.00 0.00 0.00 0.00 0.00 0.00 0.00 0.00 0.00 
0.00 0.00 0.00 0.00 0.00 0.00 0.00 0.00 0.00 0.00 0.00 0.00 0.00 0.00 0.00 0.00 0.00 0.00 0.00 0.00 
0.00 0.00 0.00 0.00 0.00 0.00 0.00 0.00 0.00 0.00 0.00 0.00 0.00 0.00 0.00 0.00 0.00 0.00 0.00 0.00 
0.00 0.00 0.00 0.00 0.00 0.00 0.00 0.00 0.00 0.00 0.00 0.00 0.00 0.00 0.00 0.00 0.00 0.00 0.00 0.00 
0.00 0.00 0.00 0.00 0.00 0.00 0.00 0.00 0.00 0.00 0.00 0.00 0.00 0.00 0.00 0.00 0.00 0.00 0.00 0.00 
0.00 0.00 0.00 0.00 0.00 0.00 0.00 0.00 0.00 0.00 0.00 0.00 0.00 0.00 0.00 0.00 0.00 0.00 0.00 0.00 
0.00 0.00 0.00 0.00 0.00 0.00 0.00 0.00 0.00 0.00 0.00 0.00 0.00 0.00 0.00 0.00 0.00 0.00 0.00 0.00 
0.00 0.00 0.00 0.00 0.00 0.00 0.00 0.00 0.00 0.00 0.00 0.00 0.00 0.00 0.00 0.00 0.00 0.00 0.00 0.00 
0.00 0.00 0.00 0.00 0.00 0.00 0.00 0.00 0.00 0.00 0.00 0.00 0.00 0.00 0.00 0.00 0.00 0.00 0.00 0.00 
0.00 0.00 0.00 0.00 0.00 0.00 0.00 0.00 0.00 0.00 0.00 0.00 0.00 0.00 0.00 0.00 0.00 0.00 0.00 0.00 
0.00 0.00 0.00 0.00 0.00 0.00 0.00 0.00 0.00 0.00 0.00 0.00 0.00 0.00 0.00 0.00 0.00 0.00 0.00 0.00 
0.00 0.00 0.00 0.00 0.00 0.00 0.00 0.00 0.00 0.00 0.00 0.00 0.00 0.00 0.00 0.00 0.00 0.00 0.00 0.00 
0.00 0.00 0.00 0.00 0.00 0.00 0.00 0.00 0.00 0.00 0.00 0.00 0.00 0.00 0.00 0.00 0.00 0.00 0.00 0.00 
0.00 0.00 0.00 0.00 0.00 0.00 0.00 0.00 0.00 0.00 0.00 0.00 0.00 0.00 0.00 0.00 0.00 0.00 0.00 0.00 
0.00 0.00 0.00 0.00 0.00 0.00 0.00 0.00 0.00 0.00 0.00 0.00 0.00 0.00 0.00 0.00 0.00 0.00 0.00 0.00 
0.00 0.00 0.00 0.00 0.00 0.00 0.00 0.00 0.00 0.00 0.00 0.00 0.00 0.00 0.00 0.00 0.00 0.00 0.00 0.00 
0.00 0.00 0.00 0.00 0.00 0.00 0.00 0.00 0.00 0.00 0.00 0.00 0.00 0.00 0.00 0.00 0.00 0.00 0.00 0.00 
0.00 0.00 0.00 0.00 0.00 0.00 0.00 0.00 0.00 0.00 0.00 0.00 0.00 0.00 0.00 0.00 0.00 0.00 0.00 0.00 
0.00 0.00 0.00 0.00 0.00 0.00 0.00 0.00 0.00 0.00 0.00 0.00 0.00 0.00 0.00 0.00 0.00 0.00 0.00 0.00 
0.00 0.00 0.00 0.00 0.00 0.00 0.00 0.00 0.00 0.00 0.00 0.00 0.00 0.00 0.00 0.00 0.00 0.00 0.00 0.00 
0.00 0.00 0.00 0.00 0.00 0.00 0.00 0.00 0.00 0.00 0.00 0.00 0.00 0.00 0.00 0.00 0.00 0.00 0.00 0.00 
0.00 0.00 0.00 0.00 0.00 0.00 0.00 0.00 0.00 0.00 0.00 0.00 0.00 0.00 0.00 0.00 0.00 0.00 0.00 0.00 
0.00 0.00 0.00 0.00 0.00 0.00 0.00 0.00 0.00 0.00 0.00 0.00 0.00 0.00 0.00 0.00 0.00 0.00 0.00 0.00 
0.00 0.00 0.00 0.00 0.00 0.00 0.00 0.00 0.00 0.00 0.00 0.00 0.00 0.00 0.00 0.00 0.00 0.00 0.00 0.00 
0.00 0.00 0.00 0.00 0.00 0.00 0.00 0.00 0.00 0.00 0.00 0.00 0.00 0.00 0.00 0.00 0.00 0.00 0.00 0.00 
0.00 0.00 0.00 0.00 0.00 0.00 0.00 0.00 0.00 0.00 0.00 0.00 0.00 0.00 0.00 0.00 0.00 0.00 0.00 0.00 
0.00 0.00 0.00 0.00 0.00 0.00 0.00 0.00 0.00 0.00 0.00 0.00 0.00 0.00 0.00 0.00 0.00 0.00 0.00 0.00 
0.00 0.00 0.00 0.00 0.00 0.00 0.00 0.00 0.00 0.00 0.00 0.00 0.00 0.00 0.00 0.00 0.00 0.00 0.00 0.00 
0.00 0.00 0.00 0.00 0.00 0.00 0.00 0.00 0.00 0.00 0.00 0.00 0.00 0.00 0.00 0.00 0.00 0.00 0.00 0.00 
0.00 0.00 0.00 0.00 0.00 0.00 0.00 0.00 0.00 0.00 0.00 0.00 0.00 0.00 0.00 0.00 0.00 0.00 0.00 0.00 
0.00 0.00 0.00 0.00 0.00 0.00 0.00 0.00 0.00 0.00 0.00 0.00 0.00 0.00 0.00 0.00 0.00 0.00 0.00 0.00 
0.00 0.00 0.00 0.00 0.00 0.00 0.00 0.00 0.00 0.00 0.00 0.00 0.00 0.00 0.00 0.00 0.00 0.00 0.00 0.00 
0.00 0.00 0.00 0.00 0.00 0.00 0.00 0.00 0.00 0.00 0.00 0.00 0.00 0.00 0.00 0.00 0.00 0.00 0.00 0.00 
0.00 0.00 0.00 0.00 0.00 0.00 0.00 0.00 0.00 0.00 0.00 0.00 0.00 0.00 0.00 0.00 0.00 0.00 0.00 0.00 
0.00 0.00 0.00 0.00 0.00 0.00 0.00 0.00 0.00 0.00 0.00 0.00 0.00 0.00 0.00 0.00 0.00 0.00 0.00 0.00 
0.00 0.00 0.00 0.00 0.00 0.00 0.00 0.00 0.00 0.00 0.00 0.00 0.00 0.00 0.00 0.00 0.00 0.00 0.00 0.00 
0.00 0.00 0.00 0.00 0.00 0.00 0.00 0.00 0.00 0.00 0.00 0.00 0.00 0.00 0.00 0.00 0.00 0.00 0.00 0.00 
0.00 0.00 0.00 0.00 0.00 0.00 0.00 0.00 0.00 0.00 0.00 0.00 0.00 0.00 0.00 0.00 0.00 0.00 0.00 0.00 
0.00 0.00 0.00 0.00 0.00 0.00 0.00 0.00 0.00 0.00 0.00 0.00 0.00 0.00 0.00 0.00 0.00 0.00 0.00 0.00 
0.00 0.00 0.00 0.00 0.00 0.00 0.00 0.00 0.00 0.00 0.00 0.00 0.00 0.00 0.00 0.00 0.00 0.00 0.00 0.00 
0.00 0.00 0.00 0.00 0.00 0.00 0.00 0.00 0.00 0.00 0.00 0.00 0.00 0.00 0.00 0.00 0.00 0.00 0.00 0.00 
0.00 0.00 0.00 0.00 0.00 0.00 0.00 0.00 0.00 0.00 0.00 0.00 0.00 0.00 0.00 0.00 0.00 0.00 0.00 0.00 
0.00 0.00 0.00 0.00 0.00 0.00 0.00 0.00 0.00 0.00 0.00 0.00 0.00 0.00 0.00 0.00 0.00 0.00 0.00 0.00 
0.00 0.00 0.00 0.00 0.00 0.00 0.00 0.00 0.00 0.00 0.00 0.00 0.00 0.00 0.00 0.00 0.00 0.00 0.00 0.00 
0.00 0.00 0.00 0.00 0.00 0.00 0.00 0.00 0.00 0.00 0.00 0.00 0.00 0.00 0.00 0.00 0.00 0.00 0.00 0.00 
0.00 0.00 0.00 0.00 0.00 0.00 0.00 0.00 0.00 0.00 0.00 0.00 0.00 0.00 0.00 0.00 0.00 0.00 0.00 0.00 
0.00 0.00 0.00 0.00 0.00 0.00 0.00 0.00 0.00 0.00 0.00 0.00 0.00 0.00 0.00 0.00 0.00 0.00 0.00 0.00 
0.00 0.00 0.00 0.00 0.00 0.00 0.00 0.00 0.00 0.00 0.00 0.00 0.00 0.00 0.00 0.00 0.00 0.00 0.00 0.00 
0.00 0.00 0.00 0.00 0.00 0.00 0.00 0.00 0.00 0.00 0.00 0.00 0.00 0.00 0.00 0.00 0.00 0.00 0.00 0.00 
0.00 0.00 0.00 0.00 0.00 0.00 0.00 0.00 0.00 0.00 0.00 0.00 0.00 0.00 0.00 0.00 0.00 0.00 0.00 0.00 
0.00 0.00 0.00 0.00 0.00 0.00 0.00 0.00 0.00 0.00 0.00 0.00 0.00 0.00 0.00 0.00 0.00 0.00 0.00 0.00 
0.00 0.00 0.00 0.00 0.00 0.00 0.00 0.00 0.00 0.00 0.00 0.00 0.00 0.00 0.00 0.00 0.00 0.00 0.00 0.00 
0.00 0.00 0.00 0.00 0.00 0.00 0.00 0.00 0.00 0.00 0.00 0.00 0.00 0.00 0.00 0.00 0.00 0.00 0.00 0.00 
0.00 0.00 0.00 0.00 0.00 0.00 0.00 0.00 0.00 0.00 0.00 0.00 0.00 0.00 0.00 0.00 0.00 0.00 0.00 0.00 
0.00 0.00 0.00 0.00 0.00 0.00 0.00 0.00 0.00 0.00 0.00 0.00 0.00 0.00 0.00 0.00 0.00 0.00 0.00 0.00 
0.00 0.00 0.00 0.00 0.00 0.00 0.00 0.00 0.00 0.00 0.00 0.00 0.00 0.00 0.00 0.00 0.00 0.00 0.00 0.00 
0.00 0.00 0.00 0.00 0.00 0.00 0.00 0.00 0.00 0.00 0.00 0.00 0.00 0.00 0.00 0.00 0.00 0.00 0.00 0.00 
0.00 0.00 0.00 0.00 0.00 0.00 0.00 0.00 0.00 0.00 0.00 0.00 0.00 0.00 0.00 0.00 0.00 0.00 0.00 0.00 
0.00 0.00 0.00 0.00 0.00 0.00 0.00 0.00 0.00 0.00 0.00 0.00 0.00 0.00 0.00 0.00 0.00 0.00 0.00 0.00 
end   dump: w
==END   DUMP_ARRAYS==
==BEGIN DUMP_ARRAYS==
begin dump: w
1869.54 56056392.00 61657876.00 71005696.00 81251744.00 91902232.00 102763720.00 113785144.00 124643384.00 135797696.00 146791760.00 158079488.00 169106048.00 180344640.00 191522768.00 202583648.00 213565008.00 225061280.00 236139632.00 247349280.00 
258243408.00 269783968.00 280988544.00 292260576.00 303212544.00 314134560.00 325783712.00 336889216.00 348132000.00 359504928.00 370415808.00 381686816.00 392741440.00 404170048.00 415407648.00 426526688.00 437760192.00 448961728.00 460244256.00 471456064.00 
481987072.00 493892416.00 505087040.00 516212768.00 527497696.00 538671488.00 549977088.00 561162304.00 572125504.00 583623232.00 593981888.00 606006464.00 617207296.00 628476992.00 639512512.00 650817728.00 661989696.00 673253824.00 684556224.00 695815872.00 
706631744.00 718167488.00 729315456.00 740685632.00 751573184.00 762978752.00 774231616.00 785519552.00 796644096.00 808277376.00 818968064.00 830275136.00 841440256.00 852842752.00 863780224.00 874809280.00 886385792.00 897831552.00 908852864.00 920098176.00 
929967360.00 942531712.00 953721792.00 964917120.00 976113280.00 987285632.00 998543296.00 1010288576.00 1020934080.00 1032290752.00 1043311552.00 1054938752.00 1065888128.00 1076885376.00 1088309120.00 1099405312.00 1110541824.00 1121994496.00 1133174016.00 1144329344.00 
1153982592.00 1166795648.00 1178065536.00 1189267840.00 1200391040.00 1211566464.00 1222959488.00 1234208128.00 1245276288.00 1256591488.00 1267665024.00 1278745984.00 1290036608.00 1301547904.00 1312690048.00 1323853056.00 1335099776.00 1346304640.00 1357670144.00 1368802944.00 
1379361792.00 1391221888.00 1402444160.00 1413652352.00 1424786688.00 1433975936.00 1447359616.00 1458712448.00 1469517952.00 1480635136.00 1492044032.00 1503373184.00 1514564096.00 1525724288.00 1537117696.00 1548231040.00 1559393024.00 1570868096.00 1582109312.00 1593196416.00 
1604063360.00 1615580544.00 1626743424.00 1638431232.00 1649044352.00 1660447872.00 1671701376.00 1682875520.00 1693993216.00 1705376256.00 1715741696.00 1727831040.00 1738866048.00 1750111744.00 1761836544.00 1772637056.00 1783831424.00 1795149952.00 1806371840.00 1817568384.00 
1827420800.00 1839973760.00 1851136640.00 1862402688.00 1873596416.00 1884761088.00 1895949184.00 1907497728.00 1918423424.00 1929606272.00 1940790272.00 1952127360.00 1963323520.00 1974586880.00 1986020480.00 1996624768.00 2008000512.00 2019553536.00 2030664320.00 2041881216.00 
2052782592.00 2064294016.00 2076039680.00 2086787968.00 2097919744.00 2109165952.00 2120331392.00 2131665664.00 2142809728.00 2154111488.00 2165133312.00 2176556288.00 2187503616.00 2199001344.00 2210173184.00 2221304064.00 2232526336.00 2243826688.00 2254973184.00 2266153216.00 
2274140928.00 2288787968.00 2299931648.00 2311184128.00 2322315008.00 2333499904.00 2344801536.00 2356152320.00 2367002880.00 2378516480.00 2389494016.00 2400950784.00 2412083712.00 2423345664.00 2434531840.00 2445714944.00 2456851456.00 2468218624.00 2479397632.00 2490641664.00 
2501513728.00 2513048576.00 2523694080.00 2535727360.00 2546563584.00 2557616128.00 2569229824.00 2580425984.00 2591595520.00 2602799104.00 2613918208.00 2625333504.00 2636402688.00 2647628544.00 2658893568.00 2669991936.00 2681367808.00 2692613376.00 2703765760.00 2715089664.00 
2724932608.00 2737502976.00 2748670720.00 2760001280.00 2771120128.00 2782302464.00 2793543168.00 2804765184.00 2815825664.00 2827115008.00 2834289920.00 2849817344.00 2860910336.00 2872130304.00 2883410176.00 2894486016.00 2905512192.00 2916997120.00 2928027648.00 2939492352.00 
2950313216.00 2962004480.00 2973061632.00 2984284928.00 2995387904.00 3006637824.00 3017864448.00 3029293056.00 3040353792.00 3051560704.00 3062658048.00 3074036224.00 3084997888.00 3096568064.00 3107753728.00 3118510592.00 3130158080.00 3141371392.00 3152585984.00 3163707392.00 
3174346240.00 3186287616.00 3197377024.00 3208573440.00 3219732992.00 3230744576.00 3243099904.00 3253744896.00 3264600064.00 3276043520.00 3287106560.00 3298488832.00 3309639936.00 3320947712.00 3332009984.00 3343226880.00 3354379520.00 3365743872.00 3376983040.00 3388152064.00 
3397729280.00 3410616064.00 3421849344.00 3432736000.00 3444014336.00 3455390720.00 3466659328.00 3477865984.00 3489305344.00 3500412672.00 3511447296.00 3522772992.00 3533896704.00 3545283840.00 3556460544.00 3567598080.00 3578983936.00 3590109184.00 3601316608.00 3612537344.00 
3622439424.00 3635119360.00 3646170112.00 3657447936.00 3668576256.00 3679450112.00 3691061504.00 3702302720.00 3713378048.00 3724665856.00 3735745792.00 3747048704.00 3758142208.00 3768691456.00 3781282304.00 3792174080.00 3803130624.00 3814595072.00 3825704960.00 3837161728.00 
3847877120.00 3859404032.00 3870589952.00 3881878272.00 3892930304.00 3904260352.00 3915467264.00 3926674688.00 3937975808.00 3949200896.00 3959535360.00 3971583744.00 3982519552.00 3994657024.00 4005265152.00 4016388608.00 4027615488.00 4038812672.00 4050085632.00 4061583616.00 
4071875072.00 4083734528.00 4094935296.00 4106063104.00 4117604608.00 4128622080.00 4139841280.00 4151110912.00 4162040576.00 4173497600.00 4184549376.00 4195960064.00 4207067648.00 4218383360.00 4229583360.00 4238720256.00 4251957504.00 4263291136.00 4274452992.00 4285710336.00 
4296587264.00 4308652032.00 4319300608.00 4330792960.00 4341518336.00 4352959488.00 4364288000.00 4375330816.00 4386580992.00 4397930496.00 4408919552.00 4420313600.00 4431383552.00 4442725376.00 4453943296.00 4465054208.00 4476269568.00 4487492608.00 4498631680.00 4509639680.00 
4514588160.00 4532942848.00 4543923712.00 4555116032.00 4566212608.00 4577391104.00 4588629504.00 4599879168.00 4610969088.00 4622271488.00 4633361408.00 4644783616.00 4655928320.00 4667140608.00 4678424064.00 4689512448.00 4700554240.00 4712085504.00 4723249664.00 4734476288.00 
4745360384.00 4756329984.00 4768094208.00 4779315712.00 4790426624.00 4801373184.00 4812984320.00 4824223232.00 4835312640.00 4846765568.00 4857756672.00 4869094400.00 4880059392.00 4891637248.00 4902731776.00 4913982976.00 4925153280.00 4936408576.00 4947605504.00 4958575616.00 
4969393152.00 4981271552.00 4992456704.00 5003672064.00 5014596608.00 5026335232.00 5037446144.00 5048626688.00 5059584000.00 5071268864.00 5081455616.00 5093518336.00 5104668672.00 5115937280.00 5127115776.00 5138318848.00 5149445632.00 5160719872.00 5171963904.00 5183047680.00 
5194094080.00 5205560320.00 5216986112.00 5228139520.00 5239083008.00 5250435584.00 5261693440.00 5272961024.00 5284094464.00 5295392256.00 5306430464.00 5317917696.00 5328962048.00 5340294656.00 5351513088.00 5362304000.00 5373772288.00 5385165312.00 5396370944.00 5407590912.00 
5417481216.00 5429907456.00 5441236992.00 5452503552.00 5463633920.00 5474880000.00 5486124032.00 5497344512.00 5508436480.00 5519801856.00 5530833920.00 5542176768.00 5553337344.00 5564604416.00 5575782912.00 5586914304.00 5597919232.00 5609346048.00 5620436480.00 5631300608.00 
5634814976.00 5655106048.00 5665969664.00 5677127168.00 5688120320.00 5699357696.00 5710560256.00 5721801216.00 5733020160.00 5744229888.00 5755310080.00 5766674432.00 5777630208.00 5789130752.00 5800282624.00 5811451904.00 5822617600.00 5833900544.00 5845170688.00 5856430080.00 
5866952704.00 5878740480.00 5890093568.00 5901234688.00 5912444928.00 5923283456.00 5934823424.00 5946170880.00 5957108224.00 5968551936.00 5979648000.00 5991012864.00 6002158592.00 6013318144.00 6024712192.00 6035844608.00 6046990336.00 6058337280.00 6069481472.00 6080712192.00 
6091650560.00 6103233024.00 6114384896.00 6125615104.00 6136556544.00 6147820032.00 6159426048.00 6170477568.00 6181725696.00 6192750592.00 6203345920.00 6215343104.00 6226518016.00 6237849088.00 6249029120.00 6260147200.00 6271493120.00 6282741248.00 6293881856.00 6305075712.00 
6315023360.00 6327620608.00 6338786816.00 6350006784.00 6361110016.00 6372356096.00 6383540736.00 6394839552.00 6405949440.00 6417242112.00 6428251136.00 6439255040.00 6451320320.00 6462332416.00 6473486848.00 6484279296.00 6495635456.00 6507146752.00 6518312448.00 6529665024.00 
6540427776.00 6551943168.00 6563154944.00 6574387712.00 6585520128.00 6596763648.00 6608055296.00 6619262464.00 6630290432.00 6641761792.00 6652780032.00 6664205312.00 6675104768.00 6686587904.00 6697769984.00 6708947968.00 6720180224.00 6731286016.00 6742618624.00 6753799680.00 
6761754112.00 6776430592.00 6787584512.00 6798781952.00 6809953280.00 6821148672.00 6832265728.00 6843611648.00 6854596096.00 6866164736.00 6877153792.00 6888471552.00 6899679232.00 6910951936.00 6922118656.00 6933171200.00 6944588800.00 6955814400.00 6967043584.00 6978156544.00 
6989161472.00 7000689664.00 7011885056.00 7023182848.00 7034079744.00 7043487232.00 7056819200.00 7068015616.00 7079189504.00 7090439168.00 7101517824.00 7112846336.00 7124055552.00 7135362560.00 7146497536.00 7157715456.00 7168885248.00 7180210176.00 7191393792.00 7202603520.00 
7212523520.00 7225024512.00 7236320768.00 7247592448.00 7258635264.00 7269814784.00 7281151488.00 7292216832.00 7303473152.00 7314753536.00 7325194752.00 7337203712.00 7348375552.00 7359587840.00 7370873344.00 7381997056.00 7393034752.00 7404460032.00 7415690752.00 7426875904.00 
7437782016.00 7449238016.00 7460430336.00 7471603712.00 7482584064.00 7493558272.00 7503704064.00 7520527872.00 7528887808.00 7539759104.00 7550665216.00 7561948160.00 7572849664.00 7584296960.00 7595482624.00 7606275584.00 7617819136.00 7629087232.00 7640367616.00 7651494400.00 
7662057472.00 7673935360.00 7685153792.00 7696436224.00 7707510272.00 7718755328.00 7730017792.00 7741203968.00 7752198144.00 7763705344.00 7774750720.00 7786133504.00 7797223936.00 7808547840.00 7819748352.00 7830877184.00 7842107904.00 7853473792.00 7864622592.00 7875785216.00 
7885380608.00 7898256384.00 7909494272.00 7920733696.00 7931667456.00 7943043584.00 7954659840.00 7965592064.00 7976747008.00 7988059648.00 7999106048.00 8010426368.00 8021554688.00 8032860672.00 8043908608.00 8055324160.00 8066492416.00 8077957632.00 8089099264.00 8100189184.00 
8110088192.00 8122625536.00 8133821952.00 8145042944.00 8156224000.00 8167088640.00 8178653696.00 8189642752.00 8201155072.00 8212448768.00 8223462912.00 8234847744.00 8246003200.00 8257243136.00 8268471296.00 8279633920.00 8290651136.00 8302324736.00 8313353216.00 8324534272.00 
8335471616.00 8347046400.00 8358239744.00 8369477632.00 8380525568.00 8391777280.00 8403062784.00 8414407680.00 8425434112.00 8436599296.00 8443809280.00 8459359232.00 8470242304.00 8481711616.00 8492868608.00 8504034304.00 8515266048.00 8526543872.00 8537742848.00 8548972544.00 
8559525376.00 8571381248.00 8582851584.00 8593790976.00 8604989440.00 8616220672.00 8627573760.00 8638714880.00 8649632768.00 8660868096.00 8672288768.00 8683615232.00 8694792192.00 8705976320.00 8717181952.00 8728065024.00 8739540992.00 8750881792.00 8762236928.00 8773355520.00 
8784227328.00 8795766784.00 8806944768.00 8818245632.00 8829170688.00 8840555520.00 8851880960.00 8863057920.00 8874303488.00 8885587968.00 8896568320.00 8907950080.00 8919033856.00 8930327552.00 8941538304.00 8952704000.00 8963916800.00 8975219712.00 8986274816.00 8997289984.00 
9002218496.00 9020596224.00 9031571456.00 9042713600.00 9053864960.00 9065035776.00 9076355072.00 9087342592.00 9098615808.00 9110056960.00 9121005568.00 9132433408.00 9143518208.00 9154750464.00 9166018560.00 9177250816.00 9188204544.00 9199685632.00 9210767360.00 9222116352.00 
9233008640.00 9244522496.00 9255750656.00 9266919424.00 9278141440.00 9289020416.00 9300573184.00 9311824896.00 9323037696.00 9334272000.00 9345339392.00 9356735488.00 9367646208.00 9378956288.00 9390466048.00 9401579520.00 9412790272.00 9424004096.00 9435268096.00 9446498304.00 
9457046528.00 9468904448.00 9479836672.00 9491393536.00 9502515200.00 9513716736.00 9524890624.00 9536218112.00 9547188224.00 9558646784.00 9569063936.00 9581027328.00 9592258560.00 9603530752.00 9614691328.00 9625833472.00 9636913152.00 9646842880.00 9659873280.00 9670955008.00 
9681822720.00 9693331456.00 9704516608.00 9715746816.00 9726718976.00 9738172416.00 9749422080.00 9760694272.00 9771825152.00 9783040000.00 9794154496.00 9805565952.00 9816621056.00 9827886080.00 9839109120.00 9848257536.00 9861555200.00 9872771072.00 9883895808.00 9895251968.00 
9905125376.00 9917684736.00 9928893440.00 9940100096.00 9951271936.00 9962474496.00 9973728256.00 9984931840.00 9995964416.00 10008658944.00 10018607104.00 10029960192.00 10041082880.00 10052336640.00 10063508480.00 10074699776.00 10085711872.00 10097198080.00 10108486656.00 10119626752.00 
10129182720.00 10142082048.00 10153362432.00 10164467712.00 10175583232.00 10186870784.00 10198169600.00 10209382400.00 10220486656.00 10230812672.00 10242961408.00 10254322688.00 10265226240.00 10276589568.00 10287882240.00 10299057152.00 10310265856.00 10321627136.00 10332683264.00 10344085504.00 
10354560000.00 10366382080.00 10377607168.00 10388029440.00 10400094208.00 10410932224.00 10422556672.00 10433763328.00 10444704768.00 10456195072.00 10467239936.00 10478525440.00 10489748480.00 10500916224.00 10512309248.00 10523425792.00 10534576128.00 10545924096.00 10557144064.00 10568360960.00 
10579240960.00 10590598144.00 10602038272.00 10613195776.00 10624200704.00 10635600896.00 10646896640.00 10658062336.00 10669327360.00 10680536064.00 10690942976.00 10702992384.00 10714029056.00 10725448704.00 10736623616.00 10747805696.00 10759004160.00 10770324480.00 10781523968.00 10792724480.00 
10802617344.00 10815145984.00 10826311680.00 10837992448.00 10848763904.00 10859945984.00 10871256064.00 10882430976.00 10893584384.00 10904911872.00 10915988480.00 10927308800.00 10938500096.00 10950041600.00 10960951296.00 10971781120.00 10983153664.00 10994612224.00 11005822976.00 11017044992.00 
11027953664.00 11039447040.00 11050668032.00 11061840896.00 11072964608.00 11084223488.00 11095507968.00 11106587648.00 11117890560.00 11128998912.00 11140155392.00 11151585280.00 11162422272.00 11173767168.00 11184980992.00 11196037120.00 11207148544.00 11218209792.00 11228904448.00 11238733824.00 
11235900416.00 11266804736.00 11276584960.00 11287321600.00 11298280448.00 11309347840.00 11320518656.00 11331752960.00 11342598144.00 11353955328.00 11365068800.00 11376528384.00 11387543552.00 11398936576.00 11410001920.00 11421171712.00 11432339456.00 11443674112.00 11454822400.00 11466076160.00 
11476943872.00 11488492544.00 11499679744.00 11510920192.00 11521867776.00 11532922880.00 11544552448.00 11555474432.00 11566927872.00 11578230784.00 11589234688.00 11600623616.00 11611701248.00 11623091200.00 11634234368.00 11645441024.00 11656663040.00 11667537920.00 11679180800.00 11690380288.00 
11700253696.00 11712802816.00 11723964416.00 11735207936.00 11746422784.00 11757594624.00 11768877056.00 11780076544.00 11791249408.00 11802530816.00 11812938752.00 11825003520.00 11836105728.00 11847452672.00 11858596864.00 11869791232.00 11880822784.00 11892321280.00 11903460352.00 11914927104.00 
11925645312.00 11937161216.00 11948359680.00 11959613440.00 11970711552.00 11981967360.00 11993192448.00 12004625408.00 12015678464.00 12027008000.00 12037995520.00 12049343488.00 12060312576.00 12071762944.00 12082946048.00 12093793280.00 12105320448.00 12117501952.00 12127885312.00 12139140096.00 
12149654528.00 12161443840.00 12172816384.00 12183899136.00 12195148800.00 12206340096.00 12217624576.00 12228943872.00 12239793152.00 12251203584.00 12262256640.00 12274722816.00 12284947456.00 12296136704.00 12307326976.00 12318525440.00 12329705472.00 12341066752.00 12352134144.00 12363443200.00 
12373008384.00 12385907712.00 12397023232.00 12408333312.00 12419314688.00 12430690304.00 12441995264.00 12453189632.00 12464346112.00 12475580416.00 12486616064.00 12496873472.00 12509343744.00 12520599552.00 12531772416.00 12542923776.00 12554158080.00 12565424128.00 12576604160.00 12587838464.00 
12597742592.00 12610273280.00 12621606912.00 12632755200.00 12643873792.00 12653089792.00 12666387456.00 12677643264.00 12688676864.00 12699959296.00 12711064576.00 12722494464.00 12733597696.00 12744833024.00 12756072448.00 12767215616.00 12778292224.00 12789781504.00 12800979968.00 12812194816.00 
12823064576.00 12834571264.00 12845630464.00 12858678272.00 12868390912.00 12879563776.00 12890806272.00 12901999616.00 12913167360.00 12924512256.00 12934825984.00 12946892800.00 12957834240.00 12969299968.00 12980606976.00 12991673344.00 13002913792.00 13014142976.00 13025649664.00 13036620800.00 
13047166976.00 13059035136.00 13070232576.00 13081524224.00 13092621312.00 13103826944.00 13115023360.00 13126560768.00 13137372160.00 13148788736.00 13159876608.00 13171262464.00 13182394368.00 13193703424.00 13204912128.00 13215699968.00 13227141120.00 13238622208.00 13249750016.00 13261000704.00 
13271881728.00 13283416064.00 13294731264.00 13305846784.00 13316819968.00 13328150528.00 13339467776.00 13350781952.00 13361903616.00 13373097984.00 13384221696.00 13395481600.00 13406690304.00 13418196992.00 13429140480.00 13440352256.00 13451565056.00 13462815744.00 13473918976.00 13484942336.00 
13489873920.00 13508245504.00 13519219712.00 13530311680.00 13541512192.00 13552697344.00 13563961344.00 13575195648.00 13586252800.00 13597557760.00 13608664064.00 13619935232.00 13631119360.00 13642467328.00 13653622784.00 13664841728.00 13675859968.00 13687281664.00 13698554880.00 13709760512.00 
13720649728.00 13732169728.00 13743247360.00 13754650624.00 13765753856.00 13776660480.00 13788320768.00 13799540736.00 13810631680.00 13821915136.00 13832945664.00 13844658176.00 13855385600.00 13866823680.00 13877928960.00 13889162240.00 13900443648.00 13911735296.00 13922644992.00 13934143488.00 
13944675328.00 13956556800.00 13967753216.00 13978989568.00 13990160384.00 14001362944.00 14012618752.00 14023818240.00 14034785280.00 14046157824.00 14053354496.00 14068931584.00 14079981568.00 14091119616.00 14102429696.00 14113609728.00 14124764160.00 14136048640.00 14147251200.00 14158490624.00 
14169433088.00 14180994048.00 14192143360.00 14203204608.00 14214382592.00 14225766400.00 14237016064.00 14248279040.00 14259426304.00 14270698496.00 14281744384.00 14293089280.00 14304135168.00 14315894784.00 14326843392.00 14337632256.00 14349195264.00 14360489984.00 14371663872.00 14382900224.00 
14392774656.00 14405341184.00 14416393216.00 14427571200.00 14438928384.00 14450071552.00 14461588480.00 14472669184.00 14483737600.00 14495100928.00 14506128384.00 14517472256.00 14528670720.00 14539936768.00 14550838272.00 14562349056.00 14573360128.00 14584801280.00 14596000768.00 14607266816.00 
14616809472.00 14629741568.00 14640869376.00 14652073984.00 14663174144.00 14674509824.00 14685747200.00 14696990720.00 14708210688.00 14719400960.00 14730461184.00 14741820416.00 14752828416.00 14764329984.00 14775483392.00 14786634752.00 14797916160.00 14809085952.00 14820336640.00 14831590400.00 
14842150912.00 14854029312.00 14865124352.00 14876438528.00 14887606272.00 14898436096.00 14910014464.00 14921240576.00 14932177920.00 14943592448.00 14954557440.00 14965777408.00 14976535552.00 14985006080.00 15001786368.00 15011828736.00 15022713856.00 15033925632.00 15045059584.00 15056299008.00 
15067110400.00 15078653952.00 15089813504.00 15101061120.00 15111976960.00 15123391488.00 15134625792.00 15145934848.00 15157054464.00 15168333824.00 15178679296.00 15190771712.00 15201812480.00 15213313024.00 15224336384.00 15235571712.00 15246785536.00 15257936896.00 15269172224.00 15280506880.00 
15290341376.00 15302916096.00 15314095104.00 15325319168.00 15336542208.00 15347673088.00 15358992384.00 15370167296.00 15381238784.00 15392692224.00 15403714560.00 15415089152.00 15426229248.00 15437516800.00 15448681472.00 15457853440.00 15470943232.00 15482337280.00 15493618688.00 15504834560.00 
15515729920.00 15527380992.00 15538447360.00 15549711360.00 15560698880.00 15572220928.00 15583375360.00 15594594304.00 15605737472.00 15617061888.00 15628064768.00 15639369728.00 15650421760.00 15661910016.00 15673232384.00 15684246528.00 15695466496.00 15706745856.00 15717901312.00 15729101824.00 
15737051136.00 15751729152.00 15762869248.00 15774244864.00 15785260032.00 15796457472.00 15807724544.00 15818932224.00 15829917696.00 15841319936.00 15852445696.00 15863758848.00 15875123200.00 15886258176.00 15897443328.00 15908620288.00 15919768576.00 15931145216.00 15942334464.00 15953594368.00 
15964469248.00 15975856128.00 15987193856.00 15998384128.00 16009390080.00 16020445184.00 16032010240.00 16043210752.00 16054114304.00 16066275328.00 16076963840.00 16088280064.00 16099331072.00 16110686208.00 16121954304.00 16133037056.00 16144318464.00 16155535360.00 16166704128.00 16177900544.00 
16187850752.00 16200458240.00 16211619840.00 16222788608.00 16233933824.00 16245239808.00 16256477184.00 16267681792.00 16278756352.00 16290193408.00 16300531712.00 16312763392.00 16323695616.00 16335047680.00 16346077184.00 16357571584.00 16368457728.00 16379916288.00 16391109632.00 16402305024.00 
16413221888.00 16424822784.00 16436006912.00 16447203328.00 16458298368.00 16469541888.00 16480775168.00 16492215296.00 16503275520.00 16514511872.00 16525585408.00 16536973312.00 16547919872.00 16559356928.00 16570669056.00 16581435392.00 16592991232.00 16604307456.00 16615398400.00 16626789376.00 
16637255680.00 16649104384.00 16660329472.00 16671626240.00 16682797056.00 16693940224.00 16705209344.00 16716395520.00 16727396352.00 16738860032.00 16749919232.00 16761304064.00 16772411392.00 16783728640.00 16794943488.00 16806023168.00 16817160192.00 16828410880.00 16839531520.00 16850420736.00 
16853894144.00 16874226688.00 16885049344.00 16896187392.00 16907098112.00 16918469632.00 16929704960.00 16940925952.00 16952093696.00 16963360768.00 16974394368.00 16985737216.00 16996856832.00 17008186368.00 17019377664.00 17030513664.00 17041802240.00 17053023232.00 17064260608.00 17075619840.00 
17085393920.00 17097927680.00 17109111808.00 17120349184.00 17131658240.00 17142410240.00 17153987584.00 17165239296.00 17176335360.00 17187614720.00 17198794752.00 17210161152.00 17221328896.00 17232572416.00 17243807744.00 17254961152.00 17265938432.00 17277378560.00 17288505344.00 17299965952.00 
17310787584.00 17322483712.00 17333522432.00 17344808960.00 17355837440.00 17367070720.00 17378383872.00 17389600768.00 17400764416.00 17412009984.00 17422438400.00 17434259456.00 17445431296.00 17456910336.00 17468061696.00 17479063552.00 17490825216.00 17501878272.00 17513029632.00 17524271104.00 
17534818304.00 17546958848.00 17557903360.00 17569122304.00 17580288000.00 17591410688.00 17602768896.00 17613899776.00 17624963072.00 17636435968.00 17647460352.00 17658757120.00 17670111232.00 17681303552.00 17692508160.00 17703350272.00 17714866176.00 17726210048.00 17737392128.00 17749188608.00 
17759531008.00 17771065344.00 17782224896.00 17793443840.00 17804466176.00 17815885824.00 17827082240.00 17838387200.00 17849497600.00 17860741120.00 17871855616.00 17883262976.00 17894322176.00 17905651712.00 17916868608.00 17928013824.00 17939216384.00 17950408704.00 17961578496.00 17972584448.00 
17977497600.00 17995876352.00 18006861824.00 18018048000.00 18029162496.00 18040336384.00 18051536896.00 18062794752.00 18073915392.00 18085228544.00 18096302080.00 18107588608.00 18118850560.00 18130196480.00 18141206528.00 18152433664.00 18163517440.00 18174744576.00 18186201088.00 18196867072.00 
18208305152.00 18219829248.00 18231054336.00 18242244608.00 18253340672.00 18262626304.00 18275917824.00 18287142912.00 18298351616.00 18309564416.00 18320687104.00 18332037120.00 18342995968.00 18354427904.00 18365661184.00 18376765440.00 18387822592.00 18399475712.00 18410563584.00 18421805056.00 
18432339968.00 18443925504.00 18455412736.00 18466727936.00 18477809664.00 18489008128.00 18500220928.00 18510854144.00 18522497024.00 18533951488.00 18544332800.00 18556323840.00 18567448576.00 18578851840.00 18590015488.00 18601132032.00 18612369408.00 18623649792.00 18634905600.00 18646136832.00 
18657001472.00 18668371968.00 18679797760.00 18690932736.00 18701875200.00 18713231360.00 18724202496.00 18736824320.00 18747279360.00 18758486016.00 18769487872.00 18780864512.00 18791907328.00 18803236864.00 18814439424.00 18825271296.00 18836854784.00 18848102400.00 18859341824.00 18870413312.00 
18880440320.00 18893008896.00 18904176640.00 18915434496.00 18926444544.00 18937800704.00 18949046272.00 18960242688.00 18971404288.00 18982766592.00 18993790976.00 19005112320.00 19016118272.00 19027675136.00 19038826496.00 19049988096.00 19061018624.00 19072786432.00 19083632640.00 19094910976.00 
19104462848.00 19117371392.00 19128504320.00 19139782656.00 19150907392.00 19162173440.00 19173502976.00 19184562176.00 19195779072.00 19207034880.00 19218112512.00 19229485056.00 19240433664.00 19251767296.00 19262394368.00 19274668032.00 19285696512.00 19296952320.00 19308113920.00 19319244800.00 
19329863680.00 19341817856.00 19352909824.00 19364151296.00 19375276032.00 19386212352.00 19397758976.00 19408967680.00 19420037120.00 19431485440.00 19442577408.00 19453962240.00 19465062400.00 19476219904.00 19487643648.00 19498756096.00 19509913600.00 19521259520.00 19532421120.00 19543515136.00 
19554564096.00 19566036992.00 19577446400.00 19588526080.00 19599517696.00 19610910720.00 19622078464.00 19633397760.00 19644518400.00 19655712768.00 19662854144.00 19678412800.00 19689463808.00 19700779008.00 19711950848.00 19723096064.00 19734321152.00 19745519616.00 19756828672.00 19768025088.00 
19777929216.00 19790436352.00 19801733120.00 19812907008.00 19824062464.00 19835418624.00 19846606848.00 19857895424.00 19868891136.00 19880210432.00 19891312640.00 19902730240.00 19913824256.00 19925125120.00 19936274432.00 19947091968.00 19958476800.00 19969802240.00 19981807616.00 19992469504.00 
20003373056.00 20014884864.00 20026093568.00 20037296128.00 20048445440.00 20059684864.00 20070973440.00 20082186240.00 20093341696.00 20104581120.00 20115734528.00 20127016960.00 20138029056.00 20149377024.00 20160690176.00 20171902976.00 20183119872.00 20194344960.00 20205563904.00 20216739840.00 
20224667648.00 20239382528.00 20250509312.00 20261701632.00 20272914432.00 20284094464.00 20295333888.00 20306513920.00 20317517824.00 20328962048.00 20340099072.00 20351416320.00 20362639360.00 20373862400.00 20385167360.00 20396232704.00 20407390208.00 20418748416.00 20429451264.00 20441239552.00 
20452122624.00 20463652864.00 20474843136.00 20485984256.00 20497020928.00 20508090368.00 20519464960.00 20530929664.00 20542126080.00 20553404416.00 20564439040.00 20575916032.00 20586858496.00 20598046720.00 20609552384.00 20620646400.00 20631828480.00 20643119104.00 20654362624.00 20665550848.00 
20675459072.00 20687958016.00 20699115520.00 20710375424.00 20721586176.00 20732751872.00 20743661568.00 20755417088.00 20766420992.00 20777701376.00 20788162560.00 20800143360.00 20811438080.00 20822652928.00 20833767424.00 20844939264.00 20855982080.00 20867098624.00 20878755840.00 20889956352.00 
20900835328.00 20912324608.00 20923383808.00 20934653952.00 20945913856.00 20957157376.00 20968378368.00 20979810304.00 20990857216.00 21002168320.00 21013178368.00 21024888832.00 21035493376.00 21046822912.00 21058136064.00 21067360256.00 21080641536.00 21091887104.00 21103030272.00 21114327040.00 
21124853760.00 21136734208.00 21147817984.00 21159221248.00 21170325504.00 21181554688.00 21192798208.00 21203996672.00 21215000576.00 21226776576.00 21237553152.00 21248933888.00 21260156928.00 21271316480.00 21282525184.00 21293836288.00 21304911872.00 21316259840.00 21327427584.00 21338738688.00 
21348202496.00 21361186816.00 21372317696.00 21383548928.00 21394452480.00 21405997056.00 21417199616.00 21428643840.00 21439518720.00 21450602496.00 21461917696.00 21473222656.00 21484363776.00 21495242752.00 21506926592.00 21518100480.00 21529319424.00 21540612096.00 21551773696.00 21562982400.00 
21572909056.00 21585426432.00 21596639232.00 21607680000.00 21619040256.00 21629906944.00 21641713664.00 21652686848.00 21663844352.00 21675261952.00 21686247424.00 21697251328.00 21708783616.00 21720008704.00 21731276800.00 21742397440.00 21753460736.00 21764837376.00 21776193536.00 21787355136.00 
21798256640.00 21809713152.00 21820940288.00 21832288256.00 21843294208.00 21854566400.00 21865969664.00 21877039104.00 21888225280.00 21899540480.00 21909893120.00 21921904640.00 21932900352.00 21944354816.00 21955512320.00 21966702592.00 21977931776.00 21989320704.00 22000406528.00 22011617280.00 
22022230016.00 22034065408.00 22045243392.00 22056556544.00 22067650560.00 22078875648.00 22090080256.00 22101366784.00 22112276480.00 22123841536.00 22134804480.00 22146017280.00 22157289472.00 22168633344.00 22179713024.00 22190585856.00 22202083328.00 22213269504.00 22224502784.00 22235725824.00 
22246647808.00 22258180096.00 22269370368.00 22280478720.00 22291447808.00 22302810112.00 22313975808.00 22325190656.00 22336323584.00 22347460608.00 22358413312.00 22369724416.00 22380644352.00 22391756800.00 22402734080.00 22413488128.00 22424182784.00 22434508800.00 22443849728.00 22449461248.00 
end   dump: w
==END   DUMP_ARRAYS==
Time in seconds = 0.077059
