Sender: LSF System <lsfadmin@polus-c3-ib.bmc.hpc.cs.msu.ru>
Subject: Job 493931: <./large.o> in cluster <MSUCluster> Done

Job <./large.o> was submitted from host <polus-ib.bmc.hpc.cs.msu.ru> by user <edu-cmc-skpod19-328-11> in cluster <MSUCluster> at Fri Nov 29 23:39:31 2019
Job was executed on host(s) <5*polus-c3-ib.bmc.hpc.cs.msu.ru>, in queue <short>, as user <edu-cmc-skpod19-328-11> in cluster <MSUCluster> at Fri Nov 29 23:40:44 2019
                            <7*polus-c2-ib.bmc.hpc.cs.msu.ru>
</home_edu/edu-cmc-skpod19-328/edu-cmc-skpod19-328-11> was used as the home directory.
</home_edu/edu-cmc-skpod19-328/edu-cmc-skpod19-328-11/dep_gemver> was used as the working directory.
Started at Fri Nov 29 23:40:44 2019
Terminated at Fri Nov 29 23:40:45 2019
Results reported at Fri Nov 29 23:40:45 2019

Your job looked like:

------------------------------------------------------------
# LSBATCH: User input
./large.o
------------------------------------------------------------

Successfully completed.

Resource usage summary:

    CPU time :                                   7.82 sec.
    Max Memory :                                 1 MB
    Average Memory :                             1.00 MB
    Total Requested Memory :                     -
    Delta Memory :                               -
    Max Swap :                                   -
    Max Processes :                              1
    Max Threads :                                1
    Run time :                                   1 sec.
    Turnaround time :                            74 sec.

The output (if any) follows:

==BEGIN DUMP_ARRAYS==
begin dump: w
0.00 0.00 0.00 0.00 0.00 0.00 0.00 0.00 0.00 0.00 0.00 0.00 0.00 0.00 0.00 0.00 0.00 0.00 0.00 0.00 
0.00 0.00 0.00 0.00 0.00 0.00 0.00 0.00 0.00 0.00 0.00 0.00 0.00 0.00 0.00 0.00 0.00 0.00 0.00 0.00 
0.00 0.00 0.00 0.00 0.00 0.00 0.00 0.00 0.00 0.00 0.00 0.00 0.00 0.00 0.00 0.00 0.00 0.00 0.00 0.00 
0.00 0.00 0.00 0.00 0.00 0.00 0.00 0.00 0.00 0.00 0.00 0.00 0.00 0.00 0.00 0.00 0.00 0.00 0.00 0.00 
0.00 0.00 0.00 0.00 0.00 0.00 0.00 0.00 0.00 0.00 0.00 0.00 0.00 0.00 0.00 0.00 0.00 0.00 0.00 0.00 
0.00 0.00 0.00 0.00 0.00 0.00 0.00 0.00 0.00 0.00 0.00 0.00 0.00 0.00 0.00 0.00 0.00 0.00 0.00 0.00 
0.00 0.00 0.00 0.00 0.00 0.00 0.00 0.00 0.00 0.00 0.00 0.00 0.00 0.00 0.00 0.00 0.00 0.00 0.00 0.00 
0.00 0.00 0.00 0.00 0.00 0.00 0.00 0.00 0.00 0.00 0.00 0.00 0.00 0.00 0.00 0.00 0.00 0.00 0.00 0.00 
0.00 0.00 0.00 0.00 0.00 0.00 0.00 0.00 0.00 0.00 0.00 0.00 0.00 0.00 0.00 0.00 0.00 0.00 0.00 0.00 
0.00 0.00 0.00 0.00 0.00 0.00 0.00 0.00 0.00 0.00 0.00 0.00 0.00 0.00 0.00 0.00 0.00 0.00 0.00 0.00 
0.00 0.00 0.00 0.00 0.00 0.00 0.00 0.00 0.00 0.00 0.00 0.00 0.00 0.00 0.00 0.00 0.00 0.00 0.00 0.00 
0.00 0.00 0.00 0.00 0.00 0.00 0.00 0.00 0.00 0.00 0.00 0.00 0.00 0.00 0.00 0.00 0.00 0.00 0.00 0.00 
0.00 0.00 0.00 0.00 0.00 0.00 0.00 0.00 0.00 0.00 0.00 0.00 0.00 0.00 0.00 0.00 0.00 0.00 0.00 0.00 
0.00 0.00 0.00 0.00 0.00 0.00 0.00 0.00 0.00 0.00 0.00 0.00 0.00 0.00 0.00 0.00 0.00 0.00 0.00 0.00 
0.00 0.00 0.00 0.00 0.00 0.00 0.00 0.00 0.00 0.00 0.00 0.00 0.00 0.00 0.00 0.00 0.00 0.00 0.00 0.00 
0.00 0.00 0.00 0.00 0.00 0.00 0.00 0.00 0.00 0.00 0.00 0.00 0.00 0.00 0.00 0.00 0.00 0.00 0.00 0.00 
0.00 0.00 0.00 0.00 0.00 0.00 0.00 0.00 0.00 0.00 0.00 0.00 0.00 0.00 0.00 0.00 0.00 0.00 0.00 0.00 
0.00 0.00 0.00 0.00 0.00 0.00 0.00 0.00 0.00 0.00 0.00 0.00 0.00 0.00 0.00 0.00 0.00 0.00 0.00 0.00 
0.00 0.00 0.00 0.00 0.00 0.00 0.00 0.00 0.00 0.00 0.00 0.00 0.00 0.00 0.00 0.00 0.00 0.00 0.00 0.00 
0.00 0.00 0.00 0.00 0.00 0.00 0.00 0.00 0.00 0.00 0.00 0.00 0.00 0.00 0.00 0.00 0.00 0.00 0.00 0.00 
0.00 0.00 0.00 0.00 0.00 0.00 0.00 0.00 0.00 0.00 0.00 0.00 0.00 0.00 0.00 0.00 0.00 0.00 0.00 0.00 
0.00 0.00 0.00 0.00 0.00 0.00 0.00 0.00 0.00 0.00 0.00 0.00 0.00 0.00 0.00 0.00 0.00 0.00 0.00 0.00 
0.00 0.00 0.00 0.00 0.00 0.00 0.00 0.00 0.00 0.00 0.00 0.00 0.00 0.00 0.00 0.00 0.00 0.00 0.00 0.00 
0.00 0.00 0.00 0.00 0.00 0.00 0.00 0.00 0.00 0.00 0.00 0.00 0.00 0.00 0.00 0.00 0.00 0.00 0.00 0.00 
0.00 0.00 0.00 0.00 0.00 0.00 0.00 0.00 0.00 0.00 0.00 0.00 0.00 0.00 0.00 0.00 0.00 0.00 0.00 0.00 
0.00 0.00 0.00 0.00 0.00 0.00 0.00 0.00 0.00 0.00 0.00 0.00 0.00 0.00 0.00 0.00 0.00 0.00 0.00 0.00 
0.00 0.00 0.00 0.00 0.00 0.00 0.00 0.00 0.00 0.00 0.00 0.00 0.00 0.00 0.00 0.00 0.00 0.00 0.00 0.00 
0.00 0.00 0.00 0.00 0.00 0.00 0.00 0.00 0.00 0.00 0.00 0.00 0.00 0.00 0.00 0.00 0.00 0.00 0.00 0.00 
0.00 0.00 0.00 0.00 0.00 0.00 0.00 0.00 0.00 0.00 0.00 0.00 0.00 0.00 0.00 0.00 0.00 0.00 0.00 0.00 
0.00 0.00 0.00 0.00 0.00 0.00 0.00 0.00 0.00 0.00 0.00 0.00 0.00 0.00 0.00 0.00 0.00 0.00 0.00 0.00 
0.00 0.00 0.00 0.00 0.00 0.00 0.00 0.00 0.00 0.00 0.00 0.00 0.00 0.00 0.00 0.00 0.00 0.00 0.00 0.00 
0.00 0.00 0.00 0.00 0.00 0.00 0.00 0.00 0.00 0.00 0.00 0.00 0.00 0.00 0.00 0.00 0.00 0.00 0.00 0.00 
0.00 0.00 0.00 0.00 0.00 0.00 0.00 0.00 0.00 0.00 0.00 0.00 0.00 0.00 0.00 0.00 0.00 0.00 0.00 0.00 
0.00 0.00 0.00 0.00 0.00 0.00 0.00 0.00 0.00 0.00 0.00 0.00 0.00 0.00 0.00 0.00 0.00 0.00 0.00 0.00 
0.00 0.00 0.00 0.00 0.00 0.00 0.00 0.00 0.00 0.00 0.00 0.00 0.00 0.00 0.00 0.00 0.00 0.00 0.00 0.00 
0.00 0.00 0.00 0.00 0.00 0.00 0.00 0.00 0.00 0.00 0.00 0.00 0.00 0.00 0.00 0.00 0.00 0.00 0.00 0.00 
0.00 0.00 0.00 0.00 0.00 0.00 0.00 0.00 0.00 0.00 0.00 0.00 0.00 0.00 0.00 0.00 0.00 0.00 0.00 0.00 
0.00 0.00 0.00 0.00 0.00 0.00 0.00 0.00 0.00 0.00 0.00 0.00 0.00 0.00 0.00 0.00 0.00 0.00 0.00 0.00 
0.00 0.00 0.00 0.00 0.00 0.00 0.00 0.00 0.00 0.00 0.00 0.00 0.00 0.00 0.00 0.00 0.00 0.00 0.00 0.00 
0.00 0.00 0.00 0.00 0.00 0.00 0.00 0.00 0.00 0.00 0.00 0.00 0.00 0.00 0.00 0.00 0.00 0.00 0.00 0.00 
0.00 0.00 0.00 0.00 0.00 0.00 0.00 0.00 0.00 0.00 0.00 0.00 0.00 0.00 0.00 0.00 0.00 0.00 0.00 0.00 
0.00 0.00 0.00 0.00 0.00 0.00 0.00 0.00 0.00 0.00 0.00 0.00 0.00 0.00 0.00 0.00 0.00 0.00 0.00 0.00 
0.00 0.00 0.00 0.00 0.00 0.00 0.00 0.00 0.00 0.00 0.00 0.00 0.00 0.00 0.00 0.00 0.00 0.00 0.00 0.00 
0.00 0.00 0.00 0.00 0.00 0.00 0.00 0.00 0.00 0.00 0.00 0.00 0.00 0.00 0.00 0.00 0.00 0.00 0.00 0.00 
0.00 0.00 0.00 0.00 0.00 0.00 0.00 0.00 0.00 0.00 0.00 0.00 0.00 0.00 0.00 0.00 0.00 0.00 0.00 0.00 
0.00 0.00 0.00 0.00 0.00 0.00 0.00 0.00 0.00 0.00 0.00 0.00 0.00 0.00 0.00 0.00 0.00 0.00 0.00 0.00 
0.00 0.00 0.00 0.00 0.00 0.00 0.00 0.00 0.00 0.00 0.00 0.00 0.00 0.00 0.00 0.00 0.00 0.00 0.00 0.00 
0.00 0.00 0.00 0.00 0.00 0.00 0.00 0.00 0.00 0.00 0.00 0.00 0.00 0.00 0.00 0.00 0.00 0.00 0.00 0.00 
0.00 0.00 0.00 0.00 0.00 0.00 0.00 0.00 0.00 0.00 0.00 0.00 0.00 0.00 0.00 0.00 0.00 0.00 0.00 0.00 
0.00 0.00 0.00 0.00 0.00 0.00 0.00 0.00 0.00 0.00 0.00 0.00 0.00 0.00 0.00 0.00 0.00 0.00 0.00 0.00 
0.00 0.00 0.00 0.00 0.00 0.00 0.00 0.00 0.00 0.00 0.00 0.00 0.00 0.00 0.00 0.00 0.00 0.00 0.00 0.00 
0.00 0.00 0.00 0.00 0.00 0.00 0.00 0.00 0.00 0.00 0.00 0.00 0.00 0.00 0.00 0.00 0.00 0.00 0.00 0.00 
0.00 0.00 0.00 0.00 0.00 0.00 0.00 0.00 0.00 0.00 0.00 0.00 0.00 0.00 0.00 0.00 0.00 0.00 0.00 0.00 
0.00 0.00 0.00 0.00 0.00 0.00 0.00 0.00 0.00 0.00 0.00 0.00 0.00 0.00 0.00 0.00 0.00 0.00 0.00 0.00 
0.00 0.00 0.00 0.00 0.00 0.00 0.00 0.00 0.00 0.00 0.00 0.00 0.00 0.00 0.00 0.00 0.00 0.00 0.00 0.00 
0.00 0.00 0.00 0.00 0.00 0.00 0.00 0.00 0.00 0.00 0.00 0.00 0.00 0.00 0.00 0.00 0.00 0.00 0.00 0.00 
0.00 0.00 0.00 0.00 0.00 0.00 0.00 0.00 0.00 0.00 0.00 0.00 0.00 0.00 0.00 0.00 0.00 0.00 0.00 0.00 
0.00 0.00 0.00 0.00 0.00 0.00 0.00 0.00 0.00 0.00 0.00 0.00 0.00 0.00 0.00 0.00 0.00 0.00 0.00 0.00 
0.00 0.00 0.00 0.00 0.00 0.00 0.00 0.00 0.00 0.00 0.00 0.00 0.00 0.00 0.00 0.00 0.00 0.00 0.00 0.00 
0.00 0.00 0.00 0.00 0.00 0.00 0.00 0.00 0.00 0.00 0.00 0.00 0.00 0.00 0.00 0.00 0.00 0.00 0.00 0.00 
0.00 0.00 0.00 0.00 0.00 0.00 0.00 0.00 0.00 0.00 0.00 0.00 0.00 0.00 0.00 0.00 0.00 0.00 0.00 0.00 
0.00 0.00 0.00 0.00 0.00 0.00 0.00 0.00 0.00 0.00 0.00 0.00 0.00 0.00 0.00 0.00 0.00 0.00 0.00 0.00 
0.00 0.00 0.00 0.00 0.00 0.00 0.00 0.00 0.00 0.00 0.00 0.00 0.00 0.00 0.00 0.00 0.00 0.00 0.00 0.00 
0.00 0.00 0.00 0.00 0.00 0.00 0.00 0.00 0.00 0.00 0.00 0.00 0.00 0.00 0.00 0.00 0.00 0.00 0.00 0.00 
0.00 0.00 0.00 0.00 0.00 0.00 0.00 0.00 0.00 0.00 0.00 0.00 0.00 0.00 0.00 0.00 0.00 0.00 0.00 0.00 
0.00 0.00 0.00 0.00 0.00 0.00 0.00 0.00 0.00 0.00 0.00 0.00 0.00 0.00 0.00 0.00 0.00 0.00 0.00 0.00 
0.00 0.00 0.00 0.00 0.00 0.00 0.00 0.00 0.00 0.00 0.00 0.00 0.00 0.00 0.00 0.00 0.00 0.00 0.00 0.00 
0.00 0.00 0.00 0.00 0.00 0.00 0.00 0.00 0.00 0.00 0.00 0.00 0.00 0.00 0.00 0.00 0.00 0.00 0.00 0.00 
0.00 0.00 0.00 0.00 0.00 0.00 0.00 0.00 0.00 0.00 0.00 0.00 0.00 0.00 0.00 0.00 0.00 0.00 0.00 0.00 
0.00 0.00 0.00 0.00 0.00 0.00 0.00 0.00 0.00 0.00 0.00 0.00 0.00 0.00 0.00 0.00 0.00 0.00 0.00 0.00 
0.00 0.00 0.00 0.00 0.00 0.00 0.00 0.00 0.00 0.00 0.00 0.00 0.00 0.00 0.00 0.00 0.00 0.00 0.00 0.00 
0.00 0.00 0.00 0.00 0.00 0.00 0.00 0.00 0.00 0.00 0.00 0.00 0.00 0.00 0.00 0.00 0.00 0.00 0.00 0.00 
0.00 0.00 0.00 0.00 0.00 0.00 0.00 0.00 0.00 0.00 0.00 0.00 0.00 0.00 0.00 0.00 0.00 0.00 0.00 0.00 
0.00 0.00 0.00 0.00 0.00 0.00 0.00 0.00 0.00 0.00 0.00 0.00 0.00 0.00 0.00 0.00 0.00 0.00 0.00 0.00 
0.00 0.00 0.00 0.00 0.00 0.00 0.00 0.00 0.00 0.00 0.00 0.00 0.00 0.00 0.00 0.00 0.00 0.00 0.00 0.00 
0.00 0.00 0.00 0.00 0.00 0.00 0.00 0.00 0.00 0.00 0.00 0.00 0.00 0.00 0.00 0.00 0.00 0.00 0.00 0.00 
0.00 0.00 0.00 0.00 0.00 0.00 0.00 0.00 0.00 0.00 0.00 0.00 0.00 0.00 0.00 0.00 0.00 0.00 0.00 0.00 
0.00 0.00 0.00 0.00 0.00 0.00 0.00 0.00 0.00 0.00 0.00 0.00 0.00 0.00 0.00 0.00 0.00 0.00 0.00 0.00 
0.00 0.00 0.00 0.00 0.00 0.00 0.00 0.00 0.00 0.00 0.00 0.00 0.00 0.00 0.00 0.00 0.00 0.00 0.00 0.00 
0.00 0.00 0.00 0.00 0.00 0.00 0.00 0.00 0.00 0.00 0.00 0.00 0.00 0.00 0.00 0.00 0.00 0.00 0.00 0.00 
0.00 0.00 0.00 0.00 0.00 0.00 0.00 0.00 0.00 0.00 0.00 0.00 0.00 0.00 0.00 0.00 0.00 0.00 0.00 0.00 
0.00 0.00 0.00 0.00 0.00 0.00 0.00 0.00 0.00 0.00 0.00 0.00 0.00 0.00 0.00 0.00 0.00 0.00 0.00 0.00 
0.00 0.00 0.00 0.00 0.00 0.00 0.00 0.00 0.00 0.00 0.00 0.00 0.00 0.00 0.00 0.00 0.00 0.00 0.00 0.00 
0.00 0.00 0.00 0.00 0.00 0.00 0.00 0.00 0.00 0.00 0.00 0.00 0.00 0.00 0.00 0.00 0.00 0.00 0.00 0.00 
0.00 0.00 0.00 0.00 0.00 0.00 0.00 0.00 0.00 0.00 0.00 0.00 0.00 0.00 0.00 0.00 0.00 0.00 0.00 0.00 
0.00 0.00 0.00 0.00 0.00 0.00 0.00 0.00 0.00 0.00 0.00 0.00 0.00 0.00 0.00 0.00 0.00 0.00 0.00 0.00 
0.00 0.00 0.00 0.00 0.00 0.00 0.00 0.00 0.00 0.00 0.00 0.00 0.00 0.00 0.00 0.00 0.00 0.00 0.00 0.00 
0.00 0.00 0.00 0.00 0.00 0.00 0.00 0.00 0.00 0.00 0.00 0.00 0.00 0.00 0.00 0.00 0.00 0.00 0.00 0.00 
0.00 0.00 0.00 0.00 0.00 0.00 0.00 0.00 0.00 0.00 0.00 0.00 0.00 0.00 0.00 0.00 0.00 0.00 0.00 0.00 
0.00 0.00 0.00 0.00 0.00 0.00 0.00 0.00 0.00 0.00 0.00 0.00 0.00 0.00 0.00 0.00 0.00 0.00 0.00 0.00 
0.00 0.00 0.00 0.00 0.00 0.00 0.00 0.00 0.00 0.00 0.00 0.00 0.00 0.00 0.00 0.00 0.00 0.00 0.00 0.00 
0.00 0.00 0.00 0.00 0.00 0.00 0.00 0.00 0.00 0.00 0.00 0.00 0.00 0.00 0.00 0.00 0.00 0.00 0.00 0.00 
0.00 0.00 0.00 0.00 0.00 0.00 0.00 0.00 0.00 0.00 0.00 0.00 0.00 0.00 0.00 0.00 0.00 0.00 0.00 0.00 
0.00 0.00 0.00 0.00 0.00 0.00 0.00 0.00 0.00 0.00 0.00 0.00 0.00 0.00 0.00 0.00 0.00 0.00 0.00 0.00 
0.00 0.00 0.00 0.00 0.00 0.00 0.00 0.00 0.00 0.00 0.00 0.00 0.00 0.00 0.00 0.00 0.00 0.00 0.00 0.00 
0.00 0.00 0.00 0.00 0.00 0.00 0.00 0.00 0.00 0.00 0.00 0.00 0.00 0.00 0.00 0.00 0.00 0.00 0.00 0.00 
0.00 0.00 0.00 0.00 0.00 0.00 0.00 0.00 0.00 0.00 0.00 0.00 0.00 0.00 0.00 0.00 0.00 0.00 0.00 0.00 
0.00 0.00 0.00 0.00 0.00 0.00 0.00 0.00 0.00 0.00 0.00 0.00 0.00 0.00 0.00 0.00 0.00 0.00 0.00 0.00 
0.00 0.00 0.00 0.00 0.00 0.00 0.00 0.00 0.00 0.00 0.00 0.00 0.00 0.00 0.00 0.00 0.00 0.00 0.00 0.00 
0.00 0.00 0.00 0.00 0.00 0.00 0.00 0.00 0.00 0.00 0.00 0.00 0.00 0.00 0.00 0.00 0.00 0.00 0.00 0.00 
end   dump: w
==END   DUMP_ARRAYS==
==BEGIN DUMP_ARRAYS==
begin dump: w
1841.30 55209624.00 60692152.00 69985664.00 80040000.00 90540008.00 101248096.00 112060000.00 122814576.00 133817496.00 144585648.00 155658320.00 166587344.00 177651104.00 188623152.00 199536256.00 210359216.00 221646160.00 232603904.00 243648112.00 
254363696.00 265698304.00 276716064.00 287857472.00 298644928.00 309385472.00 320883584.00 331818176.00 342867584.00 354099936.00 364836032.00 375959744.00 386802784.00 398067584.00 409149152.00 420066848.00 431193216.00 442192096.00 453297824.00 464351616.00 
474746720.00 486428832.00 497445568.00 508408736.00 519521024.00 530538976.00 541664192.00 552695104.00 563504832.00 574806912.00 585022016.00 596866112.00 607897344.00 618983424.00 629850368.00 640986752.00 651982080.00 663100992.00 674248768.00 685308544.00 
695973120.00 707329536.00 718310976.00 729511168.00 740218560.00 751460352.00 762553792.00 773659520.00 784608384.00 796062336.00 806597440.00 817736960.00 828759744.00 839958208.00 850742400.00 861588672.00 873007424.00 884277312.00 895149504.00 906198464.00 
915923904.00 928296896.00 939322048.00 950338304.00 961365760.00 972367040.00 983455872.00 995028416.00 1005509376.00 1016691136.00 1027560768.00 1039007680.00 1049788224.00 1060633792.00 1071880960.00 1082805888.00 1093779456.00 1105077888.00 1116074752.00 1127046016.00 
1136553472.00 1149180672.00 1160275712.00 1171322240.00 1182272128.00 1193265792.00 1204489728.00 1215564544.00 1226476800.00 1237603584.00 1248521984.00 1259436160.00 1270560128.00 1281874816.00 1292870272.00 1303876352.00 1314949888.00 1325977472.00 1337158016.00 1348108544.00 
1358529152.00 1370217344.00 1381265664.00 1392295808.00 1403287680.00 1412328960.00 1425517440.00 1436685056.00 1447325952.00 1458279680.00 1469514368.00 1480668544.00 1491688320.00 1502685824.00 1513913088.00 1524853504.00 1535844736.00 1547141376.00 1558206976.00 1569144320.00 
1579828608.00 1591171584.00 1602168192.00 1613686144.00 1624140288.00 1635369344.00 1646448768.00 1657473792.00 1668409984.00 1679621760.00 1689826176.00 1701738240.00 1712613120.00 1723689344.00 1735224064.00 1745865088.00 1756907520.00 1768040320.00 1779081984.00 1790114048.00 
1799825792.00 1812184960.00 1823182464.00 1834284672.00 1845309184.00 1856293120.00 1867307392.00 1878701824.00 1889449344.00 1900459520.00 1911483392.00 1922647808.00 1933671168.00 1944764416.00 1956035072.00 1966475264.00 1977677696.00 1989066880.00 1999999360.00 2011053312.00 
2021780352.00 2033114496.00 2044690304.00 2055276032.00 2066227072.00 2077309312.00 2088307328.00 2099477888.00 2110451072.00 2121585920.00 2132436608.00 2143679104.00 2154472448.00 2165789696.00 2176803328.00 2187743232.00 2198807552.00 2209941248.00 2220924160.00 2231922944.00 
2239798272.00 2254221312.00 2265195264.00 2276289792.00 2287234560.00 2298261760.00 2309387776.00 2320567808.00 2331255040.00 2342589440.00 2353414656.00 2364690688.00 2375648000.00 2386752000.00 2397763840.00 2408776448.00 2419758592.00 2430946304.00 2441950464.00 2453024256.00 
2463742976.00 2475105792.00 2485586176.00 2497428480.00 2508116480.00 2518982912.00 2530420224.00 2541451520.00 2552451840.00 2563491584.00 2574436864.00 2585680128.00 2596589312.00 2607660544.00 2618752000.00 2629661440.00 2640873984.00 2651942656.00 2662919936.00 2674083584.00 
2683770368.00 2696152576.00 2707160832.00 2718311936.00 2729269248.00 2740276736.00 2751361792.00 2762410752.00 2773302528.00 2784402688.00 2791483904.00 2806784256.00 2817709312.00 2828759296.00 2839859712.00 2850777856.00 2861643008.00 2872946432.00 2883801344.00 2895093248.00 
2905755136.00 2917272576.00 2928161536.00 2939210240.00 2950144512.00 2961231872.00 2972289536.00 2983542528.00 2994433024.00 3005478144.00 3016408064.00 3027607296.00 3038408192.00 3049810432.00 3060813568.00 3071410688.00 3082892288.00 3093931264.00 3104981760.00 3115926016.00 
3126386688.00 3138161920.00 3149079552.00 3160110592.00 3171098624.00 3181942528.00 3194117120.00 3204611840.00 3215302912.00 3226566400.00 3237460992.00 3248670976.00 3259645952.00 3270788864.00 3281692672.00 3292736000.00 3303713536.00 3314908416.00 3325973248.00 3336979712.00 
3346412288.00 3359098112.00 3370171648.00 3380891136.00 3391996416.00 3403206400.00 3414302464.00 3425329408.00 3436600832.00 3447538176.00 3458418432.00 3469573120.00 3480521216.00 3491740928.00 3502735104.00 3513718784.00 3524928000.00 3535885568.00 3546918144.00 3557979904.00 
3567730432.00 3580214016.00 3591105536.00 3602203392.00 3613167872.00 3623872000.00 3635314432.00 3646389248.00 3657300480.00 3668407040.00 3679322624.00 3690466816.00 3701370880.00 3711788288.00 3724174080.00 3734899968.00 3745696512.00 3756977152.00 3767915776.00 3779206144.00 
3789759232.00 3801108224.00 3812129024.00 3823260416.00 3834136320.00 3845290240.00 3856327168.00 3867368960.00 3878509056.00 3889555968.00 3899725568.00 3911606016.00 3922370048.00 3934319616.00 3944783616.00 3955729920.00 3966785024.00 3977813248.00 3988915712.00 4000241920.00 
4010371072.00 4022054912.00 4033080832.00 4044049408.00 4055415040.00 4066272512.00 4077313280.00 4088414720.00 4099179776.00 4110460160.00 4121354240.00 4132582656.00 4143527680.00 4154675456.00 4165702400.00 4174702592.00 4187742720.00 4198896640.00 4209896960.00 4220974080.00 
4231690752.00 4243571968.00 4254059008.00 4265384448.00 4275955712.00 4287225600.00 4298371584.00 4309236736.00 4320325632.00 4331514368.00 4342327808.00 4353547776.00 4364452864.00 4375632896.00 4386677248.00 4397626368.00 4408664576.00 4419712000.00 4430680064.00 4441530880.00 
4446405632.00 4464484352.00 4475289600.00 4486322176.00 4497244672.00 4508250112.00 4519328768.00 4530408448.00 4541327360.00 4552456704.00 4563379200.00 4574625792.00 4585605632.00 4596651520.00 4607759872.00 4618676224.00 4629560832.00 4640913920.00 4651915776.00 4662960128.00 
4673688064.00 4684500480.00 4696080896.00 4707138048.00 4718071296.00 4728856576.00 4740296704.00 4751355904.00 4762271744.00 4773562368.00 4784386560.00 4795556864.00 4806352896.00 4817748992.00 4828688896.00 4839767040.00 4850762752.00 4861851136.00 4872875520.00 4883696128.00 
4894333952.00 4906026496.00 4917064704.00 4928093696.00 4938854400.00 4950410240.00 4961351680.00 4972374528.00 4983164928.00 4994663936.00 5004696064.00 5016584704.00 5027562496.00 5038662144.00 5049666048.00 5060715520.00 5071664128.00 5082776576.00 5093843456.00 5104763904.00 
5115646464.00 5126936576.00 5138191872.00 5149185536.00 5159950336.00 5171143680.00 5182231040.00 5193318912.00 5204284928.00 5215409152.00 5226281472.00 5237600256.00 5248475648.00 5259643904.00 5270687744.00 5281314304.00 5292605440.00 5303836160.00 5314865152.00 5325929984.00 
5335657472.00 5347899392.00 5359044096.00 5370152960.00 5381122048.00 5392185344.00 5403258880.00 5414314496.00 5425239552.00 5436435456.00 5447286272.00 5458459648.00 5469470720.00 5480568320.00 5491572736.00 5502535168.00 5513379840.00 5524620800.00 5535533568.00 5546247168.00 
5549701120.00 5569692672.00 5580405248.00 5591390720.00 5602210816.00 5613275136.00 5624307200.00 5635371520.00 5646413824.00 5657478656.00 5668388864.00 5679571968.00 5690371072.00 5701693952.00 5712678400.00 5723683840.00 5734678016.00 5745784320.00 5756895232.00 5767972864.00 
5778337792.00 5789942272.00 5801125888.00 5812102144.00 5823151104.00 5833820672.00 5845185024.00 5856363520.00 5867138048.00 5878407168.00 5889323008.00 5900530688.00 5911501312.00 5922486272.00 5933714944.00 5944666624.00 5955656192.00 5966820864.00 5977813504.00 5988868608.00 
5999642112.00 6011042816.00 6022031360.00 6033091584.00 6043871744.00 6054961152.00 6066402816.00 6077283328.00 6088358912.00 6099218944.00 6109648896.00 6121468416.00 6132478976.00 6143633408.00 6154654720.00 6165597184.00 6176776704.00 6187845632.00 6198814208.00 6209843712.00 
6219636224.00 6232050176.00 6243043328.00 6254096384.00 6265030656.00 6276105216.00 6287118848.00 6298250752.00 6309190144.00 6320326144.00 6331160064.00 6341981184.00 6353880576.00 6364712448.00 6375708160.00 6386339328.00 6397531648.00 6408864768.00 6419859968.00 6431045120.00 
6441644544.00 6452975104.00 6464029184.00 6475089408.00 6486043648.00 6497125376.00 6508248576.00 6519291904.00 6530147840.00 6541445120.00 6552297472.00 6563552256.00 6574278144.00 6585597440.00 6596612608.00 6607613952.00 6618678784.00 6629617664.00 6640784384.00 6651785216.00 
6659614208.00 6674076160.00 6685057024.00 6696101888.00 6707108352.00 6718130688.00 6729071616.00 6740238848.00 6751065088.00 6762464256.00 6773285888.00 6784418304.00 6795465728.00 6806562304.00 6817571328.00 6828454912.00 6839702528.00 6850759168.00 6861814272.00 6872765952.00 
6883599872.00 6894963200.00 6905977344.00 6917107712.00 6927835648.00 6937094656.00 6950234624.00 6961263104.00 6972268544.00 6983356928.00 6994249728.00 7005408768.00 7016452096.00 7027589632.00 7038555648.00 7049606656.00 7060599296.00 7071764992.00 7082781696.00 7093822464.00 
7103579648.00 7115899392.00 7127029760.00 7138125824.00 7149003776.00 7160010240.00 7171168768.00 7182078976.00 7193165312.00 7204273152.00 7214544384.00 7226382848.00 7237392896.00 7248433664.00 7259545600.00 7270518784.00 7281380352.00 7292610048.00 7303668736.00 7314692096.00 
7325430272.00 7336731136.00 7347762688.00 7358766080.00 7369546240.00 7380372480.00 7390385152.00 7406927360.00 7415169536.00 7425869312.00 7436627968.00 7447734272.00 7458475008.00 7469748224.00 7480748032.00 7491391488.00 7502759424.00 7513878016.00 7524970496.00 7535929344.00 
7546346496.00 7558020096.00 7569081856.00 7580195328.00 7591092736.00 7602163712.00 7613270016.00 7624293376.00 7635103744.00 7646436352.00 7657313792.00 7668526080.00 7679449600.00 7690605568.00 7701633536.00 7712600064.00 7723669504.00 7734856192.00 7745836544.00 7756842496.00 
7766284800.00 7778963968.00 7790029312.00 7801096192.00 7811872768.00 7823075840.00 7834506240.00 7845281792.00 7856286720.00 7867408384.00 7878279168.00 7889440256.00 7900399104.00 7911535104.00 7922413056.00 7933664256.00 7944653312.00 7955965440.00 7966914560.00 7977848832.00 
7987600384.00 7999948288.00 8010971648.00 8022004224.00 8033020416.00 8043727360.00 8055121920.00 8065935872.00 8077294592.00 8088406528.00 8099267584.00 8110465536.00 8121458688.00 8132526080.00 8143583744.00 8154571776.00 8165422592.00 8176920576.00 8187784192.00 8198804992.00 
8209568768.00 8220973568.00 8231999488.00 8243063296.00 8253945856.00 8265024512.00 8276144128.00 8287310848.00 8298176000.00 8309150720.00 8316269568.00 8331602944.00 8342304256.00 8353595904.00 8364587520.00 8375597056.00 8386648576.00 8397761024.00 8408772608.00 8419844096.00 
8430236672.00 8441924608.00 8453211136.00 8464000000.00 8475011072.00 8486080512.00 8497265152.00 8508222976.00 8518992896.00 8530053632.00 8541300224.00 8552454144.00 8563469312.00 8574480896.00 8585509888.00 8596224000.00 8607542272.00 8618708992.00 8629891072.00 8640843776.00 
8651555840.00 8662912000.00 8673922048.00 8685059072.00 8695812096.00 8707030016.00 8718183424.00 8729188352.00 8740267008.00 8751378432.00 8762189824.00 8773415936.00 8784317440.00 8795436032.00 8806478848.00 8817485824.00 8828521472.00 8839650304.00 8850553856.00 8861389824.00 
8866252800.00 8884357120.00 8895158272.00 8906129408.00 8917106688.00 8928117760.00 8939275264.00 8950075392.00 8961179648.00 8972454912.00 8983243776.00 8994483200.00 9005419520.00 9016472576.00 9027578880.00 9038626816.00 9049422848.00 9060720640.00 9071645696.00 9082830848.00 
9093559296.00 9104892928.00 9115942912.00 9126945792.00 9138014208.00 9148718080.00 9160099840.00 9171174400.00 9182222336.00 9193283584.00 9204185088.00 9215415296.00 9226170368.00 9237297152.00 9248628736.00 9259581440.00 9270621184.00 9281665024.00 9292753920.00 9303812096.00 
9314195456.00 9325890560.00 9336649728.00 9348039680.00 9358994432.00 9370011648.00 9381031936.00 9392188416.00 9402980352.00 9414266880.00 9424526336.00 9436317696.00 9447384064.00 9458471936.00 9469473792.00 9480446976.00 9491334144.00 9501129728.00 9513965568.00 9524896768.00 
9535598592.00 9546931200.00 9557923840.00 9568992256.00 9579816960.00 9591083008.00 9602164736.00 9613259776.00 9624229888.00 9635272704.00 9646219264.00 9657469952.00 9668342784.00 9679457280.00 9690494976.00 9699496960.00 9712612352.00 9723641856.00 9734616064.00 9745789952.00 
9755523072.00 9767900160.00 9778919424.00 9789958144.00 9800979456.00 9812000768.00 9823073280.00 9834127360.00 9844972544.00 9857486848.00 9867289600.00 9878460416.00 9889410048.00 9900499968.00 9911505920.00 9922536448.00 9933366272.00 9944692736.00 9955802112.00 9966777344.00 
9976180736.00 9988893696.00 10000004096.00 10010932224.00 10021896192.00 10033006592.00 10044127232.00 10055182336.00 10066097152.00 10076280832.00 10088250368.00 10099443712.00 10110178304.00 10121373696.00 10132483072.00 10143491072.00 10154544128.00 10165734400.00 10176609280.00 10187846656.00 
10198156288.00 10209798144.00 10220867584.00 10231122944.00 10243017728.00 10253676544.00 10265133056.00 10276182016.00 10286936064.00 10298265600.00 10309143552.00 10320281600.00 10331321344.00 10342293504.00 10353530880.00 10364489728.00 10375471104.00 10386626560.00 10397673472.00 10408729600.00 
10419451904.00 10430642176.00 10441885696.00 10452900864.00 10463725568.00 10474955776.00 10486086656.00 10497096704.00 10508177408.00 10519212032.00 10529456128.00 10541319168.00 10552212480.00 10563443712.00 10574453760.00 10585457664.00 10596501504.00 10607646720.00 10618687488.00 10629709824.00 
10639461376.00 10651772928.00 10662785024.00 10674307072.00 10684886016.00 10695916544.00 10707059712.00 10718049280.00 10729062400.00 10740198400.00 10751099904.00 10762238976.00 10773281792.00 10784663552.00 10795386880.00 10806062080.00 10817252352.00 10828550144.00 10839588864.00 10850641920.00 
10861364224.00 10872699904.00 10883755008.00 10894773248.00 10905720832.00 10916802560.00 10927928320.00 10938828800.00 10949963776.00 10960927744.00 10971882496.00 10983132160.00 10993819648.00 11005005824.00 11016013824.00 11026948096.00 11037861888.00 11048753152.00 11059305472.00 11068985344.00 
11066170368.00 11096609792.00 11106260992.00 11116845056.00 11127641088.00 11138524160.00 11149547520.00 11160592384.00 11171277824.00 11182466048.00 11193412608.00 11204675584.00 11215534080.00 11226771456.00 11237644288.00 11248657408.00 11259625472.00 11270836224.00 11281832960.00 11292896256.00 
11303607296.00 11314956288.00 11325968384.00 11337038848.00 11347854336.00 11358741504.00 11370184704.00 11380940800.00 11392208896.00 11403363328.00 11414202368.00 11425401856.00 11436311552.00 11447538688.00 11458496512.00 11469545472.00 11480608768.00 11491303424.00 11502790656.00 11513820160.00 
11523518464.00 11535890432.00 11546884096.00 11557942272.00 11568989184.00 11580004352.00 11591104512.00 11602150400.00 11613162496.00 11624269824.00 11634504704.00 11646386176.00 11657338880.00 11668510720.00 11679484928.00 11690511360.00 11701374976.00 11712699392.00 11723682816.00 11734967296.00 
11745503232.00 11756868608.00 11767894016.00 11778965504.00 11789896704.00 11800986624.00 11812043776.00 11823296512.00 11834185728.00 11845340160.00 11856165888.00 11867329536.00 11878163456.00 11889425408.00 11900434432.00 11911123968.00 11922491392.00 11934476288.00 11944697856.00 11955783680.00 
11966148608.00 11977754624.00 11988951040.00 11999861760.00 12010947584.00 12021961728.00 12033074176.00 12044237824.00 12054929408.00 12066166784.00 12077049856.00 12089327616.00 12099403776.00 12110417920.00 12121450496.00 12132457472.00 12143473664.00 12154667008.00 12165569536.00 12176706560.00 
12186130432.00 12198822912.00 12209764352.00 12220918784.00 12231736320.00 12242923520.00 12254053376.00 12265104384.00 12276090880.00 12287136768.00 12298022912.00 12308112384.00 12320397312.00 12331471872.00 12342488064.00 12353459200.00 12364524544.00 12375632896.00 12386651136.00 12397702144.00 
12407459840.00 12419816448.00 12430967808.00 12441954304.00 12452886528.00 12461972480.00 12475071488.00 12486141952.00 12497015808.00 12508141568.00 12519078912.00 12530335744.00 12541262848.00 12552351744.00 12563397632.00 12574377984.00 12585282560.00 12596599808.00 12607651840.00 12618680320.00 
12629368832.00 12640693248.00 12651601920.00 12664475648.00 12674023424.00 12685026304.00 12696090624.00 12707125248.00 12718112768.00 12729272320.00 12739447808.00 12751331328.00 12762120192.00 12773413888.00 12784531456.00 12795456512.00 12806508544.00 12817565696.00 12828913664.00 12839708672.00 
12850095104.00 12861782016.00 12872811520.00 12883934208.00 12894896128.00 12905892864.00 12916938752.00 12928299008.00 12938937344.00 12950183936.00 12961110016.00 12972306432.00 12983289856.00 12994413568.00 13005475840.00 13016079360.00 13027356672.00 13038657536.00 13049612288.00 13060707328.00 
13071412224.00 13082774528.00 13093919744.00 13104881664.00 13115681792.00 13126830080.00 13137994752.00 13149118464.00 13160076288.00 13171111936.00 13182066688.00 13193143296.00 13204191232.00 13215514624.00 13226284032.00 13237347328.00 13248381952.00 13259473920.00 13270395904.00 13281247232.00 
13286108160.00 13304211456.00 13315006464.00 13325952000.00 13336971264.00 13347972096.00 13359074304.00 13370162176.00 13381050368.00 13392196608.00 13403108352.00 13414218752.00 13425229824.00 13436409856.00 13447378944.00 13458445312.00 13469290496.00 13480530944.00 13491653632.00 13502687232.00 
13513414656.00 13524754432.00 13535660032.00 13546889216.00 13557828608.00 13568558080.00 13580056576.00 13591128064.00 13602030592.00 13613150208.00 13624001536.00 13635540992.00 13646114816.00 13657382912.00 13668308992.00 13679379456.00 13690485760.00 13701601280.00 13712360448.00 13723682816.00 
13734061056.00 13745745920.00 13756794880.00 13767840768.00 13778849792.00 13789870080.00 13800977408.00 13811996672.00 13822783488.00 13833994240.00 13841086464.00 13856440320.00 13867324416.00 13878294528.00 13889418240.00 13900439552.00 13911422976.00 13922538496.00 13933562880.00 13944625152.00 
13955396608.00 13966794752.00 13977776128.00 13988678656.00 13999679488.00 14010891264.00 14021981184.00 14033074176.00 14044041216.00 14055136256.00 14066037760.00 14077191168.00 14088062976.00 14099661824.00 14110437376.00 14121065472.00 14132473856.00 14143594496.00 14154593280.00 14165643264.00 
14175376384.00 14187748352.00 14198656000.00 14209650688.00 14220840960.00 14231809024.00 14243152896.00 14254071808.00 14264970240.00 14276158464.00 14287011840.00 14298187776.00 14309210112.00 14320318464.00 14331064320.00 14342390784.00 14353222656.00 14364505088.00 14375540736.00 14386637824.00 
14396039168.00 14408749056.00 14419726336.00 14430747648.00 14441716736.00 14452861952.00 14463930368.00 14474998784.00 14486059008.00 14497064960.00 14507990016.00 14519153664.00 14529991680.00 14541306880.00 14552284160.00 14563309568.00 14574393344.00 14585408512.00 14596484096.00 14607568896.00 
14617953280.00 14629671936.00 14640605184.00 14651717632.00 14662739968.00 14673402880.00 14684820480.00 14695846912.00 14706617344.00 14717871104.00 14728681472.00 14739736576.00 14750324736.00 14758669312.00 14775187456.00 14785085440.00 14795814912.00 14806833152.00 14817802240.00 14828859392.00 
14839549952.00 14850913280.00 14861889536.00 14872994816.00 14883713024.00 14894950400.00 14906031104.00 14917170176.00 14928101376.00 14939213824.00 14949421056.00 14961330176.00 14972201984.00 14983519232.00 14994395136.00 15005452288.00 15016498176.00 15027469312.00 15038539776.00 15049698304.00 
15059395584.00 15071782912.00 15082774528.00 15093844992.00 15104907264.00 15115855872.00 15127011328.00 15137994752.00 15148900352.00 15160178688.00 15171045376.00 15182228480.00 15193228288.00 15204339712.00 15215329280.00 15224386560.00 15237268480.00 15248483328.00 15259597824.00 15270642688.00 
15281366016.00 15292824576.00 15303758848.00 15314851840.00 15325664256.00 15337013248.00 15348001792.00 15359045632.00 15370044416.00 15381178368.00 15392027648.00 15403136000.00 15414043648.00 15425345536.00 15436507136.00 15447332864.00 15458387968.00 15469499392.00 15480505344.00 15491527680.00 
15499355136.00 15513814016.00 15524773888.00 15535984640.00 15546819584.00 15557857280.00 15568956416.00 15580015616.00 15590822912.00 15602041856.00 15613011968.00 15624167424.00 15635349504.00 15646316544.00 15657312256.00 15668339712.00 15679318016.00 15690506240.00 15701545984.00 15712605184.00 
15723325440.00 15734563840.00 15745711104.00 15756738560.00 15767556096.00 15778468864.00 15789853696.00 15800894464.00 15811619840.00 15823616000.00 15834147840.00 15845272576.00 15856180224.00 15867358208.00 15878453248.00 15889359872.00 15900478464.00 15911505920.00 15922510848.00 15933554688.00 
15943352320.00 15955755008.00 15966745600.00 15977749504.00 15988734976.00 15999866880.00 16010910720.00 16021970944.00 16032882688.00 16044130304.00 16054308864.00 16066381824.00 16077139968.00 16088323072.00 16099165184.00 16110495744.00 16121231360.00 16132504576.00 16143526912.00 16154562560.00 
16165321728.00 16176726016.00 16187761664.00 16198769664.00 16209708032.00 16220810240.00 16231854080.00 16243113984.00 16253992960.00 16265068544.00 16275973120.00 16287175680.00 16297965568.00 16309244928.00 16320381952.00 16330977280.00 16342365184.00 16353492992.00 16364427264.00 16375670784.00 
16385966080.00 16397626368.00 16408675328.00 16419813376.00 16430818304.00 16441780224.00 16452893696.00 16463916032.00 16474734592.00 16486022144.00 16496914432.00 16508131328.00 16519087104.00 16530230272.00 16541255680.00 16552189952.00 16563150848.00 16574218240.00 16585156608.00 16595916800.00 
16599327744.00 16619356160.00 16630031360.00 16640980992.00 16651718656.00 16662936576.00 16673990656.00 16685025280.00 16696031232.00 16707139584.00 16718023680.00 16729164800.00 16740125696.00 16751273984.00 16762305536.00 16773269504.00 16784372736.00 16795448320.00 16806515712.00 16817702912.00 
16827327488.00 16839663616.00 16850702336.00 16861765632.00 16872905728.00 16883475456.00 16894888960.00 16905943040.00 16916893696.00 16928003072.00 16939013120.00 16950173696.00 16961220608.00 16972289024.00 16983339008.00 16994315264.00 17005163520.00 17016419328.00 17027366912.00 17038670848.00 
17049330688.00 17060834304.00 17071734784.00 17082818560.00 17093705728.00 17104758784.00 17115893760.00 17126938624.00 17137923072.00 17149008896.00 17159267328.00 17170941952.00 17181931520.00 17193224192.00 17204213760.00 17215066112.00 17226627072.00 17237512192.00 17248503808.00 17259575296.00 
17269968896.00 17281908736.00 17292703744.00 17303742464.00 17314742272.00 17325694976.00 17336875008.00 17347856384.00 17358741504.00 17370056704.00 17380921344.00 17392035840.00 17403217920.00 17414252544.00 17425274880.00 17435934720.00 17447303168.00 17458450432.00 17469487104.00 17481105408.00 
17491277824.00 17502640128.00 17513639936.00 17524684800.00 17535543296.00 17546782720.00 17557813248.00 17568958464.00 17579886592.00 17590980608.00 17601925120.00 17613137920.00 17624045568.00 17635192832.00 17646235648.00 17657204736.00 17668259840.00 17679263744.00 17690277888.00 17701111808.00 
17705969664.00 17724069888.00 17734901760.00 17745881088.00 17756837888.00 17767845888.00 17778890752.00 17789970432.00 17800914944.00 17812056064.00 17822969856.00 17834084352.00 17845174272.00 17856350208.00 17867194368.00 17878237184.00 17889142784.00 17900222464.00 17911508992.00 17922019328.00 
17933275136.00 17944610816.00 17955661824.00 17966700544.00 17977634816.00 17986746368.00 17999857664.00 18010918912.00 18021967872.00 18033018880.00 18043940864.00 18055131136.00 18065922048.00 18077190144.00 18088255488.00 18099206144.00 18110101504.00 18121553920.00 18132490240.00 18143555584.00 
18153932800.00 18165360640.00 18176657408.00 18187780096.00 18198708224.00 18209730560.00 18220789760.00 18231265280.00 18242744320.00 18253985792.00 18264248320.00 18276050944.00 18286995456.00 18298241024.00 18309242880.00 18320177152.00 18331246592.00 18342338560.00 18353426432.00 18364489728.00 
18375208960.00 18386388992.00 18397655040.00 18408622080.00 18419419136.00 18430564352.00 18441394176.00 18453821440.00 18464112640.00 18475128832.00 18485993472.00 18497198080.00 18508066816.00 18519207936.00 18530242560.00 18540931072.00 18552334336.00 18563387392.00 18574452736.00 18585387008.00 
18595239936.00 18607620096.00 18618646528.00 18629718016.00 18640553984.00 18651752448.00 18662825984.00 18673854464.00 18684841984.00 18696022016.00 18706888704.00 18718058496.00 18728900608.00 18740267008.00 18751268864.00 18762268672.00 18773098496.00 18784722944.00 18795395072.00 18806503424.00 
18815895552.00 18828623872.00 18839595008.00 18850686976.00 18861666304.00 18872737792.00 18883872768.00 18894821376.00 18905841664.00 18916927488.00 18927849472.00 18939035648.00 18949801984.00 18960988160.00 18971439104.00 18983507968.00 18994393088.00 19005476864.00 19016478720.00 19027417088.00 
19037933568.00 19049695232.00 19060590592.00 19071668224.00 19082610688.00 19093374976.00 19104745472.00 19115778048.00 19126697984.00 19137994752.00 19148881920.00 19160117248.00 19171061760.00 19182055424.00 19193294848.00 19204227072.00 19215222784.00 19226398720.00 19237400576.00 19248314368.00 
19259207680.00 19270512640.00 19281768448.00 19292647424.00 19303458816.00 19314681856.00 19325718528.00 19336845312.00 19347795968.00 19358822400.00 19365873664.00 19381215232.00 19392063488.00 19403196416.00 19414216704.00 19425183744.00 19436240896.00 19447285760.00 19458408448.00 19469432832.00 
19479201792.00 19491514368.00 19502651392.00 19513653248.00 19524626432.00 19535826944.00 19546818560.00 19557943296.00 19568791552.00 19579922432.00 19590860800.00 19602114560.00 19613050880.00 19624146944.00 19635144704.00 19645806592.00 19656996864.00 19668162560.00 19679965184.00 19690491904.00 
19701219328.00 19712577536.00 19723620352.00 19734648832.00 19745613824.00 19756691456.00 19767785472.00 19778856960.00 19789846528.00 19800913920.00 19811891200.00 19822997504.00 19833831424.00 19845038080.00 19856183296.00 19867209728.00 19878264832.00 19889309696.00 19900381184.00 19911383040.00 
19919187968.00 19933673472.00 19944638464.00 19955671040.00 19966697472.00 19977723904.00 19988756480.00 19999791104.00 20010633216.00 20021899264.00 20032872448.00 20043991040.00 20055044096.00 20066129920.00 20077254656.00 20088137728.00 20099123200.00 20110303232.00 20120864768.00 20132478976.00 
20143190016.00 20154546176.00 20165572608.00 20176541696.00 20187422720.00 20198330368.00 20209539072.00 20220825600.00 20231831552.00 20242937856.00 20253796352.00 20265134080.00 20275927040.00 20286900224.00 20298266624.00 20309192704.00 20320174080.00 20331296768.00 20342370304.00 20353411072.00 
20363165696.00 20375472128.00 20386467840.00 20397555712.00 20408594432.00 20419602432.00 20430333952.00 20441901056.00 20452749312.00 20463859712.00 20474134528.00 20485998592.00 20497098752.00 20508131328.00 20519116800.00 20530092032.00 20540960768.00 20551921664.00 20563410944.00 20574433280.00 
20585152512.00 20596453376.00 20607383552.00 20618459136.00 20629538816.00 20640604160.00 20651655168.00 20662919168.00 20673814528.00 20684929024.00 20695797760.00 20707334144.00 20717778944.00 20728920064.00 20740050944.00 20749139968.00 20762198016.00 20773304320.00 20784302080.00 20795385856.00 
20805758976.00 20817489920.00 20828407808.00 20839598080.00 20850548736.00 20861605888.00 20872695808.00 20883722240.00 20894537728.00 20906176512.00 20916776960.00 20927979520.00 20939034624.00 20950044672.00 20961085440.00 20972201984.00 20983105536.00 20994279424.00 21005291520.00 21016424448.00 
21025746944.00 21038557184.00 21049481216.00 21060517888.00 21071321088.00 21082654720.00 21093670912.00 21104971776.00 21115711488.00 21126592512.00 21137737728.00 21148917760.00 21159854080.00 21170569216.00 21182099456.00 21193097216.00 21204109312.00 21215250432.00 21226250240.00 21237299200.00 
21247068160.00 21259403264.00 21270415360.00 21281331200.00 21292488704.00 21303216128.00 21314824192.00 21325660160.00 21336594432.00 21347870720.00 21358696448.00 21369530368.00 21380888576.00 21391939584.00 21403011072.00 21414017024.00 21424896000.00 21436080128.00 21447270400.00 21458270208.00 
21469005824.00 21480288256.00 21491310592.00 21502502912.00 21513381888.00 21524488192.00 21535721472.00 21546614784.00 21557610496.00 21568729088.00 21578967040.00 21590794240.00 21601574912.00 21612918784.00 21623908352.00 21634942976.00 21645983744.00 21657171968.00 21668110336.00 21679171584.00 
21689554944.00 21701259264.00 21712273408.00 21723402240.00 21734324224.00 21745393664.00 21756432384.00 21767524352.00 21778294784.00 21789632512.00 21800460288.00 21811515392.00 21822640128.00 21833791488.00 21844690944.00 21855404032.00 21866729472.00 21877747712.00 21888841728.00 21899892736.00 
21910591488.00 21921927168.00 21932949504.00 21943961600.00 21954738176.00 21965924352.00 21976934400.00 21987936256.00 21998913536.00 22009942016.00 22020730880.00 22031785984.00 22042566656.00 22053545984.00 22064312320.00 22074931200.00 22085472256.00 22095620096.00 22104866816.00 22110402560.00 
end   dump: w
==END   DUMP_ARRAYS==
Time in seconds = 0.069751
