Sender: LSF System <lsfadmin@polus-c4-ib.bmc.hpc.cs.msu.ru>
Subject: Job 493912: <./large.o> in cluster <MSUCluster> Done

Job <./large.o> was submitted from host <polus-ib.bmc.hpc.cs.msu.ru> by user <edu-cmc-skpod19-328-11> in cluster <MSUCluster> at Fri Nov 29 23:39:31 2019
Job was executed on host(s) <1*polus-c4-ib.bmc.hpc.cs.msu.ru>, in queue <short>, as user <edu-cmc-skpod19-328-11> in cluster <MSUCluster> at Fri Nov 29 23:40:28 2019
                            <5*polus-c3-ib.bmc.hpc.cs.msu.ru>
                            <5*polus-c2-ib.bmc.hpc.cs.msu.ru>
</home_edu/edu-cmc-skpod19-328/edu-cmc-skpod19-328-11> was used as the home directory.
</home_edu/edu-cmc-skpod19-328/edu-cmc-skpod19-328-11/dep_gemver> was used as the working directory.
Started at Fri Nov 29 23:40:28 2019
Terminated at Fri Nov 29 23:40:29 2019
Results reported at Fri Nov 29 23:40:29 2019

Your job looked like:

------------------------------------------------------------
# LSBATCH: User input
./large.o
------------------------------------------------------------

Successfully completed.

Resource usage summary:

    CPU time :                                   7.22 sec.
    Max Memory :                                 4 MB
    Average Memory :                             2.00 MB
    Total Requested Memory :                     -
    Delta Memory :                               -
    Max Swap :                                   -
    Max Processes :                              1
    Max Threads :                                1
    Run time :                                   1 sec.
    Turnaround time :                            58 sec.

The output (if any) follows:

==BEGIN DUMP_ARRAYS==
begin dump: w
0.00 0.00 0.00 0.00 0.00 0.00 0.00 0.00 0.00 0.00 0.00 0.00 0.00 0.00 0.00 0.00 0.00 0.00 0.00 0.00 
0.00 0.00 0.00 0.00 0.00 0.00 0.00 0.00 0.00 0.00 0.00 0.00 0.00 0.00 0.00 0.00 0.00 0.00 0.00 0.00 
0.00 0.00 0.00 0.00 0.00 0.00 0.00 0.00 0.00 0.00 0.00 0.00 0.00 0.00 0.00 0.00 0.00 0.00 0.00 0.00 
0.00 0.00 0.00 0.00 0.00 0.00 0.00 0.00 0.00 0.00 0.00 0.00 0.00 0.00 0.00 0.00 0.00 0.00 0.00 0.00 
0.00 0.00 0.00 0.00 0.00 0.00 0.00 0.00 0.00 0.00 0.00 0.00 0.00 0.00 0.00 0.00 0.00 0.00 0.00 0.00 
0.00 0.00 0.00 0.00 0.00 0.00 0.00 0.00 0.00 0.00 0.00 0.00 0.00 0.00 0.00 0.00 0.00 0.00 0.00 0.00 
0.00 0.00 0.00 0.00 0.00 0.00 0.00 0.00 0.00 0.00 0.00 0.00 0.00 0.00 0.00 0.00 0.00 0.00 0.00 0.00 
0.00 0.00 0.00 0.00 0.00 0.00 0.00 0.00 0.00 0.00 0.00 0.00 0.00 0.00 0.00 0.00 0.00 0.00 0.00 0.00 
0.00 0.00 0.00 0.00 0.00 0.00 0.00 0.00 0.00 0.00 0.00 0.00 0.00 0.00 0.00 0.00 0.00 0.00 0.00 0.00 
0.00 0.00 0.00 0.00 0.00 0.00 0.00 0.00 0.00 0.00 0.00 0.00 0.00 0.00 0.00 0.00 0.00 0.00 0.00 0.00 
0.00 0.00 0.00 0.00 0.00 0.00 0.00 0.00 0.00 0.00 0.00 0.00 0.00 0.00 0.00 0.00 0.00 0.00 0.00 0.00 
0.00 0.00 0.00 0.00 0.00 0.00 0.00 0.00 0.00 0.00 0.00 0.00 0.00 0.00 0.00 0.00 0.00 0.00 0.00 0.00 
0.00 0.00 0.00 0.00 0.00 0.00 0.00 0.00 0.00 0.00 0.00 0.00 0.00 0.00 0.00 0.00 0.00 0.00 0.00 0.00 
0.00 0.00 0.00 0.00 0.00 0.00 0.00 0.00 0.00 0.00 0.00 0.00 0.00 0.00 0.00 0.00 0.00 0.00 0.00 0.00 
0.00 0.00 0.00 0.00 0.00 0.00 0.00 0.00 0.00 0.00 0.00 0.00 0.00 0.00 0.00 0.00 0.00 0.00 0.00 0.00 
0.00 0.00 0.00 0.00 0.00 0.00 0.00 0.00 0.00 0.00 0.00 0.00 0.00 0.00 0.00 0.00 0.00 0.00 0.00 0.00 
0.00 0.00 0.00 0.00 0.00 0.00 0.00 0.00 0.00 0.00 0.00 0.00 0.00 0.00 0.00 0.00 0.00 0.00 0.00 0.00 
0.00 0.00 0.00 0.00 0.00 0.00 0.00 0.00 0.00 0.00 0.00 0.00 0.00 0.00 0.00 0.00 0.00 0.00 0.00 0.00 
0.00 0.00 0.00 0.00 0.00 0.00 0.00 0.00 0.00 0.00 0.00 0.00 0.00 0.00 0.00 0.00 0.00 0.00 0.00 0.00 
0.00 0.00 0.00 0.00 0.00 0.00 0.00 0.00 0.00 0.00 0.00 0.00 0.00 0.00 0.00 0.00 0.00 0.00 0.00 0.00 
0.00 0.00 0.00 0.00 0.00 0.00 0.00 0.00 0.00 0.00 0.00 0.00 0.00 0.00 0.00 0.00 0.00 0.00 0.00 0.00 
0.00 0.00 0.00 0.00 0.00 0.00 0.00 0.00 0.00 0.00 0.00 0.00 0.00 0.00 0.00 0.00 0.00 0.00 0.00 0.00 
0.00 0.00 0.00 0.00 0.00 0.00 0.00 0.00 0.00 0.00 0.00 0.00 0.00 0.00 0.00 0.00 0.00 0.00 0.00 0.00 
0.00 0.00 0.00 0.00 0.00 0.00 0.00 0.00 0.00 0.00 0.00 0.00 0.00 0.00 0.00 0.00 0.00 0.00 0.00 0.00 
0.00 0.00 0.00 0.00 0.00 0.00 0.00 0.00 0.00 0.00 0.00 0.00 0.00 0.00 0.00 0.00 0.00 0.00 0.00 0.00 
0.00 0.00 0.00 0.00 0.00 0.00 0.00 0.00 0.00 0.00 0.00 0.00 0.00 0.00 0.00 0.00 0.00 0.00 0.00 0.00 
0.00 0.00 0.00 0.00 0.00 0.00 0.00 0.00 0.00 0.00 0.00 0.00 0.00 0.00 0.00 0.00 0.00 0.00 0.00 0.00 
0.00 0.00 0.00 0.00 0.00 0.00 0.00 0.00 0.00 0.00 0.00 0.00 0.00 0.00 0.00 0.00 0.00 0.00 0.00 0.00 
0.00 0.00 0.00 0.00 0.00 0.00 0.00 0.00 0.00 0.00 0.00 0.00 0.00 0.00 0.00 0.00 0.00 0.00 0.00 0.00 
0.00 0.00 0.00 0.00 0.00 0.00 0.00 0.00 0.00 0.00 0.00 0.00 0.00 0.00 0.00 0.00 0.00 0.00 0.00 0.00 
0.00 0.00 0.00 0.00 0.00 0.00 0.00 0.00 0.00 0.00 0.00 0.00 0.00 0.00 0.00 0.00 0.00 0.00 0.00 0.00 
0.00 0.00 0.00 0.00 0.00 0.00 0.00 0.00 0.00 0.00 0.00 0.00 0.00 0.00 0.00 0.00 0.00 0.00 0.00 0.00 
0.00 0.00 0.00 0.00 0.00 0.00 0.00 0.00 0.00 0.00 0.00 0.00 0.00 0.00 0.00 0.00 0.00 0.00 0.00 0.00 
0.00 0.00 0.00 0.00 0.00 0.00 0.00 0.00 0.00 0.00 0.00 0.00 0.00 0.00 0.00 0.00 0.00 0.00 0.00 0.00 
0.00 0.00 0.00 0.00 0.00 0.00 0.00 0.00 0.00 0.00 0.00 0.00 0.00 0.00 0.00 0.00 0.00 0.00 0.00 0.00 
0.00 0.00 0.00 0.00 0.00 0.00 0.00 0.00 0.00 0.00 0.00 0.00 0.00 0.00 0.00 0.00 0.00 0.00 0.00 0.00 
0.00 0.00 0.00 0.00 0.00 0.00 0.00 0.00 0.00 0.00 0.00 0.00 0.00 0.00 0.00 0.00 0.00 0.00 0.00 0.00 
0.00 0.00 0.00 0.00 0.00 0.00 0.00 0.00 0.00 0.00 0.00 0.00 0.00 0.00 0.00 0.00 0.00 0.00 0.00 0.00 
0.00 0.00 0.00 0.00 0.00 0.00 0.00 0.00 0.00 0.00 0.00 0.00 0.00 0.00 0.00 0.00 0.00 0.00 0.00 0.00 
0.00 0.00 0.00 0.00 0.00 0.00 0.00 0.00 0.00 0.00 0.00 0.00 0.00 0.00 0.00 0.00 0.00 0.00 0.00 0.00 
0.00 0.00 0.00 0.00 0.00 0.00 0.00 0.00 0.00 0.00 0.00 0.00 0.00 0.00 0.00 0.00 0.00 0.00 0.00 0.00 
0.00 0.00 0.00 0.00 0.00 0.00 0.00 0.00 0.00 0.00 0.00 0.00 0.00 0.00 0.00 0.00 0.00 0.00 0.00 0.00 
0.00 0.00 0.00 0.00 0.00 0.00 0.00 0.00 0.00 0.00 0.00 0.00 0.00 0.00 0.00 0.00 0.00 0.00 0.00 0.00 
0.00 0.00 0.00 0.00 0.00 0.00 0.00 0.00 0.00 0.00 0.00 0.00 0.00 0.00 0.00 0.00 0.00 0.00 0.00 0.00 
0.00 0.00 0.00 0.00 0.00 0.00 0.00 0.00 0.00 0.00 0.00 0.00 0.00 0.00 0.00 0.00 0.00 0.00 0.00 0.00 
0.00 0.00 0.00 0.00 0.00 0.00 0.00 0.00 0.00 0.00 0.00 0.00 0.00 0.00 0.00 0.00 0.00 0.00 0.00 0.00 
0.00 0.00 0.00 0.00 0.00 0.00 0.00 0.00 0.00 0.00 0.00 0.00 0.00 0.00 0.00 0.00 0.00 0.00 0.00 0.00 
0.00 0.00 0.00 0.00 0.00 0.00 0.00 0.00 0.00 0.00 0.00 0.00 0.00 0.00 0.00 0.00 0.00 0.00 0.00 0.00 
0.00 0.00 0.00 0.00 0.00 0.00 0.00 0.00 0.00 0.00 0.00 0.00 0.00 0.00 0.00 0.00 0.00 0.00 0.00 0.00 
0.00 0.00 0.00 0.00 0.00 0.00 0.00 0.00 0.00 0.00 0.00 0.00 0.00 0.00 0.00 0.00 0.00 0.00 0.00 0.00 
0.00 0.00 0.00 0.00 0.00 0.00 0.00 0.00 0.00 0.00 0.00 0.00 0.00 0.00 0.00 0.00 0.00 0.00 0.00 0.00 
0.00 0.00 0.00 0.00 0.00 0.00 0.00 0.00 0.00 0.00 0.00 0.00 0.00 0.00 0.00 0.00 0.00 0.00 0.00 0.00 
0.00 0.00 0.00 0.00 0.00 0.00 0.00 0.00 0.00 0.00 0.00 0.00 0.00 0.00 0.00 0.00 0.00 0.00 0.00 0.00 
0.00 0.00 0.00 0.00 0.00 0.00 0.00 0.00 0.00 0.00 0.00 0.00 0.00 0.00 0.00 0.00 0.00 0.00 0.00 0.00 
0.00 0.00 0.00 0.00 0.00 0.00 0.00 0.00 0.00 0.00 0.00 0.00 0.00 0.00 0.00 0.00 0.00 0.00 0.00 0.00 
0.00 0.00 0.00 0.00 0.00 0.00 0.00 0.00 0.00 0.00 0.00 0.00 0.00 0.00 0.00 0.00 0.00 0.00 0.00 0.00 
0.00 0.00 0.00 0.00 0.00 0.00 0.00 0.00 0.00 0.00 0.00 0.00 0.00 0.00 0.00 0.00 0.00 0.00 0.00 0.00 
0.00 0.00 0.00 0.00 0.00 0.00 0.00 0.00 0.00 0.00 0.00 0.00 0.00 0.00 0.00 0.00 0.00 0.00 0.00 0.00 
0.00 0.00 0.00 0.00 0.00 0.00 0.00 0.00 0.00 0.00 0.00 0.00 0.00 0.00 0.00 0.00 0.00 0.00 0.00 0.00 
0.00 0.00 0.00 0.00 0.00 0.00 0.00 0.00 0.00 0.00 0.00 0.00 0.00 0.00 0.00 0.00 0.00 0.00 0.00 0.00 
0.00 0.00 0.00 0.00 0.00 0.00 0.00 0.00 0.00 0.00 0.00 0.00 0.00 0.00 0.00 0.00 0.00 0.00 0.00 0.00 
0.00 0.00 0.00 0.00 0.00 0.00 0.00 0.00 0.00 0.00 0.00 0.00 0.00 0.00 0.00 0.00 0.00 0.00 0.00 0.00 
0.00 0.00 0.00 0.00 0.00 0.00 0.00 0.00 0.00 0.00 0.00 0.00 0.00 0.00 0.00 0.00 0.00 0.00 0.00 0.00 
0.00 0.00 0.00 0.00 0.00 0.00 0.00 0.00 0.00 0.00 0.00 0.00 0.00 0.00 0.00 0.00 0.00 0.00 0.00 0.00 
0.00 0.00 0.00 0.00 0.00 0.00 0.00 0.00 0.00 0.00 0.00 0.00 0.00 0.00 0.00 0.00 0.00 0.00 0.00 0.00 
0.00 0.00 0.00 0.00 0.00 0.00 0.00 0.00 0.00 0.00 0.00 0.00 0.00 0.00 0.00 0.00 0.00 0.00 0.00 0.00 
0.00 0.00 0.00 0.00 0.00 0.00 0.00 0.00 0.00 0.00 0.00 0.00 0.00 0.00 0.00 0.00 0.00 0.00 0.00 0.00 
0.00 0.00 0.00 0.00 0.00 0.00 0.00 0.00 0.00 0.00 0.00 0.00 0.00 0.00 0.00 0.00 0.00 0.00 0.00 0.00 
0.00 0.00 0.00 0.00 0.00 0.00 0.00 0.00 0.00 0.00 0.00 0.00 0.00 0.00 0.00 0.00 0.00 0.00 0.00 0.00 
0.00 0.00 0.00 0.00 0.00 0.00 0.00 0.00 0.00 0.00 0.00 0.00 0.00 0.00 0.00 0.00 0.00 0.00 0.00 0.00 
0.00 0.00 0.00 0.00 0.00 0.00 0.00 0.00 0.00 0.00 0.00 0.00 0.00 0.00 0.00 0.00 0.00 0.00 0.00 0.00 
0.00 0.00 0.00 0.00 0.00 0.00 0.00 0.00 0.00 0.00 0.00 0.00 0.00 0.00 0.00 0.00 0.00 0.00 0.00 0.00 
0.00 0.00 0.00 0.00 0.00 0.00 0.00 0.00 0.00 0.00 0.00 0.00 0.00 0.00 0.00 0.00 0.00 0.00 0.00 0.00 
0.00 0.00 0.00 0.00 0.00 0.00 0.00 0.00 0.00 0.00 0.00 0.00 0.00 0.00 0.00 0.00 0.00 0.00 0.00 0.00 
0.00 0.00 0.00 0.00 0.00 0.00 0.00 0.00 0.00 0.00 0.00 0.00 0.00 0.00 0.00 0.00 0.00 0.00 0.00 0.00 
0.00 0.00 0.00 0.00 0.00 0.00 0.00 0.00 0.00 0.00 0.00 0.00 0.00 0.00 0.00 0.00 0.00 0.00 0.00 0.00 
0.00 0.00 0.00 0.00 0.00 0.00 0.00 0.00 0.00 0.00 0.00 0.00 0.00 0.00 0.00 0.00 0.00 0.00 0.00 0.00 
0.00 0.00 0.00 0.00 0.00 0.00 0.00 0.00 0.00 0.00 0.00 0.00 0.00 0.00 0.00 0.00 0.00 0.00 0.00 0.00 
0.00 0.00 0.00 0.00 0.00 0.00 0.00 0.00 0.00 0.00 0.00 0.00 0.00 0.00 0.00 0.00 0.00 0.00 0.00 0.00 
0.00 0.00 0.00 0.00 0.00 0.00 0.00 0.00 0.00 0.00 0.00 0.00 0.00 0.00 0.00 0.00 0.00 0.00 0.00 0.00 
0.00 0.00 0.00 0.00 0.00 0.00 0.00 0.00 0.00 0.00 0.00 0.00 0.00 0.00 0.00 0.00 0.00 0.00 0.00 0.00 
0.00 0.00 0.00 0.00 0.00 0.00 0.00 0.00 0.00 0.00 0.00 0.00 0.00 0.00 0.00 0.00 0.00 0.00 0.00 0.00 
0.00 0.00 0.00 0.00 0.00 0.00 0.00 0.00 0.00 0.00 0.00 0.00 0.00 0.00 0.00 0.00 0.00 0.00 0.00 0.00 
0.00 0.00 0.00 0.00 0.00 0.00 0.00 0.00 0.00 0.00 0.00 0.00 0.00 0.00 0.00 0.00 0.00 0.00 0.00 0.00 
0.00 0.00 0.00 0.00 0.00 0.00 0.00 0.00 0.00 0.00 0.00 0.00 0.00 0.00 0.00 0.00 0.00 0.00 0.00 0.00 
0.00 0.00 0.00 0.00 0.00 0.00 0.00 0.00 0.00 0.00 0.00 0.00 0.00 0.00 0.00 0.00 0.00 0.00 0.00 0.00 
0.00 0.00 0.00 0.00 0.00 0.00 0.00 0.00 0.00 0.00 0.00 0.00 0.00 0.00 0.00 0.00 0.00 0.00 0.00 0.00 
0.00 0.00 0.00 0.00 0.00 0.00 0.00 0.00 0.00 0.00 0.00 0.00 0.00 0.00 0.00 0.00 0.00 0.00 0.00 0.00 
0.00 0.00 0.00 0.00 0.00 0.00 0.00 0.00 0.00 0.00 0.00 0.00 0.00 0.00 0.00 0.00 0.00 0.00 0.00 0.00 
0.00 0.00 0.00 0.00 0.00 0.00 0.00 0.00 0.00 0.00 0.00 0.00 0.00 0.00 0.00 0.00 0.00 0.00 0.00 0.00 
0.00 0.00 0.00 0.00 0.00 0.00 0.00 0.00 0.00 0.00 0.00 0.00 0.00 0.00 0.00 0.00 0.00 0.00 0.00 0.00 
0.00 0.00 0.00 0.00 0.00 0.00 0.00 0.00 0.00 0.00 0.00 0.00 0.00 0.00 0.00 0.00 0.00 0.00 0.00 0.00 
0.00 0.00 0.00 0.00 0.00 0.00 0.00 0.00 0.00 0.00 0.00 0.00 0.00 0.00 0.00 0.00 0.00 0.00 0.00 0.00 
0.00 0.00 0.00 0.00 0.00 0.00 0.00 0.00 0.00 0.00 0.00 0.00 0.00 0.00 0.00 0.00 0.00 0.00 0.00 0.00 
0.00 0.00 0.00 0.00 0.00 0.00 0.00 0.00 0.00 0.00 0.00 0.00 0.00 0.00 0.00 0.00 0.00 0.00 0.00 0.00 
0.00 0.00 0.00 0.00 0.00 0.00 0.00 0.00 0.00 0.00 0.00 0.00 0.00 0.00 0.00 0.00 0.00 0.00 0.00 0.00 
0.00 0.00 0.00 0.00 0.00 0.00 0.00 0.00 0.00 0.00 0.00 0.00 0.00 0.00 0.00 0.00 0.00 0.00 0.00 0.00 
0.00 0.00 0.00 0.00 0.00 0.00 0.00 0.00 0.00 0.00 0.00 0.00 0.00 0.00 0.00 0.00 0.00 0.00 0.00 0.00 
0.00 0.00 0.00 0.00 0.00 0.00 0.00 0.00 0.00 0.00 0.00 0.00 0.00 0.00 0.00 0.00 0.00 0.00 0.00 0.00 
0.00 0.00 0.00 0.00 0.00 0.00 0.00 0.00 0.00 0.00 0.00 0.00 0.00 0.00 0.00 0.00 0.00 0.00 0.00 0.00 
end   dump: w
==END   DUMP_ARRAYS==
==BEGIN DUMP_ARRAYS==
begin dump: w
1852.88 55556664.00 61087248.00 70363832.00 80496024.00 91041624.00 101883640.00 112758784.00 123526560.00 134628992.00 145449552.00 156629200.00 167621232.00 178728208.00 189760640.00 200805536.00 211663408.00 223020880.00 234042832.00 245145024.00 
255923552.00 267365008.00 278443456.00 289664992.00 300511488.00 311297184.00 322884864.00 333869952.00 344984224.00 356288064.00 367102784.00 378288704.00 389239136.00 400549760.00 411686560.00 422715072.00 433855488.00 444951040.00 456117376.00 467246432.00 
477712928.00 489469760.00 500580576.00 511590496.00 522767712.00 533876704.00 545073088.00 556154688.00 567025856.00 578418176.00 588668544.00 600587456.00 611688960.00 622847552.00 633791488.00 644988736.00 656066560.00 667253056.00 678470912.00 689590784.00 
700310208.00 711769024.00 722791488.00 734076544.00 744874688.00 756164160.00 767312000.00 778494912.00 789526976.00 801060736.00 811642624.00 822853248.00 833947200.00 845220288.00 856080064.00 866987072.00 878485120.00 889821312.00 900743744.00 911863680.00 
921659520.00 934115520.00 945215872.00 956294016.00 967401984.00 978469568.00 989624512.00 1001265664.00 1011809408.00 1023070976.00 1033999168.00 1045518336.00 1056371136.00 1067276352.00 1078602240.00 1089576960.00 1100634880.00 1111997056.00 1123079808.00 1134114304.00 
1143684096.00 1156376832.00 1167535744.00 1178647680.00 1189676288.00 1200763648.00 1212047488.00 1223190656.00 1234172288.00 1245375872.00 1256348032.00 1267338240.00 1278520960.00 1289914880.00 1300970368.00 1312038912.00 1323194880.00 1334292992.00 1345549184.00 1356576256.00 
1367044992.00 1378804096.00 1389938816.00 1401024256.00 1412079360.00 1421183360.00 1434467840.00 1445703168.00 1456410752.00 1467427200.00 1478735104.00 1489954176.00 1501048576.00 1512105472.00 1523406208.00 1534426368.00 1545480192.00 1556838528.00 1567989760.00 1578983936.00 
1589732736.00 1601159040.00 1612216064.00 1623809536.00 1634337024.00 1645622912.00 1656778752.00 1667870720.00 1678879488.00 1690156800.00 1700435840.00 1712418688.00 1723364608.00 1734503808.00 1746116736.00 1756818944.00 1767927424.00 1779129344.00 1790243328.00 1801353984.00 
1811127680.00 1823566976.00 1834634112.00 1845792384.00 1856886912.00 1867944320.00 1879036288.00 1890487680.00 1901319552.00 1912390912.00 1923485696.00 1934724608.00 1945806592.00 1956980992.00 1968311936.00 1978820352.00 1990080640.00 2001541888.00 2012549888.00 2023670272.00 
2034470144.00 2045873408.00 2057521152.00 2068183296.00 2079204736.00 2090357248.00 2101413504.00 2112652544.00 2123703296.00 2134896256.00 2145813120.00 2157134336.00 2167987456.00 2179378432.00 2190456576.00 2201482496.00 2212619520.00 2223818240.00 2234859520.00 2245933056.00 
2253861120.00 2268366848.00 2279414016.00 2290568704.00 2301591296.00 2312690688.00 2323881984.00 2335135232.00 2345894912.00 2357299456.00 2368186624.00 2379530496.00 2390566912.00 2401732096.00 2412808192.00 2423898880.00 2434950144.00 2446206976.00 2457284352.00 2468425472.00 
2479205120.00 2490641920.00 2501193472.00 2513106944.00 2523849728.00 2534796288.00 2546305280.00 2557414144.00 2568471808.00 2579580928.00 2590599424.00 2601910528.00 2612890368.00 2624029952.00 2635190528.00 2646176768.00 2657458176.00 2668599040.00 2679650048.00 2690883072.00 
2700623104.00 2713083648.00 2724154112.00 2735390208.00 2746410496.00 2757482240.00 2768633344.00 2779748352.00 2790711040.00 2801897984.00 2809005824.00 2824400384.00 2835402240.00 2846513664.00 2857697536.00 2868678656.00 2879608320.00 2890981376.00 2901921792.00 2913287936.00 
2923998720.00 2935578880.00 2946548992.00 2957669888.00 2968667904.00 2979828736.00 2990950400.00 3002277632.00 3013239040.00 3024346880.00 3035354112.00 3046620416.00 3057478656.00 3068961536.00 3080025344.00 3090700544.00 3102247936.00 3113360640.00 3124461824.00 3135490816.00 
3146022912.00 3157870080.00 3168860672.00 3179956736.00 3191007744.00 3201930496.00 3214184192.00 3224727808.00 3235498752.00 3246829312.00 3257789440.00 3269065984.00 3280111104.00 3291329792.00 3302301952.00 3313410048.00 3324472320.00 3335727872.00 3346854400.00 3357932288.00 
3367433984.00 3380200192.00 3391343616.00 3402124288.00 3413304064.00 3424572928.00 3435747840.00 3446842880.00 3458177536.00 3469191936.00 3480137984.00 3491357952.00 3502387712.00 3513669120.00 3524729088.00 3535773440.00 3547070976.00 3558089216.00 3569201408.00 3580335360.00 
3590140416.00 3602698752.00 3613659392.00 3624827904.00 3635855104.00 3646633472.00 3658146560.00 3669289472.00 3680265984.00 3691449088.00 3702431488.00 3713651968.00 3724625408.00 3735097600.00 3747556352.00 3758349824.00 3769217280.00 3780579840.00 3791583744.00 3802938880.00 
3813563904.00 3824982784.00 3836075776.00 3847269120.00 3858212864.00 3869442816.00 3880552448.00 3891667712.00 3902862336.00 3913979648.00 3924221696.00 3936173312.00 3946999296.00 3959031808.00 3969556480.00 3980574976.00 3991703040.00 4002789632.00 4013976320.00 4025372416.00 
4035562752.00 4047322880.00 4058414336.00 4069449472.00 4080880128.00 4091808768.00 4102923008.00 4114089472.00 4124934400.00 4136272128.00 4147243008.00 4158542848.00 4169554944.00 4180765440.00 4191868928.00 4200918784.00 4214045440.00 4225276416.00 4236347136.00 4247492096.00 
4258267392.00 4270236416.00 4280778752.00 4292178432.00 4302804992.00 4314149376.00 4325373440.00 4336317952.00 4347465728.00 4358723584.00 4369611776.00 4380896256.00 4391868928.00 4403112448.00 4414225920.00 4425252352.00 4436357120.00 4447471104.00 4458513408.00 4469426688.00 
4474338816.00 4492518912.00 4503403008.00 4514514432.00 4525501440.00 4536571904.00 4547713024.00 4558870016.00 4569848832.00 4581061120.00 4592040960.00 4603358720.00 4614415872.00 4625524224.00 4636704256.00 4647691776.00 4658639360.00 4670064640.00 4681137664.00 4692251648.00 
4703047168.00 4713930240.00 4725574656.00 4736708096.00 4747704320.00 4758554624.00 4770063872.00 4781204480.00 4792185856.00 4803543040.00 4814441472.00 4825671680.00 4836549120.00 4848015360.00 4859020288.00 4870166528.00 4881229824.00 4892390400.00 4903486976.00 4914363392.00 
4925081600.00 4936848896.00 4947948032.00 4959053312.00 4969889792.00 4981506560.00 4992518656.00 5003607552.00 5014466048.00 5026048512.00 5036138496.00 5048097792.00 5059152384.00 5070319104.00 5081395712.00 5092496384.00 5103526912.00 5114710016.00 5125840896.00 5136830976.00 
5147780608.00 5159138816.00 5170473472.00 5181529088.00 5192367104.00 5203622912.00 5214784000.00 5225931264.00 5236977664.00 5248171520.00 5259114496.00 5270507520.00 5281445376.00 5292682240.00 5303795200.00 5314492416.00 5325855232.00 5337147392.00 5348261888.00 5359390720.00 
5369177600.00 5381495296.00 5392719872.00 5403888128.00 5414911488.00 5426062336.00 5437212160.00 5448326144.00 5459322368.00 5470586880.00 5481508864.00 5492750336.00 5503822848.00 5515002368.00 5526063104.00 5537100288.00 5548002816.00 5559324160.00 5570320896.00 5581095936.00 
5584573440.00 5604678144.00 5615452672.00 5626520064.00 5637407744.00 5648530944.00 5659637760.00 5670775296.00 5681898496.00 5693016576.00 5703998464.00 5715253760.00 5726124032.00 5737510400.00 5748559360.00 5759638528.00 5770715136.00 5781880320.00 5793066496.00 5804212736.00 
5814642688.00 5826317824.00 5837573120.00 5848624128.00 5859733504.00 5870476288.00 5881903104.00 5893161472.00 5903995904.00 5915338752.00 5926319616.00 5937598464.00 5948640256.00 5959703552.00 5970992640.00 5982007808.00 5993076736.00 6004308480.00 6015367680.00 6026491904.00 
6037349376.00 6048803840.00 6059859968.00 6071000064.00 6081844224.00 6093000192.00 6104509952.00 6115452416.00 6126598144.00 6137545216.00 6148041728.00 6159920128.00 6171005952.00 6182227456.00 6193316864.00 6204328960.00 6215568384.00 6226718720.00 6237759488.00 6248860672.00 
6258714624.00 6271204352.00 6282270720.00 6293387264.00 6304396288.00 6315530752.00 6326615552.00 6337818112.00 6348822016.00 6360029184.00 6370931712.00 6381833728.00 6393801216.00 6404694016.00 6415771648.00 6426459648.00 6437734400.00 6449133056.00 6460196864.00 6471444992.00 
6482113024.00 6493524480.00 6504638976.00 6515770880.00 6526789120.00 6537944064.00 6549126656.00 6560242176.00 6571177472.00 6582548480.00 6593462784.00 6604780544.00 6615590912.00 6626974208.00 6638055424.00 6649131008.00 6660252160.00 6671266304.00 6682508288.00 6693581312.00 
6701472768.00 6716011008.00 6727062528.00 6738172416.00 6749242880.00 6760326144.00 6771347456.00 6782596608.00 6793485312.00 6804941824.00 6815828480.00 6827051520.00 6838162432.00 6849327104.00 6860398080.00 6871360000.00 6882670592.00 6893806080.00 6904921088.00 6915947520.00 
6926852096.00 6938283008.00 6949365248.00 6960564224.00 6971363328.00 6980674560.00 6993904128.00 7005009920.00 7016068608.00 7027230208.00 7038195712.00 7049429504.00 7060535296.00 7071739392.00 7082778624.00 7093902336.00 7104969216.00 7116188672.00 7127285248.00 7138396672.00 
7148221952.00 7160602112.00 7171800576.00 7182983680.00 7193924096.00 7204996096.00 7216229888.00 7227209216.00 7238356992.00 7249533952.00 7259883008.00 7271782912.00 7282866176.00 7293972992.00 7305156096.00 7316191744.00 7327118848.00 7338436096.00 7349565952.00 7360648192.00 
7371462656.00 7382828544.00 7393940992.00 7404998144.00 7415866368.00 7426756096.00 7436811776.00 7453471744.00 7461754880.00 7472534016.00 7483342336.00 7494523392.00 7505347072.00 7516679680.00 7527745024.00 7538456064.00 7549893120.00 7561074688.00 7572242944.00 7583285248.00 
7593762816.00 7605511680.00 7616635392.00 7627829248.00 7638784512.00 7649925120.00 7661111808.00 7672192512.00 7683082752.00 7694472192.00 7705425408.00 7716709888.00 7727700480.00 7738919936.00 7750031872.00 7761063936.00 7772189184.00 7783456768.00 7794498048.00 7805569536.00 
7815081472.00 7827837440.00 7838977536.00 7850110464.00 7860941824.00 7872220672.00 7883731968.00 7894575104.00 7905640960.00 7916844032.00 7927788544.00 7939007488.00 7950038016.00 7961235968.00 7972188672.00 7983506944.00 7994577920.00 8005953024.00 8016975872.00 8027971584.00 
8037785600.00 8050208256.00 8061312000.00 8072421888.00 8083501568.00 8094265856.00 8105744384.00 8116631040.00 8128038912.00 8139225088.00 8150154752.00 8161427968.00 8172489216.00 8183631360.00 8194757120.00 8205821440.00 8216735232.00 8228307968.00 8239222272.00 8250322944.00 
8261159424.00 8272626176.00 8283722752.00 8294858752.00 8305805312.00 8316962304.00 8328136704.00 8339378176.00 8350317568.00 8361368576.00 8368524800.00 8383939584.00 8394725376.00 8406085632.00 8417148416.00 8428217344.00 8439347200.00 8450522112.00 8461616128.00 8472745984.00 
8483204608.00 8494955008.00 8506334208.00 8517176832.00 8528267264.00 8539400704.00 8550648320.00 8561685504.00 8572521472.00 8583650816.00 8594964480.00 8606198784.00 8617280512.00 8628360192.00 8639462400.00 8650232832.00 8661630976.00 8672865280.00 8684123136.00 8695139328.00 
8705914880.00 8717343744.00 8728432640.00 8739631104.00 8750450688.00 8761739264.00 8772972544.00 8784036864.00 8795185152.00 8806371328.00 8817258496.00 8828532736.00 8839507968.00 8850700288.00 8861822976.00 8872892416.00 8883999744.00 8895191040.00 8906155008.00 8917074944.00 
8921965568.00 8940163072.00 8951045120.00 8962099200.00 8973136896.00 8984209408.00 8995439616.00 9006320640.00 9017497600.00 9028834304.00 9039690752.00 9051002880.00 9061998592.00 9073124352.00 9084304384.00 9095422976.00 9106280448.00 9117667328.00 9128649728.00 9139899392.00 
9150684160.00 9162103808.00 9173222400.00 9184288768.00 9195430912.00 9206200320.00 9217653760.00 9228794880.00 9239908352.00 9251052544.00 9262023680.00 9273316352.00 9284133888.00 9295343616.00 9306740736.00 9317756928.00 9328872448.00 9339991040.00 9351142400.00 9362282496.00 
9372730368.00 9384494080.00 9395325952.00 9406779392.00 9417791488.00 9428883456.00 9439979520.00 9451197440.00 9462057984.00 9473413120.00 9483737088.00 9495617536.00 9506738176.00 9517906944.00 9528986624.00 9540006912.00 9550980096.00 9560833024.00 9573757952.00 9584735232.00 
9595509760.00 9606930432.00 9617976320.00 9629125632.00 9640012800.00 9651346432.00 9662497792.00 9673664512.00 9684711424.00 9695816704.00 9706830848.00 9718139904.00 9729085440.00 9740270592.00 9751385088.00 9760447488.00 9773637632.00 9784738816.00 9795777536.00 9807036416.00 
9816828928.00 9829265408.00 9840370688.00 9851476992.00 9862558720.00 9873646592.00 9884806144.00 9895917568.00 9906847744.00 9919421440.00 9929281536.00 9940541440.00 9951549440.00 9962725376.00 9973783552.00 9984880640.00 9995788288.00 10007184384.00 10018360320.00 10029407232.00 
10038864896.00 10051659776.00 10062834688.00 10073839616.00 10084872192.00 10096051200.00 10107240448.00 10118364160.00 10129345536.00 10139597824.00 10151638016.00 10162908160.00 10173714432.00 10184960000.00 10196159488.00 10207234048.00 10218348544.00 10229606400.00 10240568320.00 10251865088.00 
10262227968.00 10273972224.00 10285091840.00 10295412736.00 10307380224.00 10318102528.00 10329628672.00 10340752384.00 10351586304.00 10362980352.00 10373920768.00 10385118208.00 10396236800.00 10407283712.00 10418578432.00 10429601792.00 10440668160.00 10451885056.00 10463013888.00 10474140672.00 
10484927488.00 10496191488.00 10507511808.00 10518590464.00 10529489920.00 10540784640.00 10551965696.00 10563052544.00 10574198784.00 10585320448.00 10595625984.00 10607559680.00 10618509312.00 10629812224.00 10640902144.00 10651970560.00 10663079936.00 10674311168.00 10685410304.00 10696497152.00 
10706318336.00 10718720000.00 10729781248.00 10741362688.00 10752032768.00 10763132928.00 10774351872.00 10785420288.00 10796461056.00 10807695360.00 10818672640.00 10829874176.00 10840990720.00 10852419584.00 10863233024.00 10873964544.00 10885236736.00 10896588800.00 10907709440.00 10918815744.00 
10929618944.00 10941028352.00 10952139776.00 10963235840.00 10974251008.00 10985403392.00 10996596736.00 11007567872.00 11018766336.00 11029804032.00 11040839680.00 11052157952.00 11062912000.00 11074180096.00 11085243392.00 11096250368.00 11107240960.00 11118176256.00 11128817664.00 11138532352.00 
11135736832.00 11166341120.00 11176037376.00 11186708480.00 11197544448.00 11208506368.00 11219604480.00 11230702592.00 11241481216.00 11252738048.00 11263746048.00 11275100160.00 11286008832.00 11297324032.00 11308260352.00 11319346176.00 11330403328.00 11341652992.00 11352705024.00 11363866624.00 
11374631936.00 11386064896.00 11397149696.00 11408294912.00 11419151360.00 11430113280.00 11441624064.00 11452465152.00 11463786496.00 11475022848.00 11485917184.00 11497189376.00 11508188160.00 11519468544.00 11530498048.00 11541619712.00 11552749568.00 11563523072.00 11575070720.00 11586165760.00 
11595948032.00 11608390656.00 11619453952.00 11630570496.00 11641703424.00 11652780032.00 11663953920.00 11675059200.00 11686129664.00 11697320960.00 11707625472.00 11719564288.00 11730576384.00 11741830144.00 11752879104.00 11763975168.00 11774911488.00 11786290176.00 11797343232.00 11808699392.00 
11819320320.00 11830760448.00 11841840128.00 11852996608.00 11863980032.00 11875144704.00 11886267392.00 11897591808.00 11908550656.00 11919777792.00 11930657792.00 11941909504.00 11952797696.00 11964137472.00 11975216128.00 11985981440.00 11997404160.00 12009466880.00 12019757056.00 12030921728.00 
12041358336.00 12053024768.00 12064285696.00 12075279360.00 12086434816.00 12097522688.00 12108704768.00 12119924736.00 12130679808.00 12141987840.00 12152940544.00 12165284864.00 12175427584.00 12186517504.00 12197617664.00 12208703488.00 12219772928.00 12231036928.00 12242019328.00 12253225984.00 
12262707200.00 12275484672.00 12286490624.00 12297711616.00 12308606976.00 12319876096.00 12331071488.00 12342157312.00 12353240064.00 12364347392.00 12375293952.00 12385458176.00 12397798400.00 12408971264.00 12420042752.00 12431093760.00 12442227712.00 12453405696.00 12464484352.00 12475630592.00 
12485417984.00 12497863680.00 12509084672.00 12520153088.00 12531143680.00 12540281856.00 12553461760.00 12564614144.00 12575550464.00 12586744832.00 12597746688.00 12609068032.00 12620072960.00 12631220224.00 12642348032.00 12653399040.00 12664369152.00 12675758080.00 12686867456.00 12697963520.00 
12708734976.00 12720141312.00 12731091968.00 12744056832.00 12753679360.00 12764751872.00 12775867392.00 12786978816.00 12798044160.00 12809267200.00 12819500032.00 12831467520.00 12842323968.00 12853680128.00 12864868352.00 12875863040.00 12886992896.00 12898111488.00 12909529088.00 12920396800.00 
12930848768.00 12942621696.00 12953722880.00 12964895744.00 12975911936.00 12986989568.00 12998102016.00 13009551360.00 13020232704.00 13031563264.00 13042552832.00 13053839360.00 13064864768.00 13076085760.00 13087185920.00 13097882624.00 13109220352.00 13120585728.00 13131634688.00 13142784000.00 
13153553408.00 13164989440.00 13176195072.00 13187226624.00 13198112768.00 13209329664.00 13220548608.00 13231757312.00 13242780672.00 13253885952.00 13264898048.00 13276047360.00 13287142400.00 13298569216.00 13309408256.00 13320547328.00 13331649536.00 13342782464.00 13353794560.00 13364727808.00 
13369607168.00 13387809792.00 13398697984.00 13409700864.00 13420781568.00 13431864320.00 13443042304.00 13454184448.00 13465139200.00 13476353024.00 13487333376.00 13498521600.00 13509587968.00 13520838656.00 13531877376.00 13543001088.00 13553932288.00 13565255680.00 13576404992.00 13587544064.00 
13598333952.00 13609750528.00 13620725760.00 13632023552.00 13643023360.00 13653844992.00 13665396736.00 13676511232.00 13687499776.00 13698691072.00 13709625344.00 13721230336.00 13731873792.00 13743198208.00 13754202112.00 13765347328.00 13776513024.00 13787706368.00 13798533120.00 13809936384.00 
13820365824.00 13832142848.00 13843236864.00 13854375936.00 13865437184.00 13876523008.00 13887705088.00 13898797056.00 13909657600.00 13920942080.00 13928065024.00 13943523328.00 13954466816.00 13965503488.00 13976711168.00 13987787776.00 13998849024.00 14010024960.00 14021128192.00 14032254976.00 
14043089920.00 14054560768.00 14065637376.00 14076587008.00 14087649280.00 14098923520.00 14110095360.00 14121254912.00 14132291584.00 14143460352.00 14154428416.00 14165653504.00 14176607232.00 14188258304.00 14199111680.00 14209801216.00 14221289472.00 14232477696.00 14243546112.00 14254665728.00 
14264469504.00 14276912128.00 14287873024.00 14298938368.00 14310200320.00 14321245184.00 14332668928.00 14343653376.00 14354618368.00 14365879296.00 14376791040.00 14388055040.00 14399150080.00 14410311680.00 14421101568.00 14432532480.00 14443444224.00 14454776832.00 14465868800.00 14477044736.00 
14486497280.00 14499305472.00 14510333952.00 14521439232.00 14532463616.00 14543697920.00 14554815488.00 14565959680.00 14577084416.00 14588176384.00 14599161856.00 14610405376.00 14621301760.00 14632694784.00 14643729408.00 14654837760.00 14666004480.00 14677064704.00 14688206848.00 14699373568.00 
14709810176.00 14721592320.00 14732604416.00 14743803904.00 14754899968.00 14765623296.00 14777095168.00 14788201472.00 14799044608.00 14810355712.00 14821257216.00 14832345088.00 14843023360.00 14851414016.00 14868037632.00 14878000128.00 14888787968.00 14899870720.00 14910907392.00 14922060800.00 
14932791296.00 14944226304.00 14955287552.00 14966454272.00 14977264640.00 14988565504.00 14999687168.00 15010916352.00 15021910016.00 15033091072.00 15043368960.00 15055345664.00 15066299392.00 15077672960.00 15088618496.00 15099748352.00 15110868992.00 15121914880.00 15133057024.00 15144283136.00 
15154038784.00 15166492672.00 15177563136.00 15188695040.00 15199819776.00 15210845184.00 15222081536.00 15233149952.00 15244108800.00 15255455744.00 15266390016.00 15277642752.00 15288714240.00 15299878912.00 15310945280.00 15320047616.00 15333025792.00 15344310272.00 15355482112.00 15366597632.00 
15377392640.00 15388938240.00 15399922688.00 15411083264.00 15421971456.00 15433393152.00 15444452352.00 15455552512.00 15466632192.00 15477844992.00 15488758784.00 15499942912.00 15510895616.00 15522285568.00 15533503488.00 15544418304.00 15555546112.00 15566711808.00 15577778176.00 15588865024.00 
15596758016.00 15611304960.00 15622346752.00 15633608704.00 15644524544.00 15655614464.00 15666792448.00 15677903872.00 15688783872.00 15700098048.00 15711130624.00 15722344448.00 15733605376.00 15744635904.00 15755728896.00 15766807552.00 15777853440.00 15789093888.00 15800219648.00 15811372032.00 
15822139392.00 15833430016.00 15844657152.00 15855745024.00 15866658816.00 15877610496.00 15889084416.00 15900192768.00 15910991872.00 15923049472.00 15933657088.00 15944853504.00 15955828736.00 15967049728.00 15978237952.00 15989217280.00 16000392192.00 16011498496.00 16022576128.00 16033670144.00 
16043528192.00 16056011776.00 16067089408.00 16078162944.00 16089217024.00 16100419584.00 16111540224.00 16122652672.00 16133644288.00 16144959488.00 16155211776.00 16167348224.00 16178178048.00 16189445120.00 16200355840.00 16211753984.00 16222540800.00 16233891840.00 16244982784.00 16256071680.00 
16266921984.00 16278395904.00 16289478656.00 16300576768.00 16311573504.00 16322738176.00 16333859840.00 16345170944.00 16356134912.00 16367273984.00 16378272768.00 16389547008.00 16400393216.00 16411731968.00 16422946816.00 16433613824.00 16445052928.00 16456261632.00 16467261440.00 16478563328.00 
16488945664.00 16500670464.00 16511795200.00 16522993664.00 16534080512.00 16545113088.00 16556292096.00 16567371776.00 16578265088.00 16589618176.00 16600588288.00 16611880960.00 16622872576.00 16634109952.00 16645213184.00 16656210944.00 16667222016.00 16678365184.00 16689399808.00 16700206080.00 
16703643648.00 16723790848.00 16734528512.00 16745562112.00 16756375552.00 16767641600.00 16778778624.00 16789882880.00 16800963584.00 16812131328.00 16823076864.00 16834299904.00 16845329408.00 16856549376.00 16867651584.00 16878688256.00 16889873408.00 16900999168.00 16912124928.00 16923390976.00 
16933070848.00 16945501184.00 16956584960.00 16967739392.00 16978934784.00 16989578240.00 17001064448.00 17012196352.00 17023195136.00 17034389504.00 17045474304.00 17056714752.00 17067806720.00 17078946816.00 17090071552.00 17101115392.00 17112024064.00 17123350528.00 17134379008.00 17145761792.00 
17156475904.00 17168063488.00 17179018240.00 17190170624.00 17201121280.00 17212256256.00 17223446528.00 17234571264.00 17245632512.00 17256790016.00 17267120128.00 17278834688.00 17289904128.00 17301274624.00 17312331776.00 17323243520.00 17334900736.00 17345832960.00 17356914688.00 17368053760.00 
17378504704.00 17390532608.00 17401354240.00 17412503552.00 17423560704.00 17434580992.00 17445834752.00 17456867328.00 17467830272.00 17479221248.00 17490145280.00 17501341696.00 17512609792.00 17523660800.00 17534781440.00 17545517056.00 17556936704.00 17568172032.00 17579272192.00 17590964224.00 
17601218560.00 17612630016.00 17623709696.00 17634818048.00 17645752320.00 17657077760.00 17668145152.00 17679351808.00 17690380288.00 17701523456.00 17712541696.00 17723817984.00 17734813696.00 17746024448.00 17757132800.00 17768177664.00 17779279872.00 17790375936.00 17801449472.00 17812365312.00 
17817247744.00 17835472896.00 17846329344.00 17857431552.00 17868431360.00 17879511040.00 17890627584.00 17901770752.00 17912784896.00 17923991552.00 17934981120.00 17946163200.00 17957314560.00 17968572416.00 17979475968.00 17990600704.00 18001563648.00 18012702720.00 18024079360.00 18034649088.00 
18045982720.00 18057388032.00 18068502528.00 18079600640.00 18090596352.00 18099798016.00 18112985088.00 18124109824.00 18135232512.00 18146344960.00 18157348864.00 18168606720.00 18179448832.00 18190804992.00 18201927680.00 18212937728.00 18223917056.00 18235441152.00 18246449152.00 18257573888.00 
18268000256.00 18279505920.00 18290876416.00 18302087168.00 18313078784.00 18324178944.00 18335285248.00 18345869312.00 18357377024.00 18368704512.00 18379030528.00 18390900736.00 18401927168.00 18413217792.00 18424299520.00 18435297280.00 18446424064.00 18457610240.00 18468775936.00 18479886336.00 
18490685440.00 18501943296.00 18513283072.00 18524311552.00 18535170048.00 18546397184.00 18557292544.00 18569791488.00 18580150272.00 18591240192.00 18602156032.00 18613424128.00 18624385024.00 18635593728.00 18646706176.00 18657437696.00 18668931072.00 18680064000.00 18691192832.00 18702192640.00 
18712102912.00 18724546560.00 18735646720.00 18746789888.00 18757726208.00 18768973824.00 18780129280.00 18791215104.00 18802249728.00 18813534208.00 18824464384.00 18835703808.00 18846609408.00 18858035200.00 18869094400.00 18880174080.00 18891079680.00 18902755328.00 18913497088.00 18924691456.00 
18934142976.00 18946947072.00 18957993984.00 18969165824.00 18980192256.00 18991347712.00 19002562560.00 19013554176.00 19024670720.00 19035807744.00 19046803456.00 19058063360.00 19068884992.00 19080151040.00 19090655232.00 19102812160.00 19113775104.00 19124942848.00 19135987712.00 19147010048.00 
19157542912.00 19169409024.00 19180388352.00 19191517184.00 19202529280.00 19213365248.00 19224825856.00 19235938304.00 19246895104.00 19258265600.00 19269228544.00 19280539648.00 19291541504.00 19302604800.00 19313895424.00 19324917760.00 19335983104.00 19347218432.00 19358316544.00 19369299968.00 
19380244480.00 19391586304.00 19402930176.00 19413899264.00 19424768000.00 19436087296.00 19447154688.00 19458369536.00 19469387776.00 19480471552.00 19487576064.00 19502989312.00 19513942016.00 19525126144.00 19536228352.00 19547285504.00 19558385664.00 19569485824.00 19580698624.00 19591802880.00 
19601639424.00 19613999104.00 19625199616.00 19636275200.00 19647326208.00 19658569728.00 19669661696.00 19680854016.00 19691759616.00 19702962176.00 19713966080.00 19725297664.00 19736317952.00 19747467264.00 19758542848.00 19769288704.00 19780540416.00 19791769600.00 19803652096.00 19814227968.00 
19825031168.00 19836456960.00 19847575552.00 19858683904.00 19869687808.00 19880845312.00 19892045824.00 19903158272.00 19914217472.00 19925364736.00 19936397312.00 19947593728.00 19958497280.00 19969742848.00 19980972032.00 19992061952.00 20003203072.00 20014323712.00 20025432064.00 20036521984.00 
20044359680.00 20058961920.00 20069992448.00 20081049600.00 20092172288.00 20103266304.00 20114386944.00 20125501440.00 20136400896.00 20147752960.00 20158775296.00 20169984000.00 20181092352.00 20192229376.00 20203436032.00 20214388736.00 20225421312.00 20236699648.00 20247320576.00 20259020800.00 
20269776896.00 20281212928.00 20292311040.00 20303333376.00 20314320896.00 20325273600.00 20336533504.00 20347897856.00 20358979584.00 20370167808.00 20381114368.00 20392493056.00 20403322880.00 20414398464.00 20425834496.00 20436813824.00 20447911936.00 20459104256.00 20470222848.00 20481325056.00 
20491108352.00 20503549952.00 20514592768.00 20525748224.00 20536860672.00 20547923968.00 20558733312.00 20570374144.00 20581281792.00 20592470016.00 20602826752.00 20614731776.00 20625905664.00 20637014016.00 20648071168.00 20659134464.00 20670048256.00 20681062400.00 20692633600.00 20703715328.00 
20714524672.00 20725899264.00 20736870400.00 20748046336.00 20759175168.00 20770324480.00 20781438976.00 20792793088.00 20803725312.00 20814934016.00 20825841664.00 20837449728.00 20847970304.00 20859187200.00 20870375424.00 20879542272.00 20892700672.00 20903860224.00 20914915328.00 20926072832.00 
20936509440.00 20948285440.00 20959303680.00 20970588160.00 20981585920.00 20992724992.00 21003878400.00 21014974464.00 21025875968.00 21037539328.00 21048236032.00 21059497984.00 21070602240.00 21081688064.00 21092814848.00 21103970304.00 21114974208.00 21126244352.00 21137309696.00 21148508160.00 
21157883904.00 21170767872.00 21181749248.00 21192884224.00 21203759104.00 21215152128.00 21226237952.00 21237608448.00 21248419840.00 21259360256.00 21270597632.00 21281806336.00 21292834816.00 21303623680.00 21315223552.00 21326274560.00 21337378816.00 21348595712.00 21359646720.00 21370769408.00 
21380603904.00 21393012736.00 21404108800.00 21415071744.00 21426300928.00 21437097984.00 21448777728.00 21459660800.00 21470689280.00 21482008576.00 21492938752.00 21503836160.00 21515261952.00 21526398976.00 21537562624.00 21548593152.00 21559517184.00 21570816000.00 21582047232.00 21593102336.00 
21603942400.00 21615294464.00 21626390528.00 21637636096.00 21648580608.00 21659764736.00 21671059456.00 21682046976.00 21693097984.00 21704298496.00 21714575360.00 21726453760.00 21737359360.00 21748723712.00 21759774720.00 21770887168.00 21782016000.00 21793292288.00 21804275712.00 21815392256.00 
21825880064.00 21837633536.00 21848719360.00 21859932160.00 21870925824.00 21882023936.00 21893185536.00 21904328704.00 21915156480.00 21926598656.00 21937477632.00 21948579840.00 21959772160.00 21971013632.00 21981978624.00 21992753152.00 22004127744.00 22015219712.00 22026407936.00 22037524480.00 
22048331776.00 22059761664.00 22070818816.00 22081869824.00 22092718080.00 22103951360.00 22115086336.00 22126157824.00 22137178112.00 22148268032.00 22159130624.00 22170249216.00 22181132288.00 22192115712.00 22202974208.00 22213705728.00 22224281600.00 22234519552.00 22243766272.00 22249328640.00 
end   dump: w
==END   DUMP_ARRAYS==
Time in seconds = 0.129307
