Sender: LSF System <lsfadmin@polus-c3-ib.bmc.hpc.cs.msu.ru>
Subject: Job 493745: <./large.o> in cluster <MSUCluster> Done

Job <./large.o> was submitted from host <polus-ib.bmc.hpc.cs.msu.ru> by user <edu-cmc-skpod19-328-11> in cluster <MSUCluster> at Fri Nov 29 23:37:30 2019
Job was executed on host(s) <3*polus-c3-ib.bmc.hpc.cs.msu.ru>, in queue <short>, as user <edu-cmc-skpod19-328-11> in cluster <MSUCluster> at Fri Nov 29 23:38:28 2019
</home_edu/edu-cmc-skpod19-328/edu-cmc-skpod19-328-11> was used as the home directory.
</home_edu/edu-cmc-skpod19-328/edu-cmc-skpod19-328-11/dep_gemver> was used as the working directory.
Started at Fri Nov 29 23:38:28 2019
Terminated at Fri Nov 29 23:38:30 2019
Results reported at Fri Nov 29 23:38:30 2019

Your job looked like:

------------------------------------------------------------
# LSBATCH: User input
./large.o
------------------------------------------------------------

Successfully completed.

Resource usage summary:

    CPU time :                                   11.51 sec.
    Max Memory :                                 4 MB
    Average Memory :                             2.00 MB
    Total Requested Memory :                     -
    Delta Memory :                               -
    Max Swap :                                   -
    Max Processes :                              1
    Max Threads :                                1
    Run time :                                   4 sec.
    Turnaround time :                            60 sec.

The output (if any) follows:

==BEGIN DUMP_ARRAYS==
begin dump: w
0.00 0.00 0.00 0.00 0.00 0.00 0.00 0.00 0.00 0.00 0.00 0.00 0.00 0.00 0.00 0.00 0.00 0.00 0.00 0.00 
0.00 0.00 0.00 0.00 0.00 0.00 0.00 0.00 0.00 0.00 0.00 0.00 0.00 0.00 0.00 0.00 0.00 0.00 0.00 0.00 
0.00 0.00 0.00 0.00 0.00 0.00 0.00 0.00 0.00 0.00 0.00 0.00 0.00 0.00 0.00 0.00 0.00 0.00 0.00 0.00 
0.00 0.00 0.00 0.00 0.00 0.00 0.00 0.00 0.00 0.00 0.00 0.00 0.00 0.00 0.00 0.00 0.00 0.00 0.00 0.00 
0.00 0.00 0.00 0.00 0.00 0.00 0.00 0.00 0.00 0.00 0.00 0.00 0.00 0.00 0.00 0.00 0.00 0.00 0.00 0.00 
0.00 0.00 0.00 0.00 0.00 0.00 0.00 0.00 0.00 0.00 0.00 0.00 0.00 0.00 0.00 0.00 0.00 0.00 0.00 0.00 
0.00 0.00 0.00 0.00 0.00 0.00 0.00 0.00 0.00 0.00 0.00 0.00 0.00 0.00 0.00 0.00 0.00 0.00 0.00 0.00 
0.00 0.00 0.00 0.00 0.00 0.00 0.00 0.00 0.00 0.00 0.00 0.00 0.00 0.00 0.00 0.00 0.00 0.00 0.00 0.00 
0.00 0.00 0.00 0.00 0.00 0.00 0.00 0.00 0.00 0.00 0.00 0.00 0.00 0.00 0.00 0.00 0.00 0.00 0.00 0.00 
0.00 0.00 0.00 0.00 0.00 0.00 0.00 0.00 0.00 0.00 0.00 0.00 0.00 0.00 0.00 0.00 0.00 0.00 0.00 0.00 
0.00 0.00 0.00 0.00 0.00 0.00 0.00 0.00 0.00 0.00 0.00 0.00 0.00 0.00 0.00 0.00 0.00 0.00 0.00 0.00 
0.00 0.00 0.00 0.00 0.00 0.00 0.00 0.00 0.00 0.00 0.00 0.00 0.00 0.00 0.00 0.00 0.00 0.00 0.00 0.00 
0.00 0.00 0.00 0.00 0.00 0.00 0.00 0.00 0.00 0.00 0.00 0.00 0.00 0.00 0.00 0.00 0.00 0.00 0.00 0.00 
0.00 0.00 0.00 0.00 0.00 0.00 0.00 0.00 0.00 0.00 0.00 0.00 0.00 0.00 0.00 0.00 0.00 0.00 0.00 0.00 
0.00 0.00 0.00 0.00 0.00 0.00 0.00 0.00 0.00 0.00 0.00 0.00 0.00 0.00 0.00 0.00 0.00 0.00 0.00 0.00 
0.00 0.00 0.00 0.00 0.00 0.00 0.00 0.00 0.00 0.00 0.00 0.00 0.00 0.00 0.00 0.00 0.00 0.00 0.00 0.00 
0.00 0.00 0.00 0.00 0.00 0.00 0.00 0.00 0.00 0.00 0.00 0.00 0.00 0.00 0.00 0.00 0.00 0.00 0.00 0.00 
0.00 0.00 0.00 0.00 0.00 0.00 0.00 0.00 0.00 0.00 0.00 0.00 0.00 0.00 0.00 0.00 0.00 0.00 0.00 0.00 
0.00 0.00 0.00 0.00 0.00 0.00 0.00 0.00 0.00 0.00 0.00 0.00 0.00 0.00 0.00 0.00 0.00 0.00 0.00 0.00 
0.00 0.00 0.00 0.00 0.00 0.00 0.00 0.00 0.00 0.00 0.00 0.00 0.00 0.00 0.00 0.00 0.00 0.00 0.00 0.00 
0.00 0.00 0.00 0.00 0.00 0.00 0.00 0.00 0.00 0.00 0.00 0.00 0.00 0.00 0.00 0.00 0.00 0.00 0.00 0.00 
0.00 0.00 0.00 0.00 0.00 0.00 0.00 0.00 0.00 0.00 0.00 0.00 0.00 0.00 0.00 0.00 0.00 0.00 0.00 0.00 
0.00 0.00 0.00 0.00 0.00 0.00 0.00 0.00 0.00 0.00 0.00 0.00 0.00 0.00 0.00 0.00 0.00 0.00 0.00 0.00 
0.00 0.00 0.00 0.00 0.00 0.00 0.00 0.00 0.00 0.00 0.00 0.00 0.00 0.00 0.00 0.00 0.00 0.00 0.00 0.00 
0.00 0.00 0.00 0.00 0.00 0.00 0.00 0.00 0.00 0.00 0.00 0.00 0.00 0.00 0.00 0.00 0.00 0.00 0.00 0.00 
0.00 0.00 0.00 0.00 0.00 0.00 0.00 0.00 0.00 0.00 0.00 0.00 0.00 0.00 0.00 0.00 0.00 0.00 0.00 0.00 
0.00 0.00 0.00 0.00 0.00 0.00 0.00 0.00 0.00 0.00 0.00 0.00 0.00 0.00 0.00 0.00 0.00 0.00 0.00 0.00 
0.00 0.00 0.00 0.00 0.00 0.00 0.00 0.00 0.00 0.00 0.00 0.00 0.00 0.00 0.00 0.00 0.00 0.00 0.00 0.00 
0.00 0.00 0.00 0.00 0.00 0.00 0.00 0.00 0.00 0.00 0.00 0.00 0.00 0.00 0.00 0.00 0.00 0.00 0.00 0.00 
0.00 0.00 0.00 0.00 0.00 0.00 0.00 0.00 0.00 0.00 0.00 0.00 0.00 0.00 0.00 0.00 0.00 0.00 0.00 0.00 
0.00 0.00 0.00 0.00 0.00 0.00 0.00 0.00 0.00 0.00 0.00 0.00 0.00 0.00 0.00 0.00 0.00 0.00 0.00 0.00 
0.00 0.00 0.00 0.00 0.00 0.00 0.00 0.00 0.00 0.00 0.00 0.00 0.00 0.00 0.00 0.00 0.00 0.00 0.00 0.00 
0.00 0.00 0.00 0.00 0.00 0.00 0.00 0.00 0.00 0.00 0.00 0.00 0.00 0.00 0.00 0.00 0.00 0.00 0.00 0.00 
0.00 0.00 0.00 0.00 0.00 0.00 0.00 0.00 0.00 0.00 0.00 0.00 0.00 0.00 0.00 0.00 0.00 0.00 0.00 0.00 
0.00 0.00 0.00 0.00 0.00 0.00 0.00 0.00 0.00 0.00 0.00 0.00 0.00 0.00 0.00 0.00 0.00 0.00 0.00 0.00 
0.00 0.00 0.00 0.00 0.00 0.00 0.00 0.00 0.00 0.00 0.00 0.00 0.00 0.00 0.00 0.00 0.00 0.00 0.00 0.00 
0.00 0.00 0.00 0.00 0.00 0.00 0.00 0.00 0.00 0.00 0.00 0.00 0.00 0.00 0.00 0.00 0.00 0.00 0.00 0.00 
0.00 0.00 0.00 0.00 0.00 0.00 0.00 0.00 0.00 0.00 0.00 0.00 0.00 0.00 0.00 0.00 0.00 0.00 0.00 0.00 
0.00 0.00 0.00 0.00 0.00 0.00 0.00 0.00 0.00 0.00 0.00 0.00 0.00 0.00 0.00 0.00 0.00 0.00 0.00 0.00 
0.00 0.00 0.00 0.00 0.00 0.00 0.00 0.00 0.00 0.00 0.00 0.00 0.00 0.00 0.00 0.00 0.00 0.00 0.00 0.00 
0.00 0.00 0.00 0.00 0.00 0.00 0.00 0.00 0.00 0.00 0.00 0.00 0.00 0.00 0.00 0.00 0.00 0.00 0.00 0.00 
0.00 0.00 0.00 0.00 0.00 0.00 0.00 0.00 0.00 0.00 0.00 0.00 0.00 0.00 0.00 0.00 0.00 0.00 0.00 0.00 
0.00 0.00 0.00 0.00 0.00 0.00 0.00 0.00 0.00 0.00 0.00 0.00 0.00 0.00 0.00 0.00 0.00 0.00 0.00 0.00 
0.00 0.00 0.00 0.00 0.00 0.00 0.00 0.00 0.00 0.00 0.00 0.00 0.00 0.00 0.00 0.00 0.00 0.00 0.00 0.00 
0.00 0.00 0.00 0.00 0.00 0.00 0.00 0.00 0.00 0.00 0.00 0.00 0.00 0.00 0.00 0.00 0.00 0.00 0.00 0.00 
0.00 0.00 0.00 0.00 0.00 0.00 0.00 0.00 0.00 0.00 0.00 0.00 0.00 0.00 0.00 0.00 0.00 0.00 0.00 0.00 
0.00 0.00 0.00 0.00 0.00 0.00 0.00 0.00 0.00 0.00 0.00 0.00 0.00 0.00 0.00 0.00 0.00 0.00 0.00 0.00 
0.00 0.00 0.00 0.00 0.00 0.00 0.00 0.00 0.00 0.00 0.00 0.00 0.00 0.00 0.00 0.00 0.00 0.00 0.00 0.00 
0.00 0.00 0.00 0.00 0.00 0.00 0.00 0.00 0.00 0.00 0.00 0.00 0.00 0.00 0.00 0.00 0.00 0.00 0.00 0.00 
0.00 0.00 0.00 0.00 0.00 0.00 0.00 0.00 0.00 0.00 0.00 0.00 0.00 0.00 0.00 0.00 0.00 0.00 0.00 0.00 
0.00 0.00 0.00 0.00 0.00 0.00 0.00 0.00 0.00 0.00 0.00 0.00 0.00 0.00 0.00 0.00 0.00 0.00 0.00 0.00 
0.00 0.00 0.00 0.00 0.00 0.00 0.00 0.00 0.00 0.00 0.00 0.00 0.00 0.00 0.00 0.00 0.00 0.00 0.00 0.00 
0.00 0.00 0.00 0.00 0.00 0.00 0.00 0.00 0.00 0.00 0.00 0.00 0.00 0.00 0.00 0.00 0.00 0.00 0.00 0.00 
0.00 0.00 0.00 0.00 0.00 0.00 0.00 0.00 0.00 0.00 0.00 0.00 0.00 0.00 0.00 0.00 0.00 0.00 0.00 0.00 
0.00 0.00 0.00 0.00 0.00 0.00 0.00 0.00 0.00 0.00 0.00 0.00 0.00 0.00 0.00 0.00 0.00 0.00 0.00 0.00 
0.00 0.00 0.00 0.00 0.00 0.00 0.00 0.00 0.00 0.00 0.00 0.00 0.00 0.00 0.00 0.00 0.00 0.00 0.00 0.00 
0.00 0.00 0.00 0.00 0.00 0.00 0.00 0.00 0.00 0.00 0.00 0.00 0.00 0.00 0.00 0.00 0.00 0.00 0.00 0.00 
0.00 0.00 0.00 0.00 0.00 0.00 0.00 0.00 0.00 0.00 0.00 0.00 0.00 0.00 0.00 0.00 0.00 0.00 0.00 0.00 
0.00 0.00 0.00 0.00 0.00 0.00 0.00 0.00 0.00 0.00 0.00 0.00 0.00 0.00 0.00 0.00 0.00 0.00 0.00 0.00 
0.00 0.00 0.00 0.00 0.00 0.00 0.00 0.00 0.00 0.00 0.00 0.00 0.00 0.00 0.00 0.00 0.00 0.00 0.00 0.00 
0.00 0.00 0.00 0.00 0.00 0.00 0.00 0.00 0.00 0.00 0.00 0.00 0.00 0.00 0.00 0.00 0.00 0.00 0.00 0.00 
0.00 0.00 0.00 0.00 0.00 0.00 0.00 0.00 0.00 0.00 0.00 0.00 0.00 0.00 0.00 0.00 0.00 0.00 0.00 0.00 
0.00 0.00 0.00 0.00 0.00 0.00 0.00 0.00 0.00 0.00 0.00 0.00 0.00 0.00 0.00 0.00 0.00 0.00 0.00 0.00 
0.00 0.00 0.00 0.00 0.00 0.00 0.00 0.00 0.00 0.00 0.00 0.00 0.00 0.00 0.00 0.00 0.00 0.00 0.00 0.00 
0.00 0.00 0.00 0.00 0.00 0.00 0.00 0.00 0.00 0.00 0.00 0.00 0.00 0.00 0.00 0.00 0.00 0.00 0.00 0.00 
0.00 0.00 0.00 0.00 0.00 0.00 0.00 0.00 0.00 0.00 0.00 0.00 0.00 0.00 0.00 0.00 0.00 0.00 0.00 0.00 
0.00 0.00 0.00 0.00 0.00 0.00 0.00 0.00 0.00 0.00 0.00 0.00 0.00 0.00 0.00 0.00 0.00 0.00 0.00 0.00 
0.00 0.00 0.00 0.00 0.00 0.00 0.00 0.00 0.00 0.00 0.00 0.00 0.00 0.00 0.00 0.00 0.00 0.00 0.00 0.00 
0.00 0.00 0.00 0.00 0.00 0.00 0.00 0.00 0.00 0.00 0.00 0.00 0.00 0.00 0.00 0.00 0.00 0.00 0.00 0.00 
0.00 0.00 0.00 0.00 0.00 0.00 0.00 0.00 0.00 0.00 0.00 0.00 0.00 0.00 0.00 0.00 0.00 0.00 0.00 0.00 
0.00 0.00 0.00 0.00 0.00 0.00 0.00 0.00 0.00 0.00 0.00 0.00 0.00 0.00 0.00 0.00 0.00 0.00 0.00 0.00 
0.00 0.00 0.00 0.00 0.00 0.00 0.00 0.00 0.00 0.00 0.00 0.00 0.00 0.00 0.00 0.00 0.00 0.00 0.00 0.00 
0.00 0.00 0.00 0.00 0.00 0.00 0.00 0.00 0.00 0.00 0.00 0.00 0.00 0.00 0.00 0.00 0.00 0.00 0.00 0.00 
0.00 0.00 0.00 0.00 0.00 0.00 0.00 0.00 0.00 0.00 0.00 0.00 0.00 0.00 0.00 0.00 0.00 0.00 0.00 0.00 
0.00 0.00 0.00 0.00 0.00 0.00 0.00 0.00 0.00 0.00 0.00 0.00 0.00 0.00 0.00 0.00 0.00 0.00 0.00 0.00 
0.00 0.00 0.00 0.00 0.00 0.00 0.00 0.00 0.00 0.00 0.00 0.00 0.00 0.00 0.00 0.00 0.00 0.00 0.00 0.00 
0.00 0.00 0.00 0.00 0.00 0.00 0.00 0.00 0.00 0.00 0.00 0.00 0.00 0.00 0.00 0.00 0.00 0.00 0.00 0.00 
0.00 0.00 0.00 0.00 0.00 0.00 0.00 0.00 0.00 0.00 0.00 0.00 0.00 0.00 0.00 0.00 0.00 0.00 0.00 0.00 
0.00 0.00 0.00 0.00 0.00 0.00 0.00 0.00 0.00 0.00 0.00 0.00 0.00 0.00 0.00 0.00 0.00 0.00 0.00 0.00 
0.00 0.00 0.00 0.00 0.00 0.00 0.00 0.00 0.00 0.00 0.00 0.00 0.00 0.00 0.00 0.00 0.00 0.00 0.00 0.00 
0.00 0.00 0.00 0.00 0.00 0.00 0.00 0.00 0.00 0.00 0.00 0.00 0.00 0.00 0.00 0.00 0.00 0.00 0.00 0.00 
0.00 0.00 0.00 0.00 0.00 0.00 0.00 0.00 0.00 0.00 0.00 0.00 0.00 0.00 0.00 0.00 0.00 0.00 0.00 0.00 
0.00 0.00 0.00 0.00 0.00 0.00 0.00 0.00 0.00 0.00 0.00 0.00 0.00 0.00 0.00 0.00 0.00 0.00 0.00 0.00 
0.00 0.00 0.00 0.00 0.00 0.00 0.00 0.00 0.00 0.00 0.00 0.00 0.00 0.00 0.00 0.00 0.00 0.00 0.00 0.00 
0.00 0.00 0.00 0.00 0.00 0.00 0.00 0.00 0.00 0.00 0.00 0.00 0.00 0.00 0.00 0.00 0.00 0.00 0.00 0.00 
0.00 0.00 0.00 0.00 0.00 0.00 0.00 0.00 0.00 0.00 0.00 0.00 0.00 0.00 0.00 0.00 0.00 0.00 0.00 0.00 
0.00 0.00 0.00 0.00 0.00 0.00 0.00 0.00 0.00 0.00 0.00 0.00 0.00 0.00 0.00 0.00 0.00 0.00 0.00 0.00 
0.00 0.00 0.00 0.00 0.00 0.00 0.00 0.00 0.00 0.00 0.00 0.00 0.00 0.00 0.00 0.00 0.00 0.00 0.00 0.00 
0.00 0.00 0.00 0.00 0.00 0.00 0.00 0.00 0.00 0.00 0.00 0.00 0.00 0.00 0.00 0.00 0.00 0.00 0.00 0.00 
0.00 0.00 0.00 0.00 0.00 0.00 0.00 0.00 0.00 0.00 0.00 0.00 0.00 0.00 0.00 0.00 0.00 0.00 0.00 0.00 
0.00 0.00 0.00 0.00 0.00 0.00 0.00 0.00 0.00 0.00 0.00 0.00 0.00 0.00 0.00 0.00 0.00 0.00 0.00 0.00 
0.00 0.00 0.00 0.00 0.00 0.00 0.00 0.00 0.00 0.00 0.00 0.00 0.00 0.00 0.00 0.00 0.00 0.00 0.00 0.00 
0.00 0.00 0.00 0.00 0.00 0.00 0.00 0.00 0.00 0.00 0.00 0.00 0.00 0.00 0.00 0.00 0.00 0.00 0.00 0.00 
0.00 0.00 0.00 0.00 0.00 0.00 0.00 0.00 0.00 0.00 0.00 0.00 0.00 0.00 0.00 0.00 0.00 0.00 0.00 0.00 
0.00 0.00 0.00 0.00 0.00 0.00 0.00 0.00 0.00 0.00 0.00 0.00 0.00 0.00 0.00 0.00 0.00 0.00 0.00 0.00 
0.00 0.00 0.00 0.00 0.00 0.00 0.00 0.00 0.00 0.00 0.00 0.00 0.00 0.00 0.00 0.00 0.00 0.00 0.00 0.00 
0.00 0.00 0.00 0.00 0.00 0.00 0.00 0.00 0.00 0.00 0.00 0.00 0.00 0.00 0.00 0.00 0.00 0.00 0.00 0.00 
0.00 0.00 0.00 0.00 0.00 0.00 0.00 0.00 0.00 0.00 0.00 0.00 0.00 0.00 0.00 0.00 0.00 0.00 0.00 0.00 
0.00 0.00 0.00 0.00 0.00 0.00 0.00 0.00 0.00 0.00 0.00 0.00 0.00 0.00 0.00 0.00 0.00 0.00 0.00 0.00 
0.00 0.00 0.00 0.00 0.00 0.00 0.00 0.00 0.00 0.00 0.00 0.00 0.00 0.00 0.00 0.00 0.00 0.00 0.00 0.00 
end   dump: w
==END   DUMP_ARRAYS==
==BEGIN DUMP_ARRAYS==
begin dump: w
1885.81 56544188.00 62138576.00 71625200.00 81937472.00 92699144.00 103631664.00 114763848.00 125747760.00 137018704.00 148032624.00 159432944.00 170577040.00 181941856.00 193169856.00 204374112.00 215433008.00 226985568.00 238212032.00 249513168.00 
260482048.00 272121664.00 283435872.00 294828672.00 305877888.00 316896256.00 328654496.00 339830368.00 351150368.00 362644864.00 373644448.00 385020704.00 396168064.00 407699328.00 419041280.00 430245920.00 441583424.00 452867392.00 464235328.00 475580256.00 
486221088.00 498195328.00 509497184.00 520714752.00 532073088.00 543381056.00 554763776.00 566044224.00 577110784.00 588717312.00 599165888.00 611295616.00 622600000.00 633974720.00 645087296.00 656479040.00 667772992.00 679136064.00 690528256.00 701874880.00 
712787072.00 724433344.00 735679168.00 747166912.00 758122880.00 769635200.00 781006208.00 792353920.00 803584064.00 815310592.00 826104896.00 837515584.00 848770944.00 860261120.00 871314880.00 882434304.00 894110912.00 905676160.00 916783744.00 928107328.00 
938065536.00 950747264.00 962030464.00 973316800.00 984620672.00 995879744.00 1007237248.00 1019088896.00 1029822336.00 1041279424.00 1052409600.00 1064116672.00 1075162240.00 1086267136.00 1097795072.00 1108983936.00 1120224768.00 1131799040.00 1143068416.00 1154303104.00 
1164042752.00 1176953344.00 1188324608.00 1199642880.00 1210850944.00 1222127104.00 1233623424.00 1244953984.00 1256136064.00 1267530752.00 1278709760.00 1289903744.00 1301276928.00 1312887424.00 1324129664.00 1335396736.00 1346737152.00 1358035200.00 1369482880.00 1380711552.00 
1391370112.00 1403336448.00 1414671616.00 1425956864.00 1437211008.00 1446480128.00 1459974912.00 1471427456.00 1482317056.00 1493539328.00 1505052288.00 1516472960.00 1527760640.00 1539026304.00 1550510464.00 1561730944.00 1572982912.00 1584549504.00 1595884928.00 1607074048.00 
1618034432.00 1629649024.00 1640910848.00 1652693248.00 1663406208.00 1674897408.00 1686256512.00 1697535360.00 1708745728.00 1720242432.00 1730688384.00 1742881408.00 1754017408.00 1765364480.00 1777189888.00 1788076928.00 1799375744.00 1810787200.00 1822097152.00 1833398272.00 
1843341440.00 1855999360.00 1867260160.00 1878622592.00 1889921664.00 1901165568.00 1912444800.00 1924114816.00 1935144704.00 1946414464.00 1957694976.00 1969137664.00 1980419200.00 1991784192.00 2003325952.00 2014025600.00 2025483776.00 2037144576.00 2048353408.00 2059668864.00 
2070658688.00 2082270080.00 2094118144.00 2104963584.00 2116180224.00 2127538048.00 2138789760.00 2150230272.00 2161472000.00 2172871936.00 2183987968.00 2195498240.00 2206548224.00 2218149376.00 2229430784.00 2240644352.00 2251968256.00 2263363584.00 2274614784.00 2285890816.00 
2293955584.00 2308713728.00 2319956224.00 2331315200.00 2342530560.00 2353817088.00 2365225216.00 2376662528.00 2387619840.00 2399225856.00 2410312448.00 2421860864.00 2433085184.00 2444451072.00 2455729408.00 2467013888.00 2478256896.00 2489709824.00 2500987136.00 2512322048.00 
2523302400.00 2534942464.00 2545681152.00 2557810176.00 2568736512.00 2579889408.00 2591599616.00 2602899968.00 2614165760.00 2625469952.00 2636679680.00 2648189440.00 2659355904.00 2670690560.00 2682053632.00 2693238016.00 2704720640.00 2716058880.00 2727305728.00 2738735616.00 
2748657152.00 2761347584.00 2772605184.00 2784033792.00 2795255808.00 2806524928.00 2817868032.00 2829187840.00 2840354816.00 2851732224.00 2858963200.00 2874637056.00 2885829888.00 2897147904.00 2908521472.00 2919702784.00 2930820608.00 2942396928.00 2953527040.00 2965084672.00 
2976002816.00 2987801088.00 2998952960.00 3010268160.00 3021466368.00 3032817920.00 3044153088.00 3055668224.00 3066823680.00 3078134528.00 3089338624.00 3100801024.00 3111861504.00 3123529728.00 3134815488.00 3145662976.00 3157415680.00 3168718848.00 3180040704.00 3191256064.00 
3201974272.00 3214031104.00 3225217536.00 3236513280.00 3247769600.00 3258878208.00 3271325952.00 3282078464.00 3293027840.00 3304567808.00 3315720704.00 3327207168.00 3338441472.00 3349862400.00 3361022720.00 3372342016.00 3383582976.00 3395043840.00 3406382848.00 3417654016.00 
3427314944.00 3440304384.00 3451641600.00 3462620672.00 3474006272.00 3485478144.00 3496840960.00 3508140032.00 3519675904.00 3530887168.00 3542026240.00 3553446400.00 3564668416.00 3576139264.00 3587419136.00 3598660096.00 3610143488.00 3621361152.00 3632672512.00 3643994112.00 
3653983232.00 3666768896.00 3677920000.00 3689293824.00 3700515328.00 3711487744.00 3723195392.00 3734548224.00 3745718016.00 3757089280.00 3768270080.00 3779680512.00 3790856448.00 3801527552.00 3814198528.00 3825177600.00 3836241408.00 3847809024.00 3859004672.00 3870569728.00 
3881376512.00 3892996608.00 3904290048.00 3915676160.00 3926818048.00 3938254848.00 3949551872.00 3960865792.00 3972262912.00 3983587584.00 3994004224.00 4006168320.00 4017191680.00 4029437952.00 4040143104.00 4051360512.00 4062680832.00 4073975040.00 4085347328.00 4096953088.00 
4107320832.00 4119283968.00 4130585088.00 4141820928.00 4153447168.00 4164573440.00 4175886592.00 4187246336.00 4198272256.00 4209830144.00 4220979968.00 4232489472.00 4243693312.00 4255110656.00 4266408960.00 4275624192.00 4288977664.00 4300406784.00 4311665152.00 4323021824.00 
4333992960.00 4346163712.00 4356903936.00 4368501760.00 4379317760.00 4390860288.00 4402281984.00 4413419008.00 4424776704.00 4436227584.00 4447312384.00 4458793984.00 4469961728.00 4481409024.00 4492719104.00 4503927808.00 4515248128.00 4526549504.00 4537802752.00 4548899840.00 
4553890304.00 4572397568.00 4583473664.00 4594777600.00 4605961728.00 4617243136.00 4628573696.00 4639924736.00 4651108864.00 4662516736.00 4673694720.00 4685211648.00 4696461824.00 4707778560.00 4719146496.00 4730338816.00 4741476352.00 4753111040.00 4764374528.00 4775685632.00 
4786677248.00 4797745664.00 4809610240.00 4820932608.00 4832119296.00 4843180032.00 4854896128.00 4866220544.00 4877408768.00 4888944128.00 4900045824.00 4911477248.00 4922541056.00 4934217728.00 4945411072.00 4956760576.00 4968025600.00 4979387392.00 4990677504.00 5001736704.00 
5012661248.00 5024629760.00 5035932160.00 5047228416.00 5058260992.00 5070090240.00 5081299456.00 5092581376.00 5103639552.00 5115411968.00 5125683712.00 5137868800.00 5149102592.00 5160477184.00 5171748352.00 5183053312.00 5194273280.00 5205654016.00 5216982016.00 5228167168.00 
5239314944.00 5250879488.00 5262403072.00 5273659392.00 5284692480.00 5296148480.00 5307506176.00 5318862336.00 5330092544.00 5341490176.00 5352625664.00 5364215296.00 5375358464.00 5386792448.00 5398100992.00 5408992256.00 5420555264.00 5432053760.00 5443352064.00 5454673408.00 
5464649728.00 5477182464.00 5488602112.00 5499973120.00 5511199744.00 5522544128.00 5533882368.00 5545195008.00 5556402688.00 5567860224.00 5578968576.00 5590421504.00 5601683968.00 5613053440.00 5624320512.00 5635564032.00 5646666752.00 5658185728.00 5669364736.00 5680333824.00 
5683865088.00 5704331264.00 5715295744.00 5726551040.00 5737643520.00 5748958720.00 5760269824.00 5771608064.00 5782925824.00 5794242560.00 5805422080.00 5816865792.00 5827927552.00 5839526400.00 5850781696.00 5862046208.00 5873310208.00 5884690432.00 5896055296.00 5907412992.00 
5918025728.00 5929917952.00 5941378560.00 5952609280.00 5963923968.00 5974852608.00 5986492928.00 5997937152.00 6008972800.00 6020515840.00 6031697920.00 6043175424.00 6054418944.00 6065664512.00 6077156352.00 6088376320.00 6099625984.00 6111064576.00 6122327552.00 6133639680.00 
6144682496.00 6156356096.00 6167618560.00 6178944512.00 6189977088.00 6201337344.00 6213040640.00 6224183296.00 6235533824.00 6246670336.00 6257353728.00 6269446144.00 6280724480.00 6292143616.00 6303432192.00 6314642944.00 6326083584.00 6337438208.00 6348665344.00 6359963648.00 
6369990656.00 6382707712.00 6393968640.00 6405287936.00 6416491520.00 6427829760.00 6439118848.00 6450508288.00 6461713408.00 6473116160.00 6484219904.00 6495305728.00 6507473920.00 6518568448.00 6529845248.00 6540727808.00 6552186880.00 6563795456.00 6575050752.00 6586518528.00 
6597361152.00 6608973824.00 6620292096.00 6631619072.00 6642832384.00 6654184448.00 6665576448.00 6676879360.00 6688005120.00 6699584000.00 6710690816.00 6722208768.00 6733214208.00 6744794624.00 6756076544.00 6767354368.00 6778673664.00 6789889536.00 6801316864.00 6812597760.00 
6820615168.00 6835417088.00 6846663680.00 6857968128.00 6869239808.00 6880528896.00 6891737600.00 6903190528.00 6914269696.00 6925938688.00 6937019392.00 6948432384.00 6959745536.00 6971102208.00 6982371328.00 6993522176.00 7005043712.00 7016367104.00 7027698688.00 7038908416.00 
7050001920.00 7061640704.00 7072925696.00 7084314112.00 7095308800.00 7104798720.00 7118246912.00 7129545216.00 7140819968.00 7152169472.00 7163336192.00 7174764032.00 7186065408.00 7197485056.00 7208702976.00 7220034048.00 7231294464.00 7242718208.00 7254011904.00 7265305600.00 
7275312128.00 7287909376.00 7299310592.00 7310682112.00 7321828352.00 7333102080.00 7344531456.00 7355699712.00 7367043584.00 7378424320.00 7388952576.00 7401079808.00 7412347392.00 7423659520.00 7435040768.00 7446266880.00 7457398784.00 7468916736.00 7480229888.00 7491521024.00 
7502523392.00 7514098176.00 7525393408.00 7536654848.00 7547713536.00 7558798848.00 7569049088.00 7585989632.00 7594410496.00 7605383168.00 7616385024.00 7627773440.00 7638779392.00 7650317824.00 7661596672.00 7672504320.00 7684123648.00 7695504384.00 7706878464.00 7718094336.00 
7728760320.00 7740729856.00 7752052736.00 7763439616.00 7774602752.00 7785938432.00 7797315584.00 7808591872.00 7819669504.00 7831278592.00 7842421760.00 7853903360.00 7865089536.00 7876517376.00 7887818240.00 7899042304.00 7910374912.00 7921829376.00 7933087744.00 7944367616.00 
7954030080.00 7967013888.00 7978344960.00 7989682688.00 8000712192.00 8012190208.00 8023901184.00 8034939392.00 8046197760.00 8057592832.00 8068738048.00 8080168960.00 8091380224.00 8102785024.00 8113935872.00 8125444096.00 8136707584.00 8148282880.00 8159511552.00 8170710528.00 
8180690432.00 8193335808.00 8204620288.00 8215939584.00 8227224576.00 8238180864.00 8249855488.00 8260929024.00 8272554496.00 8283933184.00 8295055872.00 8306520576.00 8317790208.00 8329131008.00 8340443136.00 8351701504.00 8362815488.00 8374595584.00 8385710592.00 8396999168.00 
8408019456.00 8419707904.00 8430995968.00 8442332160.00 8453484544.00 8464828928.00 8476220416.00 8487652864.00 8498782720.00 8510021632.00 8517298176.00 8533004288.00 8543970816.00 8555545088.00 8566794752.00 8578054656.00 8589385728.00 8600760320.00 8612058112.00 8623383552.00 
8634029056.00 8645997568.00 8657553408.00 8668596224.00 8679890944.00 8691222528.00 8702671872.00 8713897984.00 8724931584.00 8736259072.00 8747772928.00 8759206912.00 8770479104.00 8781758464.00 8793055232.00 8804033536.00 8815623168.00 8827053056.00 8838514688.00 8849729536.00 
8860698624.00 8872333312.00 8883611648.00 8895011840.00 8906031104.00 8917514240.00 8928933888.00 8940207104.00 8951553024.00 8962926592.00 8974010368.00 8985498624.00 8996668416.00 9008061440.00 9019373568.00 9030641664.00 9041948672.00 9053343744.00 9064506368.00 9075607552.00 
9080585216.00 9099110400.00 9110169600.00 9121423360.00 9132666880.00 9143942144.00 9155369984.00 9166437376.00 9177811968.00 9189353472.00 9200407552.00 9211919360.00 9223114752.00 9234436096.00 9245804544.00 9257137152.00 9268184064.00 9279766528.00 9290950656.00 9302387712.00 
9313378304.00 9324995584.00 9336315904.00 9347580928.00 9358914560.00 9369880576.00 9381539840.00 9392878592.00 9404200960.00 9415517184.00 9426694144.00 9438187520.00 9449201664.00 9460598784.00 9472205824.00 9483409408.00 9494729728.00 9506034688.00 9517393920.00 9528731648.00 
9539365888.00 9551334400.00 9562364928.00 9574017024.00 9585230848.00 9596527616.00 9607819264.00 9619231744.00 9630286848.00 9641844736.00 9652355072.00 9664421888.00 9675757568.00 9687119872.00 9698405376.00 9709623296.00 9720797184.00 9730819072.00 9743941632.00 9755141120.00 
9766097920.00 9777717248.00 9788975104.00 9800316928.00 9811386368.00 9822936064.00 9834287104.00 9845640192.00 9856885760.00 9868195840.00 9879400448.00 9890922496.00 9902069760.00 9913443328.00 9924749312.00 9933975552.00 9947401216.00 9958700032.00 9969922048.00 9981392896.00 
9991355392.00 10004009984.00 10015308800.00 10026631168.00 10037903360.00 10049191936.00 10060540928.00 10071857152.00 10082974720.00 10095789056.00 10105808896.00 10117260288.00 10128482304.00 10139842560.00 10151108608.00 10162402304.00 10173502464.00 10185088000.00 10196466688.00 10207716352.00 
10217337856.00 10230361088.00 10241737728.00 10252934144.00 10264164352.00 10275539968.00 10286939136.00 10298256384.00 10309446656.00 10319869952.00 10332120064.00 10343582720.00 10354577408.00 10366035968.00 10377426944.00 10388706304.00 10400018432.00 10411480064.00 10422623232.00 10434117632.00 
10444672000.00 10456624128.00 10467939328.00 10478451712.00 10490632192.00 10501538816.00 10513269760.00 10524585984.00 10535624704.00 10547219456.00 10558350336.00 10569741312.00 10581061632.00 10592315392.00 10603803648.00 10615031808.00 10626282496.00 10637723648.00 10649028608.00 10660349952.00 
10671325184.00 10682795008.00 10694308864.00 10705585152.00 10716678144.00 10728175616.00 10739571712.00 10750848000.00 10762191872.00 10773515264.00 10784006144.00 10796150784.00 10807294976.00 10818809856.00 10830085120.00 10841342976.00 10852659200.00 10864084992.00 10875371520.00 10886672384.00 
10896657408.00 10909283328.00 10920551424.00 10932340736.00 10943197184.00 10954476544.00 10965899264.00 10977147904.00 10988411904.00 10999822336.00 11011010560.00 11022418944.00 11033716736.00 11045366784.00 11056355328.00 11067294720.00 11078764544.00 11090326528.00 11101640704.00 11112934400.00 
11123924992.00 11135555584.00 11146860544.00 11158137856.00 11169354752.00 11180710912.00 11192084480.00 11203265536.00 11214657536.00 11225888768.00 11237139456.00 11248652288.00 11259609088.00 11271038976.00 11282352128.00 11293520896.00 11304707072.00 11315884032.00 11326679040.00 11336607744.00 
11333709824.00 11364829184.00 11374720000.00 11385552896.00 11396617216.00 11407765504.00 11419052032.00 11430385664.00 11441321984.00 11452776448.00 11463972864.00 11475542016.00 11486663680.00 11498171392.00 11509292032.00 11520583680.00 11531837440.00 11543288832.00 11554535424.00 11565872128.00 
11576862720.00 11588492288.00 11599758336.00 11611103232.00 11622153216.00 11633312768.00 11645040640.00 11656064000.00 11667612672.00 11679002624.00 11690114048.00 11701604352.00 11712771072.00 11724269568.00 11735501824.00 11746810880.00 11758125056.00 11769081856.00 11780836352.00 11792143360.00 
11802088448.00 11814764544.00 11826023424.00 11837337600.00 11848664064.00 11859943424.00 11871296512.00 11882625024.00 11893894144.00 11905273856.00 11915772928.00 11927914496.00 11939137536.00 11950585856.00 11961828352.00 11973108736.00 11984234496.00 11995833344.00 12007086080.00 12018643968.00 
12029452288.00 12041056256.00 12052363264.00 12063703040.00 12074909696.00 12086258688.00 12097584128.00 12109115392.00 12120267776.00 12131678208.00 12142771200.00 12154213376.00 12165291008.00 12176837632.00 12188113920.00 12199062528.00 12210706432.00 12222986240.00 12233447424.00 12244793344.00 
12255415296.00 12267302912.00 12278773760.00 12289951744.00 12301309952.00 12312593408.00 12323962880.00 12335392768.00 12346330112.00 12357848064.00 12369005568.00 12381565952.00 12391872512.00 12403162112.00 12414464000.00 12425762816.00 12437020672.00 12448488448.00 12459661312.00 12471054336.00 
12480724992.00 12493713408.00 12504919040.00 12516334592.00 12527421440.00 12538893312.00 12550280192.00 12561575936.00 12572852224.00 12584165376.00 12595300352.00 12605640704.00 12618214400.00 12629569536.00 12640854016.00 12652099584.00 12663415808.00 12674807808.00 12686087168.00 12697408512.00 
12707397632.00 12720044032.00 12731464704.00 12742730752.00 12753941504.00 12763216896.00 12776649728.00 12787991552.00 12799120384.00 12810503168.00 12821710848.00 12833240064.00 12844446720.00 12855779328.00 12867090432.00 12878351360.00 12889522176.00 12901112832.00 12912407552.00 12923710464.00 
12934685696.00 12946284544.00 12957438976.00 12970608640.00 12980403200.00 12991667200.00 13002993664.00 13014308864.00 13025565696.00 13036993536.00 13047407616.00 13059570688.00 13070636032.00 13082187776.00 13093584896.00 13104769024.00 13116091392.00 13127409664.00 13139032064.00 13150080000.00 
13160727552.00 13172703232.00 13183996928.00 13195402240.00 13206593536.00 13217873920.00 13229175808.00 13240820736.00 13251713024.00 13263241216.00 13274432512.00 13285909504.00 13297138688.00 13308539904.00 13319851008.00 13330727936.00 13342271488.00 13353842688.00 13365085184.00 13376437248.00 
13387404288.00 13399044096.00 13410435072.00 13421658112.00 13432728576.00 13444155392.00 13455581184.00 13466993664.00 13478213632.00 13489505280.00 13500725248.00 13512062976.00 13523369984.00 13534988288.00 13546029056.00 13557350400.00 13568659456.00 13579999232.00 13591216128.00 13602319360.00 
13607292928.00 13625828352.00 13636884480.00 13648076800.00 13659375616.00 13670649856.00 13682014208.00 13693360128.00 13704513536.00 13715943424.00 13727111168.00 13738493952.00 13749761024.00 13761230848.00 13772456960.00 13783775232.00 13794892800.00 13806412800.00 13817774080.00 13829100544.00 
13840087040.00 13851699200.00 13862884352.00 13874374656.00 13885558784.00 13896566784.00 13908330496.00 13919672320.00 13930834944.00 13942219776.00 13953340416.00 13965160448.00 13975973888.00 13987525632.00 13998713856.00 14010063872.00 14021440512.00 14032823296.00 14043828224.00 14055433216.00 
14066070528.00 14078045184.00 14089338880.00 14100668416.00 14111941632.00 14123242496.00 14134592512.00 14145882112.00 14156943360.00 14168414208.00 14175677440.00 14191406080.00 14202532864.00 14213765120.00 14225170432.00 14236465152.00 14247715840.00 14259093504.00 14270394368.00 14281712640.00 
14292763648.00 14304439296.00 14315680768.00 14326834176.00 14338101248.00 14349593600.00 14360952832.00 14372295680.00 14383528960.00 14394902528.00 14406073344.00 14417506304.00 14428638208.00 14440500224.00 14451548160.00 14462428160.00 14474106880.00 14485485568.00 14496769024.00 14508091392.00 
14518045696.00 14530718720.00 14541883392.00 14553151488.00 14564611072.00 14575840256.00 14587457536.00 14598641664.00 14609812480.00 14621262848.00 14632385536.00 14643835904.00 14655136768.00 14666489856.00 14677485568.00 14689098752.00 14700207104.00 14711750656.00 14723044352.00 14734412800.00 
14744020992.00 14757054464.00 14768313344.00 14779593728.00 14790806528.00 14802258944.00 14813581312.00 14824904704.00 14836229120.00 14847524864.00 14858691584.00 14870148096.00 14881240064.00 14892834816.00 14904087552.00 14915351552.00 14926716928.00 14937985024.00 14949341184.00 14960693248.00 
14971329536.00 14983327744.00 14994516992.00 15005929472.00 15017210880.00 15028120576.00 15039799296.00 15051107328.00 15062136832.00 15073647616.00 15084746752.00 15096033280.00 15106905088.00 15115436032.00 15132354560.00 15142490112.00 15153472512.00 15164768256.00 15175994368.00 15187328000.00 
15198260224.00 15209907200.00 15221163008.00 15232506880.00 15243537408.00 15255015424.00 15266357248.00 15277761536.00 15288967168.00 15300350976.00 15310814208.00 15323003904.00 15334145024.00 15345723392.00 15356873728.00 15368188928.00 15379502080.00 15390750720.00 15402073088.00 15413507072.00 
15423436800.00 15436114944.00 15447383040.00 15458717696.00 15470029824.00 15481265152.00 15492696064.00 15503947776.00 15515119616.00 15526660096.00 15537782784.00 15549260800.00 15560511488.00 15571883008.00 15583143936.00 15592399872.00 15605586944.00 15617104896.00 15628470272.00 15639782400.00 
15650766848.00 15662516224.00 15673700352.00 15685055488.00 15696143360.00 15707769856.00 15719027712.00 15730323456.00 15741587456.00 15752986624.00 15764101120.00 15775485952.00 15786654720.00 15798243328.00 15809654784.00 15820773376.00 15832072192.00 15843463168.00 15854739456.00 15866007552.00 
15874025472.00 15888826368.00 15900072960.00 15911542784.00 15922655232.00 15933939712.00 15945309184.00 15956637696.00 15967707136.00 15979219968.00 15990422528.00 16001836032.00 16013319168.00 16024553472.00 16035833856.00 16047099904.00 16058351616.00 16069814272.00 16081112064.00 16092453888.00 
16103425024.00 16114923520.00 16126347264.00 16137631744.00 16148728832.00 16159875072.00 16171558912.00 16182868992.00 16193854464.00 16206121984.00 16216898560.00 16228311040.00 16239472640.00 16250913792.00 16262279168.00 16273457152.00 16284833792.00 16296141824.00 16307429376.00 16318711808.00 
16328750080.00 16341466112.00 16352723968.00 16363991040.00 16375242752.00 16386652160.00 16397955072.00 16409276416.00 16420475904.00 16431983616.00 16442414080.00 16454759424.00 16465796096.00 16477255680.00 16488346624.00 16499943424.00 16510940160.00 16522486784.00 16533777408.00 16545077248.00 
16556099584.00 16567791616.00 16579057664.00 16590362624.00 16601555968.00 16612904960.00 16624235520.00 16635759616.00 16646897664.00 16658271232.00 16669424640.00 16680912896.00 16691945472.00 16703480832.00 16714896384.00 16725763072.00 16737411072.00 16748816384.00 16760015872.00 16771495936.00 
16782055424.00 16794021888.00 16805330944.00 16816746496.00 16828009472.00 16839245824.00 16850613248.00 16861906944.00 16873005056.00 16884562944.00 16895703040.00 16907192320.00 16918412288.00 16929830912.00 16941125632.00 16952317952.00 16963540992.00 16974863360.00 16986097664.00 16997092352.00 
17000598528.00 17021089792.00 17032022016.00 17043239936.00 17054254080.00 17065730048.00 17077074944.00 17088364544.00 17099649024.00 17111016448.00 17122146304.00 17133562880.00 17144790016.00 17156228096.00 17167508480.00 17178728448.00 17190141952.00 17201463296.00 17212792832.00 17224249344.00 
17234098176.00 17246752768.00 17258047488.00 17269372928.00 17280770048.00 17291624448.00 17303275520.00 17314643968.00 17325832192.00 17337198592.00 17348501504.00 17359951872.00 17371228160.00 17382572032.00 17393885184.00 17405145088.00 17416218624.00 17427769344.00 17438986240.00 17450545152.00 
17461458944.00 17473263616.00 17484423168.00 17495775232.00 17506910208.00 17518243840.00 17529647104.00 17540945920.00 17552220160.00 17563561984.00 17574074368.00 17586012160.00 17597282304.00 17608855552.00 17620107264.00 17631211520.00 17643073536.00 17654190080.00 17665462272.00 17676779520.00 
17687439360.00 17699682304.00 17710733312.00 17722040320.00 17733314560.00 17744545792.00 17755981824.00 17767196672.00 17778358272.00 17789937664.00 17801080832.00 17812486144.00 17823913984.00 17835196416.00 17846501376.00 17857427456.00 17869062144.00 17880492032.00 17891770368.00 17903683584.00 
17914122240.00 17925740544.00 17937029120.00 17948301312.00 17959436288.00 17970954240.00 17982253056.00 17993641984.00 18004865024.00 18016212992.00 18027438080.00 18038913024.00 18050074624.00 18061492224.00 18072813568.00 18084063232.00 18095362048.00 18106640384.00 18117922816.00 18129022976.00 
18133995520.00 18152531968.00 18163593216.00 18174883840.00 18186076160.00 18197374976.00 18208667648.00 18220027904.00 18231228416.00 18242646016.00 18253813760.00 18265196544.00 18276554752.00 18288005120.00 18299115520.00 18310420480.00 18321590272.00 18332930048.00 18344495104.00 18355261440.00 
18366795776.00 18378412032.00 18389716992.00 18401040384.00 18412224512.00 18421573632.00 18434977792.00 18446317568.00 18457630720.00 18468939776.00 18480152576.00 18491596800.00 18502635520.00 18514159616.00 18525519872.00 18536706048.00 18547875840.00 18559612928.00 18570797056.00 18582147072.00 
18592757760.00 18604474368.00 18616043520.00 18627450880.00 18638663680.00 18649933824.00 18661253120.00 18671982592.00 18683713536.00 18695247872.00 18705762304.00 18717835264.00 18729078784.00 18740557824.00 18751836160.00 18763032576.00 18774380544.00 18785744896.00 18797082624.00 18808418304.00 
18819395584.00 18830870528.00 18842394624.00 18853621760.00 18864664576.00 18876123136.00 18887196672.00 18899886080.00 18910470144.00 18921756672.00 18932848640.00 18944344064.00 18955476992.00 18966872064.00 18978189312.00 18989144064.00 19000809472.00 19012141056.00 19023482880.00 19034664960.00 
19044767744.00 19057432576.00 19068719104.00 19080075264.00 19091177472.00 19102629888.00 19113990144.00 19125291008.00 19136516096.00 19147988992.00 19159095296.00 19170547712.00 19181660160.00 19193280512.00 19204564992.00 19215820800.00 19226914816.00 19238809600.00 19249747968.00 19261126656.00 
19270750208.00 19283773440.00 19295010816.00 19306375168.00 19317610496.00 19328954368.00 19340365824.00 19351566336.00 19362895872.00 19374217216.00 19385395200.00 19396864000.00 19407898624.00 19419359232.00 19430070272.00 19442419712.00 19453560832.00 19464923136.00 19476168704.00 19487387648.00 
19498115072.00 19510185984.00 19521361920.00 19532707840.00 19543910400.00 19554936832.00 19566575616.00 19577911296.00 19589058560.00 19600613376.00 19611779072.00 19623297024.00 19634501632.00 19645769728.00 19657236480.00 19668480000.00 19679727616.00 19691157504.00 19702437888.00 19713626112.00 
19724775424.00 19736358912.00 19747870720.00 19759011840.00 19770095616.00 19781588992.00 19792881664.00 19804278784.00 19815485440.00 19826796544.00 19834011648.00 19849697280.00 19860826112.00 19872245760.00 19883522048.00 19894773760.00 19906068480.00 19917393920.00 19928788992.00 19940083712.00 
19950098432.00 19962693632.00 19974090752.00 19985362944.00 19996600320.00 20008067072.00 20019347456.00 20030732288.00 20041824256.00 20053233664.00 20064436224.00 20075970560.00 20087152640.00 20098533376.00 20109797376.00 20120717312.00 20132175872.00 20143624192.00 20155736064.00 20166483968.00 
20177467392.00 20189104128.00 20200402944.00 20211703808.00 20222939136.00 20234272768.00 20245665792.00 20256980992.00 20268234752.00 20279552000.00 20290813952.00 20302196736.00 20313296896.00 20324763648.00 20336162816.00 20347478016.00 20358787072.00 20370112512.00 20381433856.00 20392720384.00 
20400680960.00 20415526912.00 20426774528.00 20438069248.00 20449359872.00 20460644352.00 20471963648.00 20483282944.00 20494372864.00 20505937920.00 20517132288.00 20528553984.00 20539852800.00 20551208960.00 20562601984.00 20573753344.00 20584998912.00 20596471808.00 20607279104.00 20619151360.00 
20630120448.00 20641755136.00 20653045760.00 20664287232.00 20675422208.00 20686577664.00 20698048512.00 20709656576.00 20720910336.00 20732278784.00 20743434240.00 20755005440.00 20766060544.00 20777322496.00 20788946944.00 20800141312.00 20811405312.00 20822804480.00 20834138112.00 20845443072.00 
20855398400.00 20868028416.00 20879294464.00 20890650624.00 20901935104.00 20913225728.00 20924203008.00 20936060928.00 20947193856.00 20958531584.00 20969074688.00 20981188608.00 20992565248.00 21003884544.00 21015123968.00 21026392064.00 21037527040.00 21048743936.00 21060478976.00 21071773696.00 
21082748928.00 21094359040.00 21105514496.00 21116882944.00 21128198144.00 21139554304.00 21150877696.00 21162407936.00 21173567488.00 21184970752.00 21196077056.00 21207889920.00 21218609152.00 21230000128.00 21241423872.00 21250711552.00 21264125952.00 21275471872.00 21286715392.00 21298085888.00 
21308704768.00 21320732672.00 21331902464.00 21343377408.00 21354592256.00 21365876736.00 21377269760.00 21388548096.00 21399625728.00 21411530752.00 21422401536.00 21433901056.00 21445199872.00 21456470016.00 21467764736.00 21479159808.00 21490333696.00 21501790208.00 21513080832.00 21524480000.00 
21534013440.00 21547114496.00 21558343680.00 21569615872.00 21580689408.00 21592307712.00 21603602432.00 21615151104.00 21626148864.00 21637308416.00 21648711680.00 21660151808.00 21671368704.00 21682333696.00 21694142464.00 21705420800.00 21716701184.00 21728112640.00 21739358208.00 21750675456.00 
21760673792.00 21773326336.00 21784614912.00 21795739648.00 21807206400.00 21818165248.00 21830086656.00 21841170432.00 21852418048.00 21863907328.00 21875025920.00 21886103552.00 21897746432.00 21909086208.00 21920372736.00 21931642880.00 21942790144.00 21954267136.00 21965709312.00 21976985600.00 
21987979264.00 21999538176.00 22010861568.00 22022293504.00 22033414144.00 22044807168.00 22056310784.00 22067443712.00 22078732288.00 22090143744.00 22100604928.00 22112718848.00 22123821056.00 22135386112.00 22146627584.00 22157901824.00 22169255936.00 22180706304.00 22191890432.00 22203224064.00 
22213877760.00 22225842176.00 22237159424.00 22248566784.00 22259750912.00 22271059968.00 22282373120.00 22293737472.00 22304741376.00 22316419072.00 22327478272.00 22338783232.00 22350157824.00 22361608192.00 22372755456.00 22383716352.00 22395303936.00 22406596608.00 22417963008.00 22429317120.00 
22440292352.00 22451904512.00 22463186944.00 22474455040.00 22485501952.00 22496933888.00 22508204032.00 22519474176.00 22530754560.00 22541975552.00 22553083904.00 22564405248.00 22575443968.00 22586664960.00 22597767168.00 22608570368.00 22619381760.00 22629818368.00 22639261696.00 22644867072.00 
end   dump: w
==END   DUMP_ARRAYS==
Time in seconds = 0.137542
