Sender: LSF System <lsfadmin@polus-c3-ib.bmc.hpc.cs.msu.ru>
Subject: Job 494048: <./large.o> in cluster <MSUCluster> Done

Job <./large.o> was submitted from host <polus-ib.bmc.hpc.cs.msu.ru> by user <edu-cmc-skpod19-328-11> in cluster <MSUCluster> at Fri Nov 29 23:40:32 2019
Job was executed on host(s) <5*polus-c3-ib.bmc.hpc.cs.msu.ru>, in queue <short>, as user <edu-cmc-skpod19-328-11> in cluster <MSUCluster> at Fri Nov 29 23:43:07 2019
                            <13*polus-c2-ib.bmc.hpc.cs.msu.ru>
</home_edu/edu-cmc-skpod19-328/edu-cmc-skpod19-328-11> was used as the home directory.
</home_edu/edu-cmc-skpod19-328/edu-cmc-skpod19-328-11/dep_gemver> was used as the working directory.
Started at Fri Nov 29 23:43:07 2019
Terminated at Fri Nov 29 23:43:09 2019
Results reported at Fri Nov 29 23:43:09 2019

Your job looked like:

------------------------------------------------------------
# LSBATCH: User input
./large.o
------------------------------------------------------------

Successfully completed.

Resource usage summary:

    CPU time :                                   6.55 sec.
    Max Memory :                                 1 MB
    Average Memory :                             1.00 MB
    Total Requested Memory :                     -
    Delta Memory :                               -
    Max Swap :                                   -
    Max Processes :                              1
    Max Threads :                                1
    Run time :                                   2 sec.
    Turnaround time :                            157 sec.

The output (if any) follows:

==BEGIN DUMP_ARRAYS==
begin dump: w
0.00 0.00 0.00 0.00 0.00 0.00 0.00 0.00 0.00 0.00 0.00 0.00 0.00 0.00 0.00 0.00 0.00 0.00 0.00 0.00 
0.00 0.00 0.00 0.00 0.00 0.00 0.00 0.00 0.00 0.00 0.00 0.00 0.00 0.00 0.00 0.00 0.00 0.00 0.00 0.00 
0.00 0.00 0.00 0.00 0.00 0.00 0.00 0.00 0.00 0.00 0.00 0.00 0.00 0.00 0.00 0.00 0.00 0.00 0.00 0.00 
0.00 0.00 0.00 0.00 0.00 0.00 0.00 0.00 0.00 0.00 0.00 0.00 0.00 0.00 0.00 0.00 0.00 0.00 0.00 0.00 
0.00 0.00 0.00 0.00 0.00 0.00 0.00 0.00 0.00 0.00 0.00 0.00 0.00 0.00 0.00 0.00 0.00 0.00 0.00 0.00 
0.00 0.00 0.00 0.00 0.00 0.00 0.00 0.00 0.00 0.00 0.00 0.00 0.00 0.00 0.00 0.00 0.00 0.00 0.00 0.00 
0.00 0.00 0.00 0.00 0.00 0.00 0.00 0.00 0.00 0.00 0.00 0.00 0.00 0.00 0.00 0.00 0.00 0.00 0.00 0.00 
0.00 0.00 0.00 0.00 0.00 0.00 0.00 0.00 0.00 0.00 0.00 0.00 0.00 0.00 0.00 0.00 0.00 0.00 0.00 0.00 
0.00 0.00 0.00 0.00 0.00 0.00 0.00 0.00 0.00 0.00 0.00 0.00 0.00 0.00 0.00 0.00 0.00 0.00 0.00 0.00 
0.00 0.00 0.00 0.00 0.00 0.00 0.00 0.00 0.00 0.00 0.00 0.00 0.00 0.00 0.00 0.00 0.00 0.00 0.00 0.00 
0.00 0.00 0.00 0.00 0.00 0.00 0.00 0.00 0.00 0.00 0.00 0.00 0.00 0.00 0.00 0.00 0.00 0.00 0.00 0.00 
0.00 0.00 0.00 0.00 0.00 0.00 0.00 0.00 0.00 0.00 0.00 0.00 0.00 0.00 0.00 0.00 0.00 0.00 0.00 0.00 
0.00 0.00 0.00 0.00 0.00 0.00 0.00 0.00 0.00 0.00 0.00 0.00 0.00 0.00 0.00 0.00 0.00 0.00 0.00 0.00 
0.00 0.00 0.00 0.00 0.00 0.00 0.00 0.00 0.00 0.00 0.00 0.00 0.00 0.00 0.00 0.00 0.00 0.00 0.00 0.00 
0.00 0.00 0.00 0.00 0.00 0.00 0.00 0.00 0.00 0.00 0.00 0.00 0.00 0.00 0.00 0.00 0.00 0.00 0.00 0.00 
0.00 0.00 0.00 0.00 0.00 0.00 0.00 0.00 0.00 0.00 0.00 0.00 0.00 0.00 0.00 0.00 0.00 0.00 0.00 0.00 
0.00 0.00 0.00 0.00 0.00 0.00 0.00 0.00 0.00 0.00 0.00 0.00 0.00 0.00 0.00 0.00 0.00 0.00 0.00 0.00 
0.00 0.00 0.00 0.00 0.00 0.00 0.00 0.00 0.00 0.00 0.00 0.00 0.00 0.00 0.00 0.00 0.00 0.00 0.00 0.00 
0.00 0.00 0.00 0.00 0.00 0.00 0.00 0.00 0.00 0.00 0.00 0.00 0.00 0.00 0.00 0.00 0.00 0.00 0.00 0.00 
0.00 0.00 0.00 0.00 0.00 0.00 0.00 0.00 0.00 0.00 0.00 0.00 0.00 0.00 0.00 0.00 0.00 0.00 0.00 0.00 
0.00 0.00 0.00 0.00 0.00 0.00 0.00 0.00 0.00 0.00 0.00 0.00 0.00 0.00 0.00 0.00 0.00 0.00 0.00 0.00 
0.00 0.00 0.00 0.00 0.00 0.00 0.00 0.00 0.00 0.00 0.00 0.00 0.00 0.00 0.00 0.00 0.00 0.00 0.00 0.00 
0.00 0.00 0.00 0.00 0.00 0.00 0.00 0.00 0.00 0.00 0.00 0.00 0.00 0.00 0.00 0.00 0.00 0.00 0.00 0.00 
0.00 0.00 0.00 0.00 0.00 0.00 0.00 0.00 0.00 0.00 0.00 0.00 0.00 0.00 0.00 0.00 0.00 0.00 0.00 0.00 
0.00 0.00 0.00 0.00 0.00 0.00 0.00 0.00 0.00 0.00 0.00 0.00 0.00 0.00 0.00 0.00 0.00 0.00 0.00 0.00 
0.00 0.00 0.00 0.00 0.00 0.00 0.00 0.00 0.00 0.00 0.00 0.00 0.00 0.00 0.00 0.00 0.00 0.00 0.00 0.00 
0.00 0.00 0.00 0.00 0.00 0.00 0.00 0.00 0.00 0.00 0.00 0.00 0.00 0.00 0.00 0.00 0.00 0.00 0.00 0.00 
0.00 0.00 0.00 0.00 0.00 0.00 0.00 0.00 0.00 0.00 0.00 0.00 0.00 0.00 0.00 0.00 0.00 0.00 0.00 0.00 
0.00 0.00 0.00 0.00 0.00 0.00 0.00 0.00 0.00 0.00 0.00 0.00 0.00 0.00 0.00 0.00 0.00 0.00 0.00 0.00 
0.00 0.00 0.00 0.00 0.00 0.00 0.00 0.00 0.00 0.00 0.00 0.00 0.00 0.00 0.00 0.00 0.00 0.00 0.00 0.00 
0.00 0.00 0.00 0.00 0.00 0.00 0.00 0.00 0.00 0.00 0.00 0.00 0.00 0.00 0.00 0.00 0.00 0.00 0.00 0.00 
0.00 0.00 0.00 0.00 0.00 0.00 0.00 0.00 0.00 0.00 0.00 0.00 0.00 0.00 0.00 0.00 0.00 0.00 0.00 0.00 
0.00 0.00 0.00 0.00 0.00 0.00 0.00 0.00 0.00 0.00 0.00 0.00 0.00 0.00 0.00 0.00 0.00 0.00 0.00 0.00 
0.00 0.00 0.00 0.00 0.00 0.00 0.00 0.00 0.00 0.00 0.00 0.00 0.00 0.00 0.00 0.00 0.00 0.00 0.00 0.00 
0.00 0.00 0.00 0.00 0.00 0.00 0.00 0.00 0.00 0.00 0.00 0.00 0.00 0.00 0.00 0.00 0.00 0.00 0.00 0.00 
0.00 0.00 0.00 0.00 0.00 0.00 0.00 0.00 0.00 0.00 0.00 0.00 0.00 0.00 0.00 0.00 0.00 0.00 0.00 0.00 
0.00 0.00 0.00 0.00 0.00 0.00 0.00 0.00 0.00 0.00 0.00 0.00 0.00 0.00 0.00 0.00 0.00 0.00 0.00 0.00 
0.00 0.00 0.00 0.00 0.00 0.00 0.00 0.00 0.00 0.00 0.00 0.00 0.00 0.00 0.00 0.00 0.00 0.00 0.00 0.00 
0.00 0.00 0.00 0.00 0.00 0.00 0.00 0.00 0.00 0.00 0.00 0.00 0.00 0.00 0.00 0.00 0.00 0.00 0.00 0.00 
0.00 0.00 0.00 0.00 0.00 0.00 0.00 0.00 0.00 0.00 0.00 0.00 0.00 0.00 0.00 0.00 0.00 0.00 0.00 0.00 
0.00 0.00 0.00 0.00 0.00 0.00 0.00 0.00 0.00 0.00 0.00 0.00 0.00 0.00 0.00 0.00 0.00 0.00 0.00 0.00 
0.00 0.00 0.00 0.00 0.00 0.00 0.00 0.00 0.00 0.00 0.00 0.00 0.00 0.00 0.00 0.00 0.00 0.00 0.00 0.00 
0.00 0.00 0.00 0.00 0.00 0.00 0.00 0.00 0.00 0.00 0.00 0.00 0.00 0.00 0.00 0.00 0.00 0.00 0.00 0.00 
0.00 0.00 0.00 0.00 0.00 0.00 0.00 0.00 0.00 0.00 0.00 0.00 0.00 0.00 0.00 0.00 0.00 0.00 0.00 0.00 
0.00 0.00 0.00 0.00 0.00 0.00 0.00 0.00 0.00 0.00 0.00 0.00 0.00 0.00 0.00 0.00 0.00 0.00 0.00 0.00 
0.00 0.00 0.00 0.00 0.00 0.00 0.00 0.00 0.00 0.00 0.00 0.00 0.00 0.00 0.00 0.00 0.00 0.00 0.00 0.00 
0.00 0.00 0.00 0.00 0.00 0.00 0.00 0.00 0.00 0.00 0.00 0.00 0.00 0.00 0.00 0.00 0.00 0.00 0.00 0.00 
0.00 0.00 0.00 0.00 0.00 0.00 0.00 0.00 0.00 0.00 0.00 0.00 0.00 0.00 0.00 0.00 0.00 0.00 0.00 0.00 
0.00 0.00 0.00 0.00 0.00 0.00 0.00 0.00 0.00 0.00 0.00 0.00 0.00 0.00 0.00 0.00 0.00 0.00 0.00 0.00 
0.00 0.00 0.00 0.00 0.00 0.00 0.00 0.00 0.00 0.00 0.00 0.00 0.00 0.00 0.00 0.00 0.00 0.00 0.00 0.00 
0.00 0.00 0.00 0.00 0.00 0.00 0.00 0.00 0.00 0.00 0.00 0.00 0.00 0.00 0.00 0.00 0.00 0.00 0.00 0.00 
0.00 0.00 0.00 0.00 0.00 0.00 0.00 0.00 0.00 0.00 0.00 0.00 0.00 0.00 0.00 0.00 0.00 0.00 0.00 0.00 
0.00 0.00 0.00 0.00 0.00 0.00 0.00 0.00 0.00 0.00 0.00 0.00 0.00 0.00 0.00 0.00 0.00 0.00 0.00 0.00 
0.00 0.00 0.00 0.00 0.00 0.00 0.00 0.00 0.00 0.00 0.00 0.00 0.00 0.00 0.00 0.00 0.00 0.00 0.00 0.00 
0.00 0.00 0.00 0.00 0.00 0.00 0.00 0.00 0.00 0.00 0.00 0.00 0.00 0.00 0.00 0.00 0.00 0.00 0.00 0.00 
0.00 0.00 0.00 0.00 0.00 0.00 0.00 0.00 0.00 0.00 0.00 0.00 0.00 0.00 0.00 0.00 0.00 0.00 0.00 0.00 
0.00 0.00 0.00 0.00 0.00 0.00 0.00 0.00 0.00 0.00 0.00 0.00 0.00 0.00 0.00 0.00 0.00 0.00 0.00 0.00 
0.00 0.00 0.00 0.00 0.00 0.00 0.00 0.00 0.00 0.00 0.00 0.00 0.00 0.00 0.00 0.00 0.00 0.00 0.00 0.00 
0.00 0.00 0.00 0.00 0.00 0.00 0.00 0.00 0.00 0.00 0.00 0.00 0.00 0.00 0.00 0.00 0.00 0.00 0.00 0.00 
0.00 0.00 0.00 0.00 0.00 0.00 0.00 0.00 0.00 0.00 0.00 0.00 0.00 0.00 0.00 0.00 0.00 0.00 0.00 0.00 
0.00 0.00 0.00 0.00 0.00 0.00 0.00 0.00 0.00 0.00 0.00 0.00 0.00 0.00 0.00 0.00 0.00 0.00 0.00 0.00 
0.00 0.00 0.00 0.00 0.00 0.00 0.00 0.00 0.00 0.00 0.00 0.00 0.00 0.00 0.00 0.00 0.00 0.00 0.00 0.00 
0.00 0.00 0.00 0.00 0.00 0.00 0.00 0.00 0.00 0.00 0.00 0.00 0.00 0.00 0.00 0.00 0.00 0.00 0.00 0.00 
0.00 0.00 0.00 0.00 0.00 0.00 0.00 0.00 0.00 0.00 0.00 0.00 0.00 0.00 0.00 0.00 0.00 0.00 0.00 0.00 
0.00 0.00 0.00 0.00 0.00 0.00 0.00 0.00 0.00 0.00 0.00 0.00 0.00 0.00 0.00 0.00 0.00 0.00 0.00 0.00 
0.00 0.00 0.00 0.00 0.00 0.00 0.00 0.00 0.00 0.00 0.00 0.00 0.00 0.00 0.00 0.00 0.00 0.00 0.00 0.00 
0.00 0.00 0.00 0.00 0.00 0.00 0.00 0.00 0.00 0.00 0.00 0.00 0.00 0.00 0.00 0.00 0.00 0.00 0.00 0.00 
0.00 0.00 0.00 0.00 0.00 0.00 0.00 0.00 0.00 0.00 0.00 0.00 0.00 0.00 0.00 0.00 0.00 0.00 0.00 0.00 
0.00 0.00 0.00 0.00 0.00 0.00 0.00 0.00 0.00 0.00 0.00 0.00 0.00 0.00 0.00 0.00 0.00 0.00 0.00 0.00 
0.00 0.00 0.00 0.00 0.00 0.00 0.00 0.00 0.00 0.00 0.00 0.00 0.00 0.00 0.00 0.00 0.00 0.00 0.00 0.00 
0.00 0.00 0.00 0.00 0.00 0.00 0.00 0.00 0.00 0.00 0.00 0.00 0.00 0.00 0.00 0.00 0.00 0.00 0.00 0.00 
0.00 0.00 0.00 0.00 0.00 0.00 0.00 0.00 0.00 0.00 0.00 0.00 0.00 0.00 0.00 0.00 0.00 0.00 0.00 0.00 
0.00 0.00 0.00 0.00 0.00 0.00 0.00 0.00 0.00 0.00 0.00 0.00 0.00 0.00 0.00 0.00 0.00 0.00 0.00 0.00 
0.00 0.00 0.00 0.00 0.00 0.00 0.00 0.00 0.00 0.00 0.00 0.00 0.00 0.00 0.00 0.00 0.00 0.00 0.00 0.00 
0.00 0.00 0.00 0.00 0.00 0.00 0.00 0.00 0.00 0.00 0.00 0.00 0.00 0.00 0.00 0.00 0.00 0.00 0.00 0.00 
0.00 0.00 0.00 0.00 0.00 0.00 0.00 0.00 0.00 0.00 0.00 0.00 0.00 0.00 0.00 0.00 0.00 0.00 0.00 0.00 
0.00 0.00 0.00 0.00 0.00 0.00 0.00 0.00 0.00 0.00 0.00 0.00 0.00 0.00 0.00 0.00 0.00 0.00 0.00 0.00 
0.00 0.00 0.00 0.00 0.00 0.00 0.00 0.00 0.00 0.00 0.00 0.00 0.00 0.00 0.00 0.00 0.00 0.00 0.00 0.00 
0.00 0.00 0.00 0.00 0.00 0.00 0.00 0.00 0.00 0.00 0.00 0.00 0.00 0.00 0.00 0.00 0.00 0.00 0.00 0.00 
0.00 0.00 0.00 0.00 0.00 0.00 0.00 0.00 0.00 0.00 0.00 0.00 0.00 0.00 0.00 0.00 0.00 0.00 0.00 0.00 
0.00 0.00 0.00 0.00 0.00 0.00 0.00 0.00 0.00 0.00 0.00 0.00 0.00 0.00 0.00 0.00 0.00 0.00 0.00 0.00 
0.00 0.00 0.00 0.00 0.00 0.00 0.00 0.00 0.00 0.00 0.00 0.00 0.00 0.00 0.00 0.00 0.00 0.00 0.00 0.00 
0.00 0.00 0.00 0.00 0.00 0.00 0.00 0.00 0.00 0.00 0.00 0.00 0.00 0.00 0.00 0.00 0.00 0.00 0.00 0.00 
0.00 0.00 0.00 0.00 0.00 0.00 0.00 0.00 0.00 0.00 0.00 0.00 0.00 0.00 0.00 0.00 0.00 0.00 0.00 0.00 
0.00 0.00 0.00 0.00 0.00 0.00 0.00 0.00 0.00 0.00 0.00 0.00 0.00 0.00 0.00 0.00 0.00 0.00 0.00 0.00 
0.00 0.00 0.00 0.00 0.00 0.00 0.00 0.00 0.00 0.00 0.00 0.00 0.00 0.00 0.00 0.00 0.00 0.00 0.00 0.00 
0.00 0.00 0.00 0.00 0.00 0.00 0.00 0.00 0.00 0.00 0.00 0.00 0.00 0.00 0.00 0.00 0.00 0.00 0.00 0.00 
0.00 0.00 0.00 0.00 0.00 0.00 0.00 0.00 0.00 0.00 0.00 0.00 0.00 0.00 0.00 0.00 0.00 0.00 0.00 0.00 
0.00 0.00 0.00 0.00 0.00 0.00 0.00 0.00 0.00 0.00 0.00 0.00 0.00 0.00 0.00 0.00 0.00 0.00 0.00 0.00 
0.00 0.00 0.00 0.00 0.00 0.00 0.00 0.00 0.00 0.00 0.00 0.00 0.00 0.00 0.00 0.00 0.00 0.00 0.00 0.00 
0.00 0.00 0.00 0.00 0.00 0.00 0.00 0.00 0.00 0.00 0.00 0.00 0.00 0.00 0.00 0.00 0.00 0.00 0.00 0.00 
0.00 0.00 0.00 0.00 0.00 0.00 0.00 0.00 0.00 0.00 0.00 0.00 0.00 0.00 0.00 0.00 0.00 0.00 0.00 0.00 
0.00 0.00 0.00 0.00 0.00 0.00 0.00 0.00 0.00 0.00 0.00 0.00 0.00 0.00 0.00 0.00 0.00 0.00 0.00 0.00 
0.00 0.00 0.00 0.00 0.00 0.00 0.00 0.00 0.00 0.00 0.00 0.00 0.00 0.00 0.00 0.00 0.00 0.00 0.00 0.00 
0.00 0.00 0.00 0.00 0.00 0.00 0.00 0.00 0.00 0.00 0.00 0.00 0.00 0.00 0.00 0.00 0.00 0.00 0.00 0.00 
0.00 0.00 0.00 0.00 0.00 0.00 0.00 0.00 0.00 0.00 0.00 0.00 0.00 0.00 0.00 0.00 0.00 0.00 0.00 0.00 
0.00 0.00 0.00 0.00 0.00 0.00 0.00 0.00 0.00 0.00 0.00 0.00 0.00 0.00 0.00 0.00 0.00 0.00 0.00 0.00 
0.00 0.00 0.00 0.00 0.00 0.00 0.00 0.00 0.00 0.00 0.00 0.00 0.00 0.00 0.00 0.00 0.00 0.00 0.00 0.00 
0.00 0.00 0.00 0.00 0.00 0.00 0.00 0.00 0.00 0.00 0.00 0.00 0.00 0.00 0.00 0.00 0.00 0.00 0.00 0.00 
0.00 0.00 0.00 0.00 0.00 0.00 0.00 0.00 0.00 0.00 0.00 0.00 0.00 0.00 0.00 0.00 0.00 0.00 0.00 0.00 
end   dump: w
==END   DUMP_ARRAYS==
==BEGIN DUMP_ARRAYS==
begin dump: w
1850.65 55489736.00 60992936.00 70233136.00 80386000.00 90966760.00 101694240.00 112583960.00 123317576.00 134432544.00 145262400.00 156431184.00 167376416.00 178459664.00 189537856.00 200508896.00 211372432.00 222698944.00 233736768.00 244836384.00 
255594544.00 267023296.00 278103040.00 289290464.00 300117376.00 310920672.00 322434144.00 333461632.00 344565632.00 355840544.00 366638944.00 377821760.00 388727904.00 400037280.00 411164992.00 422179008.00 433292960.00 444376992.00 455552992.00 466653760.00 
477093504.00 488856000.00 499953824.00 510963488.00 522142368.00 533213280.00 544400640.00 555455680.00 566317440.00 577704000.00 587943936.00 599843008.00 610925312.00 622078592.00 633019776.00 644193792.00 655260608.00 666420736.00 677629760.00 688751872.00 
699457792.00 710886848.00 721919424.00 733200320.00 743951808.00 755253440.00 766384960.00 777529472.00 788561344.00 800090240.00 810657344.00 821857344.00 832897536.00 844179008.00 855020928.00 865930560.00 877396352.00 888731456.00 899639104.00 910756032.00 
920528896.00 932972224.00 944053696.00 955128064.00 966226560.00 977286912.00 988416448.00 1000049472.00 1010572928.00 1021824064.00 1032734592.00 1044233536.00 1055084864.00 1065978560.00 1077286784.00 1088266624.00 1099295744.00 1110632448.00 1121702784.00 1132725376.00 
1142280192.00 1154959360.00 1166125184.00 1177219200.00 1188231552.00 1199297664.00 1210569344.00 1221705728.00 1232677760.00 1243855104.00 1254819840.00 1265802496.00 1276966528.00 1288352640.00 1299392768.00 1310459136.00 1321593984.00 1332673792.00 1343900160.00 1354920576.00 
1365389568.00 1377129216.00 1388250752.00 1399316992.00 1410358272.00 1419455744.00 1432710656.00 1443943296.00 1454625792.00 1465636096.00 1476932608.00 1488130176.00 1499231232.00 1510268160.00 1521550720.00 1532561536.00 1543605760.00 1554963840.00 1566094592.00 1577079296.00 
1587814400.00 1599233408.00 1610267648.00 1621833088.00 1632345600.00 1643625600.00 1654774528.00 1665847808.00 1676843776.00 1688111872.00 1698363520.00 1710335616.00 1721264000.00 1732398336.00 1744001664.00 1754690432.00 1765784192.00 1776971264.00 1788073600.00 1799162880.00 
1808923392.00 1821348736.00 1832409856.00 1843544064.00 1854628992.00 1865681536.00 1876757376.00 1888202752.00 1899014272.00 1910062208.00 1921152256.00 1932374528.00 1943439616.00 1954608128.00 1965933184.00 1976426496.00 1987667584.00 1999117824.00 2010101888.00 2021214720.00 
2031998848.00 2043408768.00 2055032960.00 2065667456.00 2076687744.00 2087816192.00 2098864128.00 2110078464.00 2121120768.00 2132304512.00 2143212288.00 2154524416.00 2165363456.00 2176740608.00 2187810048.00 2198818048.00 2209931776.00 2221111040.00 2232150528.00 2243213312.00 
2251127808.00 2265622272.00 2276642048.00 2287792384.00 2298802688.00 2309877760.00 2321071360.00 2332304896.00 2343051264.00 2354438144.00 2365320960.00 2376654592.00 2387673600.00 2398821120.00 2409892864.00 2420969216.00 2431995648.00 2443245056.00 2454309376.00 2465431808.00 
2476201728.00 2487621376.00 2498159104.00 2510060288.00 2520794624.00 2531737600.00 2543216384.00 2554311936.00 2565369856.00 2576454656.00 2587465984.00 2598762240.00 2609727488.00 2620846848.00 2632005632.00 2642968064.00 2654239744.00 2665363712.00 2676398848.00 2687623168.00 
2697360128.00 2709800704.00 2720851968.00 2732071168.00 2743088384.00 2754153984.00 2765275904.00 2776381952.00 2787340544.00 2798517248.00 2805626368.00 2820974080.00 2831959808.00 2843071744.00 2854240768.00 2865206784.00 2876127488.00 2887482112.00 2898402304.00 2909744640.00 
2920466688.00 2932029696.00 2942976768.00 2954091008.00 2965072640.00 2976225024.00 2987326720.00 2998639104.00 3009592064.00 3020688896.00 3031678720.00 3042938112.00 3053786880.00 3065246464.00 3076307712.00 3086958080.00 3098497792.00 3109592064.00 3120696576.00 3131711232.00 
3142221312.00 3154053888.00 3165035264.00 3176100096.00 3187156736.00 3198056192.00 3210289920.00 3220836608.00 3231578112.00 3242906112.00 3253843456.00 3265106944.00 3276149248.00 3287352064.00 3298307840.00 3309409536.00 3320444928.00 3331688448.00 3342816000.00 3353875712.00 
3363352576.00 3376106752.00 3387240192.00 3398008064.00 3409177856.00 3420438784.00 3431589632.00 3442681600.00 3453993216.00 3464994304.00 3475931648.00 3487135488.00 3498153984.00 3509422080.00 3520471296.00 3531510016.00 3542779904.00 3553793792.00 3564889344.00 3575996160.00 
3585794560.00 3598345472.00 3609289984.00 3620436992.00 3631465984.00 3642230784.00 3653723904.00 3664856576.00 3675820800.00 3686988544.00 3697954816.00 3709161728.00 3720134144.00 3730584320.00 3743033600.00 3753814016.00 3764663296.00 3776004608.00 3786996992.00 3798337536.00 
3808952576.00 3820360448.00 3831442944.00 3842618112.00 3853549056.00 3864768000.00 3875859200.00 3886956544.00 3898144768.00 3909253888.00 3919475968.00 3931410176.00 3942231040.00 3954249728.00 3964756736.00 3975760640.00 3986872832.00 3997953280.00 4009123840.00 4020503040.00 
4030685952.00 4042433792.00 4053515264.00 4064530688.00 4075953408.00 4086865152.00 4097962240.00 4109120256.00 4119943424.00 4131272192.00 4142228736.00 4153511680.00 4164511488.00 4175715328.00 4186798848.00 4195851264.00 4208947456.00 4220163840.00 4231221760.00 4242353664.00 
4253120256.00 4265066496.00 4275603200.00 4286987264.00 4297609728.00 4308932096.00 4320142848.00 4331073024.00 4342215168.00 4353456640.00 4364330496.00 4375598592.00 4386561536.00 4397786624.00 4408892416.00 4419896320.00 4430996480.00 4442100736.00 4453132800.00 4464023552.00 
4468930048.00 4487107072.00 4497965056.00 4509044736.00 4520026112.00 4531098112.00 4542214144.00 4553353728.00 4564326400.00 4575520256.00 4586490368.00 4597801984.00 4608840192.00 4619935744.00 4631104000.00 4642076160.00 4653019136.00 4664433664.00 4675475968.00 4686585344.00 
4697360384.00 4708226048.00 4719866368.00 4730988032.00 4741974528.00 4752813568.00 4764300288.00 4775432704.00 4786407936.00 4797739520.00 4808622080.00 4819844096.00 4830702080.00 4842156032.00 4853153280.00 4864285184.00 4875339264.00 4886486528.00 4897563648.00 4908421120.00 
4919131136.00 4930889216.00 4941963776.00 4953060864.00 4963880960.00 4975494656.00 4986496512.00 4997562880.00 5008418304.00 5019978752.00 5030059520.00 5042005504.00 5053034496.00 5064198656.00 5075252736.00 5086350336.00 5097360896.00 5108536320.00 5119643136.00 5130626048.00 
5141560832.00 5152918016.00 5164222976.00 5175276544.00 5186094080.00 5197336576.00 5208480256.00 5219629568.00 5230664192.00 5241831424.00 5252763136.00 5264129024.00 5275078144.00 5286291456.00 5297393664.00 5308074496.00 5319424512.00 5330704896.00 5341798912.00 5352907776.00 
5362698752.00 5374996992.00 5386210304.00 5397365248.00 5408374272.00 5419508736.00 5430639104.00 5441750016.00 5452731392.00 5463979520.00 5474896896.00 5486121984.00 5497186304.00 5508332032.00 5519395328.00 5530419712.00 5541319168.00 5552619008.00 5563604480.00 5574347264.00 
5577836032.00 5597904384.00 5608652288.00 5619719168.00 5630592512.00 5641710080.00 5652800000.00 5663926784.00 5675032576.00 5686133760.00 5697104384.00 5708356096.00 5719203840.00 5730576896.00 5741620224.00 5752686592.00 5763737088.00 5774901248.00 5786052096.00 5797202432.00 
5807614464.00 5819279360.00 5830534144.00 5841561088.00 5852654080.00 5863383552.00 5874806272.00 5886044160.00 5896858112.00 5908194304.00 5919177728.00 5930432000.00 5941453824.00 5952493056.00 5963776512.00 5974792704.00 5985837056.00 5997051392.00 6008101888.00 6019216896.00 
6030052352.00 6041503232.00 6052558336.00 6063663616.00 6074499584.00 6085643264.00 6097143808.00 6108063744.00 6119206400.00 6130129920.00 6140615168.00 6152488448.00 6163550720.00 6174767616.00 6185837056.00 6196838400.00 6208065536.00 6219203072.00 6230234624.00 6241318400.00 
6251159552.00 6263634944.00 6274697216.00 6285797376.00 6296792576.00 6307908608.00 6318977024.00 6330169344.00 6341167104.00 6352363008.00 6363246080.00 6374136832.00 6386078208.00 6396968448.00 6408032256.00 6418713088.00 6429955584.00 6441344512.00 6452397056.00 6463642112.00 
6474284544.00 6485678080.00 6496786432.00 6507907072.00 6518919680.00 6530054656.00 6541227008.00 6552327168.00 6563250176.00 6574595072.00 6585504768.00 6596804096.00 6607605248.00 6618975744.00 6630039040.00 6641100288.00 6652220928.00 6663218176.00 6674437632.00 6685498880.00 
6693374464.00 6707903488.00 6718932992.00 6730037760.00 6741095936.00 6752175616.00 6763169280.00 6774412800.00 6785279488.00 6796725760.00 6807598592.00 6818806272.00 6829904896.00 6841052160.00 6852116992.00 6863058944.00 6874354688.00 6885478400.00 6896585728.00 6907588096.00 
6918486528.00 6929904640.00 6940981248.00 6952163840.00 6962950656.00 6972255232.00 6985454592.00 6996547584.00 7007599104.00 7018747392.00 7029705216.00 7040922112.00 7052013056.00 7063211008.00 7074240000.00 7085334016.00 7096392704.00 7107591680.00 7118680064.00 7129772544.00 
7139587584.00 7151967232.00 7163149824.00 7174303744.00 7185242624.00 7196294144.00 7207512576.00 7218471424.00 7229613056.00 7240784896.00 7251122176.00 7263013376.00 7274061312.00 7285173760.00 7296337408.00 7307363840.00 7318284800.00 7329588224.00 7340702720.00 7351765504.00 
7362568704.00 7373935616.00 7385009152.00 7396060160.00 7406930944.00 7417779712.00 7427838464.00 7444486144.00 7452743680.00 7463503360.00 7474311680.00 7485467648.00 7496269824.00 7507610624.00 7518673920.00 7529355264.00 7540774912.00 7551950848.00 7563100160.00 7574119424.00 
7584586240.00 7596330496.00 7607448064.00 7618606080.00 7629560320.00 7640691712.00 7651858432.00 7662926848.00 7673800192.00 7685183488.00 7696131072.00 7707389440.00 7718373888.00 7729585664.00 7740673024.00 7751692800.00 7762811392.00 7774059520.00 7785098240.00 7796157952.00 
7805639168.00 7818391040.00 7829516288.00 7840630272.00 7851458048.00 7862725120.00 7874216960.00 7885049344.00 7896098816.00 7907287552.00 7918219264.00 7929423872.00 7940440576.00 7951631872.00 7962570752.00 7973872640.00 7984929792.00 7996290560.00 8007294464.00 8018283520.00 
8028081664.00 8040483328.00 8051577344.00 8062673920.00 8073753088.00 8084500480.00 8095954432.00 8106834944.00 8118233088.00 8129390080.00 8140327424.00 8151570944.00 8162617856.00 8173758976.00 8184865792.00 8195906560.00 8206814208.00 8218364416.00 8229283328.00 8240363520.00 
8251185664.00 8262643200.00 8273730048.00 8284850176.00 8295784960.00 8306927104.00 8318099456.00 8329327616.00 8340245504.00 8351280128.00 8358436864.00 8373815296.00 8384589824.00 8395945472.00 8406985216.00 8418039808.00 8429156352.00 8440321536.00 8451402752.00 8462517760.00 
8472961024.00 8484704768.00 8496061952.00 8506900480.00 8517965824.00 8529094656.00 8540329472.00 8551350784.00 8562175488.00 8573300736.00 8584592384.00 8595812352.00 8606872576.00 8617952256.00 8629043200.00 8639802368.00 8651176960.00 8662391808.00 8673635328.00 8684644352.00 
8695414784.00 8706832384.00 8717890560.00 8729085952.00 8739899392.00 8751161344.00 8762371072.00 8773440512.00 8784572416.00 8795741184.00 8806610944.00 8817880064.00 8828851200.00 8840020992.00 8851120128.00 8862184448.00 8873282560.00 8884469760.00 8895413248.00 8906305536.00 
8911201280.00 8929376256.00 8940246016.00 8951279616.00 8962313216.00 8973369344.00 8984589312.00 8995453952.00 9006612480.00 9017947136.00 9028787200.00 9040079872.00 9051067392.00 9062188032.00 9073332224.00 9084453888.00 9095303168.00 9106669568.00 9117636608.00 9128865792.00 
9139642368.00 9151047680.00 9162161152.00 9173217280.00 9184339968.00 9195092992.00 9206530048.00 9217658880.00 9228768256.00 9239887872.00 9250849792.00 9262126080.00 9272944640.00 9284125696.00 9295508480.00 9306511360.00 9317610496.00 9328719872.00 9339854848.00 9350976512.00 
9361415168.00 9373160448.00 9383983104.00 9395420160.00 9406431232.00 9417502720.00 9428592640.00 9439803392.00 9450653696.00 9461979136.00 9472308224.00 9484152832.00 9495262208.00 9506432000.00 9517488128.00 9528505344.00 9539473408.00 9549296640.00 9562202112.00 9573170176.00 
9583925248.00 9595331584.00 9606374400.00 9617500160.00 9628381184.00 9639706624.00 9650844672.00 9661993984.00 9673032704.00 9684125696.00 9695126528.00 9706417152.00 9717349376.00 9728523264.00 9739625472.00 9748667392.00 9761853440.00 9772942336.00 9783949312.00 9795197952.00 
9804980224.00 9817408512.00 9828489216.00 9839593472.00 9850643456.00 9861746688.00 9872881664.00 9883990016.00 9894895616.00 9907467264.00 9917309952.00 9928538112.00 9939553280.00 9950688256.00 9961760768.00 9972837376.00 9983730688.00 9995104256.00 10006278144.00 10017300480.00 
10026754048.00 10039528448.00 10050695168.00 10061682688.00 10072697856.00 10083870720.00 10095058944.00 10106160128.00 10117125120.00 10127358976.00 10139388928.00 10150647808.00 10161429504.00 10172679168.00 10183862272.00 10194919424.00 10206014464.00 10217266176.00 10228210688.00 10239485952.00 
10249848832.00 10261571584.00 10272683008.00 10282986496.00 10294940672.00 10305664000.00 10317177856.00 10328268800.00 10339098624.00 10350473216.00 10361408512.00 10372572160.00 10383684608.00 10394733568.00 10406012928.00 10417026048.00 10428066816.00 10439294976.00 10450391040.00 10461504512.00 
10472271872.00 10483527680.00 10494825472.00 10505902080.00 10516790272.00 10528061440.00 10539235328.00 10550296576.00 10561445888.00 10572552192.00 10582852608.00 10594779136.00 10605715456.00 10616985600.00 10628067328.00 10639123456.00 10650215424.00 10661428224.00 10672506880.00 10683603968.00 
10693396480.00 10705784832.00 10716856320.00 10728417280.00 10739082240.00 10750149632.00 10761349120.00 10772400128.00 10783432704.00 10794640384.00 10805610496.00 10816816128.00 10827907072.00 10839330816.00 10850126848.00 10860840960.00 10872114176.00 10883442688.00 10894540800.00 10905647104.00 
10916450304.00 10927830016.00 10938945536.00 10950003712.00 10961028096.00 10972156928.00 10983317504.00 10994308096.00 11005483008.00 11016499200.00 11027526656.00 11038823424.00 11049568256.00 11060799488.00 11071885312.00 11082861568.00 11093863424.00 11104796672.00 11115379712.00 11125095424.00 
11122302976.00 11152884736.00 11162557440.00 11173194752.00 11184005120.00 11194985472.00 11206061056.00 11217171456.00 11227915264.00 11239163904.00 11250151424.00 11261486080.00 11272396800.00 11283665920.00 11294623744.00 11305690112.00 11316719616.00 11327976448.00 11338999808.00 11350146048.00 
11360898048.00 11372326912.00 11383409664.00 11394541568.00 11405377536.00 11416324096.00 11427828736.00 11438659584.00 11449965568.00 11461167104.00 11472069632.00 11483332608.00 11494296576.00 11505573888.00 11516590080.00 11527687168.00 11538802688.00 11549562880.00 11561094144.00 11572186112.00 
11581945856.00 11594377216.00 11605434368.00 11616547840.00 11627664384.00 11638717440.00 11649884160.00 11660979200.00 11672034304.00 11683202048.00 11693489152.00 11705435136.00 11716427776.00 11727679488.00 11738707968.00 11749782528.00 11760689152.00 11772069888.00 11783113728.00 11794435072.00 
11805075456.00 11816468480.00 11827551232.00 11838688256.00 11849670656.00 11860809728.00 11871935488.00 11883245568.00 11894185984.00 11905402880.00 11916275712.00 11927498752.00 11938377728.00 11949708288.00 11960773632.00 11971506176.00 11982937088.00 11994984448.00 12005259264.00 12016404480.00 
12026820608.00 12038493184.00 12049734656.00 12060704768.00 12071856128.00 12082919424.00 12094082048.00 12105308160.00 12116045824.00 12127340544.00 12138280960.00 12150608896.00 12160748544.00 12171813888.00 12182884352.00 12193982464.00 12205041664.00 12216284160.00 12227247104.00 12238449664.00 
12247921664.00 12260674560.00 12271660032.00 12282869760.00 12293756928.00 12305016832.00 12316188672.00 12327288832.00 12338335744.00 12349438976.00 12360367104.00 12370507776.00 12382859264.00 12393985024.00 12405059584.00 12416099328.00 12427228160.00 12438384640.00 12449445888.00 12460562432.00 
12470364160.00 12482777088.00 12493985792.00 12505039872.00 12516046848.00 12525148160.00 12538326016.00 12549454848.00 12560392192.00 12571571200.00 12582554624.00 12593852416.00 12604854272.00 12615975936.00 12627090432.00 12638139392.00 12649100288.00 12660459520.00 12671577088.00 12682647552.00 
12693403648.00 12704812032.00 12715752448.00 12728685568.00 12738280448.00 12749342720.00 12760462336.00 12771544064.00 12782611456.00 12793827328.00 12804049920.00 12815981568.00 12826834944.00 12838184960.00 12849346560.00 12860338176.00 12871444480.00 12882553856.00 12893960192.00 12904820736.00 
12915259392.00 12926986240.00 12938081280.00 12949276672.00 12960262144.00 12971329536.00 12982439936.00 12993851392.00 13004538880.00 13015846912.00 13026828288.00 13038093312.00 13049104384.00 13060303872.00 13071409152.00 13082075136.00 13093411840.00 13104757760.00 13115782144.00 13126924288.00 
13137695744.00 13149110272.00 13160307712.00 13171314688.00 13182184448.00 13193393152.00 13204598784.00 13215793152.00 13226804224.00 13237918720.00 13248888832.00 13260037120.00 13271136256.00 13282528256.00 13293361152.00 13304461312.00 13315551232.00 13326705664.00 13337701376.00 13348594688.00 
13353490432.00 13371664384.00 13382522880.00 13393511424.00 13404610560.00 13415651328.00 13426828288.00 13437959168.00 13448902656.00 13460106240.00 13471070208.00 13482232832.00 13493304320.00 13504531456.00 13515574272.00 13526674432.00 13537582080.00 13548893184.00 13560057856.00 13571144704.00 
13581934592.00 13593326592.00 13604303872.00 13615582208.00 13626549248.00 13637374976.00 13648888832.00 13660022784.00 13670989824.00 13682172928.00 13693086720.00 13704682496.00 13715294208.00 13726624768.00 13737616384.00 13748748288.00 13759903744.00 13771076608.00 13781879808.00 13793272832.00 
13803697152.00 13815453696.00 13826544640.00 13837656064.00 13848728576.00 13859791872.00 13870950400.00 13882040320.00 13892882432.00 13904159744.00 13911273472.00 13926691840.00 13937620992.00 13948643328.00 13959858176.00 13970917376.00 13981966336.00 13993127936.00 14004220928.00 14015330304.00 
14026165248.00 14037620736.00 14048661504.00 14059608064.00 14070657024.00 14081943552.00 14093066240.00 14104225792.00 14115272704.00 14126404608.00 14137353216.00 14148578304.00 14159499264.00 14171137024.00 14181984256.00 14192667648.00 14204118016.00 14215309312.00 14226362368.00 14237475840.00 
14247259136.00 14259682304.00 14270650368.00 14281687040.00 14292953088.00 14303965184.00 14315369472.00 14326339584.00 14337302528.00 14348548096.00 14359464960.00 14370684928.00 14381778944.00 14392927232.00 14403724288.00 14415111168.00 14426018816.00 14437340160.00 14448424960.00 14459596800.00 
14469036032.00 14481830912.00 14492855296.00 14503912448.00 14514922496.00 14526151680.00 14537264128.00 14548384768.00 14559501312.00 14570597376.00 14581549056.00 14592793600.00 14603668480.00 14615037952.00 14626082816.00 14637153280.00 14648310784.00 14659362816.00 14670490624.00 14681632768.00 
14692094976.00 14703837184.00 14714845184.00 14726018048.00 14737098752.00 14747821056.00 14759271424.00 14770356224.00 14781207552.00 14792513536.00 14803368960.00 14814474240.00 14825135104.00 14833490944.00 14850107392.00 14860066816.00 14870818816.00 14881914880.00 14892945408.00 14904045568.00 
14914782208.00 14926210048.00 14937234432.00 14948401152.00 14959185920.00 14970478592.00 14981600256.00 14992789504.00 15003809792.00 15014966272.00 15025220608.00 15037197312.00 15048125440.00 15059502080.00 15070427136.00 15081548800.00 15092632576.00 15103671296.00 15114796032.00 15126013952.00 
15135745024.00 15148198912.00 15159258112.00 15170374656.00 15181487104.00 15192512512.00 15203701760.00 15214764032.00 15225713664.00 15237055488.00 15247988736.00 15259238400.00 15270275072.00 15281433600.00 15292476416.00 15301575680.00 15314520064.00 15325804544.00 15336969216.00 15348073472.00 
15358858240.00 15370378240.00 15381353472.00 15392494592.00 15403388928.00 15414772736.00 15425832960.00 15436909568.00 15447968768.00 15459164160.00 15470074880.00 15481251840.00 15492195328.00 15503559680.00 15514771456.00 15525673984.00 15536784384.00 15547943936.00 15559013376.00 15570074624.00 
15577950208.00 15592465408.00 15603509248.00 15614758912.00 15625673728.00 15636745216.00 15647900672.00 15659011072.00 15669868544.00 15681174528.00 15692180480.00 15703384064.00 15714629632.00 15725648896.00 15736715264.00 15747793920.00 15758830592.00 15770066944.00 15781144576.00 15792292864.00 
15803057152.00 15814342656.00 15825549312.00 15836632064.00 15847537664.00 15858464768.00 15869923328.00 15881006080.00 15891795968.00 15903846400.00 15914423296.00 15925611520.00 15936565248.00 15947804672.00 15958972416.00 15969929216.00 15981073408.00 15992181760.00 16003260416.00 16014342144.00 
16024172544.00 16036657152.00 16047706112.00 16058773504.00 16069803008.00 16081010688.00 16092104704.00 16103203840.00 16114195456.00 16125496320.00 16135723008.00 16147842048.00 16158671872.00 16169914368.00 16180804608.00 16192190464.00 16202987520.00 16214312960.00 16225376256.00 16236474368.00 
16247299072.00 16258757632.00 16269840384.00 16280929280.00 16291896320.00 16303065088.00 16314178560.00 16325463040.00 16336425984.00 16347538432.00 16358512640.00 16369775616.00 16380611584.00 16391945216.00 16403136512.00 16413787136.00 16425226240.00 16436414464.00 16447407104.00 16458676224.00 
16469052416.00 16480775168.00 16491878400.00 16503083008.00 16514148352.00 16525158400.00 16536317952.00 16547398656.00 16558277632.00 16569633792.00 16580581376.00 16591860736.00 16602856448.00 16614043648.00 16625138688.00 16636126208.00 16647143424.00 16658271232.00 16669273088.00 16680059904.00 
16683504640.00 16703625216.00 16714336256.00 16725347328.00 16736161792.00 16747422720.00 16758547456.00 16769641472.00 16780694528.00 16791853056.00 16802772992.00 16814003200.00 16825019392.00 16836230144.00 16847302656.00 16858330112.00 16869493760.00 16880627712.00 16891727872.00 16902973440.00 
16912638976.00 16925080576.00 16936138752.00 16947275776.00 16958462976.00 16969104384.00 16980547584.00 16991681536.00 17002668032.00 17013839872.00 17024900096.00 17036156928.00 17047218176.00 17058344960.00 17069463552.00 17080504320.00 17091384320.00 17102700544.00 17113717760.00 17125057536.00 
17135784960.00 17147341824.00 17158306816.00 17169444864.00 17180375040.00 17191487488.00 17202675712.00 17213779968.00 17224841216.00 17235980288.00 17246285824.00 17257992192.00 17269057536.00 17280407552.00 17291450368.00 17302351872.00 17313988608.00 17324916736.00 17335977984.00 17347100672.00 
17357547520.00 17369565184.00 17380378624.00 17391503360.00 17402544128.00 17413548032.00 17424801792.00 17435822080.00 17446782976.00 17458124800.00 17469057024.00 17480235008.00 17491464192.00 17502541824.00 17513646080.00 17524367360.00 17535764480.00 17546981376.00 17558067200.00 17569748992.00 
17579974656.00 17591379968.00 17602467840.00 17613527040.00 17624459264.00 17635768320.00 17646825472.00 17658028032.00 17669027840.00 17680175104.00 17691191296.00 17702447104.00 17713403904.00 17724626944.00 17735731200.00 17746741248.00 17757851648.00 17768933376.00 17779976192.00 17790865408.00 
17795764224.00 17813954560.00 17824800768.00 17835876352.00 17846876160.00 17857957888.00 17869051904.00 17880193024.00 17891180544.00 17902389248.00 17913335808.00 17924511744.00 17935665152.00 17946900480.00 17957814272.00 17968908288.00 17979867136.00 17990989824.00 18002354176.00 18012895232.00 
18024230912.00 18035611648.00 18046724096.00 18057797632.00 18068787200.00 18077972480.00 18091141120.00 18102247424.00 18113359872.00 18124457984.00 18135461888.00 18146703360.00 18157535232.00 18168870912.00 18179981312.00 18190981120.00 18201921536.00 18213453824.00 18224427008.00 18235551744.00 
18245982208.00 18257469440.00 18268829696.00 18280032256.00 18291013632.00 18302089216.00 18313189376.00 18323722240.00 18335246336.00 18346567680.00 18356873216.00 18368727040.00 18379745280.00 18391017472.00 18402078720.00 18413078528.00 18424201216.00 18435362816.00 18446495744.00 18457622528.00 
18468392960.00 18479648768.00 18490931200.00 18501967872.00 18512814080.00 18524026880.00 18534912000.00 18547410944.00 18557741056.00 18568822784.00 18579722240.00 18590990336.00 18601908224.00 18613112832.00 18624217088.00 18634944512.00 18646409216.00 18657523712.00 18668642304.00 18679617536.00 
18689548288.00 18701989888.00 18713059328.00 18724184064.00 18735110144.00 18746343424.00 18757464064.00 18768560128.00 18779582464.00 18790828032.00 18801743872.00 18812981248.00 18823876608.00 18835292160.00 18846369792.00 18857414656.00 18868303872.00 18879975424.00 18890704896.00 18901868544.00 
18911322112.00 18924101632.00 18935128064.00 18946293760.00 18957287424.00 18968438784.00 18979653632.00 18990616576.00 19001737216.00 19012864000.00 19023841280.00 19035078656.00 19045916672.00 19057147904.00 19067639808.00 19079778304.00 19090712576.00 19101880320.00 19112904704.00 19123914752.00 
19134437376.00 19146266624.00 19157245952.00 19168376832.00 19179388928.00 19190222848.00 19201644544.00 19212722176.00 19223687168.00 19235045376.00 19246010368.00 19257296896.00 19268272128.00 19279347712.00 19290605568.00 19301621760.00 19312685056.00 19323879424.00 19334969344.00 19345932288.00 
19356880896.00 19368235008.00 19379535872.00 19390488576.00 19401345024.00 19412629504.00 19423709184.00 19434903552.00 19445913600.00 19457005568.00 19464083456.00 19479441408.00 19490408448.00 19501604864.00 19512678400.00 19523680256.00 19534782464.00 19545901056.00 19557081088.00 19568191488.00 
19577985024.00 19590363136.00 19601557504.00 19612622848.00 19623630848.00 19634882560.00 19645949952.00 19657129984.00 19668015104.00 19679207424.00 19690213376.00 19701524480.00 19712505856.00 19723659264.00 19734728704.00 19745449984.00 19756693504.00 19767920640.00 19779794944.00 19790356480.00 
19801153536.00 19812546560.00 19823636480.00 19834728448.00 19845746688.00 19856869376.00 19868049408.00 19879153664.00 19890216960.00 19901341696.00 19912353792.00 19923535872.00 19934423040.00 19945695232.00 19956879360.00 19967967232.00 19979061248.00 19990188032.00 20001304576.00 20012361728.00 
20020207616.00 20034758656.00 20045803520.00 20056858624.00 20067956736.00 20079030272.00 20090128384.00 20101224448.00 20112109568.00 20123443200.00 20134467584.00 20145664000.00 20156749824.00 20167899136.00 20179091456.00 20190017536.00 20201041920.00 20212297728.00 20222910464.00 20234567680.00 
20245340160.00 20256761856.00 20267851776.00 20278859776.00 20289802240.00 20300750848.00 20312020992.00 20323373056.00 20334442496.00 20345597952.00 20356532224.00 20367917056.00 20378724352.00 20389771264.00 20401192960.00 20412166144.00 20423247872.00 20434444288.00 20445544448.00 20456636416.00 
20466415616.00 20478808064.00 20489881600.00 20501006336.00 20512096256.00 20523163648.00 20533942272.00 20545576960.00 20556482560.00 20567654400.00 20577988608.00 20589867008.00 20601042944.00 20612147200.00 20623155200.00 20634212352.00 20645132288.00 20656148480.00 20667686912.00 20678737920.00 
20689530880.00 20700903424.00 20711854080.00 20723017728.00 20734148608.00 20745273344.00 20756393984.00 20767721472.00 20778643456.00 20789841920.00 20800735232.00 20812339200.00 20822855680.00 20834013184.00 20845254656.00 20854368256.00 20867518464.00 20878659584.00 20889690112.00 20900843520.00 
20911263744.00 20923043840.00 20934031360.00 20945301504.00 20956286976.00 20967397376.00 20978554880.00 20989622272.00 21000515584.00 21012187136.00 21022855168.00 21034139648.00 21045209088.00 21056288768.00 21067370496.00 21078530048.00 21089509376.00 21100748800.00 21111820288.00 21123018752.00 
21132369920.00 21145239552.00 21156257792.00 21167331328.00 21178181632.00 21189568512.00 21200633856.00 21211996160.00 21222797312.00 21233750016.00 21244932096.00 21256153088.00 21267171328.00 21277925376.00 21289545728.00 21300545536.00 21311643648.00 21322844160.00 21333884928.00 21344991232.00 
21354827776.00 21367224320.00 21378289664.00 21389223936.00 21400477696.00 21411237888.00 21422917632.00 21433808896.00 21444851712.00 21456113664.00 21467015168.00 21477908480.00 21489313792.00 21500446720.00 21511561216.00 21522587648.00 21533513728.00 21544767488.00 21556025344.00 21567074304.00 
21577881600.00 21589231616.00 21600317440.00 21611536384.00 21622482944.00 21633646592.00 21644926976.00 21655873536.00 21666961408.00 21678112768.00 21688391680.00 21700255744.00 21711171584.00 21722521600.00 21733539840.00 21744635904.00 21755736064.00 21767014400.00 21777981440.00 21789120512.00 
21799581696.00 21811306496.00 21822386176.00 21833594880.00 21844584448.00 21855653888.00 21866768384.00 21877929984.00 21888763904.00 21900156928.00 21911042048.00 21922129920.00 21933295616.00 21944526848.00 21955495936.00 21966237696.00 21977616384.00 21988675584.00 21999859712.00 22010959872.00 
22021752832.00 22033147904.00 22044217344.00 22055282688.00 22066085888.00 22077329408.00 22088396800.00 22099523584.00 22110494720.00 22121562112.00 22132402176.00 22143545344.00 22154418176.00 22165381120.00 22176258048.00 22186858496.00 22197491712.00 22207741952.00 22216960000.00 22222487552.00 
end   dump: w
==END   DUMP_ARRAYS==
Time in seconds = 0.060554
