Sender: LSF System <lsfadmin@polus-c2-ib.bmc.hpc.cs.msu.ru>
Subject: Job 494063: <./large.o> in cluster <MSUCluster> Done

Job <./large.o> was submitted from host <polus-ib.bmc.hpc.cs.msu.ru> by user <edu-cmc-skpod19-328-11> in cluster <MSUCluster> at Fri Nov 29 23:40:33 2019
Job was executed on host(s) <15*polus-c2-ib.bmc.hpc.cs.msu.ru>, in queue <short>, as user <edu-cmc-skpod19-328-11> in cluster <MSUCluster> at Fri Nov 29 23:43:38 2019
                            <4*polus-c4-ib.bmc.hpc.cs.msu.ru>
</home_edu/edu-cmc-skpod19-328/edu-cmc-skpod19-328-11> was used as the home directory.
</home_edu/edu-cmc-skpod19-328/edu-cmc-skpod19-328-11/dep_gemver> was used as the working directory.
Started at Fri Nov 29 23:43:38 2019
Terminated at Fri Nov 29 23:43:40 2019
Results reported at Fri Nov 29 23:43:40 2019

Your job looked like:

------------------------------------------------------------
# LSBATCH: User input
./large.o
------------------------------------------------------------

Successfully completed.

Resource usage summary:

    CPU time :                                   8.05 sec.
    Max Memory :                                 4 MB
    Average Memory :                             2.00 MB
    Total Requested Memory :                     -
    Delta Memory :                               -
    Max Swap :                                   -
    Max Processes :                              1
    Max Threads :                                1
    Run time :                                   2 sec.
    Turnaround time :                            187 sec.

The output (if any) follows:

==BEGIN DUMP_ARRAYS==
begin dump: w
0.00 0.00 0.00 0.00 0.00 0.00 0.00 0.00 0.00 0.00 0.00 0.00 0.00 0.00 0.00 0.00 0.00 0.00 0.00 0.00 
0.00 0.00 0.00 0.00 0.00 0.00 0.00 0.00 0.00 0.00 0.00 0.00 0.00 0.00 0.00 0.00 0.00 0.00 0.00 0.00 
0.00 0.00 0.00 0.00 0.00 0.00 0.00 0.00 0.00 0.00 0.00 0.00 0.00 0.00 0.00 0.00 0.00 0.00 0.00 0.00 
0.00 0.00 0.00 0.00 0.00 0.00 0.00 0.00 0.00 0.00 0.00 0.00 0.00 0.00 0.00 0.00 0.00 0.00 0.00 0.00 
0.00 0.00 0.00 0.00 0.00 0.00 0.00 0.00 0.00 0.00 0.00 0.00 0.00 0.00 0.00 0.00 0.00 0.00 0.00 0.00 
0.00 0.00 0.00 0.00 0.00 0.00 0.00 0.00 0.00 0.00 0.00 0.00 0.00 0.00 0.00 0.00 0.00 0.00 0.00 0.00 
0.00 0.00 0.00 0.00 0.00 0.00 0.00 0.00 0.00 0.00 0.00 0.00 0.00 0.00 0.00 0.00 0.00 0.00 0.00 0.00 
0.00 0.00 0.00 0.00 0.00 0.00 0.00 0.00 0.00 0.00 0.00 0.00 0.00 0.00 0.00 0.00 0.00 0.00 0.00 0.00 
0.00 0.00 0.00 0.00 0.00 0.00 0.00 0.00 0.00 0.00 0.00 0.00 0.00 0.00 0.00 0.00 0.00 0.00 0.00 0.00 
0.00 0.00 0.00 0.00 0.00 0.00 0.00 0.00 0.00 0.00 0.00 0.00 0.00 0.00 0.00 0.00 0.00 0.00 0.00 0.00 
0.00 0.00 0.00 0.00 0.00 0.00 0.00 0.00 0.00 0.00 0.00 0.00 0.00 0.00 0.00 0.00 0.00 0.00 0.00 0.00 
0.00 0.00 0.00 0.00 0.00 0.00 0.00 0.00 0.00 0.00 0.00 0.00 0.00 0.00 0.00 0.00 0.00 0.00 0.00 0.00 
0.00 0.00 0.00 0.00 0.00 0.00 0.00 0.00 0.00 0.00 0.00 0.00 0.00 0.00 0.00 0.00 0.00 0.00 0.00 0.00 
0.00 0.00 0.00 0.00 0.00 0.00 0.00 0.00 0.00 0.00 0.00 0.00 0.00 0.00 0.00 0.00 0.00 0.00 0.00 0.00 
0.00 0.00 0.00 0.00 0.00 0.00 0.00 0.00 0.00 0.00 0.00 0.00 0.00 0.00 0.00 0.00 0.00 0.00 0.00 0.00 
0.00 0.00 0.00 0.00 0.00 0.00 0.00 0.00 0.00 0.00 0.00 0.00 0.00 0.00 0.00 0.00 0.00 0.00 0.00 0.00 
0.00 0.00 0.00 0.00 0.00 0.00 0.00 0.00 0.00 0.00 0.00 0.00 0.00 0.00 0.00 0.00 0.00 0.00 0.00 0.00 
0.00 0.00 0.00 0.00 0.00 0.00 0.00 0.00 0.00 0.00 0.00 0.00 0.00 0.00 0.00 0.00 0.00 0.00 0.00 0.00 
0.00 0.00 0.00 0.00 0.00 0.00 0.00 0.00 0.00 0.00 0.00 0.00 0.00 0.00 0.00 0.00 0.00 0.00 0.00 0.00 
0.00 0.00 0.00 0.00 0.00 0.00 0.00 0.00 0.00 0.00 0.00 0.00 0.00 0.00 0.00 0.00 0.00 0.00 0.00 0.00 
0.00 0.00 0.00 0.00 0.00 0.00 0.00 0.00 0.00 0.00 0.00 0.00 0.00 0.00 0.00 0.00 0.00 0.00 0.00 0.00 
0.00 0.00 0.00 0.00 0.00 0.00 0.00 0.00 0.00 0.00 0.00 0.00 0.00 0.00 0.00 0.00 0.00 0.00 0.00 0.00 
0.00 0.00 0.00 0.00 0.00 0.00 0.00 0.00 0.00 0.00 0.00 0.00 0.00 0.00 0.00 0.00 0.00 0.00 0.00 0.00 
0.00 0.00 0.00 0.00 0.00 0.00 0.00 0.00 0.00 0.00 0.00 0.00 0.00 0.00 0.00 0.00 0.00 0.00 0.00 0.00 
0.00 0.00 0.00 0.00 0.00 0.00 0.00 0.00 0.00 0.00 0.00 0.00 0.00 0.00 0.00 0.00 0.00 0.00 0.00 0.00 
0.00 0.00 0.00 0.00 0.00 0.00 0.00 0.00 0.00 0.00 0.00 0.00 0.00 0.00 0.00 0.00 0.00 0.00 0.00 0.00 
0.00 0.00 0.00 0.00 0.00 0.00 0.00 0.00 0.00 0.00 0.00 0.00 0.00 0.00 0.00 0.00 0.00 0.00 0.00 0.00 
0.00 0.00 0.00 0.00 0.00 0.00 0.00 0.00 0.00 0.00 0.00 0.00 0.00 0.00 0.00 0.00 0.00 0.00 0.00 0.00 
0.00 0.00 0.00 0.00 0.00 0.00 0.00 0.00 0.00 0.00 0.00 0.00 0.00 0.00 0.00 0.00 0.00 0.00 0.00 0.00 
0.00 0.00 0.00 0.00 0.00 0.00 0.00 0.00 0.00 0.00 0.00 0.00 0.00 0.00 0.00 0.00 0.00 0.00 0.00 0.00 
0.00 0.00 0.00 0.00 0.00 0.00 0.00 0.00 0.00 0.00 0.00 0.00 0.00 0.00 0.00 0.00 0.00 0.00 0.00 0.00 
0.00 0.00 0.00 0.00 0.00 0.00 0.00 0.00 0.00 0.00 0.00 0.00 0.00 0.00 0.00 0.00 0.00 0.00 0.00 0.00 
0.00 0.00 0.00 0.00 0.00 0.00 0.00 0.00 0.00 0.00 0.00 0.00 0.00 0.00 0.00 0.00 0.00 0.00 0.00 0.00 
0.00 0.00 0.00 0.00 0.00 0.00 0.00 0.00 0.00 0.00 0.00 0.00 0.00 0.00 0.00 0.00 0.00 0.00 0.00 0.00 
0.00 0.00 0.00 0.00 0.00 0.00 0.00 0.00 0.00 0.00 0.00 0.00 0.00 0.00 0.00 0.00 0.00 0.00 0.00 0.00 
0.00 0.00 0.00 0.00 0.00 0.00 0.00 0.00 0.00 0.00 0.00 0.00 0.00 0.00 0.00 0.00 0.00 0.00 0.00 0.00 
0.00 0.00 0.00 0.00 0.00 0.00 0.00 0.00 0.00 0.00 0.00 0.00 0.00 0.00 0.00 0.00 0.00 0.00 0.00 0.00 
0.00 0.00 0.00 0.00 0.00 0.00 0.00 0.00 0.00 0.00 0.00 0.00 0.00 0.00 0.00 0.00 0.00 0.00 0.00 0.00 
0.00 0.00 0.00 0.00 0.00 0.00 0.00 0.00 0.00 0.00 0.00 0.00 0.00 0.00 0.00 0.00 0.00 0.00 0.00 0.00 
0.00 0.00 0.00 0.00 0.00 0.00 0.00 0.00 0.00 0.00 0.00 0.00 0.00 0.00 0.00 0.00 0.00 0.00 0.00 0.00 
0.00 0.00 0.00 0.00 0.00 0.00 0.00 0.00 0.00 0.00 0.00 0.00 0.00 0.00 0.00 0.00 0.00 0.00 0.00 0.00 
0.00 0.00 0.00 0.00 0.00 0.00 0.00 0.00 0.00 0.00 0.00 0.00 0.00 0.00 0.00 0.00 0.00 0.00 0.00 0.00 
0.00 0.00 0.00 0.00 0.00 0.00 0.00 0.00 0.00 0.00 0.00 0.00 0.00 0.00 0.00 0.00 0.00 0.00 0.00 0.00 
0.00 0.00 0.00 0.00 0.00 0.00 0.00 0.00 0.00 0.00 0.00 0.00 0.00 0.00 0.00 0.00 0.00 0.00 0.00 0.00 
0.00 0.00 0.00 0.00 0.00 0.00 0.00 0.00 0.00 0.00 0.00 0.00 0.00 0.00 0.00 0.00 0.00 0.00 0.00 0.00 
0.00 0.00 0.00 0.00 0.00 0.00 0.00 0.00 0.00 0.00 0.00 0.00 0.00 0.00 0.00 0.00 0.00 0.00 0.00 0.00 
0.00 0.00 0.00 0.00 0.00 0.00 0.00 0.00 0.00 0.00 0.00 0.00 0.00 0.00 0.00 0.00 0.00 0.00 0.00 0.00 
0.00 0.00 0.00 0.00 0.00 0.00 0.00 0.00 0.00 0.00 0.00 0.00 0.00 0.00 0.00 0.00 0.00 0.00 0.00 0.00 
0.00 0.00 0.00 0.00 0.00 0.00 0.00 0.00 0.00 0.00 0.00 0.00 0.00 0.00 0.00 0.00 0.00 0.00 0.00 0.00 
0.00 0.00 0.00 0.00 0.00 0.00 0.00 0.00 0.00 0.00 0.00 0.00 0.00 0.00 0.00 0.00 0.00 0.00 0.00 0.00 
0.00 0.00 0.00 0.00 0.00 0.00 0.00 0.00 0.00 0.00 0.00 0.00 0.00 0.00 0.00 0.00 0.00 0.00 0.00 0.00 
0.00 0.00 0.00 0.00 0.00 0.00 0.00 0.00 0.00 0.00 0.00 0.00 0.00 0.00 0.00 0.00 0.00 0.00 0.00 0.00 
0.00 0.00 0.00 0.00 0.00 0.00 0.00 0.00 0.00 0.00 0.00 0.00 0.00 0.00 0.00 0.00 0.00 0.00 0.00 0.00 
0.00 0.00 0.00 0.00 0.00 0.00 0.00 0.00 0.00 0.00 0.00 0.00 0.00 0.00 0.00 0.00 0.00 0.00 0.00 0.00 
0.00 0.00 0.00 0.00 0.00 0.00 0.00 0.00 0.00 0.00 0.00 0.00 0.00 0.00 0.00 0.00 0.00 0.00 0.00 0.00 
0.00 0.00 0.00 0.00 0.00 0.00 0.00 0.00 0.00 0.00 0.00 0.00 0.00 0.00 0.00 0.00 0.00 0.00 0.00 0.00 
0.00 0.00 0.00 0.00 0.00 0.00 0.00 0.00 0.00 0.00 0.00 0.00 0.00 0.00 0.00 0.00 0.00 0.00 0.00 0.00 
0.00 0.00 0.00 0.00 0.00 0.00 0.00 0.00 0.00 0.00 0.00 0.00 0.00 0.00 0.00 0.00 0.00 0.00 0.00 0.00 
0.00 0.00 0.00 0.00 0.00 0.00 0.00 0.00 0.00 0.00 0.00 0.00 0.00 0.00 0.00 0.00 0.00 0.00 0.00 0.00 
0.00 0.00 0.00 0.00 0.00 0.00 0.00 0.00 0.00 0.00 0.00 0.00 0.00 0.00 0.00 0.00 0.00 0.00 0.00 0.00 
0.00 0.00 0.00 0.00 0.00 0.00 0.00 0.00 0.00 0.00 0.00 0.00 0.00 0.00 0.00 0.00 0.00 0.00 0.00 0.00 
0.00 0.00 0.00 0.00 0.00 0.00 0.00 0.00 0.00 0.00 0.00 0.00 0.00 0.00 0.00 0.00 0.00 0.00 0.00 0.00 
0.00 0.00 0.00 0.00 0.00 0.00 0.00 0.00 0.00 0.00 0.00 0.00 0.00 0.00 0.00 0.00 0.00 0.00 0.00 0.00 
0.00 0.00 0.00 0.00 0.00 0.00 0.00 0.00 0.00 0.00 0.00 0.00 0.00 0.00 0.00 0.00 0.00 0.00 0.00 0.00 
0.00 0.00 0.00 0.00 0.00 0.00 0.00 0.00 0.00 0.00 0.00 0.00 0.00 0.00 0.00 0.00 0.00 0.00 0.00 0.00 
0.00 0.00 0.00 0.00 0.00 0.00 0.00 0.00 0.00 0.00 0.00 0.00 0.00 0.00 0.00 0.00 0.00 0.00 0.00 0.00 
0.00 0.00 0.00 0.00 0.00 0.00 0.00 0.00 0.00 0.00 0.00 0.00 0.00 0.00 0.00 0.00 0.00 0.00 0.00 0.00 
0.00 0.00 0.00 0.00 0.00 0.00 0.00 0.00 0.00 0.00 0.00 0.00 0.00 0.00 0.00 0.00 0.00 0.00 0.00 0.00 
0.00 0.00 0.00 0.00 0.00 0.00 0.00 0.00 0.00 0.00 0.00 0.00 0.00 0.00 0.00 0.00 0.00 0.00 0.00 0.00 
0.00 0.00 0.00 0.00 0.00 0.00 0.00 0.00 0.00 0.00 0.00 0.00 0.00 0.00 0.00 0.00 0.00 0.00 0.00 0.00 
0.00 0.00 0.00 0.00 0.00 0.00 0.00 0.00 0.00 0.00 0.00 0.00 0.00 0.00 0.00 0.00 0.00 0.00 0.00 0.00 
0.00 0.00 0.00 0.00 0.00 0.00 0.00 0.00 0.00 0.00 0.00 0.00 0.00 0.00 0.00 0.00 0.00 0.00 0.00 0.00 
0.00 0.00 0.00 0.00 0.00 0.00 0.00 0.00 0.00 0.00 0.00 0.00 0.00 0.00 0.00 0.00 0.00 0.00 0.00 0.00 
0.00 0.00 0.00 0.00 0.00 0.00 0.00 0.00 0.00 0.00 0.00 0.00 0.00 0.00 0.00 0.00 0.00 0.00 0.00 0.00 
0.00 0.00 0.00 0.00 0.00 0.00 0.00 0.00 0.00 0.00 0.00 0.00 0.00 0.00 0.00 0.00 0.00 0.00 0.00 0.00 
0.00 0.00 0.00 0.00 0.00 0.00 0.00 0.00 0.00 0.00 0.00 0.00 0.00 0.00 0.00 0.00 0.00 0.00 0.00 0.00 
0.00 0.00 0.00 0.00 0.00 0.00 0.00 0.00 0.00 0.00 0.00 0.00 0.00 0.00 0.00 0.00 0.00 0.00 0.00 0.00 
0.00 0.00 0.00 0.00 0.00 0.00 0.00 0.00 0.00 0.00 0.00 0.00 0.00 0.00 0.00 0.00 0.00 0.00 0.00 0.00 
0.00 0.00 0.00 0.00 0.00 0.00 0.00 0.00 0.00 0.00 0.00 0.00 0.00 0.00 0.00 0.00 0.00 0.00 0.00 0.00 
0.00 0.00 0.00 0.00 0.00 0.00 0.00 0.00 0.00 0.00 0.00 0.00 0.00 0.00 0.00 0.00 0.00 0.00 0.00 0.00 
0.00 0.00 0.00 0.00 0.00 0.00 0.00 0.00 0.00 0.00 0.00 0.00 0.00 0.00 0.00 0.00 0.00 0.00 0.00 0.00 
0.00 0.00 0.00 0.00 0.00 0.00 0.00 0.00 0.00 0.00 0.00 0.00 0.00 0.00 0.00 0.00 0.00 0.00 0.00 0.00 
0.00 0.00 0.00 0.00 0.00 0.00 0.00 0.00 0.00 0.00 0.00 0.00 0.00 0.00 0.00 0.00 0.00 0.00 0.00 0.00 
0.00 0.00 0.00 0.00 0.00 0.00 0.00 0.00 0.00 0.00 0.00 0.00 0.00 0.00 0.00 0.00 0.00 0.00 0.00 0.00 
0.00 0.00 0.00 0.00 0.00 0.00 0.00 0.00 0.00 0.00 0.00 0.00 0.00 0.00 0.00 0.00 0.00 0.00 0.00 0.00 
0.00 0.00 0.00 0.00 0.00 0.00 0.00 0.00 0.00 0.00 0.00 0.00 0.00 0.00 0.00 0.00 0.00 0.00 0.00 0.00 
0.00 0.00 0.00 0.00 0.00 0.00 0.00 0.00 0.00 0.00 0.00 0.00 0.00 0.00 0.00 0.00 0.00 0.00 0.00 0.00 
0.00 0.00 0.00 0.00 0.00 0.00 0.00 0.00 0.00 0.00 0.00 0.00 0.00 0.00 0.00 0.00 0.00 0.00 0.00 0.00 
0.00 0.00 0.00 0.00 0.00 0.00 0.00 0.00 0.00 0.00 0.00 0.00 0.00 0.00 0.00 0.00 0.00 0.00 0.00 0.00 
0.00 0.00 0.00 0.00 0.00 0.00 0.00 0.00 0.00 0.00 0.00 0.00 0.00 0.00 0.00 0.00 0.00 0.00 0.00 0.00 
0.00 0.00 0.00 0.00 0.00 0.00 0.00 0.00 0.00 0.00 0.00 0.00 0.00 0.00 0.00 0.00 0.00 0.00 0.00 0.00 
0.00 0.00 0.00 0.00 0.00 0.00 0.00 0.00 0.00 0.00 0.00 0.00 0.00 0.00 0.00 0.00 0.00 0.00 0.00 0.00 
0.00 0.00 0.00 0.00 0.00 0.00 0.00 0.00 0.00 0.00 0.00 0.00 0.00 0.00 0.00 0.00 0.00 0.00 0.00 0.00 
0.00 0.00 0.00 0.00 0.00 0.00 0.00 0.00 0.00 0.00 0.00 0.00 0.00 0.00 0.00 0.00 0.00 0.00 0.00 0.00 
0.00 0.00 0.00 0.00 0.00 0.00 0.00 0.00 0.00 0.00 0.00 0.00 0.00 0.00 0.00 0.00 0.00 0.00 0.00 0.00 
0.00 0.00 0.00 0.00 0.00 0.00 0.00 0.00 0.00 0.00 0.00 0.00 0.00 0.00 0.00 0.00 0.00 0.00 0.00 0.00 
0.00 0.00 0.00 0.00 0.00 0.00 0.00 0.00 0.00 0.00 0.00 0.00 0.00 0.00 0.00 0.00 0.00 0.00 0.00 0.00 
0.00 0.00 0.00 0.00 0.00 0.00 0.00 0.00 0.00 0.00 0.00 0.00 0.00 0.00 0.00 0.00 0.00 0.00 0.00 0.00 
0.00 0.00 0.00 0.00 0.00 0.00 0.00 0.00 0.00 0.00 0.00 0.00 0.00 0.00 0.00 0.00 0.00 0.00 0.00 0.00 
0.00 0.00 0.00 0.00 0.00 0.00 0.00 0.00 0.00 0.00 0.00 0.00 0.00 0.00 0.00 0.00 0.00 0.00 0.00 0.00 
end   dump: w
==END   DUMP_ARRAYS==
==BEGIN DUMP_ARRAYS==
begin dump: w
1823.65 54680160.00 60170236.00 69282328.00 79308296.00 89662944.00 100308560.00 110978208.00 121648464.00 132524496.00 143207440.00 154232592.00 165037568.00 175967136.00 186833984.00 197647648.00 208396752.00 219537776.00 230389776.00 241341104.00 
251955248.00 263188896.00 274152896.00 285163968.00 295833792.00 306484352.00 317814272.00 328677568.00 339595840.00 350744416.00 361374912.00 372376480.00 383155072.00 394292096.00 405235168.00 416111392.00 427045024.00 437964160.00 448962656.00 459936640.00 
470230080.00 481798048.00 492727328.00 503572736.00 514591456.00 525470368.00 536546752.00 547454208.00 558134528.00 569348928.00 579445184.00 591159744.00 602090048.00 613102784.00 623855616.00 634873088.00 645773184.00 656774016.00 667821824.00 678775168.00 
689348736.00 700598400.00 711453760.00 722568576.00 733158016.00 744299712.00 755285376.00 766271552.00 777124608.00 788469504.00 798921600.00 809934976.00 820848256.00 831946432.00 842622912.00 853385728.00 864672704.00 875847552.00 886593344.00 897529216.00 
907183616.00 919456896.00 930343616.00 941282112.00 952207424.00 963094912.00 974071168.00 985535168.00 995913344.00 1006984128.00 1017741888.00 1029076352.00 1039753472.00 1050481984.00 1061637696.00 1072456960.00 1083328256.00 1094508288.00 1105429248.00 1116291200.00 
1125698048.00 1138194688.00 1149189760.00 1160125952.00 1170983040.00 1181878784.00 1192995456.00 1203955584.00 1214755968.00 1225794176.00 1236593664.00 1247408000.00 1258417536.00 1269635072.00 1280503424.00 1291402624.00 1302390400.00 1313307264.00 1324378624.00 1335230208.00 
1345545472.00 1357110528.00 1368058112.00 1378970240.00 1389855744.00 1398818816.00 1411889664.00 1422950528.00 1433481088.00 1444335104.00 1455466112.00 1466512384.00 1477439488.00 1488306816.00 1499423232.00 1510264576.00 1521162240.00 1532337024.00 1543308416.00 1554133632.00 
1564729088.00 1575959424.00 1586846976.00 1598254976.00 1608609024.00 1619723136.00 1630708480.00 1641614976.00 1652451968.00 1663557888.00 1673669504.00 1685464448.00 1696225536.00 1707207936.00 1718637824.00 1729161344.00 1740094080.00 1751124480.00 1762057984.00 1772998144.00 
1782611200.00 1794848896.00 1805749248.00 1816732800.00 1827655168.00 1838540800.00 1849451008.00 1860732544.00 1871375744.00 1882284672.00 1893191552.00 1904259328.00 1915169152.00 1926162304.00 1937317120.00 1947659264.00 1958743168.00 1970025088.00 1980861568.00 1991813120.00 
2002425216.00 2013661056.00 2025124608.00 2035617792.00 2046454400.00 2057438080.00 2068315264.00 2079379968.00 2090260992.00 2101280768.00 2112030720.00 2123169536.00 2133848448.00 2145064320.00 2155956992.00 2166811648.00 2177765376.00 2188792064.00 2199660032.00 2210573312.00 
2218362880.00 2232637440.00 2243522048.00 2254500352.00 2265342464.00 2276254208.00 2287286528.00 2298353408.00 2308941056.00 2320169472.00 2330881792.00 2342060800.00 2352916224.00 2363912448.00 2374800384.00 2385716736.00 2396591616.00 2407669504.00 2418575872.00 2429541376.00 
2440156416.00 2451405056.00 2461792512.00 2473526272.00 2484098816.00 2494868736.00 2506205696.00 2517132032.00 2528018688.00 2538948096.00 2549792768.00 2560923904.00 2571730176.00 2582688000.00 2593678336.00 2604483328.00 2615595776.00 2626558976.00 2637433344.00 2648489216.00 
2658081280.00 2670349056.00 2681235200.00 2692299520.00 2703147008.00 2714045184.00 2725015040.00 2735957248.00 2746747648.00 2757756928.00 2764754176.00 2779896832.00 2790726912.00 2801665792.00 2812675328.00 2823481088.00 2834230784.00 2845427456.00 2856197120.00 2867378688.00 
2877930752.00 2889333504.00 2900115200.00 2911067648.00 2921897728.00 2932882432.00 2943823872.00 2954965504.00 2965758208.00 2976691712.00 2987525888.00 2998611968.00 3009305600.00 3020599296.00 3031502336.00 3041999616.00 3053367808.00 3064301056.00 3075232768.00 3086090496.00 
3096451072.00 3108112128.00 3118935552.00 3129850880.00 3140724736.00 3151479296.00 3163531008.00 3173918464.00 3184509696.00 3195663616.00 3206448640.00 3217547520.00 3228421888.00 3239464448.00 3250267904.00 3261197312.00 3272071424.00 3283150080.00 3294120704.00 3305017088.00 
3314365440.00 3326923264.00 3337897728.00 3348512768.00 3359512320.00 3370612480.00 3381600000.00 3392531712.00 3403683072.00 3414519296.00 3425294592.00 3436337664.00 3447188736.00 3458297600.00 3469185024.00 3480062720.00 3491164672.00 3502008320.00 3512960256.00 3523901696.00 
3533562112.00 3545923584.00 3556709376.00 3567708416.00 3578562816.00 3589175040.00 3600489728.00 3611472896.00 3622265344.00 3633272064.00 3644083712.00 3655121920.00 3665931264.00 3676229376.00 3688501248.00 3699114496.00 3709818112.00 3721009664.00 3731824128.00 3742999552.00 
3753452288.00 3764706560.00 3775617280.00 3786628352.00 3797402112.00 3808457728.00 3819395072.00 3830320896.00 3841345792.00 3852288768.00 3862372352.00 3874139136.00 3884792576.00 3896632832.00 3906986240.00 3917829120.00 3928777728.00 3939704064.00 3950713088.00 3961931520.00 
3971954176.00 3983520512.00 3994453504.00 4005319680.00 4016561920.00 4027314432.00 4038254848.00 4049244416.00 4059906816.00 4071083776.00 4081875200.00 4093001728.00 4103829760.00 4114871296.00 4125795584.00 4134703872.00 4147621888.00 4158678784.00 4169570304.00 4180539904.00 
4191151616.00 4202928896.00 4213313280.00 4224518912.00 4234985216.00 4246147072.00 4257195520.00 4267963392.00 4278932736.00 4290017536.00 4300733952.00 4311846400.00 4322642432.00 4333705728.00 4344647680.00 4355487232.00 4366427136.00 4377371136.00 4388242432.00 4398982656.00 
4403796480.00 4421698560.00 4432406528.00 4443333632.00 4454155776.00 4465066496.00 4476026880.00 4487003136.00 4497815552.00 4508828672.00 4519655424.00 4530796544.00 4541681664.00 4552615936.00 4563617792.00 4574433792.00 4585208320.00 4596446720.00 4607338496.00 4618288640.00 
4628907520.00 4639619584.00 4651089408.00 4662038016.00 4672867840.00 4683551744.00 4694883328.00 4705833472.00 4716647424.00 4727821824.00 4738545152.00 4749599232.00 4760301568.00 4771598848.00 4782423040.00 4793392128.00 4804285440.00 4815275008.00 4826187264.00 4836894720.00 
4847438336.00 4859019776.00 4869934080.00 4880871424.00 4891538432.00 4902975488.00 4913815040.00 4924733952.00 4935424512.00 4946813440.00 4956741632.00 4968518656.00 4979396096.00 4990391296.00 5001284608.00 5012219392.00 5023076352.00 5034078720.00 5045034496.00 5055855104.00 
5066625536.00 5077815808.00 5088960000.00 5099849728.00 5110512128.00 5121585152.00 5132575232.00 5143545856.00 5154424320.00 5165438464.00 5176210944.00 5187409920.00 5198188544.00 5209248768.00 5220181504.00 5230708224.00 5241900032.00 5253010944.00 5263937024.00 5274879488.00 
5284528128.00 5296649216.00 5307700224.00 5318691328.00 5329545728.00 5340511232.00 5351493632.00 5362442240.00 5373257728.00 5384340992.00 5395094016.00 5406164992.00 5417055232.00 5428051456.00 5438943232.00 5449804288.00 5460534272.00 5471675904.00 5482497024.00 5493102592.00 
5496519168.00 5516316160.00 5526920192.00 5537817600.00 5548537856.00 5559482368.00 5570414592.00 5581377024.00 5592323072.00 5603259904.00 5614064128.00 5625146368.00 5635840512.00 5647048704.00 5657929216.00 5668839424.00 5679717376.00 5690724864.00 5701725184.00 5712701952.00 
5722969088.00 5734470144.00 5745543680.00 5756412928.00 5767342592.00 5777914880.00 5789173248.00 5800237056.00 5810907136.00 5822077952.00 5832899072.00 5843983872.00 5854852608.00 5865747456.00 5876848640.00 5887698432.00 5898583552.00 5909645824.00 5920520704.00 5931479552.00 
5942154240.00 5953436672.00 5964325376.00 5975276544.00 5985944576.00 5996936704.00 6008265216.00 6019025408.00 6030008320.00 6040771072.00 6051105280.00 6062808576.00 6073709568.00 6084747264.00 6095670784.00 6106513920.00 6117571072.00 6128540160.00 6139415552.00 6150330880.00 
6160027648.00 6172326912.00 6183225856.00 6194165760.00 6204999168.00 6215968256.00 6226871296.00 6237893632.00 6248727552.00 6259762176.00 6270499328.00 6281215488.00 6292988928.00 6303710208.00 6314610176.00 6325137408.00 6336230400.00 6347442688.00 6358335488.00 6369413632.00 
6379908608.00 6391130624.00 6402079744.00 6413045248.00 6423880192.00 6434857984.00 6445875712.00 6456808960.00 6467565056.00 6478751232.00 6489501696.00 6500638208.00 6511281664.00 6522488320.00 6533386752.00 6544288256.00 6555238912.00 6566085632.00 6577138176.00 6588051968.00 
6595801600.00 6610116608.00 6620987904.00 6631922176.00 6642827264.00 6653736448.00 6664583168.00 6675646464.00 6686356992.00 6697647104.00 6708362240.00 6719406080.00 6730331136.00 6741320192.00 6752232448.00 6763013632.00 6774150144.00 6785103360.00 6796044288.00 6806893568.00 
6817627648.00 6828878336.00 6839787008.00 6850810880.00 6861437440.00 6870612480.00 6883632128.00 6894553088.00 6905445888.00 6916426240.00 6927221760.00 6938270208.00 6949200384.00 6960235008.00 6971090432.00 6982044160.00 6992943104.00 7003984896.00 7014903296.00 7025831936.00 
7035500544.00 7047698432.00 7058711040.00 7069711360.00 7080484352.00 7091385856.00 7102453760.00 7113243136.00 7124222976.00 7135220736.00 7145415168.00 7157117952.00 7168018944.00 7178971648.00 7189980160.00 7200833536.00 7211588608.00 7222721536.00 7233683968.00 7244579328.00 
7255236096.00 7266428416.00 7277341696.00 7288237056.00 7298930688.00 7309650432.00 7319548928.00 7335924736.00 7344103424.00 7354684928.00 7365327360.00 7376349696.00 7386999296.00 7398151168.00 7409069056.00 7419599360.00 7430838272.00 7441855488.00 7452835328.00 7463692288.00 
7474011136.00 7485587968.00 7496549888.00 7507534848.00 7518333440.00 7529295872.00 7540299776.00 7551210496.00 7561926656.00 7573139968.00 7583928832.00 7595027968.00 7605852160.00 7616882688.00 7627813888.00 7638680576.00 7649633792.00 7660710400.00 7671587840.00 7682490880.00 
7691840000.00 7704395776.00 7715371520.00 7726330368.00 7736988672.00 7748092416.00 7759414784.00 7770077184.00 7780979200.00 7792007168.00 7802767872.00 7813820416.00 7824672256.00 7835701760.00 7846475776.00 7857607680.00 7868511232.00 7879696896.00 7890558976.00 7901381632.00 
7911034880.00 7923273216.00 7934180352.00 7945120256.00 7956039680.00 7966636544.00 7977921536.00 7988630016.00 7999883264.00 8010878464.00 8021639680.00 8032729088.00 8043612160.00 8054583296.00 8065528320.00 8076408320.00 8087154688.00 8098545664.00 8109299712.00 8120214528.00 
8130875904.00 8142172672.00 8153104384.00 8164056064.00 8174833664.00 8185811456.00 8196810240.00 8207878144.00 8218648576.00 8229522432.00 8236552704.00 8251731456.00 8262351872.00 8273537024.00 8284415488.00 8295312896.00 8306262528.00 8317260800.00 8328185344.00 8339142656.00 
8349432320.00 8361007104.00 8372193280.00 8382865408.00 8393780736.00 8404737024.00 8415812096.00 8426676736.00 8437336064.00 8448294912.00 8459427328.00 8470476800.00 8481388544.00 8492307968.00 8503226880.00 8513845248.00 8525044224.00 8536099328.00 8547169280.00 8558021632.00 
8568628736.00 8579878400.00 8590781440.00 8601809920.00 8612465664.00 8623561728.00 8634626048.00 8645515264.00 8656481280.00 8667497472.00 8678209536.00 8689324032.00 8700107776.00 8711123968.00 8722067456.00 8732963840.00 8743900160.00 8754928640.00 8765714432.00 8776450048.00 
8781262848.00 8799177728.00 8809887744.00 8820759552.00 8831630336.00 8842539008.00 8853580800.00 8864292864.00 8875290624.00 8886437888.00 8897133568.00 8908272640.00 8919098368.00 8930049024.00 8941043712.00 8951983104.00 8962688000.00 8973879296.00 8984696832.00 8995758080.00 
9006390272.00 9017628672.00 9028564992.00 9039459328.00 9050427392.00 9061022720.00 9072300032.00 9083253760.00 9094203392.00 9105165312.00 9115968512.00 9127077888.00 9137722368.00 9148751872.00 9159968768.00 9170819072.00 9181762560.00 9192693760.00 9203673088.00 9214630912.00 
9224920064.00 9236486144.00 9247154176.00 9258420224.00 9269277696.00 9280186368.00 9291113472.00 9302152192.00 9312852992.00 9324026880.00 9334182912.00 9345860608.00 9356828672.00 9367797760.00 9378710528.00 9389568000.00 9400370176.00 9410064384.00 9422766080.00 9433589760.00 
9444185088.00 9455421440.00 9466300416.00 9477273600.00 9487986688.00 9499144192.00 9510132736.00 9521113088.00 9531974656.00 9542907904.00 9553761280.00 9564884992.00 9575661568.00 9586665472.00 9597611008.00 9606513664.00 9619500032.00 9630437376.00 9641290752.00 9652369408.00 
9662005248.00 9674264576.00 9685175296.00 9696121856.00 9707028480.00 9717942272.00 9728917504.00 9739850752.00 9750607872.00 9762999296.00 9772701696.00 9783763968.00 9794613248.00 9805598720.00 9816504320.00 9827422208.00 9838156800.00 9849363456.00 9860367360.00 9871212544.00 
9880548352.00 9893134336.00 9904136192.00 9914975232.00 9925833728.00 9936825344.00 9947853824.00 9958803456.00 9969611776.00 9979689984.00 9991547904.00 10002629632.00 10013265920.00 10024344576.00 10035350528.00 10046267392.00 10057207808.00 10068281344.00 10079064064.00 10090174464.00 
10100385792.00 10111944704.00 10122893312.00 10133039104.00 10144822272.00 10155374592.00 10166733824.00 10177659904.00 10188324864.00 10199543808.00 10210312192.00 10221333504.00 10232281088.00 10243164160.00 10254262272.00 10265128960.00 10276001792.00 10287057920.00 10298007552.00 10308957184.00 
10319574016.00 10330654720.00 10341797888.00 10352705536.00 10363424768.00 10374541312.00 10385565696.00 10396460032.00 10407438336.00 10418382848.00 10428530688.00 10440274944.00 10451060736.00 10462188544.00 10473095168.00 10483989504.00 10494916608.00 10505973760.00 10516888576.00 10527819776.00 
10537459712.00 10549678080.00 10560562176.00 10571973632.00 10582463488.00 10593379328.00 10604434432.00 10615318528.00 10626200576.00 10637245440.00 10648038400.00 10659072000.00 10670017536.00 10681278464.00 10691907584.00 10702477312.00 10713565184.00 10724725760.00 10735678464.00 10746620928.00 
10757250048.00 10768495616.00 10779431936.00 10790337536.00 10801177600.00 10812157952.00 10823166976.00 10833988608.00 10844987392.00 10855825408.00 10866712576.00 10877852672.00 10888416256.00 10899527680.00 10910409728.00 10921243648.00 10932049920.00 10942848000.00 10953293824.00 10962870272.00 
10960083968.00 10990239744.00 10999789568.00 11010264064.00 11020951552.00 11031736320.00 11042668544.00 11053600768.00 11064204288.00 11075255296.00 11086111744.00 11097283584.00 11108032512.00 11119125504.00 11129907200.00 11140833280.00 11151713280.00 11162772480.00 11173648384.00 11184630784.00 
11195235328.00 11206492160.00 11217411072.00 11228388352.00 11239050240.00 11249851392.00 11261176832.00 11271840768.00 11282990080.00 11294041088.00 11304787968.00 11315879936.00 11326680064.00 11337804800.00 11348648960.00 11359593472.00 11370548224.00 11381146624.00 11392508928.00 11403443200.00 
11413059584.00 11425296384.00 11436205056.00 11447138304.00 11458101248.00 11468992512.00 11479986176.00 11490932736.00 11501822976.00 11512841216.00 11522991104.00 11534736384.00 11545572352.00 11556661248.00 11567521792.00 11578444800.00 11589190656.00 11600398336.00 11611293696.00 11622471680.00 
11632912384.00 11644155904.00 11655069696.00 11666061312.00 11676872704.00 11687857152.00 11698819072.00 11709947904.00 11720748032.00 11731771392.00 11742508032.00 11753565184.00 11764301824.00 11775463424.00 11786350592.00 11796942848.00 11808188416.00 11820058624.00 11830196224.00 11841181696.00 
11851446272.00 11862939648.00 11874016256.00 11884845056.00 11895812096.00 11906723840.00 11917721600.00 11928770560.00 11939348480.00 11950493696.00 11961276416.00 11973427200.00 11983398912.00 11994316800.00 12005228544.00 12016162816.00 12027059200.00 12038137856.00 12048937984.00 12059975680.00 
12069311488.00 12081883136.00 12092717056.00 12103756800.00 12114473984.00 12125559808.00 12136574976.00 12147504128.00 12158401536.00 12169342976.00 12180128768.00 12190123008.00 12202291200.00 12213257216.00 12224158720.00 12235052032.00 12245993472.00 12256994304.00 12267888640.00 12278859776.00 
12288507904.00 12300742656.00 12311778304.00 12322679808.00 12333512704.00 12342494208.00 12355474432.00 12366453760.00 12377220096.00 12388226048.00 12399070208.00 12410194944.00 12421037056.00 12432007168.00 12442967040.00 12453835776.00 12464626688.00 12475849728.00 12486787072.00 12497691648.00 
12508312576.00 12519529472.00 12530296832.00 12543046656.00 12552520704.00 12563408896.00 12574369792.00 12585307136.00 12596189184.00 12607254528.00 12617304064.00 12629094400.00 12639767552.00 12650951680.00 12661960704.00 12672799744.00 12683746304.00 12694686720.00 12705918976.00 12716625920.00 
12726902784.00 12738473984.00 12749400064.00 12760424448.00 12771261440.00 12782167040.00 12793111552.00 12804352000.00 12814894080.00 12826037248.00 12836857856.00 12847959040.00 12858815488.00 12869849088.00 12880788480.00 12891305984.00 12902464512.00 12913653760.00 12924518400.00 12935487488.00 
12946106368.00 12957343744.00 12968391680.00 12979240960.00 12989943808.00 13000999936.00 13012042752.00 13023064064.00 13033914368.00 13044841472.00 13055689728.00 13066673152.00 13077587968.00 13088808960.00 13099499520.00 13110445056.00 13121384448.00 13132370944.00 13143211008.00 13153939456.00 
13158744064.00 13176642560.00 13187364864.00 13198179328.00 13209113600.00 13220022272.00 13231006720.00 13242001408.00 13252771840.00 13263789056.00 13274611712.00 13285627904.00 13296533504.00 13307595776.00 13318458368.00 13329418240.00 13340149760.00 13351308288.00 13362300928.00 13373230080.00 
13383863296.00 13395090432.00 13405921280.00 13417019392.00 13427846144.00 13438488576.00 13449853952.00 13460817920.00 13471625216.00 13482637312.00 13493388288.00 13504818176.00 13515291648.00 13526441984.00 13537266688.00 13548251136.00 13559239680.00 13570250752.00 13580897280.00 13592109056.00 
13602397184.00 13613963264.00 13624890368.00 13635860480.00 13646751744.00 13657668608.00 13668661248.00 13679580160.00 13690269696.00 13701382144.00 13708392448.00 13723592704.00 13734378496.00 13745240064.00 13756268544.00 13767177216.00 13778064384.00 13789070336.00 13799981056.00 13810942976.00 
13821612032.00 13832892416.00 13843774464.00 13854576640.00 13865458688.00 13876579328.00 13887540224.00 13898535936.00 13909396480.00 13920370688.00 13931194368.00 13942244352.00 13953025024.00 13964489728.00 13975157760.00 13985690624.00 13996981248.00 14007999488.00 14018906112.00 14029834240.00 
14039484416.00 14051740672.00 14062520320.00 14073417728.00 14084495360.00 14095368192.00 14106605568.00 14117417984.00 14128212992.00 14139295744.00 14150042624.00 14161112064.00 14172038144.00 14183029760.00 14193659904.00 14204888064.00 14215635968.00 14226781184.00 14237715456.00 14248708096.00 
14258033664.00 14270617600.00 14281493504.00 14292400128.00 14303249408.00 14314309632.00 14325261312.00 14336227328.00 14347164672.00 14358093824.00 14368902144.00 14379965440.00 14390696960.00 14401907712.00 14412780544.00 14423681024.00 14434683904.00 14445574144.00 14456529920.00 14467525632.00 
14477817856.00 14489420800.00 14500257792.00 14511269888.00 14522178560.00 14532741120.00 14544022528.00 14554954752.00 14565629952.00 14576765952.00 14587493376.00 14598429696.00 14608906240.00 14617186304.00 14633518080.00 14643331072.00 14653958144.00 14664877056.00 14675731456.00 14686690304.00 
14697246720.00 14708541440.00 14719401984.00 14730397696.00 14741044224.00 14752156672.00 14763099136.00 14774145024.00 14784993280.00 14795998208.00 14806093824.00 14817898496.00 14828663808.00 14839876608.00 14850642944.00 14861603840.00 14872518656.00 14883398656.00 14894363648.00 14905422848.00 
14915015680.00 14927288320.00 14938183680.00 14949125120.00 14960084992.00 14970934272.00 14981992448.00 14992874496.00 15003679744.00 15014847488.00 15025599488.00 15036682240.00 15047581696.00 15058563072.00 15069453312.00 15078403072.00 15091188736.00 15102305280.00 15113290752.00 15124237312.00 
15134862336.00 15146237952.00 15157043200.00 15168028672.00 15178743808.00 15189977088.00 15200836608.00 15211788288.00 15222678528.00 15233725440.00 15244459008.00 15255471104.00 15266256896.00 15277469696.00 15288491008.00 15299232768.00 15310187520.00 15321190400.00 15332077568.00 15342989312.00 
15350751232.00 15365064704.00 15375938560.00 15387027456.00 15397779456.00 15408696320.00 15419691008.00 15430625280.00 15441345536.00 15452467200.00 15463320576.00 15474364416.00 15485443072.00 15496300544.00 15507214336.00 15518119936.00 15529012224.00 15540058112.00 15551006720.00 15561965568.00 
15572572160.00 15583705088.00 15594745856.00 15605667840.00 15616389120.00 15627182080.00 15638473728.00 15649406976.00 15660024832.00 15671906304.00 15682326528.00 15693348864.00 15704154112.00 15715220480.00 15726202880.00 15737015296.00 15748020224.00 15758939136.00 15769868288.00 15780774912.00 
15790483456.00 15802787840.00 15813667840.00 15824569344.00 15835447296.00 15846472704.00 15857413120.00 15868360704.00 15879165952.00 15890296832.00 15900416000.00 15912341504.00 15923011584.00 15934080000.00 15944814592.00 15956049920.00 15966681088.00 15977832448.00 15988765696.00 15999683584.00 
16010345472.00 16021627904.00 16032570368.00 16043481088.00 16054304768.00 16065281024.00 16076228608.00 16087374848.00 16098159616.00 16109135872.00 16119923712.00 16131039232.00 16141703168.00 16152876032.00 16163914752.00 16174415872.00 16185676800.00 16196699136.00 16207528960.00 16218652672.00 
16228846592.00 16240405504.00 16251347968.00 16262391808.00 16273291264.00 16284148736.00 16295141376.00 16306050048.00 16316785664.00 16327966720.00 16338749440.00 16349869056.00 16360674304.00 16371738624.00 16382669824.00 16393503744.00 16404354048.00 16415304704.00 16426167296.00 16436802560.00 
16440173568.00 16459997184.00 16470578176.00 16481435648.00 16492095488.00 16503177216.00 16514146304.00 16525057024.00 16535960576.00 16546942976.00 16557727744.00 16568774656.00 16579632128.00 16590672896.00 16601602048.00 16612474880.00 16623472640.00 16634419200.00 16645380096.00 16656459776.00 
16665993216.00 16678237184.00 16689137664.00 16700108800.00 16711134208.00 16721611776.00 16732901376.00 16743855104.00 16754695168.00 16765716480.00 16776612864.00 16787670016.00 16798594048.00 16809560064.00 16820513792.00 16831387648.00 16842116096.00 16853267456.00 16864116736.00 16875314176.00 
16885868544.00 16897259520.00 16908054528.00 16919051264.00 16929814528.00 16940765184.00 16951808000.00 16962716672.00 16973614080.00 16984600576.00 16994770944.00 17006314496.00 17017211904.00 17028375552.00 17039262720.00 17050006528.00 17061482496.00 17072247808.00 17083144192.00 17094091776.00 
17104381952.00 17116215296.00 17126905856.00 17137838080.00 17148725248.00 17159604224.00 17170647040.00 17181513728.00 17192318976.00 17203509248.00 17214271488.00 17225267200.00 17236371456.00 17247285248.00 17258203136.00 17268770816.00 17280014336.00 17291069440.00 17301999616.00 17313503232.00 
17323589632.00 17334835200.00 17345734656.00 17356666880.00 17367402496.00 17378545664.00 17389463552.00 17400512512.00 17411328000.00 17422323712.00 17433163776.00 17444290560.00 17455067136.00 17466101760.00 17477066752.00 17487910912.00 17498855424.00 17509773312.00 17520658432.00 17531426816.00 
17536198656.00 17554132992.00 17564848128.00 17575741440.00 17586589696.00 17597495296.00 17608433664.00 17619406848.00 17630240768.00 17641263104.00 17652092928.00 17663100928.00 17674080256.00 17685161984.00 17695891456.00 17706831872.00 17717641216.00 17728610304.00 17739757568.00 17750196224.00 
17761337344.00 17772570624.00 17783521280.00 17794433024.00 17805256704.00 17814306816.00 17827293184.00 17838243840.00 17849188352.00 17860108288.00 17870938112.00 17882032128.00 17892728832.00 17903878144.00 17914822656.00 17925664768.00 17936465920.00 17947799552.00 17958627328.00 17969596416.00 
17979871232.00 17991188480.00 18002376704.00 18013409280.00 18024245248.00 18035148800.00 18046089216.00 18056491008.00 18067836928.00 18078982144.00 18089134080.00 18100826112.00 18111678464.00 18122786816.00 18133682176.00 18144530432.00 18155487232.00 18166489088.00 18177462272.00 18188423168.00 
18199037952.00 18210117632.00 18221256704.00 18232100864.00 18242793472.00 18253867008.00 18264588288.00 18276872192.00 18287085568.00 18297989120.00 18308745216.00 18319839232.00 18330621952.00 18341632000.00 18352584704.00 18363150336.00 18374447104.00 18385399808.00 18396360704.00 18407200768.00 
18416965632.00 18429227008.00 18440128512.00 18451089408.00 18461841408.00 18472935424.00 18483886080.00 18494814208.00 18505697280.00 18516785152.00 18527531008.00 18538594304.00 18549325824.00 18560571392.00 18571485184.00 18582368256.00 18593103872.00 18604597248.00 18615181312.00 18626183168.00 
18635487232.00 18648115200.00 18658942976.00 18669948928.00 18680819712.00 18691792896.00 18702817280.00 18713651200.00 18724591616.00 18735572992.00 18746365952.00 18757443584.00 18768111616.00 18779193344.00 18789550080.00 18801504256.00 18812280832.00 18823268352.00 18834145280.00 18845009920.00 
18855376896.00 18867025920.00 18877851648.00 18888785920.00 18899642368.00 18910312448.00 18921588736.00 18932512768.00 18943320064.00 18954493952.00 18965305344.00 18976417792.00 18987266048.00 18998155264.00 19009265664.00 19020091392.00 19030982656.00 19042041856.00 19052965888.00 19063795712.00 
19074537472.00 19085750272.00 19096889344.00 19107696640.00 19118376960.00 19129507840.00 19140425728.00 19151458304.00 19162290176.00 19173210112.00 19180193792.00 19195355136.00 19206144000.00 19217162240.00 19228067840.00 19238930432.00 19249860608.00 19260803072.00 19271841792.00 19282774016.00 
19292444672.00 19304632320.00 19315652608.00 19326554112.00 19337420800.00 19348510720.00 19359408128.00 19370426368.00 19381159936.00 19392190464.00 19403008000.00 19414196224.00 19424993280.00 19435978752.00 19446872064.00 19457449984.00 19468529664.00 19479592960.00 19491276800.00 19501721600.00 
19512338432.00 19523588096.00 19534505984.00 19545436160.00 19556288512.00 19567259648.00 19578286080.00 19589206016.00 19600099328.00 19611074560.00 19621941248.00 19632953344.00 19643688960.00 19654768640.00 19665797120.00 19676719104.00 19687686144.00 19698626560.00 19709544448.00 19720476672.00 
19728191488.00 19742541824.00 19753408512.00 19764326400.00 19775238144.00 19786158080.00 19797118976.00 19808061440.00 19818776576.00 19829944320.00 19840790528.00 19851837440.00 19862779904.00 19873748992.00 19884769280.00 19895545856.00 19906433024.00 19917475840.00 19927959552.00 19939450880.00 
19950053376.00 19961309184.00 19972220928.00 19983085568.00 19993880576.00 20004648960.00 20015767552.00 20026941440.00 20037838848.00 20048840704.00 20059633664.00 20070846464.00 20081502208.00 20092372992.00 20103634944.00 20114444288.00 20125360128.00 20136384512.00 20147318784.00 20158269440.00 
20167907328.00 20180111360.00 20191016960.00 20201992192.00 20212910080.00 20223821824.00 20234448896.00 20245901312.00 20256638976.00 20267657216.00 20277843968.00 20289556480.00 20300548096.00 20311508992.00 20322349056.00 20333262848.00 20344006656.00 20354869248.00 20366221312.00 20377161728.00 
20387768320.00 20398974976.00 20409782272.00 20420769792.00 20431730688.00 20442714112.00 20453666816.00 20464805888.00 20475557888.00 20486586368.00 20497367040.00 20508792832.00 20519127040.00 20530173952.00 20541204480.00 20550189056.00 20563146752.00 20574154752.00 20585021440.00 20596025344.00 
20606265344.00 20617873408.00 20628711424.00 20639821824.00 20650622976.00 20661573632.00 20672577536.00 20683479040.00 20694202368.00 20705712128.00 20716218368.00 20727316480.00 20738267136.00 20749158400.00 20760084480.00 20771100672.00 20781916160.00 20792995840.00 20803897344.00 20814923776.00 
20824180736.00 20836823040.00 20847665152.00 20858601472.00 20869308416.00 20880515072.00 20891435008.00 20902629376.00 20913272832.00 20924030976.00 20935094272.00 20946135040.00 20956964864.00 20967575552.00 20979027968.00 20989882368.00 21000800256.00 21011845120.00 21022740480.00 21033672704.00 
21043335168.00 21055567872.00 21066487808.00 21077260288.00 21088342016.00 21098946560.00 21110439936.00 21121165312.00 21132032000.00 21143185408.00 21153900544.00 21164654592.00 21175902208.00 21186846720.00 21197803520.00 21208678400.00 21219463168.00 21230538752.00 21241624576.00 21252534272.00 
21263149056.00 21274347520.00 21285269504.00 21296340992.00 21307109376.00 21318109184.00 21329233920.00 21339998208.00 21350922240.00 21361965056.00 21372061696.00 21383747584.00 21394491392.00 21405659136.00 21416542208.00 21427519488.00 21438439424.00 21449549824.00 21460361216.00 21471313920.00 
21481603072.00 21493176320.00 21504120832.00 21515165696.00 21525962752.00 21536866304.00 21547857920.00 21558835200.00 21569464320.00 21580730368.00 21591447552.00 21602373632.00 21613414400.00 21624453120.00 21635258368.00 21645846528.00 21657055232.00 21667940352.00 21678929920.00 21689923584.00 
21700546560.00 21711771648.00 21722689536.00 21733570560.00 21744218112.00 21755332608.00 21766258688.00 21777137664.00 21787965440.00 21798885376.00 21809604608.00 21820608512.00 21831215104.00 21842135040.00 21852764160.00 21863311360.00 21873696768.00 21883830272.00 21892904960.00 21898426368.00 
end   dump: w
==END   DUMP_ARRAYS==
Time in seconds = 0.055955
