Sender: LSF System <lsfadmin@polus-c2-ib.bmc.hpc.cs.msu.ru>
Subject: Job 494025: <./large.o> in cluster <MSUCluster> Done

Job <./large.o> was submitted from host <polus-ib.bmc.hpc.cs.msu.ru> by user <edu-cmc-skpod19-328-11> in cluster <MSUCluster> at Fri Nov 29 23:39:32 2019
Job was executed on host(s) <15*polus-c2-ib.bmc.hpc.cs.msu.ru>, in queue <short>, as user <edu-cmc-skpod19-328-11> in cluster <MSUCluster> at Fri Nov 29 23:42:27 2019
                            <2*polus-c4-ib.bmc.hpc.cs.msu.ru>
</home_edu/edu-cmc-skpod19-328/edu-cmc-skpod19-328-11> was used as the home directory.
</home_edu/edu-cmc-skpod19-328/edu-cmc-skpod19-328-11/dep_gemver> was used as the working directory.
Started at Fri Nov 29 23:42:27 2019
Terminated at Fri Nov 29 23:42:28 2019
Results reported at Fri Nov 29 23:42:28 2019

Your job looked like:

------------------------------------------------------------
# LSBATCH: User input
./large.o
------------------------------------------------------------

Successfully completed.

Resource usage summary:

    CPU time :                                   5.63 sec.
    Max Memory :                                 4 MB
    Average Memory :                             2.00 MB
    Total Requested Memory :                     -
    Delta Memory :                               -
    Max Swap :                                   -
    Max Processes :                              1
    Max Threads :                                1
    Run time :                                   1 sec.
    Turnaround time :                            176 sec.

The output (if any) follows:

==BEGIN DUMP_ARRAYS==
begin dump: w
0.00 0.00 0.00 0.00 0.00 0.00 0.00 0.00 0.00 0.00 0.00 0.00 0.00 0.00 0.00 0.00 0.00 0.00 0.00 0.00 
0.00 0.00 0.00 0.00 0.00 0.00 0.00 0.00 0.00 0.00 0.00 0.00 0.00 0.00 0.00 0.00 0.00 0.00 0.00 0.00 
0.00 0.00 0.00 0.00 0.00 0.00 0.00 0.00 0.00 0.00 0.00 0.00 0.00 0.00 0.00 0.00 0.00 0.00 0.00 0.00 
0.00 0.00 0.00 0.00 0.00 0.00 0.00 0.00 0.00 0.00 0.00 0.00 0.00 0.00 0.00 0.00 0.00 0.00 0.00 0.00 
0.00 0.00 0.00 0.00 0.00 0.00 0.00 0.00 0.00 0.00 0.00 0.00 0.00 0.00 0.00 0.00 0.00 0.00 0.00 0.00 
0.00 0.00 0.00 0.00 0.00 0.00 0.00 0.00 0.00 0.00 0.00 0.00 0.00 0.00 0.00 0.00 0.00 0.00 0.00 0.00 
0.00 0.00 0.00 0.00 0.00 0.00 0.00 0.00 0.00 0.00 0.00 0.00 0.00 0.00 0.00 0.00 0.00 0.00 0.00 0.00 
0.00 0.00 0.00 0.00 0.00 0.00 0.00 0.00 0.00 0.00 0.00 0.00 0.00 0.00 0.00 0.00 0.00 0.00 0.00 0.00 
0.00 0.00 0.00 0.00 0.00 0.00 0.00 0.00 0.00 0.00 0.00 0.00 0.00 0.00 0.00 0.00 0.00 0.00 0.00 0.00 
0.00 0.00 0.00 0.00 0.00 0.00 0.00 0.00 0.00 0.00 0.00 0.00 0.00 0.00 0.00 0.00 0.00 0.00 0.00 0.00 
0.00 0.00 0.00 0.00 0.00 0.00 0.00 0.00 0.00 0.00 0.00 0.00 0.00 0.00 0.00 0.00 0.00 0.00 0.00 0.00 
0.00 0.00 0.00 0.00 0.00 0.00 0.00 0.00 0.00 0.00 0.00 0.00 0.00 0.00 0.00 0.00 0.00 0.00 0.00 0.00 
0.00 0.00 0.00 0.00 0.00 0.00 0.00 0.00 0.00 0.00 0.00 0.00 0.00 0.00 0.00 0.00 0.00 0.00 0.00 0.00 
0.00 0.00 0.00 0.00 0.00 0.00 0.00 0.00 0.00 0.00 0.00 0.00 0.00 0.00 0.00 0.00 0.00 0.00 0.00 0.00 
0.00 0.00 0.00 0.00 0.00 0.00 0.00 0.00 0.00 0.00 0.00 0.00 0.00 0.00 0.00 0.00 0.00 0.00 0.00 0.00 
0.00 0.00 0.00 0.00 0.00 0.00 0.00 0.00 0.00 0.00 0.00 0.00 0.00 0.00 0.00 0.00 0.00 0.00 0.00 0.00 
0.00 0.00 0.00 0.00 0.00 0.00 0.00 0.00 0.00 0.00 0.00 0.00 0.00 0.00 0.00 0.00 0.00 0.00 0.00 0.00 
0.00 0.00 0.00 0.00 0.00 0.00 0.00 0.00 0.00 0.00 0.00 0.00 0.00 0.00 0.00 0.00 0.00 0.00 0.00 0.00 
0.00 0.00 0.00 0.00 0.00 0.00 0.00 0.00 0.00 0.00 0.00 0.00 0.00 0.00 0.00 0.00 0.00 0.00 0.00 0.00 
0.00 0.00 0.00 0.00 0.00 0.00 0.00 0.00 0.00 0.00 0.00 0.00 0.00 0.00 0.00 0.00 0.00 0.00 0.00 0.00 
0.00 0.00 0.00 0.00 0.00 0.00 0.00 0.00 0.00 0.00 0.00 0.00 0.00 0.00 0.00 0.00 0.00 0.00 0.00 0.00 
0.00 0.00 0.00 0.00 0.00 0.00 0.00 0.00 0.00 0.00 0.00 0.00 0.00 0.00 0.00 0.00 0.00 0.00 0.00 0.00 
0.00 0.00 0.00 0.00 0.00 0.00 0.00 0.00 0.00 0.00 0.00 0.00 0.00 0.00 0.00 0.00 0.00 0.00 0.00 0.00 
0.00 0.00 0.00 0.00 0.00 0.00 0.00 0.00 0.00 0.00 0.00 0.00 0.00 0.00 0.00 0.00 0.00 0.00 0.00 0.00 
0.00 0.00 0.00 0.00 0.00 0.00 0.00 0.00 0.00 0.00 0.00 0.00 0.00 0.00 0.00 0.00 0.00 0.00 0.00 0.00 
0.00 0.00 0.00 0.00 0.00 0.00 0.00 0.00 0.00 0.00 0.00 0.00 0.00 0.00 0.00 0.00 0.00 0.00 0.00 0.00 
0.00 0.00 0.00 0.00 0.00 0.00 0.00 0.00 0.00 0.00 0.00 0.00 0.00 0.00 0.00 0.00 0.00 0.00 0.00 0.00 
0.00 0.00 0.00 0.00 0.00 0.00 0.00 0.00 0.00 0.00 0.00 0.00 0.00 0.00 0.00 0.00 0.00 0.00 0.00 0.00 
0.00 0.00 0.00 0.00 0.00 0.00 0.00 0.00 0.00 0.00 0.00 0.00 0.00 0.00 0.00 0.00 0.00 0.00 0.00 0.00 
0.00 0.00 0.00 0.00 0.00 0.00 0.00 0.00 0.00 0.00 0.00 0.00 0.00 0.00 0.00 0.00 0.00 0.00 0.00 0.00 
0.00 0.00 0.00 0.00 0.00 0.00 0.00 0.00 0.00 0.00 0.00 0.00 0.00 0.00 0.00 0.00 0.00 0.00 0.00 0.00 
0.00 0.00 0.00 0.00 0.00 0.00 0.00 0.00 0.00 0.00 0.00 0.00 0.00 0.00 0.00 0.00 0.00 0.00 0.00 0.00 
0.00 0.00 0.00 0.00 0.00 0.00 0.00 0.00 0.00 0.00 0.00 0.00 0.00 0.00 0.00 0.00 0.00 0.00 0.00 0.00 
0.00 0.00 0.00 0.00 0.00 0.00 0.00 0.00 0.00 0.00 0.00 0.00 0.00 0.00 0.00 0.00 0.00 0.00 0.00 0.00 
0.00 0.00 0.00 0.00 0.00 0.00 0.00 0.00 0.00 0.00 0.00 0.00 0.00 0.00 0.00 0.00 0.00 0.00 0.00 0.00 
0.00 0.00 0.00 0.00 0.00 0.00 0.00 0.00 0.00 0.00 0.00 0.00 0.00 0.00 0.00 0.00 0.00 0.00 0.00 0.00 
0.00 0.00 0.00 0.00 0.00 0.00 0.00 0.00 0.00 0.00 0.00 0.00 0.00 0.00 0.00 0.00 0.00 0.00 0.00 0.00 
0.00 0.00 0.00 0.00 0.00 0.00 0.00 0.00 0.00 0.00 0.00 0.00 0.00 0.00 0.00 0.00 0.00 0.00 0.00 0.00 
0.00 0.00 0.00 0.00 0.00 0.00 0.00 0.00 0.00 0.00 0.00 0.00 0.00 0.00 0.00 0.00 0.00 0.00 0.00 0.00 
0.00 0.00 0.00 0.00 0.00 0.00 0.00 0.00 0.00 0.00 0.00 0.00 0.00 0.00 0.00 0.00 0.00 0.00 0.00 0.00 
0.00 0.00 0.00 0.00 0.00 0.00 0.00 0.00 0.00 0.00 0.00 0.00 0.00 0.00 0.00 0.00 0.00 0.00 0.00 0.00 
0.00 0.00 0.00 0.00 0.00 0.00 0.00 0.00 0.00 0.00 0.00 0.00 0.00 0.00 0.00 0.00 0.00 0.00 0.00 0.00 
0.00 0.00 0.00 0.00 0.00 0.00 0.00 0.00 0.00 0.00 0.00 0.00 0.00 0.00 0.00 0.00 0.00 0.00 0.00 0.00 
0.00 0.00 0.00 0.00 0.00 0.00 0.00 0.00 0.00 0.00 0.00 0.00 0.00 0.00 0.00 0.00 0.00 0.00 0.00 0.00 
0.00 0.00 0.00 0.00 0.00 0.00 0.00 0.00 0.00 0.00 0.00 0.00 0.00 0.00 0.00 0.00 0.00 0.00 0.00 0.00 
0.00 0.00 0.00 0.00 0.00 0.00 0.00 0.00 0.00 0.00 0.00 0.00 0.00 0.00 0.00 0.00 0.00 0.00 0.00 0.00 
0.00 0.00 0.00 0.00 0.00 0.00 0.00 0.00 0.00 0.00 0.00 0.00 0.00 0.00 0.00 0.00 0.00 0.00 0.00 0.00 
0.00 0.00 0.00 0.00 0.00 0.00 0.00 0.00 0.00 0.00 0.00 0.00 0.00 0.00 0.00 0.00 0.00 0.00 0.00 0.00 
0.00 0.00 0.00 0.00 0.00 0.00 0.00 0.00 0.00 0.00 0.00 0.00 0.00 0.00 0.00 0.00 0.00 0.00 0.00 0.00 
0.00 0.00 0.00 0.00 0.00 0.00 0.00 0.00 0.00 0.00 0.00 0.00 0.00 0.00 0.00 0.00 0.00 0.00 0.00 0.00 
0.00 0.00 0.00 0.00 0.00 0.00 0.00 0.00 0.00 0.00 0.00 0.00 0.00 0.00 0.00 0.00 0.00 0.00 0.00 0.00 
0.00 0.00 0.00 0.00 0.00 0.00 0.00 0.00 0.00 0.00 0.00 0.00 0.00 0.00 0.00 0.00 0.00 0.00 0.00 0.00 
0.00 0.00 0.00 0.00 0.00 0.00 0.00 0.00 0.00 0.00 0.00 0.00 0.00 0.00 0.00 0.00 0.00 0.00 0.00 0.00 
0.00 0.00 0.00 0.00 0.00 0.00 0.00 0.00 0.00 0.00 0.00 0.00 0.00 0.00 0.00 0.00 0.00 0.00 0.00 0.00 
0.00 0.00 0.00 0.00 0.00 0.00 0.00 0.00 0.00 0.00 0.00 0.00 0.00 0.00 0.00 0.00 0.00 0.00 0.00 0.00 
0.00 0.00 0.00 0.00 0.00 0.00 0.00 0.00 0.00 0.00 0.00 0.00 0.00 0.00 0.00 0.00 0.00 0.00 0.00 0.00 
0.00 0.00 0.00 0.00 0.00 0.00 0.00 0.00 0.00 0.00 0.00 0.00 0.00 0.00 0.00 0.00 0.00 0.00 0.00 0.00 
0.00 0.00 0.00 0.00 0.00 0.00 0.00 0.00 0.00 0.00 0.00 0.00 0.00 0.00 0.00 0.00 0.00 0.00 0.00 0.00 
0.00 0.00 0.00 0.00 0.00 0.00 0.00 0.00 0.00 0.00 0.00 0.00 0.00 0.00 0.00 0.00 0.00 0.00 0.00 0.00 
0.00 0.00 0.00 0.00 0.00 0.00 0.00 0.00 0.00 0.00 0.00 0.00 0.00 0.00 0.00 0.00 0.00 0.00 0.00 0.00 
0.00 0.00 0.00 0.00 0.00 0.00 0.00 0.00 0.00 0.00 0.00 0.00 0.00 0.00 0.00 0.00 0.00 0.00 0.00 0.00 
0.00 0.00 0.00 0.00 0.00 0.00 0.00 0.00 0.00 0.00 0.00 0.00 0.00 0.00 0.00 0.00 0.00 0.00 0.00 0.00 
0.00 0.00 0.00 0.00 0.00 0.00 0.00 0.00 0.00 0.00 0.00 0.00 0.00 0.00 0.00 0.00 0.00 0.00 0.00 0.00 
0.00 0.00 0.00 0.00 0.00 0.00 0.00 0.00 0.00 0.00 0.00 0.00 0.00 0.00 0.00 0.00 0.00 0.00 0.00 0.00 
0.00 0.00 0.00 0.00 0.00 0.00 0.00 0.00 0.00 0.00 0.00 0.00 0.00 0.00 0.00 0.00 0.00 0.00 0.00 0.00 
0.00 0.00 0.00 0.00 0.00 0.00 0.00 0.00 0.00 0.00 0.00 0.00 0.00 0.00 0.00 0.00 0.00 0.00 0.00 0.00 
0.00 0.00 0.00 0.00 0.00 0.00 0.00 0.00 0.00 0.00 0.00 0.00 0.00 0.00 0.00 0.00 0.00 0.00 0.00 0.00 
0.00 0.00 0.00 0.00 0.00 0.00 0.00 0.00 0.00 0.00 0.00 0.00 0.00 0.00 0.00 0.00 0.00 0.00 0.00 0.00 
0.00 0.00 0.00 0.00 0.00 0.00 0.00 0.00 0.00 0.00 0.00 0.00 0.00 0.00 0.00 0.00 0.00 0.00 0.00 0.00 
0.00 0.00 0.00 0.00 0.00 0.00 0.00 0.00 0.00 0.00 0.00 0.00 0.00 0.00 0.00 0.00 0.00 0.00 0.00 0.00 
0.00 0.00 0.00 0.00 0.00 0.00 0.00 0.00 0.00 0.00 0.00 0.00 0.00 0.00 0.00 0.00 0.00 0.00 0.00 0.00 
0.00 0.00 0.00 0.00 0.00 0.00 0.00 0.00 0.00 0.00 0.00 0.00 0.00 0.00 0.00 0.00 0.00 0.00 0.00 0.00 
0.00 0.00 0.00 0.00 0.00 0.00 0.00 0.00 0.00 0.00 0.00 0.00 0.00 0.00 0.00 0.00 0.00 0.00 0.00 0.00 
0.00 0.00 0.00 0.00 0.00 0.00 0.00 0.00 0.00 0.00 0.00 0.00 0.00 0.00 0.00 0.00 0.00 0.00 0.00 0.00 
0.00 0.00 0.00 0.00 0.00 0.00 0.00 0.00 0.00 0.00 0.00 0.00 0.00 0.00 0.00 0.00 0.00 0.00 0.00 0.00 
0.00 0.00 0.00 0.00 0.00 0.00 0.00 0.00 0.00 0.00 0.00 0.00 0.00 0.00 0.00 0.00 0.00 0.00 0.00 0.00 
0.00 0.00 0.00 0.00 0.00 0.00 0.00 0.00 0.00 0.00 0.00 0.00 0.00 0.00 0.00 0.00 0.00 0.00 0.00 0.00 
0.00 0.00 0.00 0.00 0.00 0.00 0.00 0.00 0.00 0.00 0.00 0.00 0.00 0.00 0.00 0.00 0.00 0.00 0.00 0.00 
0.00 0.00 0.00 0.00 0.00 0.00 0.00 0.00 0.00 0.00 0.00 0.00 0.00 0.00 0.00 0.00 0.00 0.00 0.00 0.00 
0.00 0.00 0.00 0.00 0.00 0.00 0.00 0.00 0.00 0.00 0.00 0.00 0.00 0.00 0.00 0.00 0.00 0.00 0.00 0.00 
0.00 0.00 0.00 0.00 0.00 0.00 0.00 0.00 0.00 0.00 0.00 0.00 0.00 0.00 0.00 0.00 0.00 0.00 0.00 0.00 
0.00 0.00 0.00 0.00 0.00 0.00 0.00 0.00 0.00 0.00 0.00 0.00 0.00 0.00 0.00 0.00 0.00 0.00 0.00 0.00 
0.00 0.00 0.00 0.00 0.00 0.00 0.00 0.00 0.00 0.00 0.00 0.00 0.00 0.00 0.00 0.00 0.00 0.00 0.00 0.00 
0.00 0.00 0.00 0.00 0.00 0.00 0.00 0.00 0.00 0.00 0.00 0.00 0.00 0.00 0.00 0.00 0.00 0.00 0.00 0.00 
0.00 0.00 0.00 0.00 0.00 0.00 0.00 0.00 0.00 0.00 0.00 0.00 0.00 0.00 0.00 0.00 0.00 0.00 0.00 0.00 
0.00 0.00 0.00 0.00 0.00 0.00 0.00 0.00 0.00 0.00 0.00 0.00 0.00 0.00 0.00 0.00 0.00 0.00 0.00 0.00 
0.00 0.00 0.00 0.00 0.00 0.00 0.00 0.00 0.00 0.00 0.00 0.00 0.00 0.00 0.00 0.00 0.00 0.00 0.00 0.00 
0.00 0.00 0.00 0.00 0.00 0.00 0.00 0.00 0.00 0.00 0.00 0.00 0.00 0.00 0.00 0.00 0.00 0.00 0.00 0.00 
0.00 0.00 0.00 0.00 0.00 0.00 0.00 0.00 0.00 0.00 0.00 0.00 0.00 0.00 0.00 0.00 0.00 0.00 0.00 0.00 
0.00 0.00 0.00 0.00 0.00 0.00 0.00 0.00 0.00 0.00 0.00 0.00 0.00 0.00 0.00 0.00 0.00 0.00 0.00 0.00 
0.00 0.00 0.00 0.00 0.00 0.00 0.00 0.00 0.00 0.00 0.00 0.00 0.00 0.00 0.00 0.00 0.00 0.00 0.00 0.00 
0.00 0.00 0.00 0.00 0.00 0.00 0.00 0.00 0.00 0.00 0.00 0.00 0.00 0.00 0.00 0.00 0.00 0.00 0.00 0.00 
0.00 0.00 0.00 0.00 0.00 0.00 0.00 0.00 0.00 0.00 0.00 0.00 0.00 0.00 0.00 0.00 0.00 0.00 0.00 0.00 
0.00 0.00 0.00 0.00 0.00 0.00 0.00 0.00 0.00 0.00 0.00 0.00 0.00 0.00 0.00 0.00 0.00 0.00 0.00 0.00 
0.00 0.00 0.00 0.00 0.00 0.00 0.00 0.00 0.00 0.00 0.00 0.00 0.00 0.00 0.00 0.00 0.00 0.00 0.00 0.00 
0.00 0.00 0.00 0.00 0.00 0.00 0.00 0.00 0.00 0.00 0.00 0.00 0.00 0.00 0.00 0.00 0.00 0.00 0.00 0.00 
0.00 0.00 0.00 0.00 0.00 0.00 0.00 0.00 0.00 0.00 0.00 0.00 0.00 0.00 0.00 0.00 0.00 0.00 0.00 0.00 
0.00 0.00 0.00 0.00 0.00 0.00 0.00 0.00 0.00 0.00 0.00 0.00 0.00 0.00 0.00 0.00 0.00 0.00 0.00 0.00 
0.00 0.00 0.00 0.00 0.00 0.00 0.00 0.00 0.00 0.00 0.00 0.00 0.00 0.00 0.00 0.00 0.00 0.00 0.00 0.00 
0.00 0.00 0.00 0.00 0.00 0.00 0.00 0.00 0.00 0.00 0.00 0.00 0.00 0.00 0.00 0.00 0.00 0.00 0.00 0.00 
end   dump: w
==END   DUMP_ARRAYS==
==BEGIN DUMP_ARRAYS==
begin dump: w
1853.74 55582680.00 61123664.00 70434328.00 80569304.00 91137008.00 101953664.00 112834128.00 123607488.00 134719520.00 145536704.00 156761136.00 167755008.00 178865216.00 189900912.00 200918448.00 211814608.00 223158224.00 234189328.00 245288496.00 
256080432.00 267498592.00 278645376.00 289811520.00 300707360.00 311524448.00 323071648.00 334106624.00 345169664.00 356521568.00 367308992.00 378507392.00 389455744.00 400751232.00 411914688.00 422924320.00 434091104.00 445181088.00 456373344.00 467519072.00 
477961792.00 489750784.00 500832064.00 511875552.00 523052512.00 534157248.00 545371904.00 556454528.00 567342400.00 578696896.00 588995840.00 600906176.00 612020736.00 623195392.00 634151104.00 645330560.00 656403968.00 667585920.00 678809408.00 689929344.00 
700682688.00 712120192.00 723181312.00 734468608.00 745249600.00 756555776.00 767724544.00 778902528.00 789935168.00 801474496.00 812069888.00 823272384.00 834365632.00 845662720.00 856523776.00 867441728.00 878916800.00 890279232.00 901205952.00 912334528.00 
922124416.00 934589888.00 945693056.00 956788416.00 967884352.00 978959680.00 990112192.00 1001782848.00 1012325440.00 1023586752.00 1034519680.00 1046037760.00 1056905152.00 1067815040.00 1079134592.00 1090152448.00 1101187584.00 1112548224.00 1123630080.00 1134683520.00 
1144265856.00 1156964736.00 1168126592.00 1179255424.00 1190286848.00 1201351936.00 1212652160.00 1223794688.00 1234785920.00 1245995776.00 1256988160.00 1267975936.00 1279153024.00 1290551552.00 1301606272.00 1312695296.00 1323847040.00 1334962176.00 1346208768.00 1357242880.00 
1367734016.00 1379502720.00 1390611200.00 1401719680.00 1412766464.00 1421881216.00 1435172736.00 1446417792.00 1457127296.00 1468153088.00 1479466112.00 1490697984.00 1501791488.00 1512848000.00 1524148992.00 1535177728.00 1546243968.00 1557619840.00 1568760448.00 1579750912.00 
1590521984.00 1601956736.00 1613006208.00 1624600832.00 1635132928.00 1646438528.00 1657606656.00 1668678912.00 1679704832.00 1690995072.00 1701273984.00 1713252224.00 1724199424.00 1735361152.00 1746973312.00 1757681664.00 1768780800.00 1780013184.00 1791125888.00 1802229760.00 
1812009600.00 1824450688.00 1835528576.00 1846697088.00 1857789696.00 1868861056.00 1879960832.00 1891414528.00 1902242560.00 1913325952.00 1924413952.00 1935660160.00 1946747520.00 1957927808.00 1969260288.00 1979790592.00 1991050112.00 2002507776.00 2013532032.00 2024656128.00 
2035457664.00 2046864128.00 2058524544.00 2069188480.00 2080219392.00 2091364736.00 2102433408.00 2113679488.00 2124721920.00 2135931008.00 2146865280.00 2158177536.00 2169046272.00 2180436480.00 2191520512.00 2202546176.00 2213688320.00 2224895232.00 2235951872.00 2247024384.00 
2254956032.00 2269464320.00 2280520448.00 2291686144.00 2302707200.00 2313811712.00 2325017344.00 2336259072.00 2347028224.00 2358446336.00 2369328640.00 2380689664.00 2391719168.00 2402887424.00 2413977856.00 2425072128.00 2436122880.00 2447386368.00 2458470912.00 2469620224.00 
2480411392.00 2491843072.00 2502403584.00 2514329600.00 2525067776.00 2536025600.00 2547534336.00 2558647808.00 2569717248.00 2580830464.00 2591851776.00 2603171584.00 2614149376.00 2625294592.00 2636453376.00 2647453952.00 2658742528.00 2669880576.00 2680933632.00 2692178688.00 
2701926400.00 2714401536.00 2725476352.00 2736704256.00 2747729408.00 2758811904.00 2769961728.00 2781092864.00 2792060928.00 2803255040.00 2810368000.00 2825754368.00 2836764672.00 2847891712.00 2859074048.00 2870053376.00 2881001728.00 2892372736.00 2903308288.00 2914677760.00 
2925412608.00 2937004544.00 2947963648.00 2959090944.00 2970096128.00 2981255168.00 2992386816.00 3003718912.00 3014687744.00 3025798912.00 3036811008.00 3048086784.00 3058959872.00 3070426112.00 3081512192.00 3092181248.00 3103731968.00 3114850048.00 3125956352.00 3137005824.00 
3147533568.00 3159379712.00 3170386176.00 3181480960.00 3192536576.00 3203465984.00 3215714816.00 3226280960.00 3237045504.00 3248382464.00 3259350784.00 3270629376.00 3281689600.00 3292906752.00 3303883776.00 3315001600.00 3326058496.00 3337327616.00 3348466432.00 3359544832.00 
3369046016.00 3381812992.00 3392958976.00 3403752448.00 3414940672.00 3426220800.00 3437388032.00 3448490496.00 3459827712.00 3470852096.00 3481800960.00 3493029632.00 3504060416.00 3515348480.00 3526432256.00 3537472768.00 3548762368.00 3559792384.00 3570906880.00 3582039552.00 
3591858944.00 3604421120.00 3615388160.00 3626560512.00 3637602304.00 3648382720.00 3659899648.00 3671045632.00 3682024960.00 3693209088.00 3704209920.00 3715427328.00 3726414080.00 3736886784.00 3749354496.00 3760139264.00 3771021568.00 3782390272.00 3793385984.00 3804756480.00 
3815383808.00 3826815232.00 3837913600.00 3849101568.00 3860059136.00 3871298560.00 3882406400.00 3893517568.00 3904718080.00 3915850752.00 3926088448.00 3938061056.00 3948883456.00 3960922624.00 3971443968.00 3982475008.00 3993606400.00 4004696064.00 4015885312.00 4027286528.00 
4037489152.00 4049253888.00 4060354816.00 4071388672.00 4082828288.00 4093764864.00 4104881664.00 4116050944.00 4126898176.00 4138246144.00 4149215744.00 4160521216.00 4171537152.00 4182762240.00 4193864448.00 4202920960.00 4216054528.00 4227286016.00 4238362880.00 4249517824.00 
4260298496.00 4272260864.00 4282819584.00 4294218496.00 4304865280.00 4316211200.00 4327431680.00 4338383872.00 4349538816.00 4360795136.00 4371682816.00 4382980096.00 4393963520.00 4405219840.00 4416333824.00 4427350016.00 4438473216.00 4449594880.00 4460643840.00 4471559680.00 
4476465664.00 4494656512.00 4505541120.00 4516657152.00 4527649280.00 4538733056.00 4549881856.00 4561029632.00 4572022784.00 4583244800.00 4594226688.00 4605555200.00 4616607232.00 4627727872.00 4638905856.00 4649906688.00 4660855296.00 4672291328.00 4683362816.00 4694493696.00 
4705286144.00 4716168704.00 4727828480.00 4738965504.00 4749964288.00 4760815616.00 4772332544.00 4783472128.00 4794473472.00 4805830656.00 4816726528.00 4827970560.00 4838843904.00 4850325504.00 4861329408.00 4872487936.00 4883547648.00 4894716928.00 4905819136.00 4916701696.00 
4927426048.00 4939189760.00 4950295040.00 4961401344.00 4972252160.00 4983875584.00 4994899456.00 5005989888.00 5016859648.00 5028428800.00 5038526976.00 5050492416.00 5061556736.00 5072730624.00 5083804672.00 5094921728.00 5105953792.00 5117138944.00 5128274944.00 5139271680.00 
5150226432.00 5161594880.00 5172930048.00 5183990272.00 5194828288.00 5206090240.00 5217261568.00 5228424192.00 5239464960.00 5250664960.00 5261607936.00 5273008128.00 5283961344.00 5295201792.00 5306311680.00 5317012992.00 5328386560.00 5339680768.00 5350794752.00 5361922560.00 
5371728896.00 5384050176.00 5395278848.00 5406449664.00 5417486848.00 5428627456.00 5439787008.00 5450910208.00 5461903872.00 5473180160.00 5484109824.00 5495357952.00 5506436608.00 5517612544.00 5528687104.00 5539729920.00 5550645760.00 5561955840.00 5572970496.00 5583747072.00 
5587215872.00 5607334400.00 5618112512.00 5629186048.00 5640088064.00 5651212800.00 5662327808.00 5673462784.00 5684593152.00 5695719936.00 5706702336.00 5717962752.00 5728842752.00 5740237824.00 5751296512.00 5762375680.00 5773438976.00 5784631296.00 5795801600.00 5806970368.00 
5817393152.00 5829081600.00 5840349696.00 5851395584.00 5862511616.00 5873251328.00 5884708352.00 5895942656.00 5906790400.00 5918144000.00 5929137152.00 5940415488.00 5951462400.00 5962530304.00 5973821440.00 5984846848.00 5995911168.00 6007157248.00 6018224128.00 6029342208.00 
6040205312.00 6051681280.00 6062743552.00 6073871872.00 6084726272.00 6095896576.00 6107406848.00 6118354944.00 6129506304.00 6140445184.00 6150956544.00 6162846720.00 6173929472.00 6185157120.00 6196250112.00 6207273984.00 6218506240.00 6229666816.00 6240719360.00 6251814912.00 
6261678080.00 6274173440.00 6285241344.00 6296379392.00 6307389440.00 6318529024.00 6329613824.00 6340823552.00 6351840768.00 6363043840.00 6373960704.00 6384854528.00 6396825600.00 6407730688.00 6418814976.00 6429508096.00 6440784896.00 6452179968.00 6463250944.00 6474513920.00 
6485185024.00 6496598016.00 6507716608.00 6518857216.00 6529887232.00 6541042688.00 6552236544.00 6563354624.00 6574291968.00 6585662464.00 6596584448.00 6607906304.00 6618720768.00 6630104064.00 6641194496.00 6652279808.00 6663419392.00 6674425344.00 6685668352.00 6696758784.00 
6704638464.00 6719187456.00 6730252288.00 6741354496.00 6752442880.00 6763526656.00 6774561280.00 6785808896.00 6796697600.00 6808166912.00 6819061248.00 6830284288.00 6841396736.00 6852569088.00 6863642112.00 6874611200.00 6885920768.00 6897060864.00 6908192768.00 6919216640.00 
6930126336.00 6941561856.00 6952651776.00 6963859456.00 6974661632.00 6983977984.00 6997220864.00 7008312832.00 7019393536.00 7030556672.00 7041525760.00 7052760064.00 7063877632.00 7075096064.00 7086135808.00 7097251840.00 7108328448.00 7119559680.00 7130660352.00 7141760512.00 
7151606272.00 7163985408.00 7175191552.00 7186378240.00 7197329408.00 7208403456.00 7219642368.00 7230630400.00 7241789952.00 7252961792.00 7263313920.00 7275224064.00 7286308352.00 7297422336.00 7308608000.00 7319662080.00 7330582016.00 7341902336.00 7353038336.00 7364137984.00 
7374956032.00 7386327040.00 7397424640.00 7408497152.00 7419388928.00 7430264832.00 7440344576.00 7456989696.00 7465279488.00 7476057600.00 7486862848.00 7498071040.00 7508889600.00 7520235008.00 7531326464.00 7542029312.00 7553454592.00 7564654080.00 7575822848.00 7586854400.00 
7597336064.00 7609114624.00 7620243968.00 7631414272.00 7642398720.00 7653538304.00 7664717312.00 7675808256.00 7686708224.00 7698126336.00 7709078016.00 7720359424.00 7731358208.00 7742584320.00 7753692672.00 7764716544.00 7775861248.00 7787125248.00 7798184448.00 7809263616.00 
7818768384.00 7831537152.00 7842681344.00 7853824512.00 7864660480.00 7875943424.00 7887454720.00 7898307584.00 7909368320.00 7920583680.00 7931536384.00 7942763520.00 7953795584.00 7965001728.00 7975949824.00 7987279360.00 7998363648.00 8009725952.00 8020762112.00 8031761920.00 
8041581568.00 8054009344.00 8065121280.00 8076237824.00 8087322112.00 8098094592.00 8109570048.00 8120444416.00 8131886080.00 8143067648.00 8154007552.00 8165284864.00 8176352768.00 8187492352.00 8198622720.00 8209686528.00 8220611584.00 8232185856.00 8243118592.00 8254213632.00 
8265052160.00 8276541952.00 8287633408.00 8298782208.00 8309728256.00 8320890880.00 8332076032.00 8343319552.00 8354258432.00 8365325312.00 8372477440.00 8387906048.00 8398697472.00 8410060288.00 8421112832.00 8432196096.00 8443337728.00 8454511616.00 8465611264.00 8476747264.00 
8487204864.00 8498975744.00 8510340096.00 8521202688.00 8532291072.00 8543429632.00 8554689536.00 8565725696.00 8576569856.00 8587699200.00 8599027712.00 8610254848.00 8621343744.00 8632443904.00 8643545088.00 8654324736.00 8665718784.00 8676958208.00 8688211968.00 8699245568.00 
8710021120.00 8721455104.00 8732552192.00 8743754752.00 8754581504.00 8765874176.00 8777104384.00 8788200448.00 8799347712.00 8810526720.00 8821419008.00 8832706560.00 8843692032.00 8854891520.00 8866004992.00 8877064192.00 8888184832.00 8899392512.00 8910367744.00 8921285632.00 
8926174208.00 8944386048.00 8955257856.00 8966323200.00 8977366016.00 8988467200.00 8999689216.00 9010577408.00 9021752320.00 9033096192.00 9043952640.00 9055269888.00 9066273792.00 9077417984.00 9088583680.00 9099715584.00 9110573056.00 9121960960.00 9132961792.00 9144218624.00 
9155007488.00 9166423040.00 9177555968.00 9188632576.00 9199777792.00 9210546176.00 9222012928.00 9233147904.00 9244267520.00 9255416832.00 9266398208.00 9277693952.00 9288512512.00 9299730432.00 9311130624.00 9322141696.00 9333276672.00 9344386048.00 9355553792.00 9366691840.00 
9377149952.00 9388921856.00 9399754752.00 9411209216.00 9422238720.00 9433331712.00 9444438016.00 9455669248.00 9466525696.00 9477888000.00 9488205824.00 9500091392.00 9511218176.00 9522384896.00 9533477888.00 9544510464.00 9555500032.00 9565348864.00 9578268672.00 9589264384.00 
9600032768.00 9611460608.00 9622516736.00 9633660928.00 9644560384.00 9655887872.00 9667063808.00 9678221312.00 9689269248.00 9700390912.00 9711417344.00 9722731520.00 9733668864.00 9744867328.00 9755983872.00 9765042176.00 9778239488.00 9789357056.00 9800388608.00 9811655680.00 
9821457408.00 9833901056.00 9844999168.00 9856126976.00 9867209728.00 9878303744.00 9889464320.00 9900597248.00 9911521280.00 9924107264.00 9933963264.00 9945213952.00 9956248576.00 9967416320.00 9978501120.00 9989593088.00 10000501760.00 10011898880.00 10023080960.00 10034127872.00 
10043592704.00 10056397824.00 10067570688.00 10078596096.00 10089623552.00 10100801536.00 10112015360.00 10123137024.00 10134130688.00 10144379904.00 10156418048.00 10167695360.00 10178515968.00 10189773824.00 10200974336.00 10212044800.00 10223173632.00 10234429440.00 10245389312.00 10256688128.00 
10267069440.00 10278809600.00 10289943552.00 10300257280.00 10312243200.00 10322967552.00 10334497792.00 10345616384.00 10356465664.00 10367877120.00 10378809344.00 10390010880.00 10401131520.00 10412203008.00 10423493632.00 10434521088.00 10445584384.00 10456816640.00 10467945472.00 10479080448.00 
10489865216.00 10501133312.00 10512461824.00 10523556864.00 10534454272.00 10545745920.00 10556954624.00 10568033280.00 10579181568.00 10590308352.00 10600609792.00 10612561920.00 10623538176.00 10634843136.00 10645918720.00 10656993280.00 10668109824.00 10679353344.00 10690434048.00 10701543424.00 
10711358464.00 10723766272.00 10734841856.00 10746426368.00 10757107712.00 10768198656.00 10779412480.00 10790492160.00 10801554432.00 10812782592.00 10823751680.00 10834984960.00 10846100480.00 10857532416.00 10868336640.00 10879085568.00 10890353664.00 10901720064.00 10912848896.00 10923975680.00 
10934766592.00 10946187264.00 10957301760.00 10968397824.00 10979426304.00 10990576640.00 11001779200.00 11012743168.00 11023947776.00 11034980352.00 11046043648.00 11057354752.00 11068125184.00 11079382016.00 11090455552.00 11101476864.00 11112474624.00 11123419136.00 11134051328.00 11143791616.00 
11140942848.00 11171598336.00 11181293568.00 11191972864.00 11202819072.00 11213776896.00 11224894464.00 11236002816.00 11246786560.00 11258034176.00 11269046272.00 11280411648.00 11291344896.00 11302646784.00 11313575936.00 11324670976.00 11335727104.00 11346999296.00 11358052352.00 11369208832.00 
11379993600.00 11391419392.00 11402514432.00 11413667840.00 11424532480.00 11435506688.00 11447022592.00 11457869824.00 11469192192.00 11480410112.00 11491329024.00 11502611456.00 11513605120.00 11524897792.00 11535933440.00 11547059200.00 11558173696.00 11568956416.00 11580517376.00 11591628800.00 
11601397760.00 11613857792.00 11624916992.00 11636047872.00 11647183872.00 11658266624.00 11669444608.00 11680555008.00 11691638784.00 11702824960.00 11713139712.00 11725084672.00 11736118272.00 11747376128.00 11758413824.00 11769521152.00 11780438016.00 11791840256.00 11802899456.00 11814253568.00 
11824888832.00 11836312576.00 11847409664.00 11858574336.00 11869562880.00 11880730624.00 11891867648.00 11903186944.00 11914162176.00 11925374976.00 11936283648.00 11947516928.00 11958430720.00 11969769472.00 11980859392.00 11991620608.00 12003052544.00 12015125504.00 12025405440.00 12036577280.00 
12047010816.00 12058701824.00 12069970944.00 12080970752.00 12092127232.00 12103207936.00 12114397184.00 12125613056.00 12136385536.00 12147707904.00 12158669824.00 12171022336.00 12181173248.00 12192254976.00 12203337728.00 12214457344.00 12225540096.00 12236787712.00 12247787520.00 12258993152.00 
12268493824.00 12281259008.00 12292269056.00 12303496192.00 12314387456.00 12325660672.00 12336873472.00 12347975680.00 12359049216.00 12370170880.00 12381129728.00 12391288832.00 12403638272.00 12414797824.00 12425902080.00 12436946944.00 12448084992.00 12459269120.00 12470360064.00 12481478656.00 
12491301888.00 12503737344.00 12514962432.00 12526040064.00 12537046016.00 12546186240.00 12559371264.00 12570526720.00 12581476352.00 12592662528.00 12603674624.00 12615002112.00 12626007040.00 12637163520.00 12648308736.00 12659362816.00 12670338048.00 12681723904.00 12692830208.00 12703930368.00 
12714720256.00 12726125568.00 12737089536.00 12750051328.00 12759662592.00 12770746368.00 12781873152.00 12793004032.00 12804071424.00 12815307776.00 12825543680.00 12837494784.00 12848367616.00 12859716608.00 12870914048.00 12881923072.00 12893047808.00 12904180736.00 12915603456.00 12926467072.00 
12936948736.00 12948702208.00 12959802368.00 12971013120.00 12982007808.00 12993117184.00 13004237824.00 13015657472.00 13026373632.00 13037690880.00 13048702976.00 13059978240.00 13071023104.00 13082251264.00 13093344256.00 13104038912.00 13115395072.00 13126764544.00 13137799168.00 13148976128.00 
13159742464.00 13171180544.00 13182402560.00 13193434112.00 13204317184.00 13215540224.00 13226765312.00 13237984256.00 13249018880.00 13260120064.00 13271129088.00 13282292736.00 13293412352.00 13304817664.00 13315674112.00 13326796800.00 13337923584.00 13349071872.00 13360088064.00 13371006976.00 
13375889408.00 13394110464.00 13404986368.00 13415986176.00 13427104768.00 13438180352.00 13449362432.00 13460504576.00 13471474688.00 13482693632.00 13493681152.00 13504865280.00 13515953152.00 13527196672.00 13538264064.00 13549381632.00 13560308736.00 13571628032.00 13582810112.00 13593942016.00 
13604737024.00 13616147456.00 13627155456.00 13638447104.00 13649449984.00 13660263424.00 13671824384.00 13682962432.00 13693952000.00 13705128960.00 13716073472.00 13727692800.00 13738327040.00 13749662720.00 13760671744.00 13771840512.00 13782990848.00 13794190336.00 13805011968.00 13816414208.00 
13826871296.00 13838645248.00 13849752576.00 13860875264.00 13871951872.00 13883066368.00 13894244352.00 13905335296.00 13916197888.00 13927488512.00 13934606336.00 13950068736.00 13961029632.00 13972071424.00 13983287296.00 13994370048.00 14005436416.00 14016616448.00 14027727872.00 14038847488.00 
14049704960.00 14061173760.00 14072231936.00 14083203072.00 14094273536.00 14105570304.00 14116721664.00 14127901696.00 14138939392.00 14150113280.00 14161095680.00 14172321792.00 14183282688.00 14194931712.00 14205791232.00 14216495104.00 14227966976.00 14239167488.00 14250231808.00 14261373952.00 
14271177728.00 14283616256.00 14294591488.00 14305656832.00 14316941312.00 14327988224.00 14339392512.00 14350402560.00 14361363456.00 14372625408.00 14383551488.00 14394814464.00 14405926912.00 14417084416.00 14427893760.00 14439315456.00 14450236416.00 14461569024.00 14472670208.00 14483861504.00 
14493318144.00 14506139648.00 14517175296.00 14528267264.00 14539295744.00 14550530048.00 14561667072.00 14572804096.00 14583930880.00 14595026944.00 14606020608.00 14617278464.00 14628179968.00 14639577088.00 14650631168.00 14661722112.00 14672889856.00 14683982848.00 14695120896.00 14706292736.00 
14716741632.00 14728526848.00 14739545088.00 14750737408.00 14761829376.00 14772559872.00 14784052224.00 14795155456.00 14806017024.00 14817319936.00 14828229632.00 14839333888.00 14850015232.00 14858413056.00 14875032576.00 14884994048.00 14895775744.00 14906902528.00 14917926912.00 14929072128.00 
14939798528.00 14951257088.00 14962312192.00 14973492224.00 14984294400.00 14995597312.00 15006745600.00 15017971712.00 15028994048.00 15040166912.00 15050438656.00 15062433792.00 15073374208.00 15084754944.00 15095711744.00 15106850816.00 15117961216.00 15129016320.00 15140163584.00 15151397888.00 
15161145344.00 15173632000.00 15184699392.00 15195846656.00 15206971392.00 15218021376.00 15229221888.00 15240292352.00 15251277824.00 15262631936.00 15273562112.00 15284825088.00 15295890432.00 15307085824.00 15318144000.00 15327247360.00 15340224512.00 15351523328.00 15362712576.00 15373827072.00 
15384626176.00 15396176896.00 15407163392.00 15418335232.00 15429235712.00 15440648192.00 15451716608.00 15462830080.00 15473892352.00 15485116416.00 15496029184.00 15507232768.00 15518200832.00 15529589760.00 15540799488.00 15551731712.00 15562845184.00 15574045696.00 15585101824.00 15596206080.00 
15604074496.00 15618639872.00 15629690880.00 15640955904.00 15651865600.00 15662967808.00 15674158080.00 15685275648.00 15696175104.00 15707501568.00 15718502400.00 15729726464.00 15741005824.00 15752041472.00 15763128320.00 15774223360.00 15785270272.00 15796531200.00 15807642624.00 15818793984.00 
15829575680.00 15840882688.00 15852108800.00 15863211008.00 15874117632.00 15885081600.00 15896549376.00 15907657728.00 15918478336.00 15930531840.00 15941131264.00 15952348160.00 15963322368.00 15974567936.00 15985740800.00 15996718080.00 16007898112.00 16019017728.00 16030097408.00 16041222144.00 
16051077120.00 16063574016.00 16074634240.00 16085716992.00 16096781312.00 16107983872.00 16119117824.00 16130233344.00 16141235200.00 16152547328.00 16162798592.00 16174940160.00 16185792512.00 16197042176.00 16207947776.00 16219364352.00 16230172672.00 16241530880.00 16252608512.00 16263717888.00 
16274555904.00 16286043136.00 16297149440.00 16308234240.00 16319243264.00 16330402816.00 16341536768.00 16352863232.00 16363819008.00 16374972416.00 16385953792.00 16397252608.00 16408095744.00 16419452928.00 16430645248.00 16441316352.00 16452784128.00 16463993856.00 16475016192.00 16486306816.00 
16496687104.00 16508420096.00 16519554048.00 16530775040.00 16541851648.00 16552882176.00 16564072448.00 16575156224.00 16586042368.00 16597420032.00 16608389120.00 16619683840.00 16630700032.00 16641934336.00 16653032448.00 16664050688.00 16675075072.00 16686197760.00 16697259008.00 16708057088.00 
16711480320.00 16731646976.00 16742405120.00 16753433600.00 16764253184.00 16775530496.00 16786680832.00 16797768704.00 16808850432.00 16820029440.00 16830981120.00 16842200064.00 16853251072.00 16864478208.00 16875566080.00 16886625280.00 16897805312.00 16908951552.00 16920088576.00 16931350528.00 
16941016064.00 16953476096.00 16964561920.00 16975708160.00 16986905600.00 16997582848.00 17009060864.00 17020192768.00 17031196672.00 17042384896.00 17053487104.00 17064727552.00 17075825664.00 17086973952.00 17098107904.00 17109163008.00 17120064512.00 17131393024.00 17142424576.00 17153789952.00 
17164531712.00 17176122368.00 17187082240.00 17198245888.00 17209208832.00 17220337664.00 17231556608.00 17242669056.00 17253738496.00 17264900096.00 17275228160.00 17286969344.00 17298030592.00 17309401088.00 17320448000.00 17331386368.00 17343041536.00 17353998336.00 17365063680.00 17376204800.00 
17386655744.00 17398687744.00 17409531904.00 17420673024.00 17431754752.00 17442766848.00 17454012416.00 17465069568.00 17476044800.00 17487405056.00 17498363904.00 17509560320.00 17520828416.00 17531916288.00 17543030784.00 17553772544.00 17565196288.00 17576419328.00 17587537920.00 17599213568.00 
17609478144.00 17620908032.00 17631993856.00 17643104256.00 17654044672.00 17665343488.00 17676449792.00 17687664640.00 17698682880.00 17709838336.00 17720854528.00 17732153344.00 17743126528.00 17754372096.00 17765464064.00 17776515072.00 17787643904.00 17798735872.00 17809827840.00 17820723200.00 
17825605632.00 17843820544.00 17854701568.00 17865807872.00 17876807680.00 17887911936.00 17899014144.00 17910171648.00 17921216512.00 17932406784.00 17943412736.00 17954592768.00 17965758464.00 17977008128.00 17987926016.00 17999050752.00 18010034176.00 18021177344.00 18032541696.00 18043129856.00 
18054451200.00 18065876992.00 18076993536.00 18088114176.00 18099107840.00 18108321792.00 18121498624.00 18132631552.00 18143758336.00 18154868736.00 18165878784.00 18177148928.00 18187993088.00 18199345152.00 18210478080.00 18221488128.00 18232469504.00 18244003840.00 18255009792.00 18266150912.00 
18276591616.00 18288107520.00 18299482112.00 18310701056.00 18321688576.00 18332788736.00 18343911424.00 18354460672.00 18366013440.00 18377340928.00 18387658752.00 18399539200.00 18410571776.00 18421866496.00 18432960512.00 18443982848.00 18455093248.00 18466289664.00 18477457408.00 18488576000.00 
18499375104.00 18510630912.00 18521970688.00 18533023744.00 18543867904.00 18555117568.00 18566008832.00 18578509824.00 18588893184.00 18599952384.00 18610878464.00 18622191616.00 18633134080.00 18644348928.00 18655451136.00 18666196992.00 18677690368.00 18688829440.00 18699966464.00 18710972416.00 
18720890880.00 18733361152.00 18744444928.00 18755606528.00 18766524416.00 18777784320.00 18788935680.00 18800025600.00 18811086848.00 18822359040.00 18833285120.00 18844540928.00 18855464960.00 18866898944.00 18877968384.00 18889021440.00 18899953664.00 18911649792.00 18922397696.00 18933590016.00 
18943027200.00 18955843584.00 18966898688.00 18978070528.00 18989096960.00 19000256512.00 19011469312.00 19022473216.00 19033602048.00 19044757504.00 19055728640.00 19067006976.00 19077847040.00 19089117184.00 19099650048.00 19111784448.00 19122755584.00 19133896704.00 19144970240.00 19156033536.00 
19166560256.00 19178397696.00 19189401600.00 19200544768.00 19211563008.00 19222407168.00 19233845248.00 19244974080.00 19255930880.00 19267301376.00 19278284800.00 19289587712.00 19300616192.00 19311663104.00 19322963968.00 19334008832.00 19345061888.00 19356311552.00 19367380992.00 19378397184.00 
19389339648.00 19400712192.00 19412056064.00 19423012864.00 19433879552.00 19445207040.00 19456276480.00 19467501568.00 19478521856.00 19489634304.00 19496716288.00 19512129536.00 19523100672.00 19534292992.00 19545401344.00 19556442112.00 19567556608.00 19578687488.00 19589883904.00 19600979968.00 
19610841088.00 19623219200.00 19634423808.00 19645513728.00 19656550400.00 19667800064.00 19678894080.00 19690110976.00 19701016576.00 19712212992.00 19723239424.00 19734568960.00 19745564672.00 19756734464.00 19767824384.00 19778562048.00 19789817856.00 19801067520.00 19812952064.00 19823556608.00 
19834349568.00 19845769216.00 19856889856.00 19868020736.00 19879024640.00 19890190336.00 19901390848.00 19912505344.00 19923572736.00 19934707712.00 19945771008.00 19956942848.00 19967870976.00 19979139072.00 19990351872.00 20001435648.00 20012576768.00 20023709696.00 20034830336.00 20045936640.00 
20053753856.00 20068366336.00 20079411200.00 20090503168.00 20101595136.00 20112705536.00 20123842560.00 20134936576.00 20145846272.00 20157224960.00 20168230912.00 20179464192.00 20190574592.00 20201711616.00 20212932608.00 20223885312.00 20234952704.00 20246233088.00 20256841728.00 20268521472.00 
20279300096.00 20290742272.00 20301840384.00 20312872960.00 20323848192.00 20334804992.00 20346103808.00 20357449728.00 20368527360.00 20379738112.00 20390668288.00 20402067456.00 20412928000.00 20423954432.00 20435400704.00 20446384128.00 20457508864.00 20468695040.00 20479838208.00 20490942464.00 
20500760576.00 20513148928.00 20524238848.00 20535386112.00 20546506752.00 20557574144.00 20568387584.00 20580024320.00 20590954496.00 20602138624.00 20612501504.00 20624404480.00 20635588608.00 20646721536.00 20657750016.00 20668837888.00 20679780352.00 20690786304.00 20702365696.00 20713435136.00 
20724224000.00 20735631360.00 20746598400.00 20757774336.00 20768919552.00 20780095488.00 20791216128.00 20802543616.00 20813488128.00 20824690688.00 20835624960.00 20847249408.00 20857759744.00 20868970496.00 20880185344.00 20889362432.00 20902541312.00 20913664000.00 20924758016.00 20935897088.00 
20946339840.00 20958150656.00 20969152512.00 20980426752.00 20991453184.00 21002567680.00 21013760000.00 21024831488.00 21035747328.00 21047422976.00 21058115584.00 21069393920.00 21080506368.00 21091596288.00 21102716928.00 21113890816.00 21124864000.00 21136142336.00 21147240448.00 21158445056.00 
21167802368.00 21180704768.00 21191727104.00 21202860032.00 21213732864.00 21225105408.00 21236244480.00 21247569920.00 21258389504.00 21269362688.00 21280571392.00 21291802624.00 21302841344.00 21313613824.00 21325244416.00 21336285184.00 21347401728.00 21358606336.00 21369671680.00 21380804608.00 
21390637056.00 21403052032.00 21414146048.00 21425121280.00 21436362752.00 21447141376.00 21458849792.00 21469734912.00 21480798208.00 21492123648.00 21503023104.00 21513934848.00 21525344256.00 21536487424.00 21547632640.00 21558708224.00 21569636352.00 21580937216.00 21592184832.00 21603282944.00 
21614069760.00 21625475072.00 21636560896.00 21647802368.00 21658753024.00 21669928960.00 21681221632.00 21692200960.00 21703268352.00 21714485248.00 21724768256.00 21736714240.00 21747550208.00 21758943232.00 21770002432.00 21781092352.00 21792245760.00 21803515904.00 21814532096.00 21825634304.00 
21836118016.00 21847889920.00 21858988032.00 21870223360.00 21881194496.00 21892315136.00 21903456256.00 21914638336.00 21925441536.00 21936889856.00 21947764736.00 21958881280.00 21970100224.00 21981292544.00 21992261632.00 22003048448.00 22014447616.00 22025594880.00 22036721664.00 22047881216.00 
22058676224.00 22070116352.00 22081159168.00 22092226560.00 22103080960.00 22114340864.00 22125447168.00 22136524800.00 22147526656.00 22158620672.00 22169552896.00 22180673536.00 22191552512.00 22202554368.00 22213398528.00 22224119808.00 22234718208.00 22244952064.00 22254243840.00 22259824640.00 
end   dump: w
==END   DUMP_ARRAYS==
Time in seconds = 0.079636
