Sender: LSF System <lsfadmin@polus-c4-ib.bmc.hpc.cs.msu.ru>
Subject: Job 492236: <./large.o> in cluster <MSUCluster> Done

Job <./large.o> was submitted from host <polus-ib.bmc.hpc.cs.msu.ru> by user <edu-cmc-skpod19-328-11> in cluster <MSUCluster> at Fri Nov 29 22:49:49 2019
Job was executed on host(s) <15*polus-c4-ib.bmc.hpc.cs.msu.ru>, in queue <short>, as user <edu-cmc-skpod19-328-11> in cluster <MSUCluster> at Fri Nov 29 22:53:06 2019
</home_edu/edu-cmc-skpod19-328/edu-cmc-skpod19-328-11> was used as the home directory.
</home_edu/edu-cmc-skpod19-328/edu-cmc-skpod19-328-11/dep_gemver> was used as the working directory.
Started at Fri Nov 29 22:53:06 2019
Terminated at Fri Nov 29 22:53:07 2019
Results reported at Fri Nov 29 22:53:07 2019

Your job looked like:

------------------------------------------------------------
# LSBATCH: User input
./large.o
------------------------------------------------------------

Successfully completed.

Resource usage summary:

    CPU time :                                   10.10 sec.
    Max Memory :                                 1 MB
    Average Memory :                             1.00 MB
    Total Requested Memory :                     -
    Delta Memory :                               -
    Max Swap :                                   -
    Max Processes :                              1
    Max Threads :                                1
    Run time :                                   1 sec.
    Turnaround time :                            198 sec.

The output (if any) follows:

==BEGIN DUMP_ARRAYS==
begin dump: w
0.00 0.00 0.00 0.00 0.00 0.00 0.00 0.00 0.00 0.00 0.00 0.00 0.00 0.00 0.00 0.00 0.00 0.00 0.00 0.00 
0.00 0.00 0.00 0.00 0.00 0.00 0.00 0.00 0.00 0.00 0.00 0.00 0.00 0.00 0.00 0.00 0.00 0.00 0.00 0.00 
0.00 0.00 0.00 0.00 0.00 0.00 0.00 0.00 0.00 0.00 0.00 0.00 0.00 0.00 0.00 0.00 0.00 0.00 0.00 0.00 
0.00 0.00 0.00 0.00 0.00 0.00 0.00 0.00 0.00 0.00 0.00 0.00 0.00 0.00 0.00 0.00 0.00 0.00 0.00 0.00 
0.00 0.00 0.00 0.00 0.00 0.00 0.00 0.00 0.00 0.00 0.00 0.00 0.00 0.00 0.00 0.00 0.00 0.00 0.00 0.00 
0.00 0.00 0.00 0.00 0.00 0.00 0.00 0.00 0.00 0.00 0.00 0.00 0.00 0.00 0.00 0.00 0.00 0.00 0.00 0.00 
0.00 0.00 0.00 0.00 0.00 0.00 0.00 0.00 0.00 0.00 0.00 0.00 0.00 0.00 0.00 0.00 0.00 0.00 0.00 0.00 
0.00 0.00 0.00 0.00 0.00 0.00 0.00 0.00 0.00 0.00 0.00 0.00 0.00 0.00 0.00 0.00 0.00 0.00 0.00 0.00 
0.00 0.00 0.00 0.00 0.00 0.00 0.00 0.00 0.00 0.00 0.00 0.00 0.00 0.00 0.00 0.00 0.00 0.00 0.00 0.00 
0.00 0.00 0.00 0.00 0.00 0.00 0.00 0.00 0.00 0.00 0.00 0.00 0.00 0.00 0.00 0.00 0.00 0.00 0.00 0.00 
0.00 0.00 0.00 0.00 0.00 0.00 0.00 0.00 0.00 0.00 0.00 0.00 0.00 0.00 0.00 0.00 0.00 0.00 0.00 0.00 
0.00 0.00 0.00 0.00 0.00 0.00 0.00 0.00 0.00 0.00 0.00 0.00 0.00 0.00 0.00 0.00 0.00 0.00 0.00 0.00 
0.00 0.00 0.00 0.00 0.00 0.00 0.00 0.00 0.00 0.00 0.00 0.00 0.00 0.00 0.00 0.00 0.00 0.00 0.00 0.00 
0.00 0.00 0.00 0.00 0.00 0.00 0.00 0.00 0.00 0.00 0.00 0.00 0.00 0.00 0.00 0.00 0.00 0.00 0.00 0.00 
0.00 0.00 0.00 0.00 0.00 0.00 0.00 0.00 0.00 0.00 0.00 0.00 0.00 0.00 0.00 0.00 0.00 0.00 0.00 0.00 
0.00 0.00 0.00 0.00 0.00 0.00 0.00 0.00 0.00 0.00 0.00 0.00 0.00 0.00 0.00 0.00 0.00 0.00 0.00 0.00 
0.00 0.00 0.00 0.00 0.00 0.00 0.00 0.00 0.00 0.00 0.00 0.00 0.00 0.00 0.00 0.00 0.00 0.00 0.00 0.00 
0.00 0.00 0.00 0.00 0.00 0.00 0.00 0.00 0.00 0.00 0.00 0.00 0.00 0.00 0.00 0.00 0.00 0.00 0.00 0.00 
0.00 0.00 0.00 0.00 0.00 0.00 0.00 0.00 0.00 0.00 0.00 0.00 0.00 0.00 0.00 0.00 0.00 0.00 0.00 0.00 
0.00 0.00 0.00 0.00 0.00 0.00 0.00 0.00 0.00 0.00 0.00 0.00 0.00 0.00 0.00 0.00 0.00 0.00 0.00 0.00 
0.00 0.00 0.00 0.00 0.00 0.00 0.00 0.00 0.00 0.00 0.00 0.00 0.00 0.00 0.00 0.00 0.00 0.00 0.00 0.00 
0.00 0.00 0.00 0.00 0.00 0.00 0.00 0.00 0.00 0.00 0.00 0.00 0.00 0.00 0.00 0.00 0.00 0.00 0.00 0.00 
0.00 0.00 0.00 0.00 0.00 0.00 0.00 0.00 0.00 0.00 0.00 0.00 0.00 0.00 0.00 0.00 0.00 0.00 0.00 0.00 
0.00 0.00 0.00 0.00 0.00 0.00 0.00 0.00 0.00 0.00 0.00 0.00 0.00 0.00 0.00 0.00 0.00 0.00 0.00 0.00 
0.00 0.00 0.00 0.00 0.00 0.00 0.00 0.00 0.00 0.00 0.00 0.00 0.00 0.00 0.00 0.00 0.00 0.00 0.00 0.00 
0.00 0.00 0.00 0.00 0.00 0.00 0.00 0.00 0.00 0.00 0.00 0.00 0.00 0.00 0.00 0.00 0.00 0.00 0.00 0.00 
0.00 0.00 0.00 0.00 0.00 0.00 0.00 0.00 0.00 0.00 0.00 0.00 0.00 0.00 0.00 0.00 0.00 0.00 0.00 0.00 
0.00 0.00 0.00 0.00 0.00 0.00 0.00 0.00 0.00 0.00 0.00 0.00 0.00 0.00 0.00 0.00 0.00 0.00 0.00 0.00 
0.00 0.00 0.00 0.00 0.00 0.00 0.00 0.00 0.00 0.00 0.00 0.00 0.00 0.00 0.00 0.00 0.00 0.00 0.00 0.00 
0.00 0.00 0.00 0.00 0.00 0.00 0.00 0.00 0.00 0.00 0.00 0.00 0.00 0.00 0.00 0.00 0.00 0.00 0.00 0.00 
0.00 0.00 0.00 0.00 0.00 0.00 0.00 0.00 0.00 0.00 0.00 0.00 0.00 0.00 0.00 0.00 0.00 0.00 0.00 0.00 
0.00 0.00 0.00 0.00 0.00 0.00 0.00 0.00 0.00 0.00 0.00 0.00 0.00 0.00 0.00 0.00 0.00 0.00 0.00 0.00 
0.00 0.00 0.00 0.00 0.00 0.00 0.00 0.00 0.00 0.00 0.00 0.00 0.00 0.00 0.00 0.00 0.00 0.00 0.00 0.00 
0.00 0.00 0.00 0.00 0.00 0.00 0.00 0.00 0.00 0.00 0.00 0.00 0.00 0.00 0.00 0.00 0.00 0.00 0.00 0.00 
0.00 0.00 0.00 0.00 0.00 0.00 0.00 0.00 0.00 0.00 0.00 0.00 0.00 0.00 0.00 0.00 0.00 0.00 0.00 0.00 
0.00 0.00 0.00 0.00 0.00 0.00 0.00 0.00 0.00 0.00 0.00 0.00 0.00 0.00 0.00 0.00 0.00 0.00 0.00 0.00 
0.00 0.00 0.00 0.00 0.00 0.00 0.00 0.00 0.00 0.00 0.00 0.00 0.00 0.00 0.00 0.00 0.00 0.00 0.00 0.00 
0.00 0.00 0.00 0.00 0.00 0.00 0.00 0.00 0.00 0.00 0.00 0.00 0.00 0.00 0.00 0.00 0.00 0.00 0.00 0.00 
0.00 0.00 0.00 0.00 0.00 0.00 0.00 0.00 0.00 0.00 0.00 0.00 0.00 0.00 0.00 0.00 0.00 0.00 0.00 0.00 
0.00 0.00 0.00 0.00 0.00 0.00 0.00 0.00 0.00 0.00 0.00 0.00 0.00 0.00 0.00 0.00 0.00 0.00 0.00 0.00 
0.00 0.00 0.00 0.00 0.00 0.00 0.00 0.00 0.00 0.00 0.00 0.00 0.00 0.00 0.00 0.00 0.00 0.00 0.00 0.00 
0.00 0.00 0.00 0.00 0.00 0.00 0.00 0.00 0.00 0.00 0.00 0.00 0.00 0.00 0.00 0.00 0.00 0.00 0.00 0.00 
0.00 0.00 0.00 0.00 0.00 0.00 0.00 0.00 0.00 0.00 0.00 0.00 0.00 0.00 0.00 0.00 0.00 0.00 0.00 0.00 
0.00 0.00 0.00 0.00 0.00 0.00 0.00 0.00 0.00 0.00 0.00 0.00 0.00 0.00 0.00 0.00 0.00 0.00 0.00 0.00 
0.00 0.00 0.00 0.00 0.00 0.00 0.00 0.00 0.00 0.00 0.00 0.00 0.00 0.00 0.00 0.00 0.00 0.00 0.00 0.00 
0.00 0.00 0.00 0.00 0.00 0.00 0.00 0.00 0.00 0.00 0.00 0.00 0.00 0.00 0.00 0.00 0.00 0.00 0.00 0.00 
0.00 0.00 0.00 0.00 0.00 0.00 0.00 0.00 0.00 0.00 0.00 0.00 0.00 0.00 0.00 0.00 0.00 0.00 0.00 0.00 
0.00 0.00 0.00 0.00 0.00 0.00 0.00 0.00 0.00 0.00 0.00 0.00 0.00 0.00 0.00 0.00 0.00 0.00 0.00 0.00 
0.00 0.00 0.00 0.00 0.00 0.00 0.00 0.00 0.00 0.00 0.00 0.00 0.00 0.00 0.00 0.00 0.00 0.00 0.00 0.00 
0.00 0.00 0.00 0.00 0.00 0.00 0.00 0.00 0.00 0.00 0.00 0.00 0.00 0.00 0.00 0.00 0.00 0.00 0.00 0.00 
0.00 0.00 0.00 0.00 0.00 0.00 0.00 0.00 0.00 0.00 0.00 0.00 0.00 0.00 0.00 0.00 0.00 0.00 0.00 0.00 
0.00 0.00 0.00 0.00 0.00 0.00 0.00 0.00 0.00 0.00 0.00 0.00 0.00 0.00 0.00 0.00 0.00 0.00 0.00 0.00 
0.00 0.00 0.00 0.00 0.00 0.00 0.00 0.00 0.00 0.00 0.00 0.00 0.00 0.00 0.00 0.00 0.00 0.00 0.00 0.00 
0.00 0.00 0.00 0.00 0.00 0.00 0.00 0.00 0.00 0.00 0.00 0.00 0.00 0.00 0.00 0.00 0.00 0.00 0.00 0.00 
0.00 0.00 0.00 0.00 0.00 0.00 0.00 0.00 0.00 0.00 0.00 0.00 0.00 0.00 0.00 0.00 0.00 0.00 0.00 0.00 
0.00 0.00 0.00 0.00 0.00 0.00 0.00 0.00 0.00 0.00 0.00 0.00 0.00 0.00 0.00 0.00 0.00 0.00 0.00 0.00 
0.00 0.00 0.00 0.00 0.00 0.00 0.00 0.00 0.00 0.00 0.00 0.00 0.00 0.00 0.00 0.00 0.00 0.00 0.00 0.00 
0.00 0.00 0.00 0.00 0.00 0.00 0.00 0.00 0.00 0.00 0.00 0.00 0.00 0.00 0.00 0.00 0.00 0.00 0.00 0.00 
0.00 0.00 0.00 0.00 0.00 0.00 0.00 0.00 0.00 0.00 0.00 0.00 0.00 0.00 0.00 0.00 0.00 0.00 0.00 0.00 
0.00 0.00 0.00 0.00 0.00 0.00 0.00 0.00 0.00 0.00 0.00 0.00 0.00 0.00 0.00 0.00 0.00 0.00 0.00 0.00 
0.00 0.00 0.00 0.00 0.00 0.00 0.00 0.00 0.00 0.00 0.00 0.00 0.00 0.00 0.00 0.00 0.00 0.00 0.00 0.00 
0.00 0.00 0.00 0.00 0.00 0.00 0.00 0.00 0.00 0.00 0.00 0.00 0.00 0.00 0.00 0.00 0.00 0.00 0.00 0.00 
0.00 0.00 0.00 0.00 0.00 0.00 0.00 0.00 0.00 0.00 0.00 0.00 0.00 0.00 0.00 0.00 0.00 0.00 0.00 0.00 
0.00 0.00 0.00 0.00 0.00 0.00 0.00 0.00 0.00 0.00 0.00 0.00 0.00 0.00 0.00 0.00 0.00 0.00 0.00 0.00 
0.00 0.00 0.00 0.00 0.00 0.00 0.00 0.00 0.00 0.00 0.00 0.00 0.00 0.00 0.00 0.00 0.00 0.00 0.00 0.00 
0.00 0.00 0.00 0.00 0.00 0.00 0.00 0.00 0.00 0.00 0.00 0.00 0.00 0.00 0.00 0.00 0.00 0.00 0.00 0.00 
0.00 0.00 0.00 0.00 0.00 0.00 0.00 0.00 0.00 0.00 0.00 0.00 0.00 0.00 0.00 0.00 0.00 0.00 0.00 0.00 
0.00 0.00 0.00 0.00 0.00 0.00 0.00 0.00 0.00 0.00 0.00 0.00 0.00 0.00 0.00 0.00 0.00 0.00 0.00 0.00 
0.00 0.00 0.00 0.00 0.00 0.00 0.00 0.00 0.00 0.00 0.00 0.00 0.00 0.00 0.00 0.00 0.00 0.00 0.00 0.00 
0.00 0.00 0.00 0.00 0.00 0.00 0.00 0.00 0.00 0.00 0.00 0.00 0.00 0.00 0.00 0.00 0.00 0.00 0.00 0.00 
0.00 0.00 0.00 0.00 0.00 0.00 0.00 0.00 0.00 0.00 0.00 0.00 0.00 0.00 0.00 0.00 0.00 0.00 0.00 0.00 
0.00 0.00 0.00 0.00 0.00 0.00 0.00 0.00 0.00 0.00 0.00 0.00 0.00 0.00 0.00 0.00 0.00 0.00 0.00 0.00 
0.00 0.00 0.00 0.00 0.00 0.00 0.00 0.00 0.00 0.00 0.00 0.00 0.00 0.00 0.00 0.00 0.00 0.00 0.00 0.00 
0.00 0.00 0.00 0.00 0.00 0.00 0.00 0.00 0.00 0.00 0.00 0.00 0.00 0.00 0.00 0.00 0.00 0.00 0.00 0.00 
0.00 0.00 0.00 0.00 0.00 0.00 0.00 0.00 0.00 0.00 0.00 0.00 0.00 0.00 0.00 0.00 0.00 0.00 0.00 0.00 
0.00 0.00 0.00 0.00 0.00 0.00 0.00 0.00 0.00 0.00 0.00 0.00 0.00 0.00 0.00 0.00 0.00 0.00 0.00 0.00 
0.00 0.00 0.00 0.00 0.00 0.00 0.00 0.00 0.00 0.00 0.00 0.00 0.00 0.00 0.00 0.00 0.00 0.00 0.00 0.00 
0.00 0.00 0.00 0.00 0.00 0.00 0.00 0.00 0.00 0.00 0.00 0.00 0.00 0.00 0.00 0.00 0.00 0.00 0.00 0.00 
0.00 0.00 0.00 0.00 0.00 0.00 0.00 0.00 0.00 0.00 0.00 0.00 0.00 0.00 0.00 0.00 0.00 0.00 0.00 0.00 
0.00 0.00 0.00 0.00 0.00 0.00 0.00 0.00 0.00 0.00 0.00 0.00 0.00 0.00 0.00 0.00 0.00 0.00 0.00 0.00 
0.00 0.00 0.00 0.00 0.00 0.00 0.00 0.00 0.00 0.00 0.00 0.00 0.00 0.00 0.00 0.00 0.00 0.00 0.00 0.00 
0.00 0.00 0.00 0.00 0.00 0.00 0.00 0.00 0.00 0.00 0.00 0.00 0.00 0.00 0.00 0.00 0.00 0.00 0.00 0.00 
0.00 0.00 0.00 0.00 0.00 0.00 0.00 0.00 0.00 0.00 0.00 0.00 0.00 0.00 0.00 0.00 0.00 0.00 0.00 0.00 
0.00 0.00 0.00 0.00 0.00 0.00 0.00 0.00 0.00 0.00 0.00 0.00 0.00 0.00 0.00 0.00 0.00 0.00 0.00 0.00 
0.00 0.00 0.00 0.00 0.00 0.00 0.00 0.00 0.00 0.00 0.00 0.00 0.00 0.00 0.00 0.00 0.00 0.00 0.00 0.00 
0.00 0.00 0.00 0.00 0.00 0.00 0.00 0.00 0.00 0.00 0.00 0.00 0.00 0.00 0.00 0.00 0.00 0.00 0.00 0.00 
0.00 0.00 0.00 0.00 0.00 0.00 0.00 0.00 0.00 0.00 0.00 0.00 0.00 0.00 0.00 0.00 0.00 0.00 0.00 0.00 
0.00 0.00 0.00 0.00 0.00 0.00 0.00 0.00 0.00 0.00 0.00 0.00 0.00 0.00 0.00 0.00 0.00 0.00 0.00 0.00 
0.00 0.00 0.00 0.00 0.00 0.00 0.00 0.00 0.00 0.00 0.00 0.00 0.00 0.00 0.00 0.00 0.00 0.00 0.00 0.00 
0.00 0.00 0.00 0.00 0.00 0.00 0.00 0.00 0.00 0.00 0.00 0.00 0.00 0.00 0.00 0.00 0.00 0.00 0.00 0.00 
0.00 0.00 0.00 0.00 0.00 0.00 0.00 0.00 0.00 0.00 0.00 0.00 0.00 0.00 0.00 0.00 0.00 0.00 0.00 0.00 
0.00 0.00 0.00 0.00 0.00 0.00 0.00 0.00 0.00 0.00 0.00 0.00 0.00 0.00 0.00 0.00 0.00 0.00 0.00 0.00 
0.00 0.00 0.00 0.00 0.00 0.00 0.00 0.00 0.00 0.00 0.00 0.00 0.00 0.00 0.00 0.00 0.00 0.00 0.00 0.00 
0.00 0.00 0.00 0.00 0.00 0.00 0.00 0.00 0.00 0.00 0.00 0.00 0.00 0.00 0.00 0.00 0.00 0.00 0.00 0.00 
0.00 0.00 0.00 0.00 0.00 0.00 0.00 0.00 0.00 0.00 0.00 0.00 0.00 0.00 0.00 0.00 0.00 0.00 0.00 0.00 
0.00 0.00 0.00 0.00 0.00 0.00 0.00 0.00 0.00 0.00 0.00 0.00 0.00 0.00 0.00 0.00 0.00 0.00 0.00 0.00 
0.00 0.00 0.00 0.00 0.00 0.00 0.00 0.00 0.00 0.00 0.00 0.00 0.00 0.00 0.00 0.00 0.00 0.00 0.00 0.00 
0.00 0.00 0.00 0.00 0.00 0.00 0.00 0.00 0.00 0.00 0.00 0.00 0.00 0.00 0.00 0.00 0.00 0.00 0.00 0.00 
0.00 0.00 0.00 0.00 0.00 0.00 0.00 0.00 0.00 0.00 0.00 0.00 0.00 0.00 0.00 0.00 0.00 0.00 0.00 0.00 
0.00 0.00 0.00 0.00 0.00 0.00 0.00 0.00 0.00 0.00 0.00 0.00 0.00 0.00 0.00 0.00 0.00 0.00 0.00 0.00 
end   dump: w
==END   DUMP_ARRAYS==
==BEGIN DUMP_ARRAYS==
begin dump: w
1811.05 54302456.00 59739792.00 68798912.00 78714112.00 89048736.00 99563744.00 110214544.00 120756480.00 131618152.00 142216368.00 153106464.00 163851312.00 174764272.00 185513424.00 196252512.00 206888976.00 218023632.00 228761616.00 239620080.00 
250193136.00 261319216.00 272233696.00 283131200.00 293752416.00 304354272.00 315604960.00 326371968.00 337222336.00 348270688.00 358842048.00 369769984.00 380441984.00 391554528.00 402436544.00 413194304.00 424081120.00 434921152.00 445854208.00 456740960.00 
466950880.00 478440768.00 489301216.00 500067584.00 511010560.00 521829120.00 532789024.00 543607488.00 554227904.00 565369408.00 575417536.00 587070464.00 597886464.00 608817408.00 619523648.00 630462784.00 641291008.00 652226752.00 663158464.00 674042048.00 
684533824.00 695710784.00 706513344.00 717542592.00 728055104.00 739136448.00 750032192.00 760926976.00 771734400.00 783017344.00 793350144.00 804320832.00 815134336.00 826172480.00 836781824.00 847445888.00 858678592.00 869775424.00 880430208.00 891305472.00 
900884672.00 913047104.00 923892736.00 934733184.00 945588480.00 956406464.00 967310016.00 978702336.00 989015168.00 1000010752.00 1010682112.00 1021927936.00 1032550912.00 1043204736.00 1054275648.00 1065021184.00 1075794944.00 1086918528.00 1097738368.00 1108532736.00 
1117885312.00 1130300416.00 1141219456.00 1152080768.00 1162848640.00 1173671296.00 1184708224.00 1195604224.00 1206334592.00 1217269376.00 1228018688.00 1238764672.00 1249690112.00 1260834304.00 1271626624.00 1282460288.00 1293340544.00 1304200448.00 1315193984.00 1325970048.00 
1336208768.00 1347713024.00 1358570624.00 1369421696.00 1380230912.00 1389132032.00 1402108544.00 1413088128.00 1423544192.00 1434326400.00 1445377792.00 1456347136.00 1467187840.00 1477991936.00 1489035392.00 1499806208.00 1510623744.00 1521735040.00 1532630656.00 1543372032.00 
1553883264.00 1565052672.00 1575861888.00 1587186688.00 1597460608.00 1608499072.00 1619410304.00 1630243584.00 1641010560.00 1652034816.00 1662074880.00 1673788800.00 1684475776.00 1695383424.00 1706729728.00 1717185152.00 1728032256.00 1739002240.00 1749860480.00 1760710400.00 
1770263168.00 1782421120.00 1793242368.00 1804144512.00 1814989696.00 1825808896.00 1836642944.00 1847841152.00 1858414592.00 1869245184.00 1880083328.00 1891072512.00 1901904256.00 1912823552.00 1923909504.00 1934173312.00 1945192192.00 1956387200.00 1967143424.00 1978018688.00 
1988561024.00 1999709184.00 2011100800.00 2021524736.00 2032295296.00 2043192448.00 2053986048.00 2064970368.00 2075774848.00 2086724608.00 2097395456.00 2108465792.00 2119072384.00 2130212736.00 2141046144.00 2151807488.00 2162683904.00 2173631232.00 2184426752.00 2195263488.00 
2203002112.00 2217182464.00 2227985152.00 2238891520.00 2249662464.00 2260507392.00 2271452672.00 2282445568.00 2292954624.00 2304111616.00 2314747904.00 2325848320.00 2336623616.00 2347544320.00 2358372096.00 2369206272.00 2380007680.00 2391017472.00 2401828096.00 2412725248.00 
2423261696.00 2434441984.00 2444751360.00 2456401920.00 2466907136.00 2477605376.00 2488855296.00 2499704064.00 2510512896.00 2521375232.00 2532150784.00 2543208960.00 2553924864.00 2564816640.00 2575731712.00 2586458880.00 2597487872.00 2608372736.00 2619179520.00 2630155776.00 
2639686912.00 2651869184.00 2662688768.00 2673656832.00 2684421888.00 2695254528.00 2706159104.00 2717022976.00 2727744000.00 2738672384.00 2745624832.00 2760666880.00 2771413760.00 2782276608.00 2793207296.00 2803948544.00 2814624768.00 2825742336.00 2836426752.00 2847530752.00 
2858018304.00 2869346816.00 2880056832.00 2890917120.00 2901676032.00 2912581632.00 2923452416.00 2934528000.00 2945234176.00 2956099072.00 2966845696.00 2977861376.00 2988494592.00 2999695872.00 3010527488.00 3020950528.00 3032238336.00 3043100672.00 3053957120.00 3064735488.00 
3075025152.00 3086602240.00 3097355776.00 3108189952.00 3119002624.00 3129676544.00 3141648640.00 3151961088.00 3162465280.00 3173551872.00 3184267264.00 3195292160.00 3206093824.00 3217056000.00 3227783936.00 3238642944.00 3249428480.00 3260450560.00 3271329536.00 3282150144.00 
3291431936.00 3303907840.00 3314794752.00 3325351168.00 3336268032.00 3347298816.00 3358208256.00 3369061888.00 3380134400.00 3390892032.00 3401606656.00 3412568064.00 3423342592.00 3434375680.00 3445188096.00 3455984896.00 3467017728.00 3477793792.00 3488650752.00 3499520512.00 
3509117440.00 3521393408.00 3532103936.00 3543019008.00 3553798400.00 3564336896.00 3575587328.00 3586477056.00 3597209600.00 3608141056.00 3618867968.00 3629835264.00 3640574720.00 3650793472.00 3662984192.00 3673540864.00 3684151296.00 3695259136.00 3706012416.00 3717113088.00 
3727500288.00 3738661120.00 3749504256.00 3760438528.00 3771138560.00 3782115840.00 3792974848.00 3803831040.00 3814783488.00 3825649920.00 3835646720.00 3847337728.00 3857921024.00 3869683200.00 3879964928.00 3890739712.00 3901612800.00 3912453888.00 3923383552.00 3934526976.00 
3944491264.00 3955978752.00 3966824192.00 3977601792.00 3988776192.00 3999462656.00 4010323968.00 4021249024.00 4031833088.00 4042927104.00 4053636352.00 4064687104.00 4075447040.00 4086412800.00 4097256704.00 4106105344.00 4118936832.00 4129910784.00 4140726784.00 4151632128.00 
4162161920.00 4173855488.00 4184169984.00 4195294720.00 4205697792.00 4216782336.00 4227756032.00 4238443520.00 4249347072.00 4260341248.00 4270992640.00 4282019328.00 4292740608.00 4303733248.00 4314595328.00 4325359104.00 4336225280.00 4347098112.00 4357885952.00 4368549376.00 
4373343744.00 4391124992.00 4401766912.00 4412606976.00 4423357440.00 4434187264.00 4445076480.00 4455979520.00 4466715136.00 4477660160.00 4488410624.00 4499464704.00 4510262784.00 4521138176.00 4532058624.00 4542794752.00 4553495040.00 4564658176.00 4575483392.00 4586358272.00 
4596895744.00 4607530496.00 4618922496.00 4629804032.00 4640550912.00 4651161088.00 4662411264.00 4673291776.00 4684032512.00 4695129088.00 4705778176.00 4716760576.00 4727384576.00 4738599936.00 4749356032.00 4760249344.00 4771061760.00 4781976576.00 4792811008.00 4803440640.00 
4813920256.00 4825423872.00 4836267520.00 4847119872.00 4857713664.00 4869080576.00 4879837184.00 4890681856.00 4901297152.00 4912601600.00 4922468352.00 4934164992.00 4944964608.00 4955884544.00 4966700544.00 4977568256.00 4988335104.00 4999270400.00 5010147840.00 5020892160.00 
5031593472.00 5042704896.00 5053768192.00 5064581632.00 5075171328.00 5086173184.00 5097080832.00 5107996672.00 5118777344.00 5129717248.00 5140411392.00 5151545344.00 5162243072.00 5173233152.00 5184086528.00 5194548736.00 5205650432.00 5216691712.00 5227542528.00 5238419968.00 
5247990784.00 5260025344.00 5271003648.00 5281917952.00 5292699648.00 5303591424.00 5314485760.00 5325358592.00 5336105472.00 5347109888.00 5357787136.00 5368778752.00 5379600384.00 5390526976.00 5401334784.00 5412126720.00 5422795776.00 5433845760.00 5444591104.00 5455121920.00 
5458516992.00 5478177280.00 5488704000.00 5499515392.00 5510159872.00 5521038336.00 5531892224.00 5542781440.00 5553645568.00 5564518400.00 5575256576.00 5586257408.00 5596870656.00 5608007168.00 5618810368.00 5629636096.00 5640446976.00 5651390464.00 5662297088.00 5673210368.00 
5683399168.00 5694808576.00 5705824256.00 5716612608.00 5727468032.00 5737961472.00 5749144064.00 5760137216.00 5770729472.00 5781814784.00 5792560128.00 5803590656.00 5814368256.00 5825175040.00 5836215808.00 5847000064.00 5857805824.00 5868786176.00 5879594496.00 5890463232.00 
5901071360.00 5912278528.00 5923088896.00 5933967872.00 5944566784.00 5955470848.00 5966725632.00 5977412608.00 5988324864.00 5999007744.00 6009264128.00 6020888064.00 6031718912.00 6042684928.00 6053523456.00 6064295424.00 6075276288.00 6086168064.00 6096957440.00 6107807232.00 
6117437440.00 6129654272.00 6140469760.00 6151343616.00 6162100736.00 6172989952.00 6183822336.00 6194774016.00 6205531136.00 6216478720.00 6227139072.00 6237787648.00 6249483264.00 6260131840.00 6270954496.00 6281413632.00 6292411904.00 6303561728.00 6314379264.00 6325379584.00 
6335798784.00 6346948608.00 6357825536.00 6368708096.00 6379475456.00 6390376448.00 6401314816.00 6412163072.00 6422854144.00 6433963008.00 6444641280.00 6455700992.00 6466250240.00 6477387264.00 6488229888.00 6499053568.00 6509923328.00 6520685056.00 6531664384.00 6542502400.00 
6550202368.00 6564422656.00 6575220736.00 6586075136.00 6596899840.00 6607740416.00 6618510848.00 6629498368.00 6640144384.00 6651344384.00 6661987328.00 6672951808.00 6683814912.00 6694723072.00 6705552384.00 6716254720.00 6727313920.00 6738185216.00 6749063168.00 6759827968.00 
6770500608.00 6781666304.00 6792508928.00 6803457536.00 6814002688.00 6823112704.00 6836040704.00 6846887424.00 6857711616.00 6868612608.00 6879334912.00 6890316288.00 6901164544.00 6912119808.00 6922913280.00 6933773312.00 6944591872.00 6955558400.00 6966411776.00 6977267200.00 
6986866176.00 6998965248.00 7009918976.00 7020838400.00 7031535616.00 7042359808.00 7053339648.00 7064077824.00 7074968064.00 7085904896.00 7096007168.00 7107659776.00 7118465024.00 7129340928.00 7140266496.00 7151062528.00 7161742336.00 7172797440.00 7183668224.00 7194510336.00 
7205071872.00 7216179712.00 7227037696.00 7237859328.00 7248471552.00 7259114496.00 7268952064.00 7285220352.00 7293324800.00 7303854080.00 7314431488.00 7325370880.00 7335929856.00 7347008000.00 7357852160.00 7368313344.00 7379475968.00 7390407680.00 7401332224.00 7412102656.00 
7422349824.00 7433839616.00 7444717056.00 7455642624.00 7466357760.00 7477252608.00 7488172544.00 7499013632.00 7509657088.00 7520794112.00 7531492352.00 7542536704.00 7553274880.00 7564237312.00 7575095808.00 7585878016.00 7596759040.00 7607750144.00 7618558976.00 7629391872.00 
7638669824.00 7651160576.00 7662034432.00 7672914432.00 7683512832.00 7694530560.00 7705776128.00 7716365312.00 7727193600.00 7738134528.00 7748846592.00 7759804928.00 7770590720.00 7781538304.00 7792243712.00 7803298816.00 7814119424.00 7825237504.00 7836016128.00 7846763008.00 
7856365056.00 7868499456.00 7879350784.00 7890206208.00 7901041664.00 7911555584.00 7922770432.00 7933418496.00 7944574976.00 7955499008.00 7966189056.00 7977204224.00 7988012032.00 7998903296.00 8009782272.00 8020585472.00 8031266816.00 8042579968.00 8053256704.00 8064090112.00 
8074683904.00 8085889536.00 8096733184.00 8107621376.00 8118329856.00 8129228800.00 8140166656.00 8151152640.00 8161826816.00 8172639232.00 8179625984.00 8194700288.00 8205240320.00 8216348672.00 8227150848.00 8237972992.00 8248842240.00 8259776512.00 8270614528.00 8281490944.00 
8291718656.00 8303217664.00 8314323456.00 8324916224.00 8335764992.00 8346646016.00 8357642240.00 8368426496.00 8379017728.00 8389906944.00 8400952832.00 8411931648.00 8422766080.00 8433594880.00 8444455424.00 8454985216.00 8466112000.00 8477097984.00 8488093184.00 8498868224.00 
8509408768.00 8520579072.00 8531398144.00 8542354432.00 8552934400.00 8563966976.00 8574944256.00 8585754112.00 8596651008.00 8607589376.00 8618216448.00 8629258240.00 8639978496.00 8650920960.00 8661786624.00 8672599040.00 8683463680.00 8694413312.00 8705125376.00 8715790336.00 
8720565248.00 8738364416.00 8748983296.00 8759793664.00 8770607104.00 8781431808.00 8792384512.00 8803020800.00 8813947904.00 8825026560.00 8835642368.00 8846697472.00 8857443328.00 8868328448.00 8879249408.00 8890117120.00 8900734976.00 8911852544.00 8922586112.00 8933578752.00 
8944134144.00 8955291648.00 8966158336.00 8976987136.00 8987856896.00 8998396928.00 9009591296.00 9020481536.00 9031349248.00 9042228224.00 9052958720.00 9063988224.00 9074568192.00 9085528064.00 9096655872.00 9107437568.00 9118294016.00 9129151488.00 9140064256.00 9150947328.00 
9161155584.00 9172655104.00 9183244288.00 9194430464.00 9205210112.00 9216048128.00 9226898432.00 9237861376.00 9248480256.00 9259585536.00 9269666816.00 9281272832.00 9292148736.00 9303055360.00 9313881088.00 9324670976.00 9335397376.00 9345018880.00 9357641728.00 9368390656.00 
9378910208.00 9390067712.00 9400878080.00 9411766272.00 9422396416.00 9433497600.00 9444397056.00 9455310848.00 9466100736.00 9476952064.00 9487728640.00 9498784768.00 9509484544.00 9520407552.00 9531277312.00 9540111360.00 9553013760.00 9563871232.00 9574658048.00 9585651712.00 
9595225088.00 9607395328.00 9618243584.00 9629097984.00 9639929856.00 9650778112.00 9661678592.00 9672535040.00 9683213312.00 9695512576.00 9705161728.00 9716148224.00 9726908416.00 9737824256.00 9748649984.00 9759505408.00 9770162176.00 9781292032.00 9792211968.00 9802995712.00 
9812255744.00 9824762880.00 9835688960.00 9846449152.00 9857226752.00 9868151808.00 9879097344.00 9889979392.00 9900709888.00 9910720512.00 9922491392.00 9933478912.00 9944051712.00 9955062784.00 9966000128.00 9976830976.00 9987686400.00 9998690304.00 10009400320.00 10020447232.00 
10030583808.00 10042040320.00 10052933632.00 10063021056.00 10074702848.00 10085199872.00 10096461824.00 10107324416.00 10117911552.00 10129059840.00 10139746304.00 10150685696.00 10161558528.00 10172366848.00 10183405568.00 10194186240.00 10204979200.00 10215964672.00 10226833408.00 10237715456.00 
10248250368.00 10259259392.00 10270328832.00 10281150464.00 10291798016.00 10302839808.00 10313782272.00 10324610048.00 10335501312.00 10346371072.00 10356464640.00 10368125952.00 10378832896.00 10389876736.00 10400710656.00 10411532288.00 10422376448.00 10433355776.00 10444205056.00 10455054336.00 
10464630784.00 10476772352.00 10487585792.00 10498900992.00 10509340672.00 10520181760.00 10531133440.00 10541945856.00 10552767488.00 10563728384.00 10574450688.00 10585420800.00 10596272128.00 10607452160.00 10618016768.00 10628502528.00 10639528960.00 10650610688.00 10661476352.00 10672353280.00 
10682903552.00 10694052864.00 10704920576.00 10715748352.00 10726536192.00 10737432576.00 10748383232.00 10759104512.00 10770033664.00 10780794880.00 10791608320.00 10802682880.00 10813194240.00 10824181760.00 10835018752.00 10845754368.00 10856506368.00 10867225600.00 10877596672.00 10887099392.00 
10884340736.00 10914299904.00 10923761664.00 10934168576.00 10944772096.00 10955518976.00 10966339584.00 10977198080.00 10987707392.00 10998714368.00 11009484800.00 11020596224.00 11031258112.00 11042281472.00 11052988416.00 11063835648.00 11074621440.00 11085650944.00 11096431616.00 11107344384.00 
11117872128.00 11129041920.00 11139885056.00 11150765056.00 11161373696.00 11172115456.00 11183342592.00 11193946112.00 11205021696.00 11215973376.00 11226646528.00 11237662720.00 11248384000.00 11259441152.00 11270232064.00 11281076224.00 11291956224.00 11302486016.00 11313769472.00 11324615680.00 
11334184960.00 11346337792.00 11357159424.00 11368042496.00 11378923520.00 11389732864.00 11400647680.00 11411523584.00 11422327808.00 11433251840.00 11443331072.00 11455013888.00 11465785344.00 11476783104.00 11487575040.00 11498417152.00 11509103616.00 11520232448.00 11531025408.00 11542130688.00 
11552520192.00 11563682816.00 11574530048.00 11585431552.00 11596181504.00 11607078912.00 11617951744.00 11629024256.00 11639736320.00 11650708480.00 11661349888.00 11672343552.00 11682982912.00 11694074880.00 11704888320.00 11715407872.00 11726572544.00 11738374144.00 11748418560.00 11759338496.00 
11769529344.00 11780951040.00 11791959040.00 11802704896.00 11813595136.00 11824432128.00 11835361280.00 11846343680.00 11856847872.00 11867910144.00 11878607872.00 11890667520.00 11900588032.00 11911424000.00 11922262016.00 11933102080.00 11943931904.00 11954945024.00 11965669376.00 11976619008.00 
11985888256.00 11998386176.00 12009151488.00 12020096000.00 12030753792.00 12041760768.00 12052710400.00 12063574016.00 12074382336.00 12085244928.00 12095944704.00 12105874432.00 12117955584.00 12128859136.00 12139670528.00 12150475776.00 12161353728.00 12172285952.00 12183105536.00 12193998848.00 
12203588608.00 12215730176.00 12226697216.00 12237512704.00 12248283136.00 12257208320.00 12270093312.00 12280983552.00 12291690496.00 12302602240.00 12313374720.00 12324442112.00 12335196160.00 12346091520.00 12356971520.00 12367766528.00 12378496000.00 12389625856.00 12400491520.00 12411330560.00 
12421856256.00 12433004544.00 12443713536.00 12456375296.00 12465759232.00 12476589056.00 12487477248.00 12498332672.00 12509138944.00 12520119296.00 12530125824.00 12541810688.00 12552419328.00 12563542016.00 12574457856.00 12585214976.00 12596083712.00 12606951424.00 12618106880.00 12628740096.00 
12638957568.00 12650433536.00 12661296128.00 12672240640.00 12683005952.00 12693839872.00 12704708608.00 12715874304.00 12726330368.00 12737401856.00 12748140544.00 12759155712.00 12769948672.00 12780908544.00 12791770112.00 12802201600.00 12813300736.00 12824409088.00 12835191808.00 12846101504.00 
12856642560.00 12867806208.00 12878760960.00 12889539584.00 12900154368.00 12911138816.00 12922113024.00 12933055488.00 12943854592.00 12954693632.00 12965459968.00 12976364544.00 12987213824.00 12998380544.00 13008969728.00 13019828224.00 13030695936.00 13041599488.00 13052357632.00 13063030784.00 
13067814912.00 13085599744.00 13096242176.00 13106977792.00 13117830144.00 13128660992.00 13139576832.00 13150462976.00 13161182208.00 13172127744.00 13182884864.00 13193798656.00 13204645888.00 13215627264.00 13226426368.00 13237300224.00 13247968256.00 13259033600.00 13269962752.00 13280812032.00 
13291373568.00 13302520832.00 13313273856.00 13324292096.00 13335062528.00 13345607680.00 13356901376.00 13367802880.00 13378535424.00 13389457408.00 13400143872.00 13411500032.00 13421883392.00 13432971264.00 13443713024.00 13454615552.00 13465529344.00 13476471808.00 13487041536.00 13498175488.00 
13508391936.00 13519901696.00 13530737664.00 13541621760.00 13552449536.00 13563286528.00 13574214656.00 13585051648.00 13595668480.00 13606689792.00 13613648896.00 13628741632.00 13639455744.00 13650249728.00 13661190144.00 13672044544.00 13682833408.00 13693765632.00 13704627200.00 13715508224.00 
13726096384.00 13737308160.00 13748112384.00 13758813184.00 13769645056.00 13780667392.00 13791580160.00 13802471424.00 13813288960.00 13824194560.00 13834913792.00 13845886976.00 13856575488.00 13867987968.00 13878587392.00 13889039360.00 13900249088.00 13911184384.00 13922006016.00 13932892160.00 
13942461440.00 13954621440.00 13965338624.00 13976146944.00 13987171328.00 13997956096.00 14009113600.00 14019859456.00 14030579712.00 14041594880.00 14052259840.00 14063261696.00 14074101760.00 14085021696.00 14095575040.00 14106731520.00 14117380096.00 14128488448.00 14139321344.00 14150230016.00 
14159497216.00 14172002304.00 14182810624.00 14193642496.00 14204403712.00 14215392256.00 14226265088.00 14237156352.00 14248025088.00 14258853888.00 14269607936.00 14280599552.00 14291239936.00 14302373888.00 14313185280.00 14324014080.00 14334925824.00 14345744384.00 14356631552.00 14367561728.00 
14377769984.00 14389306368.00 14400020480.00 14410978304.00 14421809152.00 14432285696.00 14443512832.00 14454368256.00 14464967680.00 14476023808.00 14486674432.00 14497553408.00 14507960320.00 14516167680.00 14532416512.00 14542155776.00 14552689664.00 14563538944.00 14574326784.00 14585211904.00 
14595692544.00 14606887936.00 14617687040.00 14628582400.00 14639161344.00 14650208256.00 14661105664.00 14672062464.00 14682820608.00 14693725184.00 14703783936.00 14715487232.00 14726202368.00 14737307648.00 14748019712.00 14758903808.00 14769760256.00 14780554240.00 14791431168.00 14802429952.00 
14811950080.00 14824132608.00 14834956288.00 14845824000.00 14856702976.00 14867485696.00 14878448640.00 14889273344.00 14899991552.00 14911073280.00 14921763840.00 14932780032.00 14943589376.00 14954505216.00 14965319680.00 14974212096.00 14986896384.00 14997928960.00 15008864256.00 15019731968.00 
15030277120.00 15041556480.00 15052300288.00 15063195648.00 15073851392.00 15085002752.00 15095812096.00 15106664448.00 15117492224.00 15128437760.00 15139113984.00 15150046208.00 15160762368.00 15171892224.00 15182844928.00 15193517056.00 15204386816.00 15215319040.00 15226148864.00 15236964352.00 
15244669952.00 15258887168.00 15269700608.00 15280709632.00 15291371520.00 15302217728.00 15313129472.00 15324007424.00 15334645760.00 15345699840.00 15356447744.00 15367433216.00 15378442240.00 15389217792.00 15400034304.00 15410883584.00 15421675520.00 15432690688.00 15443533824.00 15454441472.00 
15464979456.00 15476004864.00 15486972928.00 15497828352.00 15508487168.00 15519196160.00 15530396672.00 15541257216.00 15551822848.00 15563602944.00 15573961728.00 15584917504.00 15595628544.00 15606618112.00 15617531904.00 15628267520.00 15639187456.00 15650055168.00 15660882944.00 15671735296.00 
15681380352.00 15693590528.00 15704402944.00 15715220480.00 15726027776.00 15736970240.00 15747828736.00 15758706688.00 15769441280.00 15780508672.00 15790528512.00 15802382336.00 15812960256.00 15823959040.00 15834636288.00 15845785600.00 15856343040.00 15867424768.00 15878273024.00 15889103872.00 
15899700224.00 15910923264.00 15921754112.00 15932597248.00 15943368704.00 15954270208.00 15965137920.00 15976223744.00 15986923520.00 15997800448.00 16008540160.00 16019577856.00 16030177280.00 16041254912.00 16052221952.00 16062648320.00 16073833472.00 16084781056.00 16095539200.00 16106576896.00 
16116721664.00 16128188416.00 16139049984.00 16150006784.00 16160830464.00 16171630592.00 16182537216.00 16193396736.00 16204030976.00 16215124992.00 16225848320.00 16236866560.00 16247651328.00 16258606080.00 16269469696.00 16280224768.00 16290982912.00 16301877248.00 16312654848.00 16323207168.00 
16326563840.00 16346274816.00 16356763648.00 16367547392.00 16378109952.00 16389140480.00 16400026624.00 16410859520.00 16421698560.00 16432623616.00 16443313152.00 16454288384.00 16465055744.00 16476021760.00 16486884352.00 16497661952.00 16508590080.00 16519481344.00 16530345984.00 16541355008.00 
16550831104.00 16562973696.00 16573832192.00 16584708096.00 16595640320.00 16606057472.00 16617271296.00 16628160512.00 16638917632.00 16649860096.00 16660684800.00 16671672320.00 16682510336.00 16693405696.00 16704275456.00 16715075584.00 16725740544.00 16736821248.00 16747589632.00 16758684672.00 
16769171456.00 16780507136.00 16791213056.00 16802117632.00 16812840960.00 16823691264.00 16834662400.00 16845511680.00 16856335360.00 16867227648.00 16877337600.00 16888784896.00 16899605504.00 16910720000.00 16921510912.00 16932176896.00 16943584256.00 16954271744.00 16965093376.00 16975964160.00 
16986200064.00 16997942272.00 17008548864.00 17019433984.00 17030230016.00 17041010688.00 17052003328.00 17062805504.00 17073530880.00 17084617728.00 17095325696.00 17106266112.00 17117272064.00 17128102912.00 17138951168.00 17149445120.00 17160602624.00 17171601408.00 17182443520.00 17193857024.00 
17203875840.00 17215045632.00 17225887744.00 17236711424.00 17247410176.00 17258465280.00 17269291008.00 17280264192.00 17291026432.00 17301921792.00 17312694272.00 17323730944.00 17334439936.00 17345413120.00 17356279808.00 17367064576.00 17377937408.00 17388793856.00 17399586816.00 17410277376.00 
17415022592.00 17432846336.00 17443467264.00 17454299136.00 17465059328.00 17475899392.00 17486755840.00 17497671680.00 17508431872.00 17519380480.00 17530118144.00 17541054464.00 17551943680.00 17562939392.00 17573607424.00 17584461824.00 17595203584.00 17606107136.00 17617186816.00 17627533312.00 
17638612992.00 17649756160.00 17660631040.00 17671483392.00 17682225152.00 17691215872.00 17704093696.00 17714980864.00 17725845504.00 17736708096.00 17747449856.00 17758464000.00 17769076736.00 17780135936.00 17791037440.00 17801799680.00 17812518912.00 17823789056.00 17834526720.00 17845411840.00 
17855625216.00 17866862592.00 17877981184.00 17888948224.00 17899671552.00 17910515712.00 17921392640.00 17931712512.00 17942968320.00 17954050048.00 17964146688.00 17975746560.00 17986506752.00 17997553664.00 18008389632.00 18019151872.00 18030028800.00 18040946688.00 18051854336.00 18062731264.00 
18073262080.00 18084272128.00 18095337472.00 18106144768.00 18116751360.00 18127720448.00 18138374144.00 18150598656.00 18160715776.00 18171549696.00 18182230016.00 18193246208.00 18203940864.00 18214916096.00 18225766400.00 18236270592.00 18247487488.00 18258364416.00 18269259776.00 18280001536.00 
18289696768.00 18301876224.00 18312714240.00 18323603456.00 18334277632.00 18345271296.00 18356158464.00 18367019008.00 18377834496.00 18388824064.00 18399481856.00 18410493952.00 18421159936.00 18432335872.00 18443141120.00 18453958656.00 18464620544.00 18476036096.00 18486571008.00 18497488896.00 
18506715136.00 18519240704.00 18530041856.00 18540951552.00 18551721984.00 18562605056.00 18573570048.00 18584328192.00 18595207168.00 18606104576.00 18616836096.00 18627835904.00 18638434304.00 18649419776.00 18659713024.00 18671593472.00 18682302464.00 18693203968.00 18704003072.00 18714791936.00 
18725095424.00 18736648192.00 18747408384.00 18758291456.00 18769049600.00 18779662336.00 18790823936.00 18801688576.00 18812405760.00 18823530496.00 18834249728.00 18845284352.00 18856065024.00 18866853888.00 18877894656.00 18888683520.00 18899507200.00 18910468096.00 18921308160.00 18932051968.00 
18942758912.00 18953857024.00 18964932608.00 18975649792.00 18986276864.00 18997319680.00 19008159744.00 19019110400.00 19029891072.00 19040727040.00 19047634944.00 19062726656.00 19073425408.00 19084382208.00 19095183360.00 19106029568.00 19116879872.00 19127726080.00 19138680832.00 19149518848.00 
19159121920.00 19171246080.00 19182174208.00 19193020416.00 19203801088.00 19214807040.00 19225638912.00 19236562944.00 19247243264.00 19258183680.00 19268952064.00 19280011264.00 19290781696.00 19301701632.00 19312502784.00 19323006976.00 19334000640.00 19344998400.00 19356600320.00 19366946816.00 
19377518592.00 19388657664.00 19399542784.00 19410376704.00 19421145088.00 19432040448.00 19442987008.00 19453855744.00 19464654848.00 19475546112.00 19486355456.00 19497289728.00 19507970048.00 19518941184.00 19529904128.00 19540746240.00 19551617024.00 19562487808.00 19573364736.00 19584219136.00 
19591886848.00 19606128640.00 19616927744.00 19627753472.00 19638603776.00 19649445888.00 19660308480.00 19671183360.00 19681830912.00 19692929024.00 19703699456.00 19714674688.00 19725518848.00 19736418304.00 19747375104.00 19758082048.00 19768860672.00 19779878912.00 19790266368.00 19801686016.00 
19812204544.00 19823364096.00 19834212352.00 19845003264.00 19855710208.00 19866427392.00 19877459968.00 19888576512.00 19899398144.00 19910326272.00 19921027072.00 19932151808.00 19942739968.00 19953565696.00 19964710912.00 19975458816.00 19986296832.00 19997239296.00 20008134656.00 20018966528.00 
20028536832.00 20040675328.00 20051492864.00 20062377984.00 20073263104.00 20084092928.00 20094642176.00 20106012672.00 20116682752.00 20127592448.00 20137725952.00 20149362688.00 20160286720.00 20171151360.00 20181948416.00 20192753664.00 20203433984.00 20214200320.00 20225509376.00 20236331008.00 
20246878208.00 20258023424.00 20268730368.00 20279654400.00 20290539520.00 20301449216.00 20312324096.00 20323395584.00 20334114816.00 20345055232.00 20355717120.00 20367067136.00 20377346048.00 20388288512.00 20399249408.00 20408176640.00 20421064704.00 20431982592.00 20442777600.00 20453672960.00 
20463892480.00 20475418624.00 20486166528.00 20497186816.00 20507965440.00 20518811648.00 20529725440.00 20540555264.00 20551202816.00 20562628608.00 20573091840.00 20584114176.00 20594946048.00 20605782016.00 20616675328.00 20627601408.00 20638312448.00 20649322496.00 20660140032.00 20671074304.00 
20680280064.00 20692860928.00 20703610880.00 20714496000.00 20725102592.00 20736251904.00 20747094016.00 20758185984.00 20768745472.00 20779452416.00 20790419456.00 20801386496.00 20812150784.00 20822693888.00 20834037760.00 20844849152.00 20855721984.00 20866664448.00 20877459456.00 20888346624.00 
20897927168.00 20910090240.00 20920938496.00 20931612672.00 20942622720.00 20953137152.00 20964560896.00 20975220736.00 20986030080.00 20997076992.00 21007755264.00 21018376192.00 21029554176.00 21040482304.00 21051320320.00 21062119424.00 21072848896.00 21083830272.00 21094823936.00 21105682432.00 
21116233728.00 21127360512.00 21138216960.00 21149155328.00 21159876608.00 21170792448.00 21181853696.00 21192568832.00 21203410944.00 21214330880.00 21224380416.00 21236019200.00 21246674944.00 21257775104.00 21268566016.00 21279438848.00 21290285056.00 21301327872.00 21312059392.00 21322954752.00 
21333168128.00 21344649216.00 21355503616.00 21366466560.00 21377198080.00 21388068864.00 21398933504.00 21409822720.00 21420466176.00 21431615488.00 21442258944.00 21453135872.00 21464090624.00 21475020800.00 21485766656.00 21496244224.00 21507399680.00 21518264320.00 21529131008.00 21540057088.00 
21550587904.00 21561763840.00 21572603904.00 21583366144.00 21594017792.00 21605017600.00 21615826944.00 21626648576.00 21637437440.00 21648279552.00 21658865664.00 21669765120.00 21680410624.00 21691183104.00 21701799936.00 21712224256.00 21722570752.00 21732593664.00 21741633536.00 21747083264.00 
end   dump: w
==END   DUMP_ARRAYS==
Time in seconds = 0.078182
Sender: LSF System <lsfadmin@polus-c4-ib.bmc.hpc.cs.msu.ru>
Subject: Job 493976: <./large.o> in cluster <MSUCluster> Done

Job <./large.o> was submitted from host <polus-ib.bmc.hpc.cs.msu.ru> by user <edu-cmc-skpod19-328-11> in cluster <MSUCluster> at Fri Nov 29 23:39:32 2019
Job was executed on host(s) <12*polus-c4-ib.bmc.hpc.cs.msu.ru>, in queue <short>, as user <edu-cmc-skpod19-328-11> in cluster <MSUCluster> at Fri Nov 29 23:41:23 2019
                            <3*polus-c3-ib.bmc.hpc.cs.msu.ru>
</home_edu/edu-cmc-skpod19-328/edu-cmc-skpod19-328-11> was used as the home directory.
</home_edu/edu-cmc-skpod19-328/edu-cmc-skpod19-328-11/dep_gemver> was used as the working directory.
Started at Fri Nov 29 23:41:23 2019
Terminated at Fri Nov 29 23:41:24 2019
Results reported at Fri Nov 29 23:41:24 2019

Your job looked like:

------------------------------------------------------------
# LSBATCH: User input
./large.o
------------------------------------------------------------

Successfully completed.

Resource usage summary:

    CPU time :                                   6.44 sec.
    Max Memory :                                 1 MB
    Average Memory :                             1.00 MB
    Total Requested Memory :                     -
    Delta Memory :                               -
    Max Swap :                                   -
    Max Processes :                              1
    Max Threads :                                1
    Run time :                                   1 sec.
    Turnaround time :                            112 sec.

The output (if any) follows:

==BEGIN DUMP_ARRAYS==
begin dump: w
0.00 0.00 0.00 0.00 0.00 0.00 0.00 0.00 0.00 0.00 0.00 0.00 0.00 0.00 0.00 0.00 0.00 0.00 0.00 0.00 
0.00 0.00 0.00 0.00 0.00 0.00 0.00 0.00 0.00 0.00 0.00 0.00 0.00 0.00 0.00 0.00 0.00 0.00 0.00 0.00 
0.00 0.00 0.00 0.00 0.00 0.00 0.00 0.00 0.00 0.00 0.00 0.00 0.00 0.00 0.00 0.00 0.00 0.00 0.00 0.00 
0.00 0.00 0.00 0.00 0.00 0.00 0.00 0.00 0.00 0.00 0.00 0.00 0.00 0.00 0.00 0.00 0.00 0.00 0.00 0.00 
0.00 0.00 0.00 0.00 0.00 0.00 0.00 0.00 0.00 0.00 0.00 0.00 0.00 0.00 0.00 0.00 0.00 0.00 0.00 0.00 
0.00 0.00 0.00 0.00 0.00 0.00 0.00 0.00 0.00 0.00 0.00 0.00 0.00 0.00 0.00 0.00 0.00 0.00 0.00 0.00 
0.00 0.00 0.00 0.00 0.00 0.00 0.00 0.00 0.00 0.00 0.00 0.00 0.00 0.00 0.00 0.00 0.00 0.00 0.00 0.00 
0.00 0.00 0.00 0.00 0.00 0.00 0.00 0.00 0.00 0.00 0.00 0.00 0.00 0.00 0.00 0.00 0.00 0.00 0.00 0.00 
0.00 0.00 0.00 0.00 0.00 0.00 0.00 0.00 0.00 0.00 0.00 0.00 0.00 0.00 0.00 0.00 0.00 0.00 0.00 0.00 
0.00 0.00 0.00 0.00 0.00 0.00 0.00 0.00 0.00 0.00 0.00 0.00 0.00 0.00 0.00 0.00 0.00 0.00 0.00 0.00 
0.00 0.00 0.00 0.00 0.00 0.00 0.00 0.00 0.00 0.00 0.00 0.00 0.00 0.00 0.00 0.00 0.00 0.00 0.00 0.00 
0.00 0.00 0.00 0.00 0.00 0.00 0.00 0.00 0.00 0.00 0.00 0.00 0.00 0.00 0.00 0.00 0.00 0.00 0.00 0.00 
0.00 0.00 0.00 0.00 0.00 0.00 0.00 0.00 0.00 0.00 0.00 0.00 0.00 0.00 0.00 0.00 0.00 0.00 0.00 0.00 
0.00 0.00 0.00 0.00 0.00 0.00 0.00 0.00 0.00 0.00 0.00 0.00 0.00 0.00 0.00 0.00 0.00 0.00 0.00 0.00 
0.00 0.00 0.00 0.00 0.00 0.00 0.00 0.00 0.00 0.00 0.00 0.00 0.00 0.00 0.00 0.00 0.00 0.00 0.00 0.00 
0.00 0.00 0.00 0.00 0.00 0.00 0.00 0.00 0.00 0.00 0.00 0.00 0.00 0.00 0.00 0.00 0.00 0.00 0.00 0.00 
0.00 0.00 0.00 0.00 0.00 0.00 0.00 0.00 0.00 0.00 0.00 0.00 0.00 0.00 0.00 0.00 0.00 0.00 0.00 0.00 
0.00 0.00 0.00 0.00 0.00 0.00 0.00 0.00 0.00 0.00 0.00 0.00 0.00 0.00 0.00 0.00 0.00 0.00 0.00 0.00 
0.00 0.00 0.00 0.00 0.00 0.00 0.00 0.00 0.00 0.00 0.00 0.00 0.00 0.00 0.00 0.00 0.00 0.00 0.00 0.00 
0.00 0.00 0.00 0.00 0.00 0.00 0.00 0.00 0.00 0.00 0.00 0.00 0.00 0.00 0.00 0.00 0.00 0.00 0.00 0.00 
0.00 0.00 0.00 0.00 0.00 0.00 0.00 0.00 0.00 0.00 0.00 0.00 0.00 0.00 0.00 0.00 0.00 0.00 0.00 0.00 
0.00 0.00 0.00 0.00 0.00 0.00 0.00 0.00 0.00 0.00 0.00 0.00 0.00 0.00 0.00 0.00 0.00 0.00 0.00 0.00 
0.00 0.00 0.00 0.00 0.00 0.00 0.00 0.00 0.00 0.00 0.00 0.00 0.00 0.00 0.00 0.00 0.00 0.00 0.00 0.00 
0.00 0.00 0.00 0.00 0.00 0.00 0.00 0.00 0.00 0.00 0.00 0.00 0.00 0.00 0.00 0.00 0.00 0.00 0.00 0.00 
0.00 0.00 0.00 0.00 0.00 0.00 0.00 0.00 0.00 0.00 0.00 0.00 0.00 0.00 0.00 0.00 0.00 0.00 0.00 0.00 
0.00 0.00 0.00 0.00 0.00 0.00 0.00 0.00 0.00 0.00 0.00 0.00 0.00 0.00 0.00 0.00 0.00 0.00 0.00 0.00 
0.00 0.00 0.00 0.00 0.00 0.00 0.00 0.00 0.00 0.00 0.00 0.00 0.00 0.00 0.00 0.00 0.00 0.00 0.00 0.00 
0.00 0.00 0.00 0.00 0.00 0.00 0.00 0.00 0.00 0.00 0.00 0.00 0.00 0.00 0.00 0.00 0.00 0.00 0.00 0.00 
0.00 0.00 0.00 0.00 0.00 0.00 0.00 0.00 0.00 0.00 0.00 0.00 0.00 0.00 0.00 0.00 0.00 0.00 0.00 0.00 
0.00 0.00 0.00 0.00 0.00 0.00 0.00 0.00 0.00 0.00 0.00 0.00 0.00 0.00 0.00 0.00 0.00 0.00 0.00 0.00 
0.00 0.00 0.00 0.00 0.00 0.00 0.00 0.00 0.00 0.00 0.00 0.00 0.00 0.00 0.00 0.00 0.00 0.00 0.00 0.00 
0.00 0.00 0.00 0.00 0.00 0.00 0.00 0.00 0.00 0.00 0.00 0.00 0.00 0.00 0.00 0.00 0.00 0.00 0.00 0.00 
0.00 0.00 0.00 0.00 0.00 0.00 0.00 0.00 0.00 0.00 0.00 0.00 0.00 0.00 0.00 0.00 0.00 0.00 0.00 0.00 
0.00 0.00 0.00 0.00 0.00 0.00 0.00 0.00 0.00 0.00 0.00 0.00 0.00 0.00 0.00 0.00 0.00 0.00 0.00 0.00 
0.00 0.00 0.00 0.00 0.00 0.00 0.00 0.00 0.00 0.00 0.00 0.00 0.00 0.00 0.00 0.00 0.00 0.00 0.00 0.00 
0.00 0.00 0.00 0.00 0.00 0.00 0.00 0.00 0.00 0.00 0.00 0.00 0.00 0.00 0.00 0.00 0.00 0.00 0.00 0.00 
0.00 0.00 0.00 0.00 0.00 0.00 0.00 0.00 0.00 0.00 0.00 0.00 0.00 0.00 0.00 0.00 0.00 0.00 0.00 0.00 
0.00 0.00 0.00 0.00 0.00 0.00 0.00 0.00 0.00 0.00 0.00 0.00 0.00 0.00 0.00 0.00 0.00 0.00 0.00 0.00 
0.00 0.00 0.00 0.00 0.00 0.00 0.00 0.00 0.00 0.00 0.00 0.00 0.00 0.00 0.00 0.00 0.00 0.00 0.00 0.00 
0.00 0.00 0.00 0.00 0.00 0.00 0.00 0.00 0.00 0.00 0.00 0.00 0.00 0.00 0.00 0.00 0.00 0.00 0.00 0.00 
0.00 0.00 0.00 0.00 0.00 0.00 0.00 0.00 0.00 0.00 0.00 0.00 0.00 0.00 0.00 0.00 0.00 0.00 0.00 0.00 
0.00 0.00 0.00 0.00 0.00 0.00 0.00 0.00 0.00 0.00 0.00 0.00 0.00 0.00 0.00 0.00 0.00 0.00 0.00 0.00 
0.00 0.00 0.00 0.00 0.00 0.00 0.00 0.00 0.00 0.00 0.00 0.00 0.00 0.00 0.00 0.00 0.00 0.00 0.00 0.00 
0.00 0.00 0.00 0.00 0.00 0.00 0.00 0.00 0.00 0.00 0.00 0.00 0.00 0.00 0.00 0.00 0.00 0.00 0.00 0.00 
0.00 0.00 0.00 0.00 0.00 0.00 0.00 0.00 0.00 0.00 0.00 0.00 0.00 0.00 0.00 0.00 0.00 0.00 0.00 0.00 
0.00 0.00 0.00 0.00 0.00 0.00 0.00 0.00 0.00 0.00 0.00 0.00 0.00 0.00 0.00 0.00 0.00 0.00 0.00 0.00 
0.00 0.00 0.00 0.00 0.00 0.00 0.00 0.00 0.00 0.00 0.00 0.00 0.00 0.00 0.00 0.00 0.00 0.00 0.00 0.00 
0.00 0.00 0.00 0.00 0.00 0.00 0.00 0.00 0.00 0.00 0.00 0.00 0.00 0.00 0.00 0.00 0.00 0.00 0.00 0.00 
0.00 0.00 0.00 0.00 0.00 0.00 0.00 0.00 0.00 0.00 0.00 0.00 0.00 0.00 0.00 0.00 0.00 0.00 0.00 0.00 
0.00 0.00 0.00 0.00 0.00 0.00 0.00 0.00 0.00 0.00 0.00 0.00 0.00 0.00 0.00 0.00 0.00 0.00 0.00 0.00 
0.00 0.00 0.00 0.00 0.00 0.00 0.00 0.00 0.00 0.00 0.00 0.00 0.00 0.00 0.00 0.00 0.00 0.00 0.00 0.00 
0.00 0.00 0.00 0.00 0.00 0.00 0.00 0.00 0.00 0.00 0.00 0.00 0.00 0.00 0.00 0.00 0.00 0.00 0.00 0.00 
0.00 0.00 0.00 0.00 0.00 0.00 0.00 0.00 0.00 0.00 0.00 0.00 0.00 0.00 0.00 0.00 0.00 0.00 0.00 0.00 
0.00 0.00 0.00 0.00 0.00 0.00 0.00 0.00 0.00 0.00 0.00 0.00 0.00 0.00 0.00 0.00 0.00 0.00 0.00 0.00 
0.00 0.00 0.00 0.00 0.00 0.00 0.00 0.00 0.00 0.00 0.00 0.00 0.00 0.00 0.00 0.00 0.00 0.00 0.00 0.00 
0.00 0.00 0.00 0.00 0.00 0.00 0.00 0.00 0.00 0.00 0.00 0.00 0.00 0.00 0.00 0.00 0.00 0.00 0.00 0.00 
0.00 0.00 0.00 0.00 0.00 0.00 0.00 0.00 0.00 0.00 0.00 0.00 0.00 0.00 0.00 0.00 0.00 0.00 0.00 0.00 
0.00 0.00 0.00 0.00 0.00 0.00 0.00 0.00 0.00 0.00 0.00 0.00 0.00 0.00 0.00 0.00 0.00 0.00 0.00 0.00 
0.00 0.00 0.00 0.00 0.00 0.00 0.00 0.00 0.00 0.00 0.00 0.00 0.00 0.00 0.00 0.00 0.00 0.00 0.00 0.00 
0.00 0.00 0.00 0.00 0.00 0.00 0.00 0.00 0.00 0.00 0.00 0.00 0.00 0.00 0.00 0.00 0.00 0.00 0.00 0.00 
0.00 0.00 0.00 0.00 0.00 0.00 0.00 0.00 0.00 0.00 0.00 0.00 0.00 0.00 0.00 0.00 0.00 0.00 0.00 0.00 
0.00 0.00 0.00 0.00 0.00 0.00 0.00 0.00 0.00 0.00 0.00 0.00 0.00 0.00 0.00 0.00 0.00 0.00 0.00 0.00 
0.00 0.00 0.00 0.00 0.00 0.00 0.00 0.00 0.00 0.00 0.00 0.00 0.00 0.00 0.00 0.00 0.00 0.00 0.00 0.00 
0.00 0.00 0.00 0.00 0.00 0.00 0.00 0.00 0.00 0.00 0.00 0.00 0.00 0.00 0.00 0.00 0.00 0.00 0.00 0.00 
0.00 0.00 0.00 0.00 0.00 0.00 0.00 0.00 0.00 0.00 0.00 0.00 0.00 0.00 0.00 0.00 0.00 0.00 0.00 0.00 
0.00 0.00 0.00 0.00 0.00 0.00 0.00 0.00 0.00 0.00 0.00 0.00 0.00 0.00 0.00 0.00 0.00 0.00 0.00 0.00 
0.00 0.00 0.00 0.00 0.00 0.00 0.00 0.00 0.00 0.00 0.00 0.00 0.00 0.00 0.00 0.00 0.00 0.00 0.00 0.00 
0.00 0.00 0.00 0.00 0.00 0.00 0.00 0.00 0.00 0.00 0.00 0.00 0.00 0.00 0.00 0.00 0.00 0.00 0.00 0.00 
0.00 0.00 0.00 0.00 0.00 0.00 0.00 0.00 0.00 0.00 0.00 0.00 0.00 0.00 0.00 0.00 0.00 0.00 0.00 0.00 
0.00 0.00 0.00 0.00 0.00 0.00 0.00 0.00 0.00 0.00 0.00 0.00 0.00 0.00 0.00 0.00 0.00 0.00 0.00 0.00 
0.00 0.00 0.00 0.00 0.00 0.00 0.00 0.00 0.00 0.00 0.00 0.00 0.00 0.00 0.00 0.00 0.00 0.00 0.00 0.00 
0.00 0.00 0.00 0.00 0.00 0.00 0.00 0.00 0.00 0.00 0.00 0.00 0.00 0.00 0.00 0.00 0.00 0.00 0.00 0.00 
0.00 0.00 0.00 0.00 0.00 0.00 0.00 0.00 0.00 0.00 0.00 0.00 0.00 0.00 0.00 0.00 0.00 0.00 0.00 0.00 
0.00 0.00 0.00 0.00 0.00 0.00 0.00 0.00 0.00 0.00 0.00 0.00 0.00 0.00 0.00 0.00 0.00 0.00 0.00 0.00 
0.00 0.00 0.00 0.00 0.00 0.00 0.00 0.00 0.00 0.00 0.00 0.00 0.00 0.00 0.00 0.00 0.00 0.00 0.00 0.00 
0.00 0.00 0.00 0.00 0.00 0.00 0.00 0.00 0.00 0.00 0.00 0.00 0.00 0.00 0.00 0.00 0.00 0.00 0.00 0.00 
0.00 0.00 0.00 0.00 0.00 0.00 0.00 0.00 0.00 0.00 0.00 0.00 0.00 0.00 0.00 0.00 0.00 0.00 0.00 0.00 
0.00 0.00 0.00 0.00 0.00 0.00 0.00 0.00 0.00 0.00 0.00 0.00 0.00 0.00 0.00 0.00 0.00 0.00 0.00 0.00 
0.00 0.00 0.00 0.00 0.00 0.00 0.00 0.00 0.00 0.00 0.00 0.00 0.00 0.00 0.00 0.00 0.00 0.00 0.00 0.00 
0.00 0.00 0.00 0.00 0.00 0.00 0.00 0.00 0.00 0.00 0.00 0.00 0.00 0.00 0.00 0.00 0.00 0.00 0.00 0.00 
0.00 0.00 0.00 0.00 0.00 0.00 0.00 0.00 0.00 0.00 0.00 0.00 0.00 0.00 0.00 0.00 0.00 0.00 0.00 0.00 
0.00 0.00 0.00 0.00 0.00 0.00 0.00 0.00 0.00 0.00 0.00 0.00 0.00 0.00 0.00 0.00 0.00 0.00 0.00 0.00 
0.00 0.00 0.00 0.00 0.00 0.00 0.00 0.00 0.00 0.00 0.00 0.00 0.00 0.00 0.00 0.00 0.00 0.00 0.00 0.00 
0.00 0.00 0.00 0.00 0.00 0.00 0.00 0.00 0.00 0.00 0.00 0.00 0.00 0.00 0.00 0.00 0.00 0.00 0.00 0.00 
0.00 0.00 0.00 0.00 0.00 0.00 0.00 0.00 0.00 0.00 0.00 0.00 0.00 0.00 0.00 0.00 0.00 0.00 0.00 0.00 
0.00 0.00 0.00 0.00 0.00 0.00 0.00 0.00 0.00 0.00 0.00 0.00 0.00 0.00 0.00 0.00 0.00 0.00 0.00 0.00 
0.00 0.00 0.00 0.00 0.00 0.00 0.00 0.00 0.00 0.00 0.00 0.00 0.00 0.00 0.00 0.00 0.00 0.00 0.00 0.00 
0.00 0.00 0.00 0.00 0.00 0.00 0.00 0.00 0.00 0.00 0.00 0.00 0.00 0.00 0.00 0.00 0.00 0.00 0.00 0.00 
0.00 0.00 0.00 0.00 0.00 0.00 0.00 0.00 0.00 0.00 0.00 0.00 0.00 0.00 0.00 0.00 0.00 0.00 0.00 0.00 
0.00 0.00 0.00 0.00 0.00 0.00 0.00 0.00 0.00 0.00 0.00 0.00 0.00 0.00 0.00 0.00 0.00 0.00 0.00 0.00 
0.00 0.00 0.00 0.00 0.00 0.00 0.00 0.00 0.00 0.00 0.00 0.00 0.00 0.00 0.00 0.00 0.00 0.00 0.00 0.00 
0.00 0.00 0.00 0.00 0.00 0.00 0.00 0.00 0.00 0.00 0.00 0.00 0.00 0.00 0.00 0.00 0.00 0.00 0.00 0.00 
0.00 0.00 0.00 0.00 0.00 0.00 0.00 0.00 0.00 0.00 0.00 0.00 0.00 0.00 0.00 0.00 0.00 0.00 0.00 0.00 
0.00 0.00 0.00 0.00 0.00 0.00 0.00 0.00 0.00 0.00 0.00 0.00 0.00 0.00 0.00 0.00 0.00 0.00 0.00 0.00 
0.00 0.00 0.00 0.00 0.00 0.00 0.00 0.00 0.00 0.00 0.00 0.00 0.00 0.00 0.00 0.00 0.00 0.00 0.00 0.00 
0.00 0.00 0.00 0.00 0.00 0.00 0.00 0.00 0.00 0.00 0.00 0.00 0.00 0.00 0.00 0.00 0.00 0.00 0.00 0.00 
0.00 0.00 0.00 0.00 0.00 0.00 0.00 0.00 0.00 0.00 0.00 0.00 0.00 0.00 0.00 0.00 0.00 0.00 0.00 0.00 
0.00 0.00 0.00 0.00 0.00 0.00 0.00 0.00 0.00 0.00 0.00 0.00 0.00 0.00 0.00 0.00 0.00 0.00 0.00 0.00 
0.00 0.00 0.00 0.00 0.00 0.00 0.00 0.00 0.00 0.00 0.00 0.00 0.00 0.00 0.00 0.00 0.00 0.00 0.00 0.00 
0.00 0.00 0.00 0.00 0.00 0.00 0.00 0.00 0.00 0.00 0.00 0.00 0.00 0.00 0.00 0.00 0.00 0.00 0.00 0.00 
end   dump: w
==END   DUMP_ARRAYS==
==BEGIN DUMP_ARRAYS==
begin dump: w
1839.99 55170324.00 60577108.00 69842992.00 79877968.00 90452744.00 101114008.00 111921328.00 122631640.00 133650472.00 144429872.00 155551472.00 166417984.00 177460448.00 188426720.00 199334592.00 210141280.00 221411728.00 232355536.00 243392944.00 
254118912.00 265436032.00 276524832.00 287606880.00 298388704.00 309147424.00 320564704.00 331542400.00 342551200.00 353779712.00 364518784.00 375626656.00 386489376.00 397733632.00 408777856.00 419708480.00 430793632.00 441796928.00 452908288.00 463950848.00 
474330496.00 486020064.00 497051520.00 507975040.00 519106336.00 530131072.00 541227264.00 552231040.00 563021120.00 574328320.00 584546816.00 596367040.00 607390464.00 618477184.00 629364928.00 640458624.00 651463936.00 662572352.00 673701184.00 684746496.00 
695415040.00 706785984.00 717748288.00 728942592.00 739634112.00 750870464.00 761946240.00 773031232.00 783993280.00 795454592.00 805962048.00 817092736.00 828094976.00 839301952.00 850062336.00 860924608.00 872332800.00 883608576.00 894422528.00 905479168.00 
915202688.00 927575424.00 938585280.00 949603072.00 960633600.00 971609664.00 982688000.00 994267072.00 1004736832.00 1015913664.00 1026772096.00 1038195072.00 1048973824.00 1059800320.00 1071053568.00 1081963008.00 1092932992.00 1104225408.00 1115212032.00 1126178304.00 
1135695232.00 1148280704.00 1159377152.00 1170405376.00 1181368576.00 1192365952.00 1203570048.00 1214640128.00 1225548672.00 1236661888.00 1247569280.00 1258483712.00 1269595008.00 1280893056.00 1291880064.00 1302883072.00 1313943040.00 1324959744.00 1336145024.00 1347097216.00 
1357502080.00 1369175040.00 1380221440.00 1391238784.00 1402213888.00 1411252992.00 1424447616.00 1435599616.00 1446233728.00 1457170688.00 1468403456.00 1479549056.00 1490575616.00 1501542912.00 1512770176.00 1523720192.00 1534691200.00 1545988736.00 1557047168.00 1567949824.00 
1578647680.00 1589991936.00 1600964992.00 1612467072.00 1622914304.00 1634133376.00 1645217024.00 1656233216.00 1667163520.00 1678371456.00 1688571136.00 1700467584.00 1711332352.00 1722400896.00 1733940224.00 1744555904.00 1755586560.00 1766715520.00 1777747456.00 1788770688.00 
1798484224.00 1810839296.00 1821836288.00 1832911360.00 1843919360.00 1854908160.00 1865916416.00 1877305856.00 1888050944.00 1899052032.00 1910061696.00 1921226496.00 1932232064.00 1943324288.00 1954584960.00 1965020544.00 1976200064.00 1987582976.00 1998509440.00 2009548928.00 
2020275584.00 2031603328.00 2043167232.00 2053760000.00 2064709120.00 2075775488.00 2086756480.00 2097915904.00 2108881664.00 2120009728.00 2130853888.00 2142096128.00 2152875264.00 2164186880.00 2175187712.00 2186132224.00 2197185024.00 2208301568.00 2219268608.00 2230272768.00 
2238144256.00 2252550400.00 2263520256.00 2274608128.00 2285543680.00 2296561408.00 2307686144.00 2318850304.00 2329532928.00 2340859392.00 2351674880.00 2362945792.00 2373898496.00 2384989184.00 2395998720.00 2406998272.00 2417976576.00 2429148160.00 2440142592.00 2451221504.00 
2461920000.00 2473270016.00 2483752192.00 2495592192.00 2506259200.00 2517131776.00 2528551680.00 2539588096.00 2550578432.00 2561602048.00 2572551680.00 2583777792.00 2594680832.00 2605740032.00 2616814592.00 2627727104.00 2638934784.00 2649996288.00 2660971776.00 2672125952.00 
2681807360.00 2694190080.00 2705171712.00 2716321024.00 2727278592.00 2738265344.00 2749332224.00 2760372992.00 2771269120.00 2782376704.00 2789440000.00 2804717568.00 2815646720.00 2826684672.00 2837780992.00 2848684288.00 2859549952.00 2870836224.00 2881697536.00 2892977664.00 
2903628288.00 2915127552.00 2926012928.00 2937053952.00 2947990272.00 2959056896.00 2970105600.00 2981360384.00 2992239616.00 3003279616.00 3014202368.00 3025389056.00 3036178432.00 3047569408.00 3058571776.00 3069153536.00 3080632576.00 3091660800.00 3102691584.00 3113647360.00 
3124109824.00 3135869440.00 3146792448.00 3157804544.00 3168778752.00 3179609600.00 3191776000.00 3202269184.00 3212947456.00 3224204032.00 3235086080.00 3246293760.00 3257259520.00 3268394240.00 3279300608.00 3290325504.00 3301307136.00 3312492032.00 3323547904.00 3334533120.00 
3343976448.00 3356642048.00 3367705600.00 3378416896.00 3389525760.00 3400719872.00 3411805952.00 3422840320.00 3434088448.00 3445019648.00 3455898880.00 3467041792.00 3477987328.00 3489188352.00 3500178432.00 3511163648.00 3522350848.00 3533308416.00 3544333312.00 3555390208.00 
3565133568.00 3577610752.00 3588491520.00 3599575808.00 3610534912.00 3621230592.00 3632663296.00 3643727872.00 3654627840.00 3665731072.00 3676638720.00 3687771904.00 3698683392.00 3709082624.00 3721451520.00 3732179712.00 3742956544.00 3754248960.00 3765165056.00 3776446464.00 
3786993664.00 3798341888.00 3809354496.00 3820474368.00 3831342592.00 3842494720.00 3853521408.00 3864557568.00 3875670528.00 3886724096.00 3896889600.00 3908752640.00 3919511040.00 3931465728.00 3941903616.00 3952848896.00 3963894784.00 3974917376.00 3986008832.00 3997336832.00 
4007460096.00 4019128576.00 4030146560.00 4041110784.00 4052455680.00 4063316736.00 4074344704.00 4085441536.00 4096200192.00 4107470848.00 4118356736.00 4129580800.00 4140512512.00 4151651072.00 4162673920.00 4171666432.00 4184693248.00 4195853056.00 4206833408.00 4217912320.00 
4228615936.00 4240489728.00 4250969344.00 4262287616.00 4272844288.00 4284104960.00 4295249408.00 4306118656.00 4317185536.00 4328365568.00 4339170304.00 4350387712.00 4361283584.00 4372447744.00 4383480832.00 4394415616.00 4405452288.00 4416500224.00 4427461632.00 4438289408.00 
4443185152.00 4461252608.00 4472044544.00 4483065856.00 4493982720.00 4504991232.00 4516049920.00 4527119360.00 4538024960.00 4549164032.00 4560067584.00 4571307520.00 4582280704.00 4593315328.00 4604419072.00 4615326720.00 4626198528.00 4637545984.00 4648539136.00 4659575808.00 
4670301696.00 4681102336.00 4692676608.00 4703721984.00 4714648576.00 4725426176.00 4736852992.00 4747908608.00 4758829568.00 4770091520.00 4780909568.00 4792070656.00 4802869248.00 4814259200.00 4825178624.00 4836260864.00 4847234048.00 4858327552.00 4869340672.00 4880143360.00 
4890787328.00 4902468608.00 4913485824.00 4924519424.00 4935278080.00 4946830848.00 4957760512.00 4968775680.00 4979561472.00 4991046656.00 5001073664.00 5012946944.00 5023924224.00 5035019264.00 5046009344.00 5057043456.00 5067991552.00 5079090688.00 5090145792.00 5101067264.00 
5111939072.00 5123219456.00 5134473728.00 5145460224.00 5156220928.00 5167391744.00 5178479104.00 5189548032.00 5200514048.00 5211629568.00 5222497280.00 5233817088.00 5244677632.00 5255838208.00 5266868736.00 5277493760.00 5288777216.00 5299982848.00 5311019520.00 5322064896.00 
5331799552.00 5344030720.00 5355171840.00 5366263296.00 5377222144.00 5388282880.00 5399350272.00 5410398720.00 5421318656.00 5432497152.00 5443353600.00 5454516736.00 5465502720.00 5476600832.00 5487591424.00 5498548224.00 5509387776.00 5520617984.00 5531533312.00 5542234112.00 
5545695232.00 5565651456.00 5576357376.00 5587347968.00 5598158336.00 5609217024.00 5620243968.00 5631300608.00 5642348544.00 5653378048.00 5664282624.00 5675465728.00 5686249472.00 5697564672.00 5708546560.00 5719549952.00 5730539008.00 5741632000.00 5752730112.00 5763809280.00 
5774162944.00 5785751040.00 5796937216.00 5807898624.00 5818939392.00 5829605888.00 5840956416.00 5852129280.00 5862897664.00 5874147328.00 5885064192.00 5896262656.00 5907228672.00 5918203904.00 5929417728.00 5940368896.00 5951354368.00 5962508800.00 5973495296.00 5984538624.00 
5995302912.00 6006693376.00 6017675776.00 6028727296.00 6039502848.00 6050579456.00 6062022656.00 6072878080.00 6083956224.00 6094815744.00 6105234944.00 6117048832.00 6128041984.00 6139190784.00 6150197760.00 6161137152.00 6172299264.00 6183380480.00 6194339328.00 6205352448.00 
6215150080.00 6227556352.00 6238540288.00 6249586176.00 6260515840.00 6271572992.00 6282585088.00 6293704704.00 6304629760.00 6315758592.00 6326590976.00 6337406976.00 6349277184.00 6360120832.00 6371111424.00 6381741568.00 6392920064.00 6404239872.00 6415219200.00 6426398208.00 
6436985344.00 6448323072.00 6459358208.00 6470416384.00 6481358336.00 6492435968.00 6503542272.00 6514577408.00 6525427712.00 6536721408.00 6547562496.00 6558809088.00 6569534976.00 6580843520.00 6591849472.00 6602838528.00 6613901824.00 6624833024.00 6635987456.00 6646990848.00 
6654825472.00 6669256704.00 6680226816.00 6691254784.00 6702264320.00 6713274880.00 6724220416.00 6735394304.00 6746199552.00 6757572096.00 6768386560.00 6779524096.00 6790563328.00 6801645568.00 6812653056.00 6823522304.00 6834766848.00 6845801472.00 6856861696.00 6867807744.00 
6878637056.00 6889983488.00 6900996096.00 6912116224.00 6922840576.00 6932093952.00 6945218048.00 6956245504.00 6967231488.00 6978326528.00 6989214208.00 7000355328.00 7011388416.00 7022524416.00 7033485824.00 7044518400.00 7055510016.00 7066654720.00 7077685760.00 7088700416.00 
7098472448.00 7110760448.00 7121894400.00 7132979712.00 7143849472.00 7154849280.00 7165991424.00 7176910848.00 7187984384.00 7199079936.00 7209344512.00 7221175808.00 7232170496.00 7243207680.00 7254305792.00 7265273856.00 7276129792.00 7287356928.00 7298412032.00 7309415424.00 
7320155648.00 7331440640.00 7342462464.00 7353444352.00 7364251648.00 7375039488.00 7385066496.00 7401612288.00 7409809920.00 7420523008.00 7431263744.00 7442364416.00 7453092352.00 7464364032.00 7475374080.00 7486006784.00 7497344000.00 7508464640.00 7519539712.00 7530490880.00 
7540887040.00 7552573440.00 7563625472.00 7574722560.00 7585622528.00 7596675072.00 7607780864.00 7618790912.00 7629601280.00 7640916480.00 7651792384.00 7663000064.00 7673921536.00 7685050368.00 7696093184.00 7707036672.00 7718095360.00 7729273856.00 7740251648.00 7751250944.00 
7760687616.00 7773356032.00 7784410112.00 7795476480.00 7806237184.00 7817434624.00 7828861440.00 7839630336.00 7850613760.00 7861741056.00 7872605696.00 7883757568.00 7894705152.00 7905827840.00 7916699136.00 7927941120.00 7938933760.00 7950228992.00 7961176064.00 7972105728.00 
7981847552.00 7994184704.00 8005201920.00 8016235520.00 8027239936.00 8037939200.00 8049327616.00 8060124672.00 8071478784.00 8082575872.00 8093431296.00 8104622592.00 8115609600.00 8126678016.00 8137718784.00 8148701696.00 8159539200.00 8171033088.00 8181890048.00 8192893952.00 
8203654656.00 8215049728.00 8226064384.00 8237133824.00 8248001024.00 8259079168.00 8270181376.00 8281353728.00 8292205568.00 8303174656.00 8310283264.00 8325599744.00 8336299008.00 8347580928.00 8358568448.00 8369554432.00 8380611072.00 8391710720.00 8402723840.00 8413783552.00 
8424170496.00 8435841024.00 8447123968.00 8457897984.00 8468911616.00 8479968256.00 8491135488.00 8502090752.00 8512860160.00 8523913728.00 8535151616.00 8546297344.00 8557308928.00 8568316928.00 8579341312.00 8590043136.00 8601347072.00 8612500480.00 8623676416.00 8634625024.00 
8645327872.00 8656685056.00 8667683840.00 8678816768.00 8689558528.00 8700762112.00 8711903232.00 8722911232.00 8733969408.00 8745078784.00 8755880960.00 8767097856.00 8777996288.00 8789105664.00 8800144384.00 8811124736.00 8822175744.00 8833294336.00 8844170240.00 8855000064.00 
8859883520.00 8877961216.00 8888762368.00 8899727360.00 8910691328.00 8921704448.00 8932850688.00 8943648768.00 8954728448.00 8966002688.00 8976778240.00 8988009472.00 8998939648.00 9009987584.00 9021077504.00 9032125440.00 9042908160.00 9054209024.00 9065124864.00 9076290560.00 
9087014912.00 9098352640.00 9109391360.00 9120380928.00 9131439104.00 9142134784.00 9153504256.00 9164574720.00 9175618560.00 9186667520.00 9197568000.00 9208779776.00 9219525632.00 9230658560.00 9241968640.00 9252912128.00 9263951872.00 9274983424.00 9286064128.00 9297113088.00 
9307501568.00 9319185408.00 9329941504.00 9341313024.00 9352251392.00 9363264512.00 9374288896.00 9385434112.00 9396216832.00 9407496192.00 9417741312.00 9429534720.00 9440578560.00 9451665408.00 9462665216.00 9473618944.00 9484525568.00 9494292480.00 9507122176.00 9518036992.00 
9528728576.00 9540069376.00 9551051776.00 9562120192.00 9572920320.00 9584180224.00 9595257856.00 9606349824.00 9617303552.00 9628346368.00 9639289856.00 9650522112.00 9661378560.00 9672495104.00 9683516416.00 9692523520.00 9705625600.00 9716649984.00 9727595520.00 9738779648.00 
9748509696.00 9760871424.00 9771890688.00 9782922240.00 9793929216.00 9804944384.00 9816014848.00 9827054592.00 9837895680.00 9850406912.00 9860205568.00 9871367168.00 9882294272.00 9893384192.00 9904385024.00 9915394048.00 9926235136.00 9937540096.00 9948640256.00 9959596032.00 
9969015808.00 9981713408.00 9992806400.00 10003742720.00 10014686208.00 10025779200.00 10036908032.00 10047953920.00 10058863616.00 10069033984.00 10080989184.00 10092185600.00 10102917120.00 10114084864.00 10125199360.00 10136206336.00 10147247104.00 10158430208.00 10169309184.00 10180519936.00 
10190827520.00 10202478592.00 10213526528.00 10223760384.00 10235657216.00 10246306816.00 10257761280.00 10268789760.00 10279562240.00 10290868224.00 10301724672.00 10312851456.00 10323888128.00 10334865408.00 10346076160.00 10357040128.00 10368008192.00 10379158528.00 10390209536.00 10401248256.00 
10411966464.00 10423146496.00 10434393088.00 10445386752.00 10456208384.00 10467435520.00 10478544896.00 10489550848.00 10500615168.00 10511670272.00 10521907200.00 10533754880.00 10544624640.00 10555857920.00 10566858752.00 10577836032.00 10588879872.00 10600032256.00 10611041280.00 10622075904.00 
10631820288.00 10644136960.00 10655130624.00 10666639360.00 10677215232.00 10688223232.00 10699369472.00 10710361088.00 10721344512.00 10732476416.00 10743379968.00 10754521088.00 10765551616.00 10776896512.00 10787639296.00 10798298112.00 10809501696.00 10820768768.00 10831797248.00 10842847232.00 
10853577728.00 10864887808.00 10875937792.00 10886949888.00 10897881088.00 10908962816.00 10920074240.00 10930992128.00 10942082048.00 10953014272.00 10964004864.00 10975261696.00 10985933824.00 10997103616.00 11008103424.00 11019019264.00 11029942272.00 11040812032.00 11051373568.00 11061047296.00 
11058252800.00 11088634880.00 11098262528.00 11108852736.00 11119637504.00 11130525696.00 11141541888.00 11152572416.00 11163243520.00 11174419456.00 11185378304.00 11196661760.00 11207492608.00 11218689024.00 11229572096.00 11240588288.00 11251569664.00 11262726144.00 11273711616.00 11284779008.00 
11295482880.00 11306838016.00 11317848064.00 11328908288.00 11339683840.00 11350566912.00 11362002944.00 11372783616.00 11384028160.00 11395170304.00 11406009344.00 11417209856.00 11428117504.00 11439311872.00 11450278912.00 11461315584.00 11472351232.00 11483039744.00 11494528000.00 11505533952.00 
11515243520.00 11527598080.00 11538600960.00 11549637632.00 11560694784.00 11571691520.00 11582779392.00 11593821184.00 11604823040.00 11615918080.00 11626153984.00 11638026240.00 11648963584.00 11660121088.00 11671106560.00 11682115584.00 11692977152.00 11704279040.00 11715238912.00 11726538752.00 
11737079808.00 11748422656.00 11759441920.00 11770509312.00 11781435392.00 11792500736.00 11803561984.00 11814808576.00 11825694720.00 11836826624.00 11847639040.00 11858817024.00 11869643776.00 11880885248.00 11891894272.00 11902570496.00 11913934848.00 11925911552.00 11936121856.00 11947204608.00 
11957553152.00 11969160192.00 11980339200.00 11991251968.00 12002326528.00 12013329408.00 12024448000.00 12035572736.00 12046272512.00 12057500672.00 12068382720.00 12080645120.00 12090717184.00 12101714944.00 12112739328.00 12123754496.00 12134750208.00 12145943552.00 12156839936.00 12167974912.00 
12177377280.00 12190072832.00 12200994816.00 12212141056.00 12222952448.00 12234138624.00 12245257216.00 12256285696.00 12267268096.00 12278316032.00 12289176576.00 12299268096.00 12311555072.00 12322623488.00 12333630464.00 12344601600.00 12355645440.00 12366747648.00 12377749504.00 12388812800.00 
12398547968.00 12410898432.00 12422051840.00 12433026048.00 12443958272.00 12453018624.00 12466127872.00 12477182976.00 12488061952.00 12499161088.00 12510092288.00 12521334784.00 12532255744.00 12543327232.00 12554384384.00 12565359616.00 12576261120.00 12587557888.00 12598591488.00 12609605632.00 
12620316672.00 12631644160.00 12642513920.00 12655382528.00 12664920064.00 12675919872.00 12686978048.00 12698014720.00 12708990976.00 12720147456.00 12730316800.00 12742189056.00 12752963584.00 12764242944.00 12775352320.00 12786268160.00 12797313024.00 12808365056.00 12819696640.00 12830496768.00 
12840883200.00 12852561920.00 12863575040.00 12874686464.00 12885630976.00 12896627712.00 12907669504.00 12919016448.00 12929650688.00 12940905472.00 12951811072.00 12963010560.00 12973961216.00 12985093120.00 12996127744.00 13006751744.00 13018005504.00 13029294080.00 13040253952.00 13051327488.00 
13062030336.00 13073369088.00 13084524544.00 13095470080.00 13106267136.00 13117415424.00 13128578048.00 13139681280.00 13150641152.00 13161661440.00 13172594688.00 13183672320.00 13194717184.00 13206041600.00 13216801792.00 13227849728.00 13238887424.00 13249945600.00 13260892160.00 13271717888.00 
13276605440.00 13294664704.00 13305461760.00 13316378624.00 13327409152.00 13338413056.00 13349499904.00 13360570368.00 13371446272.00 13382577152.00 13393490944.00 13404596224.00 13415597056.00 13426764800.00 13437750272.00 13448785920.00 13459623936.00 13470881792.00 13481951232.00 13492997120.00 
13503719424.00 13515051008.00 13525952512.00 13537175552.00 13548102656.00 13558838272.00 13570298880.00 13581360128.00 13592269824.00 13603374080.00 13614235648.00 13625757696.00 13636331520.00 13647576064.00 13658504192.00 13669573632.00 13680668672.00 13691778048.00 13702524928.00 13713836032.00 
13724216320.00 13735904256.00 13746925568.00 13757970432.00 13768972288.00 13779994624.00 13791081472.00 13802095616.00 13812867072.00 13824072704.00 13831164928.00 13846497280.00 13857367040.00 13868327936.00 13879462912.00 13890469888.00 13901435904.00 13912540160.00 13923570688.00 13934640128.00 
13945395200.00 13956767744.00 13967744000.00 13978647552.00 13989639168.00 14000839680.00 14011924480.00 14023005184.00 14033980416.00 14045059072.00 14055939072.00 14067094528.00 14077963264.00 14089556992.00 14100304896.00 14110939136.00 14122335232.00 14133442560.00 14144446464.00 14155484160.00 
14165218304.00 14177575936.00 14188474368.00 14199444480.00 14210643968.00 14221595648.00 14232941568.00 14243850240.00 14254734336.00 14265911296.00 14276786176.00 14287933440.00 14298962944.00 14310050816.00 14320793600.00 14332112896.00 14342949888.00 14354202624.00 14365223936.00 14376328192.00 
14385699840.00 14398425088.00 14409395200.00 14420406272.00 14431356928.00 14442513408.00 14453555200.00 14464623616.00 14475654144.00 14486685696.00 14497592320.00 14508758016.00 14519582720.00 14530869248.00 14541874176.00 14552864768.00 14563962880.00 14574955520.00 14586027008.00 14597103616.00 
14607495168.00 14619176960.00 14630105088.00 14641219584.00 14652237824.00 14662877184.00 14674271232.00 14685323264.00 14696089600.00 14707308544.00 14718120960.00 14729159680.00 14739758080.00 14748061696.00 14764577792.00 14774511616.00 14785201152.00 14796240896.00 14807183360.00 14818239488.00 
14828898304.00 14840262656.00 14851228672.00 14862331904.00 14873057280.00 14884263936.00 14895332352.00 14906466304.00 14917403648.00 14928490496.00 14938701824.00 14950596608.00 14961463296.00 14972777472.00 14983653376.00 14994695168.00 15005726720.00 15016690688.00 15027745792.00 15038915584.00 
15048585216.00 15060975616.00 15071958016.00 15083018240.00 15094071296.00 15105035264.00 15116160000.00 15127159808.00 15138048000.00 15149316096.00 15160172544.00 15171356672.00 15182341120.00 15193425920.00 15204412416.00 15213448192.00 15226342400.00 15237560320.00 15248643072.00 15259697152.00 
15270411264.00 15281869824.00 15292779520.00 15303865344.00 15314678784.00 15326022656.00 15336999936.00 15348036608.00 15359025152.00 15370131456.00 15380996096.00 15392106496.00 15402981376.00 15414284288.00 15425426432.00 15436266496.00 15447310336.00 15458435072.00 15469402112.00 15480417280.00 
15488252928.00 15502695424.00 15513662464.00 15524833280.00 15535669248.00 15546691584.00 15557783552.00 15568837632.00 15579648000.00 15590862848.00 15601804288.00 15612963840.00 15624141824.00 15635102720.00 15646105600.00 15657108480.00 15668073472.00 15679265792.00 15690289152.00 15701351424.00 
15712069632.00 15723274240.00 15734422528.00 15745447936.00 15756267520.00 15767137280.00 15778529280.00 15789559808.00 15800286208.00 15812268032.00 15822792704.00 15833909248.00 15844806656.00 15855968256.00 15867059200.00 15877971968.00 15889065984.00 15900083200.00 15911100416.00 15922126848.00 
15931922432.00 15944314880.00 15955311616.00 15966294016.00 15977288704.00 15988404224.00 15999438848.00 16010497024.00 16021400576.00 16032629760.00 16042817536.00 16054863872.00 16065630208.00 16076790784.00 16087621632.00 16098953216.00 16109680640.00 16120944640.00 16131954688.00 16142985216.00 
16153744384.00 16165142528.00 16176154624.00 16187166720.00 16198096896.00 16209167360.00 16220237824.00 16231470080.00 16242352128.00 16253408256.00 16264310784.00 16275524608.00 16286287872.00 16297545728.00 16308682752.00 16319280128.00 16330637312.00 16341780480.00 16352704512.00 16363927552.00 
16374214656.00 16385863680.00 16396914688.00 16408050688.00 16419047424.00 16429989888.00 16441106432.00 16452113408.00 16462934016.00 16474223616.00 16485097472.00 16496292864.00 16507222016.00 16518382592.00 16529399808.00 16540338176.00 16551283712.00 16562329600.00 16573290496.00 16584011776.00 
16587431936.00 16607438848.00 16618098688.00 16629050368.00 16639800320.00 16650988544.00 16662043648.00 16673069056.00 16684080128.00 16695171072.00 16706016256.00 16717173760.00 16728126464.00 16739278848.00 16750300160.00 16761255936.00 16772354048.00 16783414272.00 16794475520.00 16805654528.00 
16815253504.00 16827599872.00 16838627328.00 16849686528.00 16860802048.00 16871390208.00 16882768896.00 16893837312.00 16904765440.00 16915864576.00 16926867456.00 16938037248.00 16949053440.00 16960130048.00 16971161600.00 16982159360.00 16992969728.00 17004215296.00 17015176192.00 17026465792.00 
17037103104.00 17048607744.00 17059489792.00 17070578688.00 17081455616.00 17092493312.00 17103647744.00 17114661888.00 17125661696.00 17136720896.00 17146978304.00 17158621184.00 17169624064.00 17180905472.00 17191884800.00 17202718720.00 17214296064.00 17225164800.00 17236156416.00 17247215616.00 
17257596928.00 17269540864.00 17280317440.00 17291345920.00 17302343680.00 17313271808.00 17324470272.00 17335406592.00 17346314240.00 17357613056.00 17368463360.00 17379584000.00 17390766080.00 17401767936.00 17412796416.00 17423460352.00 17434798080.00 17445951488.00 17456961536.00 17468569600.00 
17478748160.00 17490098176.00 17501104128.00 17512132608.00 17522982912.00 17534210048.00 17545224192.00 17556357120.00 17567297536.00 17578379264.00 17589297152.00 17600503808.00 17611419648.00 17622560768.00 17633595392.00 17644550144.00 17655595008.00 17666623488.00 17677596672.00 17688412160.00 
17693310976.00 17711386624.00 17722177536.00 17733171200.00 17744134144.00 17755131904.00 17766162432.00 17777225728.00 17788172288.00 17799292928.00 17810202624.00 17821317120.00 17832396800.00 17843568640.00 17854398464.00 17865437184.00 17876334592.00 17887383552.00 17898678272.00 17909184512.00 
17920421888.00 17931776000.00 17942804480.00 17953816576.00 17964742656.00 17973874688.00 17986951168.00 17998026752.00 18009055232.00 18020108288.00 18031020032.00 18042206208.00 18052980736.00 18064234496.00 18075301888.00 18086242304.00 18097125376.00 18108565504.00 18119499776.00 18130554880.00 
18140932096.00 18152341504.00 18163636224.00 18174756864.00 18185672704.00 18196695040.00 18207748096.00 18218209280.00 18229676032.00 18240937984.00 18251180032.00 18262966272.00 18273902592.00 18285125632.00 18296119296.00 18307053568.00 18318100480.00 18329194496.00 18340288512.00 18351349760.00 
18362058752.00 18373234688.00 18384476160.00 18395420672.00 18406209536.00 18417352704.00 18428188672.00 18440601600.00 18450882560.00 18461886464.00 18472732672.00 18483939328.00 18494795776.00 18505943040.00 18516979712.00 18527645696.00 18539036672.00 18550099968.00 18561142784.00 18572062720.00 
18581942272.00 18594289664.00 18605316096.00 18616360960.00 18627223552.00 18638389248.00 18649454592.00 18660497408.00 18671446016.00 18682615808.00 18693464064.00 18704672768.00 18715498496.00 18726848512.00 18737850368.00 18748815360.00 18759655424.00 18771255296.00 18781929472.00 18793029632.00 
18802411520.00 18815143936.00 18826117120.00 18837198848.00 18848139264.00 18859212800.00 18870349824.00 18881286144.00 18892314624.00 18903369728.00 18914287616.00 18925479936.00 18936236032.00 18947409920.00 18957873152.00 18969950208.00 18980794368.00 18991876096.00 19002841088.00 19013808128.00 
19024273408.00 19036020736.00 19046942720.00 19058014208.00 19068950528.00 19079727104.00 19091079168.00 19102099456.00 19113005056.00 19124293632.00 19135178752.00 19146399744.00 19157344256.00 19168321536.00 19179544576.00 19190478848.00 19201452032.00 19212609536.00 19223631872.00 19234549760.00 
19245424640.00 19256711168.00 19267975168.00 19278839808.00 19289620480.00 19300859904.00 19311857664.00 19322992640.00 19333926912.00 19344967680.00 19352006656.00 19367290880.00 19378171904.00 19389298688.00 19400318976.00 19411271680.00 19422300160.00 19433359360.00 19444465664.00 19455481856.00 
19465259008.00 19477542912.00 19488671744.00 19499675648.00 19510644736.00 19521808384.00 19532822528.00 19543930880.00 19554770944.00 19565912064.00 19576832000.00 19588079616.00 19599005696.00 19610081280.00 19621099520.00 19631728640.00 19642923008.00 19654082560.00 19665893376.00 19676411904.00 
19687143424.00 19698452480.00 19709503488.00 19720544256.00 19731476480.00 19742525440.00 19753641984.00 19764697088.00 19775660032.00 19786727424.00 19797696512.00 19808819200.00 19819657216.00 19830833152.00 19841957888.00 19852986368.00 19864023040.00 19875069952.00 19886120960.00 19897118720.00 
19904921600.00 19919386624.00 19930365952.00 19941380096.00 19952381952.00 19963387904.00 19974459392.00 19985485824.00 19996307456.00 20007589888.00 20018520064.00 20029667328.00 20040689664.00 20051757056.00 20062889984.00 20073779200.00 20084723712.00 20095930368.00 20106463232.00 20118073344.00 
20128786432.00 20140115968.00 20151150592.00 20162091008.00 20172978176.00 20183865344.00 20195057664.00 20206352384.00 20217350144.00 20228460544.00 20239325184.00 20250619904.00 20261384192.00 20272363520.00 20283719680.00 20294637568.00 20305659904.00 20316772352.00 20327804928.00 20338829312.00 
20348575744.00 20360912896.00 20371892224.00 20382959616.00 20394000384.00 20404989952.00 20415694848.00 20427257856.00 20438122496.00 20449212416.00 20459491328.00 20471308288.00 20482412544.00 20493432832.00 20504434688.00 20515405824.00 20526272512.00 20537200640.00 20548683776.00 20559687680.00 
20570382336.00 20581738496.00 20592590848.00 20603678720.00 20614752256.00 20625836032.00 20636882944.00 20648134656.00 20658997248.00 20670113792.00 20680976384.00 20692510720.00 20702947328.00 20714086400.00 20725190656.00 20734291968.00 20747374592.00 20758439936.00 20769415168.00 20780513280.00 
20790880256.00 20802582528.00 20813516800.00 20824715264.00 20835639296.00 20846655488.00 20857765888.00 20868794368.00 20879589376.00 20891199488.00 20901806080.00 20913016832.00 20924020736.00 20935038976.00 20946073600.00 20957184000.00 20968081408.00 20979261440.00 20990275584.00 21001394176.00 
21010706432.00 21023500288.00 21034432512.00 21045426176.00 21056251904.00 21067567104.00 21078583296.00 21089880064.00 21100595200.00 21111468032.00 21122588672.00 21133762560.00 21144692736.00 21155407872.00 21166952448.00 21177939968.00 21188947968.00 21200060416.00 21211064320.00 21222100992.00 
21231855616.00 21244207104.00 21255208960.00 21266077696.00 21277255680.00 21287958528.00 21299595264.00 21310377984.00 21321353216.00 21332578304.00 21343410176.00 21354217472.00 21365585920.00 21376638976.00 21387692032.00 21398679552.00 21409550336.00 21420744704.00 21431887872.00 21442912256.00 
21453635584.00 21464942592.00 21475944448.00 21487116288.00 21497995264.00 21509074944.00 21520273408.00 21531185152.00 21542182912.00 21553303552.00 21563508736.00 21575350272.00 21586157568.00 21597431808.00 21608409088.00 21619417088.00 21630480384.00 21641703424.00 21652594688.00 21663662080.00 
21674059776.00 21685729280.00 21696724992.00 21707898880.00 21718788096.00 21729830912.00 21740867584.00 21751920640.00 21762695168.00 21774043136.00 21784883200.00 21795880960.00 21807034368.00 21818142720.00 21829076992.00 21839722496.00 21851045888.00 21862080512.00 21873113088.00 21884243968.00 
21894932480.00 21906302976.00 21917294592.00 21928271872.00 21939038208.00 21950210048.00 21961230336.00 21972209664.00 21983166464.00 21994131456.00 22004953088.00 22016026624.00 22026805248.00 22037747712.00 22048512000.00 22059094016.00 22069716992.00 22079836160.00 22089062400.00 22094520320.00 
end   dump: w
==END   DUMP_ARRAYS==
Time in seconds = 0.066061
