Sender: LSF System <lsfadmin@polus-c4-ib.bmc.hpc.cs.msu.ru>
Subject: Job 493838: <./large.o> in cluster <MSUCluster> Done

Job <./large.o> was submitted from host <polus-ib.bmc.hpc.cs.msu.ru> by user <edu-cmc-skpod19-328-11> in cluster <MSUCluster> at Fri Nov 29 23:38:31 2019
Job was executed on host(s) <5*polus-c4-ib.bmc.hpc.cs.msu.ru>, in queue <short>, as user <edu-cmc-skpod19-328-11> in cluster <MSUCluster> at Fri Nov 29 23:39:39 2019
                            <3*polus-c3-ib.bmc.hpc.cs.msu.ru>
</home_edu/edu-cmc-skpod19-328/edu-cmc-skpod19-328-11> was used as the home directory.
</home_edu/edu-cmc-skpod19-328/edu-cmc-skpod19-328-11/dep_gemver> was used as the working directory.
Started at Fri Nov 29 23:39:39 2019
Terminated at Fri Nov 29 23:39:41 2019
Results reported at Fri Nov 29 23:39:41 2019

Your job looked like:

------------------------------------------------------------
# LSBATCH: User input
./large.o
------------------------------------------------------------

Successfully completed.

Resource usage summary:

    CPU time :                                   11.09 sec.
    Max Memory :                                 1 MB
    Average Memory :                             1.00 MB
    Total Requested Memory :                     -
    Delta Memory :                               -
    Max Swap :                                   -
    Max Processes :                              1
    Max Threads :                                1
    Run time :                                   1 sec.
    Turnaround time :                            70 sec.

The output (if any) follows:

==BEGIN DUMP_ARRAYS==
begin dump: w
0.00 0.00 0.00 0.00 0.00 0.00 0.00 0.00 0.00 0.00 0.00 0.00 0.00 0.00 0.00 0.00 0.00 0.00 0.00 0.00 
0.00 0.00 0.00 0.00 0.00 0.00 0.00 0.00 0.00 0.00 0.00 0.00 0.00 0.00 0.00 0.00 0.00 0.00 0.00 0.00 
0.00 0.00 0.00 0.00 0.00 0.00 0.00 0.00 0.00 0.00 0.00 0.00 0.00 0.00 0.00 0.00 0.00 0.00 0.00 0.00 
0.00 0.00 0.00 0.00 0.00 0.00 0.00 0.00 0.00 0.00 0.00 0.00 0.00 0.00 0.00 0.00 0.00 0.00 0.00 0.00 
0.00 0.00 0.00 0.00 0.00 0.00 0.00 0.00 0.00 0.00 0.00 0.00 0.00 0.00 0.00 0.00 0.00 0.00 0.00 0.00 
0.00 0.00 0.00 0.00 0.00 0.00 0.00 0.00 0.00 0.00 0.00 0.00 0.00 0.00 0.00 0.00 0.00 0.00 0.00 0.00 
0.00 0.00 0.00 0.00 0.00 0.00 0.00 0.00 0.00 0.00 0.00 0.00 0.00 0.00 0.00 0.00 0.00 0.00 0.00 0.00 
0.00 0.00 0.00 0.00 0.00 0.00 0.00 0.00 0.00 0.00 0.00 0.00 0.00 0.00 0.00 0.00 0.00 0.00 0.00 0.00 
0.00 0.00 0.00 0.00 0.00 0.00 0.00 0.00 0.00 0.00 0.00 0.00 0.00 0.00 0.00 0.00 0.00 0.00 0.00 0.00 
0.00 0.00 0.00 0.00 0.00 0.00 0.00 0.00 0.00 0.00 0.00 0.00 0.00 0.00 0.00 0.00 0.00 0.00 0.00 0.00 
0.00 0.00 0.00 0.00 0.00 0.00 0.00 0.00 0.00 0.00 0.00 0.00 0.00 0.00 0.00 0.00 0.00 0.00 0.00 0.00 
0.00 0.00 0.00 0.00 0.00 0.00 0.00 0.00 0.00 0.00 0.00 0.00 0.00 0.00 0.00 0.00 0.00 0.00 0.00 0.00 
0.00 0.00 0.00 0.00 0.00 0.00 0.00 0.00 0.00 0.00 0.00 0.00 0.00 0.00 0.00 0.00 0.00 0.00 0.00 0.00 
0.00 0.00 0.00 0.00 0.00 0.00 0.00 0.00 0.00 0.00 0.00 0.00 0.00 0.00 0.00 0.00 0.00 0.00 0.00 0.00 
0.00 0.00 0.00 0.00 0.00 0.00 0.00 0.00 0.00 0.00 0.00 0.00 0.00 0.00 0.00 0.00 0.00 0.00 0.00 0.00 
0.00 0.00 0.00 0.00 0.00 0.00 0.00 0.00 0.00 0.00 0.00 0.00 0.00 0.00 0.00 0.00 0.00 0.00 0.00 0.00 
0.00 0.00 0.00 0.00 0.00 0.00 0.00 0.00 0.00 0.00 0.00 0.00 0.00 0.00 0.00 0.00 0.00 0.00 0.00 0.00 
0.00 0.00 0.00 0.00 0.00 0.00 0.00 0.00 0.00 0.00 0.00 0.00 0.00 0.00 0.00 0.00 0.00 0.00 0.00 0.00 
0.00 0.00 0.00 0.00 0.00 0.00 0.00 0.00 0.00 0.00 0.00 0.00 0.00 0.00 0.00 0.00 0.00 0.00 0.00 0.00 
0.00 0.00 0.00 0.00 0.00 0.00 0.00 0.00 0.00 0.00 0.00 0.00 0.00 0.00 0.00 0.00 0.00 0.00 0.00 0.00 
0.00 0.00 0.00 0.00 0.00 0.00 0.00 0.00 0.00 0.00 0.00 0.00 0.00 0.00 0.00 0.00 0.00 0.00 0.00 0.00 
0.00 0.00 0.00 0.00 0.00 0.00 0.00 0.00 0.00 0.00 0.00 0.00 0.00 0.00 0.00 0.00 0.00 0.00 0.00 0.00 
0.00 0.00 0.00 0.00 0.00 0.00 0.00 0.00 0.00 0.00 0.00 0.00 0.00 0.00 0.00 0.00 0.00 0.00 0.00 0.00 
0.00 0.00 0.00 0.00 0.00 0.00 0.00 0.00 0.00 0.00 0.00 0.00 0.00 0.00 0.00 0.00 0.00 0.00 0.00 0.00 
0.00 0.00 0.00 0.00 0.00 0.00 0.00 0.00 0.00 0.00 0.00 0.00 0.00 0.00 0.00 0.00 0.00 0.00 0.00 0.00 
0.00 0.00 0.00 0.00 0.00 0.00 0.00 0.00 0.00 0.00 0.00 0.00 0.00 0.00 0.00 0.00 0.00 0.00 0.00 0.00 
0.00 0.00 0.00 0.00 0.00 0.00 0.00 0.00 0.00 0.00 0.00 0.00 0.00 0.00 0.00 0.00 0.00 0.00 0.00 0.00 
0.00 0.00 0.00 0.00 0.00 0.00 0.00 0.00 0.00 0.00 0.00 0.00 0.00 0.00 0.00 0.00 0.00 0.00 0.00 0.00 
0.00 0.00 0.00 0.00 0.00 0.00 0.00 0.00 0.00 0.00 0.00 0.00 0.00 0.00 0.00 0.00 0.00 0.00 0.00 0.00 
0.00 0.00 0.00 0.00 0.00 0.00 0.00 0.00 0.00 0.00 0.00 0.00 0.00 0.00 0.00 0.00 0.00 0.00 0.00 0.00 
0.00 0.00 0.00 0.00 0.00 0.00 0.00 0.00 0.00 0.00 0.00 0.00 0.00 0.00 0.00 0.00 0.00 0.00 0.00 0.00 
0.00 0.00 0.00 0.00 0.00 0.00 0.00 0.00 0.00 0.00 0.00 0.00 0.00 0.00 0.00 0.00 0.00 0.00 0.00 0.00 
0.00 0.00 0.00 0.00 0.00 0.00 0.00 0.00 0.00 0.00 0.00 0.00 0.00 0.00 0.00 0.00 0.00 0.00 0.00 0.00 
0.00 0.00 0.00 0.00 0.00 0.00 0.00 0.00 0.00 0.00 0.00 0.00 0.00 0.00 0.00 0.00 0.00 0.00 0.00 0.00 
0.00 0.00 0.00 0.00 0.00 0.00 0.00 0.00 0.00 0.00 0.00 0.00 0.00 0.00 0.00 0.00 0.00 0.00 0.00 0.00 
0.00 0.00 0.00 0.00 0.00 0.00 0.00 0.00 0.00 0.00 0.00 0.00 0.00 0.00 0.00 0.00 0.00 0.00 0.00 0.00 
0.00 0.00 0.00 0.00 0.00 0.00 0.00 0.00 0.00 0.00 0.00 0.00 0.00 0.00 0.00 0.00 0.00 0.00 0.00 0.00 
0.00 0.00 0.00 0.00 0.00 0.00 0.00 0.00 0.00 0.00 0.00 0.00 0.00 0.00 0.00 0.00 0.00 0.00 0.00 0.00 
0.00 0.00 0.00 0.00 0.00 0.00 0.00 0.00 0.00 0.00 0.00 0.00 0.00 0.00 0.00 0.00 0.00 0.00 0.00 0.00 
0.00 0.00 0.00 0.00 0.00 0.00 0.00 0.00 0.00 0.00 0.00 0.00 0.00 0.00 0.00 0.00 0.00 0.00 0.00 0.00 
0.00 0.00 0.00 0.00 0.00 0.00 0.00 0.00 0.00 0.00 0.00 0.00 0.00 0.00 0.00 0.00 0.00 0.00 0.00 0.00 
0.00 0.00 0.00 0.00 0.00 0.00 0.00 0.00 0.00 0.00 0.00 0.00 0.00 0.00 0.00 0.00 0.00 0.00 0.00 0.00 
0.00 0.00 0.00 0.00 0.00 0.00 0.00 0.00 0.00 0.00 0.00 0.00 0.00 0.00 0.00 0.00 0.00 0.00 0.00 0.00 
0.00 0.00 0.00 0.00 0.00 0.00 0.00 0.00 0.00 0.00 0.00 0.00 0.00 0.00 0.00 0.00 0.00 0.00 0.00 0.00 
0.00 0.00 0.00 0.00 0.00 0.00 0.00 0.00 0.00 0.00 0.00 0.00 0.00 0.00 0.00 0.00 0.00 0.00 0.00 0.00 
0.00 0.00 0.00 0.00 0.00 0.00 0.00 0.00 0.00 0.00 0.00 0.00 0.00 0.00 0.00 0.00 0.00 0.00 0.00 0.00 
0.00 0.00 0.00 0.00 0.00 0.00 0.00 0.00 0.00 0.00 0.00 0.00 0.00 0.00 0.00 0.00 0.00 0.00 0.00 0.00 
0.00 0.00 0.00 0.00 0.00 0.00 0.00 0.00 0.00 0.00 0.00 0.00 0.00 0.00 0.00 0.00 0.00 0.00 0.00 0.00 
0.00 0.00 0.00 0.00 0.00 0.00 0.00 0.00 0.00 0.00 0.00 0.00 0.00 0.00 0.00 0.00 0.00 0.00 0.00 0.00 
0.00 0.00 0.00 0.00 0.00 0.00 0.00 0.00 0.00 0.00 0.00 0.00 0.00 0.00 0.00 0.00 0.00 0.00 0.00 0.00 
0.00 0.00 0.00 0.00 0.00 0.00 0.00 0.00 0.00 0.00 0.00 0.00 0.00 0.00 0.00 0.00 0.00 0.00 0.00 0.00 
0.00 0.00 0.00 0.00 0.00 0.00 0.00 0.00 0.00 0.00 0.00 0.00 0.00 0.00 0.00 0.00 0.00 0.00 0.00 0.00 
0.00 0.00 0.00 0.00 0.00 0.00 0.00 0.00 0.00 0.00 0.00 0.00 0.00 0.00 0.00 0.00 0.00 0.00 0.00 0.00 
0.00 0.00 0.00 0.00 0.00 0.00 0.00 0.00 0.00 0.00 0.00 0.00 0.00 0.00 0.00 0.00 0.00 0.00 0.00 0.00 
0.00 0.00 0.00 0.00 0.00 0.00 0.00 0.00 0.00 0.00 0.00 0.00 0.00 0.00 0.00 0.00 0.00 0.00 0.00 0.00 
0.00 0.00 0.00 0.00 0.00 0.00 0.00 0.00 0.00 0.00 0.00 0.00 0.00 0.00 0.00 0.00 0.00 0.00 0.00 0.00 
0.00 0.00 0.00 0.00 0.00 0.00 0.00 0.00 0.00 0.00 0.00 0.00 0.00 0.00 0.00 0.00 0.00 0.00 0.00 0.00 
0.00 0.00 0.00 0.00 0.00 0.00 0.00 0.00 0.00 0.00 0.00 0.00 0.00 0.00 0.00 0.00 0.00 0.00 0.00 0.00 
0.00 0.00 0.00 0.00 0.00 0.00 0.00 0.00 0.00 0.00 0.00 0.00 0.00 0.00 0.00 0.00 0.00 0.00 0.00 0.00 
0.00 0.00 0.00 0.00 0.00 0.00 0.00 0.00 0.00 0.00 0.00 0.00 0.00 0.00 0.00 0.00 0.00 0.00 0.00 0.00 
0.00 0.00 0.00 0.00 0.00 0.00 0.00 0.00 0.00 0.00 0.00 0.00 0.00 0.00 0.00 0.00 0.00 0.00 0.00 0.00 
0.00 0.00 0.00 0.00 0.00 0.00 0.00 0.00 0.00 0.00 0.00 0.00 0.00 0.00 0.00 0.00 0.00 0.00 0.00 0.00 
0.00 0.00 0.00 0.00 0.00 0.00 0.00 0.00 0.00 0.00 0.00 0.00 0.00 0.00 0.00 0.00 0.00 0.00 0.00 0.00 
0.00 0.00 0.00 0.00 0.00 0.00 0.00 0.00 0.00 0.00 0.00 0.00 0.00 0.00 0.00 0.00 0.00 0.00 0.00 0.00 
0.00 0.00 0.00 0.00 0.00 0.00 0.00 0.00 0.00 0.00 0.00 0.00 0.00 0.00 0.00 0.00 0.00 0.00 0.00 0.00 
0.00 0.00 0.00 0.00 0.00 0.00 0.00 0.00 0.00 0.00 0.00 0.00 0.00 0.00 0.00 0.00 0.00 0.00 0.00 0.00 
0.00 0.00 0.00 0.00 0.00 0.00 0.00 0.00 0.00 0.00 0.00 0.00 0.00 0.00 0.00 0.00 0.00 0.00 0.00 0.00 
0.00 0.00 0.00 0.00 0.00 0.00 0.00 0.00 0.00 0.00 0.00 0.00 0.00 0.00 0.00 0.00 0.00 0.00 0.00 0.00 
0.00 0.00 0.00 0.00 0.00 0.00 0.00 0.00 0.00 0.00 0.00 0.00 0.00 0.00 0.00 0.00 0.00 0.00 0.00 0.00 
0.00 0.00 0.00 0.00 0.00 0.00 0.00 0.00 0.00 0.00 0.00 0.00 0.00 0.00 0.00 0.00 0.00 0.00 0.00 0.00 
0.00 0.00 0.00 0.00 0.00 0.00 0.00 0.00 0.00 0.00 0.00 0.00 0.00 0.00 0.00 0.00 0.00 0.00 0.00 0.00 
0.00 0.00 0.00 0.00 0.00 0.00 0.00 0.00 0.00 0.00 0.00 0.00 0.00 0.00 0.00 0.00 0.00 0.00 0.00 0.00 
0.00 0.00 0.00 0.00 0.00 0.00 0.00 0.00 0.00 0.00 0.00 0.00 0.00 0.00 0.00 0.00 0.00 0.00 0.00 0.00 
0.00 0.00 0.00 0.00 0.00 0.00 0.00 0.00 0.00 0.00 0.00 0.00 0.00 0.00 0.00 0.00 0.00 0.00 0.00 0.00 
0.00 0.00 0.00 0.00 0.00 0.00 0.00 0.00 0.00 0.00 0.00 0.00 0.00 0.00 0.00 0.00 0.00 0.00 0.00 0.00 
0.00 0.00 0.00 0.00 0.00 0.00 0.00 0.00 0.00 0.00 0.00 0.00 0.00 0.00 0.00 0.00 0.00 0.00 0.00 0.00 
0.00 0.00 0.00 0.00 0.00 0.00 0.00 0.00 0.00 0.00 0.00 0.00 0.00 0.00 0.00 0.00 0.00 0.00 0.00 0.00 
0.00 0.00 0.00 0.00 0.00 0.00 0.00 0.00 0.00 0.00 0.00 0.00 0.00 0.00 0.00 0.00 0.00 0.00 0.00 0.00 
0.00 0.00 0.00 0.00 0.00 0.00 0.00 0.00 0.00 0.00 0.00 0.00 0.00 0.00 0.00 0.00 0.00 0.00 0.00 0.00 
0.00 0.00 0.00 0.00 0.00 0.00 0.00 0.00 0.00 0.00 0.00 0.00 0.00 0.00 0.00 0.00 0.00 0.00 0.00 0.00 
0.00 0.00 0.00 0.00 0.00 0.00 0.00 0.00 0.00 0.00 0.00 0.00 0.00 0.00 0.00 0.00 0.00 0.00 0.00 0.00 
0.00 0.00 0.00 0.00 0.00 0.00 0.00 0.00 0.00 0.00 0.00 0.00 0.00 0.00 0.00 0.00 0.00 0.00 0.00 0.00 
0.00 0.00 0.00 0.00 0.00 0.00 0.00 0.00 0.00 0.00 0.00 0.00 0.00 0.00 0.00 0.00 0.00 0.00 0.00 0.00 
0.00 0.00 0.00 0.00 0.00 0.00 0.00 0.00 0.00 0.00 0.00 0.00 0.00 0.00 0.00 0.00 0.00 0.00 0.00 0.00 
0.00 0.00 0.00 0.00 0.00 0.00 0.00 0.00 0.00 0.00 0.00 0.00 0.00 0.00 0.00 0.00 0.00 0.00 0.00 0.00 
0.00 0.00 0.00 0.00 0.00 0.00 0.00 0.00 0.00 0.00 0.00 0.00 0.00 0.00 0.00 0.00 0.00 0.00 0.00 0.00 
0.00 0.00 0.00 0.00 0.00 0.00 0.00 0.00 0.00 0.00 0.00 0.00 0.00 0.00 0.00 0.00 0.00 0.00 0.00 0.00 
0.00 0.00 0.00 0.00 0.00 0.00 0.00 0.00 0.00 0.00 0.00 0.00 0.00 0.00 0.00 0.00 0.00 0.00 0.00 0.00 
0.00 0.00 0.00 0.00 0.00 0.00 0.00 0.00 0.00 0.00 0.00 0.00 0.00 0.00 0.00 0.00 0.00 0.00 0.00 0.00 
0.00 0.00 0.00 0.00 0.00 0.00 0.00 0.00 0.00 0.00 0.00 0.00 0.00 0.00 0.00 0.00 0.00 0.00 0.00 0.00 
0.00 0.00 0.00 0.00 0.00 0.00 0.00 0.00 0.00 0.00 0.00 0.00 0.00 0.00 0.00 0.00 0.00 0.00 0.00 0.00 
0.00 0.00 0.00 0.00 0.00 0.00 0.00 0.00 0.00 0.00 0.00 0.00 0.00 0.00 0.00 0.00 0.00 0.00 0.00 0.00 
0.00 0.00 0.00 0.00 0.00 0.00 0.00 0.00 0.00 0.00 0.00 0.00 0.00 0.00 0.00 0.00 0.00 0.00 0.00 0.00 
0.00 0.00 0.00 0.00 0.00 0.00 0.00 0.00 0.00 0.00 0.00 0.00 0.00 0.00 0.00 0.00 0.00 0.00 0.00 0.00 
0.00 0.00 0.00 0.00 0.00 0.00 0.00 0.00 0.00 0.00 0.00 0.00 0.00 0.00 0.00 0.00 0.00 0.00 0.00 0.00 
0.00 0.00 0.00 0.00 0.00 0.00 0.00 0.00 0.00 0.00 0.00 0.00 0.00 0.00 0.00 0.00 0.00 0.00 0.00 0.00 
0.00 0.00 0.00 0.00 0.00 0.00 0.00 0.00 0.00 0.00 0.00 0.00 0.00 0.00 0.00 0.00 0.00 0.00 0.00 0.00 
0.00 0.00 0.00 0.00 0.00 0.00 0.00 0.00 0.00 0.00 0.00 0.00 0.00 0.00 0.00 0.00 0.00 0.00 0.00 0.00 
0.00 0.00 0.00 0.00 0.00 0.00 0.00 0.00 0.00 0.00 0.00 0.00 0.00 0.00 0.00 0.00 0.00 0.00 0.00 0.00 
0.00 0.00 0.00 0.00 0.00 0.00 0.00 0.00 0.00 0.00 0.00 0.00 0.00 0.00 0.00 0.00 0.00 0.00 0.00 0.00 
end   dump: w
==END   DUMP_ARRAYS==
==BEGIN DUMP_ARRAYS==
begin dump: w
1865.51 55935552.00 61499432.00 70885888.00 81030904.00 91674480.00 102574528.00 113544480.00 124399280.00 135565872.00 146450080.00 157739376.00 168783824.00 179979088.00 191108928.00 202160048.00 213124096.00 224552848.00 235646624.00 246841088.00 
257676032.00 269183840.00 280366048.00 291612608.00 302552320.00 313473440.00 325107232.00 336198336.00 347367680.00 358741248.00 369642656.00 380865856.00 391872896.00 403312320.00 414524768.00 425604416.00 436826144.00 447981664.00 459243520.00 470456928.00 
480957568.00 492828576.00 503999648.00 515093312.00 526351424.00 537537088.00 548788800.00 559963776.00 570891840.00 582359744.00 592699456.00 604697664.00 615890048.00 627117696.00 638146816.00 649416704.00 660569216.00 671814400.00 683112384.00 694316736.00 
705122688.00 716643264.00 727751040.00 739108864.00 749946176.00 761335488.00 772577728.00 783814656.00 794923968.00 806537600.00 817204416.00 828482560.00 839633856.00 850999232.00 861925824.00 872930368.00 884478592.00 895910336.00 906899008.00 918110336.00 
927964416.00 940509376.00 951690560.00 962836352.00 974009856.00 985151488.00 996381760.00 1008113088.00 1018731840.00 1030062528.00 1041083392.00 1052649344.00 1063582272.00 1074555776.00 1085970560.00 1097036672.00 1108146176.00 1119595776.00 1130748928.00 1141861120.00 
1151498624.00 1164279808.00 1175519488.00 1186716800.00 1197822336.00 1208975104.00 1220335360.00 1231545344.00 1242608000.00 1253887872.00 1264946432.00 1276005632.00 1287261184.00 1298732800.00 1309861632.00 1321012992.00 1332225920.00 1343399040.00 1354742144.00 1365838720.00 
1376382336.00 1388228480.00 1399429120.00 1410590336.00 1421734400.00 1430901888.00 1444265728.00 1455573504.00 1466350976.00 1477443712.00 1488832512.00 1500134784.00 1511309184.00 1522444800.00 1533804160.00 1544911360.00 1556046848.00 1567487488.00 1578702592.00 1589767680.00 
1600601600.00 1612105344.00 1623235328.00 1634892416.00 1645492352.00 1656866688.00 1668101120.00 1679261952.00 1690358528.00 1701708160.00 1712045440.00 1724113664.00 1735127808.00 1746345088.00 1758040320.00 1768815232.00 1779999616.00 1791281024.00 1802470144.00 1813645824.00 
1823489536.00 1836016512.00 1847151232.00 1858390016.00 1869575168.00 1880705664.00 1891861376.00 1903407616.00 1914298880.00 1925443072.00 1936605952.00 1947936000.00 1959085312.00 1970345856.00 1981752064.00 1992334592.00 2003670016.00 2015209728.00 2026294144.00 2037484800.00 
2048364160.00 2059843584.00 2071570560.00 2082300928.00 2093406592.00 2104624384.00 2115756032.00 2127072896.00 2138198912.00 2149477888.00 2160468736.00 2171867648.00 2182789120.00 2194257920.00 2205421568.00 2216511232.00 2227723776.00 2238989824.00 2250122752.00 2261285120.00 
2269250560.00 2283851264.00 2294971136.00 2306208768.00 2317304576.00 2328475648.00 2339753984.00 2351074560.00 2361917440.00 2373388800.00 2384364032.00 2395789056.00 2406892544.00 2418131200.00 2429283328.00 2440451840.00 2451569408.00 2462901760.00 2474055936.00 2485277952.00 
2496137216.00 2507643648.00 2518265856.00 2530269440.00 2541080832.00 2552107520.00 2563697920.00 2574864640.00 2586015488.00 2597191680.00 2608276992.00 2619674880.00 2630723840.00 2641937408.00 2653176064.00 2664238848.00 2675603712.00 2686809344.00 2697937664.00 2709249536.00 
2719057920.00 2731610624.00 2742755840.00 2754062080.00 2765161472.00 2776313088.00 2787533056.00 2798724864.00 2809762304.00 2821021696.00 2828185088.00 2843680000.00 2854758656.00 2865942528.00 2877197056.00 2888251648.00 2899258368.00 2910716928.00 2921725952.00 2933161984.00 
2943958784.00 2955622144.00 2966663424.00 2977861888.00 2988929536.00 3000158720.00 3011366656.00 3022768640.00 3033805824.00 3044992512.00 3056064768.00 3067412736.00 3078351872.00 3089901824.00 3101054976.00 3111797248.00 3123428352.00 3134609152.00 3145787392.00 3156892160.00 
3167500288.00 3179421440.00 3190490624.00 3201664768.00 3212788480.00 3223787776.00 3236113664.00 3246744320.00 3257575168.00 3268986624.00 3280027136.00 3291382272.00 3302504448.00 3313789696.00 3324842752.00 3336030720.00 3347152640.00 3358496512.00 3369703168.00 3380848128.00 
3390407424.00 3403262976.00 3414483456.00 3425342208.00 3436600064.00 3447958528.00 3459188480.00 3470376960.00 3481777664.00 3492868864.00 3503889664.00 3515194368.00 3526290176.00 3537650688.00 3548798208.00 3559913984.00 3571271168.00 3582363904.00 3593562624.00 3604762112.00 
3614638080.00 3627287808.00 3638322688.00 3649573888.00 3660670976.00 3671527936.00 3683108096.00 3694332672.00 3705392128.00 3716637952.00 3727699456.00 3738989312.00 3750051328.00 3760585472.00 3773132800.00 3783999744.00 3794938368.00 3806375680.00 3817454848.00 3828887040.00 
3839578112.00 3851085312.00 3862257408.00 3873523712.00 3884536832.00 3895851008.00 3907035136.00 3918226176.00 3929494272.00 3940688640.00 3951000064.00 3963041024.00 3973936128.00 3986052608.00 3996641792.00 4007738880.00 4018940672.00 4030111232.00 4041364992.00 4052846336.00 
4063103488.00 4074942208.00 4086108928.00 4097221376.00 4108728832.00 4119738112.00 4130923264.00 4142166528.00 4153078528.00 4164500736.00 4175541504.00 4186919680.00 4198003456.00 4209298944.00 4220478464.00 4229581824.00 4242797824.00 4254107648.00 4265246720.00 4276470784.00 
4287331328.00 4299374592.00 4309997056.00 4321463808.00 4332165120.00 4343582720.00 4354881024.00 4365908992.00 4377138688.00 4388465152.00 4399426048.00 4410786816.00 4421834752.00 4433155584.00 4444340736.00 4455436800.00 4466627584.00 4477825536.00 4488949760.00 4499928064.00 
4504861696.00 4523171328.00 4534127616.00 4545307648.00 4556367872.00 4567536640.00 4578749952.00 4589973504.00 4601027584.00 4612322816.00 4623381504.00 4634776064.00 4645902336.00 4657089024.00 4668350464.00 4679416832.00 4690434560.00 4701937664.00 4713076736.00 4724276224.00 
4735138816.00 4746098688.00 4757834752.00 4769035776.00 4780107776.00 4791036928.00 4802618368.00 4813832704.00 4824889856.00 4836325888.00 4847288320.00 4858605568.00 4869544448.00 4881096704.00 4892173312.00 4903401984.00 4914542592.00 4925778432.00 4936937472.00 4947894784.00 
4958691840.00 4970533888.00 4981715968.00 4992883712.00 5003804160.00 5015496704.00 5026587136.00 5037749248.00 5048683520.00 5060340224.00 5070502912.00 5082544128.00 5093673472.00 5104914944.00 5116063232.00 5127251456.00 5138351616.00 5149609472.00 5160815104.00 5171877888.00 
5182907392.00 5194347520.00 5205746176.00 5216887808.00 5227788800.00 5239132160.00 5250367488.00 5261595648.00 5272717312.00 5283977216.00 5295002112.00 5306471424.00 5317484032.00 5328798720.00 5339984384.00 5350752768.00 5362195968.00 5373570048.00 5384754688.00 5395950080.00 
5405809664.00 5418214400.00 5429512704.00 5440760832.00 5451872768.00 5463087104.00 5474307584.00 5485500928.00 5496576000.00 5507911680.00 5518914048.00 5530227712.00 5541386240.00 5552621056.00 5563773952.00 5574885888.00 5585862144.00 5597254144.00 5608326656.00 5619178496.00 
5622667264.00 5642912768.00 5653773824.00 5664908288.00 5675871232.00 5687071744.00 5698248704.00 5709478400.00 5720662016.00 5731857408.00 5742907392.00 5754252288.00 5765192704.00 5776661504.00 5787788288.00 5798938112.00 5810078720.00 5821331456.00 5832584192.00 5843818496.00 
5854316032.00 5866075648.00 5877410816.00 5888520192.00 5899715584.00 5910525952.00 5922041856.00 5933371904.00 5944270848.00 5955693056.00 5966752256.00 5978113024.00 5989232640.00 6000365568.00 6011726848.00 6022827008.00 6033960960.00 6045274624.00 6056410112.00 6067613184.00 
6078526464.00 6090081792.00 6101217280.00 6112415232.00 6123337728.00 6134579712.00 6146162688.00 6157176832.00 6168404992.00 6179418624.00 6189986304.00 6201954304.00 6213108224.00 6224414720.00 6235570688.00 6246662144.00 6257980928.00 6269198848.00 6280316928.00 6291496448.00 
6301407744.00 6313991680.00 6325130752.00 6336334336.00 6347408896.00 6358622720.00 6369788928.00 6381070336.00 6392144384.00 6403424768.00 6414407168.00 6425370112.00 6437407232.00 6448401408.00 6459544576.00 6470313472.00 6481649152.00 6493136384.00 6504268288.00 6515593216.00 
6526334976.00 6537819136.00 6549017088.00 6560227328.00 6571324416.00 6582543360.00 6593809920.00 6604998144.00 6616002560.00 6627454464.00 6638446080.00 6649846272.00 6660715008.00 6672186368.00 6683346944.00 6694496256.00 6705700352.00 6716784640.00 6728092160.00 6739259904.00 
6747187200.00 6761830912.00 6772955648.00 6784134144.00 6795290112.00 6806448640.00 6817545728.00 6828866048.00 6839837696.00 6851376128.00 6862341120.00 6873629184.00 6884810240.00 6896051200.00 6907209216.00 6918238208.00 6929634304.00 6940829696.00 6952035328.00 6963133440.00 
6974118912.00 6985611776.00 6996783104.00 7008055808.00 7018931712.00 7028303360.00 7041625088.00 7052796928.00 7063944704.00 7075169280.00 7086211584.00 7097519616.00 7108699648.00 7119992320.00 7131096064.00 7142295040.00 7153444864.00 7164738560.00 7175920640.00 7187089920.00 
7196981760.00 7209456640.00 7220728832.00 7231972352.00 7243010048.00 7254153728.00 7265465856.00 7276508672.00 7287734784.00 7298992128.00 7309417984.00 7321394688.00 7332549120.00 7343735808.00 7354994176.00 7366103040.00 7377123840.00 7388511232.00 7399697920.00 7410875904.00 
7421754880.00 7433201152.00 7444366336.00 7455508992.00 7466456576.00 7477426176.00 7487553536.00 7504320512.00 7512653312.00 7523520000.00 7534389760.00 7545665024.00 7556546048.00 7567965696.00 7579111936.00 7589896192.00 7601405440.00 7612660224.00 7623907840.00 7635005440.00 
7645548544.00 7657398784.00 7668601344.00 7679856128.00 7690910720.00 7702112256.00 7713375744.00 7724529664.00 7735482368.00 7746972160.00 7757993984.00 7769352192.00 7780418048.00 7791720448.00 7802917376.00 7813999616.00 7825211392.00 7836548608.00 7847683072.00 7858829312.00 
7868390400.00 7881241600.00 7892459008.00 7903669248.00 7914578944.00 7925930496.00 7937526784.00 7948430848.00 7959578112.00 7970844160.00 7981871616.00 7993177600.00 8004274688.00 8015544832.00 8026580992.00 8037964800.00 8049126400.00 8060563456.00 8071669760.00 8082745344.00 
8092620800.00 8105131520.00 8116301824.00 8127486976.00 8138647552.00 8149490688.00 8161031680.00 8171986944.00 8183493632.00 8194752512.00 8205760512.00 8217106432.00 8228240384.00 8239465984.00 8250655744.00 8261793280.00 8272787968.00 8284438016.00 8295433216.00 8306598912.00 
8317512192.00 8329065984.00 8340238336.00 8351441920.00 8362469376.00 8373694464.00 8384967168.00 8396290560.00 8407287296.00 8418408448.00 8425608704.00 8441143296.00 8451993600.00 8463442432.00 8474570240.00 8485718016.00 8496913408.00 8508163072.00 8519334912.00 8530548224.00 
8541079040.00 8552912384.00 8564365312.00 8575277056.00 8586445312.00 8597655552.00 8608985088.00 8620083200.00 8631004160.00 8642212864.00 8653603840.00 8664903680.00 8676067328.00 8687222784.00 8698404864.00 8709246976.00 8720726016.00 8732030976.00 8743349248.00 8754444288.00 
8765307904.00 8776815616.00 8787964928.00 8799255552.00 8810148864.00 8821501952.00 8832813056.00 8843970560.00 8855181312.00 8866448384.00 8877401088.00 8888763392.00 8899819520.00 8911086592.00 8922279936.00 8933410816.00 8944615424.00 8955882496.00 8966917120.00 8977912832.00 
8982825984.00 9001147392.00 9012104192.00 9023235072.00 9034348544.00 9045514240.00 9056803840.00 9067759616.00 9079005184.00 9090429952.00 9101357056.00 9112754176.00 9123822592.00 9135027200.00 9146274816.00 9157467136.00 9168410624.00 9179870208.00 9190926336.00 9202252800.00 
9213112320.00 9224607744.00 9235805184.00 9246956544.00 9258169344.00 9269005312.00 9280546816.00 9291752448.00 9302956032.00 9314162688.00 9325215744.00 9336581120.00 9347473408.00 9358766080.00 9370229760.00 9381318656.00 9392505856.00 9403697152.00 9414946816.00 9426151424.00 
9436665856.00 9448511488.00 9459424256.00 9470944256.00 9482051584.00 9493207040.00 9504388096.00 9515678720.00 9526620160.00 9538045952.00 9548446720.00 9560389632.00 9571581952.00 9582834688.00 9593987072.00 9605100544.00 9616145408.00 9626057728.00 9639069696.00 9650124800.00 
9660957696.00 9672468480.00 9683595264.00 9694807040.00 9705771008.00 9717196800.00 9728414720.00 9739664384.00 9750776832.00 9761959936.00 9773060096.00 9784436736.00 9795464192.00 9806731264.00 9817909248.00 9827020800.00 9840308224.00 9851492352.00 9862592512.00 9873924096.00 
9883786240.00 9896325120.00 9907488768.00 9918689280.00 9929846784.00 9941016576.00 9952234496.00 9963422720.00 9974421504.00 9987097600.00 9997024256.00 10008341504.00 10019443712.00 10030684160.00 10041823232.00 10052995072.00 10063971328.00 10075440128.00 10086708224.00 10097820672.00 
10107345920.00 10120231936.00 10131480576.00 10142570496.00 10153668608.00 10164917248.00 10176186368.00 10187403264.00 10198457344.00 10208773120.00 10220890112.00 10232235008.00 10243111936.00 10254449664.00 10265718784.00 10276864000.00 10288060416.00 10299387904.00 10310418432.00 10321795072.00 
10332240896.00 10344062976.00 10355264512.00 10365649920.00 10377686016.00 10388498432.00 10400081920.00 10411282432.00 10422197248.00 10433670144.00 10444696576.00 10455958528.00 10467154944.00 10478279680.00 10489656320.00 10500753408.00 10511892480.00 10523197440.00 10534389760.00 10545596416.00 
10556462080.00 10567790592.00 10579205120.00 10590346240.00 10601316352.00 10612674560.00 10623947776.00 10635107328.00 10646324224.00 10657527808.00 10667908096.00 10679931904.00 10690948096.00 10702344192.00 10713499648.00 10724634624.00 10735824896.00 10747136000.00 10758300672.00 10769468416.00 
10779340800.00 10791839744.00 10802981888.00 10814643200.00 10825391104.00 10836541440.00 10847848448.00 10858984448.00 10870125568.00 10881417216.00 10892468224.00 10903743488.00 10914933760.00 10926457856.00 10937331712.00 10948146176.00 10959495168.00 10970929152.00 10982111232.00 10993302528.00 
11004189696.00 11015668736.00 11026861056.00 11038008320.00 11049131008.00 11060336640.00 11071601664.00 11082656768.00 11093939200.00 11105040384.00 11116158976.00 11127549952.00 11138371584.00 11149698048.00 11160863744.00 11171937280.00 11183010816.00 11194035200.00 11204740096.00 11214533632.00 
11211685888.00 11242510336.00 11252273152.00 11263011840.00 11273944064.00 11284962304.00 11296144384.00 11307340800.00 11318174720.00 11329494016.00 11340575744.00 11352004608.00 11362992128.00 11374405632.00 11385408512.00 11396573184.00 11407673344.00 11419030528.00 11430151168.00 11441370112.00 
11452220416.00 11463738368.00 11474893824.00 11486110720.00 11497053184.00 11508071424.00 11519681536.00 11530590208.00 11542004736.00 11553282048.00 11564276736.00 11575610368.00 11586680832.00 11598068736.00 11609162752.00 11620352000.00 11631544320.00 11642388480.00 11654020096.00 11665204224.00 
11675039744.00 11687577600.00 11698706432.00 11709905920.00 11721126912.00 11732275200.00 11743511552.00 11754697728.00 11765851136.00 11777100800.00 11787487232.00 11799503872.00 11810615296.00 11821938688.00 11833062400.00 11844231168.00 11855220736.00 11866708992.00 11877820416.00 11889250304.00 
11899947008.00 11911453696.00 11922615296.00 11933843456.00 11944920064.00 11956153344.00 11967353856.00 11978756096.00 11989797888.00 12001081344.00 12012052480.00 12023358464.00 12034333696.00 12045746176.00 12056914944.00 12067735552.00 12079241216.00 12091392000.00 12101755904.00 12112979968.00 
12123490304.00 12135238656.00 12146583552.00 12157649920.00 12168899584.00 12180034560.00 12191290368.00 12202596352.00 12213433344.00 12224807936.00 12235854848.00 12248281088.00 12258489344.00 12269634560.00 12280811520.00 12291974144.00 12303136768.00 12314478592.00 12325528576.00 12336809984.00 
12346362880.00 12359217152.00 12370304000.00 12381597696.00 12392567808.00 12403910656.00 12415179776.00 12426360832.00 12437490688.00 12448700416.00 12459712512.00 12469950464.00 12482379776.00 12493623296.00 12504764416.00 12515888128.00 12527092736.00 12538354688.00 12549519360.00 12560726016.00 
12570596352.00 12583116800.00 12594405376.00 12605558784.00 12616630272.00 12625837056.00 12639106048.00 12650316800.00 12661324800.00 12672594944.00 12683685888.00 12695087104.00 12706168832.00 12717383680.00 12728599552.00 12739708928.00 12750756864.00 12762214400.00 12773412864.00 12784570368.00 
12795428864.00 12806909952.00 12817938432.00 12830976000.00 12840658944.00 12851802112.00 12863017984.00 12874213376.00 12885343232.00 12896654336.00 12906959872.00 12918980608.00 12929921024.00 12941361152.00 12952627200.00 12963695616.00 12974888960.00 12986103808.00 12997585920.00 13008525312.00 
13019056128.00 13030886400.00 13042068480.00 13053338624.00 13064422400.00 13075588096.00 13086781440.00 13098284032.00 13109069824.00 13120461824.00 13131531264.00 13142884352.00 13153979392.00 13165276160.00 13176466432.00 13187211264.00 13198637056.00 13210092544.00 13221206016.00 13232422912.00 
13243287552.00 13254789120.00 13266079744.00 13277168640.00 13288127488.00 13299424256.00 13310727168.00 13322020864.00 13333108736.00 13344294912.00 13355381760.00 13366612992.00 13377782784.00 13389285376.00 13400202240.00 13411395584.00 13422586880.00 13433811968.00 13444902912.00 13455889408.00 
13460799488.00 13479127040.00 13490081792.00 13501163520.00 13512330240.00 13523487744.00 13534723072.00 13545963520.00 13556982784.00 13568276480.00 13579331584.00 13590600704.00 13601751040.00 13613077504.00 13624194048.00 13635392512.00 13646394368.00 13657778176.00 13669051392.00 13680226304.00 
13691112448.00 13702586368.00 13713656832.00 13725014016.00 13736079360.00 13746970624.00 13758601216.00 13769805824.00 13780879360.00 13792131072.00 13803143168.00 13814829056.00 13825537024.00 13836961792.00 13848024064.00 13859249152.00 13870489600.00 13881757696.00 13892648960.00 13904124928.00 
13914645504.00 13926498304.00 13937664000.00 13948867584.00 13960027136.00 13971197952.00 13982429184.00 13993607168.00 14004545536.00 14015902720.00 14023068672.00 14038636544.00 14049659904.00 14060753920.00 14072044544.00 14083209216.00 14094334976.00 14105595904.00 14116775936.00 14127966208.00 
14138895360.00 14150449152.00 14161563648.00 14172595200.00 14183736320.00 14195116032.00 14206355456.00 14217573376.00 14228687872.00 14239942656.00 14250979328.00 14262286336.00 14273307648.00 14285061120.00 14295968768.00 14306739200.00 14318284800.00 14329549824.00 14340706304.00 14351907840.00 
14361763840.00 14374297600.00 14385344512.00 14396480512.00 14407812096.00 14418935808.00 14430423040.00 14441489408.00 14452533248.00 14463865856.00 14474870784.00 14486189056.00 14497369088.00 14508603392.00 14519487488.00 14530974720.00 14541946880.00 14553363456.00 14564541440.00 14575790080.00 
14585327616.00 14598216704.00 14609329152.00 14620493824.00 14631580672.00 14642892800.00 14654094336.00 14665315328.00 14676520960.00 14687691776.00 14698737664.00 14710070272.00 14721043456.00 14732511232.00 14743631872.00 14754793472.00 14766025728.00 14777192448.00 14788404224.00 14799642624.00 
14810163200.00 14822043648.00 14833097728.00 14844376064.00 14855544832.00 14866341888.00 14877886464.00 14889090048.00 14899988480.00 14911372288.00 14922349568.00 14933521408.00 14944289792.00 14952724480.00 14969462784.00 14979470336.00 14990349312.00 15001544704.00 15012645888.00 15023843328.00 
15034642432.00 15046155264.00 15057313792.00 15068528640.00 15079426048.00 15090802688.00 15102006272.00 15113297920.00 15124389888.00 15135645696.00 15145984000.00 15158035456.00 15169072128.00 15180523520.00 15191544832.00 15202743296.00 15213917184.00 15225059328.00 15236279296.00 15247593472.00 
15257391104.00 15269956608.00 15281095680.00 15292300288.00 15303494656.00 15314626560.00 15325900800.00 15337042944.00 15348107264.00 15359514624.00 15370524672.00 15381869568.00 15393000448.00 15404251136.00 15415388160.00 15424546816.00 15437602816.00 15448982528.00 15460226048.00 15471426560.00 
15482284032.00 15493909504.00 15504978944.00 15516201984.00 15527174144.00 15538671616.00 15549804544.00 15560981504.00 15572137984.00 15583407104.00 15594403840.00 15605667840.00 15616694272.00 15628166144.00 15639464960.00 15650452480.00 15661654016.00 15672909824.00 15684040704.00 15695210496.00 
15703145472.00 15717777408.00 15728913408.00 15740250112.00 15751240704.00 15762406400.00 15773654016.00 15784848384.00 15795815424.00 15807194112.00 15818280960.00 15829588992.00 15840945152.00 15852021760.00 15863196672.00 15874355200.00 15885485056.00 15896807424.00 15907993600.00 15919219712.00 
15930056704.00 15941446656.00 15952751616.00 15963912192.00 15974892544.00 15985921024.00 15997455360.00 16008637440.00 16019536896.00 16031679488.00 16042318848.00 16053612544.00 16064662528.00 16075981824.00 16087221248.00 16098284544.00 16109533184.00 16120711168.00 16131886080.00 16143040512.00 
16152968192.00 16165555200.00 16176700416.00 16187829248.00 16198968320.00 16210244608.00 16221429760.00 16232628224.00 16243695616.00 16255089664.00 16265413632.00 16277622784.00 16288536576.00 16299873280.00 16310832128.00 16322329600.00 16333202432.00 16344623104.00 16355791872.00 16366962688.00 
16377879552.00 16389419008.00 16400596992.00 16411742208.00 16422842368.00 16434083840.00 16445279232.00 16456679424.00 16467705856.00 16478923776.00 16490001408.00 16501347328.00 16512254976.00 16523677696.00 16534965248.00 16545704960.00 16557232128.00 16568503296.00 16579594240.00 16590970880.00 
16601395200.00 16613213184.00 16624428032.00 16635716608.00 16646870016.00 16657961984.00 16669209600.00 16680377344.00 16691349504.00 16702790656.00 16713819136.00 16725194752.00 16736278528.00 16747550720.00 16758765568.00 16769838080.00 16780925952.00 16792131584.00 16803241984.00 16814153728.00 
16817586176.00 16837872640.00 16848680960.00 16859783168.00 16870672384.00 16882013184.00 16893241344.00 16904426496.00 16915557376.00 16926809088.00 16937826304.00 16949126144.00 16960233472.00 16971542528.00 16982702080.00 16993822720.00 17005080576.00 17016275968.00 17027484672.00 17038815232.00 
17048572928.00 17061086208.00 17072241664.00 17083465728.00 17094746112.00 17105470464.00 17117016064.00 17128245248.00 17139324928.00 17150574592.00 17161735168.00 17173062656.00 17184229376.00 17195448320.00 17206638592.00 17217765376.00 17228746752.00 17240147968.00 17251262464.00 17262704640.00 
17273505792.00 17285169152.00 17296187392.00 17307426816.00 17318447104.00 17329653760.00 17340942336.00 17352118272.00 17363263488.00 17374498816.00 17384894464.00 17396703232.00 17407856640.00 17419284480.00 17430423552.00 17441406976.00 17453127680.00 17464152064.00 17475289088.00 17486518272.00 
17497038848.00 17509140480.00 17520062464.00 17531269120.00 17542391808.00 17553502208.00 17564833792.00 17575938048.00 17586982912.00 17598425088.00 17609445376.00 17620713472.00 17632043008.00 17643202560.00 17654388736.00 17665189888.00 17676703744.00 17688002560.00 17699188736.00 17710948352.00 
17721266176.00 17732767744.00 17743935488.00 17755099136.00 17766098944.00 17777487872.00 17788661760.00 17799970816.00 17811038208.00 17822248960.00 17833340928.00 17844725760.00 17855787008.00 17867069440.00 17878255616.00 17889374208.00 17900568576.00 17911746560.00 17922873344.00 17933869056.00 
17938786304.00 17957111808.00 17968056320.00 17979209728.00 17990305792.00 18001469440.00 18012651520.00 18023878656.00 18034970624.00 18046259200.00 18057336832.00 18068590592.00 18079793152.00 18091130880.00 18102114304.00 18113312768.00 18124374016.00 18135580672.00 18147006464.00 18157680640.00 
18169081856.00 18180569088.00 18191765504.00 18202943488.00 18214004736.00 18223276032.00 18236545024.00 18247745536.00 18258921472.00 18270113792.00 18281203712.00 18292535296.00 18303459328.00 18314872832.00 18326087680.00 18337167360.00 18348201984.00 18359830528.00 18370904064.00 18382090240.00 
18392621056.00 18404206592.00 18415642624.00 18426920960.00 18438000640.00 18449158144.00 18460387328.00 18470983680.00 18482608128.00 18493992960.00 18504394752.00 18516357120.00 18527457280.00 18538819584.00 18549970944.00 18561056768.00 18572265472.00 18583521280.00 18594746368.00 18605955072.00 
18616821760.00 18628147200.00 18639562752.00 18650664960.00 18661591040.00 18672887808.00 18683879424.00 18696448000.00 18706884608.00 18718048256.00 18729027584.00 18740406272.00 18751418368.00 18762706944.00 18773897216.00 18784694272.00 18796269568.00 18807472128.00 18818693120.00 18829754368.00 
18839746560.00 18852284416.00 18863452160.00 18874683392.00 18885666816.00 18896994304.00 18908207104.00 18919395328.00 18930513920.00 18941845504.00 18952857600.00 18964152320.00 18975176704.00 18986663936.00 18997813248.00 19008950272.00 19019952128.00 19031703552.00 19042525184.00 19053774848.00 
19063308288.00 19076186112.00 19087302656.00 19098531840.00 19109650432.00 19120869376.00 19132160000.00 19143258112.00 19154427904.00 19165673472.00 19176722432.00 19188043776.00 19198963712.00 19210283008.00 19220897792.00 19233118208.00 19244152832.00 19255394304.00 19266525184.00 19277625344.00 
19288217600.00 19300151296.00 19311206400.00 19322435584.00 19333517312.00 19344437248.00 19355938816.00 19367145472.00 19378192384.00 19389612032.00 19400685568.00 19412047872.00 19423113216.00 19434276864.00 19445641216.00 19456743424.00 19467880448.00 19479185408.00 19490347008.00 19501424640.00 
19512451072.00 19523887104.00 19535282176.00 19546327040.00 19557271552.00 19568654336.00 19579815936.00 19591100416.00 19602192384.00 19613380608.00 19620489216.00 19636019200.00 19647023104.00 19658299392.00 19669456896.00 19680591872.00 19691765760.00 19702982656.00 19714250752.00 19725424640.00 
19735310336.00 19747788800.00 19759065088.00 19770238976.00 19781324800.00 19792678912.00 19803826176.00 19815112704.00 19826081792.00 19837366272.00 19848474624.00 19859845120.00 19870920704.00 19882170368.00 19893311488.00 19904126976.00 19915464704.00 19926769664.00 19938744320.00 19949391872.00 
19960283136.00 19971770368.00 19982931968.00 19994142720.00 20005224448.00 20016449536.00 20027723776.00 20038889472.00 20050046976.00 20061251584.00 20072390656.00 20083658752.00 20094615552.00 20105973760.00 20117260288.00 20128430080.00 20139638784.00 20150824960.00 20162021376.00 20173193216.00 
20181092352.00 20195758080.00 20206893056.00 20218040320.00 20229224448.00 20240386048.00 20251604992.00 20262774784.00 20273750016.00 20285181952.00 20296271872.00 20307568640.00 20318760960.00 20329975808.00 20341237760.00 20352282624.00 20363395072.00 20374728704.00 20385439744.00 20397191168.00 
20408039424.00 20419559424.00 20430714880.00 20441819136.00 20452868096.00 20463886336.00 20475256832.00 20486682624.00 20497860608.00 20509112320.00 20520116224.00 20531589120.00 20542500864.00 20553654272.00 20565151744.00 20576202752.00 20587354112.00 20598642688.00 20609851392.00 20621041664.00 
20630890496.00 20643409920.00 20654557184.00 20665769984.00 20676939776.00 20688076800.00 20698988544.00 20710690816.00 20721666048.00 20732930048.00 20743358464.00 20755337216.00 20766568448.00 20777781248.00 20788887552.00 20800049152.00 20811051008.00 20822151168.00 20833779712.00 20844918784.00 
20855797760.00 20867272704.00 20878313472.00 20889556992.00 20900761600.00 20911986688.00 20923199488.00 20934600704.00 20945635328.00 20956899328.00 20967913472.00 20979593216.00 20990189568.00 21001469952.00 21012725760.00 21021943808.00 21035198464.00 21046452224.00 21057572864.00 21068814336.00 
21079349248.00 21091188736.00 21102274560.00 21113643008.00 21124728832.00 21135890432.00 21147144192.00 21158322176.00 21169274880.00 21181046784.00 21191774208.00 21203152896.00 21214339072.00 21225465856.00 21236660224.00 21247930368.00 21258979328.00 21270325248.00 21281482752.00 21292746752.00 
21302208512.00 21315186688.00 21326254080.00 21337438208.00 21348386816.00 21359882240.00 21371049984.00 21382469632.00 21393356800.00 21404393472.00 21415651328.00 21426974720.00 21438062592.00 21448953856.00 21460635648.00 21471735808.00 21482932224.00 21494204416.00 21505316864.00 21516537856.00 
21526429696.00 21538938880.00 21550120960.00 21561108480.00 21572470784.00 21583292416.00 21595082752.00 21606055936.00 21617182720.00 21628571648.00 21639518208.00 21650491392.00 21662013440.00 21673230336.00 21684424704.00 21695571968.00 21706577920.00 21717940224.00 21729257472.00 21740388352.00 
21751291904.00 21762719744.00 21773901824.00 21785219072.00 21796243456.00 21807486976.00 21818871808.00 21829926912.00 21841070080.00 21852348416.00 21862690816.00 21874702336.00 21885648896.00 21897058304.00 21908221952.00 21919367168.00 21930584064.00 21941942272.00 21953009664.00 21964222464.00 
21974790144.00 21986590720.00 21997774848.00 22009071616.00 22020122624.00 22031302656.00 22042466304.00 22053724160.00 22064652288.00 22076166144.00 22087084032.00 22098300928.00 22109573120.00 22120835072.00 22131916800.00 22142763008.00 22154246144.00 22165428224.00 22176653312.00 22187866112.00 
22198704128.00 22210179072.00 22221381632.00 22232487936.00 22243411968.00 22254741504.00 22265890816.00 22277072896.00 22288156672.00 22299295744.00 22310285312.00 22321469440.00 22332416000.00 22343495680.00 22354440192.00 22365210624.00 22375907328.00 22386165760.00 22395496448.00 22401085440.00 
end   dump: w
==END   DUMP_ARRAYS==
Time in seconds = 0.084038
