Sender: LSF System <lsfadmin@polus-c2-ib.bmc.hpc.cs.msu.ru>
Subject: Job 493904: <./large.o> in cluster <MSUCluster> Done

Job <./large.o> was submitted from host <polus-ib.bmc.hpc.cs.msu.ru> by user <edu-cmc-skpod19-328-11> in cluster <MSUCluster> at Fri Nov 29 23:38:31 2019
Job was executed on host(s) <4*polus-c2-ib.bmc.hpc.cs.msu.ru>, in queue <short>, as user <edu-cmc-skpod19-328-11> in cluster <MSUCluster> at Fri Nov 29 23:40:22 2019
                            <5*polus-c3-ib.bmc.hpc.cs.msu.ru>
                            <2*polus-c4-ib.bmc.hpc.cs.msu.ru>
</home_edu/edu-cmc-skpod19-328/edu-cmc-skpod19-328-11> was used as the home directory.
</home_edu/edu-cmc-skpod19-328/edu-cmc-skpod19-328-11/dep_gemver> was used as the working directory.
Started at Fri Nov 29 23:40:22 2019
Terminated at Fri Nov 29 23:40:24 2019
Results reported at Fri Nov 29 23:40:24 2019

Your job looked like:

------------------------------------------------------------
# LSBATCH: User input
./large.o
------------------------------------------------------------

Successfully completed.

Resource usage summary:

    CPU time :                                   7.24 sec.
    Max Memory :                                 4 MB
    Average Memory :                             4.00 MB
    Total Requested Memory :                     -
    Delta Memory :                               -
    Max Swap :                                   -
    Max Processes :                              2
    Max Threads :                                3
    Run time :                                   2 sec.
    Turnaround time :                            113 sec.

The output (if any) follows:

==BEGIN DUMP_ARRAYS==
begin dump: w
0.00 0.00 0.00 0.00 0.00 0.00 0.00 0.00 0.00 0.00 0.00 0.00 0.00 0.00 0.00 0.00 0.00 0.00 0.00 0.00 
0.00 0.00 0.00 0.00 0.00 0.00 0.00 0.00 0.00 0.00 0.00 0.00 0.00 0.00 0.00 0.00 0.00 0.00 0.00 0.00 
0.00 0.00 0.00 0.00 0.00 0.00 0.00 0.00 0.00 0.00 0.00 0.00 0.00 0.00 0.00 0.00 0.00 0.00 0.00 0.00 
0.00 0.00 0.00 0.00 0.00 0.00 0.00 0.00 0.00 0.00 0.00 0.00 0.00 0.00 0.00 0.00 0.00 0.00 0.00 0.00 
0.00 0.00 0.00 0.00 0.00 0.00 0.00 0.00 0.00 0.00 0.00 0.00 0.00 0.00 0.00 0.00 0.00 0.00 0.00 0.00 
0.00 0.00 0.00 0.00 0.00 0.00 0.00 0.00 0.00 0.00 0.00 0.00 0.00 0.00 0.00 0.00 0.00 0.00 0.00 0.00 
0.00 0.00 0.00 0.00 0.00 0.00 0.00 0.00 0.00 0.00 0.00 0.00 0.00 0.00 0.00 0.00 0.00 0.00 0.00 0.00 
0.00 0.00 0.00 0.00 0.00 0.00 0.00 0.00 0.00 0.00 0.00 0.00 0.00 0.00 0.00 0.00 0.00 0.00 0.00 0.00 
0.00 0.00 0.00 0.00 0.00 0.00 0.00 0.00 0.00 0.00 0.00 0.00 0.00 0.00 0.00 0.00 0.00 0.00 0.00 0.00 
0.00 0.00 0.00 0.00 0.00 0.00 0.00 0.00 0.00 0.00 0.00 0.00 0.00 0.00 0.00 0.00 0.00 0.00 0.00 0.00 
0.00 0.00 0.00 0.00 0.00 0.00 0.00 0.00 0.00 0.00 0.00 0.00 0.00 0.00 0.00 0.00 0.00 0.00 0.00 0.00 
0.00 0.00 0.00 0.00 0.00 0.00 0.00 0.00 0.00 0.00 0.00 0.00 0.00 0.00 0.00 0.00 0.00 0.00 0.00 0.00 
0.00 0.00 0.00 0.00 0.00 0.00 0.00 0.00 0.00 0.00 0.00 0.00 0.00 0.00 0.00 0.00 0.00 0.00 0.00 0.00 
0.00 0.00 0.00 0.00 0.00 0.00 0.00 0.00 0.00 0.00 0.00 0.00 0.00 0.00 0.00 0.00 0.00 0.00 0.00 0.00 
0.00 0.00 0.00 0.00 0.00 0.00 0.00 0.00 0.00 0.00 0.00 0.00 0.00 0.00 0.00 0.00 0.00 0.00 0.00 0.00 
0.00 0.00 0.00 0.00 0.00 0.00 0.00 0.00 0.00 0.00 0.00 0.00 0.00 0.00 0.00 0.00 0.00 0.00 0.00 0.00 
0.00 0.00 0.00 0.00 0.00 0.00 0.00 0.00 0.00 0.00 0.00 0.00 0.00 0.00 0.00 0.00 0.00 0.00 0.00 0.00 
0.00 0.00 0.00 0.00 0.00 0.00 0.00 0.00 0.00 0.00 0.00 0.00 0.00 0.00 0.00 0.00 0.00 0.00 0.00 0.00 
0.00 0.00 0.00 0.00 0.00 0.00 0.00 0.00 0.00 0.00 0.00 0.00 0.00 0.00 0.00 0.00 0.00 0.00 0.00 0.00 
0.00 0.00 0.00 0.00 0.00 0.00 0.00 0.00 0.00 0.00 0.00 0.00 0.00 0.00 0.00 0.00 0.00 0.00 0.00 0.00 
0.00 0.00 0.00 0.00 0.00 0.00 0.00 0.00 0.00 0.00 0.00 0.00 0.00 0.00 0.00 0.00 0.00 0.00 0.00 0.00 
0.00 0.00 0.00 0.00 0.00 0.00 0.00 0.00 0.00 0.00 0.00 0.00 0.00 0.00 0.00 0.00 0.00 0.00 0.00 0.00 
0.00 0.00 0.00 0.00 0.00 0.00 0.00 0.00 0.00 0.00 0.00 0.00 0.00 0.00 0.00 0.00 0.00 0.00 0.00 0.00 
0.00 0.00 0.00 0.00 0.00 0.00 0.00 0.00 0.00 0.00 0.00 0.00 0.00 0.00 0.00 0.00 0.00 0.00 0.00 0.00 
0.00 0.00 0.00 0.00 0.00 0.00 0.00 0.00 0.00 0.00 0.00 0.00 0.00 0.00 0.00 0.00 0.00 0.00 0.00 0.00 
0.00 0.00 0.00 0.00 0.00 0.00 0.00 0.00 0.00 0.00 0.00 0.00 0.00 0.00 0.00 0.00 0.00 0.00 0.00 0.00 
0.00 0.00 0.00 0.00 0.00 0.00 0.00 0.00 0.00 0.00 0.00 0.00 0.00 0.00 0.00 0.00 0.00 0.00 0.00 0.00 
0.00 0.00 0.00 0.00 0.00 0.00 0.00 0.00 0.00 0.00 0.00 0.00 0.00 0.00 0.00 0.00 0.00 0.00 0.00 0.00 
0.00 0.00 0.00 0.00 0.00 0.00 0.00 0.00 0.00 0.00 0.00 0.00 0.00 0.00 0.00 0.00 0.00 0.00 0.00 0.00 
0.00 0.00 0.00 0.00 0.00 0.00 0.00 0.00 0.00 0.00 0.00 0.00 0.00 0.00 0.00 0.00 0.00 0.00 0.00 0.00 
0.00 0.00 0.00 0.00 0.00 0.00 0.00 0.00 0.00 0.00 0.00 0.00 0.00 0.00 0.00 0.00 0.00 0.00 0.00 0.00 
0.00 0.00 0.00 0.00 0.00 0.00 0.00 0.00 0.00 0.00 0.00 0.00 0.00 0.00 0.00 0.00 0.00 0.00 0.00 0.00 
0.00 0.00 0.00 0.00 0.00 0.00 0.00 0.00 0.00 0.00 0.00 0.00 0.00 0.00 0.00 0.00 0.00 0.00 0.00 0.00 
0.00 0.00 0.00 0.00 0.00 0.00 0.00 0.00 0.00 0.00 0.00 0.00 0.00 0.00 0.00 0.00 0.00 0.00 0.00 0.00 
0.00 0.00 0.00 0.00 0.00 0.00 0.00 0.00 0.00 0.00 0.00 0.00 0.00 0.00 0.00 0.00 0.00 0.00 0.00 0.00 
0.00 0.00 0.00 0.00 0.00 0.00 0.00 0.00 0.00 0.00 0.00 0.00 0.00 0.00 0.00 0.00 0.00 0.00 0.00 0.00 
0.00 0.00 0.00 0.00 0.00 0.00 0.00 0.00 0.00 0.00 0.00 0.00 0.00 0.00 0.00 0.00 0.00 0.00 0.00 0.00 
0.00 0.00 0.00 0.00 0.00 0.00 0.00 0.00 0.00 0.00 0.00 0.00 0.00 0.00 0.00 0.00 0.00 0.00 0.00 0.00 
0.00 0.00 0.00 0.00 0.00 0.00 0.00 0.00 0.00 0.00 0.00 0.00 0.00 0.00 0.00 0.00 0.00 0.00 0.00 0.00 
0.00 0.00 0.00 0.00 0.00 0.00 0.00 0.00 0.00 0.00 0.00 0.00 0.00 0.00 0.00 0.00 0.00 0.00 0.00 0.00 
0.00 0.00 0.00 0.00 0.00 0.00 0.00 0.00 0.00 0.00 0.00 0.00 0.00 0.00 0.00 0.00 0.00 0.00 0.00 0.00 
0.00 0.00 0.00 0.00 0.00 0.00 0.00 0.00 0.00 0.00 0.00 0.00 0.00 0.00 0.00 0.00 0.00 0.00 0.00 0.00 
0.00 0.00 0.00 0.00 0.00 0.00 0.00 0.00 0.00 0.00 0.00 0.00 0.00 0.00 0.00 0.00 0.00 0.00 0.00 0.00 
0.00 0.00 0.00 0.00 0.00 0.00 0.00 0.00 0.00 0.00 0.00 0.00 0.00 0.00 0.00 0.00 0.00 0.00 0.00 0.00 
0.00 0.00 0.00 0.00 0.00 0.00 0.00 0.00 0.00 0.00 0.00 0.00 0.00 0.00 0.00 0.00 0.00 0.00 0.00 0.00 
0.00 0.00 0.00 0.00 0.00 0.00 0.00 0.00 0.00 0.00 0.00 0.00 0.00 0.00 0.00 0.00 0.00 0.00 0.00 0.00 
0.00 0.00 0.00 0.00 0.00 0.00 0.00 0.00 0.00 0.00 0.00 0.00 0.00 0.00 0.00 0.00 0.00 0.00 0.00 0.00 
0.00 0.00 0.00 0.00 0.00 0.00 0.00 0.00 0.00 0.00 0.00 0.00 0.00 0.00 0.00 0.00 0.00 0.00 0.00 0.00 
0.00 0.00 0.00 0.00 0.00 0.00 0.00 0.00 0.00 0.00 0.00 0.00 0.00 0.00 0.00 0.00 0.00 0.00 0.00 0.00 
0.00 0.00 0.00 0.00 0.00 0.00 0.00 0.00 0.00 0.00 0.00 0.00 0.00 0.00 0.00 0.00 0.00 0.00 0.00 0.00 
0.00 0.00 0.00 0.00 0.00 0.00 0.00 0.00 0.00 0.00 0.00 0.00 0.00 0.00 0.00 0.00 0.00 0.00 0.00 0.00 
0.00 0.00 0.00 0.00 0.00 0.00 0.00 0.00 0.00 0.00 0.00 0.00 0.00 0.00 0.00 0.00 0.00 0.00 0.00 0.00 
0.00 0.00 0.00 0.00 0.00 0.00 0.00 0.00 0.00 0.00 0.00 0.00 0.00 0.00 0.00 0.00 0.00 0.00 0.00 0.00 
0.00 0.00 0.00 0.00 0.00 0.00 0.00 0.00 0.00 0.00 0.00 0.00 0.00 0.00 0.00 0.00 0.00 0.00 0.00 0.00 
0.00 0.00 0.00 0.00 0.00 0.00 0.00 0.00 0.00 0.00 0.00 0.00 0.00 0.00 0.00 0.00 0.00 0.00 0.00 0.00 
0.00 0.00 0.00 0.00 0.00 0.00 0.00 0.00 0.00 0.00 0.00 0.00 0.00 0.00 0.00 0.00 0.00 0.00 0.00 0.00 
0.00 0.00 0.00 0.00 0.00 0.00 0.00 0.00 0.00 0.00 0.00 0.00 0.00 0.00 0.00 0.00 0.00 0.00 0.00 0.00 
0.00 0.00 0.00 0.00 0.00 0.00 0.00 0.00 0.00 0.00 0.00 0.00 0.00 0.00 0.00 0.00 0.00 0.00 0.00 0.00 
0.00 0.00 0.00 0.00 0.00 0.00 0.00 0.00 0.00 0.00 0.00 0.00 0.00 0.00 0.00 0.00 0.00 0.00 0.00 0.00 
0.00 0.00 0.00 0.00 0.00 0.00 0.00 0.00 0.00 0.00 0.00 0.00 0.00 0.00 0.00 0.00 0.00 0.00 0.00 0.00 
0.00 0.00 0.00 0.00 0.00 0.00 0.00 0.00 0.00 0.00 0.00 0.00 0.00 0.00 0.00 0.00 0.00 0.00 0.00 0.00 
0.00 0.00 0.00 0.00 0.00 0.00 0.00 0.00 0.00 0.00 0.00 0.00 0.00 0.00 0.00 0.00 0.00 0.00 0.00 0.00 
0.00 0.00 0.00 0.00 0.00 0.00 0.00 0.00 0.00 0.00 0.00 0.00 0.00 0.00 0.00 0.00 0.00 0.00 0.00 0.00 
0.00 0.00 0.00 0.00 0.00 0.00 0.00 0.00 0.00 0.00 0.00 0.00 0.00 0.00 0.00 0.00 0.00 0.00 0.00 0.00 
0.00 0.00 0.00 0.00 0.00 0.00 0.00 0.00 0.00 0.00 0.00 0.00 0.00 0.00 0.00 0.00 0.00 0.00 0.00 0.00 
0.00 0.00 0.00 0.00 0.00 0.00 0.00 0.00 0.00 0.00 0.00 0.00 0.00 0.00 0.00 0.00 0.00 0.00 0.00 0.00 
0.00 0.00 0.00 0.00 0.00 0.00 0.00 0.00 0.00 0.00 0.00 0.00 0.00 0.00 0.00 0.00 0.00 0.00 0.00 0.00 
0.00 0.00 0.00 0.00 0.00 0.00 0.00 0.00 0.00 0.00 0.00 0.00 0.00 0.00 0.00 0.00 0.00 0.00 0.00 0.00 
0.00 0.00 0.00 0.00 0.00 0.00 0.00 0.00 0.00 0.00 0.00 0.00 0.00 0.00 0.00 0.00 0.00 0.00 0.00 0.00 
0.00 0.00 0.00 0.00 0.00 0.00 0.00 0.00 0.00 0.00 0.00 0.00 0.00 0.00 0.00 0.00 0.00 0.00 0.00 0.00 
0.00 0.00 0.00 0.00 0.00 0.00 0.00 0.00 0.00 0.00 0.00 0.00 0.00 0.00 0.00 0.00 0.00 0.00 0.00 0.00 
0.00 0.00 0.00 0.00 0.00 0.00 0.00 0.00 0.00 0.00 0.00 0.00 0.00 0.00 0.00 0.00 0.00 0.00 0.00 0.00 
0.00 0.00 0.00 0.00 0.00 0.00 0.00 0.00 0.00 0.00 0.00 0.00 0.00 0.00 0.00 0.00 0.00 0.00 0.00 0.00 
0.00 0.00 0.00 0.00 0.00 0.00 0.00 0.00 0.00 0.00 0.00 0.00 0.00 0.00 0.00 0.00 0.00 0.00 0.00 0.00 
0.00 0.00 0.00 0.00 0.00 0.00 0.00 0.00 0.00 0.00 0.00 0.00 0.00 0.00 0.00 0.00 0.00 0.00 0.00 0.00 
0.00 0.00 0.00 0.00 0.00 0.00 0.00 0.00 0.00 0.00 0.00 0.00 0.00 0.00 0.00 0.00 0.00 0.00 0.00 0.00 
0.00 0.00 0.00 0.00 0.00 0.00 0.00 0.00 0.00 0.00 0.00 0.00 0.00 0.00 0.00 0.00 0.00 0.00 0.00 0.00 
0.00 0.00 0.00 0.00 0.00 0.00 0.00 0.00 0.00 0.00 0.00 0.00 0.00 0.00 0.00 0.00 0.00 0.00 0.00 0.00 
0.00 0.00 0.00 0.00 0.00 0.00 0.00 0.00 0.00 0.00 0.00 0.00 0.00 0.00 0.00 0.00 0.00 0.00 0.00 0.00 
0.00 0.00 0.00 0.00 0.00 0.00 0.00 0.00 0.00 0.00 0.00 0.00 0.00 0.00 0.00 0.00 0.00 0.00 0.00 0.00 
0.00 0.00 0.00 0.00 0.00 0.00 0.00 0.00 0.00 0.00 0.00 0.00 0.00 0.00 0.00 0.00 0.00 0.00 0.00 0.00 
0.00 0.00 0.00 0.00 0.00 0.00 0.00 0.00 0.00 0.00 0.00 0.00 0.00 0.00 0.00 0.00 0.00 0.00 0.00 0.00 
0.00 0.00 0.00 0.00 0.00 0.00 0.00 0.00 0.00 0.00 0.00 0.00 0.00 0.00 0.00 0.00 0.00 0.00 0.00 0.00 
0.00 0.00 0.00 0.00 0.00 0.00 0.00 0.00 0.00 0.00 0.00 0.00 0.00 0.00 0.00 0.00 0.00 0.00 0.00 0.00 
0.00 0.00 0.00 0.00 0.00 0.00 0.00 0.00 0.00 0.00 0.00 0.00 0.00 0.00 0.00 0.00 0.00 0.00 0.00 0.00 
0.00 0.00 0.00 0.00 0.00 0.00 0.00 0.00 0.00 0.00 0.00 0.00 0.00 0.00 0.00 0.00 0.00 0.00 0.00 0.00 
0.00 0.00 0.00 0.00 0.00 0.00 0.00 0.00 0.00 0.00 0.00 0.00 0.00 0.00 0.00 0.00 0.00 0.00 0.00 0.00 
0.00 0.00 0.00 0.00 0.00 0.00 0.00 0.00 0.00 0.00 0.00 0.00 0.00 0.00 0.00 0.00 0.00 0.00 0.00 0.00 
0.00 0.00 0.00 0.00 0.00 0.00 0.00 0.00 0.00 0.00 0.00 0.00 0.00 0.00 0.00 0.00 0.00 0.00 0.00 0.00 
0.00 0.00 0.00 0.00 0.00 0.00 0.00 0.00 0.00 0.00 0.00 0.00 0.00 0.00 0.00 0.00 0.00 0.00 0.00 0.00 
0.00 0.00 0.00 0.00 0.00 0.00 0.00 0.00 0.00 0.00 0.00 0.00 0.00 0.00 0.00 0.00 0.00 0.00 0.00 0.00 
0.00 0.00 0.00 0.00 0.00 0.00 0.00 0.00 0.00 0.00 0.00 0.00 0.00 0.00 0.00 0.00 0.00 0.00 0.00 0.00 
0.00 0.00 0.00 0.00 0.00 0.00 0.00 0.00 0.00 0.00 0.00 0.00 0.00 0.00 0.00 0.00 0.00 0.00 0.00 0.00 
0.00 0.00 0.00 0.00 0.00 0.00 0.00 0.00 0.00 0.00 0.00 0.00 0.00 0.00 0.00 0.00 0.00 0.00 0.00 0.00 
0.00 0.00 0.00 0.00 0.00 0.00 0.00 0.00 0.00 0.00 0.00 0.00 0.00 0.00 0.00 0.00 0.00 0.00 0.00 0.00 
0.00 0.00 0.00 0.00 0.00 0.00 0.00 0.00 0.00 0.00 0.00 0.00 0.00 0.00 0.00 0.00 0.00 0.00 0.00 0.00 
0.00 0.00 0.00 0.00 0.00 0.00 0.00 0.00 0.00 0.00 0.00 0.00 0.00 0.00 0.00 0.00 0.00 0.00 0.00 0.00 
0.00 0.00 0.00 0.00 0.00 0.00 0.00 0.00 0.00 0.00 0.00 0.00 0.00 0.00 0.00 0.00 0.00 0.00 0.00 0.00 
0.00 0.00 0.00 0.00 0.00 0.00 0.00 0.00 0.00 0.00 0.00 0.00 0.00 0.00 0.00 0.00 0.00 0.00 0.00 0.00 
0.00 0.00 0.00 0.00 0.00 0.00 0.00 0.00 0.00 0.00 0.00 0.00 0.00 0.00 0.00 0.00 0.00 0.00 0.00 0.00 
end   dump: w
==END   DUMP_ARRAYS==
==BEGIN DUMP_ARRAYS==
begin dump: w
1821.89 54627416.00 60068068.00 69271176.00 79223320.00 89571584.00 100185384.00 110902944.00 121538168.00 132429920.00 143097632.00 154106480.00 164883824.00 175808384.00 186675600.00 197479824.00 208193456.00 219362272.00 230154480.00 241100720.00 
251712544.00 262928224.00 273884768.00 284900800.00 295546976.00 306201408.00 317551328.00 328359968.00 339283552.00 350409984.00 361029728.00 372030400.00 382785152.00 393931808.00 404866240.00 415706752.00 426631584.00 437563456.00 448549408.00 459493984.00 
469765376.00 481343648.00 492242912.00 503108416.00 514088800.00 525017472.00 536034816.00 546900288.00 557587520.00 568772160.00 578896640.00 590608384.00 601526400.00 612506304.00 623257600.00 634259200.00 645164416.00 656157952.00 667160960.00 678093888.00 
688665216.00 699914368.00 710788352.00 721873984.00 732451968.00 743588736.00 754560832.00 765518336.00 776377856.00 787723008.00 798148864.00 809157824.00 820063616.00 831148032.00 841819072.00 852548160.00 863848128.00 875009280.00 885752384.00 896694080.00 
906311808.00 918558912.00 929460864.00 940374272.00 951273536.00 962168768.00 973134464.00 984577024.00 994947520.00 1006027968.00 1016770880.00 1028086016.00 1038779328.00 1049487616.00 1060618496.00 1071439232.00 1082291328.00 1093466496.00 1104355712.00 1115207168.00 
1124613888.00 1137104000.00 1148077568.00 1159001984.00 1169846144.00 1180737408.00 1191832320.00 1202790144.00 1213597824.00 1224608256.00 1235398272.00 1246222592.00 1257206528.00 1268402304.00 1279274752.00 1290174848.00 1301122816.00 1312045312.00 1323092736.00 1333943808.00 
1344249344.00 1355823488.00 1366757248.00 1377646976.00 1388524416.00 1397469952.00 1410529920.00 1421590528.00 1432106752.00 1442948224.00 1454064000.00 1465102592.00 1476007552.00 1486877312.00 1497985664.00 1508825984.00 1519700864.00 1530879488.00 1541835520.00 1552638592.00 
1563222400.00 1574449280.00 1585325056.00 1596697088.00 1607062272.00 1618166016.00 1629141888.00 1640032128.00 1650859264.00 1661960960.00 1672045568.00 1683844992.00 1694601728.00 1705562496.00 1716975232.00 1727508864.00 1738422016.00 1749441280.00 1760375296.00 1771281152.00 
1780897792.00 1793126912.00 1804010368.00 1814982400.00 1825895552.00 1836761728.00 1847668352.00 1858935168.00 1869571328.00 1880465024.00 1891375488.00 1902433664.00 1913326592.00 1924308096.00 1935458560.00 1945789312.00 1956858240.00 1968123904.00 1978956288.00 1989878400.00 
2000499072.00 2011722368.00 2023169280.00 2033658880.00 2044504960.00 2055458560.00 2066339712.00 2077381504.00 2088237184.00 2099256576.00 2109983488.00 2121121408.00 2131798400.00 2142985216.00 2153888000.00 2164724736.00 2175662336.00 2186676480.00 2197541888.00 2208430848.00 
2216217344.00 2230501888.00 2241366016.00 2252329984.00 2263162880.00 2274077952.00 2285084416.00 2296149760.00 2306719488.00 2317936640.00 2328644864.00 2339799296.00 2350650112.00 2361621504.00 2372522752.00 2383424768.00 2394291712.00 2405373952.00 2416251648.00 2427197184.00 
2437794048.00 2449042432.00 2459428608.00 2471139072.00 2481703424.00 2492475648.00 2503777792.00 2514705920.00 2525584896.00 2536504576.00 2547345152.00 2558463744.00 2569248768.00 2580204544.00 2591177984.00 2601981696.00 2613070592.00 2624036096.00 2634893056.00 2645941248.00 
2655525120.00 2667776256.00 2678659072.00 2689697792.00 2700545024.00 2711432448.00 2722385664.00 2733322496.00 2744108288.00 2755104768.00 2762092288.00 2777226240.00 2788042752.00 2798971904.00 2809968640.00 2820754176.00 2831510528.00 2842689536.00 2853449472.00 2864611840.00 
2875158528.00 2886556160.00 2897327360.00 2908267264.00 2919078912.00 2930055168.00 2940988928.00 2952127488.00 2962896896.00 2973824256.00 2984648192.00 2995723520.00 3006414848.00 3017687040.00 3028583168.00 3039072256.00 3050430976.00 3061350912.00 3072272384.00 3083113984.00 
3093473536.00 3105112576.00 3115932160.00 3126839552.00 3137706496.00 3148453376.00 3160478720.00 3170867712.00 3181443328.00 3192589824.00 3203363072.00 3214459392.00 3225320448.00 3236349184.00 3247134208.00 3258058496.00 3268931328.00 3280006656.00 3290951936.00 3301835264.00 
3311171840.00 3323728896.00 3334682368.00 3345292032.00 3356281856.00 3367369728.00 3378348544.00 3389260032.00 3400411392.00 3411234816.00 3421993472.00 3433032960.00 3443870464.00 3454965504.00 3465853952.00 3476712704.00 3487809024.00 3498643456.00 3509560064.00 3520507392.00 
3530150912.00 3542511872.00 3553284352.00 3564268544.00 3575117568.00 3585715712.00 3597025280.00 3607979008.00 3618781184.00 3629769472.00 3640566016.00 3651595776.00 3662396160.00 3672699648.00 3684943360.00 3695559424.00 3706242560.00 3717411584.00 3728232448.00 3739399424.00 
3749846016.00 3761082368.00 3771985408.00 3782982400.00 3793744128.00 3804792832.00 3815717632.00 3826630144.00 3837651456.00 3848580864.00 3858640640.00 3870399232.00 3881047552.00 3892875008.00 3903221760.00 3914063872.00 3925002752.00 3935915264.00 3946898176.00 3958100480.00 
3968132096.00 3979690496.00 3990603776.00 4001462016.00 4012697344.00 4023437312.00 4034365184.00 4045349888.00 4055999488.00 4067158272.00 4077942016.00 4089054976.00 4099887360.00 4110906112.00 4121820672.00 4130723840.00 4143627008.00 4154666752.00 4165550848.00 4176517632.00 
4187114240.00 4198871040.00 4209249792.00 4220453376.00 4230910208.00 4242063104.00 4253091072.00 4263855616.00 4274816000.00 4285887232.00 4296583168.00 4307684352.00 4318470144.00 4329530368.00 4340463616.00 4351289856.00 4362221568.00 4373150208.00 4384010240.00 4394748416.00 
4399549440.00 4417443328.00 4428153344.00 4439065088.00 4449876480.00 4460771328.00 4471720960.00 4482682880.00 4493483008.00 4504503808.00 4515305984.00 4526438400.00 4537297920.00 4548226560.00 4559221760.00 4570028032.00 4580796416.00 4592024064.00 4602908672.00 4613841920.00 
4624453120.00 4635153920.00 4646610432.00 4657545728.00 4668366848.00 4679033856.00 4690361856.00 4701305856.00 4712112128.00 4723263488.00 4733978624.00 4745025024.00 4755721728.00 4766998016.00 4777819648.00 4788774912.00 4799656448.00 4810635264.00 4821540352.00 4832237568.00 
4842770432.00 4854344192.00 4865255936.00 4876177408.00 4886830592.00 4898256384.00 4909088256.00 4919992320.00 4930675200.00 4942045184.00 4951970304.00 4963733504.00 4974601216.00 4985587712.00 4996468736.00 5007392256.00 5018231808.00 5029233152.00 5040173568.00 5050988544.00 
5061747200.00 5072920576.00 5084056576.00 5094935552.00 5105594368.00 5116662272.00 5127627264.00 5138601984.00 5149457408.00 5160462336.00 5171215872.00 5182412800.00 5193174528.00 5204223488.00 5215162880.00 5225668096.00 5236843520.00 5247949824.00 5258871296.00 5269802496.00 
5279439360.00 5291554816.00 5302589952.00 5313573376.00 5324419072.00 5335377920.00 5346329600.00 5357268992.00 5368086528.00 5379151872.00 5389901312.00 5400957952.00 5411832320.00 5422814208.00 5433705472.00 5444557312.00 5455285760.00 5466404864.00 5477217280.00 5487814144.00 
5491216896.00 5511007232.00 5521602048.00 5532480000.00 5543187968.00 5554125312.00 5565045248.00 5576005632.00 5586935808.00 5597866496.00 5608653824.00 5619730432.00 5630410752.00 5641608192.00 5652485632.00 5663375872.00 5674251264.00 5685243904.00 5696230400.00 5707202048.00 
5717454336.00 5728932352.00 5740008448.00 5750870016.00 5761788928.00 5772348928.00 5783604736.00 5794661888.00 5805310976.00 5816462848.00 5827268608.00 5838361088.00 5849209344.00 5860088832.00 5871191552.00 5882027520.00 5892899840.00 5903950336.00 5914824192.00 5925763072.00 
5936426496.00 5947707392.00 5958579200.00 5969525248.00 5980185600.00 5991166464.00 6002483712.00 6013239296.00 6024198656.00 6034948608.00 6045273600.00 6056971264.00 6067860480.00 6078889472.00 6089796096.00 6100626944.00 6111676416.00 6122640384.00 6133498880.00 6144410112.00 
6154099712.00 6166382592.00 6177253888.00 6188200960.00 6199019008.00 6209970688.00 6220866048.00 6231888896.00 6242706944.00 6253722624.00 6264446976.00 6275159552.00 6286925312.00 6297637376.00 6308525056.00 6319044608.00 6330120192.00 6341328384.00 6352208896.00 6363270144.00 
6373759488.00 6384985600.00 6395910144.00 6406856704.00 6417700864.00 6428663808.00 6439664128.00 6450583552.00 6461343232.00 6472508416.00 6483241984.00 6494377984.00 6505005056.00 6516204032.00 6527104512.00 6537988096.00 6548936704.00 6559752704.00 6570800128.00 6581685760.00 
6589431808.00 6603759616.00 6614612992.00 6625537024.00 6636431360.00 6647333888.00 6658165760.00 6669225984.00 6679923200.00 6691198464.00 6701895680.00 6712939008.00 6723859456.00 6734837760.00 6745723392.00 6756495360.00 6767620608.00 6778562048.00 6789505536.00 6800337408.00 
6811063296.00 6822301696.00 6833203712.00 6844212736.00 6854831104.00 6863993856.00 6876993536.00 6887915520.00 6898795520.00 6909755392.00 6920546816.00 6931594752.00 6942512640.00 6953535488.00 6964383232.00 6975309312.00 6986196480.00 6997233152.00 7008154624.00 7019060224.00 
7028722688.00 7040906752.00 7051922944.00 7062903296.00 7073660928.00 7084559360.00 7095593984.00 7106402304.00 7117363200.00 7128349184.00 7138514432.00 7150242816.00 7161119232.00 7172049920.00 7183042560.00 7193893888.00 7204643328.00 7215761920.00 7226705408.00 7237598208.00 
7248232960.00 7259417600.00 7270321664.00 7281204736.00 7291893248.00 7302614016.00 7312521216.00 7328860160.00 7337023488.00 7347616256.00 7358252032.00 7369244672.00 7379878400.00 7391028224.00 7401929728.00 7412448768.00 7423685632.00 7434687488.00 7445660160.00 7456510976.00 
7466811392.00 7478374912.00 7489323520.00 7500304896.00 7511102464.00 7522037248.00 7533038080.00 7543938560.00 7554641408.00 7565841920.00 7576623616.00 7587707904.00 7598520832.00 7609558016.00 7620463104.00 7631316480.00 7642267136.00 7653339648.00 7664194560.00 7675098112.00 
7684429312.00 7696974336.00 7707931648.00 7718874112.00 7729535488.00 7740627456.00 7751940096.00 7762598400.00 7773479936.00 7784497664.00 7795258368.00 7806294016.00 7817137664.00 7828156416.00 7838922240.00 7850048512.00 7860929024.00 7872118272.00 7882948608.00 7893774848.00 
7903414272.00 7915634176.00 7926542848.00 7937466880.00 7948372480.00 7958947840.00 7970235392.00 7980932608.00 7992166400.00 8003160576.00 8013909504.00 8024985600.00 8035864064.00 8046817792.00 8057764864.00 8068625920.00 8079368192.00 8090739200.00 8101488640.00 8112404480.00 
8123044864.00 8134333440.00 8145236992.00 8156193280.00 8166956544.00 8177925632.00 8188917248.00 8199972864.00 8210723328.00 8221590528.00 8228620800.00 8243787264.00 8254394368.00 8265561600.00 8276434432.00 8287314944.00 8298260480.00 8309253632.00 8320162304.00 8331107840.00 
8341390848.00 8352950272.00 8364121088.00 8374782464.00 8385689088.00 8396638720.00 8407707136.00 8418553856.00 8429210624.00 8440150016.00 8451279360.00 8462323712.00 8473214464.00 8484114432.00 8495031808.00 8505627648.00 8516818432.00 8527874048.00 8538935296.00 8549769216.00 
8560370688.00 8571608576.00 8582512128.00 8593520640.00 8604158976.00 8615265280.00 8626295808.00 8637187072.00 8648148992.00 8659143680.00 8669841408.00 8680937472.00 8691736576.00 8702732288.00 8713673728.00 8724549632.00 8735477760.00 8746493952.00 8757265408.00 8768000000.00 
8772792320.00 8790691840.00 8801404928.00 8812265472.00 8823131136.00 8834026496.00 8845052928.00 8855752704.00 8866738176.00 8877899776.00 8888559616.00 8899688448.00 8910497792.00 8921454592.00 8932422656.00 8943357952.00 8954053632.00 8965229568.00 8976026624.00 8987102208.00 
8997706752.00 9008939008.00 9019859968.00 9030759424.00 9041700864.00 9052292096.00 9063550976.00 9074515968.00 9085445120.00 9096392704.00 9107182592.00 9118289920.00 9128920064.00 9139951616.00 9151151104.00 9161975808.00 9172915200.00 9183837184.00 9194798080.00 9205758976.00 
9216034816.00 9227607040.00 9238261760.00 9249498112.00 9260348416.00 9271256064.00 9282155520.00 9293195264.00 9303885824.00 9315043328.00 9325191168.00 9336853504.00 9347806208.00 9358781440.00 9369664512.00 9380515840.00 9391310848.00 9400986624.00 9413683200.00 9424492544.00 
9435091968.00 9446319104.00 9457182720.00 9468133376.00 9478845440.00 9489989632.00 9500962816.00 9511933952.00 9522802688.00 9533717504.00 9544552448.00 9555677184.00 9566439424.00 9577432064.00 9588357120.00 9597257728.00 9610234880.00 9621164032.00 9631986688.00 9643076608.00 
9652694016.00 9664941056.00 9675848704.00 9686770688.00 9697672192.00 9708574720.00 9719543808.00 9730468864.00 9741219840.00 9753584640.00 9763288064.00 9774332928.00 9785180160.00 9796153344.00 9807046656.00 9817944064.00 9828677632.00 9839872000.00 9850862592.00 9861715968.00 
9871036416.00 9883610112.00 9894591488.00 9905421312.00 9916261376.00 9927268352.00 9938258944.00 9949193216.00 9960003584.00 9970083840.00 9981918208.00 9992982528.00 10003615744.00 10014689280.00 10025690112.00 10036569088.00 10047505408.00 10058575872.00 10069362688.00 10080458752.00 
10090653696.00 10102196224.00 10113138688.00 10123291648.00 10135054336.00 10145603584.00 10156939264.00 10167863296.00 10178521088.00 10189719552.00 10200473600.00 10211478528.00 10222424064.00 10233294848.00 10244391936.00 10255240192.00 10266115072.00 10277155840.00 10288084992.00 10299016192.00 
10309626880.00 10320706560.00 10331837440.00 10342733824.00 10353432576.00 10364554240.00 10375542784.00 10386447360.00 10397412352.00 10408345600.00 10418482176.00 10430221312.00 10440977408.00 10452107264.00 10462996480.00 10473886720.00 10484814848.00 10495846400.00 10506761216.00 10517669888.00 
10527302656.00 10539507712.00 10550403072.00 10561787904.00 10572271616.00 10583173120.00 10594211840.00 10605085696.00 10615971840.00 10626983936.00 10637785088.00 10648824832.00 10659732480.00 10670983168.00 10681596928.00 10692156416.00 10703246336.00 10714395648.00 10725340160.00 10736273408.00 
10746892288.00 10758106112.00 10769048576.00 10779933696.00 10790757376.00 10801730560.00 10812732416.00 10823523328.00 10834542592.00 10845369344.00 10856246272.00 10867388416.00 10877941760.00 10889008128.00 10899913728.00 10910710784.00 10921526272.00 10932320256.00 10942747648.00 10952336384.00 
10949516288.00 10979623936.00 10989188096.00 10999642112.00 11010335744.00 11021122560.00 11032033280.00 11042951168.00 11053527040.00 11064580096.00 11075429376.00 11086599168.00 11097328640.00 11108443136.00 11119190016.00 11130096640.00 11140969472.00 11152039936.00 11162883072.00 11173864448.00 
11184444416.00 11195677696.00 11206596608.00 11217571840.00 11228225536.00 11239012352.00 11250324480.00 11260988416.00 11272139776.00 11283144704.00 11293877248.00 11304969216.00 11315762176.00 11326875648.00 11337722880.00 11348661248.00 11359588352.00 11370177536.00 11381536768.00 11392453632.00 
11402072064.00 11414289408.00 11425160192.00 11436123136.00 11447050240.00 11457940480.00 11468940288.00 11479857152.00 11490751488.00 11501745152.00 11511871488.00 11523621888.00 11534452736.00 11545518080.00 11556384768.00 11567282176.00 11578027008.00 11589233664.00 11600097280.00 11611255808.00 
11621702656.00 11632940032.00 11643848704.00 11654814720.00 11665614848.00 11676600320.00 11687536640.00 11698675712.00 11709441024.00 11720473600.00 11731195904.00 11742243840.00 11752943616.00 11764096000.00 11774995456.00 11785561088.00 11796815872.00 11808664576.00 11818787840.00 11829770240.00 
11840017408.00 11851501568.00 11862571008.00 11873385472.00 11884346368.00 11895250944.00 11906245632.00 11917277184.00 11927848960.00 11938974720.00 11949743104.00 11961900032.00 11971878912.00 11982764032.00 11993672704.00 12004577280.00 12015470592.00 12026535936.00 12037332992.00 12048350208.00 
12057673728.00 12070245376.00 12081064960.00 12092089344.00 12102795264.00 12113882112.00 12124879872.00 12135808000.00 12146693120.00 12157612032.00 12168375296.00 12178388992.00 12190523392.00 12201490432.00 12212386816.00 12223246336.00 12234189824.00 12245185536.00 12256080896.00 12267026432.00 
12276669440.00 12288893952.00 12299938816.00 12310808576.00 12321623040.00 12330612736.00 12343573504.00 12354531328.00 12365293568.00 12376281088.00 12387109888.00 12398251008.00 12409059328.00 12420027392.00 12430971904.00 12441842688.00 12452630528.00 12463830016.00 12474748928.00 12485655552.00 
12496244736.00 12507459584.00 12518247424.00 12530964480.00 12540420096.00 12551309312.00 12562248704.00 12573181952.00 12584053760.00 12595106816.00 12605161472.00 12616906752.00 12627592192.00 12638756864.00 12649762816.00 12660577280.00 12671516672.00 12682456064.00 12693673984.00 12704357376.00 
12714655744.00 12726197248.00 12737116160.00 12748132352.00 12758946816.00 12769840128.00 12780766208.00 12792014848.00 12802553856.00 12813673472.00 12824492032.00 12835569664.00 12846413824.00 12857450496.00 12868360192.00 12878873600.00 12890033152.00 12901206016.00 12912069632.00 12923029504.00 
12933616640.00 12944866304.00 12955893760.00 12966740992.00 12977422336.00 12988480512.00 12999498752.00 13010512896.00 13021357056.00 13032272896.00 13043102720.00 13054065664.00 13064999936.00 13076199424.00 13086869504.00 13097805824.00 13108732928.00 13119692800.00 13130515456.00 13141251072.00 
13146047488.00 13163953152.00 13174669312.00 13185472512.00 13196391424.00 13207282688.00 13218256896.00 13229235200.00 13240001536.00 13251024896.00 13261827072.00 13272817664.00 13283723264.00 13294781440.00 13305635840.00 13316580352.00 13327302656.00 13338439680.00 13349417984.00 13360338944.00 
13370954752.00 13382183936.00 13393000448.00 13404093440.00 13414918144.00 13425530880.00 13436898304.00 13447845888.00 13458653184.00 13469638656.00 13480382464.00 13491796992.00 13502261248.00 13513413632.00 13524230144.00 13535188992.00 13546169344.00 13557170176.00 13567799296.00 13579005952.00 
13589289984.00 13600851968.00 13611767808.00 13622707200.00 13633617920.00 13644516352.00 13655496704.00 13666397184.00 13677080576.00 13688172544.00 13695183872.00 13710376960.00 13721129984.00 13731981312.00 13743006720.00 13753897984.00 13764772864.00 13775778816.00 13786692608.00 13797634048.00 
13808297984.00 13819559936.00 13830438912.00 13841222656.00 13852108800.00 13863196672.00 13874162688.00 13885148160.00 13896006656.00 13906980864.00 13917757440.00 13928798208.00 13939573760.00 13951031296.00 13961700352.00 13972207616.00 13983496192.00 13994499072.00 14005395456.00 14016336896.00 
14025948160.00 14038195200.00 14048977920.00 14059837440.00 14070939648.00 14081783808.00 14092996608.00 14103808000.00 14114585600.00 14125681664.00 14136406016.00 14147475456.00 14158375936.00 14169363456.00 14179983360.00 14191202304.00 14201940992.00 14213079040.00 14223994880.00 14234976256.00 
14244260864.00 14256864256.00 14267735040.00 14278649856.00 14289475584.00 14300513280.00 14311471104.00 14322408448.00 14333349888.00 14344256512.00 14355049472.00 14366120960.00 14376836096.00 14388031488.00 14398887936.00 14409787392.00 14420772864.00 14431649792.00 14442601472.00 14453579776.00 
14463857664.00 14475452416.00 14486277120.00 14497277952.00 14508186624.00 14518709248.00 14529999872.00 14540938240.00 14551587840.00 14562712576.00 14573414400.00 14584345600.00 14594848768.00 14603095040.00 14619415552.00 14629200896.00 14639846400.00 14650769408.00 14661615616.00 14672550912.00 
14683102208.00 14694370304.00 14705233920.00 14716193792.00 14726829056.00 14737939456.00 14748878848.00 14759909376.00 14770739200.00 14781723648.00 14791825408.00 14803605504.00 14814377984.00 14825562112.00 14836338688.00 14847267840.00 14858193920.00 14869061632.00 14880020480.00 14891049984.00 
14900645888.00 14912910336.00 14923773952.00 14934724608.00 14945680384.00 14956511232.00 14967542784.00 14978420736.00 14989224960.00 15000367104.00 15011116032.00 15022191616.00 15033065472.00 15044048896.00 15054942208.00 15063884800.00 15076638720.00 15087750144.00 15098731520.00 15109649408.00 
15120279552.00 15131600896.00 15142426624.00 15153404928.00 15164098560.00 15175334912.00 15186202624.00 15197128704.00 15208005632.00 15219019776.00 15229754368.00 15240764416.00 15251549184.00 15262729216.00 15273775104.00 15284486144.00 15295433728.00 15306421248.00 15317316608.00 15328201728.00 
15335956480.00 15350264832.00 15361114112.00 15372201984.00 15382928384.00 15393835008.00 15404811264.00 15415749632.00 15426471936.00 15437580288.00 15448422400.00 15459450880.00 15470531584.00 15481372672.00 15492257792.00 15503164416.00 15514030080.00 15525109760.00 15536025600.00 15546975232.00 
15557576704.00 15568687104.00 15579724800.00 15590643712.00 15601353728.00 15612121088.00 15623402496.00 15634322432.00 15644946432.00 15656806400.00 15667216384.00 15678243840.00 15689025536.00 15700084736.00 15711074304.00 15721854976.00 15732849664.00 15743761408.00 15754683392.00 15765572608.00 
15775266816.00 15787548672.00 15798433792.00 15809327104.00 15820199936.00 15831209984.00 15842123776.00 15853072384.00 15863864320.00 15875004416.00 15885066240.00 15897009152.00 15907658752.00 15918717952.00 15929452544.00 15940664320.00 15951287296.00 15962441728.00 15973347328.00 15984243712.00 
15994908672.00 16006200320.00 16017118208.00 16028019712.00 16038828032.00 16049808384.00 16060735488.00 16071868416.00 16082661376.00 16093596672.00 16104387584.00 16115501056.00 16126158848.00 16137314304.00 16148333568.00 16158820352.00 16170060800.00 16181096448.00 16191922176.00 16203022336.00 
16213227520.00 16224762880.00 16235692032.00 16246726656.00 16257616896.00 16268444672.00 16279456768.00 16290348032.00 16301062144.00 16312241152.00 16323020800.00 16334091264.00 16344935424.00 16355947520.00 16366887936.00 16377700352.00 16388540416.00 16399488000.00 16410338304.00 16420957184.00 
16424314880.00 16444149760.00 16454712320.00 16465579008.00 16476191744.00 16487276544.00 16498230272.00 16509139968.00 16520035328.00 16531010560.00 16541757440.00 16552807424.00 16563651584.00 16574686208.00 16585596928.00 16596463616.00 16607453184.00 16618388480.00 16629349376.00 16640410624.00 
16649945088.00 16662152192.00 16673057792.00 16684029952.00 16695022592.00 16705509376.00 16716760064.00 16727728128.00 16738557952.00 16749546496.00 16760449024.00 16771496960.00 16782401536.00 16793353216.00 16804299776.00 16815168512.00 16825891840.00 16837022720.00 16847867904.00 16859040768.00 
16869592064.00 16880976896.00 16891764736.00 16902729728.00 16913487872.00 16924445696.00 16935462912.00 16946368512.00 16957257728.00 16968240128.00 16978374656.00 16989919232.00 17000797184.00 17011976192.00 17022848000.00 17033573376.00 17045023744.00 17055791104.00 17066676224.00 17077607424.00 
17087909888.00 17099719680.00 17110384640.00 17121330176.00 17132220416.00 17143060480.00 17154109440.00 17164967936.00 17175738368.00 17186934784.00 17197692928.00 17208707072.00 17219747840.00 17230653440.00 17241567232.00 17252141056.00 17263370240.00 17274423296.00 17285316608.00 17296809984.00 
17306877952.00 17318119424.00 17329016832.00 17339942912.00 17350676480.00 17361799168.00 17372694528.00 17383739392.00 17394575360.00 17405517824.00 17416347648.00 17427451904.00 17438261248.00 17449269248.00 17460193280.00 17471068160.00 17481986048.00 17492893696.00 17503772672.00 17514504192.00 
17519298560.00 17537220608.00 17547909120.00 17558802432.00 17569646592.00 17580548096.00 17591463936.00 17602437120.00 17613268992.00 17624274944.00 17635074048.00 17646071808.00 17657051136.00 17668128768.00 17678833664.00 17689763840.00 17700558848.00 17711521792.00 17722685440.00 17733097472.00 
17744209920.00 17755449344.00 17766375424.00 17777287168.00 17788104704.00 17797146624.00 17810114560.00 17821054976.00 17831968768.00 17842903040.00 17853712384.00 17864798208.00 17875474432.00 17886615552.00 17897547776.00 17908396032.00 17919158272.00 17930512384.00 17941336064.00 17952262144.00 
17962536960.00 17973864448.00 17985046528.00 17996046336.00 18006849536.00 18017759232.00 18028711936.00 18039099392.00 18050416640.00 18061555712.00 18071695360.00 18083393536.00 18094202880.00 18105329664.00 18116212736.00 18127042560.00 18137982976.00 18148976640.00 18159945728.00 18170882048.00 
18181494784.00 18192553984.00 18203701248.00 18214565888.00 18225221632.00 18236272640.00 18246987776.00 18259267584.00 18269464576.00 18280374272.00 18291091456.00 18302203904.00 18312957952.00 18323984384.00 18334916608.00 18345453568.00 18356733952.00 18367682560.00 18378641408.00 18389448704.00 
18399227904.00 18411452416.00 18422374400.00 18433316864.00 18444066816.00 18455117824.00 18466080768.00 18477006848.00 18487865344.00 18498918400.00 18509682688.00 18520733696.00 18531457024.00 18542708736.00 18553579520.00 18564470784.00 18575192064.00 18586658816.00 18597253120.00 18608234496.00 
18617534464.00 18630129664.00 18640979968.00 18651967488.00 18662803456.00 18673764352.00 18684801024.00 18695620608.00 18706536448.00 18717503488.00 18728300544.00 18739378176.00 18750042112.00 18761093120.00 18771443712.00 18783373312.00 18794158080.00 18805110784.00 18816002048.00 18826833920.00 
18837207040.00 18848864256.00 18859651072.00 18870618112.00 18881417216.00 18892097536.00 18903328768.00 18914281472.00 18925056000.00 18936248320.00 18947016704.00 18958129152.00 18968969216.00 18979823616.00 18990931968.00 19001772032.00 19012659200.00 19023687680.00 19034597376.00 19045414912.00 
19056175104.00 19067346944.00 19078473728.00 19089268736.00 19099967488.00 19111069696.00 19121973248.00 19132981248.00 19143827456.00 19154747392.00 19161704448.00 19176859648.00 19187628032.00 19198621696.00 19209547776.00 19220398080.00 19231303680.00 19242250240.00 19253270528.00 19264186368.00 
19273836544.00 19286026240.00 19297032192.00 19307931648.00 19318775808.00 19329847296.00 19340754944.00 19351756800.00 19362490368.00 19373500416.00 19384309760.00 19395463168.00 19406286848.00 19417251840.00 19428139008.00 19438690304.00 19449769984.00 19460827136.00 19472496640.00 19482906624.00 
19493543936.00 19504766976.00 19515672576.00 19526594560.00 19537440768.00 19548397568.00 19559409664.00 19570323456.00 19581214720.00 19592169472.00 19603034112.00 19614029824.00 19624753152.00 19635820544.00 19646834688.00 19657752576.00 19668699136.00 19679633408.00 19690579968.00 19701446656.00 
19709188096.00 19723524096.00 19734372352.00 19745267712.00 19756206080.00 19767103488.00 19778056192.00 19788978176.00 19799689216.00 19810840576.00 19821701120.00 19832713216.00 19843622912.00 19854577664.00 19865589760.00 19876354048.00 19887245312.00 19898316800.00 19908753408.00 19920246784.00 
19930841088.00 19942090752.00 19952973824.00 19963826176.00 19974610944.00 19985369088.00 19996471296.00 20007665664.00 20018542592.00 20029532160.00 20040286208.00 20051488768.00 20062154752.00 20073029632.00 20084264960.00 20095066112.00 20105975808.00 20116975616.00 20127926272.00 20138835968.00 
20148463616.00 20160688128.00 20171560960.00 20182482944.00 20193443840.00 20204324864.00 20214972416.00 20226400256.00 20237144064.00 20248119296.00 20258304000.00 20270012416.00 20281010176.00 20291946496.00 20302796800.00 20313683968.00 20324421632.00 20335261696.00 20346607616.00 20357496832.00 
20368109568.00 20379336704.00 20390090752.00 20401076224.00 20412037120.00 20422985728.00 20433954816.00 20445069312.00 20455852032.00 20466864128.00 20477591552.00 20489003008.00 20499367936.00 20510373888.00 20521406464.00 20530397184.00 20543338496.00 20554305536.00 20565178368.00 20576133120.00 
20586412032.00 20598009856.00 20608845824.00 20619919360.00 20630734848.00 20641646592.00 20652666880.00 20663552000.00 20674260992.00 20685733888.00 20696266752.00 20707360768.00 20718266368.00 20729169920.00 20740093952.00 20751101952.00 20761880576.00 20772952064.00 20783855616.00 20794855424.00 
20804091904.00 20816752640.00 20827566080.00 20838508544.00 20849176576.00 20860397568.00 20871309312.00 20882470912.00 20893081600.00 20903860224.00 20914888704.00 20925931520.00 20936777728.00 20947372032.00 20958785536.00 20969644032.00 20980594688.00 20991584256.00 21002469376.00 21013405696.00 
21023055872.00 21035257856.00 21046185984.00 21056946176.00 21068027904.00 21078616064.00 21090115584.00 21100812288.00 21111668736.00 21122807808.00 21133508608.00 21144246272.00 21155469312.00 21166440448.00 21177380864.00 21188227072.00 21199026176.00 21210099712.00 21221126144.00 21232066560.00 
21242660864.00 21253873664.00 21264760832.00 21275801600.00 21286565888.00 21297565696.00 21308672000.00 21319434240.00 21330348032.00 21341351936.00 21351442432.00 21363173376.00 21373865984.00 21385080832.00 21395910656.00 21406818304.00 21417771008.00 21428840448.00 21439705088.00 21450620928.00 
21460910080.00 21472468992.00 21483384832.00 21494396928.00 21505220608.00 21516126208.00 21527050240.00 21538039808.00 21548687360.00 21559930880.00 21570648064.00 21581551616.00 21592573952.00 21603614720.00 21614362624.00 21624977408.00 21636173824.00 21647075328.00 21658048512.00 21669013504.00 
21679628288.00 21690867712.00 21701773312.00 21712588800.00 21723269120.00 21734346752.00 21745264640.00 21756166144.00 21766979584.00 21777846272.00 21788579840.00 21799520256.00 21810184192.00 21821077504.00 21831741440.00 21842264064.00 21852649472.00 21862672384.00 21871855616.00 21877327872.00 
end   dump: w
==END   DUMP_ARRAYS==
Time in seconds = 0.048269
