Sender: LSF System <lsfadmin@polus-c4-ib.bmc.hpc.cs.msu.ru>
Subject: Job 492226: <./large.o> in cluster <MSUCluster> Done

Job <./large.o> was submitted from host <polus-ib.bmc.hpc.cs.msu.ru> by user <edu-cmc-skpod19-328-11> in cluster <MSUCluster> at Fri Nov 29 22:49:49 2019
Job was executed on host(s) <8*polus-c4-ib.bmc.hpc.cs.msu.ru>, in queue <short>, as user <edu-cmc-skpod19-328-11> in cluster <MSUCluster> at Fri Nov 29 22:52:58 2019
                            <4*polus-c2-ib.bmc.hpc.cs.msu.ru>
</home_edu/edu-cmc-skpod19-328/edu-cmc-skpod19-328-11> was used as the home directory.
</home_edu/edu-cmc-skpod19-328/edu-cmc-skpod19-328-11/dep_gemver> was used as the working directory.
Started at Fri Nov 29 22:52:58 2019
Terminated at Fri Nov 29 22:52:59 2019
Results reported at Fri Nov 29 22:52:59 2019

Your job looked like:

------------------------------------------------------------
# LSBATCH: User input
./large.o
------------------------------------------------------------

Successfully completed.

Resource usage summary:

    CPU time :                                   9.12 sec.
    Max Memory :                                 4 MB
    Average Memory :                             1.33 MB
    Total Requested Memory :                     -
    Delta Memory :                               -
    Max Swap :                                   -
    Max Processes :                              1
    Max Threads :                                1
    Run time :                                   3 sec.
    Turnaround time :                            190 sec.

The output (if any) follows:

==BEGIN DUMP_ARRAYS==
begin dump: w
0.00 0.00 0.00 0.00 0.00 0.00 0.00 0.00 0.00 0.00 0.00 0.00 0.00 0.00 0.00 0.00 0.00 0.00 0.00 0.00 
0.00 0.00 0.00 0.00 0.00 0.00 0.00 0.00 0.00 0.00 0.00 0.00 0.00 0.00 0.00 0.00 0.00 0.00 0.00 0.00 
0.00 0.00 0.00 0.00 0.00 0.00 0.00 0.00 0.00 0.00 0.00 0.00 0.00 0.00 0.00 0.00 0.00 0.00 0.00 0.00 
0.00 0.00 0.00 0.00 0.00 0.00 0.00 0.00 0.00 0.00 0.00 0.00 0.00 0.00 0.00 0.00 0.00 0.00 0.00 0.00 
0.00 0.00 0.00 0.00 0.00 0.00 0.00 0.00 0.00 0.00 0.00 0.00 0.00 0.00 0.00 0.00 0.00 0.00 0.00 0.00 
0.00 0.00 0.00 0.00 0.00 0.00 0.00 0.00 0.00 0.00 0.00 0.00 0.00 0.00 0.00 0.00 0.00 0.00 0.00 0.00 
0.00 0.00 0.00 0.00 0.00 0.00 0.00 0.00 0.00 0.00 0.00 0.00 0.00 0.00 0.00 0.00 0.00 0.00 0.00 0.00 
0.00 0.00 0.00 0.00 0.00 0.00 0.00 0.00 0.00 0.00 0.00 0.00 0.00 0.00 0.00 0.00 0.00 0.00 0.00 0.00 
0.00 0.00 0.00 0.00 0.00 0.00 0.00 0.00 0.00 0.00 0.00 0.00 0.00 0.00 0.00 0.00 0.00 0.00 0.00 0.00 
0.00 0.00 0.00 0.00 0.00 0.00 0.00 0.00 0.00 0.00 0.00 0.00 0.00 0.00 0.00 0.00 0.00 0.00 0.00 0.00 
0.00 0.00 0.00 0.00 0.00 0.00 0.00 0.00 0.00 0.00 0.00 0.00 0.00 0.00 0.00 0.00 0.00 0.00 0.00 0.00 
0.00 0.00 0.00 0.00 0.00 0.00 0.00 0.00 0.00 0.00 0.00 0.00 0.00 0.00 0.00 0.00 0.00 0.00 0.00 0.00 
0.00 0.00 0.00 0.00 0.00 0.00 0.00 0.00 0.00 0.00 0.00 0.00 0.00 0.00 0.00 0.00 0.00 0.00 0.00 0.00 
0.00 0.00 0.00 0.00 0.00 0.00 0.00 0.00 0.00 0.00 0.00 0.00 0.00 0.00 0.00 0.00 0.00 0.00 0.00 0.00 
0.00 0.00 0.00 0.00 0.00 0.00 0.00 0.00 0.00 0.00 0.00 0.00 0.00 0.00 0.00 0.00 0.00 0.00 0.00 0.00 
0.00 0.00 0.00 0.00 0.00 0.00 0.00 0.00 0.00 0.00 0.00 0.00 0.00 0.00 0.00 0.00 0.00 0.00 0.00 0.00 
0.00 0.00 0.00 0.00 0.00 0.00 0.00 0.00 0.00 0.00 0.00 0.00 0.00 0.00 0.00 0.00 0.00 0.00 0.00 0.00 
0.00 0.00 0.00 0.00 0.00 0.00 0.00 0.00 0.00 0.00 0.00 0.00 0.00 0.00 0.00 0.00 0.00 0.00 0.00 0.00 
0.00 0.00 0.00 0.00 0.00 0.00 0.00 0.00 0.00 0.00 0.00 0.00 0.00 0.00 0.00 0.00 0.00 0.00 0.00 0.00 
0.00 0.00 0.00 0.00 0.00 0.00 0.00 0.00 0.00 0.00 0.00 0.00 0.00 0.00 0.00 0.00 0.00 0.00 0.00 0.00 
0.00 0.00 0.00 0.00 0.00 0.00 0.00 0.00 0.00 0.00 0.00 0.00 0.00 0.00 0.00 0.00 0.00 0.00 0.00 0.00 
0.00 0.00 0.00 0.00 0.00 0.00 0.00 0.00 0.00 0.00 0.00 0.00 0.00 0.00 0.00 0.00 0.00 0.00 0.00 0.00 
0.00 0.00 0.00 0.00 0.00 0.00 0.00 0.00 0.00 0.00 0.00 0.00 0.00 0.00 0.00 0.00 0.00 0.00 0.00 0.00 
0.00 0.00 0.00 0.00 0.00 0.00 0.00 0.00 0.00 0.00 0.00 0.00 0.00 0.00 0.00 0.00 0.00 0.00 0.00 0.00 
0.00 0.00 0.00 0.00 0.00 0.00 0.00 0.00 0.00 0.00 0.00 0.00 0.00 0.00 0.00 0.00 0.00 0.00 0.00 0.00 
0.00 0.00 0.00 0.00 0.00 0.00 0.00 0.00 0.00 0.00 0.00 0.00 0.00 0.00 0.00 0.00 0.00 0.00 0.00 0.00 
0.00 0.00 0.00 0.00 0.00 0.00 0.00 0.00 0.00 0.00 0.00 0.00 0.00 0.00 0.00 0.00 0.00 0.00 0.00 0.00 
0.00 0.00 0.00 0.00 0.00 0.00 0.00 0.00 0.00 0.00 0.00 0.00 0.00 0.00 0.00 0.00 0.00 0.00 0.00 0.00 
0.00 0.00 0.00 0.00 0.00 0.00 0.00 0.00 0.00 0.00 0.00 0.00 0.00 0.00 0.00 0.00 0.00 0.00 0.00 0.00 
0.00 0.00 0.00 0.00 0.00 0.00 0.00 0.00 0.00 0.00 0.00 0.00 0.00 0.00 0.00 0.00 0.00 0.00 0.00 0.00 
0.00 0.00 0.00 0.00 0.00 0.00 0.00 0.00 0.00 0.00 0.00 0.00 0.00 0.00 0.00 0.00 0.00 0.00 0.00 0.00 
0.00 0.00 0.00 0.00 0.00 0.00 0.00 0.00 0.00 0.00 0.00 0.00 0.00 0.00 0.00 0.00 0.00 0.00 0.00 0.00 
0.00 0.00 0.00 0.00 0.00 0.00 0.00 0.00 0.00 0.00 0.00 0.00 0.00 0.00 0.00 0.00 0.00 0.00 0.00 0.00 
0.00 0.00 0.00 0.00 0.00 0.00 0.00 0.00 0.00 0.00 0.00 0.00 0.00 0.00 0.00 0.00 0.00 0.00 0.00 0.00 
0.00 0.00 0.00 0.00 0.00 0.00 0.00 0.00 0.00 0.00 0.00 0.00 0.00 0.00 0.00 0.00 0.00 0.00 0.00 0.00 
0.00 0.00 0.00 0.00 0.00 0.00 0.00 0.00 0.00 0.00 0.00 0.00 0.00 0.00 0.00 0.00 0.00 0.00 0.00 0.00 
0.00 0.00 0.00 0.00 0.00 0.00 0.00 0.00 0.00 0.00 0.00 0.00 0.00 0.00 0.00 0.00 0.00 0.00 0.00 0.00 
0.00 0.00 0.00 0.00 0.00 0.00 0.00 0.00 0.00 0.00 0.00 0.00 0.00 0.00 0.00 0.00 0.00 0.00 0.00 0.00 
0.00 0.00 0.00 0.00 0.00 0.00 0.00 0.00 0.00 0.00 0.00 0.00 0.00 0.00 0.00 0.00 0.00 0.00 0.00 0.00 
0.00 0.00 0.00 0.00 0.00 0.00 0.00 0.00 0.00 0.00 0.00 0.00 0.00 0.00 0.00 0.00 0.00 0.00 0.00 0.00 
0.00 0.00 0.00 0.00 0.00 0.00 0.00 0.00 0.00 0.00 0.00 0.00 0.00 0.00 0.00 0.00 0.00 0.00 0.00 0.00 
0.00 0.00 0.00 0.00 0.00 0.00 0.00 0.00 0.00 0.00 0.00 0.00 0.00 0.00 0.00 0.00 0.00 0.00 0.00 0.00 
0.00 0.00 0.00 0.00 0.00 0.00 0.00 0.00 0.00 0.00 0.00 0.00 0.00 0.00 0.00 0.00 0.00 0.00 0.00 0.00 
0.00 0.00 0.00 0.00 0.00 0.00 0.00 0.00 0.00 0.00 0.00 0.00 0.00 0.00 0.00 0.00 0.00 0.00 0.00 0.00 
0.00 0.00 0.00 0.00 0.00 0.00 0.00 0.00 0.00 0.00 0.00 0.00 0.00 0.00 0.00 0.00 0.00 0.00 0.00 0.00 
0.00 0.00 0.00 0.00 0.00 0.00 0.00 0.00 0.00 0.00 0.00 0.00 0.00 0.00 0.00 0.00 0.00 0.00 0.00 0.00 
0.00 0.00 0.00 0.00 0.00 0.00 0.00 0.00 0.00 0.00 0.00 0.00 0.00 0.00 0.00 0.00 0.00 0.00 0.00 0.00 
0.00 0.00 0.00 0.00 0.00 0.00 0.00 0.00 0.00 0.00 0.00 0.00 0.00 0.00 0.00 0.00 0.00 0.00 0.00 0.00 
0.00 0.00 0.00 0.00 0.00 0.00 0.00 0.00 0.00 0.00 0.00 0.00 0.00 0.00 0.00 0.00 0.00 0.00 0.00 0.00 
0.00 0.00 0.00 0.00 0.00 0.00 0.00 0.00 0.00 0.00 0.00 0.00 0.00 0.00 0.00 0.00 0.00 0.00 0.00 0.00 
0.00 0.00 0.00 0.00 0.00 0.00 0.00 0.00 0.00 0.00 0.00 0.00 0.00 0.00 0.00 0.00 0.00 0.00 0.00 0.00 
0.00 0.00 0.00 0.00 0.00 0.00 0.00 0.00 0.00 0.00 0.00 0.00 0.00 0.00 0.00 0.00 0.00 0.00 0.00 0.00 
0.00 0.00 0.00 0.00 0.00 0.00 0.00 0.00 0.00 0.00 0.00 0.00 0.00 0.00 0.00 0.00 0.00 0.00 0.00 0.00 
0.00 0.00 0.00 0.00 0.00 0.00 0.00 0.00 0.00 0.00 0.00 0.00 0.00 0.00 0.00 0.00 0.00 0.00 0.00 0.00 
0.00 0.00 0.00 0.00 0.00 0.00 0.00 0.00 0.00 0.00 0.00 0.00 0.00 0.00 0.00 0.00 0.00 0.00 0.00 0.00 
0.00 0.00 0.00 0.00 0.00 0.00 0.00 0.00 0.00 0.00 0.00 0.00 0.00 0.00 0.00 0.00 0.00 0.00 0.00 0.00 
0.00 0.00 0.00 0.00 0.00 0.00 0.00 0.00 0.00 0.00 0.00 0.00 0.00 0.00 0.00 0.00 0.00 0.00 0.00 0.00 
0.00 0.00 0.00 0.00 0.00 0.00 0.00 0.00 0.00 0.00 0.00 0.00 0.00 0.00 0.00 0.00 0.00 0.00 0.00 0.00 
0.00 0.00 0.00 0.00 0.00 0.00 0.00 0.00 0.00 0.00 0.00 0.00 0.00 0.00 0.00 0.00 0.00 0.00 0.00 0.00 
0.00 0.00 0.00 0.00 0.00 0.00 0.00 0.00 0.00 0.00 0.00 0.00 0.00 0.00 0.00 0.00 0.00 0.00 0.00 0.00 
0.00 0.00 0.00 0.00 0.00 0.00 0.00 0.00 0.00 0.00 0.00 0.00 0.00 0.00 0.00 0.00 0.00 0.00 0.00 0.00 
0.00 0.00 0.00 0.00 0.00 0.00 0.00 0.00 0.00 0.00 0.00 0.00 0.00 0.00 0.00 0.00 0.00 0.00 0.00 0.00 
0.00 0.00 0.00 0.00 0.00 0.00 0.00 0.00 0.00 0.00 0.00 0.00 0.00 0.00 0.00 0.00 0.00 0.00 0.00 0.00 
0.00 0.00 0.00 0.00 0.00 0.00 0.00 0.00 0.00 0.00 0.00 0.00 0.00 0.00 0.00 0.00 0.00 0.00 0.00 0.00 
0.00 0.00 0.00 0.00 0.00 0.00 0.00 0.00 0.00 0.00 0.00 0.00 0.00 0.00 0.00 0.00 0.00 0.00 0.00 0.00 
0.00 0.00 0.00 0.00 0.00 0.00 0.00 0.00 0.00 0.00 0.00 0.00 0.00 0.00 0.00 0.00 0.00 0.00 0.00 0.00 
0.00 0.00 0.00 0.00 0.00 0.00 0.00 0.00 0.00 0.00 0.00 0.00 0.00 0.00 0.00 0.00 0.00 0.00 0.00 0.00 
0.00 0.00 0.00 0.00 0.00 0.00 0.00 0.00 0.00 0.00 0.00 0.00 0.00 0.00 0.00 0.00 0.00 0.00 0.00 0.00 
0.00 0.00 0.00 0.00 0.00 0.00 0.00 0.00 0.00 0.00 0.00 0.00 0.00 0.00 0.00 0.00 0.00 0.00 0.00 0.00 
0.00 0.00 0.00 0.00 0.00 0.00 0.00 0.00 0.00 0.00 0.00 0.00 0.00 0.00 0.00 0.00 0.00 0.00 0.00 0.00 
0.00 0.00 0.00 0.00 0.00 0.00 0.00 0.00 0.00 0.00 0.00 0.00 0.00 0.00 0.00 0.00 0.00 0.00 0.00 0.00 
0.00 0.00 0.00 0.00 0.00 0.00 0.00 0.00 0.00 0.00 0.00 0.00 0.00 0.00 0.00 0.00 0.00 0.00 0.00 0.00 
0.00 0.00 0.00 0.00 0.00 0.00 0.00 0.00 0.00 0.00 0.00 0.00 0.00 0.00 0.00 0.00 0.00 0.00 0.00 0.00 
0.00 0.00 0.00 0.00 0.00 0.00 0.00 0.00 0.00 0.00 0.00 0.00 0.00 0.00 0.00 0.00 0.00 0.00 0.00 0.00 
0.00 0.00 0.00 0.00 0.00 0.00 0.00 0.00 0.00 0.00 0.00 0.00 0.00 0.00 0.00 0.00 0.00 0.00 0.00 0.00 
0.00 0.00 0.00 0.00 0.00 0.00 0.00 0.00 0.00 0.00 0.00 0.00 0.00 0.00 0.00 0.00 0.00 0.00 0.00 0.00 
0.00 0.00 0.00 0.00 0.00 0.00 0.00 0.00 0.00 0.00 0.00 0.00 0.00 0.00 0.00 0.00 0.00 0.00 0.00 0.00 
0.00 0.00 0.00 0.00 0.00 0.00 0.00 0.00 0.00 0.00 0.00 0.00 0.00 0.00 0.00 0.00 0.00 0.00 0.00 0.00 
0.00 0.00 0.00 0.00 0.00 0.00 0.00 0.00 0.00 0.00 0.00 0.00 0.00 0.00 0.00 0.00 0.00 0.00 0.00 0.00 
0.00 0.00 0.00 0.00 0.00 0.00 0.00 0.00 0.00 0.00 0.00 0.00 0.00 0.00 0.00 0.00 0.00 0.00 0.00 0.00 
0.00 0.00 0.00 0.00 0.00 0.00 0.00 0.00 0.00 0.00 0.00 0.00 0.00 0.00 0.00 0.00 0.00 0.00 0.00 0.00 
0.00 0.00 0.00 0.00 0.00 0.00 0.00 0.00 0.00 0.00 0.00 0.00 0.00 0.00 0.00 0.00 0.00 0.00 0.00 0.00 
0.00 0.00 0.00 0.00 0.00 0.00 0.00 0.00 0.00 0.00 0.00 0.00 0.00 0.00 0.00 0.00 0.00 0.00 0.00 0.00 
0.00 0.00 0.00 0.00 0.00 0.00 0.00 0.00 0.00 0.00 0.00 0.00 0.00 0.00 0.00 0.00 0.00 0.00 0.00 0.00 
0.00 0.00 0.00 0.00 0.00 0.00 0.00 0.00 0.00 0.00 0.00 0.00 0.00 0.00 0.00 0.00 0.00 0.00 0.00 0.00 
0.00 0.00 0.00 0.00 0.00 0.00 0.00 0.00 0.00 0.00 0.00 0.00 0.00 0.00 0.00 0.00 0.00 0.00 0.00 0.00 
0.00 0.00 0.00 0.00 0.00 0.00 0.00 0.00 0.00 0.00 0.00 0.00 0.00 0.00 0.00 0.00 0.00 0.00 0.00 0.00 
0.00 0.00 0.00 0.00 0.00 0.00 0.00 0.00 0.00 0.00 0.00 0.00 0.00 0.00 0.00 0.00 0.00 0.00 0.00 0.00 
0.00 0.00 0.00 0.00 0.00 0.00 0.00 0.00 0.00 0.00 0.00 0.00 0.00 0.00 0.00 0.00 0.00 0.00 0.00 0.00 
0.00 0.00 0.00 0.00 0.00 0.00 0.00 0.00 0.00 0.00 0.00 0.00 0.00 0.00 0.00 0.00 0.00 0.00 0.00 0.00 
0.00 0.00 0.00 0.00 0.00 0.00 0.00 0.00 0.00 0.00 0.00 0.00 0.00 0.00 0.00 0.00 0.00 0.00 0.00 0.00 
0.00 0.00 0.00 0.00 0.00 0.00 0.00 0.00 0.00 0.00 0.00 0.00 0.00 0.00 0.00 0.00 0.00 0.00 0.00 0.00 
0.00 0.00 0.00 0.00 0.00 0.00 0.00 0.00 0.00 0.00 0.00 0.00 0.00 0.00 0.00 0.00 0.00 0.00 0.00 0.00 
0.00 0.00 0.00 0.00 0.00 0.00 0.00 0.00 0.00 0.00 0.00 0.00 0.00 0.00 0.00 0.00 0.00 0.00 0.00 0.00 
0.00 0.00 0.00 0.00 0.00 0.00 0.00 0.00 0.00 0.00 0.00 0.00 0.00 0.00 0.00 0.00 0.00 0.00 0.00 0.00 
0.00 0.00 0.00 0.00 0.00 0.00 0.00 0.00 0.00 0.00 0.00 0.00 0.00 0.00 0.00 0.00 0.00 0.00 0.00 0.00 
0.00 0.00 0.00 0.00 0.00 0.00 0.00 0.00 0.00 0.00 0.00 0.00 0.00 0.00 0.00 0.00 0.00 0.00 0.00 0.00 
0.00 0.00 0.00 0.00 0.00 0.00 0.00 0.00 0.00 0.00 0.00 0.00 0.00 0.00 0.00 0.00 0.00 0.00 0.00 0.00 
0.00 0.00 0.00 0.00 0.00 0.00 0.00 0.00 0.00 0.00 0.00 0.00 0.00 0.00 0.00 0.00 0.00 0.00 0.00 0.00 
0.00 0.00 0.00 0.00 0.00 0.00 0.00 0.00 0.00 0.00 0.00 0.00 0.00 0.00 0.00 0.00 0.00 0.00 0.00 0.00 
end   dump: w
==END   DUMP_ARRAYS==
==BEGIN DUMP_ARRAYS==
begin dump: w
1782.30 53440480.00 58786064.00 67750976.00 77464096.00 87674056.00 97977560.00 108457472.00 118856304.00 129529448.00 139972544.00 150701232.00 161259616.00 171967104.00 182587008.00 193178128.00 203607440.00 214532512.00 225131376.00 235797344.00 
246226912.00 257198192.00 267883088.00 278628544.00 289082784.00 299493248.00 310584160.00 321178208.00 331870976.00 342729984.00 353144192.00 363906464.00 374436736.00 385328512.00 396045632.00 406624288.00 417351968.00 428019136.00 438769280.00 449492000.00 
459534944.00 470836256.00 481526368.00 492115744.00 502879040.00 513553312.00 524331872.00 534976320.00 545438720.00 556408256.00 566293824.00 577715520.00 588413056.00 599151360.00 609706112.00 620451520.00 631094592.00 641865984.00 652633088.00 663338496.00 
673658816.00 684675136.00 695284416.00 706186688.00 716527744.00 727406656.00 738147392.00 748857856.00 759467840.00 770576576.00 780776192.00 791549376.00 802203520.00 813040000.00 823494400.00 834012032.00 845038464.00 855955648.00 866462784.00 877165888.00 
886578304.00 898553280.00 909222784.00 919905728.00 930592448.00 941233472.00 951942464.00 963158016.00 973300736.00 984130048.00 994629952.00 1005719936.00 1016153856.00 1026641024.00 1037532864.00 1048111872.00 1058726912.00 1069669184.00 1080328832.00 1090944512.00 
1100146560.00 1112364160.00 1123080448.00 1133786624.00 1144390272.00 1155050112.00 1165924096.00 1176621440.00 1187198848.00 1197960064.00 1208520576.00 1219085056.00 1229853312.00 1240806144.00 1251440256.00 1262101120.00 1272821376.00 1283496320.00 1294319104.00 1304927488.00 
1314994560.00 1326315776.00 1337015168.00 1347662848.00 1358310272.00 1367059328.00 1379840256.00 1390654464.00 1400964992.00 1411553280.00 1422433536.00 1433232640.00 1443907840.00 1454531456.00 1465396864.00 1476001024.00 1486643200.00 1497565184.00 1508281856.00 1518865024.00 
1529224192.00 1540198784.00 1550841600.00 1561986176.00 1572096640.00 1582965632.00 1593697152.00 1604361728.00 1614955904.00 1625801088.00 1635693056.00 1647210752.00 1657741952.00 1668461312.00 1679637376.00 1689930496.00 1700616832.00 1711402368.00 1722080000.00 1732751232.00 
1742164224.00 1754128512.00 1764775040.00 1775511680.00 1786181888.00 1796820864.00 1807489280.00 1818518528.00 1828923520.00 1839572224.00 1850239232.00 1861053440.00 1871715456.00 1882468864.00 1893363456.00 1903469696.00 1914303616.00 1925325696.00 1935911808.00 1946604800.00 
1956993024.00 1967969664.00 1979188608.00 1989440128.00 2000043136.00 2010765568.00 2021392256.00 2032209792.00 2042815616.00 2053606400.00 2064110464.00 2074996608.00 2085441920.00 2096391936.00 2107055360.00 2117655424.00 2128371200.00 2139133312.00 2149763840.00 2160421632.00 
2168036864.00 2181998848.00 2192623872.00 2203340032.00 2213948928.00 2224625920.00 2235404032.00 2246217472.00 2256557312.00 2267532288.00 2278010624.00 2288935168.00 2299535360.00 2310274560.00 2320934656.00 2331592448.00 2342236416.00 2353059584.00 2363705088.00 2374421248.00 
2384792320.00 2395795200.00 2405938432.00 2417405184.00 2427741696.00 2438281472.00 2449345280.00 2460027136.00 2470658304.00 2481348096.00 2491955712.00 2502832640.00 2513397248.00 2524094464.00 2534841600.00 2545409792.00 2556262912.00 2566971648.00 2577603072.00 2588409344.00 
2597789184.00 2609775104.00 2620429824.00 2631220224.00 2641833216.00 2652479744.00 2663194112.00 2673893888.00 2684447232.00 2695203072.00 2702058240.00 2716835584.00 2727417344.00 2738112768.00 2748876288.00 2759435264.00 2769952256.00 2780890880.00 2791403264.00 2802340096.00 
2812649728.00 2823807744.00 2834339328.00 2845033472.00 2855622400.00 2866349056.00 2877060608.00 2887945472.00 2898476544.00 2909177088.00 2919760384.00 2930613760.00 2941049856.00 2952077312.00 2962739456.00 2972995328.00 2984112896.00 2994797568.00 3005473024.00 3016085760.00 
3026222592.00 3037601536.00 3048197632.00 3058873856.00 3069490176.00 3079998720.00 3091774208.00 3101935616.00 3112265216.00 3123182592.00 3133723648.00 3144563712.00 3155198464.00 3165987584.00 3176536064.00 3187223296.00 3197863168.00 3208694784.00 3219406592.00 3230050816.00 
3239191040.00 3251471872.00 3262183424.00 3272555776.00 3283317504.00 3294156800.00 3304894208.00 3315579648.00 3326488832.00 3337073408.00 3347595008.00 3358391040.00 3368999168.00 3379874816.00 3390509312.00 3401134848.00 3411984128.00 3422586880.00 3433276416.00 3443977216.00 
3453416704.00 3465496832.00 3476049920.00 3486793216.00 3497394176.00 3507761408.00 3518836480.00 3529561344.00 3540110336.00 3550863104.00 3561423104.00 3572212224.00 3582778880.00 3592848640.00 3604845824.00 3615226880.00 3625675520.00 3636594688.00 3647180544.00 3658113536.00 
3668322048.00 3679313152.00 3689986560.00 3700748032.00 3711274496.00 3722086912.00 3732766720.00 3743456512.00 3754226432.00 3764934400.00 3774767872.00 3786264576.00 3796680960.00 3808253184.00 3818373376.00 3828976640.00 3839684352.00 3850361600.00 3861103616.00 3872058624.00 
3881874944.00 3893186304.00 3903852032.00 3914467840.00 3925469696.00 3935977728.00 3946667008.00 3957414400.00 3967836416.00 3978737664.00 3989294592.00 4000167424.00 4010747904.00 4021552640.00 4032224256.00 4040920320.00 4053559808.00 4064361216.00 4075005952.00 4085732864.00 
4096096256.00 4107598336.00 4117753856.00 4128707840.00 4138941184.00 4149842688.00 4160633600.00 4171164672.00 4181892864.00 4192729344.00 4203185920.00 4214053888.00 4224609024.00 4235427840.00 4246115328.00 4256708608.00 4267393280.00 4278091264.00 4288711424.00 4299200000.00 
4303925760.00 4321439744.00 4331900928.00 4342571008.00 4353153024.00 4363805184.00 4374510080.00 4385240064.00 4395807744.00 4406585856.00 4417161216.00 4428042240.00 4438678528.00 4449371136.00 4460120064.00 4470687744.00 4481217536.00 4492206592.00 4502853120.00 4513551360.00 
4523930112.00 4534403584.00 4545605120.00 4556297728.00 4566883840.00 4577328128.00 4588393472.00 4599113728.00 4609683968.00 4620591104.00 4631075328.00 4641887232.00 4652350464.00 4663377920.00 4673961472.00 4684684288.00 4695325184.00 4706073088.00 4716725248.00 4727192576.00 
4737505792.00 4748820480.00 4759496192.00 4770176000.00 4780606976.00 4791794176.00 4802384896.00 4813044224.00 4823493120.00 4834621952.00 4844337664.00 4855838720.00 4866468864.00 4877219840.00 4887861760.00 4898555392.00 4909154304.00 4919912448.00 4930613248.00 4941187072.00 
4951723520.00 4962656256.00 4973544448.00 4984185856.00 4994616320.00 5005437952.00 5016174080.00 5026913280.00 5037528576.00 5048291328.00 5058817536.00 5069773824.00 5080306688.00 5091106304.00 5101798400.00 5112094720.00 5123018240.00 5133888000.00 5144564224.00 5155254784.00 
5164690432.00 5176535040.00 5187332096.00 5198079488.00 5208681984.00 5219407872.00 5230127104.00 5240822784.00 5251401728.00 5262237184.00 5272739328.00 5283554304.00 5294205952.00 5304947712.00 5315601408.00 5326203392.00 5336719360.00 5347589632.00 5358163968.00 5368527872.00 
5371877888.00 5391219200.00 5401586688.00 5412228096.00 5422693888.00 5433409536.00 5444079616.00 5454794752.00 5465501184.00 5476189184.00 5486750208.00 5497577472.00 5508030464.00 5518987776.00 5529625088.00 5540275200.00 5550919680.00 5561669120.00 5572423168.00 5583158272.00 
5593186816.00 5604423168.00 5615252480.00 5625861120.00 5636558848.00 5646887936.00 5657889792.00 5668713984.00 5679129088.00 5690041856.00 5700607488.00 5711459840.00 5722083328.00 5732709888.00 5743577088.00 5754180096.00 5764807168.00 5775621632.00 5786262528.00 5796969472.00 
5807399424.00 5818434048.00 5829082624.00 5839773696.00 5850207232.00 5860940288.00 5872012288.00 5882533376.00 5893261824.00 5903791104.00 5913884160.00 5925317632.00 5935976960.00 5946770944.00 5957432832.00 5968030720.00 5978839040.00 5989562368.00 6000184832.00 6010859520.00 
6020340736.00 6032352256.00 6042993664.00 6053711360.00 6064290304.00 6074993664.00 6085668352.00 6096435712.00 6107025920.00 6117805056.00 6128293888.00 6138766848.00 6150276608.00 6160769536.00 6171419648.00 6181705216.00 6192537088.00 6203514880.00 6214148608.00 6224968704.00 
6235228672.00 6246204416.00 6256894464.00 6267603456.00 6278213120.00 6288931328.00 6299692032.00 6310385152.00 6320896000.00 6331830784.00 6342328832.00 6353223680.00 6363621888.00 6374568448.00 6385249792.00 6395878912.00 6406595584.00 6417184768.00 6427979776.00 6438642176.00 
6446226944.00 6460223488.00 6470849536.00 6481534464.00 6492189184.00 6502850048.00 6513447424.00 6524264960.00 6534743552.00 6545750528.00 6556232704.00 6567027200.00 6577719296.00 6588455424.00 6599112192.00 6609648128.00 6620532224.00 6631232512.00 6641942528.00 6652536832.00 
6663026176.00 6674024960.00 6684686848.00 6695457792.00 6705838592.00 6714804736.00 6727529984.00 6738203136.00 6748849664.00 6759591936.00 6770136576.00 6780937728.00 6791625216.00 6802399744.00 6813015040.00 6823709184.00 6834359808.00 6845154816.00 6855836672.00 6866504704.00 
6875966464.00 6887882240.00 6898651648.00 6909393920.00 6919925248.00 6930561024.00 6941383680.00 6951939584.00 6962674176.00 6973426176.00 6983373824.00 6994829312.00 7005480448.00 7016168960.00 7026929152.00 7037534720.00 7048056832.00 7058944000.00 7069644288.00 7080308736.00 
7090698240.00 7101638656.00 7112310272.00 7122967040.00 7133416448.00 7143863808.00 7153562112.00 7169584128.00 7177559552.00 7187908608.00 7198326784.00 7209088000.00 7219476992.00 7230386176.00 7241041920.00 7251347968.00 7262341632.00 7273102848.00 7283844096.00 7294449664.00 
7304527360.00 7315832320.00 7326546944.00 7337297920.00 7347842048.00 7358554624.00 7369310720.00 7379966976.00 7390456320.00 7401408000.00 7411953152.00 7422794240.00 7433372672.00 7444165120.00 7454849024.00 7465460224.00 7476160512.00 7487002624.00 7497635840.00 7508281856.00 
7517431296.00 7529692672.00 7540411392.00 7551113728.00 7561541632.00 7572395008.00 7583463424.00 7593890816.00 7604526592.00 7615307264.00 7625831936.00 7636631040.00 7647237120.00 7658015232.00 7668553728.00 7679433216.00 7690075648.00 7701018112.00 7711621632.00 7722211840.00 
7731648512.00 7743589888.00 7754272768.00 7764956160.00 7775620096.00 7785981440.00 7797007360.00 7807471616.00 7818472960.00 7829222400.00 7839732224.00 7850573824.00 7861224960.00 7871938560.00 7882638336.00 7893274624.00 7903777792.00 7914910208.00 7925408768.00 7936078848.00 
7946499584.00 7957539840.00 7968218624.00 7978922496.00 7989455872.00 8000185344.00 8010940416.00 8021763072.00 8032272384.00 8042900992.00 8049794560.00 8064615936.00 8074988032.00 8085916672.00 8096552960.00 8107203584.00 8117904896.00 8128669184.00 8139332608.00 8150049280.00 
8160102400.00 8171415552.00 8182337024.00 8192773632.00 8203441664.00 8214157824.00 8224971776.00 8235580928.00 8246010880.00 8256716800.00 8267593216.00 8278415360.00 8289065984.00 8299720704.00 8310410752.00 8320780288.00 8331727872.00 8342534144.00 8353363456.00 8363958272.00 
8374322176.00 8385333248.00 8395979776.00 8406756352.00 8417168896.00 8428024320.00 8438819328.00 8449477120.00 8460201472.00 8470957056.00 8481417216.00 8492283904.00 8502834688.00 8513610752.00 8524295168.00 8534931968.00 8545620480.00 8556394496.00 8566938112.00 8577432576.00 
8582139392.00 8599664640.00 8610128896.00 8620749824.00 8631371776.00 8642031616.00 8652817408.00 8663298048.00 8674028544.00 8684942336.00 8695388160.00 8706266112.00 8716834816.00 8727564288.00 8738298880.00 8748996608.00 8759436288.00 8770392064.00 8780953600.00 8791775232.00 
8802154496.00 8813138944.00 8823829504.00 8834485248.00 8845200384.00 8855559168.00 8866574336.00 8877286400.00 8887994368.00 8898683904.00 8909251584.00 8920115200.00 8930523136.00 8941306880.00 8952269824.00 8962863104.00 8973555712.00 8984241152.00 8994984960.00 9005680640.00 
9015736320.00 9027052544.00 9037470720.00 9048481792.00 9059090432.00 9069761536.00 9080423424.00 9091222528.00 9101674496.00 9112604672.00 9122525184.00 9133952000.00 9144637440.00 9155381248.00 9166040064.00 9176642560.00 9187216384.00 9196679168.00 9209103360.00 9219672064.00 
9230033920.00 9241011200.00 9251648512.00 9262369792.00 9272840192.00 9283746816.00 9294474240.00 9305210880.00 9315834880.00 9326526464.00 9337124864.00 9348012032.00 9358526464.00 9369278464.00 9379977216.00 9388676096.00 9401365504.00 9412066304.00 9422657536.00 9433487360.00 
9442911232.00 9454882816.00 9465554944.00 9476249600.00 9486905344.00 9497577472.00 9508316160.00 9519004672.00 9529515008.00 9541628928.00 9551099904.00 9561919488.00 9572510720.00 9583254528.00 9593900032.00 9604569088.00 9615067136.00 9626017792.00 9636768768.00 9647392768.00 
9656512512.00 9668802560.00 9679546368.00 9690144768.00 9700751360.00 9711508480.00 9722283008.00 9732979712.00 9743538176.00 9753393152.00 9764986880.00 9775823872.00 9786204160.00 9797032960.00 9807796224.00 9818458112.00 9829146624.00 9839975424.00 9850506240.00 9861382144.00 
9871360000.00 9882645504.00 9893343232.00 9903282176.00 9914784768.00 9925112832.00 9936201728.00 9946883072.00 9957311488.00 9968267264.00 9978790912.00 9989560320.00 10000248832.00 10010885120.00 10021755904.00 10032358400.00 10042992640.00 10053794816.00 10064493568.00 10075190272.00 
10085586944.00 10096396288.00 10107296768.00 10117942272.00 10128436224.00 10139297792.00 10150061056.00 10160712704.00 10171446272.00 10182151168.00 10192065536.00 10203545600.00 10214078464.00 10224953344.00 10235617280.00 10246260736.00 10256940032.00 10267748352.00 10278400000.00 10289106944.00 
10298527744.00 10310453248.00 10321106944.00 10332253184.00 10342512640.00 10353172480.00 10363976704.00 10374589440.00 10385248256.00 10396061696.00 10406592512.00 10417390592.00 10428075008.00 10439067648.00 10449462272.00 10459792384.00 10470638592.00 10481548288.00 10492246016.00 10502944768.00 
10513325056.00 10524308480.00 10535006208.00 10545651712.00 10556263424.00 10566980608.00 10577753088.00 10588313600.00 10599076864.00 10609683456.00 10620289024.00 10631201792.00 10641538048.00 10652365824.00 10663026688.00 10673582080.00 10684168192.00 10694729728.00 10704923648.00 10714289152.00 
10711561216.00 10741042176.00 10750363648.00 10760596480.00 10771057664.00 10781612032.00 10792266752.00 10802963456.00 10813298688.00 10824128512.00 10834741248.00 10845640704.00 10856151040.00 10867006464.00 10877545472.00 10888209408.00 10898840576.00 10909677568.00 10920288256.00 10931016704.00 
10941378560.00 10952379392.00 10963037184.00 10973776896.00 10984199168.00 10994778112.00 11005830144.00 11016267776.00 11027147776.00 11037940736.00 11048436736.00 11059271680.00 11069855744.00 11080725504.00 11091321856.00 11102022656.00 11112721408.00 11123069952.00 11134183424.00 11144869888.00 
11154262016.00 11166222336.00 11176882176.00 11187579904.00 11198271488.00 11208926208.00 11219675136.00 11230365696.00 11241025536.00 11251776512.00 11261685760.00 11273179136.00 11283783680.00 11294599168.00 11305232384.00 11315890176.00 11326403584.00 11337370624.00 11348001792.00 11358920704.00 
11369128960.00 11380126720.00 11390794752.00 11401525248.00 11412105216.00 11422828544.00 11433526272.00 11444422656.00 11454972928.00 11465760768.00 11476247552.00 11487058944.00 11497525248.00 11508427776.00 11519095808.00 11529446400.00 11540441088.00 11552049152.00 11561948160.00 11572669440.00 
11582703616.00 11593940992.00 11604783104.00 11615346688.00 11626087424.00 11636743168.00 11647489024.00 11658272768.00 11668636672.00 11679508480.00 11690048512.00 11701923840.00 11711689728.00 11722335232.00 11733010432.00 11743683584.00 11754349568.00 11765178368.00 11775744000.00 11786515456.00 
11795632128.00 11807937536.00 11818516480.00 11829296128.00 11839774720.00 11850625024.00 11861386240.00 11872063488.00 11882701824.00 11893412864.00 11903936512.00 11913709568.00 11925602304.00 11936316416.00 11946977280.00 11957617664.00 11968322560.00 11979065344.00 11989731328.00 12000435200.00 
12009867264.00 12021832704.00 12032631808.00 12043257856.00 12053867520.00 12062646272.00 12075323392.00 12086047744.00 12096579584.00 12107327488.00 12117907456.00 12128795648.00 12139397120.00 12150118400.00 12160812032.00 12171448320.00 12182003712.00 12192955392.00 12203656192.00 12214309888.00 
12224674816.00 12235650048.00 12246198272.00 12258639872.00 12267882496.00 12278561792.00 12289254400.00 12299935744.00 12310581248.00 12321381376.00 12331232256.00 12342730752.00 12353161216.00 12364090368.00 12374864896.00 12385428480.00 12396124160.00 12406843392.00 12417819648.00 12428268544.00 
12438337536.00 12449641472.00 12460310528.00 12471084032.00 12481673216.00 12492331008.00 12503022592.00 12514022400.00 12524314624.00 12535208960.00 12545781760.00 12556635136.00 12567232512.00 12578033664.00 12588708864.00 12598994944.00 12609895424.00 12620833792.00 12631452672.00 12642180096.00 
12652541952.00 12663541760.00 12674339840.00 12684936192.00 12695398400.00 12706205696.00 12716982272.00 12727764992.00 12738393088.00 12749054976.00 12759645184.00 12770378752.00 12781064192.00 12792025088.00 12802469888.00 12813165568.00 12823849984.00 12834582528.00 12845163520.00 12855658496.00 
12860362752.00 12877886464.00 12888347648.00 12898924544.00 12909597696.00 12920260608.00 12931004416.00 12941723648.00 12952273920.00 12963043328.00 12973616128.00 12984380416.00 12995033088.00 13005847552.00 13016472576.00 13027174400.00 13037679616.00 13048560640.00 13059304448.00 13069982720.00 
13080375296.00 13091374080.00 13101930496.00 13112787968.00 13123377152.00 13133756416.00 13144889344.00 13155591168.00 13166166016.00 13176905728.00 13187440640.00 13198607360.00 13208832000.00 13219733504.00 13230316544.00 13241048064.00 13251788800.00 13262545920.00 13272961024.00 13283909632.00 
13293972480.00 13305287680.00 13315951616.00 13326657536.00 13337319424.00 13347977216.00 13358730240.00 13369400320.00 13379851264.00 13390707712.00 13397558272.00 13412422656.00 13422951424.00 13433554944.00 13444349952.00 13455010816.00 13465637888.00 13476406272.00 13487084544.00 13497791488.00 
13508211712.00 13519239168.00 13529883648.00 13540415488.00 13551071232.00 13561922560.00 13572653056.00 13583393792.00 13594011648.00 13604743168.00 13615294464.00 13626113024.00 13636623360.00 13647847424.00 13658290176.00 13668570112.00 13679613952.00 13690369024.00 13701025792.00 13711730688.00 
13721144320.00 13733117952.00 13743669248.00 13754308608.00 13765148672.00 13775761408.00 13786742784.00 13797312512.00 13807856640.00 13818688512.00 13829199872.00 13840022528.00 13850693632.00 13861432320.00 13871830016.00 13882809344.00 13893296128.00 13904207872.00 13914880000.00 13925640192.00 
13934721024.00 13947049984.00 13957658624.00 13968324608.00 13978934272.00 13989736448.00 14000429056.00 14011159552.00 14021856256.00 14032528384.00 14043078656.00 14053917696.00 14064393216.00 14075355136.00 14085985280.00 14096626688.00 14107383808.00 14118034432.00 14128742400.00 14139486208.00 
14149547008.00 14160876544.00 14171441152.00 14182222848.00 14192883712.00 14203192320.00 14214252544.00 14224943104.00 14235370496.00 14246238208.00 14256704512.00 14267410432.00 14277656576.00 14285742080.00 14301724672.00 14311336960.00 14321676288.00 14332365824.00 14342976512.00 14353679360.00 
14364009472.00 14375018496.00 14385637376.00 14396383232.00 14406780928.00 14417654784.00 14428365824.00 14439154688.00 14449752064.00 14460496896.00 14470373376.00 14481897472.00 14492432384.00 14503386112.00 14513908736.00 14524634112.00 14535305216.00 14545922048.00 14556651520.00 14567450624.00 
14576819200.00 14588815360.00 14599455744.00 14610178048.00 14620876800.00 14631472128.00 14642275328.00 14652914688.00 14663468032.00 14674388992.00 14684891136.00 14695732224.00 14706378752.00 14717123584.00 14727766016.00 14736508928.00 14749009920.00 14759859200.00 14770612224.00 14781303808.00 
14791689216.00 14802795520.00 14813355008.00 14824081408.00 14834576384.00 14845543424.00 14856167424.00 14866870272.00 14877506560.00 14888302592.00 14898806784.00 14909572096.00 14920094720.00 14931064832.00 14941840384.00 14952345600.00 14963048448.00 14973803520.00 14984445952.00 14995095552.00 
15002685440.00 15016676352.00 15027302400.00 15038136320.00 15048641536.00 15059313664.00 15070048256.00 15080755200.00 15091218432.00 15102093312.00 15112706048.00 15123494912.00 15134329856.00 15144936448.00 15155598336.00 15166268416.00 15176888320.00 15187723264.00 15198390272.00 15209111552.00 
15219480576.00 15230357504.00 15241138176.00 15251813376.00 15262299136.00 15272847360.00 15283869696.00 15294552064.00 15304943616.00 15316551680.00 15326751744.00 15337518080.00 15348062208.00 15358883840.00 15369628672.00 15380190208.00 15390941184.00 15401617408.00 15412299776.00 15422957568.00 
15432458240.00 15444468736.00 15455109120.00 15465756672.00 15476383744.00 15487177728.00 15497853952.00 15508558848.00 15519124480.00 15530014720.00 15539877888.00 15551526912.00 15561970688.00 15572786176.00 15583273984.00 15594257408.00 15604636672.00 15615550464.00 15626220544.00 15636885504.00 
15647321088.00 15658357760.00 15669026816.00 15679703040.00 15690281984.00 15701012480.00 15711702016.00 15722613760.00 15733137408.00 15743853568.00 15754416128.00 15765281792.00 15775716352.00 15786614784.00 15797402624.00 15807661056.00 15818670080.00 15829459968.00 15840041984.00 15850904576.00 
15860871168.00 15872159744.00 15882868736.00 15893643264.00 15904305152.00 15914918912.00 15925662720.00 15936332800.00 15946810368.00 15957750784.00 15968280576.00 15979123712.00 15989721088.00 16000519168.00 16011218944.00 16021798912.00 16032401408.00 16043092992.00 16053709824.00 16064103424.00 
16067406848.00 16086799360.00 16097115136.00 16107731968.00 16118130688.00 16128991232.00 16139692032.00 16150359040.00 16161028096.00 16171769856.00 16182300672.00 16193091584.00 16203687936.00 16214501376.00 16225152000.00 16235792384.00 16246543360.00 16257230848.00 16267967488.00 16278788096.00 
16288108544.00 16300055552.00 16310748160.00 16321433600.00 16332205056.00 16342448128.00 16353484800.00 16364213248.00 16374787072.00 16385548288.00 16396219392.00 16407036928.00 16417693696.00 16428409856.00 16439114752.00 16449760256.00 16460227584.00 16471127040.00 16481740800.00 16492676096.00 
16502993920.00 16514131968.00 16524692480.00 16535393280.00 16545937408.00 16556646400.00 16567414784.00 16578101248.00 16588751872.00 16599482368.00 16609425408.00 16620703744.00 16631356416.00 16642276352.00 16652912640.00 16663391232.00 16674630656.00 16685143040.00 16695803904.00 16706510848.00 
16716568576.00 16728141824.00 16738572288.00 16749249536.00 16759886848.00 16770507776.00 16781318144.00 16791933952.00 16802505728.00 16813445120.00 16823962624.00 16834739200.00 16845559808.00 16856222720.00 16866902016.00 16877222912.00 16888218624.00 16899015680.00 16909685760.00 16920919040.00 
16930785280.00 16941777920.00 16952444928.00 16963126272.00 16973620224.00 16984496128.00 16995184640.00 17005957120.00 17016548352.00 17027271680.00 17037872128.00 17048728576.00 17059292160.00 17070077952.00 17080775680.00 17091386368.00 17102066688.00 17112742912.00 17123398656.00 17133874176.00 
17138589696.00 17156119552.00 17166577664.00 17177248768.00 17187837952.00 17198485504.00 17209190400.00 17219901440.00 17230501888.00 17241268224.00 17251850240.00 17262600192.00 17273315328.00 17284159488.00 17294657536.00 17305346048.00 17315899392.00 17326618624.00 17337540608.00 17347723264.00 
17358630912.00 17369579520.00 17380282368.00 17390960640.00 17401532416.00 17410402304.00 17423065088.00 17433772032.00 17444470784.00 17455157248.00 17465735168.00 17476597760.00 17486993408.00 17497915392.00 17508628480.00 17519210496.00 17529757696.00 17540849664.00 17551431680.00 17562146816.00 
17572196352.00 17583261696.00 17594185728.00 17604941824.00 17615540224.00 17626208256.00 17636917248.00 17647071232.00 17658165248.00 17669050368.00 17678993408.00 17690394624.00 17700984832.00 17711867904.00 17722523648.00 17733117952.00 17743822848.00 17754560512.00 17765292032.00 17776003072.00 
17786380288.00 17797212160.00 17808119808.00 17818716160.00 17829152768.00 17839962112.00 17850449920.00 17862481920.00 17872445440.00 17883103232.00 17893619712.00 17904459776.00 17914982400.00 17925787648.00 17936451584.00 17946781696.00 17957834752.00 17968525312.00 17979232256.00 17989822464.00 
17999360000.00 18011351040.00 18022014976.00 18032730112.00 18043234304.00 18054057984.00 18064785408.00 18075449344.00 18086094848.00 18096941056.00 18107430912.00 18118246400.00 18128734208.00 18139742208.00 18150395904.00 18161016832.00 18171523072.00 18182776832.00 18193113088.00 18203856896.00 
18212943872.00 18225268736.00 18235887616.00 18246637568.00 18257219584.00 18267975680.00 18278748160.00 18289328128.00 18300033024.00 18310748160.00 18321307648.00 18332139520.00 18342576128.00 18353383424.00 18363512832.00 18375198720.00 18385741824.00 18396448768.00 18407100416.00 18417723392.00 
18427850752.00 18439239680.00 18449819648.00 18460514304.00 18471104512.00 18481557504.00 18492559360.00 18503233536.00 18513790976.00 18524706816.00 18535262208.00 18546147328.00 18556739584.00 18567376896.00 18578227200.00 18588844032.00 18599491584.00 18610307072.00 18620962816.00 18631522304.00 
18642059264.00 18652987392.00 18663895040.00 18674440192.00 18684880896.00 18695749632.00 18706411520.00 18717218816.00 18727831552.00 18738481152.00 18745300992.00 18760124416.00 18770649088.00 18781421568.00 18792110080.00 18802706432.00 18813388800.00 18824093696.00 18834860032.00 18845530112.00 
18854998016.00 18866911232.00 18877685760.00 18888353792.00 18898962432.00 18909782016.00 18920456192.00 18931226624.00 18941700096.00 18952484864.00 18963066880.00 18973978624.00 18984564736.00 18995279872.00 19005956096.00 19016280064.00 19027101696.00 19037929472.00 19049373696.00 19059519488.00 
19069923328.00 19080904704.00 19091572736.00 19102251008.00 19112857600.00 19123597312.00 19134355456.00 19145025536.00 19155681280.00 19166390272.00 19177023488.00 19187777536.00 19198285824.00 19209095168.00 19219879936.00 19230578688.00 19241252864.00 19251978240.00 19262674944.00 19273318400.00 
19280871424.00 19294900224.00 19305535488.00 19316207616.00 19326842880.00 19337553920.00 19348219904.00 19358930944.00 19369400320.00 19380340736.00 19390924800.00 19401715712.00 19412408320.00 19423113216.00 19433893888.00 19444436992.00 19455045632.00 19465893888.00 19476105216.00 19487358976.00 
19497719808.00 19508725760.00 19519379456.00 19530002432.00 19540535296.00 19551084544.00 19561912320.00 19572858880.00 19583516672.00 19594266624.00 19604797440.00 19615752192.00 19626174464.00 19636809728.00 19647805440.00 19658375168.00 19669030912.00 19679807488.00 19690516480.00 19701186560.00 
19710627840.00 19722577920.00 19733207040.00 19743922176.00 19754604544.00 19765270528.00 19775660032.00 19786862592.00 19797350400.00 19808110592.00 19818061824.00 19829532672.00 19840290816.00 19850946560.00 19861594112.00 19872227328.00 19882749952.00 19893336064.00 19904460800.00 19915137024.00 
19925491712.00 19936460800.00 19946999808.00 19957741568.00 19968448512.00 19979177984.00 19989874688.00 20000800768.00 20011317248.00 20022087680.00 20032591872.00 20043773952.00 20053876736.00 20064659456.00 20075448320.00 20084258816.00 20096903168.00 20107661312.00 20118261760.00 20129003520.00 
20139081728.00 20150401024.00 20160962560.00 20171831296.00 20182403072.00 20193105920.00 20203849728.00 20214511616.00 20224974848.00 20236236800.00 20246521856.00 20257355776.00 20268023808.00 20278697984.00 20289355776.00 20300148736.00 20310704128.00 20321531904.00 20332210176.00 20342949888.00 
20352008192.00 20364378112.00 20374964224.00 20385660928.00 20396105728.00 20407085056.00 20417748992.00 20428687360.00 20439072768.00 20449603584.00 20460408832.00 20471191552.00 20481787904.00 20492146688.00 20503355392.00 20513972224.00 20524625920.00 20535410688.00 20546070528.00 20556754944.00 
20566216704.00 20578142208.00 20588822528.00 20599375872.00 20610187264.00 20620550144.00 20631803904.00 20642293760.00 20652890112.00 20663771136.00 20674263040.00 20684740608.00 20695758848.00 20706480128.00 20717135872.00 20727795712.00 20738312192.00 20749131776.00 20760025088.00 20770646016.00 
20781045760.00 20791984128.00 20802662400.00 20813453312.00 20824014848.00 20834760704.00 20845606912.00 20856168448.00 20866813952.00 20877602816.00 20887478272.00 20898904064.00 20909402112.00 20920348672.00 20930965504.00 20941635584.00 20952340480.00 20963203072.00 20973766656.00 20984500224.00 
20994529280.00 21005817856.00 21016532992.00 21027301376.00 21037893632.00 21048567808.00 21059239936.00 21069993984.00 21080399872.00 21091426304.00 21101881344.00 21112584192.00 21123373056.00 21134149632.00 21144715264.00 21155059712.00 21166010368.00 21176694784.00 21187409920.00 21198123008.00 
21208479744.00 21219528704.00 21230157824.00 21240793088.00 21251223552.00 21262012416.00 21272711168.00 21283354624.00 21293959168.00 21304625152.00 21315072000.00 21325807616.00 21336236032.00 21346867200.00 21357316096.00 21367511040.00 21377781760.00 21387560960.00 21396514816.00 21401882624.00 
end   dump: w
==END   DUMP_ARRAYS==
Time in seconds = 0.055976
Sender: LSF System <lsfadmin@polus-c4-ib.bmc.hpc.cs.msu.ru>
Subject: Job 493915: <./large.o> in cluster <MSUCluster> Done

Job <./large.o> was submitted from host <polus-ib.bmc.hpc.cs.msu.ru> by user <edu-cmc-skpod19-328-11> in cluster <MSUCluster> at Fri Nov 29 23:39:31 2019
Job was executed on host(s) <11*polus-c4-ib.bmc.hpc.cs.msu.ru>, in queue <short>, as user <edu-cmc-skpod19-328-11> in cluster <MSUCluster> at Fri Nov 29 23:40:32 2019
                            <1*polus-c2-ib.bmc.hpc.cs.msu.ru>
</home_edu/edu-cmc-skpod19-328/edu-cmc-skpod19-328-11> was used as the home directory.
</home_edu/edu-cmc-skpod19-328/edu-cmc-skpod19-328-11/dep_gemver> was used as the working directory.
Started at Fri Nov 29 23:40:32 2019
Terminated at Fri Nov 29 23:40:33 2019
Results reported at Fri Nov 29 23:40:33 2019

Your job looked like:

------------------------------------------------------------
# LSBATCH: User input
./large.o
------------------------------------------------------------

Successfully completed.

Resource usage summary:

    CPU time :                                   7.46 sec.
    Max Memory :                                 40 MB
    Average Memory :                             28.00 MB
    Total Requested Memory :                     -
    Delta Memory :                               -
    Max Swap :                                   -
    Max Processes :                              3
    Max Threads :                                163
    Run time :                                   2 sec.
    Turnaround time :                            62 sec.

The output (if any) follows:

==BEGIN DUMP_ARRAYS==
begin dump: w
0.00 0.00 0.00 0.00 0.00 0.00 0.00 0.00 0.00 0.00 0.00 0.00 0.00 0.00 0.00 0.00 0.00 0.00 0.00 0.00 
0.00 0.00 0.00 0.00 0.00 0.00 0.00 0.00 0.00 0.00 0.00 0.00 0.00 0.00 0.00 0.00 0.00 0.00 0.00 0.00 
0.00 0.00 0.00 0.00 0.00 0.00 0.00 0.00 0.00 0.00 0.00 0.00 0.00 0.00 0.00 0.00 0.00 0.00 0.00 0.00 
0.00 0.00 0.00 0.00 0.00 0.00 0.00 0.00 0.00 0.00 0.00 0.00 0.00 0.00 0.00 0.00 0.00 0.00 0.00 0.00 
0.00 0.00 0.00 0.00 0.00 0.00 0.00 0.00 0.00 0.00 0.00 0.00 0.00 0.00 0.00 0.00 0.00 0.00 0.00 0.00 
0.00 0.00 0.00 0.00 0.00 0.00 0.00 0.00 0.00 0.00 0.00 0.00 0.00 0.00 0.00 0.00 0.00 0.00 0.00 0.00 
0.00 0.00 0.00 0.00 0.00 0.00 0.00 0.00 0.00 0.00 0.00 0.00 0.00 0.00 0.00 0.00 0.00 0.00 0.00 0.00 
0.00 0.00 0.00 0.00 0.00 0.00 0.00 0.00 0.00 0.00 0.00 0.00 0.00 0.00 0.00 0.00 0.00 0.00 0.00 0.00 
0.00 0.00 0.00 0.00 0.00 0.00 0.00 0.00 0.00 0.00 0.00 0.00 0.00 0.00 0.00 0.00 0.00 0.00 0.00 0.00 
0.00 0.00 0.00 0.00 0.00 0.00 0.00 0.00 0.00 0.00 0.00 0.00 0.00 0.00 0.00 0.00 0.00 0.00 0.00 0.00 
0.00 0.00 0.00 0.00 0.00 0.00 0.00 0.00 0.00 0.00 0.00 0.00 0.00 0.00 0.00 0.00 0.00 0.00 0.00 0.00 
0.00 0.00 0.00 0.00 0.00 0.00 0.00 0.00 0.00 0.00 0.00 0.00 0.00 0.00 0.00 0.00 0.00 0.00 0.00 0.00 
0.00 0.00 0.00 0.00 0.00 0.00 0.00 0.00 0.00 0.00 0.00 0.00 0.00 0.00 0.00 0.00 0.00 0.00 0.00 0.00 
0.00 0.00 0.00 0.00 0.00 0.00 0.00 0.00 0.00 0.00 0.00 0.00 0.00 0.00 0.00 0.00 0.00 0.00 0.00 0.00 
0.00 0.00 0.00 0.00 0.00 0.00 0.00 0.00 0.00 0.00 0.00 0.00 0.00 0.00 0.00 0.00 0.00 0.00 0.00 0.00 
0.00 0.00 0.00 0.00 0.00 0.00 0.00 0.00 0.00 0.00 0.00 0.00 0.00 0.00 0.00 0.00 0.00 0.00 0.00 0.00 
0.00 0.00 0.00 0.00 0.00 0.00 0.00 0.00 0.00 0.00 0.00 0.00 0.00 0.00 0.00 0.00 0.00 0.00 0.00 0.00 
0.00 0.00 0.00 0.00 0.00 0.00 0.00 0.00 0.00 0.00 0.00 0.00 0.00 0.00 0.00 0.00 0.00 0.00 0.00 0.00 
0.00 0.00 0.00 0.00 0.00 0.00 0.00 0.00 0.00 0.00 0.00 0.00 0.00 0.00 0.00 0.00 0.00 0.00 0.00 0.00 
0.00 0.00 0.00 0.00 0.00 0.00 0.00 0.00 0.00 0.00 0.00 0.00 0.00 0.00 0.00 0.00 0.00 0.00 0.00 0.00 
0.00 0.00 0.00 0.00 0.00 0.00 0.00 0.00 0.00 0.00 0.00 0.00 0.00 0.00 0.00 0.00 0.00 0.00 0.00 0.00 
0.00 0.00 0.00 0.00 0.00 0.00 0.00 0.00 0.00 0.00 0.00 0.00 0.00 0.00 0.00 0.00 0.00 0.00 0.00 0.00 
0.00 0.00 0.00 0.00 0.00 0.00 0.00 0.00 0.00 0.00 0.00 0.00 0.00 0.00 0.00 0.00 0.00 0.00 0.00 0.00 
0.00 0.00 0.00 0.00 0.00 0.00 0.00 0.00 0.00 0.00 0.00 0.00 0.00 0.00 0.00 0.00 0.00 0.00 0.00 0.00 
0.00 0.00 0.00 0.00 0.00 0.00 0.00 0.00 0.00 0.00 0.00 0.00 0.00 0.00 0.00 0.00 0.00 0.00 0.00 0.00 
0.00 0.00 0.00 0.00 0.00 0.00 0.00 0.00 0.00 0.00 0.00 0.00 0.00 0.00 0.00 0.00 0.00 0.00 0.00 0.00 
0.00 0.00 0.00 0.00 0.00 0.00 0.00 0.00 0.00 0.00 0.00 0.00 0.00 0.00 0.00 0.00 0.00 0.00 0.00 0.00 
0.00 0.00 0.00 0.00 0.00 0.00 0.00 0.00 0.00 0.00 0.00 0.00 0.00 0.00 0.00 0.00 0.00 0.00 0.00 0.00 
0.00 0.00 0.00 0.00 0.00 0.00 0.00 0.00 0.00 0.00 0.00 0.00 0.00 0.00 0.00 0.00 0.00 0.00 0.00 0.00 
0.00 0.00 0.00 0.00 0.00 0.00 0.00 0.00 0.00 0.00 0.00 0.00 0.00 0.00 0.00 0.00 0.00 0.00 0.00 0.00 
0.00 0.00 0.00 0.00 0.00 0.00 0.00 0.00 0.00 0.00 0.00 0.00 0.00 0.00 0.00 0.00 0.00 0.00 0.00 0.00 
0.00 0.00 0.00 0.00 0.00 0.00 0.00 0.00 0.00 0.00 0.00 0.00 0.00 0.00 0.00 0.00 0.00 0.00 0.00 0.00 
0.00 0.00 0.00 0.00 0.00 0.00 0.00 0.00 0.00 0.00 0.00 0.00 0.00 0.00 0.00 0.00 0.00 0.00 0.00 0.00 
0.00 0.00 0.00 0.00 0.00 0.00 0.00 0.00 0.00 0.00 0.00 0.00 0.00 0.00 0.00 0.00 0.00 0.00 0.00 0.00 
0.00 0.00 0.00 0.00 0.00 0.00 0.00 0.00 0.00 0.00 0.00 0.00 0.00 0.00 0.00 0.00 0.00 0.00 0.00 0.00 
0.00 0.00 0.00 0.00 0.00 0.00 0.00 0.00 0.00 0.00 0.00 0.00 0.00 0.00 0.00 0.00 0.00 0.00 0.00 0.00 
0.00 0.00 0.00 0.00 0.00 0.00 0.00 0.00 0.00 0.00 0.00 0.00 0.00 0.00 0.00 0.00 0.00 0.00 0.00 0.00 
0.00 0.00 0.00 0.00 0.00 0.00 0.00 0.00 0.00 0.00 0.00 0.00 0.00 0.00 0.00 0.00 0.00 0.00 0.00 0.00 
0.00 0.00 0.00 0.00 0.00 0.00 0.00 0.00 0.00 0.00 0.00 0.00 0.00 0.00 0.00 0.00 0.00 0.00 0.00 0.00 
0.00 0.00 0.00 0.00 0.00 0.00 0.00 0.00 0.00 0.00 0.00 0.00 0.00 0.00 0.00 0.00 0.00 0.00 0.00 0.00 
0.00 0.00 0.00 0.00 0.00 0.00 0.00 0.00 0.00 0.00 0.00 0.00 0.00 0.00 0.00 0.00 0.00 0.00 0.00 0.00 
0.00 0.00 0.00 0.00 0.00 0.00 0.00 0.00 0.00 0.00 0.00 0.00 0.00 0.00 0.00 0.00 0.00 0.00 0.00 0.00 
0.00 0.00 0.00 0.00 0.00 0.00 0.00 0.00 0.00 0.00 0.00 0.00 0.00 0.00 0.00 0.00 0.00 0.00 0.00 0.00 
0.00 0.00 0.00 0.00 0.00 0.00 0.00 0.00 0.00 0.00 0.00 0.00 0.00 0.00 0.00 0.00 0.00 0.00 0.00 0.00 
0.00 0.00 0.00 0.00 0.00 0.00 0.00 0.00 0.00 0.00 0.00 0.00 0.00 0.00 0.00 0.00 0.00 0.00 0.00 0.00 
0.00 0.00 0.00 0.00 0.00 0.00 0.00 0.00 0.00 0.00 0.00 0.00 0.00 0.00 0.00 0.00 0.00 0.00 0.00 0.00 
0.00 0.00 0.00 0.00 0.00 0.00 0.00 0.00 0.00 0.00 0.00 0.00 0.00 0.00 0.00 0.00 0.00 0.00 0.00 0.00 
0.00 0.00 0.00 0.00 0.00 0.00 0.00 0.00 0.00 0.00 0.00 0.00 0.00 0.00 0.00 0.00 0.00 0.00 0.00 0.00 
0.00 0.00 0.00 0.00 0.00 0.00 0.00 0.00 0.00 0.00 0.00 0.00 0.00 0.00 0.00 0.00 0.00 0.00 0.00 0.00 
0.00 0.00 0.00 0.00 0.00 0.00 0.00 0.00 0.00 0.00 0.00 0.00 0.00 0.00 0.00 0.00 0.00 0.00 0.00 0.00 
0.00 0.00 0.00 0.00 0.00 0.00 0.00 0.00 0.00 0.00 0.00 0.00 0.00 0.00 0.00 0.00 0.00 0.00 0.00 0.00 
0.00 0.00 0.00 0.00 0.00 0.00 0.00 0.00 0.00 0.00 0.00 0.00 0.00 0.00 0.00 0.00 0.00 0.00 0.00 0.00 
0.00 0.00 0.00 0.00 0.00 0.00 0.00 0.00 0.00 0.00 0.00 0.00 0.00 0.00 0.00 0.00 0.00 0.00 0.00 0.00 
0.00 0.00 0.00 0.00 0.00 0.00 0.00 0.00 0.00 0.00 0.00 0.00 0.00 0.00 0.00 0.00 0.00 0.00 0.00 0.00 
0.00 0.00 0.00 0.00 0.00 0.00 0.00 0.00 0.00 0.00 0.00 0.00 0.00 0.00 0.00 0.00 0.00 0.00 0.00 0.00 
0.00 0.00 0.00 0.00 0.00 0.00 0.00 0.00 0.00 0.00 0.00 0.00 0.00 0.00 0.00 0.00 0.00 0.00 0.00 0.00 
0.00 0.00 0.00 0.00 0.00 0.00 0.00 0.00 0.00 0.00 0.00 0.00 0.00 0.00 0.00 0.00 0.00 0.00 0.00 0.00 
0.00 0.00 0.00 0.00 0.00 0.00 0.00 0.00 0.00 0.00 0.00 0.00 0.00 0.00 0.00 0.00 0.00 0.00 0.00 0.00 
0.00 0.00 0.00 0.00 0.00 0.00 0.00 0.00 0.00 0.00 0.00 0.00 0.00 0.00 0.00 0.00 0.00 0.00 0.00 0.00 
0.00 0.00 0.00 0.00 0.00 0.00 0.00 0.00 0.00 0.00 0.00 0.00 0.00 0.00 0.00 0.00 0.00 0.00 0.00 0.00 
0.00 0.00 0.00 0.00 0.00 0.00 0.00 0.00 0.00 0.00 0.00 0.00 0.00 0.00 0.00 0.00 0.00 0.00 0.00 0.00 
0.00 0.00 0.00 0.00 0.00 0.00 0.00 0.00 0.00 0.00 0.00 0.00 0.00 0.00 0.00 0.00 0.00 0.00 0.00 0.00 
0.00 0.00 0.00 0.00 0.00 0.00 0.00 0.00 0.00 0.00 0.00 0.00 0.00 0.00 0.00 0.00 0.00 0.00 0.00 0.00 
0.00 0.00 0.00 0.00 0.00 0.00 0.00 0.00 0.00 0.00 0.00 0.00 0.00 0.00 0.00 0.00 0.00 0.00 0.00 0.00 
0.00 0.00 0.00 0.00 0.00 0.00 0.00 0.00 0.00 0.00 0.00 0.00 0.00 0.00 0.00 0.00 0.00 0.00 0.00 0.00 
0.00 0.00 0.00 0.00 0.00 0.00 0.00 0.00 0.00 0.00 0.00 0.00 0.00 0.00 0.00 0.00 0.00 0.00 0.00 0.00 
0.00 0.00 0.00 0.00 0.00 0.00 0.00 0.00 0.00 0.00 0.00 0.00 0.00 0.00 0.00 0.00 0.00 0.00 0.00 0.00 
0.00 0.00 0.00 0.00 0.00 0.00 0.00 0.00 0.00 0.00 0.00 0.00 0.00 0.00 0.00 0.00 0.00 0.00 0.00 0.00 
0.00 0.00 0.00 0.00 0.00 0.00 0.00 0.00 0.00 0.00 0.00 0.00 0.00 0.00 0.00 0.00 0.00 0.00 0.00 0.00 
0.00 0.00 0.00 0.00 0.00 0.00 0.00 0.00 0.00 0.00 0.00 0.00 0.00 0.00 0.00 0.00 0.00 0.00 0.00 0.00 
0.00 0.00 0.00 0.00 0.00 0.00 0.00 0.00 0.00 0.00 0.00 0.00 0.00 0.00 0.00 0.00 0.00 0.00 0.00 0.00 
0.00 0.00 0.00 0.00 0.00 0.00 0.00 0.00 0.00 0.00 0.00 0.00 0.00 0.00 0.00 0.00 0.00 0.00 0.00 0.00 
0.00 0.00 0.00 0.00 0.00 0.00 0.00 0.00 0.00 0.00 0.00 0.00 0.00 0.00 0.00 0.00 0.00 0.00 0.00 0.00 
0.00 0.00 0.00 0.00 0.00 0.00 0.00 0.00 0.00 0.00 0.00 0.00 0.00 0.00 0.00 0.00 0.00 0.00 0.00 0.00 
0.00 0.00 0.00 0.00 0.00 0.00 0.00 0.00 0.00 0.00 0.00 0.00 0.00 0.00 0.00 0.00 0.00 0.00 0.00 0.00 
0.00 0.00 0.00 0.00 0.00 0.00 0.00 0.00 0.00 0.00 0.00 0.00 0.00 0.00 0.00 0.00 0.00 0.00 0.00 0.00 
0.00 0.00 0.00 0.00 0.00 0.00 0.00 0.00 0.00 0.00 0.00 0.00 0.00 0.00 0.00 0.00 0.00 0.00 0.00 0.00 
0.00 0.00 0.00 0.00 0.00 0.00 0.00 0.00 0.00 0.00 0.00 0.00 0.00 0.00 0.00 0.00 0.00 0.00 0.00 0.00 
0.00 0.00 0.00 0.00 0.00 0.00 0.00 0.00 0.00 0.00 0.00 0.00 0.00 0.00 0.00 0.00 0.00 0.00 0.00 0.00 
0.00 0.00 0.00 0.00 0.00 0.00 0.00 0.00 0.00 0.00 0.00 0.00 0.00 0.00 0.00 0.00 0.00 0.00 0.00 0.00 
0.00 0.00 0.00 0.00 0.00 0.00 0.00 0.00 0.00 0.00 0.00 0.00 0.00 0.00 0.00 0.00 0.00 0.00 0.00 0.00 
0.00 0.00 0.00 0.00 0.00 0.00 0.00 0.00 0.00 0.00 0.00 0.00 0.00 0.00 0.00 0.00 0.00 0.00 0.00 0.00 
0.00 0.00 0.00 0.00 0.00 0.00 0.00 0.00 0.00 0.00 0.00 0.00 0.00 0.00 0.00 0.00 0.00 0.00 0.00 0.00 
0.00 0.00 0.00 0.00 0.00 0.00 0.00 0.00 0.00 0.00 0.00 0.00 0.00 0.00 0.00 0.00 0.00 0.00 0.00 0.00 
0.00 0.00 0.00 0.00 0.00 0.00 0.00 0.00 0.00 0.00 0.00 0.00 0.00 0.00 0.00 0.00 0.00 0.00 0.00 0.00 
0.00 0.00 0.00 0.00 0.00 0.00 0.00 0.00 0.00 0.00 0.00 0.00 0.00 0.00 0.00 0.00 0.00 0.00 0.00 0.00 
0.00 0.00 0.00 0.00 0.00 0.00 0.00 0.00 0.00 0.00 0.00 0.00 0.00 0.00 0.00 0.00 0.00 0.00 0.00 0.00 
0.00 0.00 0.00 0.00 0.00 0.00 0.00 0.00 0.00 0.00 0.00 0.00 0.00 0.00 0.00 0.00 0.00 0.00 0.00 0.00 
0.00 0.00 0.00 0.00 0.00 0.00 0.00 0.00 0.00 0.00 0.00 0.00 0.00 0.00 0.00 0.00 0.00 0.00 0.00 0.00 
0.00 0.00 0.00 0.00 0.00 0.00 0.00 0.00 0.00 0.00 0.00 0.00 0.00 0.00 0.00 0.00 0.00 0.00 0.00 0.00 
0.00 0.00 0.00 0.00 0.00 0.00 0.00 0.00 0.00 0.00 0.00 0.00 0.00 0.00 0.00 0.00 0.00 0.00 0.00 0.00 
0.00 0.00 0.00 0.00 0.00 0.00 0.00 0.00 0.00 0.00 0.00 0.00 0.00 0.00 0.00 0.00 0.00 0.00 0.00 0.00 
0.00 0.00 0.00 0.00 0.00 0.00 0.00 0.00 0.00 0.00 0.00 0.00 0.00 0.00 0.00 0.00 0.00 0.00 0.00 0.00 
0.00 0.00 0.00 0.00 0.00 0.00 0.00 0.00 0.00 0.00 0.00 0.00 0.00 0.00 0.00 0.00 0.00 0.00 0.00 0.00 
0.00 0.00 0.00 0.00 0.00 0.00 0.00 0.00 0.00 0.00 0.00 0.00 0.00 0.00 0.00 0.00 0.00 0.00 0.00 0.00 
0.00 0.00 0.00 0.00 0.00 0.00 0.00 0.00 0.00 0.00 0.00 0.00 0.00 0.00 0.00 0.00 0.00 0.00 0.00 0.00 
0.00 0.00 0.00 0.00 0.00 0.00 0.00 0.00 0.00 0.00 0.00 0.00 0.00 0.00 0.00 0.00 0.00 0.00 0.00 0.00 
0.00 0.00 0.00 0.00 0.00 0.00 0.00 0.00 0.00 0.00 0.00 0.00 0.00 0.00 0.00 0.00 0.00 0.00 0.00 0.00 
0.00 0.00 0.00 0.00 0.00 0.00 0.00 0.00 0.00 0.00 0.00 0.00 0.00 0.00 0.00 0.00 0.00 0.00 0.00 0.00 
0.00 0.00 0.00 0.00 0.00 0.00 0.00 0.00 0.00 0.00 0.00 0.00 0.00 0.00 0.00 0.00 0.00 0.00 0.00 0.00 
end   dump: w
==END   DUMP_ARRAYS==
==BEGIN DUMP_ARRAYS==
begin dump: w
1842.68 55250948.00 60782216.00 70044176.00 80108144.00 90580888.00 101364040.00 112123080.00 122938824.00 133856784.00 144629984.00 155825584.00 166741888.00 177763632.00 188773472.00 199677888.00 210538608.00 221795248.00 232735456.00 243818976.00 
254521520.00 265882432.00 276947904.00 288054400.00 298880576.00 309614368.00 321122816.00 332053248.00 343119200.00 354341952.00 365098240.00 376234912.00 387093568.00 398370304.00 409454592.00 420394080.00 431475744.00 442505568.00 453626528.00 464686816.00 
475099424.00 486786400.00 497837376.00 508773920.00 519914944.00 530927648.00 542071744.00 553096640.00 563918208.00 575234304.00 585451712.00 597276352.00 608342272.00 619439424.00 630306368.00 641461824.00 652485504.00 663587776.00 674746880.00 685805056.00 
696475072.00 707850816.00 718850880.00 730064256.00 740764032.00 752010944.00 763120896.00 774217152.00 785194176.00 796671168.00 807203136.00 818352768.00 829351232.00 840575168.00 851366720.00 862237824.00 873649792.00 884945984.00 895799552.00 906872960.00 
916614656.00 928987648.00 940023808.00 951044288.00 962095616.00 973089600.00 984168896.00 995772224.00 1006260672.00 1017454272.00 1028311936.00 1039770624.00 1050567360.00 1061420864.00 1072682880.00 1083596800.00 1094591744.00 1105891456.00 1116898560.00 1127876096.00 
1137400448.00 1150016768.00 1161120768.00 1172185728.00 1183142016.00 1194165120.00 1205392768.00 1216468608.00 1227384704.00 1238532096.00 1249455616.00 1260366848.00 1271511040.00 1282833280.00 1293823488.00 1304835584.00 1315926144.00 1326961280.00 1338151296.00 1349110272.00 
1359540224.00 1371244288.00 1382294784.00 1393325184.00 1404316928.00 1413375744.00 1426582016.00 1437760768.00 1448405888.00 1459361152.00 1470617984.00 1481774080.00 1492807552.00 1503798528.00 1515022976.00 1525994496.00 1536995456.00 1548302720.00 1559383424.00 1570314752.00 
1581005824.00 1592372992.00 1603368704.00 1614892800.00 1625355520.00 1636584192.00 1647680128.00 1658696832.00 1669643904.00 1680869504.00 1691089536.00 1703005824.00 1713886336.00 1724958976.00 1736520320.00 1747162112.00 1758197760.00 1769357312.00 1780407424.00 1791444352.00 
1801167616.00 1813539456.00 1824535168.00 1835640192.00 1846688896.00 1857687808.00 1868699264.00 1880102144.00 1890868864.00 1901875456.00 1912909184.00 1924082944.00 1935099264.00 1946219648.00 1957493248.00 1967939456.00 1979144576.00 1990540672.00 2001483136.00 2012542976.00 
2023277824.00 2034633856.00 2046215808.00 2056809856.00 2067781248.00 2078854912.00 2089853568.00 2101036544.00 2112026240.00 2123157504.00 2134026112.00 2145273728.00 2156082944.00 2167403520.00 2178419200.00 2189381120.00 2200441856.00 2211587840.00 2222571008.00 2233592320.00 
2241470208.00 2255891456.00 2266883584.00 2277979392.00 2288941824.00 2299970560.00 2311115776.00 2322295808.00 2332989952.00 2344335360.00 2355172608.00 2366463232.00 2377430528.00 2388529408.00 2399536384.00 2410569984.00 2421551104.00 2432759808.00 2443769856.00 2454849280.00 
2465579264.00 2476940032.00 2487425792.00 2499300864.00 2509987072.00 2520860160.00 2532308736.00 2543343616.00 2554362880.00 2565397504.00 2576361216.00 2587610112.00 2598514688.00 2609593856.00 2620702208.00 2631626496.00 2642842112.00 2653920256.00 2664905984.00 2676085760.00 
2685777408.00 2698163712.00 2709180160.00 2720342272.00 2731307520.00 2742322176.00 2753404160.00 2764465408.00 2775368448.00 2786482176.00 2793575168.00 2808884736.00 2819814400.00 2830867712.00 2841986560.00 2852910592.00 2863776000.00 2875080960.00 2885955072.00 2897254912.00 
2907926784.00 2919442432.00 2930344192.00 2941394176.00 2952344576.00 2963441152.00 2974504192.00 2985767680.00 2996658432.00 3007714816.00 3018658560.00 3029864192.00 3040674304.00 3052075776.00 3063099136.00 3073705472.00 3085189888.00 3096235008.00 3107289344.00 3118250496.00 
3128726784.00 3140496640.00 3151439360.00 3162470144.00 3173458944.00 3184318464.00 3196504832.00 3206997504.00 3217699328.00 3228966144.00 3239870208.00 3251095040.00 3262074368.00 3273230592.00 3284145408.00 3295187456.00 3306174720.00 3317384192.00 3328452864.00 3339468288.00 
3348908544.00 3361606912.00 3372685056.00 3383413760.00 3394531840.00 3405760000.00 3416846848.00 3427893760.00 3439162624.00 3450113536.00 3460995584.00 3472154624.00 3483120896.00 3494352896.00 3505355776.00 3516332032.00 3527566080.00 3538522112.00 3549566464.00 3560637696.00 
3570396928.00 3582886144.00 3593784576.00 3604891136.00 3615867648.00 3626587392.00 3638026752.00 3649113600.00 3660033536.00 3671137280.00 3682070272.00 3693211392.00 3704132096.00 3714548736.00 3726959104.00 3737675008.00 3748497408.00 3759786752.00 3770729472.00 3782023168.00 
3792595968.00 3803950336.00 3814978048.00 3826116352.00 3836983808.00 3848159488.00 3859207424.00 3870256384.00 3881390848.00 3892460544.00 3902629888.00 3914527488.00 3925290496.00 3937260032.00 3947719168.00 3958687488.00 3969746944.00 3980777984.00 3991893248.00 4003231744.00 
4013363200.00 4025059328.00 4036098048.00 4047077888.00 4058445568.00 4069304832.00 4080358912.00 4091462400.00 4102238464.00 4113528832.00 4124431104.00 4135664896.00 4146621440.00 4157771264.00 4168807936.00 4177817856.00 4190868224.00 4202032384.00 4213035520.00 4224125184.00 
4234853376.00 4246740992.00 4257235456.00 4268563712.00 4279145728.00 4290422016.00 4301579776.00 4312467968.00 4323555328.00 4334744576.00 4345574400.00 4356807680.00 4367707136.00 4378898944.00 4389944832.00 4400897024.00 4411961856.00 4423012864.00 4434006528.00 4444842496.00 
4449728512.00 4467810816.00 4478617088.00 4489664512.00 4500598272.00 4511612928.00 4522698240.00 4533790208.00 4544719360.00 4555857920.00 4566791680.00 4578038784.00 4589024768.00 4600085504.00 4611202560.00 4622132224.00 4633014784.00 4644376576.00 4655386624.00 4666446336.00 
4677184000.00 4687996416.00 4699592704.00 4710644736.00 4721585664.00 4732389888.00 4743834624.00 4754906624.00 4765830656.00 4777128448.00 4787954176.00 4799130112.00 4809938432.00 4821355008.00 4832287744.00 4843376640.00 4854379008.00 4865477632.00 4876510720.00 4887328256.00 
4897985536.00 4909688320.00 4920723456.00 4931769856.00 4942540800.00 4954108928.00 4965061120.00 4976077824.00 4986893312.00 4998403584.00 5008438272.00 5020331520.00 5031324160.00 5042427904.00 5053440512.00 5064485888.00 5075459072.00 5086577664.00 5097640448.00 5108569600.00 
5119468032.00 5130774016.00 5142031872.00 5153028096.00 5163799040.00 5174996480.00 5186093568.00 5197190144.00 5208178176.00 5219300864.00 5230187008.00 5241509376.00 5252394496.00 5263568896.00 5274624000.00 5285255168.00 5296559616.00 5307793920.00 5318833152.00 5329893376.00 
5339636736.00 5351890432.00 5363057664.00 5374164992.00 5385131520.00 5396216320.00 5407290368.00 5418356224.00 5429286400.00 5440495616.00 5451358720.00 5462532096.00 5473546240.00 5484653056.00 5495663104.00 5506643968.00 5517488128.00 5528734208.00 5539655168.00 5550383104.00 
5553851392.00 5573861888.00 5584586240.00 5595576832.00 5606413824.00 5617464832.00 5628514304.00 5639588352.00 5650642432.00 5661699072.00 5672624640.00 5683814400.00 5694620672.00 5705952768.00 5716951552.00 5727959040.00 5738955776.00 5750075392.00 5761187840.00 5772279296.00 
5782662144.00 5794281984.00 5805469696.00 5816443392.00 5827500544.00 5838178304.00 5849553408.00 5860738560.00 5871520256.00 5882792448.00 5893725184.00 5904934400.00 5915919872.00 5926921216.00 5938138112.00 5949108736.00 5960104448.00 5971277824.00 5982267392.00 5993336832.00 
6004126720.00 6015534080.00 6026533888.00 6037598208.00 6048380928.00 6059485696.00 6070936064.00 6081812992.00 6092903424.00 6103772672.00 6114219520.00 6126041600.00 6137060864.00 6148222464.00 6159248384.00 6170207232.00 6181381120.00 6192474112.00 6203443712.00 6214481920.00 
6224288768.00 6236703232.00 6247708672.00 6258772480.00 6269718016.00 6280798720.00 6291816960.00 6302946816.00 6313908224.00 6325043712.00 6335901696.00 6346717184.00 6358625792.00 6369470976.00 6380477952.00 6391101952.00 6402307072.00 6413657600.00 6424646656.00 6435846144.00 
6446441984.00 6457799168.00 6468855808.00 6479920128.00 6490890752.00 6501984256.00 6513103872.00 6524152320.00 6535026176.00 6546326016.00 6557192704.00 6568458240.00 6579188736.00 6590522368.00 6601537536.00 6612556800.00 6623624192.00 6634567680.00 6645744128.00 6656756736.00 
6664602624.00 6679060992.00 6690059776.00 6701104640.00 6712121856.00 6723144704.00 6734103552.00 6745282048.00 6756110848.00 6767511040.00 6778342400.00 6789490688.00 6800538624.00 6811647488.00 6822664192.00 6833550848.00 6844811776.00 6855875072.00 6866943488.00 6877891072.00 
6888746496.00 6900102656.00 6911133696.00 6922275328.00 6933012992.00 6942267904.00 6955436032.00 6966473216.00 6977469952.00 6988574720.00 6999476224.00 7010639360.00 7021696512.00 7032836608.00 7043815936.00 7054875648.00 7065876992.00 7077042688.00 7088083968.00 7099121152.00 
7108894720.00 7121210368.00 7132353024.00 7143459840.00 7154341888.00 7165366272.00 7176524800.00 7187441664.00 7198528000.00 7209653248.00 7219944448.00 7231784960.00 7242790912.00 7253848064.00 7264970240.00 7275949568.00 7286821888.00 7298067456.00 7309123584.00 7320161792.00 
7330914304.00 7342220288.00 7353243136.00 7364246528.00 7375047168.00 7385890304.00 7395893760.00 7412466688.00 7420717568.00 7431417856.00 7442160640.00 7453302784.00 7464058368.00 7475335680.00 7486348800.00 7496987136.00 7508363776.00 7519489024.00 7530591744.00 7541554688.00 
7551986688.00 7563670016.00 7574738944.00 7585865216.00 7596770304.00 7607845888.00 7618964992.00 7629974528.00 7640805376.00 7652145664.00 7663042560.00 7674252800.00 7685184512.00 7696354816.00 7707398144.00 7718361088.00 7729430016.00 7740631552.00 7751627264.00 7762640896.00 
7772069376.00 7784780288.00 7795850240.00 7806931456.00 7817707008.00 7828916736.00 7840365568.00 7851153920.00 7862138368.00 7873288192.00 7884177920.00 7895336960.00 7906300928.00 7917437952.00 7928329216.00 7939588608.00 7950588416.00 7961903616.00 7972874240.00 7983810048.00 
7993573376.00 8005923840.00 8016955392.00 8028012544.00 8039035904.00 8049741824.00 8061143552.00 8071968256.00 8083339776.00 8094452736.00 8105323008.00 8116524544.00 8127532032.00 8138614272.00 8149667840.00 8160666624.00 8171524096.00 8183030272.00 8193897984.00 8204930048.00 
8215706112.00 8227117568.00 8238151168.00 8249234944.00 8260118528.00 8271205888.00 8282320896.00 8293508608.00 8304375296.00 8315357696.00 8322485760.00 8337832448.00 8348548608.00 8359846912.00 8370838528.00 8381854720.00 8392915968.00 8404028928.00 8415061504.00 8426135040.00 
8436541440.00 8448231424.00 8459528704.00 8470318080.00 8481344000.00 8492427776.00 8503608320.00 8514578432.00 8525366272.00 8536430080.00 8547671552.00 8558846464.00 8569868800.00 8580893696.00 8591934464.00 8602656768.00 8613979136.00 8625139712.00 8636344320.00 8647302144.00 
8658015232.00 8669392896.00 8680415232.00 8691549184.00 8702310400.00 8713541632.00 8724698112.00 8735723520.00 8746798080.00 8757912576.00 8768737280.00 8779967488.00 8790876160.00 8802010112.00 8813067264.00 8824070144.00 8835128320.00 8846269440.00 8857171968.00 8868020224.00 
8872887296.00 8890973184.00 8901789696.00 8912790528.00 8923768832.00 8934782976.00 8945945600.00 8956777472.00 8967879680.00 8979164160.00 8989953024.00 9001203712.00 9012144128.00 9023210496.00 9034322944.00 9045383168.00 9056191488.00 9067489280.00 9078428672.00 9089616896.00 
9100352512.00 9111697408.00 9122755584.00 9133767680.00 9144844288.00 9155549184.00 9166946304.00 9178024960.00 9189084160.00 9200153600.00 9211076608.00 9222290432.00 9233052672.00 9244195840.00 9255550976.00 9266500608.00 9277550592.00 9288597504.00 9299700736.00 9310774272.00 
9321166848.00 9332860928.00 9343632384.00 9355023360.00 9365993472.00 9377018880.00 9388044288.00 9399208960.00 9410014208.00 9421308928.00 9431577600.00 9443366912.00 9454440448.00 9465543680.00 9476560896.00 9487521792.00 9498435584.00 9508236288.00 9521094656.00 9532005376.00 
9542717440.00 9554070528.00 9565062144.00 9576148992.00 9586965504.00 9598243840.00 9609346048.00 9620440064.00 9631420416.00 9642473472.00 9653434368.00 9664687104.00 9675568128.00 9686687744.00 9697730560.00 9706745856.00 9719865344.00 9730914304.00 9741874176.00 9753070592.00 
9762816000.00 9775182848.00 9786222592.00 9797278720.00 9808295936.00 9819324416.00 9830411264.00 9841480704.00 9852322816.00 9864862720.00 9874659328.00 9885845504.00 9896803328.00 9907908608.00 9918917632.00 9929951232.00 9940794368.00 9952118784.00 9963249664.00 9974225920.00 
9983642624.00 9996363776.00 10007478272.00 10018413568.00 10029376512.00 10040501248.00 10051637248.00 10062705664.00 10073617408.00 10083810304.00 10095790080.00 10106973184.00 10117742592.00 10128931840.00 10140062720.00 10151070720.00 10162126848.00 10173327360.00 10184218624.00 10195459072.00 
10205769728.00 10217441280.00 10228519936.00 10238772224.00 10250676224.00 10261331968.00 10272808960.00 10283855872.00 10294632448.00 10305959936.00 10316846080.00 10327969792.00 10339040256.00 10350028800.00 10361265152.00 10372218880.00 10383221760.00 10394391552.00 10405448704.00 10416514048.00 
10427243520.00 10438438912.00 10449707008.00 10460716032.00 10471541760.00 10482783232.00 10493915136.00 10504933376.00 10516026368.00 10527089664.00 10537340928.00 10549213184.00 10560089088.00 10571329536.00 10582365184.00 10593374208.00 10604408832.00 10615601152.00 10626608128.00 10637646848.00 
10647406592.00 10659745792.00 10670764032.00 10682277888.00 10692883456.00 10703911936.00 10715069440.00 10726068224.00 10737072128.00 10748229632.00 10759148544.00 10770291712.00 10781328384.00 10792717312.00 10803460096.00 10814138368.00 10825341952.00 10836644864.00 10847694848.00 10858734592.00 
10869487616.00 10880834560.00 10891882496.00 10902893568.00 10913872896.00 10924964864.00 10936092672.00 10947002368.00 10958132224.00 10969093120.00 10980097024.00 10991358976.00 11002022912.00 11013217280.00 11024239616.00 11035215872.00 11046088704.00 11056982016.00 11067560960.00 11077240832.00 
11074441216.00 11104926720.00 11114587136.00 11125187584.00 11135982592.00 11146823680.00 11157898240.00 11168956416.00 11179648000.00 11190814720.00 11201773568.00 11213068288.00 11223940096.00 11235171328.00 11246052352.00 11257068544.00 11268064256.00 11279267840.00 11290248192.00 11301330944.00 
11312056320.00 11323424768.00 11334440960.00 11345523712.00 11356324864.00 11367230464.00 11378682880.00 11389443072.00 11400740864.00 11411888128.00 11422732288.00 11433950208.00 11444860928.00 11456100352.00 11467068416.00 11478117376.00 11489182720.00 11499889664.00 11511375872.00 11522416640.00 
11532148736.00 11544507392.00 11555532800.00 11566577664.00 11577654272.00 11588654080.00 11599776768.00 11610828800.00 11621843968.00 11632950272.00 11643202560.00 11655075840.00 11666039808.00 11677247488.00 11688217600.00 11699251200.00 11710124032.00 11721448448.00 11732442112.00 11743737856.00 
11754298368.00 11765668864.00 11776694272.00 11787776000.00 11798720512.00 11809816576.00 11820883968.00 11832133632.00 11843035136.00 11854186496.00 11865020416.00 11876192256.00 11887039488.00 11898319872.00 11909324800.00 11920026624.00 11931388928.00 11943401472.00 11953620992.00 11964724224.00 
11975089152.00 11986709504.00 11997918208.00 12008839168.00 12019937280.00 12030966784.00 12042067968.00 12053238784.00 12063932416.00 12075180032.00 12086079488.00 12098349056.00 12108449792.00 12119456768.00 12130506752.00 12141527040.00 12152564736.00 12163752960.00 12174656512.00 12185805824.00 
12195238912.00 12207939584.00 12218900480.00 12230046720.00 12240883712.00 12252092416.00 12263232512.00 12274255872.00 12285271040.00 12296324096.00 12307224576.00 12317305856.00 12329603072.00 12340682752.00 12351726592.00 12362703872.00 12373764096.00 12384876544.00 12395909120.00 12406970368.00 
12416738304.00 12429092864.00 12440252416.00 12451257344.00 12462210048.00 12471302144.00 12484396032.00 12495477760.00 12506365952.00 12517488640.00 12528442368.00 12539691008.00 12550643712.00 12561719296.00 12572780544.00 12583783424.00 12594718720.00 12606029824.00 12617064448.00 12628094976.00 
12638828544.00 12650159104.00 12661051392.00 12673935360.00 12683499520.00 12694512640.00 12705579008.00 12716622848.00 12727631872.00 12738786304.00 12748965888.00 12760860672.00 12771659776.00 12782956544.00 12794083328.00 12805021696.00 12816076800.00 12827151360.00 12838496256.00 12849309696.00 
12859696128.00 12871401472.00 12882440192.00 12893576192.00 12904529920.00 12915542016.00 12926580736.00 12937968640.00 12948614144.00 12959870976.00 12970800128.00 12982016000.00 12992988160.00 13004133376.00 13015176192.00 13025818624.00 13037088768.00 13048398848.00 13059369984.00 13070469120.00 
13081192448.00 13092549632.00 13103706112.00 13114664960.00 13125482496.00 13136657408.00 13147824128.00 13158957056.00 13169918976.00 13180963840.00 13191912448.00 13203015680.00 13214057472.00 13225406464.00 13236184064.00 13247252480.00 13258311680.00 13269381120.00 13280338944.00 13291196416.00 
13296053248.00 13314153472.00 13324960768.00 13335918592.00 13346945024.00 13357965312.00 13369074688.00 13380169728.00 13391060992.00 13402209280.00 13413132288.00 13424249856.00 13435266048.00 13446439936.00 13457430528.00 13468502016.00 13479357440.00 13490618368.00 13501729792.00 13512775680.00 
13523519488.00 13534872576.00 13545792512.00 13557024768.00 13567959040.00 13578708992.00 13590207488.00 13601286144.00 13612198912.00 13623319552.00 13634197504.00 13645744128.00 13656321024.00 13667581952.00 13678534656.00 13689624576.00 13700731904.00 13711858688.00 13722608640.00 13733939200.00 
13744331776.00 13756041216.00 13767068672.00 13778138112.00 13789134848.00 13800167424.00 13811296256.00 13822331904.00 13833135104.00 13844327424.00 13851418624.00 13866802176.00 13877696512.00 13888661504.00 13899813888.00 13910839296.00 13921809408.00 13932941312.00 13943984128.00 13955043328.00 
13965821952.00 13977237504.00 13988233216.00 13999143936.00 14010149888.00 14021361664.00 14032456704.00 14043573248.00 14054535168.00 14065635328.00 14076560384.00 14087720960.00 14098593792.00 14110208000.00 14120999936.00 14131630080.00 14143036416.00 14154160128.00 14165189632.00 14176240640.00 
14185989120.00 14198360064.00 14209264640.00 14220260352.00 14231474176.00 14242457600.00 14253789184.00 14264738816.00 14275629056.00 14286839808.00 14297695232.00 14308896768.00 14319926272.00 14331029504.00 14341764096.00 14353123328.00 14363965440.00 14375236608.00 14386288640.00 14397387776.00 
14406800384.00 14419521536.00 14430514176.00 14441534464.00 14452507648.00 14463679488.00 14474740736.00 14485815296.00 14496887808.00 14507912192.00 14518833152.00 14530036736.00 14540860416.00 14552188928.00 14563170304.00 14574192640.00 14585302016.00 14596307968.00 14607400960.00 14618506240.00 
14628894720.00 14640604160.00 14651544576.00 14662675456.00 14673708032.00 14684376064.00 14695779328.00 14706836480.00 14717621248.00 14728867840.00 14739703808.00 14750756864.00 14761355264.00 14769709056.00 14786245632.00 14796144640.00 14806896640.00 14817907712.00 14828895232.00 14839949312.00 
14850635776.00 14862006272.00 14873023488.00 14884106240.00 14894857216.00 14906097664.00 14917163008.00 14928329728.00 14939287552.00 14950397952.00 14960592896.00 14972515328.00 14983408640.00 14994717696.00 15005613056.00 15016682496.00 15027725312.00 15038691328.00 15049779200.00 15060954112.00 
15070665728.00 15083056128.00 15094054912.00 15105123328.00 15116197888.00 15127160832.00 15138326528.00 15149323264.00 15160226816.00 15171519488.00 15182392320.00 15193584640.00 15204603904.00 15215691776.00 15226697728.00 15235745792.00 15248658432.00 15259899904.00 15271014400.00 15282058240.00 
15292805120.00 15304279040.00 15315187712.00 15326303232.00 15337116672.00 15348477952.00 15359479808.00 15370524672.00 15381528576.00 15392679936.00 15403539456.00 15414652928.00 15425551360.00 15436876800.00 15448027136.00 15458895872.00 15469953024.00 15481071616.00 15492079616.00 15503104000.00 
15510934528.00 15525404672.00 15536399360.00 15547600896.00 15558458368.00 15569482752.00 15580599296.00 15591643136.00 15602478080.00 15613715456.00 15624690688.00 15635831808.00 15647037440.00 15658017792.00 15669037056.00 15680058368.00 15691044864.00 15702249472.00 15713287168.00 15724361728.00 
15735094272.00 15746316288.00 15757478912.00 15768511488.00 15779366912.00 15790254080.00 15801662464.00 15812716544.00 15823444992.00 15835443200.00 15845972992.00 15857122304.00 15868018688.00 15879229440.00 15890324480.00 15901237248.00 15912350720.00 15923401728.00 15934424064.00 15945461760.00 
15955271680.00 15967687680.00 15978694656.00 15989692416.00 16000687104.00 16011834368.00 16022892544.00 16033955840.00 16044876800.00 16056135680.00 16066323456.00 16078392320.00 16089172992.00 16100365312.00 16111199232.00 16122556416.00 16133287936.00 16144568320.00 16155616256.00 16166631424.00 
16177423360.00 16188831744.00 16199863296.00 16210891776.00 16221833216.00 16232929280.00 16243990528.00 16255254528.00 16266149888.00 16277228544.00 16288150528.00 16299366400.00 16310156288.00 16321428480.00 16332577792.00 16343192576.00 16354578432.00 16365725696.00 16376667136.00 16387876864.00 
16398206976.00 16409891840.00 16420948992.00 16432086016.00 16443104256.00 16454068224.00 16465195008.00 16476222464.00 16487044096.00 16498363392.00 16509247488.00 16520475648.00 16531428352.00 16542586880.00 16553627648.00 16564573184.00 16575525888.00 16586593280.00 16597547008.00 16608319488.00 
16611723264.00 16631793664.00 16642472960.00 16653440000.00 16664189952.00 16675377152.00 16686476288.00 16697522176.00 16708517888.00 16719642624.00 16730507264.00 16741683200.00 16752634880.00 16763800576.00 16774834176.00 16785837056.00 16796939264.00 16808013824.00 16819078144.00 16830266368.00 
16839910400.00 16852284416.00 16863294464.00 16874380288.00 16885505024.00 16896106496.00 16907517952.00 16918602752.00 16929529856.00 16940662784.00 16951688192.00 16962871296.00 16973885440.00 16984981504.00 16996048896.00 17007048704.00 17017876480.00 17029131264.00 17040110592.00 17051401216.00 
17062071296.00 17073609728.00 17084481536.00 17095588864.00 17106488320.00 17117559808.00 17128699904.00 17139745792.00 17150742528.00 17161841664.00 17172103168.00 17183774720.00 17194786816.00 17206085632.00 17217064960.00 17227923456.00 17239537664.00 17250392064.00 17261408256.00 17272479744.00 
17282883584.00 17294848000.00 17305616384.00 17316691968.00 17327702016.00 17338656768.00 17349844992.00 17360814080.00 17371725824.00 17383049216.00 17393920000.00 17405057024.00 17416249344.00 17427261440.00 17438304256.00 17448980480.00 17460344832.00 17471526912.00 17482545152.00 17494165504.00 
17504354304.00 17515718656.00 17526751232.00 17537789952.00 17548654592.00 17559906304.00 17570922496.00 17582086144.00 17593047040.00 17604122624.00 17615081472.00 17626308608.00 17637218304.00 17648377856.00 17659441152.00 17670424576.00 17681473536.00 17692506112.00 17703510016.00 17714354176.00 
17719207936.00 17737314304.00 17748127744.00 17759154176.00 17770100736.00 17781135360.00 17792200704.00 17803278336.00 17814233088.00 17825359872.00 17836288000.00 17847422976.00 17858512896.00 17869707264.00 17880569856.00 17891616768.00 17902524416.00 17913616384.00 17924911104.00 17935425536.00 
17946673152.00 17958031360.00 17969090560.00 17980157952.00 17991059456.00 18000209920.00 18013325312.00 18024417280.00 18035458048.00 18046507008.00 18057439232.00 18068645888.00 18079447040.00 18090696704.00 18101768192.00 18112729088.00 18123624448.00 18135070720.00 18146039808.00 18157113344.00 
18167515136.00 18178936832.00 18190235648.00 18201380864.00 18212317184.00 18223325184.00 18234408960.00 18244909056.00 18256369664.00 18267648000.00 18277904384.00 18289700864.00 18300667904.00 18311917568.00 18322931712.00 18333886464.00 18344949760.00 18356068352.00 18367162368.00 18378229760.00 
18388957184.00 18400149504.00 18411407360.00 18422386688.00 18433165312.00 18444341248.00 18455169024.00 18467629056.00 18477920256.00 18488950784.00 18499817472.00 18511040512.00 18521911296.00 18533044224.00 18544111616.00 18554769408.00 18566213632.00 18577274880.00 18588360704.00 18599284736.00 
18609158144.00 18621532160.00 18632577024.00 18643664896.00 18654507008.00 18665711616.00 18676779008.00 18687825920.00 18698819584.00 18710018048.00 18720882688.00 18732070912.00 18742910976.00 18754281472.00 18765291520.00 18776276992.00 18787139584.00 18798757888.00 18809448448.00 18820567040.00 
18829973504.00 18842693632.00 18853687296.00 18864789504.00 18875760640.00 18886858752.00 18897983488.00 18908952576.00 18919997440.00 18931068928.00 18942005248.00 18953191424.00 18963984384.00 18975170560.00 18985627648.00 18997725184.00 19008606208.00 19019712512.00 19030689792.00 19041660928.00 
19052169216.00 19063914496.00 19074844672.00 19085942784.00 19096868864.00 19107661824.00 19119044608.00 19130097664.00 19140999168.00 19152308224.00 19163199488.00 19174451200.00 19185397760.00 19196420096.00 19207626752.00 19218595840.00 19229587456.00 19240777728.00 19251775488.00 19262732288.00 
19273601024.00 19284903936.00 19296176128.00 19307079680.00 19317901312.00 19329130496.00 19340150784.00 19351298048.00 19362263040.00 19373291520.00 19380344832.00 19395674112.00 19406565376.00 19417696256.00 19428716544.00 19439716352.00 19450767360.00 19461826560.00 19472949248.00 19484016640.00 
19493789696.00 19506087936.00 19517216768.00 19528243200.00 19539218432.00 19550396416.00 19561437184.00 19572572160.00 19583416320.00 19594549248.00 19605522432.00 19616776192.00 19627722752.00 19638808576.00 19649812480.00 19660498944.00 19671683072.00 19682869248.00 19694710784.00 19705231360.00 
19715969024.00 19727319040.00 19738363904.00 19749429248.00 19760392192.00 19771469824.00 19782606848.00 19793627136.00 19804639232.00 19815704576.00 19826720768.00 19837835264.00 19848689664.00 19859867648.00 19871014912.00 19882070016.00 19893137408.00 19904192512.00 19915253760.00 19926278144.00 
19934087168.00 19948574720.00 19959566336.00 19970586624.00 19981623296.00 19992653824.00 20003713024.00 20014776320.00 20025593856.00 20036890624.00 20047831040.00 20058994688.00 20070057984.00 20081156096.00 20092280832.00 20103194624.00 20114147328.00 20125364224.00 20135917568.00 20147546112.00 
20158265344.00 20169625600.00 20180633600.00 20191637504.00 20202539008.00 20213430272.00 20224638976.00 20235935744.00 20246960128.00 20258101248.00 20268959744.00 20280293376.00 20291059712.00 20302069760.00 20313434112.00 20324331520.00 20335376384.00 20346529792.00 20357605376.00 20368635904.00 
20378370048.00 20390739968.00 20401723392.00 20412803072.00 20423872512.00 20434872320.00 20445605888.00 20457209856.00 20468054016.00 20479164416.00 20489455616.00 20501288960.00 20512430080.00 20523468800.00 20534462464.00 20545441792.00 20556320768.00 20567289856.00 20578750464.00 20589795328.00 
20600537088.00 20611862528.00 20622735360.00 20633862144.00 20644939776.00 20656041984.00 20667095040.00 20678367232.00 20689266688.00 20700399616.00 20711243776.00 20722804736.00 20733253632.00 20744402944.00 20755552256.00 20764672000.00 20777771008.00 20788846592.00 20799854592.00 20810934272.00 
20821334016.00 20833050624.00 20843999232.00 20855222272.00 20866152448.00 20877199360.00 20888311808.00 20899328000.00 20910147584.00 20921788416.00 20932419584.00 20943646720.00 20954685440.00 20965699584.00 20976734208.00 20987869184.00 20998787072.00 21009975296.00 21021009920.00 21032146944.00 
21041489920.00 21054304256.00 21065232384.00 21076275200.00 21087084544.00 21098442752.00 21109450752.00 21120749568.00 21131499520.00 21142398976.00 21153542144.00 21164713984.00 21175670784.00 21186383872.00 21197965312.00 21208938496.00 21219979264.00 21231124480.00 21242091520.00 21253197824.00 
21262942208.00 21275295744.00 21286332416.00 21297197056.00 21308420096.00 21319137280.00 21330763776.00 21341612032.00 21352593408.00 21363816448.00 21374670848.00 21385510912.00 21396883456.00 21407954944.00 21419018240.00 21430026240.00 21440917504.00 21452089344.00 21463296000.00 21474330624.00 
21485074432.00 21496375296.00 21507377152.00 21518585856.00 21529436160.00 21540585472.00 21551837184.00 21562722304.00 21573738496.00 21584906240.00 21595086848.00 21606940672.00 21617754112.00 21629081600.00 21640067072.00 21651105792.00 21662162944.00 21673400320.00 21684287488.00 21695358976.00 
21705771008.00 21717485568.00 21728509952.00 21739646976.00 21750571008.00 21761650688.00 21772673024.00 21783801856.00 21794588672.00 21805940736.00 21816762368.00 21827833856.00 21838958592.00 21850118144.00 21861017600.00 21871771648.00 21883045888.00 21894103040.00 21905186816.00 21916280832.00 
21927010304.00 21938348032.00 21949403136.00 21960374272.00 21971130368.00 21982345216.00 21993359360.00 22004393984.00 22015328256.00 22026352640.00 22037237760.00 22048305152.00 22059003904.00 22070046720.00 22080772096.00 22091456512.00 22101981184.00 22112122880.00 22121342976.00 22126915584.00 
end   dump: w
==END   DUMP_ARRAYS==
Time in seconds = 0.076591
