Sender: LSF System <lsfadmin@polus-c2-ib.bmc.hpc.cs.msu.ru>
Subject: Job 494091: <./large.o> in cluster <MSUCluster> Done

Job <./large.o> was submitted from host <polus-ib.bmc.hpc.cs.msu.ru> by user <edu-cmc-skpod19-328-11> in cluster <MSUCluster> at Fri Nov 29 23:40:33 2019
Job was executed on host(s) <15*polus-c2-ib.bmc.hpc.cs.msu.ru>, in queue <short>, as user <edu-cmc-skpod19-328-11> in cluster <MSUCluster> at Fri Nov 29 23:44:28 2019
                            <5*polus-c4-ib.bmc.hpc.cs.msu.ru>
</home_edu/edu-cmc-skpod19-328/edu-cmc-skpod19-328-11> was used as the home directory.
</home_edu/edu-cmc-skpod19-328/edu-cmc-skpod19-328-11/dep_gemver> was used as the working directory.
Started at Fri Nov 29 23:44:28 2019
Terminated at Fri Nov 29 23:44:30 2019
Results reported at Fri Nov 29 23:44:30 2019

Your job looked like:

------------------------------------------------------------
# LSBATCH: User input
./large.o
------------------------------------------------------------

Successfully completed.

Resource usage summary:

    CPU time :                                   9.43 sec.
    Max Memory :                                 1 MB
    Average Memory :                             1.00 MB
    Total Requested Memory :                     -
    Delta Memory :                               -
    Max Swap :                                   -
    Max Processes :                              1
    Max Threads :                                1
    Run time :                                   1 sec.
    Turnaround time :                            237 sec.

The output (if any) follows:

==BEGIN DUMP_ARRAYS==
begin dump: w
0.00 0.00 0.00 0.00 0.00 0.00 0.00 0.00 0.00 0.00 0.00 0.00 0.00 0.00 0.00 0.00 0.00 0.00 0.00 0.00 
0.00 0.00 0.00 0.00 0.00 0.00 0.00 0.00 0.00 0.00 0.00 0.00 0.00 0.00 0.00 0.00 0.00 0.00 0.00 0.00 
0.00 0.00 0.00 0.00 0.00 0.00 0.00 0.00 0.00 0.00 0.00 0.00 0.00 0.00 0.00 0.00 0.00 0.00 0.00 0.00 
0.00 0.00 0.00 0.00 0.00 0.00 0.00 0.00 0.00 0.00 0.00 0.00 0.00 0.00 0.00 0.00 0.00 0.00 0.00 0.00 
0.00 0.00 0.00 0.00 0.00 0.00 0.00 0.00 0.00 0.00 0.00 0.00 0.00 0.00 0.00 0.00 0.00 0.00 0.00 0.00 
0.00 0.00 0.00 0.00 0.00 0.00 0.00 0.00 0.00 0.00 0.00 0.00 0.00 0.00 0.00 0.00 0.00 0.00 0.00 0.00 
0.00 0.00 0.00 0.00 0.00 0.00 0.00 0.00 0.00 0.00 0.00 0.00 0.00 0.00 0.00 0.00 0.00 0.00 0.00 0.00 
0.00 0.00 0.00 0.00 0.00 0.00 0.00 0.00 0.00 0.00 0.00 0.00 0.00 0.00 0.00 0.00 0.00 0.00 0.00 0.00 
0.00 0.00 0.00 0.00 0.00 0.00 0.00 0.00 0.00 0.00 0.00 0.00 0.00 0.00 0.00 0.00 0.00 0.00 0.00 0.00 
0.00 0.00 0.00 0.00 0.00 0.00 0.00 0.00 0.00 0.00 0.00 0.00 0.00 0.00 0.00 0.00 0.00 0.00 0.00 0.00 
0.00 0.00 0.00 0.00 0.00 0.00 0.00 0.00 0.00 0.00 0.00 0.00 0.00 0.00 0.00 0.00 0.00 0.00 0.00 0.00 
0.00 0.00 0.00 0.00 0.00 0.00 0.00 0.00 0.00 0.00 0.00 0.00 0.00 0.00 0.00 0.00 0.00 0.00 0.00 0.00 
0.00 0.00 0.00 0.00 0.00 0.00 0.00 0.00 0.00 0.00 0.00 0.00 0.00 0.00 0.00 0.00 0.00 0.00 0.00 0.00 
0.00 0.00 0.00 0.00 0.00 0.00 0.00 0.00 0.00 0.00 0.00 0.00 0.00 0.00 0.00 0.00 0.00 0.00 0.00 0.00 
0.00 0.00 0.00 0.00 0.00 0.00 0.00 0.00 0.00 0.00 0.00 0.00 0.00 0.00 0.00 0.00 0.00 0.00 0.00 0.00 
0.00 0.00 0.00 0.00 0.00 0.00 0.00 0.00 0.00 0.00 0.00 0.00 0.00 0.00 0.00 0.00 0.00 0.00 0.00 0.00 
0.00 0.00 0.00 0.00 0.00 0.00 0.00 0.00 0.00 0.00 0.00 0.00 0.00 0.00 0.00 0.00 0.00 0.00 0.00 0.00 
0.00 0.00 0.00 0.00 0.00 0.00 0.00 0.00 0.00 0.00 0.00 0.00 0.00 0.00 0.00 0.00 0.00 0.00 0.00 0.00 
0.00 0.00 0.00 0.00 0.00 0.00 0.00 0.00 0.00 0.00 0.00 0.00 0.00 0.00 0.00 0.00 0.00 0.00 0.00 0.00 
0.00 0.00 0.00 0.00 0.00 0.00 0.00 0.00 0.00 0.00 0.00 0.00 0.00 0.00 0.00 0.00 0.00 0.00 0.00 0.00 
0.00 0.00 0.00 0.00 0.00 0.00 0.00 0.00 0.00 0.00 0.00 0.00 0.00 0.00 0.00 0.00 0.00 0.00 0.00 0.00 
0.00 0.00 0.00 0.00 0.00 0.00 0.00 0.00 0.00 0.00 0.00 0.00 0.00 0.00 0.00 0.00 0.00 0.00 0.00 0.00 
0.00 0.00 0.00 0.00 0.00 0.00 0.00 0.00 0.00 0.00 0.00 0.00 0.00 0.00 0.00 0.00 0.00 0.00 0.00 0.00 
0.00 0.00 0.00 0.00 0.00 0.00 0.00 0.00 0.00 0.00 0.00 0.00 0.00 0.00 0.00 0.00 0.00 0.00 0.00 0.00 
0.00 0.00 0.00 0.00 0.00 0.00 0.00 0.00 0.00 0.00 0.00 0.00 0.00 0.00 0.00 0.00 0.00 0.00 0.00 0.00 
0.00 0.00 0.00 0.00 0.00 0.00 0.00 0.00 0.00 0.00 0.00 0.00 0.00 0.00 0.00 0.00 0.00 0.00 0.00 0.00 
0.00 0.00 0.00 0.00 0.00 0.00 0.00 0.00 0.00 0.00 0.00 0.00 0.00 0.00 0.00 0.00 0.00 0.00 0.00 0.00 
0.00 0.00 0.00 0.00 0.00 0.00 0.00 0.00 0.00 0.00 0.00 0.00 0.00 0.00 0.00 0.00 0.00 0.00 0.00 0.00 
0.00 0.00 0.00 0.00 0.00 0.00 0.00 0.00 0.00 0.00 0.00 0.00 0.00 0.00 0.00 0.00 0.00 0.00 0.00 0.00 
0.00 0.00 0.00 0.00 0.00 0.00 0.00 0.00 0.00 0.00 0.00 0.00 0.00 0.00 0.00 0.00 0.00 0.00 0.00 0.00 
0.00 0.00 0.00 0.00 0.00 0.00 0.00 0.00 0.00 0.00 0.00 0.00 0.00 0.00 0.00 0.00 0.00 0.00 0.00 0.00 
0.00 0.00 0.00 0.00 0.00 0.00 0.00 0.00 0.00 0.00 0.00 0.00 0.00 0.00 0.00 0.00 0.00 0.00 0.00 0.00 
0.00 0.00 0.00 0.00 0.00 0.00 0.00 0.00 0.00 0.00 0.00 0.00 0.00 0.00 0.00 0.00 0.00 0.00 0.00 0.00 
0.00 0.00 0.00 0.00 0.00 0.00 0.00 0.00 0.00 0.00 0.00 0.00 0.00 0.00 0.00 0.00 0.00 0.00 0.00 0.00 
0.00 0.00 0.00 0.00 0.00 0.00 0.00 0.00 0.00 0.00 0.00 0.00 0.00 0.00 0.00 0.00 0.00 0.00 0.00 0.00 
0.00 0.00 0.00 0.00 0.00 0.00 0.00 0.00 0.00 0.00 0.00 0.00 0.00 0.00 0.00 0.00 0.00 0.00 0.00 0.00 
0.00 0.00 0.00 0.00 0.00 0.00 0.00 0.00 0.00 0.00 0.00 0.00 0.00 0.00 0.00 0.00 0.00 0.00 0.00 0.00 
0.00 0.00 0.00 0.00 0.00 0.00 0.00 0.00 0.00 0.00 0.00 0.00 0.00 0.00 0.00 0.00 0.00 0.00 0.00 0.00 
0.00 0.00 0.00 0.00 0.00 0.00 0.00 0.00 0.00 0.00 0.00 0.00 0.00 0.00 0.00 0.00 0.00 0.00 0.00 0.00 
0.00 0.00 0.00 0.00 0.00 0.00 0.00 0.00 0.00 0.00 0.00 0.00 0.00 0.00 0.00 0.00 0.00 0.00 0.00 0.00 
0.00 0.00 0.00 0.00 0.00 0.00 0.00 0.00 0.00 0.00 0.00 0.00 0.00 0.00 0.00 0.00 0.00 0.00 0.00 0.00 
0.00 0.00 0.00 0.00 0.00 0.00 0.00 0.00 0.00 0.00 0.00 0.00 0.00 0.00 0.00 0.00 0.00 0.00 0.00 0.00 
0.00 0.00 0.00 0.00 0.00 0.00 0.00 0.00 0.00 0.00 0.00 0.00 0.00 0.00 0.00 0.00 0.00 0.00 0.00 0.00 
0.00 0.00 0.00 0.00 0.00 0.00 0.00 0.00 0.00 0.00 0.00 0.00 0.00 0.00 0.00 0.00 0.00 0.00 0.00 0.00 
0.00 0.00 0.00 0.00 0.00 0.00 0.00 0.00 0.00 0.00 0.00 0.00 0.00 0.00 0.00 0.00 0.00 0.00 0.00 0.00 
0.00 0.00 0.00 0.00 0.00 0.00 0.00 0.00 0.00 0.00 0.00 0.00 0.00 0.00 0.00 0.00 0.00 0.00 0.00 0.00 
0.00 0.00 0.00 0.00 0.00 0.00 0.00 0.00 0.00 0.00 0.00 0.00 0.00 0.00 0.00 0.00 0.00 0.00 0.00 0.00 
0.00 0.00 0.00 0.00 0.00 0.00 0.00 0.00 0.00 0.00 0.00 0.00 0.00 0.00 0.00 0.00 0.00 0.00 0.00 0.00 
0.00 0.00 0.00 0.00 0.00 0.00 0.00 0.00 0.00 0.00 0.00 0.00 0.00 0.00 0.00 0.00 0.00 0.00 0.00 0.00 
0.00 0.00 0.00 0.00 0.00 0.00 0.00 0.00 0.00 0.00 0.00 0.00 0.00 0.00 0.00 0.00 0.00 0.00 0.00 0.00 
0.00 0.00 0.00 0.00 0.00 0.00 0.00 0.00 0.00 0.00 0.00 0.00 0.00 0.00 0.00 0.00 0.00 0.00 0.00 0.00 
0.00 0.00 0.00 0.00 0.00 0.00 0.00 0.00 0.00 0.00 0.00 0.00 0.00 0.00 0.00 0.00 0.00 0.00 0.00 0.00 
0.00 0.00 0.00 0.00 0.00 0.00 0.00 0.00 0.00 0.00 0.00 0.00 0.00 0.00 0.00 0.00 0.00 0.00 0.00 0.00 
0.00 0.00 0.00 0.00 0.00 0.00 0.00 0.00 0.00 0.00 0.00 0.00 0.00 0.00 0.00 0.00 0.00 0.00 0.00 0.00 
0.00 0.00 0.00 0.00 0.00 0.00 0.00 0.00 0.00 0.00 0.00 0.00 0.00 0.00 0.00 0.00 0.00 0.00 0.00 0.00 
0.00 0.00 0.00 0.00 0.00 0.00 0.00 0.00 0.00 0.00 0.00 0.00 0.00 0.00 0.00 0.00 0.00 0.00 0.00 0.00 
0.00 0.00 0.00 0.00 0.00 0.00 0.00 0.00 0.00 0.00 0.00 0.00 0.00 0.00 0.00 0.00 0.00 0.00 0.00 0.00 
0.00 0.00 0.00 0.00 0.00 0.00 0.00 0.00 0.00 0.00 0.00 0.00 0.00 0.00 0.00 0.00 0.00 0.00 0.00 0.00 
0.00 0.00 0.00 0.00 0.00 0.00 0.00 0.00 0.00 0.00 0.00 0.00 0.00 0.00 0.00 0.00 0.00 0.00 0.00 0.00 
0.00 0.00 0.00 0.00 0.00 0.00 0.00 0.00 0.00 0.00 0.00 0.00 0.00 0.00 0.00 0.00 0.00 0.00 0.00 0.00 
0.00 0.00 0.00 0.00 0.00 0.00 0.00 0.00 0.00 0.00 0.00 0.00 0.00 0.00 0.00 0.00 0.00 0.00 0.00 0.00 
0.00 0.00 0.00 0.00 0.00 0.00 0.00 0.00 0.00 0.00 0.00 0.00 0.00 0.00 0.00 0.00 0.00 0.00 0.00 0.00 
0.00 0.00 0.00 0.00 0.00 0.00 0.00 0.00 0.00 0.00 0.00 0.00 0.00 0.00 0.00 0.00 0.00 0.00 0.00 0.00 
0.00 0.00 0.00 0.00 0.00 0.00 0.00 0.00 0.00 0.00 0.00 0.00 0.00 0.00 0.00 0.00 0.00 0.00 0.00 0.00 
0.00 0.00 0.00 0.00 0.00 0.00 0.00 0.00 0.00 0.00 0.00 0.00 0.00 0.00 0.00 0.00 0.00 0.00 0.00 0.00 
0.00 0.00 0.00 0.00 0.00 0.00 0.00 0.00 0.00 0.00 0.00 0.00 0.00 0.00 0.00 0.00 0.00 0.00 0.00 0.00 
0.00 0.00 0.00 0.00 0.00 0.00 0.00 0.00 0.00 0.00 0.00 0.00 0.00 0.00 0.00 0.00 0.00 0.00 0.00 0.00 
0.00 0.00 0.00 0.00 0.00 0.00 0.00 0.00 0.00 0.00 0.00 0.00 0.00 0.00 0.00 0.00 0.00 0.00 0.00 0.00 
0.00 0.00 0.00 0.00 0.00 0.00 0.00 0.00 0.00 0.00 0.00 0.00 0.00 0.00 0.00 0.00 0.00 0.00 0.00 0.00 
0.00 0.00 0.00 0.00 0.00 0.00 0.00 0.00 0.00 0.00 0.00 0.00 0.00 0.00 0.00 0.00 0.00 0.00 0.00 0.00 
0.00 0.00 0.00 0.00 0.00 0.00 0.00 0.00 0.00 0.00 0.00 0.00 0.00 0.00 0.00 0.00 0.00 0.00 0.00 0.00 
0.00 0.00 0.00 0.00 0.00 0.00 0.00 0.00 0.00 0.00 0.00 0.00 0.00 0.00 0.00 0.00 0.00 0.00 0.00 0.00 
0.00 0.00 0.00 0.00 0.00 0.00 0.00 0.00 0.00 0.00 0.00 0.00 0.00 0.00 0.00 0.00 0.00 0.00 0.00 0.00 
0.00 0.00 0.00 0.00 0.00 0.00 0.00 0.00 0.00 0.00 0.00 0.00 0.00 0.00 0.00 0.00 0.00 0.00 0.00 0.00 
0.00 0.00 0.00 0.00 0.00 0.00 0.00 0.00 0.00 0.00 0.00 0.00 0.00 0.00 0.00 0.00 0.00 0.00 0.00 0.00 
0.00 0.00 0.00 0.00 0.00 0.00 0.00 0.00 0.00 0.00 0.00 0.00 0.00 0.00 0.00 0.00 0.00 0.00 0.00 0.00 
0.00 0.00 0.00 0.00 0.00 0.00 0.00 0.00 0.00 0.00 0.00 0.00 0.00 0.00 0.00 0.00 0.00 0.00 0.00 0.00 
0.00 0.00 0.00 0.00 0.00 0.00 0.00 0.00 0.00 0.00 0.00 0.00 0.00 0.00 0.00 0.00 0.00 0.00 0.00 0.00 
0.00 0.00 0.00 0.00 0.00 0.00 0.00 0.00 0.00 0.00 0.00 0.00 0.00 0.00 0.00 0.00 0.00 0.00 0.00 0.00 
0.00 0.00 0.00 0.00 0.00 0.00 0.00 0.00 0.00 0.00 0.00 0.00 0.00 0.00 0.00 0.00 0.00 0.00 0.00 0.00 
0.00 0.00 0.00 0.00 0.00 0.00 0.00 0.00 0.00 0.00 0.00 0.00 0.00 0.00 0.00 0.00 0.00 0.00 0.00 0.00 
0.00 0.00 0.00 0.00 0.00 0.00 0.00 0.00 0.00 0.00 0.00 0.00 0.00 0.00 0.00 0.00 0.00 0.00 0.00 0.00 
0.00 0.00 0.00 0.00 0.00 0.00 0.00 0.00 0.00 0.00 0.00 0.00 0.00 0.00 0.00 0.00 0.00 0.00 0.00 0.00 
0.00 0.00 0.00 0.00 0.00 0.00 0.00 0.00 0.00 0.00 0.00 0.00 0.00 0.00 0.00 0.00 0.00 0.00 0.00 0.00 
0.00 0.00 0.00 0.00 0.00 0.00 0.00 0.00 0.00 0.00 0.00 0.00 0.00 0.00 0.00 0.00 0.00 0.00 0.00 0.00 
0.00 0.00 0.00 0.00 0.00 0.00 0.00 0.00 0.00 0.00 0.00 0.00 0.00 0.00 0.00 0.00 0.00 0.00 0.00 0.00 
0.00 0.00 0.00 0.00 0.00 0.00 0.00 0.00 0.00 0.00 0.00 0.00 0.00 0.00 0.00 0.00 0.00 0.00 0.00 0.00 
0.00 0.00 0.00 0.00 0.00 0.00 0.00 0.00 0.00 0.00 0.00 0.00 0.00 0.00 0.00 0.00 0.00 0.00 0.00 0.00 
0.00 0.00 0.00 0.00 0.00 0.00 0.00 0.00 0.00 0.00 0.00 0.00 0.00 0.00 0.00 0.00 0.00 0.00 0.00 0.00 
0.00 0.00 0.00 0.00 0.00 0.00 0.00 0.00 0.00 0.00 0.00 0.00 0.00 0.00 0.00 0.00 0.00 0.00 0.00 0.00 
0.00 0.00 0.00 0.00 0.00 0.00 0.00 0.00 0.00 0.00 0.00 0.00 0.00 0.00 0.00 0.00 0.00 0.00 0.00 0.00 
0.00 0.00 0.00 0.00 0.00 0.00 0.00 0.00 0.00 0.00 0.00 0.00 0.00 0.00 0.00 0.00 0.00 0.00 0.00 0.00 
0.00 0.00 0.00 0.00 0.00 0.00 0.00 0.00 0.00 0.00 0.00 0.00 0.00 0.00 0.00 0.00 0.00 0.00 0.00 0.00 
0.00 0.00 0.00 0.00 0.00 0.00 0.00 0.00 0.00 0.00 0.00 0.00 0.00 0.00 0.00 0.00 0.00 0.00 0.00 0.00 
0.00 0.00 0.00 0.00 0.00 0.00 0.00 0.00 0.00 0.00 0.00 0.00 0.00 0.00 0.00 0.00 0.00 0.00 0.00 0.00 
0.00 0.00 0.00 0.00 0.00 0.00 0.00 0.00 0.00 0.00 0.00 0.00 0.00 0.00 0.00 0.00 0.00 0.00 0.00 0.00 
0.00 0.00 0.00 0.00 0.00 0.00 0.00 0.00 0.00 0.00 0.00 0.00 0.00 0.00 0.00 0.00 0.00 0.00 0.00 0.00 
0.00 0.00 0.00 0.00 0.00 0.00 0.00 0.00 0.00 0.00 0.00 0.00 0.00 0.00 0.00 0.00 0.00 0.00 0.00 0.00 
0.00 0.00 0.00 0.00 0.00 0.00 0.00 0.00 0.00 0.00 0.00 0.00 0.00 0.00 0.00 0.00 0.00 0.00 0.00 0.00 
0.00 0.00 0.00 0.00 0.00 0.00 0.00 0.00 0.00 0.00 0.00 0.00 0.00 0.00 0.00 0.00 0.00 0.00 0.00 0.00 
end   dump: w
==END   DUMP_ARRAYS==
==BEGIN DUMP_ARRAYS==
begin dump: w
1864.22 55896812.00 61472928.00 70808080.00 80946816.00 91572920.00 102521048.00 113440312.00 124264016.00 135435312.00 146364144.00 157620864.00 168633840.00 179838976.00 190927840.00 201988768.00 212966128.00 224364144.00 235432112.00 246649968.00 
257492992.00 268998240.00 280175840.00 291441408.00 302346336.00 313216992.00 324852800.00 335938688.00 347105440.00 358484480.00 369365024.00 380598624.00 391606304.00 403030464.00 414222176.00 425294368.00 436505920.00 447648192.00 458916416.00 470110016.00 
480630240.00 492457056.00 503631072.00 514731584.00 525968256.00 537132160.00 548413440.00 559553728.00 570471424.00 581924672.00 592295360.00 604271104.00 615429184.00 626658688.00 637675072.00 648928960.00 660070912.00 671344832.00 682605824.00 693805568.00 
704602240.00 716119360.00 727239168.00 738584832.00 749404736.00 760788672.00 772030272.00 783245824.00 794360576.00 805960192.00 816625856.00 827877696.00 839040192.00 850389824.00 861306624.00 872295680.00 883864768.00 895275456.00 906250176.00 917460480.00 
927305344.00 939831744.00 950991168.00 962157056.00 973322304.00 984453248.00 995686912.00 1007409664.00 1018001920.00 1029334976.00 1040328128.00 1051915136.00 1062837504.00 1073801088.00 1085188992.00 1096252288.00 1107367296.00 1118795008.00 1129946496.00 1141055744.00 
1150695424.00 1163444736.00 1174689920.00 1185862528.00 1196962304.00 1208123008.00 1219463168.00 1230669824.00 1241726592.00 1252995072.00 1264038656.00 1275091968.00 1286354048.00 1297814784.00 1308939648.00 1320084096.00 1331289856.00 1342462720.00 1353774720.00 1364874496.00 
1375416576.00 1387247104.00 1398435328.00 1409591936.00 1420717312.00 1429880704.00 1443234176.00 1454550784.00 1465312128.00 1476409600.00 1487783168.00 1499078528.00 1510242944.00 1521368576.00 1532726656.00 1543812736.00 1554941568.00 1566379264.00 1577590656.00 1588650240.00 
1599479552.00 1610963328.00 1622087296.00 1633750400.00 1644330624.00 1655700352.00 1666917504.00 1678070272.00 1689159680.00 1700509056.00 1710842880.00 1722900864.00 1733904256.00 1745117824.00 1756812672.00 1767573504.00 1778740480.00 1790023936.00 1801206144.00 1812370944.00 
1822206080.00 1834717824.00 1845860608.00 1857081984.00 1868243712.00 1879376640.00 1890529152.00 1902065280.00 1912955008.00 1924098304.00 1935261568.00 1946571264.00 1957707392.00 1968957952.00 1980364544.00 1990933888.00 2002259712.00 2013788160.00 2024865152.00 2036044288.00 
2046922880.00 2058397312.00 2070118656.00 2080828928.00 2091929344.00 2103147520.00 2114276480.00 2125590400.00 2136701568.00 2147969536.00 2158945280.00 2170340608.00 2181257216.00 2192712704.00 2203865344.00 2214954496.00 2226162944.00 2237420544.00 2248550144.00 2259686400.00 
2267665152.00 2282250496.00 2293367040.00 2304604672.00 2315684608.00 2326853632.00 2338118656.00 2349430784.00 2360254208.00 2371724544.00 2382700800.00 2394107136.00 2405205760.00 2416441856.00 2427580928.00 2438736384.00 2449850624.00 2461186816.00 2472319744.00 2483536384.00 
2494383616.00 2505879808.00 2516504832.00 2528497408.00 2539312384.00 2550310912.00 2561901312.00 2573077760.00 2584200960.00 2595374336.00 2606464512.00 2617842688.00 2628887296.00 2640087040.00 2651321856.00 2662377216.00 2673723136.00 2684935680.00 2696044800.00 2707353088.00 
2717151488.00 2729693440.00 2740838144.00 2752140544.00 2763222528.00 2774365440.00 2785575936.00 2796768512.00 2807791872.00 2819050496.00 2826206720.00 2841690368.00 2852749568.00 2863944192.00 2875189248.00 2886239232.00 2897233920.00 2908684032.00 2919682816.00 2931107328.00 
2941907200.00 2953559040.00 2964589056.00 2975777024.00 2986844672.00 2998070784.00 3009263616.00 3020649472.00 3031680512.00 3042863872.00 3053938688.00 3065267968.00 3076202752.00 3087748608.00 3098894336.00 3109621504.00 3121245440.00 3132415744.00 3143591168.00 3154680832.00 
3165286656.00 3177197824.00 3188268288.00 3199425280.00 3210543616.00 3221538560.00 3233859584.00 3244478976.00 3255300608.00 3266704384.00 3277732864.00 3289076224.00 3300195072.00 3311482624.00 3322521600.00 3333695232.00 3344819456.00 3356155904.00 3367354112.00 3378486272.00 
3388048896.00 3400891648.00 3412091136.00 3422950144.00 3434201856.00 3445542656.00 3456775680.00 3467946240.00 3479347456.00 3490429696.00 3501442048.00 3512730880.00 3523818752.00 3535180544.00 3546316288.00 3557431296.00 3568781824.00 3579872512.00 3591042304.00 3602239744.00 
3612120064.00 3624755712.00 3635783680.00 3647018496.00 3658121984.00 3668960000.00 3680543744.00 3691753728.00 3702796544.00 3714039808.00 3725094400.00 3736383744.00 3747432448.00 3757953792.00 3770495232.00 3781360640.00 3792295936.00 3803728128.00 3814790144.00 3826222592.00 
3836912384.00 3848406528.00 3859566592.00 3870824448.00 3881828096.00 3893135104.00 3904317440.00 3915486208.00 3926750720.00 3937947392.00 3948249088.00 3960261120.00 3971169280.00 3983272960.00 3993849856.00 4004941568.00 4016139776.00 4027296512.00 4038540288.00 4050010880.00 
4060268032.00 4072102912.00 4083264000.00 4094357760.00 4105864448.00 4116850944.00 4128042752.00 4139274240.00 4150180352.00 4161599488.00 4172632064.00 4184001024.00 4195079680.00 4206357504.00 4217532672.00 4226641920.00 4239842816.00 4251143936.00 4262283264.00 4273497088.00 
4284338688.00 4296378880.00 4306988032.00 4318456320.00 4329144320.00 4340560384.00 4351853056.00 4362861568.00 4374081024.00 4385402880.00 4396351488.00 4407711744.00 4418750976.00 4430070272.00 4441246208.00 4452324864.00 4463519744.00 4474705920.00 4485810688.00 4496799232.00 
4501731840.00 4520016896.00 4530971136.00 4542141440.00 4553200128.00 4564346880.00 4575562240.00 4586771968.00 4597834240.00 4609108992.00 4620161024.00 4631538688.00 4642660864.00 4653843968.00 4665096192.00 4676145664.00 4687160320.00 4698656256.00 4709798400.00 4720975360.00 
4731845632.00 4742786048.00 4754513408.00 4765710848.00 4776770560.00 4787686912.00 4799271936.00 4810478592.00 4821530112.00 4832952320.00 4843912192.00 4855210496.00 4866153984.00 4877701120.00 4888766464.00 4899975168.00 4911113728.00 4922347008.00 4933503488.00 4944451072.00 
4955230208.00 4967074304.00 4978231808.00 4989409280.00 5000316928.00 5012002304.00 5023087104.00 5034245120.00 5045170688.00 5056818176.00 5066972672.00 5079000576.00 5090128384.00 5101367808.00 5112500736.00 5123676672.00 5134772224.00 5146020352.00 5157211648.00 5168281088.00 
5179295232.00 5190726656.00 5202127872.00 5213260800.00 5224157184.00 5235481088.00 5246706176.00 5257931264.00 5269041664.00 5280301568.00 5291316736.00 5302768640.00 5313775104.00 5325081088.00 5336264192.00 5347025920.00 5358462464.00 5369820160.00 5380992512.00 5392194560.00 
5402043392.00 5414425088.00 5425727488.00 5436970496.00 5448069120.00 5459275776.00 5470502400.00 5481683456.00 5492749312.00 5504077824.00 5515070464.00 5526383104.00 5537517568.00 5548759552.00 5559893504.00 5571001856.00 5581977088.00 5593358336.00 5604427264.00 5615274496.00 
5618764288.00 5638978560.00 5649828864.00 5660958720.00 5671921152.00 5683117056.00 5694288896.00 5705494016.00 5716676096.00 5727871488.00 5738916352.00 5750245888.00 5761172992.00 5772633088.00 5783754752.00 5794899456.00 5806032896.00 5817279488.00 5828521472.00 5839754240.00 
5850247168.00 5861990912.00 5873322496.00 5884430848.00 5895606272.00 5906419712.00 5917918208.00 5929231872.00 5940142080.00 5951551488.00 5962610176.00 5973952000.00 5985056256.00 5996191232.00 6007544832.00 6018637312.00 6029766144.00 6041068544.00 6052193280.00 6063385600.00 
6074299904.00 6085830144.00 6096960000.00 6108165632.00 6119071232.00 6130315264.00 6141895680.00 6152892416.00 6164114432.00 6175114752.00 6185681408.00 6197632000.00 6208784384.00 6220078592.00 6231233536.00 6242316800.00 6253616640.00 6264844288.00 6275940864.00 6287111168.00 
6297032704.00 6309593600.00 6320731136.00 6331919872.00 6343001088.00 6354202624.00 6365357568.00 6376621568.00 6387697152.00 6398982656.00 6409940992.00 6420897792.00 6432934912.00 6443915264.00 6455048704.00 6465807872.00 6477147136.00 6488614912.00 6499738624.00 6511060992.00 
6521798656.00 6533273088.00 6544457216.00 6555666944.00 6566758912.00 6577969152.00 6589225984.00 6600408064.00 6611415552.00 6622848512.00 6633824256.00 6645217280.00 6656080896.00 6667549696.00 6678702592.00 6689832960.00 6701032960.00 6712115712.00 6723416576.00 6734561792.00 
6742499328.00 6757130752.00 6768243712.00 6779415552.00 6790556672.00 6801716224.00 6812805632.00 6824118272.00 6835070976.00 6846608384.00 6857552896.00 6868848640.00 6880028160.00 6891260928.00 6902403072.00 6913425920.00 6924806144.00 6936007168.00 6947198976.00 6958280192.00 
6969262080.00 6980762624.00 6991915520.00 7003184128.00 7014039552.00 7023409152.00 7036731392.00 7047899136.00 7059027456.00 7070252544.00 7081289216.00 7092589056.00 7103762432.00 7115044352.00 7126143488.00 7137326080.00 7148457984.00 7159751680.00 7170916352.00 7182089728.00 
7191977984.00 7204439040.00 7215714816.00 7226961920.00 7237967872.00 7249115648.00 7260408320.00 7271450624.00 7282679296.00 7293920768.00 7304329216.00 7316305408.00 7327447552.00 7338629632.00 7349883392.00 7360983552.00 7371988480.00 7383360000.00 7394554880.00 7405711360.00 
7416591872.00 7428035584.00 7439196160.00 7450326528.00 7461275136.00 7472231424.00 7482337792.00 7499109888.00 7507420160.00 7518281728.00 7529159168.00 7540411904.00 7551293952.00 7562697728.00 7573847552.00 7584606208.00 7596121088.00 7607367680.00 7618611200.00 7629693952.00 
7640247296.00 7652085248.00 7663276032.00 7674512896.00 7685557760.00 7696757248.00 7708002304.00 7719163904.00 7730112512.00 7741580288.00 7752608256.00 7763951616.00 7775028736.00 7786301952.00 7797480960.00 7808564224.00 7819774464.00 7831108096.00 7842224128.00 7853358592.00 
7862928384.00 7875754496.00 7886962688.00 7898170880.00 7909076480.00 7920424448.00 7932005376.00 7942909440.00 7954033152.00 7965305856.00 7976320000.00 7987615232.00 7998705664.00 8009985024.00 8020999680.00 8032393216.00 8043519488.00 8054964736.00 8066058240.00 8077118464.00 
8086988288.00 8099501056.00 8110670336.00 8121838592.00 8132999680.00 8143824384.00 8155366912.00 8166311424.00 8177802240.00 8189061120.00 8200053760.00 8211387392.00 8222520320.00 8233735168.00 8244923392.00 8256053760.00 8267030016.00 8278675456.00 8289662464.00 8300825600.00 
8311724544.00 8323284992.00 8334441984.00 8345647104.00 8356663296.00 8367879680.00 8379128320.00 8390438912.00 8401440768.00 8412553216.00 8419759616.00 8435268096.00 8446121984.00 8457554944.00 8468684288.00 8479819264.00 8491020288.00 8502252032.00 8513408512.00 8524624896.00 
8535149568.00 8546973184.00 8558414336.00 8569331712.00 8580487680.00 8591674368.00 8602997760.00 8614103040.00 8625004544.00 8636200960.00 8647584768.00 8658888704.00 8670038016.00 8681186304.00 8692355072.00 8703203328.00 8714651648.00 8725954560.00 8737280000.00 8748378112.00 
8759218176.00 8770719744.00 8781873152.00 8793136128.00 8804030464.00 8815382528.00 8826677248.00 8837814272.00 8849031168.00 8860282880.00 8871219200.00 8882589696.00 8893639680.00 8904889344.00 8916073472.00 8927207424.00 8938389504.00 8949653504.00 8960672768.00 8971672576.00 
8976592896.00 8994886656.00 9005850624.00 9016958976.00 9028067328.00 9039214592.00 9050514432.00 9061463040.00 9072701440.00 9084111872.00 9095043072.00 9106418688.00 9117485056.00 9128677376.00 9139912704.00 9151096832.00 9162042368.00 9173481472.00 9184540672.00 9195852800.00 
9206724608.00 9218196480.00 9229392896.00 9240527872.00 9251726336.00 9262568448.00 9274088448.00 9285289984.00 9296487424.00 9307681792.00 9318736896.00 9330092032.00 9340967936.00 9352255488.00 9363718144.00 9374795776.00 9385987072.00 9397160960.00 9408387072.00 9419586560.00 
9430111232.00 9441946624.00 9452841984.00 9464373248.00 9475458048.00 9486610432.00 9497783296.00 9509069824.00 9519998976.00 9531426816.00 9541811200.00 9553746944.00 9564941312.00 9576173568.00 9587317760.00 9598423040.00 9609453568.00 9619365888.00 9632370688.00 9643428864.00 
9654252544.00 9665743872.00 9676871680.00 9688085504.00 9699031040.00 9710437376.00 9721660416.00 9732887552.00 9744001024.00 9755176960.00 9766264832.00 9777648640.00 9788651520.00 9799910400.00 9811088384.00 9820205056.00 9833476096.00 9844652032.00 9855744000.00 9867076608.00 
9876920320.00 9889461248.00 9900615680.00 9911799808.00 9922944000.00 9934097408.00 9945332736.00 9956504576.00 9967485952.00 9980155904.00 9990074368.00 10001404928.00 10012478464.00 10023713792.00 10034852864.00 10046002176.00 10056977408.00 10068434944.00 10079700992.00 10090811392.00 
10100331520.00 10113199104.00 10124442624.00 10135522304.00 10146611200.00 10157872128.00 10169127936.00 10180316160.00 10191373312.00 10201677824.00 10213791744.00 10225117184.00 10235995136.00 10247327744.00 10258576384.00 10269722624.00 10280905728.00 10292234240.00 10303259648.00 10314629120.00 
10325061632.00 10336875520.00 10348066816.00 10358436864.00 10370492416.00 10381270016.00 10392877056.00 10404065280.00 10414962688.00 10426436608.00 10437426176.00 10448701440.00 10459879424.00 10471015424.00 10482364416.00 10493454336.00 10504591360.00 10515894272.00 10527078400.00 10538259456.00 
10549126144.00 10560447488.00 10571852800.00 10582981632.00 10593934336.00 10605306880.00 10616571904.00 10627713024.00 10638935040.00 10650134528.00 10660507648.00 10672512000.00 10683533312.00 10694904832.00 10706053120.00 10717193216.00 10728371200.00 10739667968.00 10750824448.00 10761994240.00 
10771852288.00 10784337920.00 10795463680.00 10807124992.00 10817860608.00 10829008896.00 10840310784.00 10851429376.00 10862567424.00 10873848832.00 10884901888.00 10896184320.00 10907369472.00 10918864896.00 10929742848.00 10940536832.00 10951888896.00 10963291136.00 10974484480.00 10985669632.00 
10996544512.00 11008015360.00 11019196416.00 11030345728.00 11041443840.00 11052656640.00 11063914496.00 11074950144.00 11086222336.00 11097308160.00 11108430848.00 11119839232.00 11130635264.00 11141972992.00 11153115136.00 11164162048.00 11175243776.00 11186235392.00 11196962816.00 11206722560.00 
11203898368.00 11234713600.00 11244437504.00 11255203840.00 11266096128.00 11277139968.00 11288297472.00 11299473408.00 11310301184.00 11321611264.00 11332704256.00 11344138240.00 11355118592.00 11366489088.00 11377485824.00 11388654592.00 11399766016.00 11411099648.00 11422217216.00 11433424896.00 
11444275200.00 11455772672.00 11466931200.00 11478154240.00 11489048576.00 11500101632.00 11511674880.00 11522573312.00 11533983744.00 11545252864.00 11556246528.00 11567589376.00 11578642432.00 11590011904.00 11601104896.00 11612283904.00 11623485440.00 11634314240.00 11645939712.00 11657099264.00 
11666950144.00 11679453184.00 11690591232.00 11701780480.00 11712973824.00 11724111872.00 11735356416.00 11746533376.00 11757677568.00 11768936448.00 11779300352.00 11791318016.00 11802407936.00 11813725184.00 11824839680.00 11835985920.00 11846995968.00 11858463744.00 11869577216.00 11881000960.00 
11891685376.00 11903174656.00 11914339328.00 11925550080.00 11936612352.00 11947850752.00 11959046144.00 11970430976.00 11981466624.00 11992750080.00 12003714048.00 12015013888.00 12025981952.00 12037381120.00 12048537600.00 12059352064.00 12070864896.00 12083000320.00 12093347840.00 12104579072.00 
12115061760.00 12126817280.00 12138137600.00 12149206016.00 12160430080.00 12171580416.00 12182833152.00 12194126848.00 12204935168.00 12216320000.00 12227360768.00 12239772672.00 12249988096.00 12261124096.00 12272290816.00 12283445248.00 12294597632.00 12305923072.00 12316962816.00 12328247296.00 
12337790976.00 12350638080.00 12361704448.00 12372998144.00 12383947776.00 12395301888.00 12406562816.00 12417730560.00 12428865536.00 12440039424.00 12451064832.00 12461281280.00 12473715712.00 12484937728.00 12496088064.00 12507218944.00 12518402048.00 12529641472.00 12540791808.00 12551985152.00 
12561870848.00 12574372864.00 12585656320.00 12596791296.00 12607863808.00 12617051136.00 12630323200.00 12641534976.00 12652555264.00 12663802880.00 12674875392.00 12686269440.00 12697347072.00 12708550656.00 12719750144.00 12730878976.00 12741912576.00 12753367040.00 12764561408.00 12775706624.00 
12786544640.00 12798013440.00 12809030656.00 12822087680.00 12831747072.00 12842886144.00 12854094848.00 12865265664.00 12876397568.00 12887697408.00 12897992704.00 12910012416.00 12920946688.00 12932375552.00 12943629312.00 12954698752.00 12965886976.00 12977086464.00 12988563456.00 12999495680.00 
13010034688.00 13021859840.00 13033016320.00 13044278272.00 13055353856.00 13066505216.00 13077697536.00 13089187840.00 13099966464.00 13111354368.00 13122409472.00 13133757440.00 13144841216.00 13156144128.00 13167314944.00 13178064896.00 13189486592.00 13200919552.00 13212033024.00 13223240704.00 
13234085888.00 13245598720.00 13256870912.00 13267959808.00 13278894080.00 13290210304.00 13301502976.00 13312760832.00 13323878400.00 13335045120.00 13346102272.00 13357330432.00 13368496128.00 13379979264.00 13390893056.00 13402091520.00 13413266432.00 13424488448.00 13435555840.00 13446546432.00 
13451470848.00 13469768704.00 13480726528.00 13491784704.00 13502950400.00 13514094592.00 13525329920.00 13536562176.00 13547566080.00 13558855680.00 13569901568.00 13581151232.00 13592310784.00 13603631104.00 13614739456.00 13625927680.00 13636911104.00 13648305152.00 13659543552.00 13670720512.00 
13681573888.00 13693076480.00 13704133632.00 13715486720.00 13726558208.00 13737431040.00 13749055488.00 13760258048.00 13771307008.00 13782553600.00 13793545216.00 13805236224.00 13815934976.00 13827340288.00 13838412800.00 13849624576.00 13860865024.00 13872117760.00 13882990592.00 13894480896.00 
13904986112.00 13916822528.00 13927995392.00 13939182592.00 13950330880.00 13961484288.00 13972732928.00 13983890432.00 13994805248.00 14006173696.00 14013328384.00 14028886016.00 14039898112.00 14050990080.00 14062297088.00 14073430016.00 14084545536.00 14095801344.00 14106977280.00 14118174720.00 
14129084416.00 14140609536.00 14151738368.00 14162768896.00 14173915136.00 14185256960.00 14196483072.00 14207716352.00 14218820608.00 14230056960.00 14241085440.00 14252377088.00 14263395328.00 14275136512.00 14286034944.00 14296802304.00 14308347904.00 14319606784.00 14330743808.00 14341944320.00 
14351796224.00 14364328960.00 14375353344.00 14386475008.00 14397812736.00 14408931328.00 14420409344.00 14431463424.00 14442500096.00 14453821440.00 14464833536.00 14476134400.00 14487306240.00 14498529280.00 14509404160.00 14520883200.00 14531878912.00 14543263744.00 14554435584.00 14565692416.00 
14575196160.00 14588088320.00 14599187456.00 14610336768.00 14621432832.00 14632731648.00 14643936256.00 14655129600.00 14666328064.00 14677479424.00 14688532480.00 14699858944.00 14710823936.00 14722278400.00 14733408256.00 14744552448.00 14755782656.00 14766935040.00 14778137600.00 14789356544.00 
14799881216.00 14811752448.00 14822804480.00 14834080768.00 14845221888.00 14856024064.00 14867573760.00 14878747648.00 14889651200.00 14901023744.00 14911975424.00 14923157504.00 14933928960.00 14942343168.00 14959077376.00 14969071616.00 14979929088.00 14991128576.00 15002206208.00 15013400576.00 
15024214016.00 15035747328.00 15046862848.00 15058084864.00 15068965888.00 15080324096.00 15091529728.00 15102800896.00 15113881600.00 15125137408.00 15135470592.00 15147524096.00 15158539264.00 15169990656.00 15181010944.00 15192193024.00 15203382272.00 15214479360.00 15225693184.00 15236997120.00 
15246815232.00 15259348992.00 15270506496.00 15281696768.00 15292878848.00 15303980032.00 15315264512.00 15326405632.00 15337449472.00 15348862976.00 15359854592.00 15371194368.00 15382318080.00 15393556480.00 15404679168.00 15413837824.00 15426891776.00 15438263296.00 15449499648.00 15460677632.00 
15471546368.00 15483163648.00 15494211584.00 15505437696.00 15516403712.00 15527875584.00 15539006464.00 15550183424.00 15561318400.00 15572584448.00 15583586304.00 15594847232.00 15605863424.00 15617334272.00 15628609536.00 15639584768.00 15650790400.00 15662019584.00 15673158656.00 15684320256.00 
15692241920.00 15706883072.00 15717996544.00 15729328128.00 15740301312.00 15751475200.00 15762703360.00 15773892608.00 15784860672.00 15796225024.00 15807313920.00 15818604544.00 15829935104.00 15841055744.00 15852183552.00 15863340032.00 15874449408.00 15885777920.00 15896940544.00 15908160512.00 
15919003648.00 15930366976.00 15941670912.00 15952812032.00 15963798528.00 15974830080.00 15986362368.00 15997528064.00 16008401920.00 16020538368.00 16031211520.00 16042478592.00 16053506048.00 16064816128.00 16076058624.00 16087096320.00 16098348032.00 16109516800.00 16120681472.00 16131845120.00 
16141754368.00 16154328064.00 16165468160.00 16176592896.00 16187729920.00 16199002112.00 16210166784.00 16221368320.00 16232431616.00 16243810304.00 16254118912.00 16266329088.00 16277230592.00 16288544768.00 16299516928.00 16310991872.00 16321867776.00 16333270016.00 16344443904.00 16355600384.00 
16366499840.00 16378050560.00 16389212160.00 16400372736.00 16411437056.00 16422677504.00 16433874944.00 16445251584.00 16456280064.00 16467493888.00 16478539776.00 16489890816.00 16500788224.00 16512216064.00 16523489280.00 16534216704.00 16545736704.00 16557015040.00 16568077312.00 16579450880.00 
16589894656.00 16601688064.00 16612888576.00 16624150528.00 16635322368.00 16646403072.00 16657665024.00 16668806144.00 16679776256.00 16691205120.00 16702230528.00 16713578496.00 16724657152.00 16735959040.00 16747112448.00 16758187008.00 16769277952.00 16780483584.00 16791584768.00 16802470912.00 
16805919744.00 16826175488.00 16836993024.00 16848073728.00 16858959872.00 16870305792.00 16881508352.00 16892681216.00 16903832576.00 16915061760.00 16926063616.00 16937361408.00 16948461568.00 16959742976.00 16970909696.00 16982037504.00 16993271808.00 17004477440.00 17015676928.00 17027006464.00 
17036747776.00 17049253888.00 17060425728.00 17071627264.00 17082882048.00 17093603328.00 17105142784.00 17116368896.00 17127445504.00 17138659328.00 17149826048.00 17161140224.00 17172291584.00 17183498240.00 17194708992.00 17205823488.00 17216796672.00 17228199936.00 17239281664.00 17250721792.00 
17261502464.00 17273159680.00 17284198400.00 17295433728.00 17306429440.00 17317621760.00 17328908288.00 17340073984.00 17351221248.00 17362440192.00 17372844032.00 17384620032.00 17395765248.00 17407193088.00 17418317824.00 17429307392.00 17441032192.00 17452044288.00 17463179264.00 17474373632.00 
17484906496.00 17496995840.00 17507905536.00 17519087616.00 17530234880.00 17541337088.00 17552644096.00 17563750400.00 17574793216.00 17586237440.00 17597233152.00 17608486912.00 17619814400.00 17630963712.00 17642131456.00 17652944896.00 17664440320.00 17675735040.00 17686882304.00 17698652160.00 
17708949504.00 17720469504.00 17731610624.00 17742786560.00 17753774080.00 17765163008.00 17776306176.00 17787596800.00 17798686720.00 17809901568.00 17820979200.00 17832329216.00 17843372032.00 17854662656.00 17865842688.00 17876946944.00 17888149504.00 17899307008.00 17910437888.00 17921421312.00 
17926340608.00 17944643584.00 17955594240.00 17966727168.00 17977817088.00 17988986880.00 18000162816.00 18011379712.00 18022453248.00 18033735680.00 18044790784.00 18056040448.00 18067255296.00 18078568448.00 18089553920.00 18100752384.00 18111782912.00 18122989568.00 18134435840.00 18145071104.00 
18156466176.00 18167947264.00 18179143680.00 18190311424.00 18201356288.00 18210625536.00 18223886336.00 18235082752.00 18246262784.00 18257438720.00 18268508160.00 18279833600.00 18290767872.00 18302162944.00 18313369600.00 18324445184.00 18335485952.00 18347073536.00 18358151168.00 18369337344.00 
18379864064.00 18391427072.00 18402861056.00 18414155776.00 18425223168.00 18436380672.00 18447564800.00 18458161152.00 18469775360.00 18481174528.00 18491561984.00 18503503872.00 18514585600.00 18525958144.00 18537084928.00 18548174848.00 18559373312.00 18570612736.00 18581825536.00 18593034240.00 
18603900928.00 18615234560.00 18626621440.00 18637709312.00 18648631296.00 18659942400.00 18670919680.00 18683488256.00 18693904384.00 18705078272.00 18716045312.00 18727405568.00 18738407424.00 18749689856.00 18760859648.00 18771654656.00 18783201280.00 18794436608.00 18805620736.00 18816698368.00 
18826678272.00 18839193600.00 18850371584.00 18861561856.00 18872551424.00 18883874816.00 18895091712.00 18906261504.00 18917392384.00 18928719872.00 18939697152.00 18951010304.00 18962014208.00 18973491200.00 18984638464.00 18995757056.00 19006754816.00 19018487808.00 19029327872.00 19040557056.00 
19050067968.00 19062956032.00 19074058240.00 19085295616.00 19096393728.00 19107602432.00 19118891008.00 19129966592.00 19141165056.00 19152379904.00 19163408384.00 19174733824.00 19185623040.00 19196950528.00 19207550976.00 19219777536.00 19230797824.00 19242008576.00 19253147648.00 19264249856.00 
19274846208.00 19286763520.00 19297816576.00 19309010944.00 19320086528.00 19331006464.00 19342524416.00 19353683968.00 19364730880.00 19376168960.00 19387211776.00 19398598656.00 19409657856.00 19420784640.00 19432136704.00 19443236864.00 19454349312.00 19465662464.00 19476836352.00 19487877120.00 
19498889216.00 19510331392.00 19521734656.00 19532763136.00 19543699456.00 19555055616.00 19566227456.00 19577491456.00 19588591616.00 19599769600.00 19606904832.00 19622393856.00 19633401856.00 19644672000.00 19655835648.00 19666931712.00 19678130176.00 19689318400.00 19700580352.00 19711752192.00 
19721629696.00 19734091776.00 19745380352.00 19756500992.00 19767613440.00 19778928640.00 19790084096.00 19801358336.00 19812323328.00 19823603712.00 19834669056.00 19846066176.00 19857143808.00 19868364800.00 19879522304.00 19890335744.00 19901614080.00 19912935424.00 19924901888.00 19935567872.00 
19946422272.00 19957901312.00 19969091584.00 19980251136.00 19991365632.00 20002574336.00 20013828096.00 20025014272.00 20036141056.00 20047329280.00 20058456064.00 20069726208.00 20080685056.00 20092014592.00 20103284736.00 20114458624.00 20125642752.00 20136839168.00 20148041728.00 20159180800.00 
20167077888.00 20181770240.00 20192864256.00 20204013568.00 20215169024.00 20226336768.00 20237533184.00 20248719360.00 20259659776.00 20271106048.00 20282195968.00 20293492736.00 20304646144.00 20315869184.00 20327133184.00 20338176000.00 20349274112.00 20360611840.00 20371292160.00 20383066112.00 
20393877504.00 20405393408.00 20416544768.00 20427651072.00 20438659072.00 20449705984.00 20461068288.00 20472469504.00 20483637248.00 20494862336.00 20505886720.00 20517359616.00 20528252928.00 20539377664.00 20550883328.00 20561948672.00 20573087744.00 20584359936.00 20595554304.00 20606726144.00 
20616599552.00 20629069824.00 20640225280.00 20651401216.00 20662618112.00 20673726464.00 20684595200.00 20696332288.00 20707315712.00 20718548992.00 20728956928.00 20740927488.00 20752187392.00 20763369472.00 20774492160.00 20785625088.00 20796604416.00 20807692288.00 20819331072.00 20830484480.00 
20841326592.00 20852787200.00 20863823872.00 20875069440.00 20886272000.00 20897501184.00 20908683264.00 20920070144.00 20931100672.00 20942383104.00 20953350144.00 20965019648.00 20975638528.00 20986888192.00 20998172672.00 21007370240.00 21020643328.00 21031841792.00 21042978816.00 21054201856.00 
21064716288.00 21076553728.00 21087639552.00 21098981376.00 21110061056.00 21121218560.00 21132468224.00 21143627776.00 21154560000.00 21166338048.00 21177110528.00 21188438016.00 21199599616.00 21210777600.00 21221935104.00 21233170432.00 21244246016.00 21255589888.00 21266747392.00 21277984768.00 
21287442432.00 21300402176.00 21311463424.00 21322629120.00 21333577728.00 21345058816.00 21356224512.00 21367638016.00 21378512896.00 21389531136.00 21400811520.00 21412110336.00 21423196160.00 21434015744.00 21445734400.00 21456852992.00 21468016640.00 21479290880.00 21490421760.00 21501620224.00 
21511489536.00 21523974144.00 21535156224.00 21546158080.00 21557475328.00 21568350208.00 21580099584.00 21591054336.00 21602168832.00 21613565952.00 21624516608.00 21635489792.00 21646993408.00 21658200064.00 21669365760.00 21680535552.00 21691525120.00 21702871040.00 21714149376.00 21725308928.00 
21736208384.00 21747648512.00 21758810112.00 21770102784.00 21781141504.00 21792368640.00 21803722752.00 21814773760.00 21825921024.00 21837182976.00 21847529472.00 21859522560.00 21870448640.00 21881882624.00 21892988928.00 21904187392.00 21915365376.00 21926717440.00 21937768448.00 21948981248.00 
21959507968.00 21971341312.00 21982490624.00 21993787392.00 22004842496.00 22016016384.00 22027188224.00 22038425600.00 22049347584.00 22060855296.00 22071783424.00 22082955264.00 22094231552.00 22105501696.00 22116540416.00 22127415296.00 22138845184.00 22150010880.00 22161240064.00 22172430336.00 
22183303168.00 22194796544.00 22205976576.00 22217076736.00 22227980288.00 22239301632.00 22250491904.00 22261612544.00 22272718848.00 22283837440.00 22294773760.00 22306027520.00 22316945408.00 22328027136.00 22338881536.00 22349731840.00 22360379392.00 22370631680.00 22379943936.00 22385557504.00 
end   dump: w
==END   DUMP_ARRAYS==
Time in seconds = 0.090471
