Sender: LSF System <lsfadmin@polus-c3-ib.bmc.hpc.cs.msu.ru>
Subject: Job 493734: <./large.o> in cluster <MSUCluster> Done

Job <./large.o> was submitted from host <polus-ib.bmc.hpc.cs.msu.ru> by user <edu-cmc-skpod19-328-11> in cluster <MSUCluster> at Fri Nov 29 23:37:30 2019
Job was executed on host(s) <3*polus-c3-ib.bmc.hpc.cs.msu.ru>, in queue <short>, as user <edu-cmc-skpod19-328-11> in cluster <MSUCluster> at Fri Nov 29 23:38:14 2019
</home_edu/edu-cmc-skpod19-328/edu-cmc-skpod19-328-11> was used as the home directory.
</home_edu/edu-cmc-skpod19-328/edu-cmc-skpod19-328-11/dep_gemver> was used as the working directory.
Started at Fri Nov 29 23:38:14 2019
Terminated at Fri Nov 29 23:38:16 2019
Results reported at Fri Nov 29 23:38:16 2019

Your job looked like:

------------------------------------------------------------
# LSBATCH: User input
./large.o
------------------------------------------------------------

Successfully completed.

Resource usage summary:

    CPU time :                                   8.34 sec.
    Max Memory :                                 40 MB
    Average Memory :                             28.00 MB
    Total Requested Memory :                     -
    Delta Memory :                               -
    Max Swap :                                   -
    Max Processes :                              3
    Max Threads :                                163
    Run time :                                   1 sec.
    Turnaround time :                            46 sec.

The output (if any) follows:

==BEGIN DUMP_ARRAYS==
begin dump: w
0.00 0.00 0.00 0.00 0.00 0.00 0.00 0.00 0.00 0.00 0.00 0.00 0.00 0.00 0.00 0.00 0.00 0.00 0.00 0.00 
0.00 0.00 0.00 0.00 0.00 0.00 0.00 0.00 0.00 0.00 0.00 0.00 0.00 0.00 0.00 0.00 0.00 0.00 0.00 0.00 
0.00 0.00 0.00 0.00 0.00 0.00 0.00 0.00 0.00 0.00 0.00 0.00 0.00 0.00 0.00 0.00 0.00 0.00 0.00 0.00 
0.00 0.00 0.00 0.00 0.00 0.00 0.00 0.00 0.00 0.00 0.00 0.00 0.00 0.00 0.00 0.00 0.00 0.00 0.00 0.00 
0.00 0.00 0.00 0.00 0.00 0.00 0.00 0.00 0.00 0.00 0.00 0.00 0.00 0.00 0.00 0.00 0.00 0.00 0.00 0.00 
0.00 0.00 0.00 0.00 0.00 0.00 0.00 0.00 0.00 0.00 0.00 0.00 0.00 0.00 0.00 0.00 0.00 0.00 0.00 0.00 
0.00 0.00 0.00 0.00 0.00 0.00 0.00 0.00 0.00 0.00 0.00 0.00 0.00 0.00 0.00 0.00 0.00 0.00 0.00 0.00 
0.00 0.00 0.00 0.00 0.00 0.00 0.00 0.00 0.00 0.00 0.00 0.00 0.00 0.00 0.00 0.00 0.00 0.00 0.00 0.00 
0.00 0.00 0.00 0.00 0.00 0.00 0.00 0.00 0.00 0.00 0.00 0.00 0.00 0.00 0.00 0.00 0.00 0.00 0.00 0.00 
0.00 0.00 0.00 0.00 0.00 0.00 0.00 0.00 0.00 0.00 0.00 0.00 0.00 0.00 0.00 0.00 0.00 0.00 0.00 0.00 
0.00 0.00 0.00 0.00 0.00 0.00 0.00 0.00 0.00 0.00 0.00 0.00 0.00 0.00 0.00 0.00 0.00 0.00 0.00 0.00 
0.00 0.00 0.00 0.00 0.00 0.00 0.00 0.00 0.00 0.00 0.00 0.00 0.00 0.00 0.00 0.00 0.00 0.00 0.00 0.00 
0.00 0.00 0.00 0.00 0.00 0.00 0.00 0.00 0.00 0.00 0.00 0.00 0.00 0.00 0.00 0.00 0.00 0.00 0.00 0.00 
0.00 0.00 0.00 0.00 0.00 0.00 0.00 0.00 0.00 0.00 0.00 0.00 0.00 0.00 0.00 0.00 0.00 0.00 0.00 0.00 
0.00 0.00 0.00 0.00 0.00 0.00 0.00 0.00 0.00 0.00 0.00 0.00 0.00 0.00 0.00 0.00 0.00 0.00 0.00 0.00 
0.00 0.00 0.00 0.00 0.00 0.00 0.00 0.00 0.00 0.00 0.00 0.00 0.00 0.00 0.00 0.00 0.00 0.00 0.00 0.00 
0.00 0.00 0.00 0.00 0.00 0.00 0.00 0.00 0.00 0.00 0.00 0.00 0.00 0.00 0.00 0.00 0.00 0.00 0.00 0.00 
0.00 0.00 0.00 0.00 0.00 0.00 0.00 0.00 0.00 0.00 0.00 0.00 0.00 0.00 0.00 0.00 0.00 0.00 0.00 0.00 
0.00 0.00 0.00 0.00 0.00 0.00 0.00 0.00 0.00 0.00 0.00 0.00 0.00 0.00 0.00 0.00 0.00 0.00 0.00 0.00 
0.00 0.00 0.00 0.00 0.00 0.00 0.00 0.00 0.00 0.00 0.00 0.00 0.00 0.00 0.00 0.00 0.00 0.00 0.00 0.00 
0.00 0.00 0.00 0.00 0.00 0.00 0.00 0.00 0.00 0.00 0.00 0.00 0.00 0.00 0.00 0.00 0.00 0.00 0.00 0.00 
0.00 0.00 0.00 0.00 0.00 0.00 0.00 0.00 0.00 0.00 0.00 0.00 0.00 0.00 0.00 0.00 0.00 0.00 0.00 0.00 
0.00 0.00 0.00 0.00 0.00 0.00 0.00 0.00 0.00 0.00 0.00 0.00 0.00 0.00 0.00 0.00 0.00 0.00 0.00 0.00 
0.00 0.00 0.00 0.00 0.00 0.00 0.00 0.00 0.00 0.00 0.00 0.00 0.00 0.00 0.00 0.00 0.00 0.00 0.00 0.00 
0.00 0.00 0.00 0.00 0.00 0.00 0.00 0.00 0.00 0.00 0.00 0.00 0.00 0.00 0.00 0.00 0.00 0.00 0.00 0.00 
0.00 0.00 0.00 0.00 0.00 0.00 0.00 0.00 0.00 0.00 0.00 0.00 0.00 0.00 0.00 0.00 0.00 0.00 0.00 0.00 
0.00 0.00 0.00 0.00 0.00 0.00 0.00 0.00 0.00 0.00 0.00 0.00 0.00 0.00 0.00 0.00 0.00 0.00 0.00 0.00 
0.00 0.00 0.00 0.00 0.00 0.00 0.00 0.00 0.00 0.00 0.00 0.00 0.00 0.00 0.00 0.00 0.00 0.00 0.00 0.00 
0.00 0.00 0.00 0.00 0.00 0.00 0.00 0.00 0.00 0.00 0.00 0.00 0.00 0.00 0.00 0.00 0.00 0.00 0.00 0.00 
0.00 0.00 0.00 0.00 0.00 0.00 0.00 0.00 0.00 0.00 0.00 0.00 0.00 0.00 0.00 0.00 0.00 0.00 0.00 0.00 
0.00 0.00 0.00 0.00 0.00 0.00 0.00 0.00 0.00 0.00 0.00 0.00 0.00 0.00 0.00 0.00 0.00 0.00 0.00 0.00 
0.00 0.00 0.00 0.00 0.00 0.00 0.00 0.00 0.00 0.00 0.00 0.00 0.00 0.00 0.00 0.00 0.00 0.00 0.00 0.00 
0.00 0.00 0.00 0.00 0.00 0.00 0.00 0.00 0.00 0.00 0.00 0.00 0.00 0.00 0.00 0.00 0.00 0.00 0.00 0.00 
0.00 0.00 0.00 0.00 0.00 0.00 0.00 0.00 0.00 0.00 0.00 0.00 0.00 0.00 0.00 0.00 0.00 0.00 0.00 0.00 
0.00 0.00 0.00 0.00 0.00 0.00 0.00 0.00 0.00 0.00 0.00 0.00 0.00 0.00 0.00 0.00 0.00 0.00 0.00 0.00 
0.00 0.00 0.00 0.00 0.00 0.00 0.00 0.00 0.00 0.00 0.00 0.00 0.00 0.00 0.00 0.00 0.00 0.00 0.00 0.00 
0.00 0.00 0.00 0.00 0.00 0.00 0.00 0.00 0.00 0.00 0.00 0.00 0.00 0.00 0.00 0.00 0.00 0.00 0.00 0.00 
0.00 0.00 0.00 0.00 0.00 0.00 0.00 0.00 0.00 0.00 0.00 0.00 0.00 0.00 0.00 0.00 0.00 0.00 0.00 0.00 
0.00 0.00 0.00 0.00 0.00 0.00 0.00 0.00 0.00 0.00 0.00 0.00 0.00 0.00 0.00 0.00 0.00 0.00 0.00 0.00 
0.00 0.00 0.00 0.00 0.00 0.00 0.00 0.00 0.00 0.00 0.00 0.00 0.00 0.00 0.00 0.00 0.00 0.00 0.00 0.00 
0.00 0.00 0.00 0.00 0.00 0.00 0.00 0.00 0.00 0.00 0.00 0.00 0.00 0.00 0.00 0.00 0.00 0.00 0.00 0.00 
0.00 0.00 0.00 0.00 0.00 0.00 0.00 0.00 0.00 0.00 0.00 0.00 0.00 0.00 0.00 0.00 0.00 0.00 0.00 0.00 
0.00 0.00 0.00 0.00 0.00 0.00 0.00 0.00 0.00 0.00 0.00 0.00 0.00 0.00 0.00 0.00 0.00 0.00 0.00 0.00 
0.00 0.00 0.00 0.00 0.00 0.00 0.00 0.00 0.00 0.00 0.00 0.00 0.00 0.00 0.00 0.00 0.00 0.00 0.00 0.00 
0.00 0.00 0.00 0.00 0.00 0.00 0.00 0.00 0.00 0.00 0.00 0.00 0.00 0.00 0.00 0.00 0.00 0.00 0.00 0.00 
0.00 0.00 0.00 0.00 0.00 0.00 0.00 0.00 0.00 0.00 0.00 0.00 0.00 0.00 0.00 0.00 0.00 0.00 0.00 0.00 
0.00 0.00 0.00 0.00 0.00 0.00 0.00 0.00 0.00 0.00 0.00 0.00 0.00 0.00 0.00 0.00 0.00 0.00 0.00 0.00 
0.00 0.00 0.00 0.00 0.00 0.00 0.00 0.00 0.00 0.00 0.00 0.00 0.00 0.00 0.00 0.00 0.00 0.00 0.00 0.00 
0.00 0.00 0.00 0.00 0.00 0.00 0.00 0.00 0.00 0.00 0.00 0.00 0.00 0.00 0.00 0.00 0.00 0.00 0.00 0.00 
0.00 0.00 0.00 0.00 0.00 0.00 0.00 0.00 0.00 0.00 0.00 0.00 0.00 0.00 0.00 0.00 0.00 0.00 0.00 0.00 
0.00 0.00 0.00 0.00 0.00 0.00 0.00 0.00 0.00 0.00 0.00 0.00 0.00 0.00 0.00 0.00 0.00 0.00 0.00 0.00 
0.00 0.00 0.00 0.00 0.00 0.00 0.00 0.00 0.00 0.00 0.00 0.00 0.00 0.00 0.00 0.00 0.00 0.00 0.00 0.00 
0.00 0.00 0.00 0.00 0.00 0.00 0.00 0.00 0.00 0.00 0.00 0.00 0.00 0.00 0.00 0.00 0.00 0.00 0.00 0.00 
0.00 0.00 0.00 0.00 0.00 0.00 0.00 0.00 0.00 0.00 0.00 0.00 0.00 0.00 0.00 0.00 0.00 0.00 0.00 0.00 
0.00 0.00 0.00 0.00 0.00 0.00 0.00 0.00 0.00 0.00 0.00 0.00 0.00 0.00 0.00 0.00 0.00 0.00 0.00 0.00 
0.00 0.00 0.00 0.00 0.00 0.00 0.00 0.00 0.00 0.00 0.00 0.00 0.00 0.00 0.00 0.00 0.00 0.00 0.00 0.00 
0.00 0.00 0.00 0.00 0.00 0.00 0.00 0.00 0.00 0.00 0.00 0.00 0.00 0.00 0.00 0.00 0.00 0.00 0.00 0.00 
0.00 0.00 0.00 0.00 0.00 0.00 0.00 0.00 0.00 0.00 0.00 0.00 0.00 0.00 0.00 0.00 0.00 0.00 0.00 0.00 
0.00 0.00 0.00 0.00 0.00 0.00 0.00 0.00 0.00 0.00 0.00 0.00 0.00 0.00 0.00 0.00 0.00 0.00 0.00 0.00 
0.00 0.00 0.00 0.00 0.00 0.00 0.00 0.00 0.00 0.00 0.00 0.00 0.00 0.00 0.00 0.00 0.00 0.00 0.00 0.00 
0.00 0.00 0.00 0.00 0.00 0.00 0.00 0.00 0.00 0.00 0.00 0.00 0.00 0.00 0.00 0.00 0.00 0.00 0.00 0.00 
0.00 0.00 0.00 0.00 0.00 0.00 0.00 0.00 0.00 0.00 0.00 0.00 0.00 0.00 0.00 0.00 0.00 0.00 0.00 0.00 
0.00 0.00 0.00 0.00 0.00 0.00 0.00 0.00 0.00 0.00 0.00 0.00 0.00 0.00 0.00 0.00 0.00 0.00 0.00 0.00 
0.00 0.00 0.00 0.00 0.00 0.00 0.00 0.00 0.00 0.00 0.00 0.00 0.00 0.00 0.00 0.00 0.00 0.00 0.00 0.00 
0.00 0.00 0.00 0.00 0.00 0.00 0.00 0.00 0.00 0.00 0.00 0.00 0.00 0.00 0.00 0.00 0.00 0.00 0.00 0.00 
0.00 0.00 0.00 0.00 0.00 0.00 0.00 0.00 0.00 0.00 0.00 0.00 0.00 0.00 0.00 0.00 0.00 0.00 0.00 0.00 
0.00 0.00 0.00 0.00 0.00 0.00 0.00 0.00 0.00 0.00 0.00 0.00 0.00 0.00 0.00 0.00 0.00 0.00 0.00 0.00 
0.00 0.00 0.00 0.00 0.00 0.00 0.00 0.00 0.00 0.00 0.00 0.00 0.00 0.00 0.00 0.00 0.00 0.00 0.00 0.00 
0.00 0.00 0.00 0.00 0.00 0.00 0.00 0.00 0.00 0.00 0.00 0.00 0.00 0.00 0.00 0.00 0.00 0.00 0.00 0.00 
0.00 0.00 0.00 0.00 0.00 0.00 0.00 0.00 0.00 0.00 0.00 0.00 0.00 0.00 0.00 0.00 0.00 0.00 0.00 0.00 
0.00 0.00 0.00 0.00 0.00 0.00 0.00 0.00 0.00 0.00 0.00 0.00 0.00 0.00 0.00 0.00 0.00 0.00 0.00 0.00 
0.00 0.00 0.00 0.00 0.00 0.00 0.00 0.00 0.00 0.00 0.00 0.00 0.00 0.00 0.00 0.00 0.00 0.00 0.00 0.00 
0.00 0.00 0.00 0.00 0.00 0.00 0.00 0.00 0.00 0.00 0.00 0.00 0.00 0.00 0.00 0.00 0.00 0.00 0.00 0.00 
0.00 0.00 0.00 0.00 0.00 0.00 0.00 0.00 0.00 0.00 0.00 0.00 0.00 0.00 0.00 0.00 0.00 0.00 0.00 0.00 
0.00 0.00 0.00 0.00 0.00 0.00 0.00 0.00 0.00 0.00 0.00 0.00 0.00 0.00 0.00 0.00 0.00 0.00 0.00 0.00 
0.00 0.00 0.00 0.00 0.00 0.00 0.00 0.00 0.00 0.00 0.00 0.00 0.00 0.00 0.00 0.00 0.00 0.00 0.00 0.00 
0.00 0.00 0.00 0.00 0.00 0.00 0.00 0.00 0.00 0.00 0.00 0.00 0.00 0.00 0.00 0.00 0.00 0.00 0.00 0.00 
0.00 0.00 0.00 0.00 0.00 0.00 0.00 0.00 0.00 0.00 0.00 0.00 0.00 0.00 0.00 0.00 0.00 0.00 0.00 0.00 
0.00 0.00 0.00 0.00 0.00 0.00 0.00 0.00 0.00 0.00 0.00 0.00 0.00 0.00 0.00 0.00 0.00 0.00 0.00 0.00 
0.00 0.00 0.00 0.00 0.00 0.00 0.00 0.00 0.00 0.00 0.00 0.00 0.00 0.00 0.00 0.00 0.00 0.00 0.00 0.00 
0.00 0.00 0.00 0.00 0.00 0.00 0.00 0.00 0.00 0.00 0.00 0.00 0.00 0.00 0.00 0.00 0.00 0.00 0.00 0.00 
0.00 0.00 0.00 0.00 0.00 0.00 0.00 0.00 0.00 0.00 0.00 0.00 0.00 0.00 0.00 0.00 0.00 0.00 0.00 0.00 
0.00 0.00 0.00 0.00 0.00 0.00 0.00 0.00 0.00 0.00 0.00 0.00 0.00 0.00 0.00 0.00 0.00 0.00 0.00 0.00 
0.00 0.00 0.00 0.00 0.00 0.00 0.00 0.00 0.00 0.00 0.00 0.00 0.00 0.00 0.00 0.00 0.00 0.00 0.00 0.00 
0.00 0.00 0.00 0.00 0.00 0.00 0.00 0.00 0.00 0.00 0.00 0.00 0.00 0.00 0.00 0.00 0.00 0.00 0.00 0.00 
0.00 0.00 0.00 0.00 0.00 0.00 0.00 0.00 0.00 0.00 0.00 0.00 0.00 0.00 0.00 0.00 0.00 0.00 0.00 0.00 
0.00 0.00 0.00 0.00 0.00 0.00 0.00 0.00 0.00 0.00 0.00 0.00 0.00 0.00 0.00 0.00 0.00 0.00 0.00 0.00 
0.00 0.00 0.00 0.00 0.00 0.00 0.00 0.00 0.00 0.00 0.00 0.00 0.00 0.00 0.00 0.00 0.00 0.00 0.00 0.00 
0.00 0.00 0.00 0.00 0.00 0.00 0.00 0.00 0.00 0.00 0.00 0.00 0.00 0.00 0.00 0.00 0.00 0.00 0.00 0.00 
0.00 0.00 0.00 0.00 0.00 0.00 0.00 0.00 0.00 0.00 0.00 0.00 0.00 0.00 0.00 0.00 0.00 0.00 0.00 0.00 
0.00 0.00 0.00 0.00 0.00 0.00 0.00 0.00 0.00 0.00 0.00 0.00 0.00 0.00 0.00 0.00 0.00 0.00 0.00 0.00 
0.00 0.00 0.00 0.00 0.00 0.00 0.00 0.00 0.00 0.00 0.00 0.00 0.00 0.00 0.00 0.00 0.00 0.00 0.00 0.00 
0.00 0.00 0.00 0.00 0.00 0.00 0.00 0.00 0.00 0.00 0.00 0.00 0.00 0.00 0.00 0.00 0.00 0.00 0.00 0.00 
0.00 0.00 0.00 0.00 0.00 0.00 0.00 0.00 0.00 0.00 0.00 0.00 0.00 0.00 0.00 0.00 0.00 0.00 0.00 0.00 
0.00 0.00 0.00 0.00 0.00 0.00 0.00 0.00 0.00 0.00 0.00 0.00 0.00 0.00 0.00 0.00 0.00 0.00 0.00 0.00 
0.00 0.00 0.00 0.00 0.00 0.00 0.00 0.00 0.00 0.00 0.00 0.00 0.00 0.00 0.00 0.00 0.00 0.00 0.00 0.00 
0.00 0.00 0.00 0.00 0.00 0.00 0.00 0.00 0.00 0.00 0.00 0.00 0.00 0.00 0.00 0.00 0.00 0.00 0.00 0.00 
0.00 0.00 0.00 0.00 0.00 0.00 0.00 0.00 0.00 0.00 0.00 0.00 0.00 0.00 0.00 0.00 0.00 0.00 0.00 0.00 
0.00 0.00 0.00 0.00 0.00 0.00 0.00 0.00 0.00 0.00 0.00 0.00 0.00 0.00 0.00 0.00 0.00 0.00 0.00 0.00 
0.00 0.00 0.00 0.00 0.00 0.00 0.00 0.00 0.00 0.00 0.00 0.00 0.00 0.00 0.00 0.00 0.00 0.00 0.00 0.00 
end   dump: w
==END   DUMP_ARRAYS==
==BEGIN DUMP_ARRAYS==
begin dump: w
1879.82 56364492.00 62003588.00 71477184.00 81713560.00 92455512.00 103388584.00 114394360.00 125400944.00 136643312.00 147646736.00 159012496.00 170088256.00 181361728.00 192559120.00 203735760.00 214786496.00 226305696.00 237475920.00 248723808.00 
259674416.00 271276416.00 282570144.00 293868672.00 304931680.00 315878336.00 327594912.00 338780384.00 350061280.00 361501312.00 372471680.00 383831296.00 394921504.00 406445888.00 417704256.00 428894592.00 440205696.00 451447648.00 462781728.00 474081568.00 
484668896.00 496624416.00 507886496.00 519053184.00 530412480.00 541658496.00 553013184.00 564252480.00 575286080.00 586859712.00 597261696.00 609352960.00 620620608.00 631950656.00 643053056.00 654409344.00 665654016.00 676979008.00 688362624.00 699649920.00 
710539392.00 722138240.00 733349504.00 744797568.00 755721792.00 767212416.00 778527424.00 789839360.00 801035840.00 812741824.00 823485184.00 834861760.00 846093888.00 857540160.00 868554304.00 879642944.00 891287104.00 902806336.00 913870400.00 925179264.00 
935096448.00 947719232.00 958990656.00 970228160.00 981502656.00 992740416.00 1004038528.00 1015868736.00 1026566144.00 1037981824.00 1049063936.00 1060747584.00 1071756928.00 1082821888.00 1094311936.00 1105465984.00 1116675712.00 1128198400.00 1139439232.00 1150631424.00 
1160339072.00 1173226496.00 1184559232.00 1195831680.00 1207023232.00 1218246912.00 1229707264.00 1241006080.00 1252147456.00 1263514240.00 1274655360.00 1285801344.00 1297154560.00 1308702080.00 1319916160.00 1331154560.00 1342462976.00 1353721600.00 1365136768.00 1376327936.00 
1386960256.00 1398893568.00 1410180096.00 1421426944.00 1432642688.00 1441889024.00 1455350912.00 1466763264.00 1477622272.00 1488788096.00 1500273152.00 1511661056.00 1522909952.00 1534125568.00 1545592192.00 1556771712.00 1567991936.00 1579529600.00 1590828032.00 1601981440.00 
1612892928.00 1624479104.00 1635702016.00 1647457792.00 1658128000.00 1669587712.00 1680906368.00 1692161792.00 1703330304.00 1714771328.00 1725193472.00 1737342976.00 1748447616.00 1759756928.00 1771551104.00 1782406528.00 1793665536.00 1805039488.00 1816319232.00 1827579648.00 
1837493248.00 1850104448.00 1861343104.00 1872667136.00 1883915264.00 1895140608.00 1906381568.00 1918018688.00 1928987136.00 1940230016.00 1951479040.00 1962889728.00 1974136960.00 1985463552.00 1996964352.00 2007633280.00 2019049472.00 2030679552.00 2041846656.00 2053129472.00 
2064083072.00 2075647104.00 2087472000.00 2098284672.00 2109470720.00 2120778112.00 2131996928.00 2143407872.00 2154614784.00 2165984000.00 2177046528.00 2188543232.00 2199551232.00 2211107072.00 2222350592.00 2233538816.00 2244828928.00 2256183552.00 2267393536.00 2278629632.00 
2286665216.00 2301383936.00 2312595712.00 2323918336.00 2335088640.00 2346352384.00 2357711104.00 2369124096.00 2380037888.00 2391609600.00 2402651136.00 2414179328.00 2425360128.00 2436690432.00 2447925248.00 2459177984.00 2470383872.00 2481812224.00 2493043968.00 2504345344.00 
2515286784.00 2526889472.00 2537593344.00 2549684224.00 2560587264.00 2571694848.00 2583365120.00 2594634752.00 2605863424.00 2617133056.00 2628307968.00 2639787264.00 2650916864.00 2662215424.00 2673539584.00 2684681728.00 2696129024.00 2707435008.00 2718644992.00 2730038784.00 
2739935232.00 2752573952.00 2763799552.00 2775185920.00 2786384384.00 2797619968.00 2808917248.00 2820203264.00 2831326720.00 2842669568.00 2849885440.00 2865505536.00 2876660736.00 2887940864.00 2899280128.00 2910422528.00 2921516288.00 2933045760.00 2944142848.00 2955674112.00 
2966562560.00 2978312704.00 2989428992.00 3000704256.00 3011870208.00 3023187712.00 3034477056.00 3045959168.00 3057085440.00 3068363520.00 3079519488.00 3090949632.00 3101976320.00 3113613824.00 3124862464.00 3135676416.00 3147392256.00 3158664704.00 3169933824.00 3181123584.00 
3191807232.00 3203810560.00 3214972928.00 3226234880.00 3237445888.00 3248521728.00 3260951040.00 3271664384.00 3282575616.00 3294066688.00 3305182976.00 3316635136.00 3327844864.00 3339224832.00 3350357248.00 3361628928.00 3372836352.00 3384267264.00 3395560448.00 3406793984.00 
3416430848.00 3429379840.00 3440677888.00 3451624192.00 3462973952.00 3474410240.00 3485736960.00 3496997632.00 3508498944.00 3519676160.00 3530774784.00 3542159360.00 3553343232.00 3564795392.00 3576020992.00 3587221760.00 3598671360.00 3609852672.00 3621132032.00 3632424192.00 
3642375424.00 3655119616.00 3666237184.00 3677566720.00 3688760832.00 3699695872.00 3711374848.00 3722681088.00 3733816320.00 3745154048.00 3756297984.00 3767683584.00 3778810880.00 3789434624.00 3802091264.00 3813042688.00 3824055808.00 3835587072.00 3846750976.00 3858268160.00 
3869052160.00 3880633856.00 3891892992.00 3903245312.00 3914348032.00 3925738496.00 3937011200.00 3948285696.00 3959642624.00 3970929408.00 3981314304.00 3993444352.00 4004425216.00 4016629248.00 4027303936.00 4038494208.00 4049776128.00 4061030912.00 4072374272.00 4083936000.00 
4094279168.00 4106198784.00 4117467904.00 4128654592.00 4140255744.00 4151334656.00 4162619648.00 4173945856.00 4184940032.00 4196457216.00 4207575552.00 4219046656.00 4230212864.00 4241590016.00 4252855808.00 4262041344.00 4275352064.00 4286747904.00 4297975808.00 4309286912.00 
4320224256.00 4332356608.00 4343063040.00 4354622464.00 4365402624.00 4376909824.00 4388296704.00 4399398912.00 4410712064.00 4422136320.00 4433176576.00 4444632064.00 4455762432.00 4467170816.00 4478452224.00 4489630720.00 4500901376.00 4512178176.00 4523367936.00 4534434304.00 
4539424768.00 4557889024.00 4568917504.00 4580182016.00 4591328768.00 4602572288.00 4613873152.00 4625190912.00 4636331520.00 4647695872.00 4658841088.00 4670333440.00 4681545728.00 4692824576.00 4704156160.00 4715306496.00 4726408192.00 4738013696.00 4749234688.00 4760518144.00 
4771463168.00 4782505984.00 4794328064.00 4805617664.00 4816768000.00 4827785216.00 4839458816.00 4850759168.00 4861904896.00 4873422336.00 4884478464.00 4895873536.00 4906906112.00 4918539264.00 4929707008.00 4941016064.00 4952239616.00 4963568640.00 4974822400.00 4985859584.00 
4996729344.00 5008665088.00 5019927040.00 5031194112.00 5042179072.00 5053975040.00 5065145344.00 5076391936.00 5087420928.00 5099161600.00 5109395968.00 5121532928.00 5132744192.00 5144078848.00 5155311616.00 5166591488.00 5177770496.00 5189115392.00 5200408064.00 5211554816.00 
5222672384.00 5234200576.00 5245686784.00 5256907264.00 5267897856.00 5279315968.00 5290642944.00 5301967872.00 5313155072.00 5324512768.00 5335617024.00 5347173888.00 5358277120.00 5369683456.00 5380953600.00 5391803904.00 5403328512.00 5414793216.00 5426054144.00 5437347840.00 
5447280128.00 5459770368.00 5471161344.00 5482495488.00 5493688320.00 5504990720.00 5516302848.00 5527586304.00 5538742272.00 5550164992.00 5561257984.00 5572653056.00 5583886336.00 5595214848.00 5606446080.00 5617648640.00 5628714496.00 5640184832.00 5651334656.00 5662276096.00 
5665803264.00 5686207488.00 5697146880.00 5708375040.00 5719420416.00 5730701312.00 5741969920.00 5753276416.00 5764547072.00 5775837184.00 5786962944.00 5798393344.00 5809407488.00 5820969472.00 5832183808.00 5843420672.00 5854644736.00 5865985024.00 5877327872.00 5888646656.00 
5899224064.00 5911071744.00 5922492928.00 5933696512.00 5944978432.00 5955867136.00 5967469056.00 5978883584.00 5989879296.00 6001385984.00 6012527616.00 6023961600.00 6035171840.00 6046386688.00 6057841664.00 6069036032.00 6080253952.00 6091646976.00 6102870528.00 6114148864.00 
6125156352.00 6136790016.00 6148016640.00 6159308800.00 6170306048.00 6181639168.00 6193305088.00 6204409344.00 6215730688.00 6226821120.00 6237470720.00 6249525248.00 6260773888.00 6272156160.00 6283402752.00 6294579200.00 6305985024.00 6317298688.00 6328494080.00 6339752960.00 
6349754368.00 6362429440.00 6373643776.00 6384931840.00 6396103168.00 6407405056.00 6418651648.00 6430012416.00 6441180672.00 6452541440.00 6463608320.00 6474652160.00 6486804992.00 6497877504.00 6509099008.00 6519940608.00 6531377664.00 6542930432.00 6554157056.00 6565577216.00 
6576392192.00 6587973120.00 6599257088.00 6610545152.00 6621737984.00 6633045504.00 6644395008.00 6655668224.00 6666761728.00 6678291456.00 6689367040.00 6700855808.00 6711811072.00 6723365888.00 6734614016.00 6745842688.00 6757145088.00 6768314880.00 6779706368.00 6790939648.00 
6798944768.00 6813708800.00 6824911360.00 6836177920.00 6847412224.00 6858665472.00 6869840384.00 6881255424.00 6892299264.00 6903924224.00 6914975232.00 6926352896.00 6937620480.00 6948947968.00 6960185344.00 6971307008.00 6982782976.00 6994066432.00 7005365760.00 7016532992.00 
7027610112.00 7039203328.00 7050448384.00 7061812224.00 7072761344.00 7082215424.00 7095635968.00 7106900992.00 7118125568.00 7129450496.00 7140568064.00 7151962624.00 7163224576.00 7174599168.00 7185796608.00 7197081600.00 7208312320.00 7219704320.00 7230968320.00 7242227712.00 
7252190208.00 7264748544.00 7276118528.00 7287454208.00 7298561024.00 7309786112.00 7321185792.00 7332331008.00 7343641088.00 7354981888.00 7365476864.00 7377567232.00 7388792832.00 7400068096.00 7411411968.00 7422604800.00 7433697792.00 7445173248.00 7456461312.00 7467726848.00 
7478683648.00 7490212352.00 7501479424.00 7512678400.00 7523719168.00 7534770176.00 7544979456.00 7561880064.00 7570286592.00 7581210112.00 7592201216.00 7603536384.00 7614509568.00 7626006016.00 7637255680.00 7648105984.00 7659712000.00 7671058432.00 7682381824.00 7693569024.00 
7704205824.00 7716132352.00 7727416320.00 7738771456.00 7749901312.00 7761197568.00 7772542976.00 7783776256.00 7794823168.00 7806392832.00 7817496576.00 7828953600.00 7840100352.00 7851491328.00 7862755328.00 7873942528.00 7885237248.00 7896667136.00 7907871232.00 7919115264.00 
7928740864.00 7941703168.00 7952990208.00 7964297216.00 7975286784.00 7986721792.00 7998403072.00 8009404928.00 8020630016.00 8031998976.00 8043101184.00 8054481920.00 8065667584.00 8077036544.00 8088143872.00 8099625984.00 8110859776.00 8122385920.00 8133589504.00 8144741376.00 
8154692608.00 8167303680.00 8178548224.00 8189831680.00 8201074176.00 8212000768.00 8223633408.00 8234673664.00 8246272000.00 8257604096.00 8268696064.00 8280129536.00 8291362816.00 8302660608.00 8313947648.00 8325164544.00 8336240128.00 8347984896.00 8359060992.00 8370318336.00 
8381304832.00 8392949248.00 8404215808.00 8415511552.00 8426610176.00 8437926912.00 8449275904.00 8460679680.00 8471763456.00 8482975744.00 8490238464.00 8505891328.00 8516830208.00 8528361472.00 8539567104.00 8550799872.00 8562096640.00 8573434368.00 8584691712.00 8595986432.00 
8606594048.00 8618512384.00 8630057984.00 8641045504.00 8652308480.00 8663608320.00 8675015680.00 8686205952.00 8697204736.00 8708497408.00 8719978496.00 8731367424.00 8742609920.00 8753856512.00 8765122560.00 8776060928.00 8787611648.00 8799011840.00 8810424320.00 8821600256.00 
8832538624.00 8844136448.00 8855372800.00 8866746368.00 8877720576.00 8889177088.00 8900567040.00 8911791104.00 8923107328.00 8934450176.00 8945495040.00 8956941312.00 8968087552.00 8979438592.00 8990716928.00 9001934848.00 9013203968.00 9024571392.00 9035686912.00 9046763520.00 
9051726848.00 9070209024.00 9081243648.00 9092450304.00 9103642624.00 9114878976.00 9126269952.00 9137321984.00 9148643328.00 9160151040.00 9171168256.00 9182640128.00 9193800704.00 9205091328.00 9216423936.00 9227710464.00 9238730752.00 9250281472.00 9261417472.00 9272835072.00 
9283781632.00 9295364096.00 9306645504.00 9317878784.00 9329170432.00 9340100608.00 9351717888.00 9363020800.00 9374304256.00 9385605120.00 9396737024.00 9408192512.00 9419170816.00 9430539264.00 9442111488.00 9453281280.00 9464554496.00 9475825664.00 9487148032.00 9498447872.00 
9509051392.00 9520983040.00 9531974656.00 9543582720.00 9554769920.00 9566027776.00 9577286656.00 9588663296.00 9599677440.00 9611213824.00 9621671936.00 9633703936.00 9645007872.00 9656341504.00 9667574784.00 9678761984.00 9689897984.00 9699893248.00 9712996352.00 9724148736.00 
9735065600.00 9746654208.00 9757869056.00 9769161728.00 9780206592.00 9791720448.00 9803031552.00 9814362112.00 9825566720.00 9836834816.00 9848009728.00 9859495936.00 9870597120.00 9881923584.00 9893217280.00 9902401536.00 9915796480.00 9927062528.00 9938237440.00 9949661184.00 
9959597056.00 9972225024.00 9983481856.00 9994760192.00 10006001664.00 10017255424.00 10028567552.00 10039853056.00 10050917376.00 10063691776.00 10073701376.00 10085105664.00 10096289792.00 10107622400.00 10118850560.00 10130104320.00 10141171712.00 10152727552.00 10164070400.00 10175272960.00 
10184871936.00 10197847040.00 10209190912.00 10220355584.00 10231548928.00 10242889728.00 10254240768.00 10265531392.00 10276682752.00 10287071232.00 10299296768.00 10310701056.00 10321678336.00 10333095936.00 10344449024.00 10355693568.00 10366967808.00 10378383360.00 10389508096.00 10400957440.00 
10411488256.00 10423384064.00 10434685952.00 10445142016.00 10457280512.00 10468168704.00 10479855616.00 10491144192.00 10502134784.00 10513686528.00 10524797952.00 10536147968.00 10547431424.00 10558648320.00 10570118144.00 10581302272.00 10592501760.00 10603905024.00 10615187456.00 10626472960.00 
10637424640.00 10648840192.00 10660326400.00 10671572992.00 10682622976.00 10694078464.00 10705433600.00 10716680192.00 10727983104.00 10739270656.00 10749728768.00 10761850880.00 10772953088.00 10784424960.00 10795668480.00 10806903808.00 10818164736.00 10829569024.00 10840812544.00 10852073472.00 
10862018560.00 10874611712.00 10885832704.00 10897593344.00 10908410880.00 10919661568.00 10931048448.00 10942266368.00 10953492480.00 10964867072.00 10976002048.00 10987383808.00 10998649856.00 11010265088.00 11021220864.00 11032121344.00 11043554304.00 11055078400.00 11066342400.00 11077612544.00 
11088581632.00 11100155904.00 11111417856.00 11122680832.00 11133853696.00 11145165824.00 11156516864.00 11167668224.00 11179016192.00 11190206464.00 11201425408.00 11212888064.00 11223789568.00 11235230720.00 11246457856.00 11257593856.00 11268755456.00 11279868928.00 11290662912.00 11300525056.00 
11297677312.00 11328752640.00 11338591232.00 11349407744.00 11360418816.00 11371549696.00 11382797312.00 11394052096.00 11404989440.00 11416387584.00 11427545088.00 11439086592.00 11450164224.00 11461612544.00 11472730112.00 11483975680.00 11495183360.00 11506609152.00 11517822976.00 11529121792.00 
11540044800.00 11551653888.00 11562909696.00 11574198272.00 11585223680.00 11596344320.00 11608018944.00 11619024896.00 11630530560.00 11641906176.00 11652969472.00 11664400384.00 11675552768.00 11687015424.00 11698198528.00 11709473792.00 11720765440.00 11731690496.00 11743415296.00 11754662912.00 
11764582400.00 11777207296.00 11788438528.00 11799718912.00 11811015680.00 11822231552.00 11833581568.00 11844851712.00 11856098304.00 11867442176.00 11877885952.00 11890013184.00 11901198336.00 11912606720.00 11923805184.00 11935055872.00 11946159104.00 11957697536.00 11968914432.00 11980445696.00 
11991215104.00 12002810880.00 12014051328.00 12025367552.00 12036535296.00 12047850496.00 12059129856.00 12070623232.00 12081742848.00 12093135872.00 12104181760.00 12115592192.00 12126632960.00 12138124288.00 12149374976.00 12160293888.00 12171894784.00 12184131584.00 12194551808.00 12205887488.00 
12216466432.00 12228322304.00 12239740928.00 12250895360.00 12262223872.00 12273453056.00 12284811264.00 12296182784.00 12307091456.00 12318574592.00 12329693184.00 12342210560.00 12352494592.00 12363741184.00 12375009280.00 12386263040.00 12397504512.00 12408923136.00 12420061184.00 12431437824.00 
12441055232.00 12454007808.00 12465168384.00 12476557312.00 12487610368.00 12499040256.00 12510407680.00 12521651200.00 12532884480.00 12544172032.00 12555271168.00 12565586944.00 12578121728.00 12589434880.00 12600686592.00 12611892224.00 12623184896.00 12634519552.00 12645770240.00 12657052672.00 
12667011072.00 12679617536.00 12691018752.00 12702212096.00 12713392128.00 12722655232.00 12736024576.00 12747332608.00 12758449152.00 12769782784.00 12780969984.00 12792460288.00 12803616768.00 12814923776.00 12826218496.00 12837423104.00 12848568320.00 12860121088.00 12871384064.00 12882643968.00 
12893581312.00 12905133056.00 12916257792.00 12929391616.00 12939159552.00 12950373376.00 12961674240.00 12972945408.00 12984168448.00 12995568640.00 13005946880.00 13018070016.00 13029102592.00 13040615424.00 13051960320.00 13063111680.00 13074405376.00 13085686784.00 13097278464.00 13108290560.00 
13118907392.00 13130834944.00 13142111232.00 13153468416.00 13164626944.00 13175859200.00 13187132416.00 13198744576.00 13209610240.00 13221094400.00 13232246784.00 13243672576.00 13254890496.00 13266258944.00 13277520896.00 13288366080.00 13299871744.00 13311410176.00 13322606592.00 13333916672.00 
13344856064.00 13356447744.00 13367831552.00 13379009536.00 13390035968.00 13401431040.00 13412826112.00 13424183296.00 13435374592.00 13446638592.00 13457806336.00 13469134848.00 13480407040.00 13491965952.00 13502968832.00 13514262528.00 13525527552.00 13536836608.00 13548010496.00 13559077888.00 
13564040192.00 13582527488.00 13593569280.00 13604709376.00 13615970304.00 13627211776.00 13638542336.00 13649852416.00 13660964864.00 13672339456.00 13683484672.00 13694822400.00 13706071040.00 13717482496.00 13728685056.00 13739971584.00 13751049216.00 13762540544.00 13773873152.00 13785144320.00 
13796112384.00 13807677440.00 13818819584.00 13830269952.00 13841426432.00 13852407808.00 13864115200.00 13875421184.00 13886578688.00 13897918464.00 13909007360.00 13920787456.00 13931567104.00 13943078912.00 13954224128.00 13965539328.00 13976877056.00 13988224000.00 13999195136.00 14010764288.00 
14021366784.00 14033296384.00 14044554240.00 14055842816.00 14067099648.00 14078344192.00 14089669632.00 14100922368.00 14111952896.00 14123385856.00 14130606080.00 14146308096.00 14157420544.00 14168601600.00 14179984384.00 14191199232.00 14202425344.00 14213775360.00 14225046528.00 14236331008.00 
14247325696.00 14258966528.00 14270188544.00 14281284608.00 14292518912.00 14303982592.00 14315289600.00 14326619136.00 14337823744.00 14349152256.00 14360280064.00 14371665920.00 14382766080.00 14394606592.00 14405613568.00 14416446464.00 14428109824.00 14439449600.00 14450688000.00 14461978624.00 
14471907328.00 14484544512.00 14495661056.00 14506895360.00 14518316032.00 14529504256.00 14541089792.00 14552252416.00 14563380224.00 14574798848.00 14585883648.00 14597281792.00 14608562176.00 14619870208.00 14630843392.00 14642425856.00 14653481984.00 14664983552.00 14676255744.00 14687587328.00 
14697169920.00 14710178816.00 14721367040.00 14732614656.00 14743809024.00 14755209216.00 14766493696.00 14777785344.00 14789069824.00 14800334848.00 14811466752.00 14822887424.00 14833946624.00 14845499392.00 14856710144.00 14867935232.00 14879279104.00 14890506240.00 14901825536.00 14913149952.00 
14923748352.00 14935704576.00 14946862080.00 14958214144.00 14969478144.00 14980359168.00 14991994880.00 15003280384.00 15014266880.00 15025738752.00 15036783616.00 15048055808.00 15058883584.00 15067406336.00 15084274688.00 15094384640.00 15105317888.00 15116607488.00 15127771136.00 15139078144.00 
15149959168.00 15161552896.00 15172784128.00 15184087040.00 15195075584.00 15206540288.00 15217836032.00 15229209600.00 15240387584.00 15251718144.00 15262143488.00 15274285056.00 15285400576.00 15296954368.00 15308058624.00 15319366656.00 15330620416.00 15341827072.00 15353120768.00 15364521984.00 
15374425088.00 15387052032.00 15398290432.00 15409574912.00 15420858368.00 15432057856.00 15443453952.00 15454670848.00 15465807872.00 15477317632.00 15488402432.00 15499827200.00 15511067648.00 15522395136.00 15533608960.00 15542839296.00 15556008960.00 15567466496.00 15578819584.00 15590074368.00 
15601038336.00 15612749824.00 15623881728.00 15635206144.00 15646256128.00 15657841664.00 15669063680.00 15680322560.00 15691555840.00 15702928384.00 15714002944.00 15725351936.00 15736465408.00 15748039680.00 15759404032.00 15770479616.00 15781779456.00 15793108992.00 15804342272.00 15815571456.00 
15823565824.00 15838345216.00 15849547776.00 15860964352.00 15872020480.00 15883296768.00 15894637568.00 15905909760.00 15916957696.00 15928402944.00 15939597312.00 15950985216.00 15962420224.00 15973609472.00 15984858112.00 15996100608.00 16007313408.00 16018727936.00 16030003200.00 16041312256.00 
16052250624.00 16063704064.00 16075084800.00 16086334464.00 16097404928.00 16108524544.00 16120155136.00 16131396608.00 16142372864.00 16154616832.00 16165381120.00 16176744448.00 16187865088.00 16199277568.00 16210589696.00 16221744128.00 16233071616.00 16244337664.00 16255592448.00 16266863616.00 
16276846592.00 16289531904.00 16300743680.00 16311976960.00 16323196928.00 16334565376.00 16345848832.00 16357118976.00 16368261120.00 16379753472.00 16390147072.00 16402453504.00 16413445120.00 16424856576.00 16435935232.00 16447508480.00 16458475520.00 16469975040.00 16481229824.00 16492495872.00 
16503479296.00 16515131392.00 16526377984.00 16537632768.00 16548800512.00 16560111616.00 16571410432.00 16582899712.00 16594006016.00 16605309952.00 16616457216.00 16627901440.00 16638897152.00 16650397696.00 16661778432.00 16672594944.00 16684209152.00 16695573504.00 16706748416.00 16718204928.00 
16728729600.00 16740636672.00 16751905792.00 16763301888.00 16774542336.00 16785724416.00 16797063168.00 16808317952.00 16819366912.00 16830884864.00 16841999360.00 16853441536.00 16864645120.00 16876008448.00 16887266304.00 16898441216.00 16909614080.00 16920915968.00 16932098048.00 16943080448.00 
16946562048.00 16967001088.00 16977916928.00 16989093888.00 17000060928.00 17011496960.00 17022794752.00 17034062848.00 17045287936.00 17056621568.00 17067725824.00 17079116800.00 17090311168.00 17101692928.00 17112940544.00 17124158464.00 17135495168.00 17146774528.00 17158088704.00 17169510400.00 
17179333632.00 17191923712.00 17203185664.00 17214484480.00 17225859072.00 17236647936.00 17248290816.00 17259599872.00 17270767616.00 17282105344.00 17293369344.00 17304762368.00 17316022272.00 17327321088.00 17338601472.00 17349838848.00 17360877568.00 17372370944.00 17383555072.00 17395081216.00 
17405970432.00 17417719808.00 17428840448.00 17440180224.00 17451266048.00 17462550528.00 17473931264.00 17485199360.00 17496436736.00 17507731456.00 17518229504.00 17530122240.00 17541369856.00 17552896000.00 17564104704.00 17575186432.00 17587003392.00 17598091264.00 17609322496.00 17620613120.00 
17631236096.00 17643415552.00 17654425600.00 17665708032.00 17676931072.00 17688135680.00 17699551232.00 17710731264.00 17721858048.00 17733421056.00 17744504832.00 17755856896.00 17767284736.00 17778520064.00 17789773824.00 17800679424.00 17812273152.00 17823664128.00 17834926080.00 17846781952.00 
17857171456.00 17868756992.00 17880002560.00 17891272704.00 17902350336.00 17913845760.00 17925093376.00 17936451584.00 17947645952.00 17958942720.00 17970124800.00 17981579264.00 17992706048.00 18004082688.00 18015373312.00 18026573824.00 18037841920.00 18049107968.00 18060345344.00 18071388160.00 
18076356608.00 18094831616.00 18105890816.00 18117097472.00 18128275456.00 18139514880.00 18150815744.00 18162104320.00 18173280256.00 18184636416.00 18195793920.00 18207141888.00 18218452992.00 18229884928.00 18240954368.00 18252236800.00 18263359488.00 18274660352.00 18286192640.00 18296911872.00 
18308403200.00 18319982592.00 18331267072.00 18342541312.00 18353684480.00 18363019264.00 18376390656.00 18387689472.00 18398971904.00 18410248192.00 18421399552.00 18432837632.00 18443837440.00 18455332864.00 18466633728.00 18477813760.00 18488918016.00 18500618240.00 18511788032.00 18523095040.00 
18533675008.00 18545344512.00 18556887040.00 18568247296.00 18579404800.00 18590654464.00 18601955328.00 18612645888.00 18624344064.00 18635835392.00 18646296576.00 18658353152.00 18669535232.00 18681010176.00 18692225024.00 18703396864.00 18714693632.00 18726033408.00 18737358848.00 18748649472.00 
18759587840.00 18771005440.00 18782509056.00 18793697280.00 18804707328.00 18816112640.00 18827165696.00 18839851008.00 18850379776.00 18861592576.00 18872670208.00 18884130816.00 18895226880.00 18906595328.00 18917869568.00 18928775168.00 18940422144.00 18951704576.00 18963027968.00 18974158848.00 
18984222720.00 18996852736.00 19008114688.00 19019433984.00 19030509568.00 19041914880.00 19053215744.00 19064492032.00 19075702784.00 19087126528.00 19098204160.00 19109597184.00 19120687104.00 19132295168.00 19143520256.00 19154745344.00 19165802496.00 19177662464.00 19188572160.00 19199899648.00 
19209490432.00 19222487040.00 19233669120.00 19245006848.00 19256203264.00 19267508224.00 19278905344.00 19290066944.00 19301332992.00 19312640000.00 19323787264.00 19335200768.00 19346188288.00 19357612032.00 19368298496.00 19380635648.00 19391746048.00 19403051008.00 19414286336.00 19425484800.00 
19436144640.00 19448147968.00 19459315712.00 19470614528.00 19481786368.00 19492794368.00 19504392192.00 19515652096.00 19526795264.00 19538339840.00 19549444096.00 19560927232.00 19572099072.00 19583332352.00 19594774528.00 19605956608.00 19617185792.00 19628568576.00 19639820288.00 19650965504.00 
19662053376.00 19673602048.00 19685093376.00 19696214016.00 19707254784.00 19718727680.00 19729952768.00 19741347840.00 19752525824.00 19763777536.00 19770968064.00 19786612736.00 19797727232.00 19809071104.00 19820343296.00 19831508992.00 19842795520.00 19854094336.00 19865425920.00 19876710400.00 
19886665728.00 19899252736.00 19910606848.00 19921846272.00 19933042688.00 19944460288.00 19955701760.00 19967076352.00 19978135552.00 19989506048.00 20000667648.00 20012156928.00 20023314432.00 20034641920.00 20045887488.00 20056774656.00 20068173824.00 20079593472.00 20091654144.00 20102383616.00 
20113344512.00 20124936192.00 20136204288.00 20147464192.00 20158662656.00 20169961472.00 20181319680.00 20192591872.00 20203819008.00 20215089152.00 20226328576.00 20237666304.00 20248735744.00 20260171776.00 20271554560.00 20282798080.00 20294072320.00 20305375232.00 20316667904.00 20327905280.00 
20335859712.00 20350658560.00 20361848832.00 20373090304.00 20384360448.00 20395614208.00 20406898688.00 20418185216.00 20429223936.00 20440739840.00 20451919872.00 20463294464.00 20474570752.00 20485888000.00 20497264640.00 20508358656.00 20519575552.00 20531005440.00 20541777920.00 20553637888.00 
20564553728.00 20576141312.00 20587395072.00 20598597632.00 20609724416.00 20620830720.00 20632287232.00 20643803136.00 20655046656.00 20666415104.00 20677496832.00 20689068032.00 20700053504.00 20711268352.00 20722853888.00 20734017536.00 20745279488.00 20756615168.00 20767907840.00 20779177984.00 
20789116928.00 20801705984.00 20812922880.00 20824246272.00 20835510272.00 20846739456.00 20857696256.00 20869517312.00 20880592896.00 20891949056.00 20902410240.00 20914524160.00 20925837312.00 20937105408.00 20948350976.00 20959545344.00 20970635264.00 20981817344.00 20993536000.00 21004791808.00 
21015734272.00 21027303424.00 21038422016.00 21049757696.00 21061062656.00 21072369664.00 21083668480.00 21095172096.00 21106278400.00 21117618176.00 21128728576.00 21140502528.00 21151139840.00 21162524672.00 21173882880.00 21183164416.00 21196527616.00 21207836672.00 21219069952.00 21230374912.00 
21240995840.00 21252962304.00 21264119808.00 21275566080.00 21286719488.00 21298006016.00 21309333504.00 21320572928.00 21331628032.00 21343473664.00 21354319872.00 21365766144.00 21377032192.00 21388285952.00 21399537664.00 21410893824.00 21422016512.00 21433456640.00 21444691968.00 21456054272.00 
21465575424.00 21478645760.00 21489831936.00 21501085696.00 21512093696.00 21523689472.00 21534941184.00 21546452992.00 21557413888.00 21568530432.00 21579919360.00 21591285760.00 21602473984.00 21613410304.00 21625214976.00 21636407296.00 21647677440.00 21659047936.00 21670256640.00 21681565696.00 
21691508736.00 21704110080.00 21715378176.00 21726482432.00 21737889792.00 21748830208.00 21760710656.00 21771743232.00 21782956032.00 21794437120.00 21805479936.00 21816535040.00 21828151296.00 21839448064.00 21850720256.00 21861951488.00 21873053696.00 21884481536.00 21895886848.00 21907126272.00 
21918087168.00 21929625600.00 21940903936.00 21952296960.00 21963399168.00 21974743040.00 21986211840.00 21997332480.00 22008567808.00 22019930112.00 22030354432.00 22042429440.00 22053490688.00 22065025024.00 22076243968.00 22087493632.00 22098761728.00 22110220288.00 22121328640.00 22132649984.00 
22143291392.00 22155208704.00 22166464512.00 22177843200.00 22188961792.00 22200246272.00 22211555328.00 22222843904.00 22233851904.00 22245435392.00 22256508928.00 22267783168.00 22279129088.00 22290491392.00 22301655040.00 22312595456.00 22324125696.00 22335414272.00 22346694656.00 22357999616.00 
22368954368.00 22380554240.00 22391762944.00 22402979840.00 22413987840.00 22425405440.00 22436696064.00 22447919104.00 22459084800.00 22470273024.00 22481315840.00 22492624896.00 22503636992.00 22514882560.00 22525835264.00 22536671232.00 22547468288.00 22557798400.00 22567241728.00 22572902400.00 
end   dump: w
==END   DUMP_ARRAYS==
Time in seconds = 0.083407
