Sender: LSF System <lsfadmin@polus-c2-ib.bmc.hpc.cs.msu.ru>
Subject: Job 493821: <./large.o> in cluster <MSUCluster> Done

Job <./large.o> was submitted from host <polus-ib.bmc.hpc.cs.msu.ru> by user <edu-cmc-skpod19-328-11> in cluster <MSUCluster> at Fri Nov 29 23:38:30 2019
Job was executed on host(s) <7*polus-c2-ib.bmc.hpc.cs.msu.ru>, in queue <short>, as user <edu-cmc-skpod19-328-11> in cluster <MSUCluster> at Fri Nov 29 23:39:31 2019
</home_edu/edu-cmc-skpod19-328/edu-cmc-skpod19-328-11> was used as the home directory.
</home_edu/edu-cmc-skpod19-328/edu-cmc-skpod19-328-11/dep_gemver> was used as the working directory.
Started at Fri Nov 29 23:39:31 2019
Terminated at Fri Nov 29 23:39:32 2019
Results reported at Fri Nov 29 23:39:32 2019

Your job looked like:

------------------------------------------------------------
# LSBATCH: User input
./large.o
------------------------------------------------------------

Successfully completed.

Resource usage summary:

    CPU time :                                   7.82 sec.
    Max Memory :                                 11 MB
    Average Memory :                             7.67 MB
    Total Requested Memory :                     -
    Delta Memory :                               -
    Max Swap :                                   -
    Max Processes :                              3
    Max Threads :                                4
    Run time :                                   3 sec.
    Turnaround time :                            62 sec.

The output (if any) follows:

==BEGIN DUMP_ARRAYS==
begin dump: w
0.00 0.00 0.00 0.00 0.00 0.00 0.00 0.00 0.00 0.00 0.00 0.00 0.00 0.00 0.00 0.00 0.00 0.00 0.00 0.00 
0.00 0.00 0.00 0.00 0.00 0.00 0.00 0.00 0.00 0.00 0.00 0.00 0.00 0.00 0.00 0.00 0.00 0.00 0.00 0.00 
0.00 0.00 0.00 0.00 0.00 0.00 0.00 0.00 0.00 0.00 0.00 0.00 0.00 0.00 0.00 0.00 0.00 0.00 0.00 0.00 
0.00 0.00 0.00 0.00 0.00 0.00 0.00 0.00 0.00 0.00 0.00 0.00 0.00 0.00 0.00 0.00 0.00 0.00 0.00 0.00 
0.00 0.00 0.00 0.00 0.00 0.00 0.00 0.00 0.00 0.00 0.00 0.00 0.00 0.00 0.00 0.00 0.00 0.00 0.00 0.00 
0.00 0.00 0.00 0.00 0.00 0.00 0.00 0.00 0.00 0.00 0.00 0.00 0.00 0.00 0.00 0.00 0.00 0.00 0.00 0.00 
0.00 0.00 0.00 0.00 0.00 0.00 0.00 0.00 0.00 0.00 0.00 0.00 0.00 0.00 0.00 0.00 0.00 0.00 0.00 0.00 
0.00 0.00 0.00 0.00 0.00 0.00 0.00 0.00 0.00 0.00 0.00 0.00 0.00 0.00 0.00 0.00 0.00 0.00 0.00 0.00 
0.00 0.00 0.00 0.00 0.00 0.00 0.00 0.00 0.00 0.00 0.00 0.00 0.00 0.00 0.00 0.00 0.00 0.00 0.00 0.00 
0.00 0.00 0.00 0.00 0.00 0.00 0.00 0.00 0.00 0.00 0.00 0.00 0.00 0.00 0.00 0.00 0.00 0.00 0.00 0.00 
0.00 0.00 0.00 0.00 0.00 0.00 0.00 0.00 0.00 0.00 0.00 0.00 0.00 0.00 0.00 0.00 0.00 0.00 0.00 0.00 
0.00 0.00 0.00 0.00 0.00 0.00 0.00 0.00 0.00 0.00 0.00 0.00 0.00 0.00 0.00 0.00 0.00 0.00 0.00 0.00 
0.00 0.00 0.00 0.00 0.00 0.00 0.00 0.00 0.00 0.00 0.00 0.00 0.00 0.00 0.00 0.00 0.00 0.00 0.00 0.00 
0.00 0.00 0.00 0.00 0.00 0.00 0.00 0.00 0.00 0.00 0.00 0.00 0.00 0.00 0.00 0.00 0.00 0.00 0.00 0.00 
0.00 0.00 0.00 0.00 0.00 0.00 0.00 0.00 0.00 0.00 0.00 0.00 0.00 0.00 0.00 0.00 0.00 0.00 0.00 0.00 
0.00 0.00 0.00 0.00 0.00 0.00 0.00 0.00 0.00 0.00 0.00 0.00 0.00 0.00 0.00 0.00 0.00 0.00 0.00 0.00 
0.00 0.00 0.00 0.00 0.00 0.00 0.00 0.00 0.00 0.00 0.00 0.00 0.00 0.00 0.00 0.00 0.00 0.00 0.00 0.00 
0.00 0.00 0.00 0.00 0.00 0.00 0.00 0.00 0.00 0.00 0.00 0.00 0.00 0.00 0.00 0.00 0.00 0.00 0.00 0.00 
0.00 0.00 0.00 0.00 0.00 0.00 0.00 0.00 0.00 0.00 0.00 0.00 0.00 0.00 0.00 0.00 0.00 0.00 0.00 0.00 
0.00 0.00 0.00 0.00 0.00 0.00 0.00 0.00 0.00 0.00 0.00 0.00 0.00 0.00 0.00 0.00 0.00 0.00 0.00 0.00 
0.00 0.00 0.00 0.00 0.00 0.00 0.00 0.00 0.00 0.00 0.00 0.00 0.00 0.00 0.00 0.00 0.00 0.00 0.00 0.00 
0.00 0.00 0.00 0.00 0.00 0.00 0.00 0.00 0.00 0.00 0.00 0.00 0.00 0.00 0.00 0.00 0.00 0.00 0.00 0.00 
0.00 0.00 0.00 0.00 0.00 0.00 0.00 0.00 0.00 0.00 0.00 0.00 0.00 0.00 0.00 0.00 0.00 0.00 0.00 0.00 
0.00 0.00 0.00 0.00 0.00 0.00 0.00 0.00 0.00 0.00 0.00 0.00 0.00 0.00 0.00 0.00 0.00 0.00 0.00 0.00 
0.00 0.00 0.00 0.00 0.00 0.00 0.00 0.00 0.00 0.00 0.00 0.00 0.00 0.00 0.00 0.00 0.00 0.00 0.00 0.00 
0.00 0.00 0.00 0.00 0.00 0.00 0.00 0.00 0.00 0.00 0.00 0.00 0.00 0.00 0.00 0.00 0.00 0.00 0.00 0.00 
0.00 0.00 0.00 0.00 0.00 0.00 0.00 0.00 0.00 0.00 0.00 0.00 0.00 0.00 0.00 0.00 0.00 0.00 0.00 0.00 
0.00 0.00 0.00 0.00 0.00 0.00 0.00 0.00 0.00 0.00 0.00 0.00 0.00 0.00 0.00 0.00 0.00 0.00 0.00 0.00 
0.00 0.00 0.00 0.00 0.00 0.00 0.00 0.00 0.00 0.00 0.00 0.00 0.00 0.00 0.00 0.00 0.00 0.00 0.00 0.00 
0.00 0.00 0.00 0.00 0.00 0.00 0.00 0.00 0.00 0.00 0.00 0.00 0.00 0.00 0.00 0.00 0.00 0.00 0.00 0.00 
0.00 0.00 0.00 0.00 0.00 0.00 0.00 0.00 0.00 0.00 0.00 0.00 0.00 0.00 0.00 0.00 0.00 0.00 0.00 0.00 
0.00 0.00 0.00 0.00 0.00 0.00 0.00 0.00 0.00 0.00 0.00 0.00 0.00 0.00 0.00 0.00 0.00 0.00 0.00 0.00 
0.00 0.00 0.00 0.00 0.00 0.00 0.00 0.00 0.00 0.00 0.00 0.00 0.00 0.00 0.00 0.00 0.00 0.00 0.00 0.00 
0.00 0.00 0.00 0.00 0.00 0.00 0.00 0.00 0.00 0.00 0.00 0.00 0.00 0.00 0.00 0.00 0.00 0.00 0.00 0.00 
0.00 0.00 0.00 0.00 0.00 0.00 0.00 0.00 0.00 0.00 0.00 0.00 0.00 0.00 0.00 0.00 0.00 0.00 0.00 0.00 
0.00 0.00 0.00 0.00 0.00 0.00 0.00 0.00 0.00 0.00 0.00 0.00 0.00 0.00 0.00 0.00 0.00 0.00 0.00 0.00 
0.00 0.00 0.00 0.00 0.00 0.00 0.00 0.00 0.00 0.00 0.00 0.00 0.00 0.00 0.00 0.00 0.00 0.00 0.00 0.00 
0.00 0.00 0.00 0.00 0.00 0.00 0.00 0.00 0.00 0.00 0.00 0.00 0.00 0.00 0.00 0.00 0.00 0.00 0.00 0.00 
0.00 0.00 0.00 0.00 0.00 0.00 0.00 0.00 0.00 0.00 0.00 0.00 0.00 0.00 0.00 0.00 0.00 0.00 0.00 0.00 
0.00 0.00 0.00 0.00 0.00 0.00 0.00 0.00 0.00 0.00 0.00 0.00 0.00 0.00 0.00 0.00 0.00 0.00 0.00 0.00 
0.00 0.00 0.00 0.00 0.00 0.00 0.00 0.00 0.00 0.00 0.00 0.00 0.00 0.00 0.00 0.00 0.00 0.00 0.00 0.00 
0.00 0.00 0.00 0.00 0.00 0.00 0.00 0.00 0.00 0.00 0.00 0.00 0.00 0.00 0.00 0.00 0.00 0.00 0.00 0.00 
0.00 0.00 0.00 0.00 0.00 0.00 0.00 0.00 0.00 0.00 0.00 0.00 0.00 0.00 0.00 0.00 0.00 0.00 0.00 0.00 
0.00 0.00 0.00 0.00 0.00 0.00 0.00 0.00 0.00 0.00 0.00 0.00 0.00 0.00 0.00 0.00 0.00 0.00 0.00 0.00 
0.00 0.00 0.00 0.00 0.00 0.00 0.00 0.00 0.00 0.00 0.00 0.00 0.00 0.00 0.00 0.00 0.00 0.00 0.00 0.00 
0.00 0.00 0.00 0.00 0.00 0.00 0.00 0.00 0.00 0.00 0.00 0.00 0.00 0.00 0.00 0.00 0.00 0.00 0.00 0.00 
0.00 0.00 0.00 0.00 0.00 0.00 0.00 0.00 0.00 0.00 0.00 0.00 0.00 0.00 0.00 0.00 0.00 0.00 0.00 0.00 
0.00 0.00 0.00 0.00 0.00 0.00 0.00 0.00 0.00 0.00 0.00 0.00 0.00 0.00 0.00 0.00 0.00 0.00 0.00 0.00 
0.00 0.00 0.00 0.00 0.00 0.00 0.00 0.00 0.00 0.00 0.00 0.00 0.00 0.00 0.00 0.00 0.00 0.00 0.00 0.00 
0.00 0.00 0.00 0.00 0.00 0.00 0.00 0.00 0.00 0.00 0.00 0.00 0.00 0.00 0.00 0.00 0.00 0.00 0.00 0.00 
0.00 0.00 0.00 0.00 0.00 0.00 0.00 0.00 0.00 0.00 0.00 0.00 0.00 0.00 0.00 0.00 0.00 0.00 0.00 0.00 
0.00 0.00 0.00 0.00 0.00 0.00 0.00 0.00 0.00 0.00 0.00 0.00 0.00 0.00 0.00 0.00 0.00 0.00 0.00 0.00 
0.00 0.00 0.00 0.00 0.00 0.00 0.00 0.00 0.00 0.00 0.00 0.00 0.00 0.00 0.00 0.00 0.00 0.00 0.00 0.00 
0.00 0.00 0.00 0.00 0.00 0.00 0.00 0.00 0.00 0.00 0.00 0.00 0.00 0.00 0.00 0.00 0.00 0.00 0.00 0.00 
0.00 0.00 0.00 0.00 0.00 0.00 0.00 0.00 0.00 0.00 0.00 0.00 0.00 0.00 0.00 0.00 0.00 0.00 0.00 0.00 
0.00 0.00 0.00 0.00 0.00 0.00 0.00 0.00 0.00 0.00 0.00 0.00 0.00 0.00 0.00 0.00 0.00 0.00 0.00 0.00 
0.00 0.00 0.00 0.00 0.00 0.00 0.00 0.00 0.00 0.00 0.00 0.00 0.00 0.00 0.00 0.00 0.00 0.00 0.00 0.00 
0.00 0.00 0.00 0.00 0.00 0.00 0.00 0.00 0.00 0.00 0.00 0.00 0.00 0.00 0.00 0.00 0.00 0.00 0.00 0.00 
0.00 0.00 0.00 0.00 0.00 0.00 0.00 0.00 0.00 0.00 0.00 0.00 0.00 0.00 0.00 0.00 0.00 0.00 0.00 0.00 
0.00 0.00 0.00 0.00 0.00 0.00 0.00 0.00 0.00 0.00 0.00 0.00 0.00 0.00 0.00 0.00 0.00 0.00 0.00 0.00 
0.00 0.00 0.00 0.00 0.00 0.00 0.00 0.00 0.00 0.00 0.00 0.00 0.00 0.00 0.00 0.00 0.00 0.00 0.00 0.00 
0.00 0.00 0.00 0.00 0.00 0.00 0.00 0.00 0.00 0.00 0.00 0.00 0.00 0.00 0.00 0.00 0.00 0.00 0.00 0.00 
0.00 0.00 0.00 0.00 0.00 0.00 0.00 0.00 0.00 0.00 0.00 0.00 0.00 0.00 0.00 0.00 0.00 0.00 0.00 0.00 
0.00 0.00 0.00 0.00 0.00 0.00 0.00 0.00 0.00 0.00 0.00 0.00 0.00 0.00 0.00 0.00 0.00 0.00 0.00 0.00 
0.00 0.00 0.00 0.00 0.00 0.00 0.00 0.00 0.00 0.00 0.00 0.00 0.00 0.00 0.00 0.00 0.00 0.00 0.00 0.00 
0.00 0.00 0.00 0.00 0.00 0.00 0.00 0.00 0.00 0.00 0.00 0.00 0.00 0.00 0.00 0.00 0.00 0.00 0.00 0.00 
0.00 0.00 0.00 0.00 0.00 0.00 0.00 0.00 0.00 0.00 0.00 0.00 0.00 0.00 0.00 0.00 0.00 0.00 0.00 0.00 
0.00 0.00 0.00 0.00 0.00 0.00 0.00 0.00 0.00 0.00 0.00 0.00 0.00 0.00 0.00 0.00 0.00 0.00 0.00 0.00 
0.00 0.00 0.00 0.00 0.00 0.00 0.00 0.00 0.00 0.00 0.00 0.00 0.00 0.00 0.00 0.00 0.00 0.00 0.00 0.00 
0.00 0.00 0.00 0.00 0.00 0.00 0.00 0.00 0.00 0.00 0.00 0.00 0.00 0.00 0.00 0.00 0.00 0.00 0.00 0.00 
0.00 0.00 0.00 0.00 0.00 0.00 0.00 0.00 0.00 0.00 0.00 0.00 0.00 0.00 0.00 0.00 0.00 0.00 0.00 0.00 
0.00 0.00 0.00 0.00 0.00 0.00 0.00 0.00 0.00 0.00 0.00 0.00 0.00 0.00 0.00 0.00 0.00 0.00 0.00 0.00 
0.00 0.00 0.00 0.00 0.00 0.00 0.00 0.00 0.00 0.00 0.00 0.00 0.00 0.00 0.00 0.00 0.00 0.00 0.00 0.00 
0.00 0.00 0.00 0.00 0.00 0.00 0.00 0.00 0.00 0.00 0.00 0.00 0.00 0.00 0.00 0.00 0.00 0.00 0.00 0.00 
0.00 0.00 0.00 0.00 0.00 0.00 0.00 0.00 0.00 0.00 0.00 0.00 0.00 0.00 0.00 0.00 0.00 0.00 0.00 0.00 
0.00 0.00 0.00 0.00 0.00 0.00 0.00 0.00 0.00 0.00 0.00 0.00 0.00 0.00 0.00 0.00 0.00 0.00 0.00 0.00 
0.00 0.00 0.00 0.00 0.00 0.00 0.00 0.00 0.00 0.00 0.00 0.00 0.00 0.00 0.00 0.00 0.00 0.00 0.00 0.00 
0.00 0.00 0.00 0.00 0.00 0.00 0.00 0.00 0.00 0.00 0.00 0.00 0.00 0.00 0.00 0.00 0.00 0.00 0.00 0.00 
0.00 0.00 0.00 0.00 0.00 0.00 0.00 0.00 0.00 0.00 0.00 0.00 0.00 0.00 0.00 0.00 0.00 0.00 0.00 0.00 
0.00 0.00 0.00 0.00 0.00 0.00 0.00 0.00 0.00 0.00 0.00 0.00 0.00 0.00 0.00 0.00 0.00 0.00 0.00 0.00 
0.00 0.00 0.00 0.00 0.00 0.00 0.00 0.00 0.00 0.00 0.00 0.00 0.00 0.00 0.00 0.00 0.00 0.00 0.00 0.00 
0.00 0.00 0.00 0.00 0.00 0.00 0.00 0.00 0.00 0.00 0.00 0.00 0.00 0.00 0.00 0.00 0.00 0.00 0.00 0.00 
0.00 0.00 0.00 0.00 0.00 0.00 0.00 0.00 0.00 0.00 0.00 0.00 0.00 0.00 0.00 0.00 0.00 0.00 0.00 0.00 
0.00 0.00 0.00 0.00 0.00 0.00 0.00 0.00 0.00 0.00 0.00 0.00 0.00 0.00 0.00 0.00 0.00 0.00 0.00 0.00 
0.00 0.00 0.00 0.00 0.00 0.00 0.00 0.00 0.00 0.00 0.00 0.00 0.00 0.00 0.00 0.00 0.00 0.00 0.00 0.00 
0.00 0.00 0.00 0.00 0.00 0.00 0.00 0.00 0.00 0.00 0.00 0.00 0.00 0.00 0.00 0.00 0.00 0.00 0.00 0.00 
0.00 0.00 0.00 0.00 0.00 0.00 0.00 0.00 0.00 0.00 0.00 0.00 0.00 0.00 0.00 0.00 0.00 0.00 0.00 0.00 
0.00 0.00 0.00 0.00 0.00 0.00 0.00 0.00 0.00 0.00 0.00 0.00 0.00 0.00 0.00 0.00 0.00 0.00 0.00 0.00 
0.00 0.00 0.00 0.00 0.00 0.00 0.00 0.00 0.00 0.00 0.00 0.00 0.00 0.00 0.00 0.00 0.00 0.00 0.00 0.00 
0.00 0.00 0.00 0.00 0.00 0.00 0.00 0.00 0.00 0.00 0.00 0.00 0.00 0.00 0.00 0.00 0.00 0.00 0.00 0.00 
0.00 0.00 0.00 0.00 0.00 0.00 0.00 0.00 0.00 0.00 0.00 0.00 0.00 0.00 0.00 0.00 0.00 0.00 0.00 0.00 
0.00 0.00 0.00 0.00 0.00 0.00 0.00 0.00 0.00 0.00 0.00 0.00 0.00 0.00 0.00 0.00 0.00 0.00 0.00 0.00 
0.00 0.00 0.00 0.00 0.00 0.00 0.00 0.00 0.00 0.00 0.00 0.00 0.00 0.00 0.00 0.00 0.00 0.00 0.00 0.00 
0.00 0.00 0.00 0.00 0.00 0.00 0.00 0.00 0.00 0.00 0.00 0.00 0.00 0.00 0.00 0.00 0.00 0.00 0.00 0.00 
0.00 0.00 0.00 0.00 0.00 0.00 0.00 0.00 0.00 0.00 0.00 0.00 0.00 0.00 0.00 0.00 0.00 0.00 0.00 0.00 
0.00 0.00 0.00 0.00 0.00 0.00 0.00 0.00 0.00 0.00 0.00 0.00 0.00 0.00 0.00 0.00 0.00 0.00 0.00 0.00 
0.00 0.00 0.00 0.00 0.00 0.00 0.00 0.00 0.00 0.00 0.00 0.00 0.00 0.00 0.00 0.00 0.00 0.00 0.00 0.00 
0.00 0.00 0.00 0.00 0.00 0.00 0.00 0.00 0.00 0.00 0.00 0.00 0.00 0.00 0.00 0.00 0.00 0.00 0.00 0.00 
0.00 0.00 0.00 0.00 0.00 0.00 0.00 0.00 0.00 0.00 0.00 0.00 0.00 0.00 0.00 0.00 0.00 0.00 0.00 0.00 
0.00 0.00 0.00 0.00 0.00 0.00 0.00 0.00 0.00 0.00 0.00 0.00 0.00 0.00 0.00 0.00 0.00 0.00 0.00 0.00 
end   dump: w
==END   DUMP_ARRAYS==
==BEGIN DUMP_ARRAYS==
begin dump: w
1871.45 56113428.00 61807116.00 71127328.00 81346280.00 92004328.00 102937920.00 113894048.00 124834568.00 136047984.00 146974064.00 158241872.00 169341984.00 180586752.00 191684896.00 202793504.00 213835776.00 225258432.00 236407760.00 247622176.00 
258511104.00 270091264.00 281259712.00 292565856.00 303531232.00 314462688.00 326144832.00 337240768.00 348463904.00 359881536.00 370804256.00 382102944.00 393158816.00 404586944.00 415861952.00 426968256.00 438219904.00 449420640.00 460727968.00 471973280.00 
482514976.00 494412224.00 505615008.00 516714208.00 528016512.00 539238464.00 550558912.00 561737408.00 572727552.00 584209856.00 594603776.00 606630656.00 617838272.00 629143104.00 640182592.00 651458880.00 662667328.00 673969088.00 685279552.00 696524224.00 
707370624.00 718898944.00 730079936.00 741495552.00 752339072.00 763768576.00 775035392.00 786320704.00 797458624.00 809118080.00 819811072.00 831132608.00 842306816.00 853705920.00 864661248.00 875700544.00 887314368.00 898771904.00 909795456.00 921028288.00 
930913216.00 943489280.00 954707840.00 965902464.00 977119104.00 988282752.00 999548608.00 1011330624.00 1021966912.00 1033354624.00 1044385728.00 1056001024.00 1066980032.00 1077986048.00 1089415552.00 1100530688.00 1111688576.00 1123165312.00 1134334720.00 1145485824.00 
1155163136.00 1167974016.00 1179263104.00 1190497664.00 1201633792.00 1212812544.00 1224226688.00 1235470080.00 1246569984.00 1257868288.00 1268951168.00 1280055040.00 1291352320.00 1302868736.00 1314036864.00 1325210624.00 1336480896.00 1347691136.00 1359052032.00 1370182528.00 
1380776704.00 1392652288.00 1403880832.00 1415084032.00 1426258944.00 1435451392.00 1448864128.00 1460205440.00 1471011968.00 1482146560.00 1493570688.00 1504915584.00 1516112512.00 1527282688.00 1538688256.00 1549816704.00 1560984704.00 1572469376.00 1583722752.00 1594830208.00 
1605699840.00 1617229824.00 1628400128.00 1640113024.00 1650730240.00 1662135040.00 1673405440.00 1684592256.00 1695718272.00 1707121280.00 1717493376.00 1729591296.00 1740651136.00 1751902336.00 1763645056.00 1774435200.00 1785658880.00 1796987136.00 1808206592.00 1819421696.00 
1829294848.00 1841855360.00 1853032064.00 1864312832.00 1875509760.00 1886684288.00 1897877760.00 1909475200.00 1920389760.00 1931576192.00 1942775424.00 1954132608.00 1965324032.00 1976607744.00 1988062848.00 1998670720.00 2010044672.00 2021617280.00 2032738176.00 2043966720.00 
2054874368.00 2066391296.00 2078168448.00 2088930944.00 2100067328.00 2111324288.00 2122488704.00 2133847168.00 2144993792.00 2156317696.00 2167340032.00 2178774784.00 2189734912.00 2201237504.00 2212428800.00 2223562240.00 2234808832.00 2246116096.00 2257273088.00 2268462848.00 
2276473344.00 2291123712.00 2302273792.00 2313540864.00 2324676096.00 2335878656.00 2347200768.00 2358559232.00 2369420288.00 2380952832.00 2391945984.00 2403414272.00 2414546176.00 2425825536.00 2437017856.00 2448213504.00 2459371008.00 2470741760.00 2481919488.00 2493178112.00 
2504069120.00 2515613184.00 2526261504.00 2538319360.00 2549171456.00 2560225280.00 2571853824.00 2583059456.00 2594251776.00 2605460224.00 2616592896.00 2628011776.00 2639094016.00 2650342400.00 2661622784.00 2672709888.00 2684108544.00 2695361280.00 2706517248.00 2717873664.00 
2727712256.00 2740302592.00 2751479552.00 2762819328.00 2773957888.00 2785139968.00 2796394240.00 2807628544.00 2818702336.00 2829991936.00 2837185792.00 2852732672.00 2863845376.00 2875056128.00 2886351872.00 2897442048.00 2908487680.00 2919971584.00 2931016704.00 2942483712.00 
2953323264.00 2965028864.00 2976102144.00 2987331584.00 2998441472.00 3009711872.00 3020948736.00 3032384768.00 3043449088.00 3054679296.00 3065786368.00 3077167360.00 3088138496.00 3099724800.00 3110911744.00 3121690112.00 3133361152.00 3144573696.00 3155800832.00 3166942720.00 
3177576448.00 3189534208.00 3200637696.00 3211842560.00 3223012608.00 3234044928.00 3246419968.00 3257078016.00 3267936512.00 3279390208.00 3290451712.00 3301850624.00 3312998144.00 3324337664.00 3335415296.00 3346636288.00 3357793536.00 3369176832.00 3380417280.00 3391608576.00 
3401201152.00 3414092032.00 3425346048.00 3436238336.00 3447527936.00 3458916608.00 3470194176.00 3481407232.00 3492856832.00 3503985152.00 3515028224.00 3526365696.00 3537507840.00 3548897792.00 3560077824.00 3571237632.00 3582628864.00 3593770496.00 3604988160.00 3616231168.00 
3626144768.00 3638820352.00 3649892096.00 3661170432.00 3672310784.00 3683201280.00 3694829312.00 3706085120.00 3717169920.00 3728460032.00 3739555072.00 3750882304.00 3761967872.00 3772534528.00 3785143552.00 3796042240.00 3807018752.00 3818482944.00 3829597952.00 3841075200.00 
3851798528.00 3863339776.00 3874532352.00 3885841408.00 3896894208.00 3908250368.00 3919466496.00 3930692352.00 3941994240.00 3953225216.00 3963566080.00 3975644160.00 3986574848.00 3998733824.00 4009361920.00 4020485376.00 4031724800.00 4042927104.00 4054219520.00 4065729792.00 
4076027648.00 4087901952.00 4099110400.00 4110254848.00 4121803008.00 4132834816.00 4144064512.00 4155344640.00 4166289152.00 4177741312.00 4188820736.00 4200235520.00 4211356672.00 4222686208.00 4233897472.00 4243048448.00 4256292096.00 4267637504.00 4278821376.00 4290070016.00 
4300966400.00 4313042432.00 4323700224.00 4335209472.00 4345947136.00 4357405184.00 4368733696.00 4379792384.00 4391044096.00 4402430464.00 4413416960.00 4424819200.00 4435895808.00 4447258624.00 4458481664.00 4469612032.00 4480832000.00 4492068352.00 4503212032.00 4514236928.00 
4519192064.00 4537560064.00 4548559872.00 4559757824.00 4570867712.00 4582053888.00 4593303552.00 4604570112.00 4615669760.00 4626990080.00 4638085120.00 4649513984.00 4660685824.00 4671903744.00 4683194880.00 4694288384.00 4705349632.00 4716887552.00 4728072192.00 4739296256.00 
4750197760.00 4761188352.00 4772960768.00 4784190976.00 4795310080.00 4806265344.00 4817895424.00 4829144064.00 4840235520.00 4851706368.00 4862708224.00 4874051072.00 4885044736.00 4896624640.00 4907741696.00 4918996480.00 4930163712.00 4941441536.00 4952648192.00 4963633152.00 
4974458880.00 4986341376.00 4997558272.00 5008761856.00 5019705856.00 5031455232.00 5042580480.00 5053779456.00 5064745984.00 5076440064.00 5086630400.00 5098707968.00 5109874176.00 5121149952.00 5132331008.00 5143556608.00 5154699776.00 5165990912.00 5177234944.00 5188333568.00 
5199396864.00 5210870784.00 5222307840.00 5233479680.00 5244426752.00 5255797760.00 5267068928.00 5278328320.00 5289482752.00 5300784128.00 5311838208.00 5323339776.00 5334399488.00 5345743360.00 5356968448.00 5367773184.00 5379253248.00 5390654976.00 5401876480.00 5413108736.00 
5423009280.00 5435441664.00 5446790656.00 5458068480.00 5469211648.00 5480462336.00 5491710976.00 5502950400.00 5514053120.00 5525431808.00 5536464896.00 5547817984.00 5559000576.00 5570289152.00 5581466624.00 5592620032.00 5603627520.00 5615058944.00 5626155520.00 5637043712.00 
5640563712.00 5660869120.00 5671760896.00 5682931712.00 5693935104.00 5705158656.00 5716376576.00 5727629312.00 5738861568.00 5750092800.00 5761187840.00 5772545536.00 5783529472.00 5795024896.00 5806189568.00 5817383936.00 5828556800.00 5839846912.00 5851123200.00 5862406656.00 
5872928768.00 5884731904.00 5896104960.00 5907265024.00 5918480896.00 5929316352.00 5940878848.00 5952238592.00 5963179520.00 5974644224.00 5985744384.00 5997128704.00 6008283648.00 6019454464.00 6030850048.00 6041987072.00 6053158400.00 6064499200.00 6075670528.00 6086912000.00 
6097862144.00 6109446144.00 6120621568.00 6131860480.00 6142811136.00 6154083328.00 6165715968.00 6176758784.00 6188023296.00 6199072768.00 6209680896.00 6221673472.00 6232869888.00 6244208128.00 6255395328.00 6266527232.00 6277883392.00 6289142784.00 6300300800.00 6311502848.00 
6321453568.00 6334073344.00 6345249792.00 6356488192.00 6367598592.00 6378851328.00 6390035456.00 6401359360.00 6412477952.00 6423790592.00 6434805760.00 6445803520.00 6457893376.00 6468908032.00 6480087040.00 6490885120.00 6502267392.00 6513789440.00 6524962304.00 6536331776.00 
6547090432.00 6558618112.00 6569845248.00 6581084672.00 6592222208.00 6603499520.00 6614782976.00 6626011136.00 6637048832.00 6648540160.00 6659552768.00 6670988288.00 6681904640.00 6693408256.00 6704595968.00 6715779584.00 6727025152.00 6738145280.00 6749499904.00 6760691712.00 
6768652288.00 6783349760.00 6794502656.00 6805711872.00 6816904704.00 6828106752.00 6839230464.00 6850591232.00 6861581824.00 6873156096.00 6884164096.00 6895476736.00 6906709504.00 6917991936.00 6929174528.00 6940242944.00 6951668736.00 6962912256.00 6974152192.00 6985266688.00 
6996280832.00 7007844352.00 7019030016.00 7030347264.00 7041248768.00 7050663424.00 7064013312.00 7075227648.00 7086407168.00 7097676288.00 7108753408.00 7120098816.00 7131315712.00 7142648320.00 7153785344.00 7165008384.00 7176186880.00 7187524608.00 7198742016.00 7209947648.00 
7219877888.00 7232382464.00 7243699712.00 7254977536.00 7266041856.00 7277224960.00 7288560640.00 7299650048.00 7310918656.00 7322201088.00 7332659200.00 7344683008.00 7355870720.00 7367089664.00 7378380800.00 7389530624.00 7400570880.00 7412002304.00 7423227392.00 7434439168.00 
7445359616.00 7456846336.00 7468045312.00 7479230464.00 7490186240.00 7501197824.00 7511329280.00 7528184832.00 7536558592.00 7547439616.00 7558375936.00 7569672704.00 7580584960.00 7592028160.00 7603213824.00 7614029824.00 7625575424.00 7636876800.00 7648157184.00 7659292672.00 
7669880320.00 7681748992.00 7693002752.00 7704282624.00 7715356160.00 7726603264.00 7737905152.00 7749094400.00 7760098304.00 7771615232.00 7782676480.00 7794068992.00 7805174784.00 7816505856.00 7827722240.00 7838858240.00 7850094592.00 7861477888.00 7872632832.00 7883832832.00 
7893414912.00 7906306560.00 7917565440.00 7928806912.00 7939745792.00 7951136256.00 7962769408.00 7973705728.00 7984897536.00 7996207104.00 8007252992.00 8018592256.00 8029731328.00 8041044480.00 8052105728.00 8063533056.00 8074718208.00 8086196224.00 8097341440.00 8108451328.00 
8118357504.00 8130911232.00 8142113792.00 8153335296.00 8164536832.00 8175405056.00 8186994688.00 8197982720.00 8209529344.00 8220814336.00 8231851520.00 8243238400.00 8254413312.00 8265669120.00 8276895744.00 8288061440.00 8299093504.00 8310787072.00 8321814016.00 8333016064.00 
8343963136.00 8355554816.00 8366762496.00 8378009600.00 8389064704.00 8400326144.00 8411629056.00 8422984192.00 8434029056.00 8445177344.00 8452414464.00 8467994624.00 8478874112.00 8490342912.00 8501521920.00 8512704512.00 8523941376.00 8535241216.00 8546424832.00 8557685248.00 
8568242176.00 8580114432.00 8591595520.00 8602550272.00 8613747712.00 8625000448.00 8636360704.00 8647507968.00 8658447360.00 8669702144.00 8681122816.00 8692463616.00 8703654912.00 8714848256.00 8726064128.00 8736952320.00 8748449792.00 8759798784.00 8771171328.00 8782297088.00 
8793184256.00 8804733952.00 8815920128.00 8827245568.00 8838169600.00 8849570816.00 8860896256.00 8872083456.00 8883345408.00 8894645248.00 8905631744.00 8917040128.00 8928121856.00 8939422720.00 8950651904.00 8961831936.00 8973048832.00 8984372224.00 8995426304.00 9006455808.00 
9011407872.00 9029780480.00 9040773120.00 9051935744.00 9063089152.00 9074274304.00 9085615104.00 9096597504.00 9107892224.00 9119332352.00 9130302464.00 9141721088.00 9152841728.00 9164084224.00 9175362560.00 9186598912.00 9197570048.00 9209060352.00 9220162560.00 9231517696.00 
9242414080.00 9253945344.00 9265171456.00 9276349440.00 9287607296.00 9298490368.00 9310052352.00 9321305088.00 9332540416.00 9343783936.00 9354862592.00 9366260736.00 9377201152.00 9388525568.00 9400037376.00 9411154944.00 9422383104.00 9433598976.00 9444877312.00 9456124928.00 
9466679296.00 9478559744.00 9489506304.00 9501062144.00 9512197120.00 9523407872.00 9534610432.00 9545944064.00 9556923392.00 9568377856.00 9578813440.00 9590792192.00 9602032640.00 9613318144.00 9624510464.00 9635641344.00 9646723072.00 9656669184.00 9669716992.00 9680831488.00 
9691691008.00 9703217152.00 9714395136.00 9725652992.00 9736640512.00 9748093952.00 9759373312.00 9770630144.00 9781785600.00 9793000448.00 9804143616.00 9815562240.00 9826618368.00 9837913088.00 9849129984.00 9858280448.00 9871608832.00 9882820608.00 9893950464.00 9905328128.00 
9915236352.00 9927798784.00 9939001344.00 9950217216.00 9961414656.00 9972609024.00 9983878144.00 9995113472.00 10006133760.00 10018874368.00 10028820480.00 10040177664.00 10051303424.00 10062578688.00 10073762816.00 10084966400.00 10095989760.00 10107494400.00 10118790144.00 10129926144.00 
10139502592.00 10152408064.00 10163706880.00 10174823424.00 10185962496.00 10197246976.00 10208550912.00 10219797504.00 10230881280.00 10241239040.00 10253400064.00 10264776704.00 10275689472.00 10287050752.00 10298357760.00 10309553152.00 10320786432.00 10332154880.00 10343211008.00 10354618368.00 
10365102080.00 10376952832.00 10388197376.00 10398615552.00 10410696704.00 10421534720.00 10433183744.00 10444406784.00 10455346176.00 10466855936.00 10477904896.00 10489212928.00 10500449280.00 10511607808.00 10523018240.00 10534146048.00 10545324032.00 10556654592.00 10567882752.00 10579135488.00 
10590032896.00 10601398272.00 10612823040.00 10624015360.00 10635032576.00 10646448128.00 10657731584.00 10668920832.00 10680184832.00 10691419136.00 10701836288.00 10713886720.00 10724955136.00 10736378880.00 10747563008.00 10758751232.00 10769974272.00 10781321216.00 10792506368.00 10803722240.00 
10813635584.00 10826151936.00 10837339136.00 10849040384.00 10859823104.00 10870999040.00 10882353152.00 10893512704.00 10904697856.00 10916012032.00 10927097856.00 10938422272.00 10949645312.00 10961196032.00 10972119040.00 10982951936.00 10994352128.00 11005809664.00 11017050112.00 11028260864.00 
11039177728.00 11050694656.00 11061934080.00 11073099776.00 11084241920.00 11095520256.00 11106824192.00 11117905920.00 11129226240.00 11140345856.00 11151513600.00 11162931200.00 11173787648.00 11185173504.00 11196353536.00 11207447552.00 11218539520.00 11229615104.00 11240353792.00 11250145280.00 
11247354880.00 11278318592.00 11288068096.00 11298850816.00 11309806592.00 11320881152.00 11332082688.00 11343294464.00 11354170368.00 11365535744.00 11376648192.00 11388102656.00 11399137280.00 11410556928.00 11421601792.00 11432801280.00 11443973120.00 11455353856.00 11466505216.00 11477766144.00 
11488652288.00 11500191744.00 11511377920.00 11522655232.00 11533621248.00 11544688640.00 11556303872.00 11567256576.00 11578708992.00 11590035456.00 11601057792.00 11612445696.00 11623533568.00 11634952192.00 11646070784.00 11657308160.00 11668540416.00 11679424512.00 11691102208.00 11702299648.00 
11712163840.00 11724738560.00 11735916544.00 11747137536.00 11758394368.00 11769572352.00 11780869120.00 11792073728.00 11803276288.00 11814552576.00 11824968704.00 11837036544.00 11848174592.00 11859546112.00 11870688256.00 11881875456.00 11892918272.00 11904435200.00 11915598848.00 11927064576.00 
11937805312.00 11949339648.00 11960545280.00 11971806208.00 11982904320.00 11994173440.00 12005415936.00 12016850944.00 12027911168.00 12039255040.00 12050253824.00 12061603840.00 12072613888.00 12084060160.00 12095249408.00 12106114048.00 12117667840.00 12129849344.00 12140237824.00 12151511040.00 
12162038784.00 12173840384.00 12185220096.00 12196311040.00 12207583232.00 12218767360.00 12230071296.00 12241418240.00 12252281856.00 12263683072.00 12274752512.00 12287217664.00 12297470976.00 12308667392.00 12319874048.00 12331071488.00 12342263808.00 12353629184.00 12364726272.00 12376047616.00 
12385619968.00 12398530560.00 12409645056.00 12420970496.00 12431977472.00 12443355136.00 12454657024.00 12465884160.00 12477047808.00 12488286208.00 12499333120.00 12509596672.00 12522084352.00 12533348352.00 12544556032.00 12555698176.00 12566938624.00 12578238464.00 12589423616.00 12600665088.00 
12610578432.00 12623130624.00 12634463232.00 12645647360.00 12656758784.00 12665987072.00 12679310336.00 12690540544.00 12701608960.00 12712906752.00 12724033536.00 12735461376.00 12746562560.00 12757829632.00 12769058816.00 12780236800.00 12791310336.00 12802801664.00 12814030848.00 12825243648.00 
12836129792.00 12847637504.00 12858703872.00 12871793664.00 12881508352.00 12892688384.00 12903934976.00 12915147776.00 12926326784.00 12937669632.00 12948007936.00 12960089088.00 12971036672.00 12982514688.00 12993814528.00 13004918784.00 13016155136.00 13027390464.00 13038934016.00 13049885696.00 
13060466688.00 13072332800.00 13083544576.00 13094858752.00 13105980416.00 13117169664.00 13128394752.00 13139940352.00 13150754816.00 13162198016.00 13173294080.00 13184668672.00 13195814912.00 13207155712.00 13218368512.00 13229159424.00 13240616960.00 13252112384.00 13263246336.00 13274515456.00 
13285396480.00 13296943104.00 13308269568.00 13319411712.00 13330388992.00 13341722624.00 13353066496.00 13364382720.00 13375510528.00 13386728448.00 13397857280.00 13409132544.00 13420336128.00 13431861248.00 13442808832.00 13454048256.00 13465270272.00 13476546560.00 13487666176.00 13498678272.00 
13503619072.00 13522007040.00 13533002752.00 13544094720.00 13555306496.00 13566482432.00 13577769984.00 13589044224.00 13600102400.00 13611421696.00 13622529024.00 13633823744.00 13645002752.00 13656369152.00 13667523584.00 13678758912.00 13689779200.00 13701218304.00 13712500736.00 13723715584.00 
13734642688.00 13746164736.00 13757245440.00 13768664064.00 13779770368.00 13790691328.00 13802361856.00 13813612544.00 13824719872.00 13836007424.00 13847035904.00 13858760704.00 13869502464.00 13880958976.00 13892072448.00 13903324160.00 13914609664.00 13925913600.00 13936816128.00 13948336128.00 
13958897664.00 13970786304.00 13982003200.00 13993241600.00 14004417536.00 14015616000.00 14026908672.00 14038119424.00 14049081344.00 14060467200.00 14067674112.00 14083277824.00 14094329856.00 14105472000.00 14116799488.00 14127997952.00 14139165696.00 14150450176.00 14161671168.00 14172903424.00 
14183848960.00 14195440640.00 14206614528.00 14217680896.00 14228864000.00 14240263168.00 14251532288.00 14262792192.00 14273947648.00 14285221888.00 14296306688.00 14307641344.00 14318700544.00 14330483712.00 14341439488.00 14352234496.00 14363822080.00 14375133184.00 14386315264.00 14397566976.00 
14407439360.00 14420005888.00 14431091712.00 14442260480.00 14453638144.00 14464786432.00 14476314624.00 14487414784.00 14498489344.00 14509870080.00 14520911872.00 14532259840.00 14543469568.00 14554743808.00 14565656576.00 14577188864.00 14588218368.00 14599666688.00 14610870272.00 14622158848.00 
14631704576.00 14644629504.00 14655787008.00 14666995712.00 14678118400.00 14689469440.00 14700707840.00 14711953408.00 14723190784.00 14734402560.00 14745485312.00 14756856832.00 14767862784.00 14779363328.00 14790519808.00 14801716224.00 14812980224.00 14824178688.00 14835427328.00 14846703616.00 
14857252864.00 14869167104.00 14880263168.00 14891591680.00 14902772736.00 14913603584.00 14925224960.00 14936434688.00 14947361792.00 14958796800.00 14969777152.00 14981019648.00 14991787008.00 15000272896.00 15017099264.00 15027129344.00 15038028800.00 15049232384.00 15060374528.00 15071608832.00 
15082459136.00 15094021120.00 15105201152.00 15116453888.00 15127383040.00 15138801664.00 15150045184.00 15161374720.00 15172488192.00 15183779840.00 15194149888.00 15206250496.00 15217311744.00 15228818432.00 15239869440.00 15251104768.00 15262323712.00 15273477120.00 15284724736.00 15296083968.00 
15305920512.00 15318510592.00 15329690624.00 15340943360.00 15352182784.00 15363307520.00 15374654464.00 15385815040.00 15396910080.00 15408368640.00 15419403264.00 15430786048.00 15441953792.00 15453237248.00 15464410112.00 15473591296.00 15486710784.00 15498121216.00 15509401600.00 15520615424.00 
15531534336.00 15543182336.00 15554282496.00 15565564928.00 15576552448.00 15588076544.00 15599263744.00 15610476544.00 15621653504.00 15632985088.00 15643991040.00 15655298048.00 15666356224.00 15677870080.00 15689204736.00 15700222976.00 15711454208.00 15722753024.00 15733932032.00 15745136640.00 
15753091072.00 15767787520.00 15778917376.00 15790312448.00 15801337856.00 15812540416.00 15823827968.00 15835057152.00 15846043648.00 15857476608.00 15868610560.00 15879919616.00 15891298304.00 15902452736.00 15913632768.00 15924831232.00 15936003072.00 15947372544.00 15958582272.00 15969842176.00 
15980722176.00 15992128512.00 16003476480.00 16014675968.00 16025689088.00 16036762624.00 16048346112.00 16059554816.00 16070473728.00 16082649088.00 16093346816.00 16104671232.00 16115745792.00 16127108096.00 16138382336.00 16149481472.00 16160758784.00 16171972608.00 16183178240.00 16194398208.00 
16204336128.00 16216958976.00 16228129792.00 16239312896.00 16250479616.00 16261803008.00 16273025024.00 16284261376.00 16295358464.00 16306793472.00 16317133824.00 16329393152.00 16340335616.00 16351704064.00 16362714112.00 16374247424.00 16385145856.00 16396589056.00 16407812096.00 16419022848.00 
16429955072.00 16441558016.00 16452755456.00 16463971328.00 16475079680.00 16486339584.00 16497574912.00 16509025280.00 16520075264.00 16531333120.00 16542416896.00 16553826304.00 16564773888.00 16576220160.00 16587545600.00 16598316032.00 16609878016.00 16621202432.00 16632313856.00 16643731456.00 
16654204928.00 16666054656.00 16677291008.00 16688596992.00 16699798528.00 16710944768.00 16722224128.00 16733423616.00 16744433664.00 16755917824.00 16766973952.00 16778364928.00 16789501952.00 16800836608.00 16812056576.00 16823161856.00 16834299904.00 16845542400.00 16856659968.00 16867600384.00 
16871058432.00 16891422720.00 16902283264.00 16913411072.00 16924315648.00 16935708672.00 16946955264.00 16958173184.00 16969362432.00 16980637696.00 16991694848.00 17003044864.00 17014164480.00 17025519616.00 17036723200.00 17047862272.00 17059146752.00 17070391296.00 17081652224.00 17093030912.00 
17102788608.00 17115341824.00 17126547456.00 17137794048.00 17149093888.00 17159875584.00 17171457024.00 17182705664.00 17193826304.00 17205127168.00 17216323584.00 17227667456.00 17238865920.00 17250134016.00 17261375488.00 17272530944.00 17283526656.00 17294985216.00 17306122240.00 17317591040.00 
17328420864.00 17340123136.00 17351198720.00 17362462720.00 17373515776.00 17384763392.00 17396084736.00 17407297536.00 17418473472.00 17429766144.00 17440188416.00 17452027904.00 17463201792.00 17474674688.00 17485840384.00 17496877056.00 17508653056.00 17519693824.00 17530875904.00 17542115328.00 
17552676864.00 17564835840.00 17575786496.00 17587013632.00 17598181376.00 17609326592.00 17620692992.00 17631842304.00 17642919936.00 17654407168.00 17665456128.00 17676761088.00 17688121344.00 17699317760.00 17710524416.00 17721372672.00 17732913152.00 17744273408.00 17755463680.00 17767282688.00 
17777620992.00 17789147136.00 17800370176.00 17811568640.00 17822613504.00 17834029056.00 17845235712.00 17856550912.00 17867675648.00 17878956032.00 17890086912.00 17901473792.00 17912549376.00 17923887104.00 17935116288.00 17946273792.00 17957498880.00 17968707584.00 17979858944.00 17990914048.00 
17995833344.00 18014230528.00 18025205760.00 18036391936.00 18047520768.00 18058715136.00 18069950464.00 18081202176.00 18092324864.00 18103640064.00 18114744320.00 18126036992.00 18137313280.00 18148679680.00 18159693824.00 18170947584.00 18182008832.00 18193248256.00 18204735488.00 18215421952.00 
18226839552.00 18238386176.00 18249609216.00 18260830208.00 18271940608.00 18281222144.00 18294530048.00 18305792000.00 18317004800.00 18328213504.00 18339348480.00 18350710784.00 18361671680.00 18373126144.00 18384365568.00 18395498496.00 18406555648.00 18418196480.00 18429315072.00 18440568832.00 
18451109888.00 18462752768.00 18474215424.00 18485540864.00 18496630784.00 18507841536.00 18519062528.00 18529732608.00 18541369344.00 18552823808.00 18563250176.00 18575233024.00 18586376192.00 18597775360.00 18608963584.00 18620073984.00 18631317504.00 18642616320.00 18653894656.00 18665125888.00 
18676025344.00 18687379456.00 18698815488.00 18709989376.00 18720950272.00 18732277760.00 18743293952.00 18755917824.00 18766387200.00 18777583616.00 18788605952.00 18799990784.00 18811058176.00 18822389760.00 18833586176.00 18844436480.00 18856052736.00 18867292160.00 18878529536.00 18889641984.00 
18899652608.00 18912223232.00 18923440128.00 18934675456.00 18945730560.00 18957092864.00 18968336384.00 18979561472.00 18990723072.00 19002109952.00 19013128192.00 19024486400.00 19035498496.00 19047063552.00 19058233344.00 19069407232.00 19080425472.00 19092226048.00 19103076352.00 19114366976.00 
19123920896.00 19136851968.00 19148007424.00 19159291904.00 19170430976.00 19181692928.00 19193012224.00 19204134912.00 19215376384.00 19226615808.00 19237693440.00 19249057792.00 19260014592.00 19271391232.00 19282008064.00 19294289920.00 19305334784.00 19316619264.00 19327795200.00 19338921984.00 
19349575680.00 19361521664.00 19372632064.00 19383873536.00 19394981888.00 19405965312.00 19417513984.00 19428730880.00 19439820800.00 19451303936.00 19462373376.00 19473774592.00 19484915712.00 19496081408.00 19507476480.00 19518605312.00 19529775104.00 19541135360.00 19552309248.00 19563444224.00 
19574501376.00 19585988608.00 19597410304.00 19608500224.00 19619467264.00 19630864384.00 19642075136.00 19653406720.00 19664510976.00 19675707392.00 19682891776.00 19698483200.00 19709511680.00 19720835072.00 19732025344.00 19743180800.00 19754401792.00 19765641216.00 19776946176.00 19788156928.00 
19798099968.00 19810588672.00 19821920256.00 19833106432.00 19844249600.00 19855630336.00 19866810368.00 19878121472.00 19889108992.00 19900446720.00 19911553024.00 19923005440.00 19934103552.00 19945390080.00 19956557824.00 19967418368.00 19978784768.00 19990138880.00 20002166784.00 20012849152.00 
20023744512.00 20035284992.00 20046499840.00 20057724928.00 20068859904.00 20080115712.00 20091408384.00 20102637568.00 20113823744.00 20125067264.00 20136218624.00 20147513344.00 20158547968.00 20169900032.00 20181241856.00 20192444416.00 20203681792.00 20214931456.00 20226148352.00 20237324288.00 
20245278720.00 20259997696.00 20271153152.00 20282357760.00 20293558272.00 20304758784.00 20316002304.00 20327213056.00 20338210816.00 20349691904.00 20360808448.00 20372142080.00 20383375360.00 20394616832.00 20405946368.00 20417009664.00 20428150784.00 20439543808.00 20450275328.00 20462053376.00 
20472903680.00 20484497408.00 20495687680.00 20506834944.00 20517916672.00 20528984064.00 20540356608.00 20551868416.00 20563027968.00 20574332928.00 20585390080.00 20596897792.00 20607854592.00 20618999808.00 20630554624.00 20641646592.00 20652843008.00 20664139776.00 20675395584.00 20686606336.00 
20696504320.00 20709050368.00 20720211968.00 20731475968.00 20742699008.00 20753897472.00 20764782592.00 20776562688.00 20787572736.00 20798867456.00 20809312256.00 20821331968.00 20832614400.00 20843872256.00 20855027712.00 20866181120.00 20877230080.00 20888360960.00 20900022272.00 20911214592.00 
20922122240.00 20933617664.00 20944719872.00 20955981824.00 20967256064.00 20978503680.00 20989730816.00 21001168896.00 21012240384.00 21023557632.00 21034579968.00 21046306816.00 21056954368.00 21068261376.00 21079564288.00 21088786432.00 21102100480.00 21113380864.00 21124540416.00 21135798272.00 
21146374144.00 21158285312.00 21169379328.00 21180784640.00 21191882752.00 21203111936.00 21214375936.00 21225570304.00 21236598784.00 21248413696.00 21259204608.00 21270581248.00 21281787904.00 21292984320.00 21304205312.00 21315497984.00 21326581760.00 21337958400.00 21349148672.00 21360480256.00 
21369952256.00 21382985728.00 21394085888.00 21405294592.00 21416290304.00 21427793920.00 21439029248.00 21450481664.00 21461391360.00 21472448512.00 21483776000.00 21495105536.00 21506250752.00 21517107200.00 21528897536.00 21540034560.00 21551233024.00 21562568704.00 21573720064.00 21584979968.00 
21594892288.00 21607415808.00 21618610176.00 21629681664.00 21641050112.00 21651931136.00 21663748096.00 21674760192.00 21685913600.00 21697335296.00 21708347392.00 21719336960.00 21730893824.00 21742137344.00 21753389056.00 21764552704.00 21775616000.00 21786970112.00 21798344704.00 21809571840.00 
21820448768.00 21831927808.00 21843140608.00 21854484480.00 21865560064.00 21876873216.00 21888243712.00 21899325440.00 21910519808.00 21921828864.00 21932191744.00 21944248320.00 21955237888.00 21966727168.00 21977864192.00 21989087232.00 22000338944.00 22011756544.00 22022819840.00 22034038784.00 
22044616704.00 22056505344.00 22067691520.00 22079047680.00 22090145792.00 22101354496.00 22112550912.00 22123882496.00 22134796288.00 22146383872.00 22157336576.00 22168588288.00 22179885056.00 22191233024.00 22202290176.00 22213187584.00 22224728064.00 22235901952.00 22247161856.00 22258358272.00 
22269298688.00 22280851456.00 22292015104.00 22303197184.00 22314119168.00 22325524480.00 22336739328.00 22347862016.00 22359019520.00 22370236416.00 22381189120.00 22392422400.00 22403387392.00 22414559232.00 22425491456.00 22436315136.00 22447001600.00 22457331712.00 22466621440.00 22472347648.00 
end   dump: w
==END   DUMP_ARRAYS==
Time in seconds = 0.129876
