Sender: LSF System <lsfadmin@polus-c2-ib.bmc.hpc.cs.msu.ru>
Subject: Job 493003: <./medium.o> in cluster <MSUCluster> Done

Job <./medium.o> was submitted from host <polus-ib.bmc.hpc.cs.msu.ru> by user <edu-cmc-skpod19-328-11> in cluster <MSUCluster> at Fri Nov 29 23:29:23 2019
Job was executed on host(s) <10*polus-c2-ib.bmc.hpc.cs.msu.ru>, in queue <short>, as user <edu-cmc-skpod19-328-11> in cluster <MSUCluster> at Fri Nov 29 23:32:02 2019
</home_edu/edu-cmc-skpod19-328/edu-cmc-skpod19-328-11> was used as the home directory.
</home_edu/edu-cmc-skpod19-328/edu-cmc-skpod19-328-11/dep_gemver> was used as the working directory.
Started at Fri Nov 29 23:32:02 2019
Terminated at Fri Nov 29 23:32:04 2019
Results reported at Fri Nov 29 23:32:04 2019

Your job looked like:

------------------------------------------------------------
# LSBATCH: User input
./medium.o
------------------------------------------------------------

Successfully completed.

Resource usage summary:

    CPU time :                                   5.57 sec.
    Max Memory :                                 26 MB
    Average Memory :                             17.67 MB
    Total Requested Memory :                     -
    Delta Memory :                               -
    Max Swap :                                   -
    Max Processes :                              3
    Max Threads :                                163
    Run time :                                   2 sec.
    Turnaround time :                            161 sec.

The output (if any) follows:

==BEGIN DUMP_ARRAYS==
begin dump: w
0.00 0.00 0.00 0.00 0.00 0.00 0.00 0.00 0.00 0.00 0.00 0.00 0.00 0.00 0.00 0.00 0.00 0.00 0.00 0.00 
0.00 0.00 0.00 0.00 0.00 0.00 0.00 0.00 0.00 0.00 0.00 0.00 0.00 0.00 0.00 0.00 0.00 0.00 0.00 0.00 
0.00 0.00 0.00 0.00 0.00 0.00 0.00 0.00 0.00 0.00 0.00 0.00 0.00 0.00 0.00 0.00 0.00 0.00 0.00 0.00 
0.00 0.00 0.00 0.00 0.00 0.00 0.00 0.00 0.00 0.00 0.00 0.00 0.00 0.00 0.00 0.00 0.00 0.00 0.00 0.00 
0.00 0.00 0.00 0.00 0.00 0.00 0.00 0.00 0.00 0.00 0.00 0.00 0.00 0.00 0.00 0.00 0.00 0.00 0.00 0.00 
0.00 0.00 0.00 0.00 0.00 0.00 0.00 0.00 0.00 0.00 0.00 0.00 0.00 0.00 0.00 0.00 0.00 0.00 0.00 0.00 
0.00 0.00 0.00 0.00 0.00 0.00 0.00 0.00 0.00 0.00 0.00 0.00 0.00 0.00 0.00 0.00 0.00 0.00 0.00 0.00 
0.00 0.00 0.00 0.00 0.00 0.00 0.00 0.00 0.00 0.00 0.00 0.00 0.00 0.00 0.00 0.00 0.00 0.00 0.00 0.00 
0.00 0.00 0.00 0.00 0.00 0.00 0.00 0.00 0.00 0.00 0.00 0.00 0.00 0.00 0.00 0.00 0.00 0.00 0.00 0.00 
0.00 0.00 0.00 0.00 0.00 0.00 0.00 0.00 0.00 0.00 0.00 0.00 0.00 0.00 0.00 0.00 0.00 0.00 0.00 0.00 
0.00 0.00 0.00 0.00 0.00 0.00 0.00 0.00 0.00 0.00 0.00 0.00 0.00 0.00 0.00 0.00 0.00 0.00 0.00 0.00 
0.00 0.00 0.00 0.00 0.00 0.00 0.00 0.00 0.00 0.00 0.00 0.00 0.00 0.00 0.00 0.00 0.00 0.00 0.00 0.00 
0.00 0.00 0.00 0.00 0.00 0.00 0.00 0.00 0.00 0.00 0.00 0.00 0.00 0.00 0.00 0.00 0.00 0.00 0.00 0.00 
0.00 0.00 0.00 0.00 0.00 0.00 0.00 0.00 0.00 0.00 0.00 0.00 0.00 0.00 0.00 0.00 0.00 0.00 0.00 0.00 
0.00 0.00 0.00 0.00 0.00 0.00 0.00 0.00 0.00 0.00 0.00 0.00 0.00 0.00 0.00 0.00 0.00 0.00 0.00 0.00 
0.00 0.00 0.00 0.00 0.00 0.00 0.00 0.00 0.00 0.00 0.00 0.00 0.00 0.00 0.00 0.00 0.00 0.00 0.00 0.00 
0.00 0.00 0.00 0.00 0.00 0.00 0.00 0.00 0.00 0.00 0.00 0.00 0.00 0.00 0.00 0.00 0.00 0.00 0.00 0.00 
0.00 0.00 0.00 0.00 0.00 0.00 0.00 0.00 0.00 0.00 0.00 0.00 0.00 0.00 0.00 0.00 0.00 0.00 0.00 0.00 
0.00 0.00 0.00 0.00 0.00 0.00 0.00 0.00 0.00 0.00 0.00 0.00 0.00 0.00 0.00 0.00 0.00 0.00 0.00 0.00 
0.00 0.00 0.00 0.00 0.00 0.00 0.00 0.00 0.00 0.00 0.00 0.00 0.00 0.00 0.00 0.00 0.00 0.00 0.00 0.00 
end   dump: w
==END   DUMP_ARRAYS==
==BEGIN DUMP_ARRAYS==
begin dump: w
58.96 352775.78 390610.88 450585.19 514000.38 578320.12 649925.06 718730.31 785985.81 859209.50 923668.19 999220.50 1067621.38 1139613.88 1209336.25 1278782.38 1344062.25 1421578.12 1491281.50 1559953.62 
1623765.00 1701678.00 1773947.88 1845767.25 1912690.38 1973642.88 2057658.12 2128697.00 2198023.75 2270837.75 2335813.75 2412625.00 2473866.25 2551947.00 2622330.00 2692373.50 2762251.25 2835845.75 2904664.75 2976094.75 
3027355.00 3117841.50 3187700.50 3260271.50 3328210.25 3400495.75 3471871.50 3539596.25 3606408.75 3685616.50 3729541.00 3826958.00 3895542.75 3967797.50 4037543.25 4107063.75 4175830.75 4242546.00 4322784.00 4392219.00 
4453564.00 4533687.00 4604668.00 4675159.00 4738232.50 4815128.50 4885577.00 4964698.00 5028744.00 5102920.50 5167141.00 5242870.00 5308714.50 5385758.50 5453168.50 5512226.00 5593961.50 5667835.50 5736666.50 5806596.00 
5837424.00 5951446.50 6020783.50 6091717.50 6161014.50 6231344.50 6304700.00 6377359.00 6441260.00 6523695.00 6582649.50 6659090.50 6726390.50 6798547.50 6868325.50 6938297.50 7003200.00 7083934.50 7152027.00 7220003.00 
7241898.00 7370208.00 7438651.00 7508752.50 7575514.50 7647445.00 7720221.50 7791772.50 7860003.00 7927204.50 7998705.00 8072801.00 8136521.00 8214792.50 8281738.00 8356640.00 8426853.00 8498504.00 8569166.00 8640293.00 
8690344.00 8782451.00 8852256.00 8918601.00 8992058.00 9051818.00 9134967.00 9206847.00 9268641.00 9345671.00 9412825.00 9487134.00 9554160.00 9609778.00 9713485.00 9774901.00 9842699.00 9917104.00 9987337.00 10057173.00 
10117891.00 10197896.00 10269645.00 10342147.00 10402888.00 10478862.00 10552473.00 10622951.00 10691906.00 10763176.00 10809248.00 10907223.00 10973605.00 11048438.00 11120522.00 11187757.00 11258738.00 11330380.00 11400510.00 11470904.00 
11501460.00 11616040.00 11685230.00 11758649.00 11825451.00 11895264.00 11967637.00 12040223.00 12105920.00 12179983.00 12245975.00 12319460.00 12393480.00 12465745.00 12535130.00 12591998.00 12667793.00 12746557.00 12820771.00 12889172.00 
12948693.00 13030210.00 13102793.00 13171583.00 13238355.00 13311367.00 13382120.00 13454196.00 13522828.00 13595668.00 13661300.00 13737437.00 13799049.00 13877627.00 13948775.00 14016790.00 14086885.00 14157676.00 14224726.00 14287454.00 
14267971.00 14464025.00 14525610.00 14593806.00 14661317.00 14730170.00 14801568.00 14873854.00 14936103.00 15014047.00 15080301.00 15155802.00 15225367.00 15297282.00 15368216.00 15435596.00 15505378.00 15579896.00 15647543.00 15721267.00 
15782133.00 15862301.00 15929565.00 16004920.00 16067371.00 16133251.00 16215210.00 16285727.00 16354711.00 16432010.00 16495620.00 16571493.00 16637811.00 16711251.00 16782700.00 16851702.00 16922746.00 16992828.00 17065106.00 17135438.00 
17165710.00 17280574.00 17349822.00 17421094.00 17489460.00 17559208.00 17629812.00 17703034.00 17770128.00 17844256.00 17889324.00 17988294.00 18056284.00 18128522.00 18197858.00 18268106.00 18332268.00 18409330.00 18480684.00 18553580.00 
18612950.00 18694308.00 18763004.00 18834364.00 18901034.00 18972058.00 19036854.00 19141702.00 19194046.00 19264342.00 19328778.00 19405814.00 19466510.00 19544628.00 19615374.00 19673424.00 19756146.00 19832878.00 19898074.00 19969026.00 
20019120.00 20111182.00 20181166.00 20252974.00 20321354.00 20390318.00 20468600.00 20536682.00 20598630.00 20678674.00 20742886.00 20824266.00 20888186.00 20959716.00 21030110.00 21099516.00 21168220.00 21242728.00 21311686.00 21381268.00 
21402486.00 21531476.00 21598312.00 21667536.00 21731962.00 21808670.00 21882010.00 21952932.00 22021806.00 22092388.00 22158958.00 22227782.00 22302468.00 22374108.00 22445628.00 22515618.00 22587186.00 22659756.00 22729552.00 22800034.00 
22829752.00 22944876.00 23013668.00 23083644.00 23154232.00 23213018.00 23297174.00 23365708.00 23435016.00 23508596.00 23574462.00 23648556.00 23719456.00 23786776.00 23864756.00 23931818.00 23996924.00 24076322.00 24145666.00 24217790.00 
24277260.00 24359258.00 24427556.00 24508924.00 24567898.00 24639906.00 24712798.00 24783672.00 24852666.00 24924518.00 24969032.00 25065860.00 25128746.00 25211876.00 25278460.00 25346458.00 25419990.00 25491210.00 25562636.00 25633632.00 
25682112.00 25775380.00 25845674.00 25915632.00 25985950.00 26054590.00 26128004.00 26199528.00 26261292.00 26338846.00 26405778.00 26480638.00 26550176.00 26622784.00 26692682.00 26751606.00 26831042.00 26905704.00 26976388.00 27049800.00 
27107066.00 27191518.00 27259066.00 27329900.00 27391088.00 27468182.00 27541002.00 27611860.00 27680566.00 27752260.00 27817928.00 27892262.00 27957754.00 28032744.00 28100410.00 28168636.00 28234198.00 28300884.00 28359724.00 28398702.00 
end   dump: w
==END   DUMP_ARRAYS==
Time in seconds = 0.114042
