Sender: LSF System <lsfadmin@polus-c4-ib.bmc.hpc.cs.msu.ru>
Subject: Job 492982: <./medium.o> in cluster <MSUCluster> Done

Job <./medium.o> was submitted from host <polus-ib.bmc.hpc.cs.msu.ru> by user <edu-cmc-skpod19-328-11> in cluster <MSUCluster> at Fri Nov 29 23:29:23 2019
Job was executed on host(s) <7*polus-c4-ib.bmc.hpc.cs.msu.ru>, in queue <short>, as user <edu-cmc-skpod19-328-11> in cluster <MSUCluster> at Fri Nov 29 23:30:21 2019
                            <2*polus-c3-ib.bmc.hpc.cs.msu.ru>
</home_edu/edu-cmc-skpod19-328/edu-cmc-skpod19-328-11> was used as the home directory.
</home_edu/edu-cmc-skpod19-328/edu-cmc-skpod19-328-11/dep_gemver> was used as the working directory.
Started at Fri Nov 29 23:30:21 2019
Terminated at Fri Nov 29 23:30:22 2019
Results reported at Fri Nov 29 23:30:22 2019

Your job looked like:

------------------------------------------------------------
# LSBATCH: User input
./medium.o
------------------------------------------------------------

Successfully completed.

Resource usage summary:

    CPU time :                                   4.40 sec.
    Max Memory :                                 1 MB
    Average Memory :                             1.00 MB
    Total Requested Memory :                     -
    Delta Memory :                               -
    Max Swap :                                   -
    Max Processes :                              1
    Max Threads :                                1
    Run time :                                   1 sec.
    Turnaround time :                            59 sec.

The output (if any) follows:

==BEGIN DUMP_ARRAYS==
begin dump: w
0.00 0.00 0.00 0.00 0.00 0.00 0.00 0.00 0.00 0.00 0.00 0.00 0.00 0.00 0.00 0.00 0.00 0.00 0.00 0.00 
0.00 0.00 0.00 0.00 0.00 0.00 0.00 0.00 0.00 0.00 0.00 0.00 0.00 0.00 0.00 0.00 0.00 0.00 0.00 0.00 
0.00 0.00 0.00 0.00 0.00 0.00 0.00 0.00 0.00 0.00 0.00 0.00 0.00 0.00 0.00 0.00 0.00 0.00 0.00 0.00 
0.00 0.00 0.00 0.00 0.00 0.00 0.00 0.00 0.00 0.00 0.00 0.00 0.00 0.00 0.00 0.00 0.00 0.00 0.00 0.00 
0.00 0.00 0.00 0.00 0.00 0.00 0.00 0.00 0.00 0.00 0.00 0.00 0.00 0.00 0.00 0.00 0.00 0.00 0.00 0.00 
0.00 0.00 0.00 0.00 0.00 0.00 0.00 0.00 0.00 0.00 0.00 0.00 0.00 0.00 0.00 0.00 0.00 0.00 0.00 0.00 
0.00 0.00 0.00 0.00 0.00 0.00 0.00 0.00 0.00 0.00 0.00 0.00 0.00 0.00 0.00 0.00 0.00 0.00 0.00 0.00 
0.00 0.00 0.00 0.00 0.00 0.00 0.00 0.00 0.00 0.00 0.00 0.00 0.00 0.00 0.00 0.00 0.00 0.00 0.00 0.00 
0.00 0.00 0.00 0.00 0.00 0.00 0.00 0.00 0.00 0.00 0.00 0.00 0.00 0.00 0.00 0.00 0.00 0.00 0.00 0.00 
0.00 0.00 0.00 0.00 0.00 0.00 0.00 0.00 0.00 0.00 0.00 0.00 0.00 0.00 0.00 0.00 0.00 0.00 0.00 0.00 
0.00 0.00 0.00 0.00 0.00 0.00 0.00 0.00 0.00 0.00 0.00 0.00 0.00 0.00 0.00 0.00 0.00 0.00 0.00 0.00 
0.00 0.00 0.00 0.00 0.00 0.00 0.00 0.00 0.00 0.00 0.00 0.00 0.00 0.00 0.00 0.00 0.00 0.00 0.00 0.00 
0.00 0.00 0.00 0.00 0.00 0.00 0.00 0.00 0.00 0.00 0.00 0.00 0.00 0.00 0.00 0.00 0.00 0.00 0.00 0.00 
0.00 0.00 0.00 0.00 0.00 0.00 0.00 0.00 0.00 0.00 0.00 0.00 0.00 0.00 0.00 0.00 0.00 0.00 0.00 0.00 
0.00 0.00 0.00 0.00 0.00 0.00 0.00 0.00 0.00 0.00 0.00 0.00 0.00 0.00 0.00 0.00 0.00 0.00 0.00 0.00 
0.00 0.00 0.00 0.00 0.00 0.00 0.00 0.00 0.00 0.00 0.00 0.00 0.00 0.00 0.00 0.00 0.00 0.00 0.00 0.00 
0.00 0.00 0.00 0.00 0.00 0.00 0.00 0.00 0.00 0.00 0.00 0.00 0.00 0.00 0.00 0.00 0.00 0.00 0.00 0.00 
0.00 0.00 0.00 0.00 0.00 0.00 0.00 0.00 0.00 0.00 0.00 0.00 0.00 0.00 0.00 0.00 0.00 0.00 0.00 0.00 
0.00 0.00 0.00 0.00 0.00 0.00 0.00 0.00 0.00 0.00 0.00 0.00 0.00 0.00 0.00 0.00 0.00 0.00 0.00 0.00 
0.00 0.00 0.00 0.00 0.00 0.00 0.00 0.00 0.00 0.00 0.00 0.00 0.00 0.00 0.00 0.00 0.00 0.00 0.00 0.00 
end   dump: w
==END   DUMP_ARRAYS==
==BEGIN DUMP_ARRAYS==
begin dump: w
56.34 337116.78 373668.22 433694.03 491557.12 552665.25 623083.56 688388.00 751122.94 820499.62 885031.38 955233.25 1020775.88 1090955.50 1156679.12 1221717.50 1284730.12 1359432.88 1426318.38 1491972.00 
1552648.75 1627239.12 1695882.00 1764294.50 1828561.75 1887027.88 1966557.75 2034696.50 2101095.75 2171208.00 2232639.75 2307052.25 2365126.75 2439703.00 2507665.25 2573773.50 2640918.75 2710843.50 2776756.25 2844625.75 
2893598.75 2980661.25 3047202.50 3116902.00 3181840.50 3250583.75 3318836.25 3383772.00 3447004.75 3522859.50 3565425.25 3657538.00 3723326.50 3792355.25 3859577.50 3925629.25 3991781.75 4054792.00 4132249.25 4198176.00 
4256043.00 4333173.50 4401792.00 4469200.00 4529070.50 4601444.00 4669431.50 4745303.50 4807302.50 4877057.50 4938587.00 5010698.00 5074128.00 5147812.50 5212081.50 5268519.50 5347251.50 5417493.50 5482420.50 5549388.00 
5578826.50 5688521.00 5755016.50 5821973.00 5888817.00 5955674.50 6025832.50 6095577.50 6156687.50 6234760.00 6291791.00 6364576.00 6428908.50 6497519.00 6564529.50 6631377.50 6693837.00 6770414.50 6835400.00 6901029.00 
6921544.50 7043713.00 7109143.00 7176203.50 7240154.00 7309054.00 7378556.50 7446674.00 7511968.50 7576406.00 7644583.00 7715420.00 7776556.00 7851274.00 7915169.50 7986045.50 8054099.50 8122450.00 8189765.00 8257461.50 
8304907.50 8393736.00 8460404.00 8523707.00 8594305.00 8651089.00 8730542.00 8798918.00 8858466.00 8931754.00 8995892.00 9067088.00 9131277.00 9184570.00 9283140.00 9341496.00 9406848.00 9477995.00 9544955.00 9611476.00 
9669968.00 9745881.00 9814608.00 9884224.00 9941838.00 10014687.00 10085316.00 10152673.00 10218675.00 10286509.00 10330391.00 10423884.00 10487346.00 10558734.00 10627928.00 10691279.00 10759943.00 10828395.00 10894951.00 10962603.00 
10991188.00 11101367.00 11167844.00 11237531.00 11301787.00 11368267.00 11437036.00 11506804.00 11569867.00 11640053.00 11703785.00 11773008.00 11844186.00 11912898.00 11980005.00 12033777.00 12106782.00 12181366.00 12252417.00 12318199.00 
12374997.00 12452840.00 12522092.00 12587740.00 12651643.00 12721372.00 12789702.00 12858109.00 12923951.00 12993496.00 13055880.00 13128212.00 13188109.00 13262683.00 13330815.00 13394575.00 13463189.00 13529537.00 13594678.00 13654344.00 
13634964.00 13822907.00 13881664.00 13947716.00 14011333.00 14078258.00 14145520.00 14214570.00 14273710.00 14349045.00 14412052.00 14483760.00 14550576.00 14619138.00 14686636.00 14751466.00 14818540.00 14889513.00 14954243.00 15024411.00 
15082591.00 15159054.00 15223925.00 15295888.00 15355047.00 15418240.00 15496339.00 15564349.00 15630335.00 15704243.00 15764143.00 15837199.00 15900323.00 15970452.00 16039300.00 16104574.00 16172732.00 16239721.00 16308492.00 16375889.00 
16404271.00 16514656.00 16581385.00 16648856.00 16714578.00 16781566.00 16848406.00 16918516.00 16982844.00 17053366.00 17096680.00 17190742.00 17255838.00 17324576.00 17391016.00 17458158.00 17519986.00 17593034.00 17661726.00 17731364.00 
17787624.00 17865772.00 17931378.00 17999260.00 18063336.00 18131346.00 18193192.00 18292684.00 18343244.00 18410164.00 18472034.00 18545498.00 18603360.00 18678334.00 18745790.00 18800928.00 18880214.00 18953548.00 19015928.00 19083520.00 
19131640.00 19219794.00 19286576.00 19354798.00 19420426.00 19486794.00 19561168.00 19625982.00 19685258.00 19761834.00 19823340.00 19900846.00 19962556.00 20030576.00 20097774.00 20163792.00 20230028.00 20301048.00 20367200.00 20433542.00 
20453318.00 20576226.00 20640936.00 20706842.00 20767988.00 20841460.00 20911802.00 20979736.00 21045610.00 21112686.00 21176138.00 21242502.00 21313498.00 21381676.00 21450502.00 21517168.00 21585710.00 21655282.00 21721312.00 21788726.00 
21816636.00 21927866.00 21993912.00 22059758.00 22127268.00 22183490.00 22264258.00 22329442.00 22396050.00 22466560.00 22529344.00 22600190.00 22667218.00 22731950.00 22806906.00 22871398.00 22932756.00 23008056.00 23074542.00 23144086.00 
23201548.00 23279084.00 23344090.00 23422450.00 23478398.00 23547218.00 23616756.00 23684888.00 23751190.00 23819712.00 23861642.00 23954394.00 24014820.00 24093476.00 24157504.00 24222264.00 24292680.00 24360350.00 24429132.00 24496586.00 
24542948.00 24632630.00 24699590.00 24766422.00 24833606.00 24899070.00 24968676.00 25037550.00 25096700.00 25170196.00 25235290.00 25306048.00 25373420.00 25442558.00 25509774.00 25564984.00 25641630.00 25712960.00 25780452.00 25850022.00 
25904942.00 25985282.00 26050018.00 26117816.00 26177092.00 26251132.00 26319654.00 26386292.00 26453758.00 26522020.00 26582890.00 26656762.00 26719062.00 26788864.00 26853248.00 26920178.00 26982952.00 27043546.00 27102662.00 27140142.00 
end   dump: w
==END   DUMP_ARRAYS==
Time in seconds = 0.059948
