Sender: LSF System <lsfadmin@polus-c3-ib.bmc.hpc.cs.msu.ru>
Subject: Job 492816: <./medium.o> in cluster <MSUCluster> Done

Job <./medium.o> was submitted from host <polus-ib.bmc.hpc.cs.msu.ru> by user <edu-cmc-skpod19-328-11> in cluster <MSUCluster> at Fri Nov 29 23:26:21 2019
Job was executed on host(s) <1*polus-c3-ib.bmc.hpc.cs.msu.ru>, in queue <short>, as user <edu-cmc-skpod19-328-11> in cluster <MSUCluster> at Fri Nov 29 23:26:39 2019
                            <1*polus-c1-ib.bmc.hpc.cs.msu.ru>
</home_edu/edu-cmc-skpod19-328/edu-cmc-skpod19-328-11> was used as the home directory.
</home_edu/edu-cmc-skpod19-328/edu-cmc-skpod19-328-11/dep_gemver> was used as the working directory.
Started at Fri Nov 29 23:26:39 2019
Terminated at Fri Nov 29 23:26:42 2019
Results reported at Fri Nov 29 23:26:42 2019

Your job looked like:

------------------------------------------------------------
# LSBATCH: User input
./medium.o
------------------------------------------------------------

Successfully completed.

Resource usage summary:

    CPU time :                                   4.45 sec.
    Max Memory :                                 1 MB
    Average Memory :                             1.00 MB
    Total Requested Memory :                     -
    Delta Memory :                               -
    Max Swap :                                   -
    Max Processes :                              1
    Max Threads :                                1
    Run time :                                   2 sec.
    Turnaround time :                            21 sec.

The output (if any) follows:

==BEGIN DUMP_ARRAYS==
begin dump: w
0.00 0.00 0.00 0.00 0.00 0.00 0.00 0.00 0.00 0.00 0.00 0.00 0.00 0.00 0.00 0.00 0.00 0.00 0.00 0.00 
0.00 0.00 0.00 0.00 0.00 0.00 0.00 0.00 0.00 0.00 0.00 0.00 0.00 0.00 0.00 0.00 0.00 0.00 0.00 0.00 
0.00 0.00 0.00 0.00 0.00 0.00 0.00 0.00 0.00 0.00 0.00 0.00 0.00 0.00 0.00 0.00 0.00 0.00 0.00 0.00 
0.00 0.00 0.00 0.00 0.00 0.00 0.00 0.00 0.00 0.00 0.00 0.00 0.00 0.00 0.00 0.00 0.00 0.00 0.00 0.00 
0.00 0.00 0.00 0.00 0.00 0.00 0.00 0.00 0.00 0.00 0.00 0.00 0.00 0.00 0.00 0.00 0.00 0.00 0.00 0.00 
0.00 0.00 0.00 0.00 0.00 0.00 0.00 0.00 0.00 0.00 0.00 0.00 0.00 0.00 0.00 0.00 0.00 0.00 0.00 0.00 
0.00 0.00 0.00 0.00 0.00 0.00 0.00 0.00 0.00 0.00 0.00 0.00 0.00 0.00 0.00 0.00 0.00 0.00 0.00 0.00 
0.00 0.00 0.00 0.00 0.00 0.00 0.00 0.00 0.00 0.00 0.00 0.00 0.00 0.00 0.00 0.00 0.00 0.00 0.00 0.00 
0.00 0.00 0.00 0.00 0.00 0.00 0.00 0.00 0.00 0.00 0.00 0.00 0.00 0.00 0.00 0.00 0.00 0.00 0.00 0.00 
0.00 0.00 0.00 0.00 0.00 0.00 0.00 0.00 0.00 0.00 0.00 0.00 0.00 0.00 0.00 0.00 0.00 0.00 0.00 0.00 
0.00 0.00 0.00 0.00 0.00 0.00 0.00 0.00 0.00 0.00 0.00 0.00 0.00 0.00 0.00 0.00 0.00 0.00 0.00 0.00 
0.00 0.00 0.00 0.00 0.00 0.00 0.00 0.00 0.00 0.00 0.00 0.00 0.00 0.00 0.00 0.00 0.00 0.00 0.00 0.00 
0.00 0.00 0.00 0.00 0.00 0.00 0.00 0.00 0.00 0.00 0.00 0.00 0.00 0.00 0.00 0.00 0.00 0.00 0.00 0.00 
0.00 0.00 0.00 0.00 0.00 0.00 0.00 0.00 0.00 0.00 0.00 0.00 0.00 0.00 0.00 0.00 0.00 0.00 0.00 0.00 
0.00 0.00 0.00 0.00 0.00 0.00 0.00 0.00 0.00 0.00 0.00 0.00 0.00 0.00 0.00 0.00 0.00 0.00 0.00 0.00 
0.00 0.00 0.00 0.00 0.00 0.00 0.00 0.00 0.00 0.00 0.00 0.00 0.00 0.00 0.00 0.00 0.00 0.00 0.00 0.00 
0.00 0.00 0.00 0.00 0.00 0.00 0.00 0.00 0.00 0.00 0.00 0.00 0.00 0.00 0.00 0.00 0.00 0.00 0.00 0.00 
0.00 0.00 0.00 0.00 0.00 0.00 0.00 0.00 0.00 0.00 0.00 0.00 0.00 0.00 0.00 0.00 0.00 0.00 0.00 0.00 
0.00 0.00 0.00 0.00 0.00 0.00 0.00 0.00 0.00 0.00 0.00 0.00 0.00 0.00 0.00 0.00 0.00 0.00 0.00 0.00 
0.00 0.00 0.00 0.00 0.00 0.00 0.00 0.00 0.00 0.00 0.00 0.00 0.00 0.00 0.00 0.00 0.00 0.00 0.00 0.00 
end   dump: w
==END   DUMP_ARRAYS==
==BEGIN DUMP_ARRAYS==
begin dump: w
62.71 375291.59 409973.50 471718.12 540588.00 610382.88 685840.56 758158.69 828649.81 907817.00 976860.69 1057315.75 1130595.12 1206298.00 1281118.62 1353896.62 1423961.12 1505804.75 1581100.88 1653699.38 
1720815.88 1802623.75 1881010.25 1957705.50 2027854.00 2093945.12 2182080.50 2258414.00 2331553.25 2409726.50 2478243.25 2560046.25 2625763.50 2708811.50 2783995.25 2857714.50 2932752.50 3010799.00 3083315.50 3158816.50 
3214003.75 3309855.50 3384606.00 3461990.75 3533886.50 3611762.75 3687600.75 3759132.75 3829757.00 3914552.50 3962109.25 4064622.00 4137751.25 4214058.00 4289294.00 4362664.00 4436006.00 4505499.00 4591993.00 4666253.00 
4731449.00 4815813.50 4892533.00 4966963.00 5034110.00 5115219.50 5190422.50 5275139.00 5343416.00 5422092.50 5489661.00 5570337.00 5641552.00 5722902.00 5794838.50 5857791.50 5944511.00 6022747.50 6095631.00 6169884.50 
6204193.50 6325318.50 6398584.50 6473530.00 6547383.50 6622325.50 6700091.50 6778060.00 6845851.50 6933820.50 6996355.50 7077248.50 7148812.00 7225398.00 7299717.50 7374874.50 7443640.00 7528785.50 7601352.00 7674426.00 
7698995.00 7833728.00 7906079.00 7981618.00 8052417.00 8128323.00 8205772.00 8282192.50 8355139.00 8425906.00 8502302.00 8580984.00 8649339.00 8732742.00 8803352.00 8883182.00 8957852.00 9034161.00 9109039.00 9184595.00 
9238310.00 9335551.00 9409851.00 9480285.00 9559348.00 9622792.00 9710889.00 9787276.00 9853050.00 9935066.00 10006682.00 10085866.00 10156399.00 10214166.00 10326569.00 10392107.00 10464041.00 10543244.00 10617807.00 10691931.00 
10757028.00 10841508.00 10918012.00 10995336.00 11060002.00 11140786.00 11218797.00 11294035.00 11367280.00 11443146.00 11492602.00 11596239.00 11666965.00 11746445.00 11823033.00 11894098.00 11970024.00 12046105.00 12120907.00 12195163.00 
12229007.00 12350631.00 12424281.00 12501852.00 12572752.00 12648196.00 12724016.00 12801668.00 12871710.00 12949945.00 13020537.00 13098864.00 13177001.00 13253731.00 13327685.00 13388645.00 13469344.00 13552425.00 13631552.00 13704628.00 
13768868.00 13854800.00 13931587.00 14004782.00 14075495.00 14153620.00 14229280.00 14305498.00 14378783.00 14455408.00 14526170.00 14606235.00 14672576.00 14755689.00 14830889.00 14903756.00 14978825.00 15052994.00 15125167.00 15191139.00 
15173865.00 15380372.00 15445216.00 15518516.00 15589290.00 15663167.00 15739493.00 15815832.00 15882167.00 15965284.00 16035222.00 16116107.00 16189344.00 16266016.00 16341101.00 16413302.00 16488062.00 16566721.00 16638793.00 16716710.00 
16781672.00 16866886.00 16938834.00 17019092.00 17085398.00 17155728.00 17242700.00 17317786.00 17391114.00 17472656.00 17540858.00 17621574.00 17691846.00 17769846.00 17846366.00 17918726.00 17995372.00 18069664.00 18146098.00 18220882.00 
18254612.00 18376352.00 18449470.00 18525406.00 18598100.00 18672818.00 18747346.00 18825060.00 18896590.00 18975262.00 19024050.00 19128360.00 19200838.00 19277472.00 19351578.00 19426136.00 19494740.00 19576176.00 19652366.00 19730016.00 
19793510.00 19879586.00 19952572.00 20028266.00 20099508.00 20174816.00 20243808.00 20357348.00 20411718.00 20485660.00 20554708.00 20636448.00 20701696.00 20784242.00 20859488.00 20921584.00 21008770.00 21091230.00 21160526.00 21235960.00 
21289376.00 21386916.00 21461342.00 21537348.00 21610262.00 21683738.00 21767028.00 21838772.00 21905400.00 21990530.00 22059090.00 22145606.00 22212980.00 22289320.00 22364608.00 22438596.00 22511138.00 22589894.00 22664296.00 22737786.00 
22761426.00 22897076.00 22969028.00 23042726.00 23111108.00 23192046.00 23270656.00 23346110.00 23419304.00 23494256.00 23565034.00 23637694.00 23717700.00 23793450.00 23870290.00 23944604.00 24020738.00 24097978.00 24171794.00 24246192.00 
24279426.00 24401628.00 24474746.00 24548766.00 24623598.00 24686570.00 24775536.00 24848600.00 24922000.00 25001176.00 25071722.00 25149414.00 25224702.00 25296372.00 25379950.00 25451702.00 25520622.00 25604548.00 25677838.00 25755700.00 
25819098.00 25905260.00 25978384.00 26066020.00 26127546.00 26204258.00 26281082.00 26357452.00 26430364.00 26506896.00 26554540.00 26656966.00 26724976.00 26812376.00 26882774.00 26955170.00 27034228.00 27109530.00 27185778.00 27261660.00 
27313686.00 27412698.00 27487064.00 27560714.00 27635366.00 27709204.00 27786378.00 27862700.00 27928964.00 28011474.00 28083150.00 28161784.00 28236572.00 28313096.00 28388302.00 28450424.00 28535706.00 28613808.00 28689376.00 28768886.00 
28829722.00 28917814.00 28989284.00 29065706.00 29130790.00 29213024.00 29289258.00 29365216.00 29437516.00 29514202.00 29584540.00 29663698.00 29734908.00 29813352.00 29884534.00 29956540.00 30027524.00 30099798.00 30160416.00 30196226.00 
end   dump: w
==END   DUMP_ARRAYS==
Time in seconds = 0.075602
