Sender: LSF System <lsfadmin@polus-c2-ib.bmc.hpc.cs.msu.ru>
Subject: Job 493097: <./medium.o> in cluster <MSUCluster> Done

Job <./medium.o> was submitted from host <polus-ib.bmc.hpc.cs.msu.ru> by user <edu-cmc-skpod19-328-11> in cluster <MSUCluster> at Fri Nov 29 23:30:24 2019
Job was executed on host(s) <15*polus-c2-ib.bmc.hpc.cs.msu.ru>, in queue <short>, as user <edu-cmc-skpod19-328-11> in cluster <MSUCluster> at Fri Nov 29 23:33:29 2019
</home_edu/edu-cmc-skpod19-328/edu-cmc-skpod19-328-11> was used as the home directory.
</home_edu/edu-cmc-skpod19-328/edu-cmc-skpod19-328-11/dep_gemver> was used as the working directory.
Started at Fri Nov 29 23:33:29 2019
Terminated at Fri Nov 29 23:33:29 2019
Results reported at Fri Nov 29 23:33:29 2019

Your job looked like:

------------------------------------------------------------
# LSBATCH: User input
./medium.o
------------------------------------------------------------

Successfully completed.

Resource usage summary:

    CPU time :                                   4.13 sec.
    Max Memory :                                 4 MB
    Average Memory :                             2.00 MB
    Total Requested Memory :                     -
    Delta Memory :                               -
    Max Swap :                                   -
    Max Processes :                              1
    Max Threads :                                1
    Run time :                                   1 sec.
    Turnaround time :                            185 sec.

The output (if any) follows:

==BEGIN DUMP_ARRAYS==
begin dump: w
0.00 0.00 0.00 0.00 0.00 0.00 0.00 0.00 0.00 0.00 0.00 0.00 0.00 0.00 0.00 0.00 0.00 0.00 0.00 0.00 
0.00 0.00 0.00 0.00 0.00 0.00 0.00 0.00 0.00 0.00 0.00 0.00 0.00 0.00 0.00 0.00 0.00 0.00 0.00 0.00 
0.00 0.00 0.00 0.00 0.00 0.00 0.00 0.00 0.00 0.00 0.00 0.00 0.00 0.00 0.00 0.00 0.00 0.00 0.00 0.00 
0.00 0.00 0.00 0.00 0.00 0.00 0.00 0.00 0.00 0.00 0.00 0.00 0.00 0.00 0.00 0.00 0.00 0.00 0.00 0.00 
0.00 0.00 0.00 0.00 0.00 0.00 0.00 0.00 0.00 0.00 0.00 0.00 0.00 0.00 0.00 0.00 0.00 0.00 0.00 0.00 
0.00 0.00 0.00 0.00 0.00 0.00 0.00 0.00 0.00 0.00 0.00 0.00 0.00 0.00 0.00 0.00 0.00 0.00 0.00 0.00 
0.00 0.00 0.00 0.00 0.00 0.00 0.00 0.00 0.00 0.00 0.00 0.00 0.00 0.00 0.00 0.00 0.00 0.00 0.00 0.00 
0.00 0.00 0.00 0.00 0.00 0.00 0.00 0.00 0.00 0.00 0.00 0.00 0.00 0.00 0.00 0.00 0.00 0.00 0.00 0.00 
0.00 0.00 0.00 0.00 0.00 0.00 0.00 0.00 0.00 0.00 0.00 0.00 0.00 0.00 0.00 0.00 0.00 0.00 0.00 0.00 
0.00 0.00 0.00 0.00 0.00 0.00 0.00 0.00 0.00 0.00 0.00 0.00 0.00 0.00 0.00 0.00 0.00 0.00 0.00 0.00 
0.00 0.00 0.00 0.00 0.00 0.00 0.00 0.00 0.00 0.00 0.00 0.00 0.00 0.00 0.00 0.00 0.00 0.00 0.00 0.00 
0.00 0.00 0.00 0.00 0.00 0.00 0.00 0.00 0.00 0.00 0.00 0.00 0.00 0.00 0.00 0.00 0.00 0.00 0.00 0.00 
0.00 0.00 0.00 0.00 0.00 0.00 0.00 0.00 0.00 0.00 0.00 0.00 0.00 0.00 0.00 0.00 0.00 0.00 0.00 0.00 
0.00 0.00 0.00 0.00 0.00 0.00 0.00 0.00 0.00 0.00 0.00 0.00 0.00 0.00 0.00 0.00 0.00 0.00 0.00 0.00 
0.00 0.00 0.00 0.00 0.00 0.00 0.00 0.00 0.00 0.00 0.00 0.00 0.00 0.00 0.00 0.00 0.00 0.00 0.00 0.00 
0.00 0.00 0.00 0.00 0.00 0.00 0.00 0.00 0.00 0.00 0.00 0.00 0.00 0.00 0.00 0.00 0.00 0.00 0.00 0.00 
0.00 0.00 0.00 0.00 0.00 0.00 0.00 0.00 0.00 0.00 0.00 0.00 0.00 0.00 0.00 0.00 0.00 0.00 0.00 0.00 
0.00 0.00 0.00 0.00 0.00 0.00 0.00 0.00 0.00 0.00 0.00 0.00 0.00 0.00 0.00 0.00 0.00 0.00 0.00 0.00 
0.00 0.00 0.00 0.00 0.00 0.00 0.00 0.00 0.00 0.00 0.00 0.00 0.00 0.00 0.00 0.00 0.00 0.00 0.00 0.00 
0.00 0.00 0.00 0.00 0.00 0.00 0.00 0.00 0.00 0.00 0.00 0.00 0.00 0.00 0.00 0.00 0.00 0.00 0.00 0.00 
end   dump: w
==END   DUMP_ARRAYS==
==BEGIN DUMP_ARRAYS==
begin dump: w
59.24 354466.78 391008.16 450365.69 516360.12 583282.50 652154.12 721159.88 790762.88 864108.25 928058.19 1003801.50 1072510.75 1144308.75 1214938.62 1285620.38 1350284.25 1427244.75 1498154.12 1566769.00 
1630649.50 1709723.75 1781501.50 1854430.12 1921237.25 1983046.62 2066102.38 2138921.25 2207399.75 2281494.50 2346459.00 2423033.50 2485255.25 2563569.75 2635397.75 2704653.25 2775366.50 2849122.00 2917617.25 2989071.00 
3040860.00 3132102.50 3202873.75 3275708.50 3343158.00 3416557.00 3488302.00 3556841.25 3622486.00 3702582.75 3747695.25 3845391.50 3913838.00 3985425.25 4056737.25 4126237.00 4195003.50 4261863.00 4342293.00 4412616.50 
4473986.00 4554198.50 4626306.00 4697941.00 4760392.00 4836982.00 4907603.00 4987752.50 5053584.00 5126968.00 5190745.00 5267178.50 5333646.00 5410727.00 5478344.00 5537712.50 5620549.50 5693951.00 5762762.00 5833052.50 
5864377.50 5980451.50 6049283.00 6120662.50 6190047.00 6260790.00 6334673.50 6407481.00 6471440.50 6554445.50 6614198.00 6690571.00 6758117.00 6830909.00 6900540.50 6971453.50 7036298.00 7116844.00 7185269.00 7254739.00 
7276808.00 7404864.50 7474020.00 7543854.50 7611388.00 7683413.50 7756392.50 7828318.50 7897017.00 7964667.50 8036660.50 8110605.50 8174980.00 8254113.00 8320856.50 8396041.00 8466311.00 8538768.00 8609327.00 8680958.00 
8730995.00 8823761.00 8893634.00 8961228.00 9034814.00 9094305.00 9178207.00 9250545.00 9312403.00 9390062.00 9457339.00 9532282.00 9598894.00 9654908.00 9758948.00 9822163.00 9890232.00 9964010.00 10034185.00 10104693.00 
10165604.00 10246317.00 10318180.00 10391352.00 10452192.00 10528431.00 10602270.00 10673350.00 10742397.00 10814023.00 10860384.00 10958621.00 11025419.00 11100526.00 11172601.00 11240042.00 11312176.00 11383188.00 11454157.00 11524308.00 
11555313.00 11672030.00 11740864.00 11814810.00 11881467.00 11952264.00 12023889.00 12097799.00 12163543.00 12237753.00 12304581.00 12378467.00 12452161.00 12524667.00 12594057.00 12651332.00 12728134.00 12806637.00 12881322.00 12950243.00 
13010247.00 13092058.00 13164458.00 13233740.00 13301109.00 13374191.00 13446120.00 13518425.00 13586956.00 13660223.00 13726515.00 13802481.00 13864527.00 13943544.00 14014585.00 14082762.00 14152488.00 14224652.00 14291793.00 14355314.00 
14335489.00 14532472.00 14594866.00 14663137.00 14732070.00 14800680.00 14872070.00 14944247.00 15007338.00 15085301.00 15151646.00 15227561.00 15297597.00 15369363.00 15440536.00 15509247.00 15579051.00 15654047.00 15722198.00 15795730.00 
15856939.00 15937538.00 16005321.00 16081141.00 16143726.00 16210290.00 16292599.00 16363125.00 16432402.00 16509322.00 16573584.00 16650031.00 16716608.00 16789986.00 16862766.00 16931174.00 17003092.00 17072976.00 17145790.00 17215758.00 
17246870.00 17363480.00 17432500.00 17504604.00 17572388.00 17643390.00 17714054.00 17787254.00 17854732.00 17929172.00 17974926.00 18073764.00 18142166.00 18214440.00 18284386.00 18355000.00 18419664.00 18496444.00 18568480.00 18641472.00 
18701570.00 18783090.00 18852468.00 18923778.00 18989916.00 19061280.00 19127702.00 19232874.00 19285666.00 19355514.00 19420826.00 19497724.00 19559466.00 19637242.00 19708438.00 19767318.00 19849744.00 19926570.00 19993016.00 20064028.00 
20114170.00 20206826.00 20277328.00 20349020.00 20418250.00 20487394.00 20565796.00 20633680.00 20696878.00 20777182.00 20841510.00 20923122.00 20987548.00 21059466.00 21130264.00 21200022.00 21268764.00 21343930.00 21412640.00 21482924.00 
21504184.00 21633046.00 21701394.00 21770940.00 21835566.00 21911988.00 21986118.00 22056878.00 22126444.00 22197220.00 22263962.00 22333338.00 22408714.00 22480300.00 22551982.00 22622650.00 22694510.00 22767132.00 22837370.00 22907336.00 
22937798.00 23054726.00 23123898.00 23193838.00 23264014.00 23323908.00 23408314.00 23477054.00 23546506.00 23620618.00 23687428.00 23760826.00 23830968.00 23900034.00 23979054.00 24046454.00 24111474.00 24189852.00 24260346.00 24333586.00 
24393200.00 24475178.00 24544360.00 24625920.00 24685142.00 24757198.00 24829910.00 24902352.00 24970726.00 25042390.00 25087618.00 25185192.00 25249380.00 25330940.00 25398348.00 25466888.00 25541402.00 25612082.00 25683786.00 25755686.00 
25804302.00 25898724.00 25969036.00 26038666.00 26109204.00 26178774.00 26251256.00 26324222.00 26386612.00 26464748.00 26531706.00 26606304.00 26677154.00 26748862.00 26820544.00 26878572.00 26958920.00 27033348.00 27105150.00 27178052.00 
27236530.00 27321020.00 27388504.00 27460546.00 27521568.00 27597814.00 27671722.00 27743480.00 27812054.00 27883980.00 27950108.00 28023674.00 28089386.00 28166626.00 28234508.00 28300152.00 28368194.00 28437418.00 28495646.00 28533318.00 
end   dump: w
==END   DUMP_ARRAYS==
Time in seconds = 0.054489
