Sender: LSF System <lsfadmin@polus-c4-ib.bmc.hpc.cs.msu.ru>
Subject: Job 492828: <./medium.o> in cluster <MSUCluster> Done

Job <./medium.o> was submitted from host <polus-ib.bmc.hpc.cs.msu.ru> by user <edu-cmc-skpod19-328-11> in cluster <MSUCluster> at Fri Nov 29 23:26:21 2019
Job was executed on host(s) <2*polus-c4-ib.bmc.hpc.cs.msu.ru>, in queue <short>, as user <edu-cmc-skpod19-328-11> in cluster <MSUCluster> at Fri Nov 29 23:26:54 2019
</home_edu/edu-cmc-skpod19-328/edu-cmc-skpod19-328-11> was used as the home directory.
</home_edu/edu-cmc-skpod19-328/edu-cmc-skpod19-328-11/dep_gemver> was used as the working directory.
Started at Fri Nov 29 23:26:54 2019
Terminated at Fri Nov 29 23:26:56 2019
Results reported at Fri Nov 29 23:26:56 2019

Your job looked like:

------------------------------------------------------------
# LSBATCH: User input
./medium.o
------------------------------------------------------------

Successfully completed.

Resource usage summary:

    CPU time :                                   6.98 sec.
    Max Memory :                                 25 MB
    Average Memory :                             17.00 MB
    Total Requested Memory :                     -
    Delta Memory :                               -
    Max Swap :                                   -
    Max Processes :                              3
    Max Threads :                                163
    Run time :                                   4 sec.
    Turnaround time :                            35 sec.

The output (if any) follows:

==BEGIN DUMP_ARRAYS==
begin dump: w
0.00 0.00 0.00 0.00 0.00 0.00 0.00 0.00 0.00 0.00 0.00 0.00 0.00 0.00 0.00 0.00 0.00 0.00 0.00 0.00 
0.00 0.00 0.00 0.00 0.00 0.00 0.00 0.00 0.00 0.00 0.00 0.00 0.00 0.00 0.00 0.00 0.00 0.00 0.00 0.00 
0.00 0.00 0.00 0.00 0.00 0.00 0.00 0.00 0.00 0.00 0.00 0.00 0.00 0.00 0.00 0.00 0.00 0.00 0.00 0.00 
0.00 0.00 0.00 0.00 0.00 0.00 0.00 0.00 0.00 0.00 0.00 0.00 0.00 0.00 0.00 0.00 0.00 0.00 0.00 0.00 
0.00 0.00 0.00 0.00 0.00 0.00 0.00 0.00 0.00 0.00 0.00 0.00 0.00 0.00 0.00 0.00 0.00 0.00 0.00 0.00 
0.00 0.00 0.00 0.00 0.00 0.00 0.00 0.00 0.00 0.00 0.00 0.00 0.00 0.00 0.00 0.00 0.00 0.00 0.00 0.00 
0.00 0.00 0.00 0.00 0.00 0.00 0.00 0.00 0.00 0.00 0.00 0.00 0.00 0.00 0.00 0.00 0.00 0.00 0.00 0.00 
0.00 0.00 0.00 0.00 0.00 0.00 0.00 0.00 0.00 0.00 0.00 0.00 0.00 0.00 0.00 0.00 0.00 0.00 0.00 0.00 
0.00 0.00 0.00 0.00 0.00 0.00 0.00 0.00 0.00 0.00 0.00 0.00 0.00 0.00 0.00 0.00 0.00 0.00 0.00 0.00 
0.00 0.00 0.00 0.00 0.00 0.00 0.00 0.00 0.00 0.00 0.00 0.00 0.00 0.00 0.00 0.00 0.00 0.00 0.00 0.00 
0.00 0.00 0.00 0.00 0.00 0.00 0.00 0.00 0.00 0.00 0.00 0.00 0.00 0.00 0.00 0.00 0.00 0.00 0.00 0.00 
0.00 0.00 0.00 0.00 0.00 0.00 0.00 0.00 0.00 0.00 0.00 0.00 0.00 0.00 0.00 0.00 0.00 0.00 0.00 0.00 
0.00 0.00 0.00 0.00 0.00 0.00 0.00 0.00 0.00 0.00 0.00 0.00 0.00 0.00 0.00 0.00 0.00 0.00 0.00 0.00 
0.00 0.00 0.00 0.00 0.00 0.00 0.00 0.00 0.00 0.00 0.00 0.00 0.00 0.00 0.00 0.00 0.00 0.00 0.00 0.00 
0.00 0.00 0.00 0.00 0.00 0.00 0.00 0.00 0.00 0.00 0.00 0.00 0.00 0.00 0.00 0.00 0.00 0.00 0.00 0.00 
0.00 0.00 0.00 0.00 0.00 0.00 0.00 0.00 0.00 0.00 0.00 0.00 0.00 0.00 0.00 0.00 0.00 0.00 0.00 0.00 
0.00 0.00 0.00 0.00 0.00 0.00 0.00 0.00 0.00 0.00 0.00 0.00 0.00 0.00 0.00 0.00 0.00 0.00 0.00 0.00 
0.00 0.00 0.00 0.00 0.00 0.00 0.00 0.00 0.00 0.00 0.00 0.00 0.00 0.00 0.00 0.00 0.00 0.00 0.00 0.00 
0.00 0.00 0.00 0.00 0.00 0.00 0.00 0.00 0.00 0.00 0.00 0.00 0.00 0.00 0.00 0.00 0.00 0.00 0.00 0.00 
0.00 0.00 0.00 0.00 0.00 0.00 0.00 0.00 0.00 0.00 0.00 0.00 0.00 0.00 0.00 0.00 0.00 0.00 0.00 0.00 
end   dump: w
==END   DUMP_ARRAYS==
==BEGIN DUMP_ARRAYS==
begin dump: w
64.44 385595.53 422392.31 487176.69 558905.12 631606.94 707241.00 782314.62 855797.38 936348.19 1006888.38 1088188.62 1163139.38 1242607.62 1318654.25 1395137.38 1465181.00 1549957.38 1627267.75 1702523.38 
1771319.00 1855894.25 1935539.50 2014758.75 2087285.88 2154790.25 2244823.75 2323736.25 2398517.75 2478852.50 2550316.75 2633715.75 2701314.75 2786430.75 2864108.00 2940149.00 3016233.25 3096907.00 3172283.50 3249726.50 
3305588.75 3404919.00 3480718.00 3560422.50 3634393.25 3714240.75 3791931.00 3865882.75 3938513.25 4025489.25 4073926.25 4180034.50 4254189.50 4332837.00 4410380.00 4486274.00 4561067.50 4633476.50 4721707.50 4798184.00 
4864529.00 4951957.00 5030340.00 5107585.00 5176106.00 5259598.00 5336134.00 5422846.00 5493953.00 5574560.00 5644360.50 5726788.50 5799729.50 5883494.50 5957377.00 6022359.50 6111297.50 6191709.50 6266759.00 6342565.50 
6377411.00 6502776.50 6577856.50 6655164.00 6730398.00 6808031.50 6888224.50 6967878.00 7037371.50 7127758.50 7192210.50 7275485.50 7348604.00 7427775.00 7503622.50 7580751.00 7651977.50 7739814.50 7813813.00 7888565.50 
7913001.50 8052405.00 8127286.00 8203627.00 8276945.00 8355409.00 8434735.00 8513529.00 8588208.00 8661024.00 8739557.00 8820370.00 8890540.00 8975845.00 9048912.00 9130965.00 9207411.00 9286259.00 9363156.00 9440855.00 
9495675.00 9595755.00 9672323.00 9744778.00 9825615.00 9890712.00 9981139.00 10059960.00 10127639.00 10211629.00 10285178.00 10366733.00 10439190.00 10499301.00 10613130.00 10682007.00 10755331.00 10836439.00 10912821.00 10989182.00 
11055944.00 11143366.00 11221185.00 11300630.00 11367170.00 11450457.00 11530564.00 11607897.00 11683546.00 11761164.00 11812005.00 11918327.00 11990744.00 12073092.00 12151318.00 12224471.00 12302433.00 12380360.00 12457747.00 12533939.00 
12568192.00 12693736.00 12769105.00 12849282.00 12922074.00 12999064.00 13077103.00 13157269.00 13228657.00 13309406.00 13382178.00 13462351.00 13542931.00 13621788.00 13697984.00 13760348.00 13842989.00 13928955.00 14009647.00 14084805.00 
14150499.00 14238543.00 14318125.00 14393270.00 14466094.00 14546217.00 14624194.00 14702941.00 14777283.00 14857032.00 14929293.00 15011753.00 15079970.00 15165368.00 15243088.00 15317103.00 15393609.00 15471152.00 15544496.00 15613810.00 
15593324.00 15805187.00 15873237.00 15947842.00 16021719.00 16097328.00 16174654.00 16253640.00 16321511.00 16407241.00 16479347.00 16561967.00 16638042.00 16716059.00 16793534.00 16868206.00 16944674.00 17025732.00 17099616.00 17180446.00 
17246492.00 17334186.00 17408088.00 17490036.00 17558492.00 17630624.00 17719744.00 17797202.00 17872400.00 17956650.00 18026456.00 18109586.00 18182116.00 18261732.00 18340634.00 18415364.00 18493248.00 18569730.00 18648630.00 18725260.00 
18759290.00 18885056.00 18959988.00 19038640.00 19112900.00 19189954.00 19266414.00 19345904.00 19420038.00 19500670.00 19550162.00 19657842.00 19731778.00 19811098.00 19887172.00 19963968.00 20034308.00 20118374.00 20196550.00 20275630.00 
20341044.00 20429816.00 20504912.00 20582558.00 20655446.00 20732418.00 20804600.00 20919696.00 20976140.00 21052264.00 21123460.00 21207364.00 21273836.00 21359040.00 21436592.00 21500256.00 21589708.00 21674210.00 21745412.00 21823242.00 
21878010.00 21978138.00 22054582.00 22132742.00 22207914.00 22283466.00 22368822.00 22443156.00 22510944.00 22598626.00 22669070.00 22757982.00 22827116.00 22905468.00 22982996.00 23059022.00 23133834.00 23215374.00 23290456.00 23366594.00 
23390400.00 23530428.00 23603914.00 23679184.00 23749498.00 23833670.00 23914112.00 23991224.00 24066728.00 24143520.00 24216416.00 24291242.00 24373400.00 24451112.00 24529504.00 24606396.00 24684926.00 24763830.00 24839876.00 24916220.00 
24950084.00 25076430.00 25150972.00 25227296.00 25304026.00 25368614.00 25460354.00 25535508.00 25611048.00 25692210.00 25764264.00 25844434.00 25921368.00 25996152.00 26081592.00 26154830.00 26225380.00 26311406.00 26387386.00 26467040.00 
26532464.00 26620810.00 26696022.00 26785520.00 26849716.00 26928154.00 27007344.00 27086174.00 27161126.00 27238956.00 27288236.00 27393514.00 27462966.00 27553106.00 27625800.00 27700184.00 27780930.00 27858574.00 27937012.00 28014080.00 
28068088.00 28169266.00 28245448.00 28322094.00 28399088.00 28474272.00 28553628.00 28632572.00 28700156.00 28785280.00 28858302.00 28940138.00 29016804.00 29095264.00 29172912.00 29236180.00 29323486.00 29404238.00 29482194.00 29563100.00 
29625674.00 29716478.00 29790458.00 29869044.00 29936316.00 30019302.00 30099084.00 30176394.00 30252174.00 30330802.00 30401744.00 30482650.00 30554972.00 30636688.00 30710490.00 30782824.00 30856422.00 30931822.00 30995344.00 31033396.00 
end   dump: w
==END   DUMP_ARRAYS==
Time in seconds = 0.190717
