Sender: LSF System <lsfadmin@polus-c2-ib.bmc.hpc.cs.msu.ru>
Subject: Job 493092: <./medium.o> in cluster <MSUCluster> Done

Job <./medium.o> was submitted from host <polus-ib.bmc.hpc.cs.msu.ru> by user <edu-cmc-skpod19-328-11> in cluster <MSUCluster> at Fri Nov 29 23:30:24 2019
Job was executed on host(s) <15*polus-c2-ib.bmc.hpc.cs.msu.ru>, in queue <short>, as user <edu-cmc-skpod19-328-11> in cluster <MSUCluster> at Fri Nov 29 23:33:24 2019
</home_edu/edu-cmc-skpod19-328/edu-cmc-skpod19-328-11> was used as the home directory.
</home_edu/edu-cmc-skpod19-328/edu-cmc-skpod19-328-11/dep_gemver> was used as the working directory.
Started at Fri Nov 29 23:33:24 2019
Terminated at Fri Nov 29 23:33:25 2019
Results reported at Fri Nov 29 23:33:25 2019

Your job looked like:

------------------------------------------------------------
# LSBATCH: User input
./medium.o
------------------------------------------------------------

Successfully completed.

Resource usage summary:

    CPU time :                                   4.10 sec.
    Max Memory :                                 1 MB
    Average Memory :                             1.00 MB
    Total Requested Memory :                     -
    Delta Memory :                               -
    Max Swap :                                   -
    Max Processes :                              1
    Max Threads :                                1
    Run time :                                   1 sec.
    Turnaround time :                            181 sec.

The output (if any) follows:

==BEGIN DUMP_ARRAYS==
begin dump: w
0.00 0.00 0.00 0.00 0.00 0.00 0.00 0.00 0.00 0.00 0.00 0.00 0.00 0.00 0.00 0.00 0.00 0.00 0.00 0.00 
0.00 0.00 0.00 0.00 0.00 0.00 0.00 0.00 0.00 0.00 0.00 0.00 0.00 0.00 0.00 0.00 0.00 0.00 0.00 0.00 
0.00 0.00 0.00 0.00 0.00 0.00 0.00 0.00 0.00 0.00 0.00 0.00 0.00 0.00 0.00 0.00 0.00 0.00 0.00 0.00 
0.00 0.00 0.00 0.00 0.00 0.00 0.00 0.00 0.00 0.00 0.00 0.00 0.00 0.00 0.00 0.00 0.00 0.00 0.00 0.00 
0.00 0.00 0.00 0.00 0.00 0.00 0.00 0.00 0.00 0.00 0.00 0.00 0.00 0.00 0.00 0.00 0.00 0.00 0.00 0.00 
0.00 0.00 0.00 0.00 0.00 0.00 0.00 0.00 0.00 0.00 0.00 0.00 0.00 0.00 0.00 0.00 0.00 0.00 0.00 0.00 
0.00 0.00 0.00 0.00 0.00 0.00 0.00 0.00 0.00 0.00 0.00 0.00 0.00 0.00 0.00 0.00 0.00 0.00 0.00 0.00 
0.00 0.00 0.00 0.00 0.00 0.00 0.00 0.00 0.00 0.00 0.00 0.00 0.00 0.00 0.00 0.00 0.00 0.00 0.00 0.00 
0.00 0.00 0.00 0.00 0.00 0.00 0.00 0.00 0.00 0.00 0.00 0.00 0.00 0.00 0.00 0.00 0.00 0.00 0.00 0.00 
0.00 0.00 0.00 0.00 0.00 0.00 0.00 0.00 0.00 0.00 0.00 0.00 0.00 0.00 0.00 0.00 0.00 0.00 0.00 0.00 
0.00 0.00 0.00 0.00 0.00 0.00 0.00 0.00 0.00 0.00 0.00 0.00 0.00 0.00 0.00 0.00 0.00 0.00 0.00 0.00 
0.00 0.00 0.00 0.00 0.00 0.00 0.00 0.00 0.00 0.00 0.00 0.00 0.00 0.00 0.00 0.00 0.00 0.00 0.00 0.00 
0.00 0.00 0.00 0.00 0.00 0.00 0.00 0.00 0.00 0.00 0.00 0.00 0.00 0.00 0.00 0.00 0.00 0.00 0.00 0.00 
0.00 0.00 0.00 0.00 0.00 0.00 0.00 0.00 0.00 0.00 0.00 0.00 0.00 0.00 0.00 0.00 0.00 0.00 0.00 0.00 
0.00 0.00 0.00 0.00 0.00 0.00 0.00 0.00 0.00 0.00 0.00 0.00 0.00 0.00 0.00 0.00 0.00 0.00 0.00 0.00 
0.00 0.00 0.00 0.00 0.00 0.00 0.00 0.00 0.00 0.00 0.00 0.00 0.00 0.00 0.00 0.00 0.00 0.00 0.00 0.00 
0.00 0.00 0.00 0.00 0.00 0.00 0.00 0.00 0.00 0.00 0.00 0.00 0.00 0.00 0.00 0.00 0.00 0.00 0.00 0.00 
0.00 0.00 0.00 0.00 0.00 0.00 0.00 0.00 0.00 0.00 0.00 0.00 0.00 0.00 0.00 0.00 0.00 0.00 0.00 0.00 
0.00 0.00 0.00 0.00 0.00 0.00 0.00 0.00 0.00 0.00 0.00 0.00 0.00 0.00 0.00 0.00 0.00 0.00 0.00 0.00 
0.00 0.00 0.00 0.00 0.00 0.00 0.00 0.00 0.00 0.00 0.00 0.00 0.00 0.00 0.00 0.00 0.00 0.00 0.00 0.00 
end   dump: w
==END   DUMP_ARRAYS==
==BEGIN DUMP_ARRAYS==
begin dump: w
59.22 354343.09 390123.09 447554.56 514407.66 580675.75 650501.50 718871.12 786664.81 861104.00 925650.56 1000890.19 1070333.88 1141996.38 1213036.75 1281857.62 1346422.12 1424986.38 1496136.00 1564832.38 
1627999.38 1705708.00 1779021.62 1851940.12 1918753.75 1980387.88 2063711.75 2136276.25 2204771.25 2278851.00 2343799.25 2420254.00 2482451.50 2560955.50 2632608.50 2702288.50 2772389.50 2846534.00 2915133.50 2986893.25 
3038178.00 3129477.25 3199494.75 3272179.00 3340114.50 3413565.25 3484893.50 3553192.25 3619730.25 3698981.75 3743659.25 3841697.75 3910889.50 3982075.50 4053789.50 4123494.75 4191880.00 4258222.50 4339497.00 4409389.00 
4470862.50 4551047.00 4622946.00 4693771.00 4756985.50 4833728.00 4903908.00 4984257.50 5049298.50 5123077.00 5187159.00 5263438.00 5330262.50 5406625.00 5474922.50 5533996.50 5616309.50 5690077.00 5759220.00 5829358.00 
5861045.50 5975935.00 6045146.00 6115834.50 6185481.00 6256379.00 6330356.50 6403333.50 6467011.50 6550231.50 6609466.00 6686116.50 6753434.50 6826234.00 6896127.00 6966893.50 7031921.00 7112362.50 7180921.00 7249657.50 
7272197.00 7400213.50 7468800.50 7539475.50 7606696.00 7678696.50 7751582.50 7823709.50 7892453.50 7959598.50 8031596.00 8105689.50 8170367.00 8248929.50 8315634.50 8391320.00 8461526.00 8533918.00 8604928.00 8676285.00 
8726396.00 8818485.00 8888543.00 8955614.00 9029737.00 9089752.00 9173075.00 9245142.00 9307435.00 9384741.00 9452070.00 9526960.00 9593382.00 9648927.00 9753978.00 9816686.00 9883978.00 9958555.00 10028842.00 10099021.00 
10160129.00 10240485.00 10312570.00 10385669.00 10446438.00 10523011.00 10596244.00 10667584.00 10736828.00 10808333.00 10854415.00 10952770.00 11019586.00 11094467.00 11166766.00 11234216.00 11306202.00 11377640.00 11448422.00 11518399.00 
11549749.00 11665465.00 11734582.00 11807814.00 11874667.00 11946224.00 12017548.00 12091422.00 12156770.00 12231313.00 12297648.00 12371789.00 12445822.00 12517930.00 12587676.00 12645579.00 12721382.00 12800267.00 12874933.00 12943636.00 
13003868.00 13085290.00 13158067.00 13227006.00 13294132.00 13367747.00 13439271.00 13511652.00 13580187.00 13653327.00 13719759.00 13795284.00 13857997.00 13936370.00 14007676.00 14076276.00 14146734.00 14217530.00 14284830.00 14347860.00 
14329509.00 14525541.00 14587477.00 14655877.00 14723374.00 14792951.00 14864623.00 14937043.00 14999160.00 15078118.00 15144053.00 15220081.00 15289924.00 15361752.00 15433033.00 15501485.00 15571643.00 15646399.00 15714231.00 15788111.00 
15849258.00 15929773.00 15997368.00 16073142.00 16135772.00 16201945.00 16284621.00 16355473.00 16424291.00 16501624.00 16566158.00 16642092.00 16709003.00 16781982.00 16854762.00 16923014.00 16995446.00 17065602.00 17137730.00 17207940.00 
17239366.00 17355004.00 17423874.00 17495764.00 17563914.00 17635016.00 17705536.00 17778942.00 17846190.00 17920630.00 17966258.00 18065072.00 18133282.00 18205826.00 18276058.00 18346220.00 18410716.00 18487738.00 18559732.00 18632914.00 
18692988.00 18774384.00 18843462.00 18914852.00 18981800.00 19052552.00 19118324.00 19224484.00 19276730.00 19346440.00 19411734.00 19488666.00 19549724.00 19628260.00 19699224.00 19757762.00 19840378.00 19917792.00 19983760.00 20054918.00 
20105084.00 20197120.00 20267386.00 20339486.00 20408580.00 20477920.00 20556680.00 20624486.00 20686788.00 20767720.00 20832212.00 20913810.00 20977662.00 21049696.00 21120728.00 21190536.00 21259074.00 21333926.00 21403506.00 21473196.00 
21494870.00 21623750.00 21691380.00 21761052.00 21825230.00 21902344.00 21976174.00 22047176.00 22116680.00 22187290.00 22254342.00 22323174.00 22398772.00 22470072.00 22541948.00 22612850.00 22684628.00 22757568.00 22827162.00 22897472.00 
22928068.00 23044056.00 23113092.00 23183334.00 23253796.00 23313524.00 23397376.00 23466788.00 23535518.00 23609974.00 23676654.00 23750328.00 23820818.00 23889146.00 23968394.00 24035498.00 24100174.00 24179640.00 24249364.00 24322358.00 
24382246.00 24464010.00 24532804.00 24615190.00 24673892.00 24745744.00 24818522.00 24891326.00 24959224.00 25031700.00 25077016.00 25174424.00 25237426.00 25320218.00 25387408.00 25455668.00 25530002.00 25601218.00 25672814.00 25743926.00 
25793300.00 25886520.00 25957186.00 26026870.00 26097726.00 26166946.00 26239696.00 26312448.00 26374714.00 26453162.00 26520006.00 26594554.00 26665346.00 26737122.00 26808602.00 26867142.00 26947016.00 27021468.00 27093284.00 27167702.00 
27225116.00 27308582.00 27376166.00 27448418.00 27510730.00 27587380.00 27659266.00 27731408.00 27799782.00 27872512.00 27938156.00 28012300.00 28079116.00 28154528.00 28221794.00 28288558.00 28355710.00 28425846.00 28482190.00 28519062.00 
end   dump: w
==END   DUMP_ARRAYS==
Time in seconds = 0.054304
