Sender: LSF System <lsfadmin@polus-c4-ib.bmc.hpc.cs.msu.ru>
Subject: Job 492874: <./medium.o> in cluster <MSUCluster> Done

Job <./medium.o> was submitted from host <polus-ib.bmc.hpc.cs.msu.ru> by user <edu-cmc-skpod19-328-11> in cluster <MSUCluster> at Fri Nov 29 23:27:22 2019
Job was executed on host(s) <4*polus-c4-ib.bmc.hpc.cs.msu.ru>, in queue <short>, as user <edu-cmc-skpod19-328-11> in cluster <MSUCluster> at Fri Nov 29 23:27:52 2019
</home_edu/edu-cmc-skpod19-328/edu-cmc-skpod19-328-11> was used as the home directory.
</home_edu/edu-cmc-skpod19-328/edu-cmc-skpod19-328-11/dep_gemver> was used as the working directory.
Started at Fri Nov 29 23:27:52 2019
Terminated at Fri Nov 29 23:27:55 2019
Results reported at Fri Nov 29 23:27:55 2019

Your job looked like:

------------------------------------------------------------
# LSBATCH: User input
./medium.o
------------------------------------------------------------

Successfully completed.

Resource usage summary:

    CPU time :                                   9.49 sec.
    Max Memory :                                 22 MB
    Average Memory :                             16.00 MB
    Total Requested Memory :                     -
    Delta Memory :                               -
    Max Swap :                                   -
    Max Processes :                              3
    Max Threads :                                133
    Run time :                                   3 sec.
    Turnaround time :                            33 sec.

The output (if any) follows:

==BEGIN DUMP_ARRAYS==
begin dump: w
0.00 0.00 0.00 0.00 0.00 0.00 0.00 0.00 0.00 0.00 0.00 0.00 0.00 0.00 0.00 0.00 0.00 0.00 0.00 0.00 
0.00 0.00 0.00 0.00 0.00 0.00 0.00 0.00 0.00 0.00 0.00 0.00 0.00 0.00 0.00 0.00 0.00 0.00 0.00 0.00 
0.00 0.00 0.00 0.00 0.00 0.00 0.00 0.00 0.00 0.00 0.00 0.00 0.00 0.00 0.00 0.00 0.00 0.00 0.00 0.00 
0.00 0.00 0.00 0.00 0.00 0.00 0.00 0.00 0.00 0.00 0.00 0.00 0.00 0.00 0.00 0.00 0.00 0.00 0.00 0.00 
0.00 0.00 0.00 0.00 0.00 0.00 0.00 0.00 0.00 0.00 0.00 0.00 0.00 0.00 0.00 0.00 0.00 0.00 0.00 0.00 
0.00 0.00 0.00 0.00 0.00 0.00 0.00 0.00 0.00 0.00 0.00 0.00 0.00 0.00 0.00 0.00 0.00 0.00 0.00 0.00 
0.00 0.00 0.00 0.00 0.00 0.00 0.00 0.00 0.00 0.00 0.00 0.00 0.00 0.00 0.00 0.00 0.00 0.00 0.00 0.00 
0.00 0.00 0.00 0.00 0.00 0.00 0.00 0.00 0.00 0.00 0.00 0.00 0.00 0.00 0.00 0.00 0.00 0.00 0.00 0.00 
0.00 0.00 0.00 0.00 0.00 0.00 0.00 0.00 0.00 0.00 0.00 0.00 0.00 0.00 0.00 0.00 0.00 0.00 0.00 0.00 
0.00 0.00 0.00 0.00 0.00 0.00 0.00 0.00 0.00 0.00 0.00 0.00 0.00 0.00 0.00 0.00 0.00 0.00 0.00 0.00 
0.00 0.00 0.00 0.00 0.00 0.00 0.00 0.00 0.00 0.00 0.00 0.00 0.00 0.00 0.00 0.00 0.00 0.00 0.00 0.00 
0.00 0.00 0.00 0.00 0.00 0.00 0.00 0.00 0.00 0.00 0.00 0.00 0.00 0.00 0.00 0.00 0.00 0.00 0.00 0.00 
0.00 0.00 0.00 0.00 0.00 0.00 0.00 0.00 0.00 0.00 0.00 0.00 0.00 0.00 0.00 0.00 0.00 0.00 0.00 0.00 
0.00 0.00 0.00 0.00 0.00 0.00 0.00 0.00 0.00 0.00 0.00 0.00 0.00 0.00 0.00 0.00 0.00 0.00 0.00 0.00 
0.00 0.00 0.00 0.00 0.00 0.00 0.00 0.00 0.00 0.00 0.00 0.00 0.00 0.00 0.00 0.00 0.00 0.00 0.00 0.00 
0.00 0.00 0.00 0.00 0.00 0.00 0.00 0.00 0.00 0.00 0.00 0.00 0.00 0.00 0.00 0.00 0.00 0.00 0.00 0.00 
0.00 0.00 0.00 0.00 0.00 0.00 0.00 0.00 0.00 0.00 0.00 0.00 0.00 0.00 0.00 0.00 0.00 0.00 0.00 0.00 
0.00 0.00 0.00 0.00 0.00 0.00 0.00 0.00 0.00 0.00 0.00 0.00 0.00 0.00 0.00 0.00 0.00 0.00 0.00 0.00 
0.00 0.00 0.00 0.00 0.00 0.00 0.00 0.00 0.00 0.00 0.00 0.00 0.00 0.00 0.00 0.00 0.00 0.00 0.00 0.00 
0.00 0.00 0.00 0.00 0.00 0.00 0.00 0.00 0.00 0.00 0.00 0.00 0.00 0.00 0.00 0.00 0.00 0.00 0.00 0.00 
end   dump: w
==END   DUMP_ARRAYS==
==BEGIN DUMP_ARRAYS==
begin dump: w
70.91 424321.53 465280.06 535849.00 612735.81 693455.50 776115.56 859037.81 939957.62 1028260.88 1107534.25 1196187.25 1279186.25 1366288.88 1449425.12 1532821.00 1611552.50 1704085.38 1789468.00 1871271.38 
1947820.88 2041247.50 2128468.00 2215401.50 2295662.75 2369069.00 2469038.00 2555514.25 2637832.75 2725887.00 2803711.00 2896664.25 2970997.75 3064676.75 3150090.00 3232859.50 3317929.00 3406003.50 3488764.50 3573905.50 
3636146.00 3745039.25 3829099.25 3916117.75 3997885.00 4085522.75 4170760.75 4252513.50 4332397.50 4427443.50 4481398.00 4598300.50 4680427.50 4766564.50 4851552.50 4934834.00 5017481.50 5096236.50 5194075.00 5278082.50 
5351408.00 5447238.50 5533562.50 5618590.50 5694080.00 5785669.50 5870959.00 5966119.00 6044158.50 6132346.00 6209502.50 6300376.00 6380885.50 6472640.50 6553822.00 6625002.00 6723157.00 6811813.00 6893598.50 6977818.50 
7016160.50 7154102.50 7236898.00 7321288.50 7405065.00 7489509.00 7578038.00 7665552.50 7742343.00 7841589.50 7912706.00 8004092.50 8084967.00 8172028.50 8255784.50 8340172.50 8418746.00 8515084.00 8596889.00 8679178.00 
8706971.00 8858794.00 8941831.00 9026265.00 9106709.00 9192824.00 9279963.00 9366022.00 9448826.00 9528497.00 9615587.00 9704264.00 9781347.00 9875516.00 9955519.00 10046072.00 10130598.00 10216976.00 10301696.00 10386798.00 
10447440.00 10557709.00 10641722.00 10721604.00 10810788.00 10882630.00 10982167.00 11068679.00 11142612.00 11235285.00 11315843.00 11406077.00 11486154.00 11551554.00 11677699.00 11752447.00 11833835.00 11922219.00 12006719.00 12090891.00 
12164534.00 12260293.00 12346275.00 12433984.00 12507487.00 12598030.00 12686657.00 12771902.00 12854651.00 12940232.00 12996159.00 13113257.00 13193183.00 13283318.00 13370029.00 13450436.00 13536187.00 13622152.00 13706532.00 13790575.00 
13828519.00 13966865.00 14049758.00 14137363.00 14217595.00 14302307.00 14388364.00 14475995.00 14555544.00 14644131.00 14723744.00 14812178.00 14901377.00 14987800.00 15071631.00 15140338.00 15231411.00 15325778.00 15414778.00 15497086.00 
15569662.00 15666775.00 15754088.00 15836687.00 15917063.00 16005306.00 16091019.00 16177069.00 16259536.00 16346848.00 16426255.00 16516886.00 16591999.00 16686245.00 16771424.00 16852576.00 16938070.00 17022934.00 17104144.00 17178946.00 
17158548.00 17391392.00 17464986.00 17547394.00 17628636.00 17712544.00 17797704.00 17884090.00 17959258.00 18053454.00 18132540.00 18223488.00 18307182.00 18393266.00 18478104.00 18559812.00 18644538.00 18733650.00 18815034.00 18903558.00 
18976620.00 19073242.00 19154344.00 19244550.00 19319844.00 19399448.00 19497494.00 19582534.00 19665326.00 19758154.00 19835048.00 19926204.00 20006060.00 20094346.00 20180766.00 20262820.00 20349112.00 20432972.00 20519370.00 20603466.00 
20641350.00 20779754.00 20862588.00 20948188.00 21030514.00 21114688.00 21199088.00 21287020.00 21368422.00 21457070.00 21512122.00 21630104.00 21712046.00 21798426.00 21882468.00 21967096.00 22043764.00 22136344.00 22222852.00 22310040.00 
22381746.00 22479448.00 22562416.00 22648104.00 22727762.00 22812680.00 22891432.00 23018778.00 23080550.00 23164254.00 23242966.00 23335042.00 23408640.00 23501652.00 23586960.00 23657146.00 23755914.00 23848732.00 23927402.00 24012628.00 
24073252.00 24183536.00 24267434.00 24353358.00 24436110.00 24519058.00 24613606.00 24694822.00 24769900.00 24866066.00 24943208.00 25041824.00 25117880.00 25204304.00 25289162.00 25372302.00 25454894.00 25544068.00 25627294.00 25711542.00 
25737882.00 25891152.00 25972236.00 26055256.00 26132512.00 26224950.00 26313344.00 26398302.00 26481738.00 26566236.00 26646084.00 26728744.00 26819260.00 26904774.00 26991088.00 27075622.00 27161640.00 27249036.00 27332224.00 27416226.00 
27453710.00 27592512.00 27675526.00 27758520.00 27843554.00 27914784.00 28015300.00 28097694.00 28180714.00 28269954.00 28349286.00 28437982.00 28522550.00 28604210.00 28698176.00 28779462.00 28857164.00 28951740.00 29035560.00 29123096.00 
29194866.00 29292244.00 29375054.00 29474108.00 29544122.00 29630292.00 29717574.00 29803772.00 29886270.00 29972030.00 30026882.00 30142878.00 30218848.00 30317824.00 30398368.00 30479602.00 30568832.00 30654214.00 30740026.00 30825294.00 
30884548.00 30996438.00 31080358.00 31164328.00 31248766.00 31332266.00 31419044.00 31505656.00 31580248.00 31673664.00 31755086.00 31844450.00 31928864.00 32014824.00 32100084.00 32170714.00 32265946.00 32354938.00 32440660.00 32529082.00 
32598458.00 32699060.00 32779660.00 32866246.00 32939694.00 33032302.00 33119698.00 33204036.00 33287518.00 33374146.00 33451256.00 33542080.00 33621652.00 33711296.00 33793000.00 33871668.00 33953972.00 34034480.00 34103844.00 34146008.00 
end   dump: w
==END   DUMP_ARRAYS==
Time in seconds = 0.219215
