Sender: LSF System <lsfadmin@polus-c1-ib.bmc.hpc.cs.msu.ru>
Subject: Job 492111: <./medium.o> in cluster <MSUCluster> Done

Job <./medium.o> was submitted from host <polus-ib.bmc.hpc.cs.msu.ru> by user <edu-cmc-skpod19-328-11> in cluster <MSUCluster> at Fri Nov 29 22:48:48 2019
Job was executed on host(s) <6*polus-c1-ib.bmc.hpc.cs.msu.ru>, in queue <short>, as user <edu-cmc-skpod19-328-11> in cluster <MSUCluster> at Fri Nov 29 22:51:57 2019
                            <1*polus-c4-ib.bmc.hpc.cs.msu.ru>
                            <9*polus-c2-ib.bmc.hpc.cs.msu.ru>
</home_edu/edu-cmc-skpod19-328/edu-cmc-skpod19-328-11> was used as the home directory.
</home_edu/edu-cmc-skpod19-328/edu-cmc-skpod19-328-11/dep_gemver> was used as the working directory.
Started at Fri Nov 29 22:51:57 2019
Terminated at Fri Nov 29 22:51:58 2019
Results reported at Fri Nov 29 22:51:58 2019

Your job looked like:

------------------------------------------------------------
# LSBATCH: User input
./medium.o
------------------------------------------------------------

Successfully completed.

Resource usage summary:

    CPU time :                                   6.27 sec.
    Max Memory :                                 4 MB
    Average Memory :                             2.00 MB
    Total Requested Memory :                     -
    Delta Memory :                               -
    Max Swap :                                   -
    Max Processes :                              1
    Max Threads :                                1
    Run time :                                   1 sec.
    Turnaround time :                            190 sec.

The output (if any) follows:

==BEGIN DUMP_ARRAYS==
begin dump: w
0.00 0.00 0.00 0.00 0.00 0.00 0.00 0.00 0.00 0.00 0.00 0.00 0.00 0.00 0.00 0.00 0.00 0.00 0.00 0.00 
0.00 0.00 0.00 0.00 0.00 0.00 0.00 0.00 0.00 0.00 0.00 0.00 0.00 0.00 0.00 0.00 0.00 0.00 0.00 0.00 
0.00 0.00 0.00 0.00 0.00 0.00 0.00 0.00 0.00 0.00 0.00 0.00 0.00 0.00 0.00 0.00 0.00 0.00 0.00 0.00 
0.00 0.00 0.00 0.00 0.00 0.00 0.00 0.00 0.00 0.00 0.00 0.00 0.00 0.00 0.00 0.00 0.00 0.00 0.00 0.00 
0.00 0.00 0.00 0.00 0.00 0.00 0.00 0.00 0.00 0.00 0.00 0.00 0.00 0.00 0.00 0.00 0.00 0.00 0.00 0.00 
0.00 0.00 0.00 0.00 0.00 0.00 0.00 0.00 0.00 0.00 0.00 0.00 0.00 0.00 0.00 0.00 0.00 0.00 0.00 0.00 
0.00 0.00 0.00 0.00 0.00 0.00 0.00 0.00 0.00 0.00 0.00 0.00 0.00 0.00 0.00 0.00 0.00 0.00 0.00 0.00 
0.00 0.00 0.00 0.00 0.00 0.00 0.00 0.00 0.00 0.00 0.00 0.00 0.00 0.00 0.00 0.00 0.00 0.00 0.00 0.00 
0.00 0.00 0.00 0.00 0.00 0.00 0.00 0.00 0.00 0.00 0.00 0.00 0.00 0.00 0.00 0.00 0.00 0.00 0.00 0.00 
0.00 0.00 0.00 0.00 0.00 0.00 0.00 0.00 0.00 0.00 0.00 0.00 0.00 0.00 0.00 0.00 0.00 0.00 0.00 0.00 
0.00 0.00 0.00 0.00 0.00 0.00 0.00 0.00 0.00 0.00 0.00 0.00 0.00 0.00 0.00 0.00 0.00 0.00 0.00 0.00 
0.00 0.00 0.00 0.00 0.00 0.00 0.00 0.00 0.00 0.00 0.00 0.00 0.00 0.00 0.00 0.00 0.00 0.00 0.00 0.00 
0.00 0.00 0.00 0.00 0.00 0.00 0.00 0.00 0.00 0.00 0.00 0.00 0.00 0.00 0.00 0.00 0.00 0.00 0.00 0.00 
0.00 0.00 0.00 0.00 0.00 0.00 0.00 0.00 0.00 0.00 0.00 0.00 0.00 0.00 0.00 0.00 0.00 0.00 0.00 0.00 
0.00 0.00 0.00 0.00 0.00 0.00 0.00 0.00 0.00 0.00 0.00 0.00 0.00 0.00 0.00 0.00 0.00 0.00 0.00 0.00 
0.00 0.00 0.00 0.00 0.00 0.00 0.00 0.00 0.00 0.00 0.00 0.00 0.00 0.00 0.00 0.00 0.00 0.00 0.00 0.00 
0.00 0.00 0.00 0.00 0.00 0.00 0.00 0.00 0.00 0.00 0.00 0.00 0.00 0.00 0.00 0.00 0.00 0.00 0.00 0.00 
0.00 0.00 0.00 0.00 0.00 0.00 0.00 0.00 0.00 0.00 0.00 0.00 0.00 0.00 0.00 0.00 0.00 0.00 0.00 0.00 
0.00 0.00 0.00 0.00 0.00 0.00 0.00 0.00 0.00 0.00 0.00 0.00 0.00 0.00 0.00 0.00 0.00 0.00 0.00 0.00 
0.00 0.00 0.00 0.00 0.00 0.00 0.00 0.00 0.00 0.00 0.00 0.00 0.00 0.00 0.00 0.00 0.00 0.00 0.00 0.00 
end   dump: w
==END   DUMP_ARRAYS==
==BEGIN DUMP_ARRAYS==
begin dump: w
61.88 370276.56 406526.31 469946.25 535181.44 605262.00 678664.38 751685.19 821451.62 898725.81 967028.88 1045108.88 1117095.88 1193697.38 1266435.50 1339291.00 1406852.25 1488171.12 1562808.25 1634172.25 
1701077.88 1782772.50 1858324.38 1934143.88 2004653.62 2068041.38 2156088.75 2231430.50 2303122.00 2380316.00 2448051.00 2529206.50 2593712.75 2675288.75 2750065.50 2822757.50 2896330.25 2973411.50 3045003.00 3119974.00 
3173689.75 3268859.25 3342789.25 3418936.00 3489801.50 3566345.00 3641039.75 3712445.75 3781740.00 3864654.00 3912137.75 4013347.75 4085498.75 4161091.00 4234973.50 4307559.50 4379553.00 4448581.00 4534047.50 4606967.00 
4671081.00 4754383.00 4830175.50 4904484.00 4970669.50 5049970.50 5124446.50 5207525.50 5275809.00 5352683.00 5419596.00 5499491.50 5569293.00 5649420.50 5720496.50 5782709.50 5868169.50 5945214.00 6017535.00 6090776.50 
6123774.00 6243712.00 6316441.50 6390340.00 6462818.00 6536803.50 6613859.00 6690635.00 6757409.50 6844115.00 6905937.00 6986093.50 7056533.50 7132353.00 7205139.50 7279498.50 7347755.00 7431820.00 7502930.50 7575475.50 
7598828.50 7731763.00 7804165.50 7877446.00 7947945.50 8023069.00 8099562.50 8174466.00 8246595.00 8316447.50 8392024.00 8469927.00 8536873.00 8619228.00 8688683.00 8767560.00 8841429.00 8917139.00 8990638.00 9065158.00 
9118267.00 9214717.00 9287690.00 9357315.00 9435165.00 9497832.00 9584595.00 9660085.00 9725327.00 9805501.00 9875862.00 9954418.00 10024802.00 10081956.00 10191327.00 10256857.00 10327873.00 10405187.00 10478875.00 10552183.00 
10616484.00 10700004.00 10775496.00 10851799.00 10915669.00 10995026.00 11072061.00 11146006.00 11218809.00 11293437.00 11342490.00 11444558.00 11514268.00 11592820.00 11668125.00 11738714.00 11813529.00 11888738.00 11962420.00 12035822.00 
12068785.00 12188678.00 12261392.00 12338184.00 12408333.00 12482109.00 12557043.00 12633813.00 12702537.00 12780365.00 12849901.00 12926828.00 13004727.00 13080193.00 13153196.00 13213256.00 13293122.00 13374882.00 13452645.00 13524774.00 
13588142.00 13673027.00 13749187.00 13820913.00 13891275.00 13968073.00 14042989.00 14117888.00 14189883.00 14266288.00 14335488.00 14414613.00 14480506.00 14562109.00 14637090.00 14707931.00 14782016.00 14856192.00 14927348.00 14992520.00 
14973660.00 15177523.00 15241502.00 15313854.00 15384776.00 15457548.00 15531761.00 15607932.00 15673034.00 15755432.00 15824376.00 15903757.00 15976909.00 16052164.00 16125860.00 16197408.00 16271058.00 16349135.00 16419664.00 16497021.00 
16560751.00 16645278.00 16716204.00 16795162.00 16860414.00 16929992.00 17015656.00 17089858.00 17162074.00 17243226.00 17309968.00 17389682.00 17459800.00 17536234.00 17611802.00 17683376.00 17758470.00 17831864.00 17907454.00 17981368.00 
18013670.00 18134222.00 18206430.00 18281312.00 18353264.00 18426762.00 18500730.00 18577234.00 18648066.00 18725482.00 18773268.00 18876612.00 18947996.00 19024046.00 19096778.00 19170464.00 19237864.00 19318252.00 19393350.00 19470038.00 
19532406.00 19617864.00 19689982.00 19764864.00 19834470.00 19908622.00 19977520.00 20088088.00 20141996.00 20215624.00 20284010.00 20364548.00 20428208.00 20509966.00 20584254.00 20645406.00 20731632.00 20812728.00 20881158.00 20955326.00 
21008132.00 21104890.00 21178212.00 21252910.00 21325372.00 21397922.00 21480154.00 21550822.00 21616658.00 21700122.00 21767854.00 21853592.00 21920204.00 21995582.00 22069288.00 22142416.00 22214386.00 22292600.00 22364686.00 22438284.00 
22460764.00 22594562.00 22665916.00 22738228.00 22805772.00 22885990.00 22963704.00 23037692.00 23110258.00 23183956.00 23253934.00 23325930.00 23404928.00 23479408.00 23554992.00 23628674.00 23703980.00 23779714.00 23852400.00 23926340.00 
23958678.00 24079274.00 24151312.00 24224832.00 24298626.00 24360538.00 24448360.00 24520634.00 24593044.00 24670556.00 24740266.00 24817360.00 24890996.00 24962514.00 25044396.00 25115516.00 25182862.00 25265560.00 25338670.00 25415666.00 
25477804.00 25563082.00 25634796.00 25721478.00 25782784.00 25857924.00 25933878.00 26008948.00 26081302.00 26156696.00 26203622.00 26305392.00 26371790.00 26457602.00 26527802.00 26599142.00 26676992.00 26751110.00 26826060.00 26901178.00 
26952712.00 27050074.00 27123848.00 27196632.00 27270460.00 27342734.00 27418786.00 27494754.00 27559822.00 27640840.00 27711818.00 27789728.00 27863672.00 27938618.00 28012762.00 28075214.00 28157686.00 28235906.00 28310522.00 28387278.00 
28447818.00 28535872.00 28606038.00 28681876.00 28746682.00 28826192.00 28902412.00 28976348.00 29049706.00 29124930.00 29192848.00 29271312.00 29340880.00 29418358.00 29490182.00 29560226.00 29631612.00 29700102.00 29762318.00 29799772.00 
end   dump: w
==END   DUMP_ARRAYS==
Time in seconds = 0.087905
Sender: LSF System <lsfadmin@polus-c2-ib.bmc.hpc.cs.msu.ru>
Subject: Job 493108: <./medium.o> in cluster <MSUCluster> Done

Job <./medium.o> was submitted from host <polus-ib.bmc.hpc.cs.msu.ru> by user <edu-cmc-skpod19-328-11> in cluster <MSUCluster> at Fri Nov 29 23:30:24 2019
Job was executed on host(s) <15*polus-c2-ib.bmc.hpc.cs.msu.ru>, in queue <short>, as user <edu-cmc-skpod19-328-11> in cluster <MSUCluster> at Fri Nov 29 23:33:41 2019
                            <1*polus-c4-ib.bmc.hpc.cs.msu.ru>
</home_edu/edu-cmc-skpod19-328/edu-cmc-skpod19-328-11> was used as the home directory.
</home_edu/edu-cmc-skpod19-328/edu-cmc-skpod19-328-11/dep_gemver> was used as the working directory.
Started at Fri Nov 29 23:33:41 2019
Terminated at Fri Nov 29 23:33:43 2019
Results reported at Fri Nov 29 23:33:43 2019

Your job looked like:

------------------------------------------------------------
# LSBATCH: User input
./medium.o
------------------------------------------------------------

Successfully completed.

Resource usage summary:

    CPU time :                                   3.75 sec.
    Max Memory :                                 1 MB
    Average Memory :                             1.00 MB
    Total Requested Memory :                     -
    Delta Memory :                               -
    Max Swap :                                   -
    Max Processes :                              1
    Max Threads :                                1
    Run time :                                   2 sec.
    Turnaround time :                            199 sec.

The output (if any) follows:

==BEGIN DUMP_ARRAYS==
begin dump: w
0.00 0.00 0.00 0.00 0.00 0.00 0.00 0.00 0.00 0.00 0.00 0.00 0.00 0.00 0.00 0.00 0.00 0.00 0.00 0.00 
0.00 0.00 0.00 0.00 0.00 0.00 0.00 0.00 0.00 0.00 0.00 0.00 0.00 0.00 0.00 0.00 0.00 0.00 0.00 0.00 
0.00 0.00 0.00 0.00 0.00 0.00 0.00 0.00 0.00 0.00 0.00 0.00 0.00 0.00 0.00 0.00 0.00 0.00 0.00 0.00 
0.00 0.00 0.00 0.00 0.00 0.00 0.00 0.00 0.00 0.00 0.00 0.00 0.00 0.00 0.00 0.00 0.00 0.00 0.00 0.00 
0.00 0.00 0.00 0.00 0.00 0.00 0.00 0.00 0.00 0.00 0.00 0.00 0.00 0.00 0.00 0.00 0.00 0.00 0.00 0.00 
0.00 0.00 0.00 0.00 0.00 0.00 0.00 0.00 0.00 0.00 0.00 0.00 0.00 0.00 0.00 0.00 0.00 0.00 0.00 0.00 
0.00 0.00 0.00 0.00 0.00 0.00 0.00 0.00 0.00 0.00 0.00 0.00 0.00 0.00 0.00 0.00 0.00 0.00 0.00 0.00 
0.00 0.00 0.00 0.00 0.00 0.00 0.00 0.00 0.00 0.00 0.00 0.00 0.00 0.00 0.00 0.00 0.00 0.00 0.00 0.00 
0.00 0.00 0.00 0.00 0.00 0.00 0.00 0.00 0.00 0.00 0.00 0.00 0.00 0.00 0.00 0.00 0.00 0.00 0.00 0.00 
0.00 0.00 0.00 0.00 0.00 0.00 0.00 0.00 0.00 0.00 0.00 0.00 0.00 0.00 0.00 0.00 0.00 0.00 0.00 0.00 
0.00 0.00 0.00 0.00 0.00 0.00 0.00 0.00 0.00 0.00 0.00 0.00 0.00 0.00 0.00 0.00 0.00 0.00 0.00 0.00 
0.00 0.00 0.00 0.00 0.00 0.00 0.00 0.00 0.00 0.00 0.00 0.00 0.00 0.00 0.00 0.00 0.00 0.00 0.00 0.00 
0.00 0.00 0.00 0.00 0.00 0.00 0.00 0.00 0.00 0.00 0.00 0.00 0.00 0.00 0.00 0.00 0.00 0.00 0.00 0.00 
0.00 0.00 0.00 0.00 0.00 0.00 0.00 0.00 0.00 0.00 0.00 0.00 0.00 0.00 0.00 0.00 0.00 0.00 0.00 0.00 
0.00 0.00 0.00 0.00 0.00 0.00 0.00 0.00 0.00 0.00 0.00 0.00 0.00 0.00 0.00 0.00 0.00 0.00 0.00 0.00 
0.00 0.00 0.00 0.00 0.00 0.00 0.00 0.00 0.00 0.00 0.00 0.00 0.00 0.00 0.00 0.00 0.00 0.00 0.00 0.00 
0.00 0.00 0.00 0.00 0.00 0.00 0.00 0.00 0.00 0.00 0.00 0.00 0.00 0.00 0.00 0.00 0.00 0.00 0.00 0.00 
0.00 0.00 0.00 0.00 0.00 0.00 0.00 0.00 0.00 0.00 0.00 0.00 0.00 0.00 0.00 0.00 0.00 0.00 0.00 0.00 
0.00 0.00 0.00 0.00 0.00 0.00 0.00 0.00 0.00 0.00 0.00 0.00 0.00 0.00 0.00 0.00 0.00 0.00 0.00 0.00 
0.00 0.00 0.00 0.00 0.00 0.00 0.00 0.00 0.00 0.00 0.00 0.00 0.00 0.00 0.00 0.00 0.00 0.00 0.00 0.00 
end   dump: w
==END   DUMP_ARRAYS==
==BEGIN DUMP_ARRAYS==
begin dump: w
60.95 364737.88 400223.81 462471.38 526208.94 596742.50 668411.19 738821.75 809479.50 885341.94 952931.75 1029444.00 1100268.00 1174787.50 1246862.12 1318046.00 1384907.75 1464987.25 1538246.12 1608866.88 
1674682.88 1754463.50 1829712.50 1904218.25 1973979.25 2036658.00 2123073.75 2197187.50 2267937.75 2344120.50 2410940.00 2490549.25 2553835.75 2634682.00 2708088.75 2779711.00 2852446.25 2928421.75 2998736.75 3072006.25 
3125704.25 3219509.00 3291074.75 3366394.75 3436503.00 3511859.00 3585496.25 3655235.25 3724656.25 3806285.50 3852528.75 3952634.50 4023585.25 4097489.75 4170786.00 4242212.50 4313162.50 4381320.00 4465076.00 4537122.50 
4600371.50 4682686.50 4757282.50 4829738.00 4894768.50 4973637.50 5046664.00 5128601.00 5195973.50 5271674.00 5337918.50 5416331.00 5484927.50 5563777.50 5634083.50 5695023.50 5779023.50 5854986.50 5926002.00 5998112.00 
6031309.00 6149775.00 6221132.50 6293515.00 6365321.00 6438333.50 6513867.50 6589685.00 6655374.00 6740821.00 6801796.00 6880439.00 6950064.00 7024773.00 7096301.00 7169966.50 7236837.00 7319344.00 7389575.00 7460973.50 
7484114.50 7615410.50 7686714.50 7759300.50 7828072.00 7902192.00 7977406.00 8051551.50 8122438.00 8191208.00 8265610.50 8341878.00 8408303.00 8489077.00 8557782.00 8635583.00 8707684.00 8782402.00 8855486.00 8928507.00 
8980596.00 9075280.00 9147701.00 9216341.00 9293259.00 9354962.00 9440359.00 9514551.00 9578609.00 9658014.00 9727415.00 9804737.00 9873678.00 9929886.00 10038292.00 10102626.00 10172601.00 10248890.00 10321269.00 10393434.00 
10456515.00 10538954.00 10613587.00 10688618.00 10751365.00 10829585.00 10905426.00 10978662.00 11049823.00 11123162.00 11171589.00 11272397.00 11340516.00 11418242.00 11492695.00 11561830.00 11635660.00 11709702.00 11782428.00 11854197.00 
11886792.00 12005834.00 12077482.00 12152477.00 12221636.00 12294484.00 12368303.00 12443720.00 12511909.00 12588137.00 12656663.00 12732511.00 12808716.00 12883492.00 12955422.00 13014456.00 13092813.00 13173877.00 13250623.00 13322008.00 
13383520.00 13467271.00 13542162.00 13612988.00 13682059.00 13758020.00 13831642.00 13905748.00 13976346.00 14051751.00 14120359.00 14197949.00 14262751.00 14343125.00 14416452.00 14486311.00 14559017.00 14632235.00 14702750.00 14766570.00 
14748663.00 14950088.00 15012821.00 15084423.00 15154377.00 15225951.00 15299115.00 15373536.00 15437503.00 15518712.00 15586637.00 15664907.00 15737048.00 15810914.00 15883936.00 15954247.00 16026855.00 16103670.00 16173408.00 16249389.00 
16312375.00 16394658.00 16464947.00 16542782.00 16607439.00 16675595.00 16760156.00 16833166.00 16904672.00 16984158.00 17050338.00 17128528.00 17197004.00 17272934.00 17347272.00 17417774.00 17491754.00 17564180.00 17638094.00 17710826.00 
17743480.00 17862464.00 17933142.00 18006962.00 18077726.00 18150434.00 18222886.00 18298422.00 18368394.00 18444254.00 18491652.00 18593498.00 18663572.00 18738002.00 18810142.00 18882674.00 18948888.00 19028050.00 19101986.00 19177704.00 
19239382.00 19323218.00 19394308.00 19467772.00 19536302.00 19609630.00 19677292.00 19786774.00 19839706.00 19911916.00 19979588.00 20058652.00 20121650.00 20202102.00 20275214.00 20335092.00 20420132.00 20500318.00 20567874.00 20641382.00 
20693002.00 20788150.00 20860082.00 20934260.00 21005712.00 21076674.00 21157794.00 21227582.00 21291948.00 21374782.00 21441398.00 21525456.00 21590954.00 21665106.00 21738172.00 21810074.00 21880838.00 21957360.00 22028856.00 22101246.00 
22123740.00 22255682.00 22325996.00 22397314.00 22463426.00 22542302.00 22619272.00 22691892.00 22763328.00 22836228.00 22905200.00 22975836.00 23053540.00 23126970.00 23201710.00 23273920.00 23348064.00 23423132.00 23494436.00 23566884.00 
23598970.00 23718544.00 23789564.00 23861674.00 23934370.00 23995022.00 24081490.00 24152886.00 24223978.00 24300332.00 24369084.00 24444980.00 24517408.00 24588060.00 24668910.00 24738624.00 24805488.00 24886922.00 24958282.00 25033964.00 
25095526.00 25179548.00 25250508.00 25335336.00 25395742.00 25470048.00 25544786.00 25619174.00 25689804.00 25764032.00 25810698.00 25910384.00 25975602.00 26061416.00 26130084.00 26200404.00 26276884.00 26350264.00 26424496.00 26497152.00 
26547882.00 26644660.00 26716838.00 26788246.00 26860950.00 26932548.00 27007488.00 27081970.00 27146420.00 27226114.00 27296058.00 27372542.00 27445454.00 27519470.00 27592494.00 27653388.00 27734924.00 27812436.00 27885848.00 27962202.00 
28021204.00 28107796.00 28177326.00 28251668.00 28315358.00 28394212.00 28468712.00 28541882.00 28613126.00 28687212.00 28754064.00 28831322.00 28899426.00 28977840.00 29047162.00 29115510.00 29187182.00 29254190.00 29315356.00 29351928.00 
end   dump: w
==END   DUMP_ARRAYS==
Time in seconds = 0.053922
