Sender: LSF System <lsfadmin@polus-c3-ib.bmc.hpc.cs.msu.ru>
Subject: Job 493201: <./medium.o> in cluster <MSUCluster> Done

Job <./medium.o> was submitted from host <polus-ib.bmc.hpc.cs.msu.ru> by user <edu-cmc-skpod19-328-11> in cluster <MSUCluster> at Fri Nov 29 23:32:25 2019
Job was executed on host(s) <9*polus-c3-ib.bmc.hpc.cs.msu.ru>, in queue <short>, as user <edu-cmc-skpod19-328-11> in cluster <MSUCluster> at Fri Nov 29 23:35:16 2019
                            <11*polus-c1-ib.bmc.hpc.cs.msu.ru>
</home_edu/edu-cmc-skpod19-328/edu-cmc-skpod19-328-11> was used as the home directory.
</home_edu/edu-cmc-skpod19-328/edu-cmc-skpod19-328-11/dep_gemver> was used as the working directory.
Started at Fri Nov 29 23:35:16 2019
Terminated at Fri Nov 29 23:35:18 2019
Results reported at Fri Nov 29 23:35:18 2019

Your job looked like:

------------------------------------------------------------
# LSBATCH: User input
./medium.o
------------------------------------------------------------

Successfully completed.

Resource usage summary:

    CPU time :                                   3.86 sec.
    Max Memory :                                 1 MB
    Average Memory :                             1.00 MB
    Total Requested Memory :                     -
    Delta Memory :                               -
    Max Swap :                                   -
    Max Processes :                              1
    Max Threads :                                1
    Run time :                                   1 sec.
    Turnaround time :                            173 sec.

The output (if any) follows:

==BEGIN DUMP_ARRAYS==
begin dump: w
0.00 0.00 0.00 0.00 0.00 0.00 0.00 0.00 0.00 0.00 0.00 0.00 0.00 0.00 0.00 0.00 0.00 0.00 0.00 0.00 
0.00 0.00 0.00 0.00 0.00 0.00 0.00 0.00 0.00 0.00 0.00 0.00 0.00 0.00 0.00 0.00 0.00 0.00 0.00 0.00 
0.00 0.00 0.00 0.00 0.00 0.00 0.00 0.00 0.00 0.00 0.00 0.00 0.00 0.00 0.00 0.00 0.00 0.00 0.00 0.00 
0.00 0.00 0.00 0.00 0.00 0.00 0.00 0.00 0.00 0.00 0.00 0.00 0.00 0.00 0.00 0.00 0.00 0.00 0.00 0.00 
0.00 0.00 0.00 0.00 0.00 0.00 0.00 0.00 0.00 0.00 0.00 0.00 0.00 0.00 0.00 0.00 0.00 0.00 0.00 0.00 
0.00 0.00 0.00 0.00 0.00 0.00 0.00 0.00 0.00 0.00 0.00 0.00 0.00 0.00 0.00 0.00 0.00 0.00 0.00 0.00 
0.00 0.00 0.00 0.00 0.00 0.00 0.00 0.00 0.00 0.00 0.00 0.00 0.00 0.00 0.00 0.00 0.00 0.00 0.00 0.00 
0.00 0.00 0.00 0.00 0.00 0.00 0.00 0.00 0.00 0.00 0.00 0.00 0.00 0.00 0.00 0.00 0.00 0.00 0.00 0.00 
0.00 0.00 0.00 0.00 0.00 0.00 0.00 0.00 0.00 0.00 0.00 0.00 0.00 0.00 0.00 0.00 0.00 0.00 0.00 0.00 
0.00 0.00 0.00 0.00 0.00 0.00 0.00 0.00 0.00 0.00 0.00 0.00 0.00 0.00 0.00 0.00 0.00 0.00 0.00 0.00 
0.00 0.00 0.00 0.00 0.00 0.00 0.00 0.00 0.00 0.00 0.00 0.00 0.00 0.00 0.00 0.00 0.00 0.00 0.00 0.00 
0.00 0.00 0.00 0.00 0.00 0.00 0.00 0.00 0.00 0.00 0.00 0.00 0.00 0.00 0.00 0.00 0.00 0.00 0.00 0.00 
0.00 0.00 0.00 0.00 0.00 0.00 0.00 0.00 0.00 0.00 0.00 0.00 0.00 0.00 0.00 0.00 0.00 0.00 0.00 0.00 
0.00 0.00 0.00 0.00 0.00 0.00 0.00 0.00 0.00 0.00 0.00 0.00 0.00 0.00 0.00 0.00 0.00 0.00 0.00 0.00 
0.00 0.00 0.00 0.00 0.00 0.00 0.00 0.00 0.00 0.00 0.00 0.00 0.00 0.00 0.00 0.00 0.00 0.00 0.00 0.00 
0.00 0.00 0.00 0.00 0.00 0.00 0.00 0.00 0.00 0.00 0.00 0.00 0.00 0.00 0.00 0.00 0.00 0.00 0.00 0.00 
0.00 0.00 0.00 0.00 0.00 0.00 0.00 0.00 0.00 0.00 0.00 0.00 0.00 0.00 0.00 0.00 0.00 0.00 0.00 0.00 
0.00 0.00 0.00 0.00 0.00 0.00 0.00 0.00 0.00 0.00 0.00 0.00 0.00 0.00 0.00 0.00 0.00 0.00 0.00 0.00 
0.00 0.00 0.00 0.00 0.00 0.00 0.00 0.00 0.00 0.00 0.00 0.00 0.00 0.00 0.00 0.00 0.00 0.00 0.00 0.00 
0.00 0.00 0.00 0.00 0.00 0.00 0.00 0.00 0.00 0.00 0.00 0.00 0.00 0.00 0.00 0.00 0.00 0.00 0.00 0.00 
end   dump: w
==END   DUMP_ARRAYS==
==BEGIN DUMP_ARRAYS==
begin dump: w
60.71 363271.59 399671.56 459189.47 525877.44 596108.75 666905.75 739076.25 807273.50 883685.75 949621.75 1026664.19 1097278.25 1172668.62 1244036.38 1315372.88 1381700.38 1460973.50 1534023.62 1604686.38 
1669379.75 1749778.75 1824666.00 1899229.88 1967058.75 2030535.38 2116958.75 2190637.50 2260411.75 2336317.00 2403417.50 2482264.25 2545922.00 2625795.75 2698739.50 2770637.75 2842817.00 2918584.25 2989156.25 3062833.25 
3115018.25 3208486.25 3280372.75 3354935.75 3425315.50 3500573.75 3573907.25 3643204.25 3711505.00 3792652.50 3839057.50 3938652.75 4009334.25 4083621.25 4156182.00 4227519.50 4298144.00 4365959.00 4449262.50 4521095.50 
4584098.50 4666492.00 4740154.50 4812955.00 4877789.50 4956243.50 5028923.00 5110091.50 5177025.50 5252385.50 5318184.50 5396454.00 5464912.00 5543504.50 5613404.50 5674383.00 5758806.50 5834361.00 5904912.50 5976484.50 
6009014.50 6127007.00 6197919.50 6270555.50 6341904.50 6414501.00 6490114.00 6565481.50 6631116.50 6715849.00 6776717.00 6855341.50 6924533.50 6999155.00 7070623.50 7143292.50 7209893.50 7292348.50 7362052.00 7433381.50 
7455813.00 7586881.50 7657488.50 7730047.00 7798932.00 7872836.00 7947590.00 8021229.00 8091679.00 8160744.50 8234721.50 8310719.00 8376806.50 8457328.00 8525714.00 8603186.00 8675331.00 8749848.00 8821859.00 8895206.00 
8946741.00 9041255.00 9113676.00 9181935.00 9257827.00 9319322.00 9404645.00 9478518.00 9542599.00 9621250.00 9690790.00 9767202.00 9836471.00 9892752.00 9999993.00 10064430.00 10133638.00 10209814.00 10281991.00 10353666.00 
10416488.00 10498917.00 10572918.00 10647775.00 10710316.00 10788319.00 10863910.00 10936766.00 11007641.00 11081256.00 11129044.00 11229376.00 11297723.00 11374707.00 11448927.00 11517961.00 11591136.00 11664751.00 11737440.00 11809179.00 
11841310.00 11960000.00 12030697.00 12106146.00 12174709.00 12247438.00 12320628.00 12396186.00 12463868.00 12539922.00 12608109.00 12684241.00 12759668.00 12834148.00 12905707.00 12964587.00 13042794.00 13123041.00 13199618.00 13270439.00 
13331927.00 13415304.00 13490025.00 13561308.00 13629711.00 13705141.00 13778710.00 13852049.00 13922849.00 13997618.00 14065992.00 14143570.00 14207963.00 14287962.00 14361268.00 14431502.00 14503379.00 14576509.00 14646365.00 14710536.00 
14691120.00 14891516.00 14954530.00 15025542.00 15095304.00 15166117.00 15239621.00 15314092.00 15377812.00 15458490.00 15526227.00 15604431.00 15675832.00 15750004.00 15822177.00 15892477.00 15964729.00 16040750.00 16110864.00 16186756.00 
16249239.00 16331627.00 16401273.00 16479021.00 16542979.00 16610775.00 16695185.00 16767912.00 16839020.00 16917816.00 16984106.00 17062134.00 17130568.00 17205874.00 17280266.00 17350180.00 17423970.00 17495906.00 17570200.00 17642058.00 
17673966.00 17792880.00 17863454.00 17937304.00 18007554.00 18079656.00 18151960.00 18227346.00 18296712.00 18372678.00 18419560.00 18520796.00 18591042.00 18665292.00 18736986.00 18809298.00 18875456.00 18954278.00 19027970.00 19103138.00 
19164676.00 19248396.00 19318896.00 19392248.00 19460802.00 19533192.00 19600896.00 19709304.00 19762214.00 19834852.00 19901424.00 19980806.00 20043170.00 20123532.00 20196252.00 20256038.00 20340852.00 20420122.00 20487218.00 20560804.00 
20612180.00 20706842.00 20779036.00 20852218.00 20923352.00 20994440.00 21075188.00 21144720.00 21208960.00 21291342.00 21357494.00 21441316.00 21507004.00 21580826.00 21653304.00 21724776.00 21795502.00 21872018.00 21943402.00 22015172.00 
22037146.00 22168680.00 22238838.00 22309706.00 22375874.00 22454334.00 22530256.00 22602902.00 22674148.00 22746710.00 22815500.00 22886210.00 22963318.00 23036572.00 23110780.00 23183110.00 23256780.00 23331496.00 23402968.00 23475048.00 
23506262.00 23625582.00 23695988.00 23767694.00 23839874.00 23900982.00 23987480.00 24058554.00 24129530.00 24205614.00 24274022.00 24349674.00 24421664.00 24491962.00 24571970.00 24641374.00 24707980.00 24789100.00 24860734.00 24935572.00 
24997066.00 25080958.00 25151626.00 25236100.00 25296292.00 25370096.00 25444708.00 25518436.00 25589352.00 25663408.00 25709544.00 25809410.00 25874268.00 25958862.00 26026984.00 26097054.00 26173364.00 26247122.00 26320518.00 26393578.00 
26443900.00 26539224.00 26611730.00 26683472.00 26755868.00 26826986.00 26902150.00 26976256.00 27039852.00 27119788.00 27188790.00 27265742.00 27338268.00 27411420.00 27483932.00 27544828.00 27627382.00 27702826.00 27776222.00 27852280.00 
27911788.00 27997366.00 28066862.00 28141088.00 28204072.00 28282252.00 28356854.00 28429388.00 28501410.00 28575396.00 28642590.00 28718378.00 28787162.00 28862978.00 28933984.00 29001512.00 29072806.00 29142858.00 29201212.00 29238788.00 
end   dump: w
==END   DUMP_ARRAYS==
Time in seconds = 0.060177
