Sender: LSF System <lsfadmin@polus-c3-ib.bmc.hpc.cs.msu.ru>
Subject: Job 493156: <./medium.o> in cluster <MSUCluster> Done

Job <./medium.o> was submitted from host <polus-ib.bmc.hpc.cs.msu.ru> by user <edu-cmc-skpod19-328-11> in cluster <MSUCluster> at Fri Nov 29 23:31:25 2019
Job was executed on host(s) <13*polus-c3-ib.bmc.hpc.cs.msu.ru>, in queue <short>, as user <edu-cmc-skpod19-328-11> in cluster <MSUCluster> at Fri Nov 29 23:34:52 2019
                            <5*polus-c1-ib.bmc.hpc.cs.msu.ru>
</home_edu/edu-cmc-skpod19-328/edu-cmc-skpod19-328-11> was used as the home directory.
</home_edu/edu-cmc-skpod19-328/edu-cmc-skpod19-328-11/dep_gemver> was used as the working directory.
Started at Fri Nov 29 23:34:52 2019
Terminated at Fri Nov 29 23:34:52 2019
Results reported at Fri Nov 29 23:34:52 2019

Your job looked like:

------------------------------------------------------------
# LSBATCH: User input
./medium.o
------------------------------------------------------------

Successfully completed.

Resource usage summary:

    CPU time :                                   4.09 sec.
    Max Memory :                                 1 MB
    Average Memory :                             1.00 MB
    Total Requested Memory :                     -
    Delta Memory :                               -
    Max Swap :                                   -
    Max Processes :                              1
    Max Threads :                                1
    Run time :                                   1 sec.
    Turnaround time :                            207 sec.

The output (if any) follows:

==BEGIN DUMP_ARRAYS==
begin dump: w
0.00 0.00 0.00 0.00 0.00 0.00 0.00 0.00 0.00 0.00 0.00 0.00 0.00 0.00 0.00 0.00 0.00 0.00 0.00 0.00 
0.00 0.00 0.00 0.00 0.00 0.00 0.00 0.00 0.00 0.00 0.00 0.00 0.00 0.00 0.00 0.00 0.00 0.00 0.00 0.00 
0.00 0.00 0.00 0.00 0.00 0.00 0.00 0.00 0.00 0.00 0.00 0.00 0.00 0.00 0.00 0.00 0.00 0.00 0.00 0.00 
0.00 0.00 0.00 0.00 0.00 0.00 0.00 0.00 0.00 0.00 0.00 0.00 0.00 0.00 0.00 0.00 0.00 0.00 0.00 0.00 
0.00 0.00 0.00 0.00 0.00 0.00 0.00 0.00 0.00 0.00 0.00 0.00 0.00 0.00 0.00 0.00 0.00 0.00 0.00 0.00 
0.00 0.00 0.00 0.00 0.00 0.00 0.00 0.00 0.00 0.00 0.00 0.00 0.00 0.00 0.00 0.00 0.00 0.00 0.00 0.00 
0.00 0.00 0.00 0.00 0.00 0.00 0.00 0.00 0.00 0.00 0.00 0.00 0.00 0.00 0.00 0.00 0.00 0.00 0.00 0.00 
0.00 0.00 0.00 0.00 0.00 0.00 0.00 0.00 0.00 0.00 0.00 0.00 0.00 0.00 0.00 0.00 0.00 0.00 0.00 0.00 
0.00 0.00 0.00 0.00 0.00 0.00 0.00 0.00 0.00 0.00 0.00 0.00 0.00 0.00 0.00 0.00 0.00 0.00 0.00 0.00 
0.00 0.00 0.00 0.00 0.00 0.00 0.00 0.00 0.00 0.00 0.00 0.00 0.00 0.00 0.00 0.00 0.00 0.00 0.00 0.00 
0.00 0.00 0.00 0.00 0.00 0.00 0.00 0.00 0.00 0.00 0.00 0.00 0.00 0.00 0.00 0.00 0.00 0.00 0.00 0.00 
0.00 0.00 0.00 0.00 0.00 0.00 0.00 0.00 0.00 0.00 0.00 0.00 0.00 0.00 0.00 0.00 0.00 0.00 0.00 0.00 
0.00 0.00 0.00 0.00 0.00 0.00 0.00 0.00 0.00 0.00 0.00 0.00 0.00 0.00 0.00 0.00 0.00 0.00 0.00 0.00 
0.00 0.00 0.00 0.00 0.00 0.00 0.00 0.00 0.00 0.00 0.00 0.00 0.00 0.00 0.00 0.00 0.00 0.00 0.00 0.00 
0.00 0.00 0.00 0.00 0.00 0.00 0.00 0.00 0.00 0.00 0.00 0.00 0.00 0.00 0.00 0.00 0.00 0.00 0.00 0.00 
0.00 0.00 0.00 0.00 0.00 0.00 0.00 0.00 0.00 0.00 0.00 0.00 0.00 0.00 0.00 0.00 0.00 0.00 0.00 0.00 
0.00 0.00 0.00 0.00 0.00 0.00 0.00 0.00 0.00 0.00 0.00 0.00 0.00 0.00 0.00 0.00 0.00 0.00 0.00 0.00 
0.00 0.00 0.00 0.00 0.00 0.00 0.00 0.00 0.00 0.00 0.00 0.00 0.00 0.00 0.00 0.00 0.00 0.00 0.00 0.00 
0.00 0.00 0.00 0.00 0.00 0.00 0.00 0.00 0.00 0.00 0.00 0.00 0.00 0.00 0.00 0.00 0.00 0.00 0.00 0.00 
0.00 0.00 0.00 0.00 0.00 0.00 0.00 0.00 0.00 0.00 0.00 0.00 0.00 0.00 0.00 0.00 0.00 0.00 0.00 0.00 
end   dump: w
==END   DUMP_ARRAYS==
==BEGIN DUMP_ARRAYS==
begin dump: w
63.21 378283.44 413845.62 476714.19 544786.25 615940.81 692629.25 767029.12 837300.38 917015.62 985572.62 1066550.12 1140899.12 1218379.88 1293222.38 1367129.12 1436545.00 1519330.88 1594968.50 1668844.62 
1736572.62 1819827.12 1898352.25 1975401.00 2046648.62 2112752.25 2202190.50 2278459.00 2352345.00 2431102.75 2500418.00 2582765.75 2648946.50 2732401.25 2808565.75 2882472.75 2958058.50 3036897.00 3110048.50 3187132.75 
3242086.75 3339003.00 3413728.00 3491684.50 3564488.00 3642341.00 3719295.75 3791626.00 3862950.75 3947841.50 3996050.50 4099388.25 4173310.50 4249906.00 4325048.50 4399454.00 4473370.50 4544146.50 4630773.00 4705880.00 
4771075.50 4856926.50 4933883.00 5009058.50 5077221.00 5159163.00 5234641.00 5319021.50 5388457.50 5467874.00 5536067.00 5617475.00 5688453.00 5770522.00 5843500.50 5906972.00 5994691.50 6072834.00 6147107.00 6222102.00 
6255709.50 6377784.50 6451899.00 6527832.50 6601713.50 6677899.50 6755904.00 6834437.50 6902925.50 6991466.00 7054310.00 7136447.50 7208634.50 7285610.50 7360680.50 7436156.50 7506079.00 7591830.50 7665258.00 7738784.50 
7762618.00 7897979.00 7971428.50 8047052.00 8118602.50 8195749.50 8273673.00 8350644.50 8423761.00 8495356.00 8572845.00 8652026.00 8720659.00 8804488.00 8875916.00 8956167.00 9031595.00 9108635.00 9184138.00 9260444.00 
9314381.00 9412513.00 9487769.00 9558857.00 9638610.00 9702042.00 9790571.00 9867816.00 9934806.00 10016826.00 10089811.00 10168925.00 10241175.00 10298783.00 10410995.00 10476873.00 10549495.00 10629684.00 10704861.00 10779436.00 
10844903.00 10930897.00 11007910.00 11085433.00 11150356.00 11231849.00 11310773.00 11386516.00 11460806.00 11537326.00 11586942.00 11690856.00 11761845.00 11842828.00 11919329.00 11991577.00 12068075.00 12144673.00 12220729.00 12295354.00 
12328861.00 12451279.00 12525278.00 12604127.00 12676008.00 12751087.00 12828389.00 12906067.00 12976522.00 13055852.00 13127478.00 13205989.00 13284470.00 13362523.00 13436811.00 13498041.00 13579146.00 13663434.00 13743048.00 13816409.00 
13880718.00 13967707.00 14045482.00 14119066.00 14190678.00 14269082.00 14345486.00 14422303.00 14496236.00 14573688.00 14644960.00 14725779.00 14792697.00 14876065.00 14952585.00 15025949.00 15101586.00 15176292.00 15249792.00 15316139.00 
15296892.00 15504438.00 15569794.00 15644297.00 15715694.00 15789966.00 15866997.00 15944524.00 16010854.00 16094803.00 16165475.00 16246895.00 16321042.00 16398289.00 16474094.00 16546831.00 16621925.00 16701515.00 16774104.00 16852878.00 
16918340.00 17004178.00 17076528.00 17157150.00 17224400.00 17295064.00 17382770.00 17458066.00 17532808.00 17614602.00 17682960.00 17764734.00 17836080.00 17914536.00 17991192.00 18064828.00 18141262.00 18216458.00 18294304.00 18369304.00 
18402584.00 18525232.00 18598848.00 18675914.00 18749208.00 18824334.00 18900240.00 18977764.00 19050762.00 19129732.00 19178408.00 19283266.00 19356474.00 19434072.00 19508802.00 19584068.00 19653184.00 19735150.00 19811664.00 19889696.00 
19954156.00 20041148.00 20114722.00 20190912.00 20263096.00 20339036.00 20408588.00 20521802.00 20576102.00 20651660.00 20720626.00 20803760.00 20868744.00 20952772.00 21029008.00 21091064.00 21178668.00 21261736.00 21331800.00 21408074.00 
21461748.00 21560150.00 21635440.00 21711950.00 21785678.00 21859756.00 21943668.00 22016104.00 22082890.00 22168560.00 22237590.00 22325232.00 22393526.00 22469952.00 22545908.00 22620156.00 22693994.00 22773532.00 22848150.00 22922606.00 
22945776.00 23081802.00 23154324.00 23228752.00 23297464.00 23379758.00 23458898.00 23534974.00 23608640.00 23684142.00 23756118.00 23829128.00 23909690.00 23986144.00 24063670.00 24138026.00 24215566.00 24292762.00 24367672.00 24442810.00 
24475724.00 24598480.00 24672476.00 24747746.00 24822592.00 24886118.00 24976082.00 25050062.00 25124152.00 25203112.00 25274362.00 25352718.00 25428814.00 25501572.00 25584928.00 25656750.00 25726320.00 25811526.00 25885696.00 25963658.00 
26027980.00 26114702.00 26188802.00 26276446.00 26339238.00 26416466.00 26494522.00 26570684.00 26643956.00 26721202.00 26769288.00 26872742.00 26940596.00 27028964.00 27100280.00 27173574.00 27252798.00 27328902.00 27405844.00 27481582.00 
27534056.00 27633458.00 27709532.00 27783690.00 27859218.00 27933444.00 28011012.00 28088194.00 28154602.00 28237826.00 28310006.00 28389486.00 28464934.00 28542126.00 28617384.00 28680356.00 28765956.00 28845176.00 28921226.00 29000756.00 
29062480.00 29151742.00 29224616.00 29301264.00 29367008.00 29448786.00 29526354.00 29602210.00 29676374.00 29754036.00 29824850.00 29903572.00 29975306.00 30053560.00 30126944.00 30199984.00 30272484.00 30343876.00 30405730.00 30442302.00 
end   dump: w
==END   DUMP_ARRAYS==
Time in seconds = 0.067667
