Sender: LSF System <lsfadmin@polus-c4-ib.bmc.hpc.cs.msu.ru>
Subject: Job 492976: <./medium.o> in cluster <MSUCluster> Done

Job <./medium.o> was submitted from host <polus-ib.bmc.hpc.cs.msu.ru> by user <edu-cmc-skpod19-328-11> in cluster <MSUCluster> at Fri Nov 29 23:29:23 2019
Job was executed on host(s) <7*polus-c4-ib.bmc.hpc.cs.msu.ru>, in queue <short>, as user <edu-cmc-skpod19-328-11> in cluster <MSUCluster> at Fri Nov 29 23:30:12 2019
                            <2*polus-c3-ib.bmc.hpc.cs.msu.ru>
</home_edu/edu-cmc-skpod19-328/edu-cmc-skpod19-328-11> was used as the home directory.
</home_edu/edu-cmc-skpod19-328/edu-cmc-skpod19-328-11/dep_gemver> was used as the working directory.
Started at Fri Nov 29 23:30:12 2019
Terminated at Fri Nov 29 23:30:13 2019
Results reported at Fri Nov 29 23:30:13 2019

Your job looked like:

------------------------------------------------------------
# LSBATCH: User input
./medium.o
------------------------------------------------------------

Successfully completed.

Resource usage summary:

    CPU time :                                   5.19 sec.
    Max Memory :                                 1 MB
    Average Memory :                             1.00 MB
    Total Requested Memory :                     -
    Delta Memory :                               -
    Max Swap :                                   -
    Max Processes :                              1
    Max Threads :                                1
    Run time :                                   1 sec.
    Turnaround time :                            50 sec.

The output (if any) follows:

==BEGIN DUMP_ARRAYS==
begin dump: w
0.00 0.00 0.00 0.00 0.00 0.00 0.00 0.00 0.00 0.00 0.00 0.00 0.00 0.00 0.00 0.00 0.00 0.00 0.00 0.00 
0.00 0.00 0.00 0.00 0.00 0.00 0.00 0.00 0.00 0.00 0.00 0.00 0.00 0.00 0.00 0.00 0.00 0.00 0.00 0.00 
0.00 0.00 0.00 0.00 0.00 0.00 0.00 0.00 0.00 0.00 0.00 0.00 0.00 0.00 0.00 0.00 0.00 0.00 0.00 0.00 
0.00 0.00 0.00 0.00 0.00 0.00 0.00 0.00 0.00 0.00 0.00 0.00 0.00 0.00 0.00 0.00 0.00 0.00 0.00 0.00 
0.00 0.00 0.00 0.00 0.00 0.00 0.00 0.00 0.00 0.00 0.00 0.00 0.00 0.00 0.00 0.00 0.00 0.00 0.00 0.00 
0.00 0.00 0.00 0.00 0.00 0.00 0.00 0.00 0.00 0.00 0.00 0.00 0.00 0.00 0.00 0.00 0.00 0.00 0.00 0.00 
0.00 0.00 0.00 0.00 0.00 0.00 0.00 0.00 0.00 0.00 0.00 0.00 0.00 0.00 0.00 0.00 0.00 0.00 0.00 0.00 
0.00 0.00 0.00 0.00 0.00 0.00 0.00 0.00 0.00 0.00 0.00 0.00 0.00 0.00 0.00 0.00 0.00 0.00 0.00 0.00 
0.00 0.00 0.00 0.00 0.00 0.00 0.00 0.00 0.00 0.00 0.00 0.00 0.00 0.00 0.00 0.00 0.00 0.00 0.00 0.00 
0.00 0.00 0.00 0.00 0.00 0.00 0.00 0.00 0.00 0.00 0.00 0.00 0.00 0.00 0.00 0.00 0.00 0.00 0.00 0.00 
0.00 0.00 0.00 0.00 0.00 0.00 0.00 0.00 0.00 0.00 0.00 0.00 0.00 0.00 0.00 0.00 0.00 0.00 0.00 0.00 
0.00 0.00 0.00 0.00 0.00 0.00 0.00 0.00 0.00 0.00 0.00 0.00 0.00 0.00 0.00 0.00 0.00 0.00 0.00 0.00 
0.00 0.00 0.00 0.00 0.00 0.00 0.00 0.00 0.00 0.00 0.00 0.00 0.00 0.00 0.00 0.00 0.00 0.00 0.00 0.00 
0.00 0.00 0.00 0.00 0.00 0.00 0.00 0.00 0.00 0.00 0.00 0.00 0.00 0.00 0.00 0.00 0.00 0.00 0.00 0.00 
0.00 0.00 0.00 0.00 0.00 0.00 0.00 0.00 0.00 0.00 0.00 0.00 0.00 0.00 0.00 0.00 0.00 0.00 0.00 0.00 
0.00 0.00 0.00 0.00 0.00 0.00 0.00 0.00 0.00 0.00 0.00 0.00 0.00 0.00 0.00 0.00 0.00 0.00 0.00 0.00 
0.00 0.00 0.00 0.00 0.00 0.00 0.00 0.00 0.00 0.00 0.00 0.00 0.00 0.00 0.00 0.00 0.00 0.00 0.00 0.00 
0.00 0.00 0.00 0.00 0.00 0.00 0.00 0.00 0.00 0.00 0.00 0.00 0.00 0.00 0.00 0.00 0.00 0.00 0.00 0.00 
0.00 0.00 0.00 0.00 0.00 0.00 0.00 0.00 0.00 0.00 0.00 0.00 0.00 0.00 0.00 0.00 0.00 0.00 0.00 0.00 
0.00 0.00 0.00 0.00 0.00 0.00 0.00 0.00 0.00 0.00 0.00 0.00 0.00 0.00 0.00 0.00 0.00 0.00 0.00 0.00 
end   dump: w
==END   DUMP_ARRAYS==
==BEGIN DUMP_ARRAYS==
begin dump: w
58.17 348078.66 381747.47 439759.19 504770.06 570475.94 639240.12 707918.81 772445.12 845508.12 909520.06 983765.88 1051503.75 1123099.38 1191920.88 1260223.38 1323296.62 1400326.12 1469595.00 1537850.12 
1600199.62 1677822.12 1749038.75 1819586.00 1885171.88 1945590.25 2027998.38 2098946.75 2166503.75 2239214.75 2303108.25 2378784.50 2439609.50 2517224.00 2586533.50 2654521.00 2724170.00 2796133.50 2864003.00 2933905.50 
2984490.50 3074217.75 3143647.00 3215099.25 3281907.25 3353656.75 3423830.25 3490945.25 3556414.25 3635027.00 3678932.00 3774236.50 3841775.25 3912267.75 3981859.00 4050831.00 4118470.00 4183752.75 4263238.50 4331973.00 
4392651.00 4471135.50 4542007.00 4611632.00 4673786.00 4749218.00 4819149.00 4896814.50 4960129.00 5033542.50 5095925.50 5171138.00 5236982.50 5311837.00 5378406.00 5437294.50 5517833.50 5590223.00 5657710.00 5726488.00 
5757783.50 5871070.00 5938833.00 6009191.00 6077140.50 6146579.00 6218818.50 6290733.00 6353816.50 6435194.50 6493536.50 6568635.50 6634991.00 6706186.00 6775104.00 6844751.00 6908796.50 6987870.50 7055188.00 7122500.00 
7144016.00 7269848.50 7337184.00 7406802.00 7472919.50 7543415.50 7615130.50 7686265.50 7753537.50 7819814.50 7890388.00 7963297.50 8026230.50 8103880.50 8169634.50 8243459.50 8312732.50 8383467.50 8453258.00 8523460.00 
8572830.00 8663616.00 8732287.00 8798201.00 8870674.00 8929333.00 9011087.00 9082223.00 9143639.00 9219265.00 9285890.00 9358994.00 9424887.00 9479442.00 9581668.00 9643394.00 9709515.00 9783154.00 9852278.00 9921226.00 
9981049.00 10060255.00 10130959.00 10202620.00 10262533.00 10337275.00 10409877.00 10479752.00 10547559.00 10618339.00 10664128.00 10759647.00 10825377.00 10898994.00 10970027.00 11036525.00 11106565.00 11177218.00 11246378.00 11315837.00 
11346171.00 11460217.00 11527553.00 11600444.00 11665645.00 11735696.00 11806539.00 11877746.00 11942826.00 12015607.00 12081176.00 12154039.00 12226508.00 12297617.00 12366104.00 12422234.00 12497295.00 12574973.00 12647833.00 12715376.00 
12774518.00 12854755.00 12925850.00 12994168.00 13059958.00 13132078.00 13202225.00 13273407.00 13340817.00 13412281.00 13477650.00 13552417.00 13613877.00 13690915.00 13760858.00 13828177.00 13897677.00 13967004.00 14033470.00 14096008.00 
14076503.00 14268565.00 14329975.00 14397570.00 14463613.00 14532099.00 14602594.00 14673664.00 14734615.00 14812163.00 14877332.00 14952294.00 15020471.00 15091172.00 15161224.00 15228203.00 15297226.00 15370412.00 15437604.00 15509827.00 
15569511.00 15649204.00 15715615.00 15789604.00 15851195.00 15916747.00 15997348.00 16066961.00 16134788.00 16210541.00 16273810.00 16348974.00 16414355.00 16486826.00 16556911.00 16624591.00 16695652.00 16764138.00 16835902.00 16904366.00 
16935042.00 17048742.00 17117068.00 17187360.00 17254730.00 17323760.00 17393426.00 17465582.00 17531798.00 17604932.00 17649094.00 17746242.00 17813736.00 17884832.00 17953566.00 18023004.00 18085958.00 18161950.00 18232488.00 18304324.00 
18362976.00 18443344.00 18511164.00 18581422.00 18647670.00 18716890.00 18781778.00 18885136.00 18936404.00 19005584.00 19069092.00 19145310.00 19204850.00 19282358.00 19352358.00 19409654.00 19490616.00 19566374.00 19631160.00 19700964.00 
19750084.00 19841108.00 19910194.00 19981118.00 20048562.00 20116822.00 20193812.00 20260702.00 20322258.00 20401284.00 20464598.00 20544760.00 20607750.00 20678312.00 20748314.00 20816864.00 20884264.00 20957774.00 21026262.00 21094724.00 
21115824.00 21242074.00 21308266.00 21376708.00 21439690.00 21515526.00 21588340.00 21658392.00 21726300.00 21795942.00 21861450.00 21929374.00 22003358.00 22073844.00 22144628.00 22213698.00 22284152.00 22355392.00 22424610.00 22493506.00 
22523424.00 22638090.00 22705740.00 22774364.00 22843454.00 22901688.00 22985042.00 23052740.00 23120198.00 23193436.00 23259062.00 23331042.00 23401168.00 23467766.00 23544298.00 23611070.00 23674706.00 23752958.00 23821442.00 23893442.00 
23951376.00 24032604.00 24100216.00 24180826.00 24238706.00 24309452.00 24381594.00 24452308.00 24519520.00 24590334.00 24634292.00 24729554.00 24792072.00 24873628.00 24939616.00 25006622.00 25079390.00 25149476.00 25219796.00 25290362.00 
25338426.00 25430672.00 25499446.00 25568446.00 25637120.00 25705760.00 25776924.00 25847350.00 25908876.00 25985790.00 26051870.00 26125356.00 26194786.00 26265632.00 26335446.00 26393394.00 26472008.00 26544994.00 26614414.00 26686750.00 
26743832.00 26826726.00 26893856.00 26964246.00 27025196.00 27100050.00 27171524.00 27241480.00 27309790.00 27380812.00 27445472.00 27519062.00 27584734.00 27656660.00 27724206.00 27789806.00 27856522.00 27924812.00 27981704.00 28016496.00 
end   dump: w
==END   DUMP_ARRAYS==
Time in seconds = 0.074305
