Sender: LSF System <lsfadmin@polus-c4-ib.bmc.hpc.cs.msu.ru>
Subject: Job 493062: <./medium.o> in cluster <MSUCluster> Done

Job <./medium.o> was submitted from host <polus-ib.bmc.hpc.cs.msu.ru> by user <edu-cmc-skpod19-328-11> in cluster <MSUCluster> at Fri Nov 29 23:30:24 2019
Job was executed on host(s) <10*polus-c4-ib.bmc.hpc.cs.msu.ru>, in queue <short>, as user <edu-cmc-skpod19-328-11> in cluster <MSUCluster> at Fri Nov 29 23:32:56 2019
                            <2*polus-c3-ib.bmc.hpc.cs.msu.ru>
                            <1*polus-c1-ib.bmc.hpc.cs.msu.ru>
</home_edu/edu-cmc-skpod19-328/edu-cmc-skpod19-328-11> was used as the home directory.
</home_edu/edu-cmc-skpod19-328/edu-cmc-skpod19-328-11/dep_gemver> was used as the working directory.
Started at Fri Nov 29 23:32:56 2019
Terminated at Fri Nov 29 23:32:57 2019
Results reported at Fri Nov 29 23:32:57 2019

Your job looked like:

------------------------------------------------------------
# LSBATCH: User input
./medium.o
------------------------------------------------------------

Successfully completed.

Resource usage summary:

    CPU time :                                   5.58 sec.
    Max Memory :                                 4 MB
    Average Memory :                             2.00 MB
    Total Requested Memory :                     -
    Delta Memory :                               -
    Max Swap :                                   -
    Max Processes :                              1
    Max Threads :                                1
    Run time :                                   1 sec.
    Turnaround time :                            153 sec.

The output (if any) follows:

==BEGIN DUMP_ARRAYS==
begin dump: w
0.00 0.00 0.00 0.00 0.00 0.00 0.00 0.00 0.00 0.00 0.00 0.00 0.00 0.00 0.00 0.00 0.00 0.00 0.00 0.00 
0.00 0.00 0.00 0.00 0.00 0.00 0.00 0.00 0.00 0.00 0.00 0.00 0.00 0.00 0.00 0.00 0.00 0.00 0.00 0.00 
0.00 0.00 0.00 0.00 0.00 0.00 0.00 0.00 0.00 0.00 0.00 0.00 0.00 0.00 0.00 0.00 0.00 0.00 0.00 0.00 
0.00 0.00 0.00 0.00 0.00 0.00 0.00 0.00 0.00 0.00 0.00 0.00 0.00 0.00 0.00 0.00 0.00 0.00 0.00 0.00 
0.00 0.00 0.00 0.00 0.00 0.00 0.00 0.00 0.00 0.00 0.00 0.00 0.00 0.00 0.00 0.00 0.00 0.00 0.00 0.00 
0.00 0.00 0.00 0.00 0.00 0.00 0.00 0.00 0.00 0.00 0.00 0.00 0.00 0.00 0.00 0.00 0.00 0.00 0.00 0.00 
0.00 0.00 0.00 0.00 0.00 0.00 0.00 0.00 0.00 0.00 0.00 0.00 0.00 0.00 0.00 0.00 0.00 0.00 0.00 0.00 
0.00 0.00 0.00 0.00 0.00 0.00 0.00 0.00 0.00 0.00 0.00 0.00 0.00 0.00 0.00 0.00 0.00 0.00 0.00 0.00 
0.00 0.00 0.00 0.00 0.00 0.00 0.00 0.00 0.00 0.00 0.00 0.00 0.00 0.00 0.00 0.00 0.00 0.00 0.00 0.00 
0.00 0.00 0.00 0.00 0.00 0.00 0.00 0.00 0.00 0.00 0.00 0.00 0.00 0.00 0.00 0.00 0.00 0.00 0.00 0.00 
0.00 0.00 0.00 0.00 0.00 0.00 0.00 0.00 0.00 0.00 0.00 0.00 0.00 0.00 0.00 0.00 0.00 0.00 0.00 0.00 
0.00 0.00 0.00 0.00 0.00 0.00 0.00 0.00 0.00 0.00 0.00 0.00 0.00 0.00 0.00 0.00 0.00 0.00 0.00 0.00 
0.00 0.00 0.00 0.00 0.00 0.00 0.00 0.00 0.00 0.00 0.00 0.00 0.00 0.00 0.00 0.00 0.00 0.00 0.00 0.00 
0.00 0.00 0.00 0.00 0.00 0.00 0.00 0.00 0.00 0.00 0.00 0.00 0.00 0.00 0.00 0.00 0.00 0.00 0.00 0.00 
0.00 0.00 0.00 0.00 0.00 0.00 0.00 0.00 0.00 0.00 0.00 0.00 0.00 0.00 0.00 0.00 0.00 0.00 0.00 0.00 
0.00 0.00 0.00 0.00 0.00 0.00 0.00 0.00 0.00 0.00 0.00 0.00 0.00 0.00 0.00 0.00 0.00 0.00 0.00 0.00 
0.00 0.00 0.00 0.00 0.00 0.00 0.00 0.00 0.00 0.00 0.00 0.00 0.00 0.00 0.00 0.00 0.00 0.00 0.00 0.00 
0.00 0.00 0.00 0.00 0.00 0.00 0.00 0.00 0.00 0.00 0.00 0.00 0.00 0.00 0.00 0.00 0.00 0.00 0.00 0.00 
0.00 0.00 0.00 0.00 0.00 0.00 0.00 0.00 0.00 0.00 0.00 0.00 0.00 0.00 0.00 0.00 0.00 0.00 0.00 0.00 
0.00 0.00 0.00 0.00 0.00 0.00 0.00 0.00 0.00 0.00 0.00 0.00 0.00 0.00 0.00 0.00 0.00 0.00 0.00 0.00 
end   dump: w
==END   DUMP_ARRAYS==
==BEGIN DUMP_ARRAYS==
begin dump: w
62.57 374410.66 411212.38 473491.06 539501.88 611997.38 686313.81 758607.75 829816.94 908879.31 976814.25 1056347.75 1129117.75 1205568.12 1279362.62 1353036.38 1421849.00 1503376.12 1579348.00 1651218.75 
1718847.50 1800839.00 1878569.25 1954948.38 2025585.00 2091242.75 2179660.50 2255287.25 2327990.25 2405728.00 2474790.25 2556503.50 2622091.25 2704387.25 2779374.00 2852773.50 2927507.75 3005717.75 3078201.50 3153554.50 
3208052.50 3304623.25 3378545.00 3456117.25 3527933.75 3605019.25 3680721.50 3752060.00 3822727.25 3906783.00 3954314.75 4057383.00 4130388.50 4206126.50 4281267.00 4355122.50 4427696.50 4497201.00 4583456.50 4657184.50 
4722287.50 4806723.50 4882712.50 4957462.00 5024947.00 5105582.00 5180398.00 5264407.00 5333282.50 5411531.00 5479324.50 5559823.50 5630104.50 5711287.50 5783045.00 5845873.00 5932734.50 6010400.50 6083069.00 6157424.50 
6190890.00 6312140.50 6385827.50 6460281.50 6534054.50 6609099.50 6686597.00 6764126.50 6832050.00 6919565.00 6982068.50 7063081.00 7134200.00 7210870.00 7284581.00 7359630.50 7428383.00 7513461.00 7585821.50 7658869.50 
7682618.00 7816997.00 7890158.00 7964346.00 8035436.50 8111526.00 8188282.50 8264805.00 8337627.00 8408016.00 8484687.00 8562860.00 8631062.00 8713967.00 8784464.00 8864150.00 8938750.00 9015214.00 9090017.00 9165302.00 
9218573.00 9315997.00 9390303.00 9460571.00 9539068.00 9602083.00 9690293.00 9767020.00 9832574.00 9913949.00 9985255.00 10064355.00 10135444.00 10192485.00 10304814.00 10370501.00 10441958.00 10520638.00 10594737.00 10668776.00 
10733697.00 10818584.00 10894609.00 10971802.00 11036737.00 11116411.00 11194422.00 11269696.00 11342983.00 11418044.00 11467658.00 11571043.00 11641826.00 11721007.00 11797435.00 11868403.00 11944033.00 12020148.00 12094726.00 12168510.00 
12202225.00 12324233.00 12396851.00 12474781.00 12545569.00 12620440.00 12696200.00 12773608.00 12843272.00 12922204.00 12992277.00 13070079.00 13148254.00 13224841.00 13298784.00 13359394.00 13440207.00 13523089.00 13601959.00 13674723.00 
13738412.00 13824058.00 13901539.00 13973923.00 14044757.00 14122446.00 14198371.00 14274161.00 14347217.00 14424103.00 14494498.00 14574248.00 14640794.00 14723635.00 14798672.00 14870704.00 14945521.00 15019984.00 15092786.00 15157873.00 
15139854.00 15346503.00 15410452.00 15484397.00 15555517.00 15629105.00 15704574.00 15780745.00 15846995.00 15930133.00 15999843.00 16080271.00 16153825.00 16230218.00 16304872.00 16377364.00 16451735.00 16530455.00 16601704.00 16680314.00 
16744481.00 16829650.00 16901272.00 16981288.00 17047582.00 17117630.00 17204450.00 17279532.00 17352784.00 17434296.00 17502066.00 17582170.00 17653216.00 17730762.00 17807042.00 17879366.00 17955476.00 18029598.00 18106392.00 18180150.00 
18213666.00 18335864.00 18408508.00 18484228.00 18557008.00 18631406.00 18705798.00 18783368.00 18854664.00 18933330.00 18981668.00 19086328.00 19158058.00 19234678.00 19308812.00 19383398.00 19451050.00 19532574.00 19608622.00 19685788.00 
19749198.00 19835596.00 19908500.00 19983734.00 20054532.00 20129300.00 20198426.00 20311898.00 20365596.00 20440020.00 20509074.00 20590432.00 20655216.00 20737350.00 20812952.00 20874944.00 20961972.00 21043802.00 21112936.00 21188374.00 
21241532.00 21339078.00 21413220.00 21489160.00 21562290.00 21635660.00 21718782.00 21790416.00 21856742.00 21941512.00 22009656.00 22096360.00 22163404.00 22239578.00 22314958.00 22388282.00 22461048.00 22540030.00 22613086.00 22687386.00 
22710368.00 22845508.00 22917424.00 22990922.00 23059406.00 23140182.00 23218662.00 23293504.00 23366836.00 23441296.00 23512270.00 23584806.00 23664444.00 23740258.00 23816646.00 23890704.00 23966984.00 24044092.00 24117410.00 24192236.00 
24225012.00 24346956.00 24420172.00 24493976.00 24568300.00 24631148.00 24720196.00 24793090.00 24866382.00 24944556.00 25015010.00 25092842.00 25167758.00 25239974.00 25322846.00 25394228.00 25462848.00 25546912.00 25620526.00 25697652.00 
25760606.00 25847198.00 25919778.00 26007160.00 26068788.00 26144684.00 26221978.00 26298256.00 26370656.00 26446986.00 26495018.00 26597588.00 26665054.00 26752312.00 26822520.00 26894786.00 26973100.00 27048258.00 27124702.00 27199758.00 
27252054.00 27350822.00 27425030.00 27498650.00 27573538.00 27647036.00 27723868.00 27799986.00 27865700.00 27947870.00 28019546.00 28098642.00 28173056.00 28249086.00 28323584.00 28385776.00 28470900.00 28549424.00 28624664.00 28703538.00 
28764046.00 28853158.00 28923894.00 29000996.00 29065944.00 29146776.00 29223872.00 29298810.00 29371914.00 29448022.00 29517522.00 29595494.00 29666682.00 29745768.00 29816918.00 29887812.00 29961536.00 30030888.00 30092028.00 30129970.00 
end   dump: w
==END   DUMP_ARRAYS==
Time in seconds = 0.075513
