Sender: LSF System <lsfadmin@polus-c2-ib.bmc.hpc.cs.msu.ru>
Subject: Job 493034: <./medium.o> in cluster <MSUCluster> Done

Job <./medium.o> was submitted from host <polus-ib.bmc.hpc.cs.msu.ru> by user <edu-cmc-skpod19-328-11> in cluster <MSUCluster> at Fri Nov 29 23:29:23 2019
Job was executed on host(s) <12*polus-c2-ib.bmc.hpc.cs.msu.ru>, in queue <short>, as user <edu-cmc-skpod19-328-11> in cluster <MSUCluster> at Fri Nov 29 23:32:32 2019
</home_edu/edu-cmc-skpod19-328/edu-cmc-skpod19-328-11> was used as the home directory.
</home_edu/edu-cmc-skpod19-328/edu-cmc-skpod19-328-11/dep_gemver> was used as the working directory.
Started at Fri Nov 29 23:32:32 2019
Terminated at Fri Nov 29 23:32:33 2019
Results reported at Fri Nov 29 23:32:33 2019

Your job looked like:

------------------------------------------------------------
# LSBATCH: User input
./medium.o
------------------------------------------------------------

Successfully completed.

Resource usage summary:

    CPU time :                                   3.47 sec.
    Max Memory :                                 1 MB
    Average Memory :                             1.00 MB
    Total Requested Memory :                     -
    Delta Memory :                               -
    Max Swap :                                   -
    Max Processes :                              1
    Max Threads :                                1
    Run time :                                   2 sec.
    Turnaround time :                            190 sec.

The output (if any) follows:

==BEGIN DUMP_ARRAYS==
begin dump: w
0.00 0.00 0.00 0.00 0.00 0.00 0.00 0.00 0.00 0.00 0.00 0.00 0.00 0.00 0.00 0.00 0.00 0.00 0.00 0.00 
0.00 0.00 0.00 0.00 0.00 0.00 0.00 0.00 0.00 0.00 0.00 0.00 0.00 0.00 0.00 0.00 0.00 0.00 0.00 0.00 
0.00 0.00 0.00 0.00 0.00 0.00 0.00 0.00 0.00 0.00 0.00 0.00 0.00 0.00 0.00 0.00 0.00 0.00 0.00 0.00 
0.00 0.00 0.00 0.00 0.00 0.00 0.00 0.00 0.00 0.00 0.00 0.00 0.00 0.00 0.00 0.00 0.00 0.00 0.00 0.00 
0.00 0.00 0.00 0.00 0.00 0.00 0.00 0.00 0.00 0.00 0.00 0.00 0.00 0.00 0.00 0.00 0.00 0.00 0.00 0.00 
0.00 0.00 0.00 0.00 0.00 0.00 0.00 0.00 0.00 0.00 0.00 0.00 0.00 0.00 0.00 0.00 0.00 0.00 0.00 0.00 
0.00 0.00 0.00 0.00 0.00 0.00 0.00 0.00 0.00 0.00 0.00 0.00 0.00 0.00 0.00 0.00 0.00 0.00 0.00 0.00 
0.00 0.00 0.00 0.00 0.00 0.00 0.00 0.00 0.00 0.00 0.00 0.00 0.00 0.00 0.00 0.00 0.00 0.00 0.00 0.00 
0.00 0.00 0.00 0.00 0.00 0.00 0.00 0.00 0.00 0.00 0.00 0.00 0.00 0.00 0.00 0.00 0.00 0.00 0.00 0.00 
0.00 0.00 0.00 0.00 0.00 0.00 0.00 0.00 0.00 0.00 0.00 0.00 0.00 0.00 0.00 0.00 0.00 0.00 0.00 0.00 
0.00 0.00 0.00 0.00 0.00 0.00 0.00 0.00 0.00 0.00 0.00 0.00 0.00 0.00 0.00 0.00 0.00 0.00 0.00 0.00 
0.00 0.00 0.00 0.00 0.00 0.00 0.00 0.00 0.00 0.00 0.00 0.00 0.00 0.00 0.00 0.00 0.00 0.00 0.00 0.00 
0.00 0.00 0.00 0.00 0.00 0.00 0.00 0.00 0.00 0.00 0.00 0.00 0.00 0.00 0.00 0.00 0.00 0.00 0.00 0.00 
0.00 0.00 0.00 0.00 0.00 0.00 0.00 0.00 0.00 0.00 0.00 0.00 0.00 0.00 0.00 0.00 0.00 0.00 0.00 0.00 
0.00 0.00 0.00 0.00 0.00 0.00 0.00 0.00 0.00 0.00 0.00 0.00 0.00 0.00 0.00 0.00 0.00 0.00 0.00 0.00 
0.00 0.00 0.00 0.00 0.00 0.00 0.00 0.00 0.00 0.00 0.00 0.00 0.00 0.00 0.00 0.00 0.00 0.00 0.00 0.00 
0.00 0.00 0.00 0.00 0.00 0.00 0.00 0.00 0.00 0.00 0.00 0.00 0.00 0.00 0.00 0.00 0.00 0.00 0.00 0.00 
0.00 0.00 0.00 0.00 0.00 0.00 0.00 0.00 0.00 0.00 0.00 0.00 0.00 0.00 0.00 0.00 0.00 0.00 0.00 0.00 
0.00 0.00 0.00 0.00 0.00 0.00 0.00 0.00 0.00 0.00 0.00 0.00 0.00 0.00 0.00 0.00 0.00 0.00 0.00 0.00 
0.00 0.00 0.00 0.00 0.00 0.00 0.00 0.00 0.00 0.00 0.00 0.00 0.00 0.00 0.00 0.00 0.00 0.00 0.00 0.00 
end   dump: w
==END   DUMP_ARRAYS==
==BEGIN DUMP_ARRAYS==
begin dump: w
61.02 365134.38 398553.22 462164.53 527521.06 596068.38 669746.19 741663.50 809363.38 886575.75 953031.69 1031615.38 1102454.12 1177703.50 1249038.62 1320458.62 1388025.12 1467702.12 1540562.12 1611242.62 
1677121.25 1757857.38 1832914.00 1906947.12 1976193.88 2040173.25 2126732.50 2200232.00 2271295.75 2347127.25 2413910.50 2493995.00 2557623.50 2638538.50 2711759.00 2782738.50 2855946.00 2932610.75 3003469.50 3077301.75 
3130524.50 3223833.25 3296696.00 3371299.00 3441709.50 3516926.75 3590493.75 3660554.00 3729639.50 3810979.25 3857940.25 3957590.00 4028976.75 4102977.50 4175810.50 4247938.00 4318963.50 4387091.00 4471065.00 4543341.50 
4606472.50 4688932.50 4763250.00 4835901.50 4901309.00 4980380.50 5053681.00 5134945.50 5201742.50 5278540.50 5344310.50 5422865.50 5491859.00 5571194.00 5641261.00 5702364.50 5786943.50 5862942.50 5934281.00 6006256.50 
6039076.00 6157401.50 6228489.50 6301710.50 6373373.00 6446363.00 6522215.50 6597772.50 6663733.50 6749271.50 6810190.00 6889181.00 6958828.00 7033569.00 7105456.50 7178521.00 7245672.00 7328293.50 7399096.00 7470550.50 
7493486.50 7624256.00 7695452.50 7768576.00 7837723.00 7911814.50 7987027.50 8061301.00 8132120.50 8201068.00 8275770.50 8352221.00 8418675.00 8499353.00 8568664.00 8646137.00 8718936.00 8793026.00 8866424.00 8939721.00 
8991731.00 9086571.00 9158975.00 9227538.00 9304217.00 9365944.00 9451571.00 9526211.00 9590072.00 9669460.00 9739401.00 9816233.00 9885981.00 9942289.00 10049278.00 10114198.00 10184038.00 10261461.00 10333798.00 10405961.00 
10468978.00 10551316.00 10625940.00 10700873.00 10763800.00 10842365.00 10918675.00 10991811.00 11063404.00 11136917.00 11185052.00 11285814.00 11354401.00 11432062.00 11506338.00 11575838.00 11649636.00 11723562.00 11796497.00 11868961.00 
11900844.00 12019567.00 12091103.00 12166948.00 12235814.00 12309038.00 12383252.00 12458376.00 12526553.00 12603178.00 12671570.00 12747671.00 12824106.00 12899381.00 12970706.00 13029849.00 13108027.00 13189528.00 13265985.00 13337172.00 
13399212.00 13483010.00 13558142.00 13629652.00 13698600.00 13774512.00 13848114.00 13921821.00 13993374.00 14068203.00 14136798.00 14214961.00 14279100.00 14360426.00 14433498.00 14504397.00 14577427.00 14649816.00 14720561.00 14785953.00 
14765883.00 14965474.00 15029771.00 15101608.00 15170749.00 15242438.00 15316827.00 15390996.00 15455746.00 15536466.00 15604617.00 15683223.00 15754806.00 15829605.00 15902221.00 15972337.00 16045079.00 16121774.00 16192193.00 16268413.00 
16331379.00 16414251.00 16484342.00 16561892.00 16626821.00 16694944.00 16779622.00 16852048.00 16924076.00 17003766.00 17069844.00 17148248.00 17217124.00 17293042.00 17367078.00 17437802.00 17512364.00 17584476.00 17659222.00 17731856.00 
17763702.00 17882464.00 17953840.00 18027862.00 18098536.00 18170996.00 18243992.00 18319366.00 18389266.00 18465612.00 18512824.00 18614512.00 18684766.00 18759612.00 18831652.00 18904476.00 18971042.00 19050552.00 19124394.00 19200118.00 
19261614.00 19345462.00 19416534.00 19489956.00 19559638.00 19632638.00 19701054.00 19809130.00 19862206.00 19935192.00 20002008.00 20081968.00 20144772.00 20225212.00 20298756.00 20358850.00 20443970.00 20523890.00 20591354.00 20664856.00 
20716526.00 20811710.00 20883902.00 20958396.00 21029240.00 21100702.00 21181666.00 21252078.00 21316160.00 21399202.00 21465646.00 21550360.00 21616052.00 21690124.00 21763292.00 21835026.00 21905946.00 21982858.00 22054874.00 22127174.00 
22149082.00 22280874.00 22351232.00 22423138.00 22489170.00 22568322.00 22644870.00 22717854.00 22789362.00 22862240.00 22931222.00 23002156.00 23079940.00 23153656.00 23228112.00 23300470.00 23374804.00 23449708.00 23521842.00 23594020.00 
23625462.00 23745162.00 23816054.00 23888480.00 23961230.00 24022432.00 24109066.00 24180228.00 24251818.00 24328564.00 24397102.00 24472890.00 24546438.00 24616472.00 24696646.00 24766468.00 24833538.00 24915526.00 24987090.00 25062494.00 
25124120.00 25208088.00 25279260.00 25364332.00 25424710.00 25498900.00 25574524.00 25648446.00 25719200.00 25793840.00 25839940.00 25940444.00 26005200.00 26090876.00 26159836.00 26229918.00 26306470.00 26380124.00 26453632.00 26527594.00 
26577742.00 26674122.00 26746864.00 26818816.00 26892236.00 26964102.00 27038582.00 27112892.00 27177228.00 27257426.00 27327506.00 27404296.00 27476886.00 27551192.00 27623590.00 27684620.00 27767486.00 27844472.00 27917418.00 27993568.00 
28053472.00 28140174.00 28209762.00 28283728.00 28346810.00 28426376.00 28501294.00 28573718.00 28645728.00 28719798.00 28788370.00 28864848.00 28934300.00 29009758.00 29080584.00 29150762.00 29220672.00 29289258.00 29351770.00 29386288.00 
end   dump: w
==END   DUMP_ARRAYS==
Time in seconds = 0.047256
