Sender: LSF System <lsfadmin@polus-c4-ib.bmc.hpc.cs.msu.ru>
Subject: Job 493222: <./medium.o> in cluster <MSUCluster> Done

Job <./medium.o> was submitted from host <polus-ib.bmc.hpc.cs.msu.ru> by user <edu-cmc-skpod19-328-11> in cluster <MSUCluster> at Fri Nov 29 23:32:25 2019
Job was executed on host(s) <15*polus-c4-ib.bmc.hpc.cs.msu.ru>, in queue <short>, as user <edu-cmc-skpod19-328-11> in cluster <MSUCluster> at Fri Nov 29 23:35:38 2019
                            <6*polus-c1-ib.bmc.hpc.cs.msu.ru>
</home_edu/edu-cmc-skpod19-328/edu-cmc-skpod19-328-11> was used as the home directory.
</home_edu/edu-cmc-skpod19-328/edu-cmc-skpod19-328-11/dep_gemver> was used as the working directory.
Started at Fri Nov 29 23:35:38 2019
Terminated at Fri Nov 29 23:35:40 2019
Results reported at Fri Nov 29 23:35:40 2019

Your job looked like:

------------------------------------------------------------
# LSBATCH: User input
./medium.o
------------------------------------------------------------

Successfully completed.

Resource usage summary:

    CPU time :                                   3.65 sec.
    Max Memory :                                 1 MB
    Average Memory :                             1.00 MB
    Total Requested Memory :                     -
    Delta Memory :                               -
    Max Swap :                                   -
    Max Processes :                              1
    Max Threads :                                1
    Run time :                                   2 sec.
    Turnaround time :                            195 sec.

The output (if any) follows:

==BEGIN DUMP_ARRAYS==
begin dump: w
0.00 0.00 0.00 0.00 0.00 0.00 0.00 0.00 0.00 0.00 0.00 0.00 0.00 0.00 0.00 0.00 0.00 0.00 0.00 0.00 
0.00 0.00 0.00 0.00 0.00 0.00 0.00 0.00 0.00 0.00 0.00 0.00 0.00 0.00 0.00 0.00 0.00 0.00 0.00 0.00 
0.00 0.00 0.00 0.00 0.00 0.00 0.00 0.00 0.00 0.00 0.00 0.00 0.00 0.00 0.00 0.00 0.00 0.00 0.00 0.00 
0.00 0.00 0.00 0.00 0.00 0.00 0.00 0.00 0.00 0.00 0.00 0.00 0.00 0.00 0.00 0.00 0.00 0.00 0.00 0.00 
0.00 0.00 0.00 0.00 0.00 0.00 0.00 0.00 0.00 0.00 0.00 0.00 0.00 0.00 0.00 0.00 0.00 0.00 0.00 0.00 
0.00 0.00 0.00 0.00 0.00 0.00 0.00 0.00 0.00 0.00 0.00 0.00 0.00 0.00 0.00 0.00 0.00 0.00 0.00 0.00 
0.00 0.00 0.00 0.00 0.00 0.00 0.00 0.00 0.00 0.00 0.00 0.00 0.00 0.00 0.00 0.00 0.00 0.00 0.00 0.00 
0.00 0.00 0.00 0.00 0.00 0.00 0.00 0.00 0.00 0.00 0.00 0.00 0.00 0.00 0.00 0.00 0.00 0.00 0.00 0.00 
0.00 0.00 0.00 0.00 0.00 0.00 0.00 0.00 0.00 0.00 0.00 0.00 0.00 0.00 0.00 0.00 0.00 0.00 0.00 0.00 
0.00 0.00 0.00 0.00 0.00 0.00 0.00 0.00 0.00 0.00 0.00 0.00 0.00 0.00 0.00 0.00 0.00 0.00 0.00 0.00 
0.00 0.00 0.00 0.00 0.00 0.00 0.00 0.00 0.00 0.00 0.00 0.00 0.00 0.00 0.00 0.00 0.00 0.00 0.00 0.00 
0.00 0.00 0.00 0.00 0.00 0.00 0.00 0.00 0.00 0.00 0.00 0.00 0.00 0.00 0.00 0.00 0.00 0.00 0.00 0.00 
0.00 0.00 0.00 0.00 0.00 0.00 0.00 0.00 0.00 0.00 0.00 0.00 0.00 0.00 0.00 0.00 0.00 0.00 0.00 0.00 
0.00 0.00 0.00 0.00 0.00 0.00 0.00 0.00 0.00 0.00 0.00 0.00 0.00 0.00 0.00 0.00 0.00 0.00 0.00 0.00 
0.00 0.00 0.00 0.00 0.00 0.00 0.00 0.00 0.00 0.00 0.00 0.00 0.00 0.00 0.00 0.00 0.00 0.00 0.00 0.00 
0.00 0.00 0.00 0.00 0.00 0.00 0.00 0.00 0.00 0.00 0.00 0.00 0.00 0.00 0.00 0.00 0.00 0.00 0.00 0.00 
0.00 0.00 0.00 0.00 0.00 0.00 0.00 0.00 0.00 0.00 0.00 0.00 0.00 0.00 0.00 0.00 0.00 0.00 0.00 0.00 
0.00 0.00 0.00 0.00 0.00 0.00 0.00 0.00 0.00 0.00 0.00 0.00 0.00 0.00 0.00 0.00 0.00 0.00 0.00 0.00 
0.00 0.00 0.00 0.00 0.00 0.00 0.00 0.00 0.00 0.00 0.00 0.00 0.00 0.00 0.00 0.00 0.00 0.00 0.00 0.00 
0.00 0.00 0.00 0.00 0.00 0.00 0.00 0.00 0.00 0.00 0.00 0.00 0.00 0.00 0.00 0.00 0.00 0.00 0.00 0.00 
end   dump: w
==END   DUMP_ARRAYS==
==BEGIN DUMP_ARRAYS==
begin dump: w
58.65 350990.66 380776.03 441929.16 504265.28 571352.75 641066.12 709691.62 775883.31 849345.69 913417.50 987363.25 1056224.50 1128094.00 1197385.12 1265740.00 1330377.38 1407306.75 1477771.25 1545106.62 
1609045.62 1686532.75 1759008.00 1830710.38 1896428.88 1957648.75 2040595.50 2111818.50 2180301.00 2253093.25 2317582.75 2393855.75 2455611.75 2533371.00 2603860.25 2672611.00 2742540.50 2815399.75 2883549.00 2953928.25 
3005838.00 3095289.00 3165732.25 3237061.75 3305059.00 3377385.75 3448431.25 3515424.25 3581292.75 3659904.75 3704622.25 3801337.00 3869317.00 3940279.25 4011013.00 4080191.50 4148229.50 4213142.00 4294925.50 4364075.50 
4424493.50 4503621.50 4575486.00 4645562.50 4708250.50 4784023.00 4854596.50 4932397.50 4997534.00 5070635.00 5134265.50 5209459.00 5275447.50 5351457.50 5419267.00 5478023.00 5559316.00 5632322.00 5700323.50 5769744.50 
5802151.50 5915334.00 5983911.00 6053813.50 6123425.50 6193136.00 6266123.50 6338700.50 6402160.50 6484589.00 6543047.00 6618779.50 6685769.00 6757412.50 6826898.00 6896861.50 6961711.00 7040986.00 7109041.50 7177115.00 
7200212.50 7325683.50 7394187.50 7463828.00 7530664.00 7601438.00 7673878.00 7745599.00 7813518.50 7879756.50 7951256.00 8025167.00 8088498.50 8166539.00 8232803.00 8307707.00 8377422.50 8448893.00 8518913.00 8589718.00 
8639842.00 8731188.00 8800082.00 8866258.00 8940128.00 8999259.00 9081391.00 9153559.00 9215258.00 9291159.00 9358301.00 9432077.00 9499306.00 9552154.00 9656364.00 9719198.00 9786258.00 9859512.00 9929356.00 9998685.00 
10059877.00 10139129.00 10210160.00 10282427.00 10343235.00 10418500.00 10491564.00 10561992.00 10630575.00 10701142.00 10747858.00 10844611.00 10910901.00 10985459.00 11056757.00 11123303.00 11194515.00 11265598.00 11335213.00 11404807.00 
11436845.00 11550611.00 11619050.00 11691743.00 11758517.00 11828499.00 11899668.00 11971940.00 12037495.00 12110694.00 12176756.00 12249529.00 12323391.00 12395104.00 12464218.00 12521268.00 12596899.00 12674467.00 12747989.00 12816239.00 
12876454.00 12956526.00 13028726.00 13097321.00 13163838.00 13236671.00 13307437.00 13379001.00 13447296.00 13518952.00 13585145.00 13659990.00 13722305.00 13800072.00 13870263.00 13938145.00 14008065.00 14078019.00 14145748.00 14208219.00 
14191110.00 14382629.00 14444168.00 14512830.00 14579791.00 14648446.00 14719647.00 14790780.00 14853013.00 14930865.00 14996346.00 15071896.00 15140554.00 15211853.00 15282480.00 15349923.00 15419821.00 15493532.00 15561189.00 15634325.00 
15694660.00 15774605.00 15841924.00 15916382.00 15978416.00 16044182.00 16125700.00 16195740.00 16264465.00 16341320.00 16404733.00 16480160.00 16546164.00 16618918.00 16690248.00 16758096.00 16829340.00 16899114.00 16970866.00 17040240.00 
17072144.00 17186050.00 17254706.00 17325262.00 17393348.00 17463288.00 17533166.00 17605388.00 17672764.00 17746242.00 17791826.00 17889714.00 17957280.00 18028864.00 18098352.00 18168090.00 18232090.00 18308432.00 18379762.00 18451716.00 
18511228.00 18592162.00 18660554.00 18731350.00 18797400.00 18867394.00 18933552.00 19038698.00 19088546.00 19158768.00 19223190.00 19299696.00 19360074.00 19437298.00 19508526.00 19566190.00 19647726.00 19724590.00 19789838.00 19859662.00 
19910340.00 20001126.00 20071000.00 20141954.00 20210432.00 20278886.00 20357108.00 20424312.00 20486816.00 20565680.00 20630238.00 20711082.00 20774336.00 20845250.00 20916040.00 20985158.00 21052984.00 21127026.00 21195728.00 21265168.00 
21287320.00 21413742.00 21480882.00 21549866.00 21613608.00 21689726.00 21763014.00 21833442.00 21902084.00 21972084.00 22038444.00 22106256.00 22181498.00 22252156.00 22323796.00 22393460.00 22464428.00 22537040.00 22606006.00 22675516.00 
22706842.00 22821114.00 22889590.00 22958532.00 23028536.00 23087418.00 23170640.00 23239392.00 23308214.00 23381396.00 23447230.00 23520220.00 23590320.00 23658458.00 23735320.00 23802566.00 23867064.00 23945284.00 24014426.00 24087242.00 
24146618.00 24226784.00 24294994.00 24377710.00 24435420.00 24506406.00 24578900.00 24650578.00 24718538.00 24789524.00 24835070.00 24930938.00 24994020.00 25075418.00 25141482.00 25209212.00 25282788.00 25353782.00 25424186.00 25495558.00 
25544354.00 25636918.00 25706368.00 25775452.00 25845320.00 25913988.00 25986068.00 26057480.00 26119702.00 26196994.00 26263912.00 26337766.00 26407548.00 26479032.00 26549322.00 26607800.00 26687234.00 26760142.00 26830908.00 26904318.00 
26962060.00 27045750.00 27112142.00 27183540.00 27244944.00 27320856.00 27392524.00 27462752.00 27531632.00 27603480.00 27668072.00 27741510.00 27807774.00 27881174.00 27948848.00 28015252.00 28083590.00 28148918.00 28209146.00 28239860.00 
end   dump: w
==END   DUMP_ARRAYS==
Time in seconds = 0.039908
