Sender: LSF System <lsfadmin@polus-c2-ib.bmc.hpc.cs.msu.ru>
Subject: Job 493101: <./medium.o> in cluster <MSUCluster> Done

Job <./medium.o> was submitted from host <polus-ib.bmc.hpc.cs.msu.ru> by user <edu-cmc-skpod19-328-11> in cluster <MSUCluster> at Fri Nov 29 23:30:24 2019
Job was executed on host(s) <15*polus-c2-ib.bmc.hpc.cs.msu.ru>, in queue <short>, as user <edu-cmc-skpod19-328-11> in cluster <MSUCluster> at Fri Nov 29 23:33:33 2019
</home_edu/edu-cmc-skpod19-328/edu-cmc-skpod19-328-11> was used as the home directory.
</home_edu/edu-cmc-skpod19-328/edu-cmc-skpod19-328-11/dep_gemver> was used as the working directory.
Started at Fri Nov 29 23:33:33 2019
Terminated at Fri Nov 29 23:33:34 2019
Results reported at Fri Nov 29 23:33:34 2019

Your job looked like:

------------------------------------------------------------
# LSBATCH: User input
./medium.o
------------------------------------------------------------

Successfully completed.

Resource usage summary:

    CPU time :                                   5.09 sec.
    Max Memory :                                 1 MB
    Average Memory :                             1.00 MB
    Total Requested Memory :                     -
    Delta Memory :                               -
    Max Swap :                                   -
    Max Processes :                              1
    Max Threads :                                1
    Run time :                                   0 sec.
    Turnaround time :                            190 sec.

The output (if any) follows:

==BEGIN DUMP_ARRAYS==
begin dump: w
0.00 0.00 0.00 0.00 0.00 0.00 0.00 0.00 0.00 0.00 0.00 0.00 0.00 0.00 0.00 0.00 0.00 0.00 0.00 0.00 
0.00 0.00 0.00 0.00 0.00 0.00 0.00 0.00 0.00 0.00 0.00 0.00 0.00 0.00 0.00 0.00 0.00 0.00 0.00 0.00 
0.00 0.00 0.00 0.00 0.00 0.00 0.00 0.00 0.00 0.00 0.00 0.00 0.00 0.00 0.00 0.00 0.00 0.00 0.00 0.00 
0.00 0.00 0.00 0.00 0.00 0.00 0.00 0.00 0.00 0.00 0.00 0.00 0.00 0.00 0.00 0.00 0.00 0.00 0.00 0.00 
0.00 0.00 0.00 0.00 0.00 0.00 0.00 0.00 0.00 0.00 0.00 0.00 0.00 0.00 0.00 0.00 0.00 0.00 0.00 0.00 
0.00 0.00 0.00 0.00 0.00 0.00 0.00 0.00 0.00 0.00 0.00 0.00 0.00 0.00 0.00 0.00 0.00 0.00 0.00 0.00 
0.00 0.00 0.00 0.00 0.00 0.00 0.00 0.00 0.00 0.00 0.00 0.00 0.00 0.00 0.00 0.00 0.00 0.00 0.00 0.00 
0.00 0.00 0.00 0.00 0.00 0.00 0.00 0.00 0.00 0.00 0.00 0.00 0.00 0.00 0.00 0.00 0.00 0.00 0.00 0.00 
0.00 0.00 0.00 0.00 0.00 0.00 0.00 0.00 0.00 0.00 0.00 0.00 0.00 0.00 0.00 0.00 0.00 0.00 0.00 0.00 
0.00 0.00 0.00 0.00 0.00 0.00 0.00 0.00 0.00 0.00 0.00 0.00 0.00 0.00 0.00 0.00 0.00 0.00 0.00 0.00 
0.00 0.00 0.00 0.00 0.00 0.00 0.00 0.00 0.00 0.00 0.00 0.00 0.00 0.00 0.00 0.00 0.00 0.00 0.00 0.00 
0.00 0.00 0.00 0.00 0.00 0.00 0.00 0.00 0.00 0.00 0.00 0.00 0.00 0.00 0.00 0.00 0.00 0.00 0.00 0.00 
0.00 0.00 0.00 0.00 0.00 0.00 0.00 0.00 0.00 0.00 0.00 0.00 0.00 0.00 0.00 0.00 0.00 0.00 0.00 0.00 
0.00 0.00 0.00 0.00 0.00 0.00 0.00 0.00 0.00 0.00 0.00 0.00 0.00 0.00 0.00 0.00 0.00 0.00 0.00 0.00 
0.00 0.00 0.00 0.00 0.00 0.00 0.00 0.00 0.00 0.00 0.00 0.00 0.00 0.00 0.00 0.00 0.00 0.00 0.00 0.00 
0.00 0.00 0.00 0.00 0.00 0.00 0.00 0.00 0.00 0.00 0.00 0.00 0.00 0.00 0.00 0.00 0.00 0.00 0.00 0.00 
0.00 0.00 0.00 0.00 0.00 0.00 0.00 0.00 0.00 0.00 0.00 0.00 0.00 0.00 0.00 0.00 0.00 0.00 0.00 0.00 
0.00 0.00 0.00 0.00 0.00 0.00 0.00 0.00 0.00 0.00 0.00 0.00 0.00 0.00 0.00 0.00 0.00 0.00 0.00 0.00 
0.00 0.00 0.00 0.00 0.00 0.00 0.00 0.00 0.00 0.00 0.00 0.00 0.00 0.00 0.00 0.00 0.00 0.00 0.00 0.00 
0.00 0.00 0.00 0.00 0.00 0.00 0.00 0.00 0.00 0.00 0.00 0.00 0.00 0.00 0.00 0.00 0.00 0.00 0.00 0.00 
end   dump: w
==END   DUMP_ARRAYS==
==BEGIN DUMP_ARRAYS==
begin dump: w
57.56 344445.44 376022.62 437370.41 500368.47 566050.69 632096.56 699378.06 764895.81 837807.81 900458.94 973504.31 1040226.12 1110714.12 1179379.50 1245936.00 1309219.50 1384875.00 1455063.38 1521758.62 
1583294.88 1659090.38 1729854.50 1800670.75 1865678.75 1925135.25 2006145.25 2076919.50 2143857.00 2214617.25 2278365.50 2353196.00 2413423.50 2489877.50 2559199.00 2626269.75 2695579.25 2767050.25 2833976.00 2903183.25 
2953378.75 3042100.75 3110190.75 3180635.00 3246828.50 3318685.25 3388135.75 3454558.25 3519003.75 3596299.50 3640339.50 3734359.75 3801173.25 3871337.25 3940541.75 4008070.00 4075482.25 4139611.50 4218474.00 4286384.50 
4346383.00 4424263.50 4494062.00 4563367.50 4624743.50 4699007.50 4768130.00 4844429.50 4908420.50 4980241.00 5042683.00 5116495.00 5181526.00 5256040.50 5322402.50 5380265.00 5459922.50 5531830.50 5598550.00 5666344.00 
5697238.00 5809545.50 5877134.50 5945605.00 6013170.00 6082008.50 6153639.00 6225141.50 6286732.50 6367584.00 6425321.50 6499465.50 6565362.00 6635378.50 6704059.50 6772430.00 6835938.00 6914180.50 6980573.50 7047274.00 
7069613.00 7193717.00 7260578.50 7329264.00 7394566.50 7464329.00 7535349.50 7605292.50 7672550.00 7737780.00 7807749.00 7879897.50 7942537.50 8018754.50 8084298.50 8157531.50 8225535.50 8295812.00 8364496.00 8434170.00 
8483038.00 8572705.00 8640709.00 8705618.00 8777640.00 8836028.00 8917030.00 8987252.00 9047906.00 9122554.00 9188334.00 9261185.00 9325993.00 9379958.00 9480530.00 9543184.00 9608288.00 9680544.00 9749033.00 9816971.00 
9876704.00 9954957.00 10024602.00 10095274.00 10154864.00 10228941.00 10300375.00 10369860.00 10436959.00 10506846.00 10552240.00 10647254.00 10712044.00 10785144.00 10855078.00 10920844.00 10990397.00 11060324.00 11128874.00 11196499.00 
11227395.00 11340074.00 11407050.00 11478479.00 11543814.00 11612713.00 11682468.00 11753096.00 11817834.00 11889780.00 11954588.00 12026371.00 12098276.00 12169083.00 12236886.00 12292140.00 12366524.00 12443069.00 12515246.00 12582501.00 
12640947.00 12720021.00 12790121.00 12857948.00 12923100.00 12994774.00 13064037.00 13134609.00 13200953.00 13271968.00 13336689.00 13410137.00 13471463.00 13547294.00 13616632.00 13683091.00 13751688.00 13820755.00 13886011.00 13949039.00 
13929465.00 14118457.00 14180496.00 14246749.00 14312688.00 14380283.00 14449872.00 14520207.00 14580411.00 14657375.00 14721610.00 14795535.00 14863422.00 14932896.00 15002473.00 15068607.00 15137225.00 15209561.00 15276382.00 15347479.00 
15406800.00 15485007.00 15551258.00 15624433.00 15685352.00 15750256.00 15829617.00 15898427.00 15966096.00 16041135.00 16103710.00 16177722.00 16242490.00 16314414.00 16384030.00 16450662.00 16520568.00 16589028.00 16659459.00 16727434.00 
16757920.00 16871004.00 16937632.00 17007186.00 17073972.00 17142540.00 17211426.00 17282366.00 17348276.00 17420254.00 17464914.00 17560662.00 17627412.00 17697644.00 17766134.00 17834440.00 17897016.00 17972234.00 18041902.00 18112550.00 
18171038.00 18250532.00 18317472.00 18386952.00 18452044.00 18520194.00 18585976.00 18687546.00 18738380.00 18806318.00 18869964.00 18944952.00 19003974.00 19080248.00 19149478.00 19206368.00 19286738.00 19361882.00 19425802.00 19494796.00 
19543834.00 19633332.00 19702008.00 19771694.00 19838844.00 19905854.00 19982204.00 20048744.00 20109338.00 20187610.00 20250552.00 20329732.00 20391814.00 20462216.00 20531158.00 20599048.00 20665756.00 20738240.00 20805932.00 20873790.00 
20894932.00 21020238.00 21085932.00 21153330.00 21215930.00 21290952.00 21362456.00 21432120.00 21499016.00 21568040.00 21632974.00 21699928.00 21773598.00 21842366.00 21912864.00 21981372.00 22051208.00 22121902.00 22189374.00 22257962.00 
22288076.00 22401166.00 22467962.00 22535672.00 22604458.00 22662144.00 22744102.00 22811464.00 22878806.00 22951006.00 23015620.00 23087266.00 23155960.00 23223072.00 23298384.00 23364364.00 23427128.00 23504146.00 23572446.00 23643242.00 
23701352.00 23781120.00 23848026.00 23927886.00 23984844.00 24055310.00 24125960.00 24196172.00 24263194.00 24333150.00 24376822.00 24471196.00 24532872.00 24612950.00 24678378.00 24744698.00 24817550.00 24886874.00 24956316.00 25025412.00 
25073486.00 25164320.00 25232528.00 25300442.00 25368796.00 25437110.00 25507306.00 25577626.00 25638452.00 25714314.00 25779926.00 25852892.00 25920520.00 25990582.00 26060366.00 26117270.00 26194640.00 26266836.00 26336658.00 26408408.00 
26464446.00 26545756.00 26611444.00 26682632.00 26742654.00 26817434.00 26887130.00 26956794.00 27024152.00 27094008.00 27157830.00 27229688.00 27295430.00 27368122.00 27434400.00 27497330.00 27564008.00 27630140.00 27690482.00 27723062.00 
end   dump: w
==END   DUMP_ARRAYS==
Time in seconds = 0.068915
