Sender: LSF System <lsfadmin@polus-c4-ib.bmc.hpc.cs.msu.ru>
Subject: Job 492853: <./medium.o> in cluster <MSUCluster> Done

Job <./medium.o> was submitted from host <polus-ib.bmc.hpc.cs.msu.ru> by user <edu-cmc-skpod19-328-11> in cluster <MSUCluster> at Fri Nov 29 23:27:21 2019
Job was executed on host(s) <3*polus-c4-ib.bmc.hpc.cs.msu.ru>, in queue <short>, as user <edu-cmc-skpod19-328-11> in cluster <MSUCluster> at Fri Nov 29 23:27:23 2019
</home_edu/edu-cmc-skpod19-328/edu-cmc-skpod19-328-11> was used as the home directory.
</home_edu/edu-cmc-skpod19-328/edu-cmc-skpod19-328-11/dep_gemver> was used as the working directory.
Started at Fri Nov 29 23:27:23 2019
Terminated at Fri Nov 29 23:27:25 2019
Results reported at Fri Nov 29 23:27:25 2019

Your job looked like:

------------------------------------------------------------
# LSBATCH: User input
./medium.o
------------------------------------------------------------

Successfully completed.

Resource usage summary:

    CPU time :                                   5.80 sec.
    Max Memory :                                 26 MB
    Average Memory :                             17.67 MB
    Total Requested Memory :                     -
    Delta Memory :                               -
    Max Swap :                                   -
    Max Processes :                              3
    Max Threads :                                163
    Run time :                                   2 sec.
    Turnaround time :                            4 sec.

The output (if any) follows:

==BEGIN DUMP_ARRAYS==
begin dump: w
0.00 0.00 0.00 0.00 0.00 0.00 0.00 0.00 0.00 0.00 0.00 0.00 0.00 0.00 0.00 0.00 0.00 0.00 0.00 0.00 
0.00 0.00 0.00 0.00 0.00 0.00 0.00 0.00 0.00 0.00 0.00 0.00 0.00 0.00 0.00 0.00 0.00 0.00 0.00 0.00 
0.00 0.00 0.00 0.00 0.00 0.00 0.00 0.00 0.00 0.00 0.00 0.00 0.00 0.00 0.00 0.00 0.00 0.00 0.00 0.00 
0.00 0.00 0.00 0.00 0.00 0.00 0.00 0.00 0.00 0.00 0.00 0.00 0.00 0.00 0.00 0.00 0.00 0.00 0.00 0.00 
0.00 0.00 0.00 0.00 0.00 0.00 0.00 0.00 0.00 0.00 0.00 0.00 0.00 0.00 0.00 0.00 0.00 0.00 0.00 0.00 
0.00 0.00 0.00 0.00 0.00 0.00 0.00 0.00 0.00 0.00 0.00 0.00 0.00 0.00 0.00 0.00 0.00 0.00 0.00 0.00 
0.00 0.00 0.00 0.00 0.00 0.00 0.00 0.00 0.00 0.00 0.00 0.00 0.00 0.00 0.00 0.00 0.00 0.00 0.00 0.00 
0.00 0.00 0.00 0.00 0.00 0.00 0.00 0.00 0.00 0.00 0.00 0.00 0.00 0.00 0.00 0.00 0.00 0.00 0.00 0.00 
0.00 0.00 0.00 0.00 0.00 0.00 0.00 0.00 0.00 0.00 0.00 0.00 0.00 0.00 0.00 0.00 0.00 0.00 0.00 0.00 
0.00 0.00 0.00 0.00 0.00 0.00 0.00 0.00 0.00 0.00 0.00 0.00 0.00 0.00 0.00 0.00 0.00 0.00 0.00 0.00 
0.00 0.00 0.00 0.00 0.00 0.00 0.00 0.00 0.00 0.00 0.00 0.00 0.00 0.00 0.00 0.00 0.00 0.00 0.00 0.00 
0.00 0.00 0.00 0.00 0.00 0.00 0.00 0.00 0.00 0.00 0.00 0.00 0.00 0.00 0.00 0.00 0.00 0.00 0.00 0.00 
0.00 0.00 0.00 0.00 0.00 0.00 0.00 0.00 0.00 0.00 0.00 0.00 0.00 0.00 0.00 0.00 0.00 0.00 0.00 0.00 
0.00 0.00 0.00 0.00 0.00 0.00 0.00 0.00 0.00 0.00 0.00 0.00 0.00 0.00 0.00 0.00 0.00 0.00 0.00 0.00 
0.00 0.00 0.00 0.00 0.00 0.00 0.00 0.00 0.00 0.00 0.00 0.00 0.00 0.00 0.00 0.00 0.00 0.00 0.00 0.00 
0.00 0.00 0.00 0.00 0.00 0.00 0.00 0.00 0.00 0.00 0.00 0.00 0.00 0.00 0.00 0.00 0.00 0.00 0.00 0.00 
0.00 0.00 0.00 0.00 0.00 0.00 0.00 0.00 0.00 0.00 0.00 0.00 0.00 0.00 0.00 0.00 0.00 0.00 0.00 0.00 
0.00 0.00 0.00 0.00 0.00 0.00 0.00 0.00 0.00 0.00 0.00 0.00 0.00 0.00 0.00 0.00 0.00 0.00 0.00 0.00 
0.00 0.00 0.00 0.00 0.00 0.00 0.00 0.00 0.00 0.00 0.00 0.00 0.00 0.00 0.00 0.00 0.00 0.00 0.00 0.00 
0.00 0.00 0.00 0.00 0.00 0.00 0.00 0.00 0.00 0.00 0.00 0.00 0.00 0.00 0.00 0.00 0.00 0.00 0.00 0.00 
end   dump: w
==END   DUMP_ARRAYS==
==BEGIN DUMP_ARRAYS==
begin dump: w
63.78 381650.53 419273.97 486881.16 553683.88 625160.56 702020.06 775705.81 848192.44 928846.44 998606.88 1078889.12 1153371.50 1232251.50 1307246.00 1381640.88 1451792.25 1535725.38 1612366.50 1686030.75 
1755026.00 1839249.62 1917454.00 1995725.50 2067711.88 2133793.75 2224476.00 2301864.75 2376168.25 2455071.25 2525218.25 2608728.25 2674707.00 2759277.50 2836012.75 2911242.25 2986815.75 3066285.00 3140435.75 3218149.00 
3273865.25 3371362.00 3447333.25 3525211.00 3598834.75 3677471.75 3754961.00 3828028.25 3899862.50 3985517.50 4033730.50 4138587.75 4212785.00 4290702.50 4366868.00 4442076.00 4516956.00 4588247.50 4675146.00 4750836.50 
4816759.00 4903204.00 4980638.50 5056468.00 5124870.00 5207408.00 5283684.00 5369399.50 5439097.00 5519106.00 5588192.00 5670531.00 5741701.50 5825101.50 5898186.00 5962090.00 6050371.50 6130176.00 6204313.00 6279859.00 
6313815.00 6437785.50 6512371.50 6588761.50 6663774.00 6739779.50 6818717.00 6898267.00 6967347.00 7056652.50 7119818.50 7202805.50 7275489.50 7353806.00 7428909.00 7504894.50 7575680.50 7662072.50 7735591.50 7810163.50 
7833906.50 7971445.00 8045909.50 8121889.00 8193829.50 8271906.00 8350607.00 8427971.00 8501891.00 8574482.00 8652583.00 8731847.00 8801381.00 8885949.00 8958182.00 9039153.00 9115023.00 9192878.00 9269243.00 9346184.00 
9400118.00 9499914.00 9575247.00 9647187.00 9726942.00 9791696.00 9881080.00 9959226.00 10026248.00 10109092.00 10182006.00 10262796.00 10334590.00 10394312.00 10506130.00 10573644.00 10646760.00 10727009.00 10803091.00 10878530.00 
10944361.00 11030965.00 11108994.00 11186959.00 11252274.00 11334600.00 11414329.00 11490739.00 11565343.00 11642625.00 11692709.00 11798266.00 11869982.00 11951193.00 12028878.00 12101309.00 12178280.00 12256291.00 12331783.00 12407768.00 
12441021.00 12565249.00 12640066.00 12719537.00 12791668.00 12867654.00 12945404.00 13024238.00 13095230.00 13175247.00 13246985.00 13326197.00 13406044.00 13484426.00 13559504.00 13621450.00 13703446.00 13788367.00 13868480.00 13942479.00 
14007004.00 14095412.00 14173660.00 14248018.00 14320052.00 14399166.00 14476352.00 14553820.00 14627967.00 14706985.00 14778310.00 14859709.00 14927684.00 15012039.00 15088895.00 15162093.00 15238436.00 15314308.00 15387986.00 15456347.00 
15434963.00 15645172.00 15712276.00 15787204.00 15859532.00 15934575.00 16011375.00 16089473.00 16156358.00 16241810.00 16312736.00 16394530.00 16470004.00 16547690.00 16623910.00 16697497.00 16773105.00 16853490.00 16926600.00 17006110.00 
17072402.00 17159036.00 17231782.00 17313146.00 17380594.00 17452062.00 17540760.00 17617094.00 17691924.00 17775326.00 17844064.00 17926262.00 17997924.00 18077282.00 18154862.00 18229014.00 18306314.00 18381982.00 18460200.00 18536268.00 
18569064.00 18693742.00 18768478.00 18845218.00 18919702.00 18995350.00 19071382.00 19150324.00 19223172.00 19303250.00 19352262.00 19458886.00 19532632.00 19610768.00 19685928.00 19762068.00 19831768.00 19914562.00 19991272.00 20070552.00 
20135030.00 20222982.00 20297172.00 20374510.00 20446394.00 20523030.00 20594124.00 20707200.00 20763382.00 20838724.00 20909046.00 20992428.00 21057800.00 21142286.00 21219182.00 21281820.00 21371036.00 21454338.00 21525010.00 21601608.00 
21655996.00 21755340.00 21831024.00 21908636.00 21982956.00 22057522.00 22142088.00 22215574.00 22282674.00 22369666.00 22438462.00 22527040.00 22596082.00 22673540.00 22749664.00 22824762.00 22899324.00 22979630.00 23054362.00 23130072.00 
23152638.00 23291350.00 23364678.00 23439444.00 23508352.00 23591778.00 23671346.00 23747708.00 23822480.00 23898716.00 23971230.00 24044860.00 24125814.00 24203256.00 24281550.00 24356878.00 24434192.00 24512756.00 24587894.00 24663726.00 
24696280.00 24821664.00 24895942.00 24971340.00 25047606.00 25111434.00 25202080.00 25276410.00 25351454.00 25430986.00 25502862.00 25582408.00 25658868.00 25732122.00 25816578.00 25889252.00 25959174.00 26045048.00 26119620.00 26198314.00 
26262640.00 26350676.00 26425120.00 26513270.00 26576200.00 26654586.00 26733388.00 26810812.00 26885194.00 26962934.00 27011238.00 27115998.00 27184174.00 27273486.00 27345296.00 27419196.00 27499136.00 27576302.00 27652934.00 27730142.00 
27782246.00 27883362.00 27959828.00 28035230.00 28111162.00 28185430.00 28264248.00 28342236.00 28409328.00 28492780.00 28565830.00 28646454.00 28721800.00 28799652.00 28875794.00 28939726.00 29025448.00 29105792.00 29182802.00 29262270.00 
29324370.00 29415484.00 29487892.00 29565784.00 29632246.00 29715028.00 29793010.00 29869276.00 29944606.00 30022632.00 30092442.00 30172668.00 30244960.00 30325810.00 30398248.00 30471502.00 30544292.00 30614632.00 30680996.00 30719866.00 
end   dump: w
==END   DUMP_ARRAYS==
Time in seconds = 0.133765
