Sender: LSF System <lsfadmin@polus-c4-ib.bmc.hpc.cs.msu.ru>
Subject: Job 492866: <./medium.o> in cluster <MSUCluster> Done

Job <./medium.o> was submitted from host <polus-ib.bmc.hpc.cs.msu.ru> by user <edu-cmc-skpod19-328-11> in cluster <MSUCluster> at Fri Nov 29 23:27:22 2019
Job was executed on host(s) <4*polus-c4-ib.bmc.hpc.cs.msu.ru>, in queue <short>, as user <edu-cmc-skpod19-328-11> in cluster <MSUCluster> at Fri Nov 29 23:27:45 2019
</home_edu/edu-cmc-skpod19-328/edu-cmc-skpod19-328-11> was used as the home directory.
</home_edu/edu-cmc-skpod19-328/edu-cmc-skpod19-328-11/dep_gemver> was used as the working directory.
Started at Fri Nov 29 23:27:45 2019
Terminated at Fri Nov 29 23:27:46 2019
Results reported at Fri Nov 29 23:27:46 2019

Your job looked like:

------------------------------------------------------------
# LSBATCH: User input
./medium.o
------------------------------------------------------------

Successfully completed.

Resource usage summary:

    CPU time :                                   5.21 sec.
    Max Memory :                                 26 MB
    Average Memory :                             18.67 MB
    Total Requested Memory :                     -
    Delta Memory :                               -
    Max Swap :                                   -
    Max Processes :                              3
    Max Threads :                                163
    Run time :                                   1 sec.
    Turnaround time :                            24 sec.

The output (if any) follows:

==BEGIN DUMP_ARRAYS==
begin dump: w
0.00 0.00 0.00 0.00 0.00 0.00 0.00 0.00 0.00 0.00 0.00 0.00 0.00 0.00 0.00 0.00 0.00 0.00 0.00 0.00 
0.00 0.00 0.00 0.00 0.00 0.00 0.00 0.00 0.00 0.00 0.00 0.00 0.00 0.00 0.00 0.00 0.00 0.00 0.00 0.00 
0.00 0.00 0.00 0.00 0.00 0.00 0.00 0.00 0.00 0.00 0.00 0.00 0.00 0.00 0.00 0.00 0.00 0.00 0.00 0.00 
0.00 0.00 0.00 0.00 0.00 0.00 0.00 0.00 0.00 0.00 0.00 0.00 0.00 0.00 0.00 0.00 0.00 0.00 0.00 0.00 
0.00 0.00 0.00 0.00 0.00 0.00 0.00 0.00 0.00 0.00 0.00 0.00 0.00 0.00 0.00 0.00 0.00 0.00 0.00 0.00 
0.00 0.00 0.00 0.00 0.00 0.00 0.00 0.00 0.00 0.00 0.00 0.00 0.00 0.00 0.00 0.00 0.00 0.00 0.00 0.00 
0.00 0.00 0.00 0.00 0.00 0.00 0.00 0.00 0.00 0.00 0.00 0.00 0.00 0.00 0.00 0.00 0.00 0.00 0.00 0.00 
0.00 0.00 0.00 0.00 0.00 0.00 0.00 0.00 0.00 0.00 0.00 0.00 0.00 0.00 0.00 0.00 0.00 0.00 0.00 0.00 
0.00 0.00 0.00 0.00 0.00 0.00 0.00 0.00 0.00 0.00 0.00 0.00 0.00 0.00 0.00 0.00 0.00 0.00 0.00 0.00 
0.00 0.00 0.00 0.00 0.00 0.00 0.00 0.00 0.00 0.00 0.00 0.00 0.00 0.00 0.00 0.00 0.00 0.00 0.00 0.00 
0.00 0.00 0.00 0.00 0.00 0.00 0.00 0.00 0.00 0.00 0.00 0.00 0.00 0.00 0.00 0.00 0.00 0.00 0.00 0.00 
0.00 0.00 0.00 0.00 0.00 0.00 0.00 0.00 0.00 0.00 0.00 0.00 0.00 0.00 0.00 0.00 0.00 0.00 0.00 0.00 
0.00 0.00 0.00 0.00 0.00 0.00 0.00 0.00 0.00 0.00 0.00 0.00 0.00 0.00 0.00 0.00 0.00 0.00 0.00 0.00 
0.00 0.00 0.00 0.00 0.00 0.00 0.00 0.00 0.00 0.00 0.00 0.00 0.00 0.00 0.00 0.00 0.00 0.00 0.00 0.00 
0.00 0.00 0.00 0.00 0.00 0.00 0.00 0.00 0.00 0.00 0.00 0.00 0.00 0.00 0.00 0.00 0.00 0.00 0.00 0.00 
0.00 0.00 0.00 0.00 0.00 0.00 0.00 0.00 0.00 0.00 0.00 0.00 0.00 0.00 0.00 0.00 0.00 0.00 0.00 0.00 
0.00 0.00 0.00 0.00 0.00 0.00 0.00 0.00 0.00 0.00 0.00 0.00 0.00 0.00 0.00 0.00 0.00 0.00 0.00 0.00 
0.00 0.00 0.00 0.00 0.00 0.00 0.00 0.00 0.00 0.00 0.00 0.00 0.00 0.00 0.00 0.00 0.00 0.00 0.00 0.00 
0.00 0.00 0.00 0.00 0.00 0.00 0.00 0.00 0.00 0.00 0.00 0.00 0.00 0.00 0.00 0.00 0.00 0.00 0.00 0.00 
0.00 0.00 0.00 0.00 0.00 0.00 0.00 0.00 0.00 0.00 0.00 0.00 0.00 0.00 0.00 0.00 0.00 0.00 0.00 0.00 
end   dump: w
==END   DUMP_ARRAYS==
==BEGIN DUMP_ARRAYS==
begin dump: w
64.71 387230.34 431734.16 491687.88 562128.56 634136.69 711196.69 787208.75 861068.44 941128.56 1012082.75 1094618.38 1169785.62 1250828.62 1325465.25 1402562.12 1473457.38 1557935.00 1635323.25 1710945.75 
1779633.00 1865201.38 1944853.62 2023761.12 2098107.25 2164256.25 2256601.75 2334891.25 2409909.25 2490851.00 2561919.00 2645837.25 2713899.25 2799075.75 2877219.75 2953124.75 3030046.50 3110707.25 3186232.00 3264511.00 
3320757.00 3420550.25 3496904.50 3576187.00 3650705.00 3731094.75 3809023.00 3883662.25 3956992.50 4042549.50 4091793.00 4198607.00 4273984.50 4352977.00 4429984.50 4506471.00 4582061.00 4654156.00 4742601.00 4819360.00 
4886236.00 4974200.50 5052596.00 5130174.00 5199248.00 5282972.50 5360138.00 5448138.50 5518412.50 5599094.50 5669247.50 5752594.50 5825273.50 5909107.50 5983140.50 6048330.00 6138497.00 6218588.00 6294297.00 6371062.00 
6405418.00 6531014.00 6606463.00 6684118.00 6760071.50 6837547.50 6917755.50 6998239.00 7068275.00 7158968.00 7223414.50 7307567.00 7381321.00 7460254.50 7536094.00 7614173.00 7685325.00 7773507.50 7847932.00 7923158.50 
7947864.00 8087433.00 8163028.00 8239576.00 8313586.50 8392002.00 8471698.00 8550210.00 8625325.00 8698750.00 8777626.00 8858280.00 8929617.00 9014611.00 9087518.00 9170482.00 9247492.00 9326735.00 9403878.00 9481670.00 
9536798.00 9637580.00 9714163.00 9787309.00 9868436.00 9933801.00 10024960.00 10103572.00 10171767.00 10255525.00 10329934.00 10411173.00 10484817.00 10545341.00 10661112.00 10727892.00 10802061.00 10883497.00 10960180.00 11036854.00 
11103442.00 11191364.00 11270527.00 11350340.00 11416738.00 11500122.00 11580395.00 11658190.00 11733608.00 11812086.00 11862694.00 11970325.00 12042924.00 12125211.00 12204183.00 12277730.00 12355880.00 12434444.00 12511590.00 12588547.00 
12622542.00 12748196.00 12823930.00 12904891.00 12977803.00 13054948.00 13133543.00 13213689.00 13286029.00 13367085.00 13439654.00 13520233.00 13601281.00 13680460.00 13757098.00 13819773.00 13902591.00 13988524.00 14071012.00 14145778.00 
14211090.00 14300521.00 14380578.00 14455637.00 14528943.00 14608763.00 14687157.00 14765755.00 14840754.00 14920826.00 14993328.00 15076238.00 15144544.00 15230479.00 15308520.00 15383002.00 15459958.00 15537469.00 15611409.00 15677523.00 
15660063.00 15876829.00 15941756.00 16016882.00 16090988.00 16166600.00 16244657.00 16323873.00 16392607.00 16478108.00 16550486.00 16633526.00 16710197.00 16788600.00 16866006.00 16940838.00 17017428.00 17098712.00 17172592.00 17253830.00 
17320994.00 17408574.00 17482158.00 17565832.00 17634560.00 17706132.00 17796076.00 17873898.00 17949666.00 18034120.00 18104166.00 18187270.00 18260336.00 18340670.00 18419634.00 18494652.00 18573140.00 18649468.00 18729232.00 18806156.00 
18839960.00 18965808.00 19041580.00 19119910.00 19195068.00 19271872.00 19348994.00 19429138.00 19503450.00 19584026.00 19634266.00 19742262.00 19817338.00 19896160.00 19972770.00 20049478.00 20120406.00 20204014.00 20282652.00 20362990.00 
20428648.00 20517504.00 20592992.00 20670858.00 20744302.00 20821718.00 20892070.00 21009024.00 21066134.00 21143178.00 21213882.00 21298828.00 21365382.00 21450782.00 21528212.00 21592090.00 21682516.00 21767034.00 21839010.00 21916774.00 
21971704.00 22072680.00 22149296.00 22227614.00 22303460.00 22379120.00 22465654.00 22539744.00 22607538.00 22696060.00 22766204.00 22855612.00 22925620.00 23004148.00 23081472.00 23157598.00 23232786.00 23314772.00 23390146.00 23466918.00 
23490628.00 23631196.00 23705240.00 23780848.00 23851824.00 23935426.00 24017080.00 24094098.00 24169626.00 24246794.00 24320398.00 24395384.00 24478102.00 24556102.00 24635422.00 24712054.00 24790870.00 24870236.00 24946714.00 25023326.00 
25057086.00 25183294.00 25258886.00 25335762.00 25412452.00 25477568.00 25570022.00 25645246.00 25721100.00 25801756.00 25874582.00 25955260.00 26032532.00 26106210.00 26193034.00 26266626.00 26337900.00 26424182.00 26500582.00 26580152.00 
26645852.00 26734992.00 26810578.00 26900194.00 26964306.00 27043124.00 27123180.00 27201382.00 27276964.00 27355740.00 27405170.00 27511808.00 27580156.00 27670680.00 27744152.00 27818514.00 27900234.00 27978166.00 28056272.00 28133798.00 
28187742.00 28289842.00 28366938.00 28443632.00 28520896.00 28596474.00 28675942.00 28755282.00 28823252.00 28908520.00 28981896.00 29063498.00 29141036.00 29219458.00 29296576.00 29361636.00 29448262.00 29530596.00 29608326.00 29689154.00 
29752458.00 29843402.00 29917848.00 29996404.00 30063698.00 30147036.00 30227704.00 30303516.00 30381168.00 30459728.00 30531744.00 30613230.00 30685304.00 30767140.00 30841974.00 30915470.00 30988826.00 31062666.00 31121440.00 31167120.00 
end   dump: w
==END   DUMP_ARRAYS==
Time in seconds = 0.112528
