Sender: LSF System <lsfadmin@polus-c4-ib.bmc.hpc.cs.msu.ru>
Subject: Job 492883: <./medium.o> in cluster <MSUCluster> Done

Job <./medium.o> was submitted from host <polus-ib.bmc.hpc.cs.msu.ru> by user <edu-cmc-skpod19-328-11> in cluster <MSUCluster> at Fri Nov 29 23:27:22 2019
Job was executed on host(s) <5*polus-c4-ib.bmc.hpc.cs.msu.ru>, in queue <short>, as user <edu-cmc-skpod19-328-11> in cluster <MSUCluster> at Fri Nov 29 23:28:00 2019
</home_edu/edu-cmc-skpod19-328/edu-cmc-skpod19-328-11> was used as the home directory.
</home_edu/edu-cmc-skpod19-328/edu-cmc-skpod19-328-11/dep_gemver> was used as the working directory.
Started at Fri Nov 29 23:28:00 2019
Terminated at Fri Nov 29 23:28:03 2019
Results reported at Fri Nov 29 23:28:03 2019

Your job looked like:

------------------------------------------------------------
# LSBATCH: User input
./medium.o
------------------------------------------------------------

Successfully completed.

Resource usage summary:

    CPU time :                                   3.80 sec.
    Max Memory :                                 1 MB
    Average Memory :                             1.00 MB
    Total Requested Memory :                     -
    Delta Memory :                               -
    Max Swap :                                   -
    Max Processes :                              1
    Max Threads :                                1
    Run time :                                   2 sec.
    Turnaround time :                            41 sec.

The output (if any) follows:

==BEGIN DUMP_ARRAYS==
begin dump: w
0.00 0.00 0.00 0.00 0.00 0.00 0.00 0.00 0.00 0.00 0.00 0.00 0.00 0.00 0.00 0.00 0.00 0.00 0.00 0.00 
0.00 0.00 0.00 0.00 0.00 0.00 0.00 0.00 0.00 0.00 0.00 0.00 0.00 0.00 0.00 0.00 0.00 0.00 0.00 0.00 
0.00 0.00 0.00 0.00 0.00 0.00 0.00 0.00 0.00 0.00 0.00 0.00 0.00 0.00 0.00 0.00 0.00 0.00 0.00 0.00 
0.00 0.00 0.00 0.00 0.00 0.00 0.00 0.00 0.00 0.00 0.00 0.00 0.00 0.00 0.00 0.00 0.00 0.00 0.00 0.00 
0.00 0.00 0.00 0.00 0.00 0.00 0.00 0.00 0.00 0.00 0.00 0.00 0.00 0.00 0.00 0.00 0.00 0.00 0.00 0.00 
0.00 0.00 0.00 0.00 0.00 0.00 0.00 0.00 0.00 0.00 0.00 0.00 0.00 0.00 0.00 0.00 0.00 0.00 0.00 0.00 
0.00 0.00 0.00 0.00 0.00 0.00 0.00 0.00 0.00 0.00 0.00 0.00 0.00 0.00 0.00 0.00 0.00 0.00 0.00 0.00 
0.00 0.00 0.00 0.00 0.00 0.00 0.00 0.00 0.00 0.00 0.00 0.00 0.00 0.00 0.00 0.00 0.00 0.00 0.00 0.00 
0.00 0.00 0.00 0.00 0.00 0.00 0.00 0.00 0.00 0.00 0.00 0.00 0.00 0.00 0.00 0.00 0.00 0.00 0.00 0.00 
0.00 0.00 0.00 0.00 0.00 0.00 0.00 0.00 0.00 0.00 0.00 0.00 0.00 0.00 0.00 0.00 0.00 0.00 0.00 0.00 
0.00 0.00 0.00 0.00 0.00 0.00 0.00 0.00 0.00 0.00 0.00 0.00 0.00 0.00 0.00 0.00 0.00 0.00 0.00 0.00 
0.00 0.00 0.00 0.00 0.00 0.00 0.00 0.00 0.00 0.00 0.00 0.00 0.00 0.00 0.00 0.00 0.00 0.00 0.00 0.00 
0.00 0.00 0.00 0.00 0.00 0.00 0.00 0.00 0.00 0.00 0.00 0.00 0.00 0.00 0.00 0.00 0.00 0.00 0.00 0.00 
0.00 0.00 0.00 0.00 0.00 0.00 0.00 0.00 0.00 0.00 0.00 0.00 0.00 0.00 0.00 0.00 0.00 0.00 0.00 0.00 
0.00 0.00 0.00 0.00 0.00 0.00 0.00 0.00 0.00 0.00 0.00 0.00 0.00 0.00 0.00 0.00 0.00 0.00 0.00 0.00 
0.00 0.00 0.00 0.00 0.00 0.00 0.00 0.00 0.00 0.00 0.00 0.00 0.00 0.00 0.00 0.00 0.00 0.00 0.00 0.00 
0.00 0.00 0.00 0.00 0.00 0.00 0.00 0.00 0.00 0.00 0.00 0.00 0.00 0.00 0.00 0.00 0.00 0.00 0.00 0.00 
0.00 0.00 0.00 0.00 0.00 0.00 0.00 0.00 0.00 0.00 0.00 0.00 0.00 0.00 0.00 0.00 0.00 0.00 0.00 0.00 
0.00 0.00 0.00 0.00 0.00 0.00 0.00 0.00 0.00 0.00 0.00 0.00 0.00 0.00 0.00 0.00 0.00 0.00 0.00 0.00 
0.00 0.00 0.00 0.00 0.00 0.00 0.00 0.00 0.00 0.00 0.00 0.00 0.00 0.00 0.00 0.00 0.00 0.00 0.00 0.00 
end   dump: w
==END   DUMP_ARRAYS==
==BEGIN DUMP_ARRAYS==
begin dump: w
64.93 388573.59 425720.06 490609.16 562448.94 635815.69 711700.94 787727.38 860329.81 942682.88 1014223.25 1095691.75 1171242.00 1251358.25 1328916.00 1404630.12 1475619.88 1560576.25 1638240.50 1713950.00 
1784021.50 1869681.88 1949740.88 2028808.75 2102067.00 2169836.50 2261817.25 2340746.50 2415772.25 2496565.25 2568220.75 2652706.50 2720549.25 2806151.75 2884853.25 2961036.00 3038031.50 3119464.75 3194795.75 3273212.00 
3330284.00 3430096.75 3507089.50 3586617.50 3661659.75 3741625.75 3819990.75 3894502.25 3967888.25 4054984.75 4104195.50 4210738.00 4286048.50 4365368.50 4443124.50 4519547.00 4595343.00 4667610.00 4756830.50 4833788.50 
4900854.50 4988619.50 5067955.50 5145034.50 5214655.50 5298486.00 5376164.50 5463878.00 5535507.00 5616302.50 5686868.00 5770050.50 5843191.00 5927754.00 6002273.00 6067843.00 6157181.00 6237841.00 6313790.00 6390207.00 
6425761.50 6551934.50 6627218.50 6704965.50 6781451.00 6859226.50 6940070.50 7020450.50 7090590.50 7181381.00 7246235.50 7330048.50 7403949.00 7483772.50 7560641.50 7638003.50 7709810.00 7798097.00 7872911.00 7947898.00 
7973601.50 8113114.00 8188291.50 8266214.50 8339248.00 8418743.00 8498528.00 8577825.00 8652858.00 8726294.00 8806072.00 8887505.00 8958034.00 9043703.00 9117184.00 9200140.00 9277030.00 9356601.00 9434225.00 9512237.00 
9567241.00 9668710.00 9745490.00 9818924.00 9900441.00 9966123.00 10056888.00 10136528.00 10204580.00 10289053.00 10362966.00 10445334.00 10518118.00 10578409.00 10694346.00 10763271.00 10836806.00 10918527.00 10995868.00 11072520.00 
11139972.00 11227567.00 11306923.00 11386803.00 11453592.00 11536784.00 11617995.00 11696210.00 11772208.00 11850568.00 11901655.00 12008893.00 12081992.00 12164325.00 12243728.00 12317837.00 12396211.00 12474697.00 12552255.00 12629311.00 
12664059.00 12790457.00 12866406.00 12946892.00 13020135.00 13097597.00 13176406.00 13256949.00 13329630.00 13410851.00 13483814.00 13564835.00 13646229.00 13725573.00 13802168.00 13865153.00 13948335.00 14034933.00 14116171.00 14191679.00 
14257799.00 14347288.00 14427104.00 14502968.00 14576520.00 14657175.00 14735516.00 14814657.00 14890133.00 14969623.00 15042837.00 15126424.00 15194888.00 15280565.00 15358973.00 15433505.00 15511556.00 15588894.00 15662795.00 15732260.00 
15712975.00 15926392.00 15994663.00 16069759.00 16143507.00 16220454.00 16298480.00 16378085.00 16446356.00 16532222.00 16605309.00 16689031.00 16764928.00 16843994.00 16921938.00 16996784.00 17073882.00 17155688.00 17230346.00 17311360.00 
17378640.00 17466972.00 17541288.00 17623716.00 17692906.00 17765386.00 17855280.00 17933078.00 18008848.00 18093818.00 18164328.00 18247796.00 18320768.00 18401704.00 18481044.00 18556364.00 18634928.00 18711764.00 18791050.00 18868202.00 
18902824.00 19029344.00 19105202.00 19183954.00 19258854.00 19336124.00 19413728.00 19494328.00 19568410.00 19649764.00 19700136.00 19808086.00 19882862.00 19962446.00 20039462.00 20117172.00 20187654.00 20271854.00 20350530.00 20431080.00 
20496464.00 20586128.00 20661592.00 20740126.00 20813606.00 20890690.00 20963112.00 21080242.00 21136952.00 21213322.00 21285178.00 21369592.00 21436660.00 21522126.00 21600568.00 21664418.00 21754628.00 21839734.00 21911962.00 21989938.00 
22045546.00 22146418.00 22223238.00 22302054.00 22378034.00 22453816.00 22540272.00 22614946.00 22683206.00 22771152.00 22842070.00 22932356.00 23002216.00 23080826.00 23158918.00 23235204.00 23311158.00 23392438.00 23469166.00 23545538.00 
23569696.00 23710756.00 23784538.00 23860546.00 23931420.00 24015956.00 24096810.00 24174882.00 24251116.00 24328596.00 24401912.00 24477274.00 24559818.00 24638196.00 24717374.00 24794730.00 24873612.00 24953690.00 25030224.00 25106714.00 
25141118.00 25268442.00 25343658.00 25420808.00 25497884.00 25562698.00 25655180.00 25730894.00 25807218.00 25888602.00 25961270.00 26042354.00 26119558.00 26194770.00 26281284.00 26355476.00 26426588.00 26513620.00 26589498.00 26670034.00 
26735588.00 26824872.00 26900626.00 26991052.00 27055066.00 27134412.00 27214336.00 27293288.00 27369008.00 27447920.00 27497602.00 27603668.00 27673350.00 27764144.00 27837470.00 27912330.00 27993406.00 28072030.00 28150360.00 28228556.00 
28282508.00 28385444.00 28462652.00 28539194.00 28617038.00 28692916.00 28772602.00 28852502.00 28920690.00 29005944.00 29079928.00 29162092.00 29239292.00 29317910.00 29395626.00 29460706.00 29548344.00 29629832.00 29707712.00 29788968.00 
29852420.00 29944698.00 30019212.00 30098072.00 30165618.00 30249326.00 30328536.00 30407294.00 30483826.00 30562966.00 30633918.00 30715968.00 30790086.00 30870922.00 30945754.00 31018142.00 31092620.00 31168034.00 31231734.00 31270074.00 
end   dump: w
==END   DUMP_ARRAYS==
Time in seconds = 0.080681
