Sender: LSF System <lsfadmin@polus-c4-ib.bmc.hpc.cs.msu.ru>
Subject: Job 492897: <./medium.o> in cluster <MSUCluster> Done

Job <./medium.o> was submitted from host <polus-ib.bmc.hpc.cs.msu.ru> by user <edu-cmc-skpod19-328-11> in cluster <MSUCluster> at Fri Nov 29 23:27:22 2019
Job was executed on host(s) <5*polus-c4-ib.bmc.hpc.cs.msu.ru>, in queue <short>, as user <edu-cmc-skpod19-328-11> in cluster <MSUCluster> at Fri Nov 29 23:28:13 2019
</home_edu/edu-cmc-skpod19-328/edu-cmc-skpod19-328-11> was used as the home directory.
</home_edu/edu-cmc-skpod19-328/edu-cmc-skpod19-328-11/dep_gemver> was used as the working directory.
Started at Fri Nov 29 23:28:13 2019
Terminated at Fri Nov 29 23:28:14 2019
Results reported at Fri Nov 29 23:28:14 2019

Your job looked like:

------------------------------------------------------------
# LSBATCH: User input
./medium.o
------------------------------------------------------------

Successfully completed.

Resource usage summary:

    CPU time :                                   4.45 sec.
    Max Memory :                                 25 MB
    Average Memory :                             9.67 MB
    Total Requested Memory :                     -
    Delta Memory :                               -
    Max Swap :                                   -
    Max Processes :                              3
    Max Threads :                                163
    Run time :                                   1 sec.
    Turnaround time :                            52 sec.

The output (if any) follows:

==BEGIN DUMP_ARRAYS==
begin dump: w
0.00 0.00 0.00 0.00 0.00 0.00 0.00 0.00 0.00 0.00 0.00 0.00 0.00 0.00 0.00 0.00 0.00 0.00 0.00 0.00 
0.00 0.00 0.00 0.00 0.00 0.00 0.00 0.00 0.00 0.00 0.00 0.00 0.00 0.00 0.00 0.00 0.00 0.00 0.00 0.00 
0.00 0.00 0.00 0.00 0.00 0.00 0.00 0.00 0.00 0.00 0.00 0.00 0.00 0.00 0.00 0.00 0.00 0.00 0.00 0.00 
0.00 0.00 0.00 0.00 0.00 0.00 0.00 0.00 0.00 0.00 0.00 0.00 0.00 0.00 0.00 0.00 0.00 0.00 0.00 0.00 
0.00 0.00 0.00 0.00 0.00 0.00 0.00 0.00 0.00 0.00 0.00 0.00 0.00 0.00 0.00 0.00 0.00 0.00 0.00 0.00 
0.00 0.00 0.00 0.00 0.00 0.00 0.00 0.00 0.00 0.00 0.00 0.00 0.00 0.00 0.00 0.00 0.00 0.00 0.00 0.00 
0.00 0.00 0.00 0.00 0.00 0.00 0.00 0.00 0.00 0.00 0.00 0.00 0.00 0.00 0.00 0.00 0.00 0.00 0.00 0.00 
0.00 0.00 0.00 0.00 0.00 0.00 0.00 0.00 0.00 0.00 0.00 0.00 0.00 0.00 0.00 0.00 0.00 0.00 0.00 0.00 
0.00 0.00 0.00 0.00 0.00 0.00 0.00 0.00 0.00 0.00 0.00 0.00 0.00 0.00 0.00 0.00 0.00 0.00 0.00 0.00 
0.00 0.00 0.00 0.00 0.00 0.00 0.00 0.00 0.00 0.00 0.00 0.00 0.00 0.00 0.00 0.00 0.00 0.00 0.00 0.00 
0.00 0.00 0.00 0.00 0.00 0.00 0.00 0.00 0.00 0.00 0.00 0.00 0.00 0.00 0.00 0.00 0.00 0.00 0.00 0.00 
0.00 0.00 0.00 0.00 0.00 0.00 0.00 0.00 0.00 0.00 0.00 0.00 0.00 0.00 0.00 0.00 0.00 0.00 0.00 0.00 
0.00 0.00 0.00 0.00 0.00 0.00 0.00 0.00 0.00 0.00 0.00 0.00 0.00 0.00 0.00 0.00 0.00 0.00 0.00 0.00 
0.00 0.00 0.00 0.00 0.00 0.00 0.00 0.00 0.00 0.00 0.00 0.00 0.00 0.00 0.00 0.00 0.00 0.00 0.00 0.00 
0.00 0.00 0.00 0.00 0.00 0.00 0.00 0.00 0.00 0.00 0.00 0.00 0.00 0.00 0.00 0.00 0.00 0.00 0.00 0.00 
0.00 0.00 0.00 0.00 0.00 0.00 0.00 0.00 0.00 0.00 0.00 0.00 0.00 0.00 0.00 0.00 0.00 0.00 0.00 0.00 
0.00 0.00 0.00 0.00 0.00 0.00 0.00 0.00 0.00 0.00 0.00 0.00 0.00 0.00 0.00 0.00 0.00 0.00 0.00 0.00 
0.00 0.00 0.00 0.00 0.00 0.00 0.00 0.00 0.00 0.00 0.00 0.00 0.00 0.00 0.00 0.00 0.00 0.00 0.00 0.00 
0.00 0.00 0.00 0.00 0.00 0.00 0.00 0.00 0.00 0.00 0.00 0.00 0.00 0.00 0.00 0.00 0.00 0.00 0.00 0.00 
0.00 0.00 0.00 0.00 0.00 0.00 0.00 0.00 0.00 0.00 0.00 0.00 0.00 0.00 0.00 0.00 0.00 0.00 0.00 0.00 
end   dump: w
==END   DUMP_ARRAYS==
==BEGIN DUMP_ARRAYS==
begin dump: w
67.36 403123.44 440292.59 507159.47 581389.75 656135.31 736435.81 814898.75 891217.06 976575.50 1049954.38 1135598.62 1213944.25 1297169.12 1376654.12 1455606.62 1529758.25 1617881.12 1698842.62 1777109.62 
1849758.88 1937735.62 2020367.38 2103409.75 2179831.00 2249672.75 2344669.50 2426587.75 2504857.25 2588800.75 2663176.75 2751203.75 2821575.00 2910420.00 2991485.00 3070413.00 3150480.00 3233933.75 3313162.50 3394229.50 
3453395.75 3556405.00 3636547.25 3719132.75 3796792.00 3880160.25 3961854.75 4038676.25 4115369.50 4205208.00 4256255.00 4366962.50 4445279.50 4527440.50 4607930.50 4687336.00 4765999.00 4840585.50 4933423.00 5013155.50 
5083092.50 5174261.50 5256393.50 5336409.00 5408992.50 5495882.50 5576154.50 5666978.50 5740956.00 5825445.50 5898090.50 5984778.50 6060513.50 6147731.00 6225106.00 6293429.50 6386408.50 6469879.00 6548431.00 6628512.00 
6664919.00 6795361.00 6874442.50 6954910.00 7033929.50 7114830.50 7198139.00 7281573.00 7354649.50 7449090.00 7516138.00 7603612.50 7680300.50 7762688.00 7841927.50 7922792.00 7997188.50 8088838.00 8166460.50 8244460.00 
8270840.00 8415386.00 8493718.00 8573730.00 8650187.00 8732395.00 8815288.00 8897161.00 8975610.00 9051800.00 9134101.00 9218257.00 9291842.00 9380655.00 9457150.00 9542772.00 9623014.00 9705309.00 9785564.00 9867038.00 
9924511.00 10029266.00 10109009.00 10184647.00 10269639.00 10337644.00 10432538.00 10514183.00 10585463.00 10672649.00 10750077.00 10834935.00 10911191.00 10972602.00 11093281.00 11163871.00 11240681.00 11325829.00 11406129.00 11485840.00 
11555540.00 11646678.00 11728863.00 11811491.00 11881121.00 11967745.00 12051455.00 12132319.00 12211399.00 12292582.00 12345869.00 12456891.00 12532885.00 12618556.00 12700455.00 12777274.00 12858457.00 12940430.00 13020884.00 13100726.00 
13136635.00 13267778.00 13346246.00 13430147.00 13506541.00 13586703.00 13668695.00 13752007.00 13826980.00 13911331.00 13987266.00 14070956.00 14155486.00 14238255.00 14317592.00 14382832.00 14469159.00 14558835.00 14643803.00 14721810.00 
14790490.00 14882987.00 14965880.00 15044456.00 15120759.00 15204273.00 15286227.00 15367856.00 15445919.00 15529227.00 15604554.00 15690955.00 15762281.00 15851205.00 15932580.00 16010340.00 16090773.00 16170954.00 16248008.00 16319693.00 
16300298.00 16521133.00 16591587.00 16669874.00 16746497.00 16825638.00 16907016.00 16989620.00 17060638.00 17149874.00 17225340.00 17311602.00 17391350.00 17472964.00 17553372.00 17631704.00 17711578.00 17796372.00 17873724.00 17957840.00 
18027520.00 18119020.00 18195798.00 18281988.00 18353758.00 18428848.00 18522002.00 18602568.00 18681786.00 18769864.00 18842630.00 18929502.00 19005352.00 19088826.00 19170904.00 19249274.00 19330726.00 19410688.00 19493352.00 19573050.00 
19609170.00 19740100.00 19818710.00 19900394.00 19978808.00 20058706.00 20139142.00 20222272.00 20299444.00 20383938.00 20436066.00 20548244.00 20625868.00 20708502.00 20788148.00 20868240.00 20941800.00 21029336.00 21110734.00 21194150.00 
21262464.00 21354988.00 21433474.00 21514996.00 21591658.00 21672114.00 21746316.00 21868220.00 21926072.00 22005896.00 22079826.00 22168184.00 22237446.00 22326642.00 22407052.00 22474026.00 22567626.00 22656182.00 22730594.00 22811566.00 
22869058.00 22973784.00 23054040.00 23135516.00 23214244.00 23293210.00 23382440.00 23460164.00 23531084.00 23622572.00 23695796.00 23789030.00 23861658.00 23943660.00 24024308.00 24103582.00 24182138.00 24267098.00 24345882.00 24425438.00 
24450968.00 24596370.00 24673132.00 24751984.00 24825730.00 24913190.00 24997678.00 25078140.00 25156968.00 25237222.00 25313758.00 25391736.00 25477684.00 25559242.00 25641462.00 25721152.00 25803336.00 25885924.00 25965156.00 26045456.00 
26080876.00 26212320.00 26291172.00 26370950.00 26450862.00 26518240.00 26614488.00 26693094.00 26771832.00 26856058.00 26931822.00 27015384.00 27096312.00 27173846.00 27263440.00 27340098.00 27413918.00 27504426.00 27583204.00 27666570.00 
27734916.00 27827670.00 27906176.00 28000230.00 28066340.00 28148648.00 28231662.00 28313390.00 28391986.00 28473872.00 28525680.00 28635616.00 28707550.00 28802152.00 28877742.00 28955824.00 29040472.00 29121696.00 29203050.00 29284420.00 
29340178.00 29446600.00 29526430.00 29606890.00 29686780.00 29765564.00 29848116.00 29930416.00 30001340.00 30089636.00 30166720.00 30252016.00 30332410.00 30414240.00 30494924.00 30562006.00 30652496.00 30737412.00 30819234.00 30903100.00 
30968248.00 31063720.00 31140752.00 31222948.00 31293168.00 31380378.00 31462938.00 31543650.00 31623320.00 31705230.00 31779952.00 31864264.00 31941118.00 32025934.00 32103156.00 32179848.00 32255880.00 32333670.00 32399296.00 32437706.00 
end   dump: w
==END   DUMP_ARRAYS==
Time in seconds = 0.100717
