Sender: LSF System <lsfadmin@polus-c4-ib.bmc.hpc.cs.msu.ru>
Subject: Job 492893: <./medium.o> in cluster <MSUCluster> Done

Job <./medium.o> was submitted from host <polus-ib.bmc.hpc.cs.msu.ru> by user <edu-cmc-skpod19-328-11> in cluster <MSUCluster> at Fri Nov 29 23:27:22 2019
Job was executed on host(s) <5*polus-c4-ib.bmc.hpc.cs.msu.ru>, in queue <short>, as user <edu-cmc-skpod19-328-11> in cluster <MSUCluster> at Fri Nov 29 23:28:09 2019
</home_edu/edu-cmc-skpod19-328/edu-cmc-skpod19-328-11> was used as the home directory.
</home_edu/edu-cmc-skpod19-328/edu-cmc-skpod19-328-11/dep_gemver> was used as the working directory.
Started at Fri Nov 29 23:28:09 2019
Terminated at Fri Nov 29 23:28:11 2019
Results reported at Fri Nov 29 23:28:11 2019

Your job looked like:

------------------------------------------------------------
# LSBATCH: User input
./medium.o
------------------------------------------------------------

Successfully completed.

Resource usage summary:

    CPU time :                                   6.88 sec.
    Max Memory :                                 4 MB
    Average Memory :                             2.67 MB
    Total Requested Memory :                     -
    Delta Memory :                               -
    Max Swap :                                   -
    Max Processes :                              2
    Max Threads :                                3
    Run time :                                   2 sec.
    Turnaround time :                            49 sec.

The output (if any) follows:

==BEGIN DUMP_ARRAYS==
begin dump: w
0.00 0.00 0.00 0.00 0.00 0.00 0.00 0.00 0.00 0.00 0.00 0.00 0.00 0.00 0.00 0.00 0.00 0.00 0.00 0.00 
0.00 0.00 0.00 0.00 0.00 0.00 0.00 0.00 0.00 0.00 0.00 0.00 0.00 0.00 0.00 0.00 0.00 0.00 0.00 0.00 
0.00 0.00 0.00 0.00 0.00 0.00 0.00 0.00 0.00 0.00 0.00 0.00 0.00 0.00 0.00 0.00 0.00 0.00 0.00 0.00 
0.00 0.00 0.00 0.00 0.00 0.00 0.00 0.00 0.00 0.00 0.00 0.00 0.00 0.00 0.00 0.00 0.00 0.00 0.00 0.00 
0.00 0.00 0.00 0.00 0.00 0.00 0.00 0.00 0.00 0.00 0.00 0.00 0.00 0.00 0.00 0.00 0.00 0.00 0.00 0.00 
0.00 0.00 0.00 0.00 0.00 0.00 0.00 0.00 0.00 0.00 0.00 0.00 0.00 0.00 0.00 0.00 0.00 0.00 0.00 0.00 
0.00 0.00 0.00 0.00 0.00 0.00 0.00 0.00 0.00 0.00 0.00 0.00 0.00 0.00 0.00 0.00 0.00 0.00 0.00 0.00 
0.00 0.00 0.00 0.00 0.00 0.00 0.00 0.00 0.00 0.00 0.00 0.00 0.00 0.00 0.00 0.00 0.00 0.00 0.00 0.00 
0.00 0.00 0.00 0.00 0.00 0.00 0.00 0.00 0.00 0.00 0.00 0.00 0.00 0.00 0.00 0.00 0.00 0.00 0.00 0.00 
0.00 0.00 0.00 0.00 0.00 0.00 0.00 0.00 0.00 0.00 0.00 0.00 0.00 0.00 0.00 0.00 0.00 0.00 0.00 0.00 
0.00 0.00 0.00 0.00 0.00 0.00 0.00 0.00 0.00 0.00 0.00 0.00 0.00 0.00 0.00 0.00 0.00 0.00 0.00 0.00 
0.00 0.00 0.00 0.00 0.00 0.00 0.00 0.00 0.00 0.00 0.00 0.00 0.00 0.00 0.00 0.00 0.00 0.00 0.00 0.00 
0.00 0.00 0.00 0.00 0.00 0.00 0.00 0.00 0.00 0.00 0.00 0.00 0.00 0.00 0.00 0.00 0.00 0.00 0.00 0.00 
0.00 0.00 0.00 0.00 0.00 0.00 0.00 0.00 0.00 0.00 0.00 0.00 0.00 0.00 0.00 0.00 0.00 0.00 0.00 0.00 
0.00 0.00 0.00 0.00 0.00 0.00 0.00 0.00 0.00 0.00 0.00 0.00 0.00 0.00 0.00 0.00 0.00 0.00 0.00 0.00 
0.00 0.00 0.00 0.00 0.00 0.00 0.00 0.00 0.00 0.00 0.00 0.00 0.00 0.00 0.00 0.00 0.00 0.00 0.00 0.00 
0.00 0.00 0.00 0.00 0.00 0.00 0.00 0.00 0.00 0.00 0.00 0.00 0.00 0.00 0.00 0.00 0.00 0.00 0.00 0.00 
0.00 0.00 0.00 0.00 0.00 0.00 0.00 0.00 0.00 0.00 0.00 0.00 0.00 0.00 0.00 0.00 0.00 0.00 0.00 0.00 
0.00 0.00 0.00 0.00 0.00 0.00 0.00 0.00 0.00 0.00 0.00 0.00 0.00 0.00 0.00 0.00 0.00 0.00 0.00 0.00 
0.00 0.00 0.00 0.00 0.00 0.00 0.00 0.00 0.00 0.00 0.00 0.00 0.00 0.00 0.00 0.00 0.00 0.00 0.00 0.00 
end   dump: w
==END   DUMP_ARRAYS==
==BEGIN DUMP_ARRAYS==
begin dump: w
57.18 342171.00 375231.19 431780.72 494650.19 559313.44 627859.06 695619.81 758535.81 830050.38 892892.50 966703.81 1033097.62 1103234.00 1171123.75 1237591.88 1300027.88 1375790.25 1443692.25 1511225.62 
1572500.12 1647398.25 1718295.25 1788256.38 1852542.75 1912285.62 1992843.88 2062807.75 2129001.25 2200394.50 2262820.00 2336747.75 2397240.00 2472759.25 2541682.75 2608775.25 2676885.75 2748580.00 2814897.50 2883810.75 
2933851.00 3021263.75 3089270.25 3159493.00 3226060.75 3295602.00 3365234.00 3430456.75 3495076.00 3571866.75 3615007.50 3708896.75 3775352.00 3845435.50 3913811.75 3981409.75 4048062.75 4111727.25 4190276.75 4257950.00 
4317014.50 4394746.00 4464043.50 4532257.00 4593801.00 4667586.00 4735817.00 4812792.00 4875589.00 4947240.50 5009421.00 5082681.00 5146966.50 5221016.50 5287027.50 5344070.00 5423384.50 5494710.50 5561112.00 5628818.50 
5659085.00 5770484.00 5837059.50 5905833.00 5973185.00 6041642.50 6112655.50 6183751.50 6245931.50 6325015.50 6382189.00 6456510.50 6521804.00 6591444.00 6658977.50 6727030.00 6790208.50 6868144.50 6934313.00 7000700.00 
7021773.00 7145699.00 7212038.50 7280266.00 7344675.00 7415055.00 7485778.00 7555157.00 7621574.00 7685927.00 7755819.00 7827567.00 7889491.50 7965395.00 8030102.00 8102707.50 8171191.00 8240880.00 8309282.50 8377931.00 
8426227.00 8515250.00 8583508.00 8648066.00 8719393.00 8776736.00 8857427.00 8927335.00 8987791.00 9062036.00 9127805.00 9199105.00 9264530.00 9317418.00 9418184.00 9478539.00 9543965.00 9616387.00 9684283.00 9751715.00 
9811019.00 9888511.00 9957967.00 10028735.00 10087641.00 10160904.00 10232235.00 10300689.00 10368225.00 10436903.00 10481935.00 10576200.00 10640822.00 10713551.00 10783150.00 10848282.00 10917073.00 10986895.00 11055299.00 11123278.00 
11152948.00 11264485.00 11331242.00 11402097.00 11467102.00 11535106.00 11604606.00 11675444.00 11739147.00 11811014.00 11875609.00 11946767.00 12018097.00 12088279.00 12155911.00 12210867.00 12284727.00 12360667.00 12431836.00 12498847.00 
12556713.00 12635797.00 12705952.00 12772656.00 12837299.00 12908307.00 12977629.00 13047079.00 13113689.00 13183740.00 13248254.00 13321818.00 13382264.00 13457321.00 13526285.00 13592693.00 13660968.00 13728959.00 13794920.00 13855394.00 
13836818.00 14026035.00 14085457.00 14152469.00 14217336.00 14284510.00 14354095.00 14424109.00 14483629.00 14559607.00 14623940.00 14697690.00 14764613.00 14834351.00 14902759.00 14968904.00 15036782.00 15108777.00 15174428.00 15245627.00 
15304943.00 15382583.00 15448541.00 15520765.00 15581157.00 15645230.00 15724471.00 15793150.00 15860211.00 15934663.00 15996587.00 16070407.00 16134933.00 16205985.00 16275779.00 16342101.00 16411201.00 16479327.00 16549140.00 16616944.00 
16646926.00 16758147.00 16825086.00 16894528.00 16961232.00 17028920.00 17097238.00 17167880.00 17233260.00 17305234.00 17348814.00 17444526.00 17510082.00 17580740.00 17648144.00 17716298.00 17778246.00 17852694.00 17922420.00 17992914.00 
18050632.00 18129714.00 18196100.00 18265042.00 18330118.00 18398670.00 18462200.00 18564010.00 18613778.00 18682320.00 18744380.00 18819396.00 18878098.00 18954090.00 19022954.00 19079372.00 19158910.00 19233368.00 19296874.00 19366172.00 
19414494.00 19503498.00 19571106.00 19640546.00 19707118.00 19774492.00 19850282.00 19916032.00 19976388.00 20053854.00 20116362.00 20195500.00 20256728.00 20326268.00 20394604.00 20462148.00 20529412.00 20601156.00 20668344.00 20735732.00 
20756230.00 20880730.00 20946068.00 21013290.00 21075674.00 21150178.00 21221404.00 21289982.00 21356506.00 21424918.00 21490004.00 21556410.00 21628160.00 21697672.00 21767732.00 21835562.00 21905124.00 21975592.00 22043324.00 22110946.00 
22140782.00 22252612.00 22319262.00 22386708.00 22454924.00 22512028.00 22593348.00 22660410.00 22727120.00 22798738.00 22862770.00 22934194.00 23002720.00 23068638.00 23144556.00 23209622.00 23272084.00 23349174.00 23416342.00 23486684.00 
23544638.00 23623480.00 23690116.00 23769700.00 23826016.00 23895806.00 23966570.00 24035988.00 24102950.00 24172534.00 24215742.00 24309560.00 24370812.00 24450970.00 24515146.00 24581600.00 24652250.00 24721938.00 24791114.00 24860168.00 
24906864.00 24997608.00 25065480.00 25132842.00 25201416.00 25268428.00 25338698.00 25408676.00 25468642.00 25544686.00 25609370.00 25681038.00 25749310.00 25818624.00 25887542.00 25943810.00 26021548.00 26093176.00 26162084.00 26234016.00 
26289146.00 26370196.00 26436690.00 26505638.00 26565848.00 26639612.00 26709252.00 26778198.00 26845210.00 26914722.00 26979300.00 27051364.00 27115556.00 27185806.00 27252524.00 27317884.00 27383656.00 27449648.00 27505150.00 27539250.00 
end   dump: w
==END   DUMP_ARRAYS==
Time in seconds = 0.096643
