Sender: LSF System <lsfadmin@polus-c2-ib.bmc.hpc.cs.msu.ru>
Subject: Job 493082: <./medium.o> in cluster <MSUCluster> Done

Job <./medium.o> was submitted from host <polus-ib.bmc.hpc.cs.msu.ru> by user <edu-cmc-skpod19-328-11> in cluster <MSUCluster> at Fri Nov 29 23:30:24 2019
Job was executed on host(s) <14*polus-c2-ib.bmc.hpc.cs.msu.ru>, in queue <short>, as user <edu-cmc-skpod19-328-11> in cluster <MSUCluster> at Fri Nov 29 23:33:15 2019
</home_edu/edu-cmc-skpod19-328/edu-cmc-skpod19-328-11> was used as the home directory.
</home_edu/edu-cmc-skpod19-328/edu-cmc-skpod19-328-11/dep_gemver> was used as the working directory.
Started at Fri Nov 29 23:33:15 2019
Terminated at Fri Nov 29 23:33:16 2019
Results reported at Fri Nov 29 23:33:16 2019

Your job looked like:

------------------------------------------------------------
# LSBATCH: User input
./medium.o
------------------------------------------------------------

Successfully completed.

Resource usage summary:

    CPU time :                                   4.25 sec.
    Max Memory :                                 8 MB
    Average Memory :                             6.67 MB
    Total Requested Memory :                     -
    Delta Memory :                               -
    Max Swap :                                   2 MB
    Max Processes :                              3
    Max Threads :                                21
    Run time :                                   1 sec.
    Turnaround time :                            172 sec.

The output (if any) follows:

==BEGIN DUMP_ARRAYS==
begin dump: w
0.00 0.00 0.00 0.00 0.00 0.00 0.00 0.00 0.00 0.00 0.00 0.00 0.00 0.00 0.00 0.00 0.00 0.00 0.00 0.00 
0.00 0.00 0.00 0.00 0.00 0.00 0.00 0.00 0.00 0.00 0.00 0.00 0.00 0.00 0.00 0.00 0.00 0.00 0.00 0.00 
0.00 0.00 0.00 0.00 0.00 0.00 0.00 0.00 0.00 0.00 0.00 0.00 0.00 0.00 0.00 0.00 0.00 0.00 0.00 0.00 
0.00 0.00 0.00 0.00 0.00 0.00 0.00 0.00 0.00 0.00 0.00 0.00 0.00 0.00 0.00 0.00 0.00 0.00 0.00 0.00 
0.00 0.00 0.00 0.00 0.00 0.00 0.00 0.00 0.00 0.00 0.00 0.00 0.00 0.00 0.00 0.00 0.00 0.00 0.00 0.00 
0.00 0.00 0.00 0.00 0.00 0.00 0.00 0.00 0.00 0.00 0.00 0.00 0.00 0.00 0.00 0.00 0.00 0.00 0.00 0.00 
0.00 0.00 0.00 0.00 0.00 0.00 0.00 0.00 0.00 0.00 0.00 0.00 0.00 0.00 0.00 0.00 0.00 0.00 0.00 0.00 
0.00 0.00 0.00 0.00 0.00 0.00 0.00 0.00 0.00 0.00 0.00 0.00 0.00 0.00 0.00 0.00 0.00 0.00 0.00 0.00 
0.00 0.00 0.00 0.00 0.00 0.00 0.00 0.00 0.00 0.00 0.00 0.00 0.00 0.00 0.00 0.00 0.00 0.00 0.00 0.00 
0.00 0.00 0.00 0.00 0.00 0.00 0.00 0.00 0.00 0.00 0.00 0.00 0.00 0.00 0.00 0.00 0.00 0.00 0.00 0.00 
0.00 0.00 0.00 0.00 0.00 0.00 0.00 0.00 0.00 0.00 0.00 0.00 0.00 0.00 0.00 0.00 0.00 0.00 0.00 0.00 
0.00 0.00 0.00 0.00 0.00 0.00 0.00 0.00 0.00 0.00 0.00 0.00 0.00 0.00 0.00 0.00 0.00 0.00 0.00 0.00 
0.00 0.00 0.00 0.00 0.00 0.00 0.00 0.00 0.00 0.00 0.00 0.00 0.00 0.00 0.00 0.00 0.00 0.00 0.00 0.00 
0.00 0.00 0.00 0.00 0.00 0.00 0.00 0.00 0.00 0.00 0.00 0.00 0.00 0.00 0.00 0.00 0.00 0.00 0.00 0.00 
0.00 0.00 0.00 0.00 0.00 0.00 0.00 0.00 0.00 0.00 0.00 0.00 0.00 0.00 0.00 0.00 0.00 0.00 0.00 0.00 
0.00 0.00 0.00 0.00 0.00 0.00 0.00 0.00 0.00 0.00 0.00 0.00 0.00 0.00 0.00 0.00 0.00 0.00 0.00 0.00 
0.00 0.00 0.00 0.00 0.00 0.00 0.00 0.00 0.00 0.00 0.00 0.00 0.00 0.00 0.00 0.00 0.00 0.00 0.00 0.00 
0.00 0.00 0.00 0.00 0.00 0.00 0.00 0.00 0.00 0.00 0.00 0.00 0.00 0.00 0.00 0.00 0.00 0.00 0.00 0.00 
0.00 0.00 0.00 0.00 0.00 0.00 0.00 0.00 0.00 0.00 0.00 0.00 0.00 0.00 0.00 0.00 0.00 0.00 0.00 0.00 
0.00 0.00 0.00 0.00 0.00 0.00 0.00 0.00 0.00 0.00 0.00 0.00 0.00 0.00 0.00 0.00 0.00 0.00 0.00 0.00 
end   dump: w
==END   DUMP_ARRAYS==
==BEGIN DUMP_ARRAYS==
begin dump: w
60.93 364590.31 400791.34 463770.19 527422.25 597121.12 669672.12 740372.00 810137.12 887198.62 953565.56 1030173.88 1100898.75 1176635.50 1246980.62 1319460.38 1385876.12 1465766.00 1539379.50 1610299.50 
1675290.00 1755748.75 1830991.25 1905350.62 1974086.38 2037335.50 2123879.00 2198080.75 2268414.25 2344905.25 2412142.50 2491318.25 2555271.75 2635415.75 2708135.50 2780494.00 2852787.75 2928653.75 2999226.75 3073556.25 
3126513.00 3220330.25 3292080.75 3366877.25 3437011.75 3512755.50 3585987.75 3656739.25 3724865.00 3806283.75 3852414.25 3953261.00 4023849.00 4097634.50 4171329.00 4242552.00 4313652.50 4381330.00 4465479.00 4537502.00 
4600582.00 4683061.50 4756899.50 4830070.00 4895300.50 4973669.50 5046727.50 5128734.50 5195829.00 5271570.50 5337479.00 5415982.00 5484797.00 5563508.50 5633121.00 5694183.00 5778896.50 5855285.50 5926212.00 5997883.00 
6030666.50 6149374.00 6220890.00 6293393.00 6364765.50 6437310.00 6513633.00 6589273.00 6655145.00 6740492.00 6801372.50 6880014.50 6949164.00 7024266.00 7096261.50 7168848.50 7236325.00 7318739.50 7389127.00 7460521.50 
7482764.50 7614262.00 7685384.00 7757659.50 7826832.50 7901100.50 7975801.50 8050207.50 8121452.50 8190132.50 8264305.50 8340661.50 8407271.00 8487535.00 8556521.00 8633938.00 8706657.00 8781175.00 8853838.00 8927181.00 
8978879.00 9074147.00 9146389.00 9214833.00 9291503.00 9352738.00 9438646.00 9513148.00 9577132.00 9656269.00 9725641.00 9802845.00 9871816.00 9928555.00 10036261.00 10100514.00 10170409.00 10246713.00 10318754.00 10391176.00 
10454054.00 10537058.00 10610939.00 10686385.00 10749211.00 10827602.00 10902929.00 10976541.00 11047511.00 11121382.00 11168549.00 11269692.00 11338204.00 11415582.00 11490062.00 11559332.00 11633452.00 11707231.00 11779442.00 11851853.00 
11884082.00 12002714.00 12074407.00 12150190.00 12218913.00 12291829.00 12365584.00 12441158.00 12508874.00 12585216.00 12653718.00 12729257.00 12805887.00 12880387.00 12952743.00 13011450.00 13089956.00 13170774.00 13247802.00 13318258.00 
13380082.00 13464120.00 13538965.00 13610330.00 13678608.00 13754479.00 13828391.00 13902580.00 13973588.00 14048580.00 14116853.00 14194819.00 14259490.00 14340095.00 14413360.00 14483180.00 14555938.00 14629006.00 14699312.00 14763606.00 
14744040.00 14945591.00 15008749.00 15080188.00 15149959.00 15221495.00 15294705.00 15369109.00 15433470.00 15514379.00 15582522.00 15660613.00 15732313.00 15806618.00 15879675.00 15950188.00 16022894.00 16098868.00 16169105.00 16245082.00 
16308095.00 16390938.00 16460260.00 16538424.00 16603012.00 16670846.00 16755321.00 16828808.00 16900014.00 16979940.00 17045656.00 17123982.00 17192618.00 17268040.00 17342474.00 17412840.00 17486988.00 17559010.00 17633660.00 17706482.00 
17737960.00 17857342.00 17928628.00 18001978.00 18072442.00 18145342.00 18218000.00 18293620.00 18363296.00 18439504.00 18486332.00 18587810.00 18658388.00 18732664.00 18805128.00 18877072.00 18943750.00 19022814.00 19097122.00 19172140.00 
19234108.00 19318020.00 19389314.00 19462474.00 19531080.00 19604162.00 19671798.00 19780644.00 19834074.00 19906350.00 19973726.00 20052922.00 20115834.00 20196040.00 20269424.00 20329554.00 20414396.00 20494366.00 20561678.00 20635058.00 
20686866.00 20782022.00 20854220.00 20928018.00 20999244.00 21070738.00 21151538.00 21221656.00 21285692.00 21368538.00 21435062.00 21519060.00 21584446.00 21658980.00 21732264.00 21803574.00 21874670.00 21951546.00 22022686.00 22094942.00 
22116786.00 22248676.00 22318936.00 22390458.00 22456642.00 22535826.00 22611802.00 22684936.00 22756726.00 22829184.00 22898004.00 22968712.00 23046354.00 23119928.00 23194428.00 23267366.00 23341136.00 23415816.00 23487168.00 23559814.00 
23591376.00 23711314.00 23781858.00 23853916.00 23927000.00 23988108.00 24074942.00 24145690.00 24216704.00 24293224.00 24361890.00 24437630.00 24510068.00 24580456.00 24661344.00 24731014.00 24797654.00 24879128.00 24951156.00 25026134.00 
25087588.00 25171700.00 25242588.00 25327872.00 25387836.00 25462116.00 25536742.00 25611562.00 25682058.00 25755932.00 25802462.00 25902906.00 25968094.00 26052456.00 26122080.00 26191920.00 26268896.00 26342322.00 26415970.00 26488868.00 
26539246.00 26635644.00 26708842.00 26780546.00 26853108.00 26924180.00 26999926.00 27073788.00 27137694.00 27217876.00 27287230.00 27364292.00 27437476.00 27511118.00 27584186.00 27644946.00 27727410.00 27803848.00 27877072.00 27953454.00 
28012882.00 28098908.00 28168694.00 28243430.00 28307084.00 28385212.00 28461084.00 28532558.00 28605000.00 28679024.00 28745808.00 28822002.00 28891374.00 28968838.00 29038388.00 29107542.00 29178476.00 29245424.00 29307280.00 29344604.00 
end   dump: w
==END   DUMP_ARRAYS==
Time in seconds = 0.061068
