Sender: LSF System <lsfadmin@polus-c2-ib.bmc.hpc.cs.msu.ru>
Subject: Job 493013: <./medium.o> in cluster <MSUCluster> Done

Job <./medium.o> was submitted from host <polus-ib.bmc.hpc.cs.msu.ru> by user <edu-cmc-skpod19-328-11> in cluster <MSUCluster> at Fri Nov 29 23:29:23 2019
Job was executed on host(s) <4*polus-c2-ib.bmc.hpc.cs.msu.ru>, in queue <short>, as user <edu-cmc-skpod19-328-11> in cluster <MSUCluster> at Fri Nov 29 23:32:10 2019
                            <7*polus-c4-ib.bmc.hpc.cs.msu.ru>
</home_edu/edu-cmc-skpod19-328/edu-cmc-skpod19-328-11> was used as the home directory.
</home_edu/edu-cmc-skpod19-328/edu-cmc-skpod19-328-11/dep_gemver> was used as the working directory.
Started at Fri Nov 29 23:32:10 2019
Terminated at Fri Nov 29 23:32:12 2019
Results reported at Fri Nov 29 23:32:12 2019

Your job looked like:

------------------------------------------------------------
# LSBATCH: User input
./medium.o
------------------------------------------------------------

Successfully completed.

Resource usage summary:

    CPU time :                                   4.64 sec.
    Max Memory :                                 4 MB
    Average Memory :                             4.00 MB
    Total Requested Memory :                     -
    Delta Memory :                               -
    Max Swap :                                   -
    Max Processes :                              3
    Max Threads :                                4
    Run time :                                   1 sec.
    Turnaround time :                            169 sec.

The output (if any) follows:

==BEGIN DUMP_ARRAYS==
begin dump: w
0.00 0.00 0.00 0.00 0.00 0.00 0.00 0.00 0.00 0.00 0.00 0.00 0.00 0.00 0.00 0.00 0.00 0.00 0.00 0.00 
0.00 0.00 0.00 0.00 0.00 0.00 0.00 0.00 0.00 0.00 0.00 0.00 0.00 0.00 0.00 0.00 0.00 0.00 0.00 0.00 
0.00 0.00 0.00 0.00 0.00 0.00 0.00 0.00 0.00 0.00 0.00 0.00 0.00 0.00 0.00 0.00 0.00 0.00 0.00 0.00 
0.00 0.00 0.00 0.00 0.00 0.00 0.00 0.00 0.00 0.00 0.00 0.00 0.00 0.00 0.00 0.00 0.00 0.00 0.00 0.00 
0.00 0.00 0.00 0.00 0.00 0.00 0.00 0.00 0.00 0.00 0.00 0.00 0.00 0.00 0.00 0.00 0.00 0.00 0.00 0.00 
0.00 0.00 0.00 0.00 0.00 0.00 0.00 0.00 0.00 0.00 0.00 0.00 0.00 0.00 0.00 0.00 0.00 0.00 0.00 0.00 
0.00 0.00 0.00 0.00 0.00 0.00 0.00 0.00 0.00 0.00 0.00 0.00 0.00 0.00 0.00 0.00 0.00 0.00 0.00 0.00 
0.00 0.00 0.00 0.00 0.00 0.00 0.00 0.00 0.00 0.00 0.00 0.00 0.00 0.00 0.00 0.00 0.00 0.00 0.00 0.00 
0.00 0.00 0.00 0.00 0.00 0.00 0.00 0.00 0.00 0.00 0.00 0.00 0.00 0.00 0.00 0.00 0.00 0.00 0.00 0.00 
0.00 0.00 0.00 0.00 0.00 0.00 0.00 0.00 0.00 0.00 0.00 0.00 0.00 0.00 0.00 0.00 0.00 0.00 0.00 0.00 
0.00 0.00 0.00 0.00 0.00 0.00 0.00 0.00 0.00 0.00 0.00 0.00 0.00 0.00 0.00 0.00 0.00 0.00 0.00 0.00 
0.00 0.00 0.00 0.00 0.00 0.00 0.00 0.00 0.00 0.00 0.00 0.00 0.00 0.00 0.00 0.00 0.00 0.00 0.00 0.00 
0.00 0.00 0.00 0.00 0.00 0.00 0.00 0.00 0.00 0.00 0.00 0.00 0.00 0.00 0.00 0.00 0.00 0.00 0.00 0.00 
0.00 0.00 0.00 0.00 0.00 0.00 0.00 0.00 0.00 0.00 0.00 0.00 0.00 0.00 0.00 0.00 0.00 0.00 0.00 0.00 
0.00 0.00 0.00 0.00 0.00 0.00 0.00 0.00 0.00 0.00 0.00 0.00 0.00 0.00 0.00 0.00 0.00 0.00 0.00 0.00 
0.00 0.00 0.00 0.00 0.00 0.00 0.00 0.00 0.00 0.00 0.00 0.00 0.00 0.00 0.00 0.00 0.00 0.00 0.00 0.00 
0.00 0.00 0.00 0.00 0.00 0.00 0.00 0.00 0.00 0.00 0.00 0.00 0.00 0.00 0.00 0.00 0.00 0.00 0.00 0.00 
0.00 0.00 0.00 0.00 0.00 0.00 0.00 0.00 0.00 0.00 0.00 0.00 0.00 0.00 0.00 0.00 0.00 0.00 0.00 0.00 
0.00 0.00 0.00 0.00 0.00 0.00 0.00 0.00 0.00 0.00 0.00 0.00 0.00 0.00 0.00 0.00 0.00 0.00 0.00 0.00 
0.00 0.00 0.00 0.00 0.00 0.00 0.00 0.00 0.00 0.00 0.00 0.00 0.00 0.00 0.00 0.00 0.00 0.00 0.00 0.00 
end   dump: w
==END   DUMP_ARRAYS==
==BEGIN DUMP_ARRAYS==
begin dump: w
65.58 392413.50 430183.03 496148.53 568295.94 642970.12 720195.38 797193.19 871945.62 953666.75 1026686.38 1108249.88 1185501.38 1266132.88 1342674.62 1419907.50 1491448.38 1577779.75 1656479.38 1733010.62 
1803517.00 1889319.00 1970547.00 2050273.38 2125732.00 2193381.25 2286476.25 2365582.00 2441511.00 2523357.50 2596105.00 2681026.00 2749472.75 2836080.50 2914806.00 2992398.00 3070166.25 3151969.50 3228190.75 3307418.50 
3364798.25 3465456.00 3543180.50 3623853.50 3699489.75 3780584.50 3859564.75 3934599.75 4008953.00 4096442.75 4146397.00 4254032.50 4330558.00 4410293.00 4489147.50 4566422.50 4642590.50 4715803.50 4805769.00 4883298.00 
4951283.50 5039892.00 5119695.50 5197853.00 5268254.50 5352718.50 5431407.00 5519377.00 5591541.00 5673617.50 5744895.00 5829145.00 5902571.00 5987432.00 6063150.00 6129198.00 6219849.50 6301395.00 6377604.50 6455504.00 
6490774.00 6617921.00 6694719.50 6773264.00 6850057.00 6928856.00 7009930.00 7091370.50 7162154.50 7253965.00 7319954.00 7404754.50 7479352.50 7559791.00 7636815.00 7715280.00 7787573.00 7876508.50 7952391.50 8028952.50 
8053769.00 8194880.00 8271506.00 8349257.00 8423770.00 8503798.00 8584647.00 8664286.00 8740214.00 8814653.00 8894637.00 8976956.00 9048107.00 9135199.00 9209220.00 9292560.00 9370490.00 9450816.00 9529232.00 9607960.00 
9664028.00 9766055.00 9843877.00 9917644.00 9999749.00 10066066.00 10158206.00 10238350.00 10307405.00 10392234.00 10467175.00 10550190.00 10624461.00 10685751.00 10801005.00 10871086.00 10946177.00 11028500.00 11106048.00 11183814.00 
11251870.00 11340649.00 11420873.00 11501254.00 11568800.00 11653029.00 11734553.00 11813146.00 11890153.00 11969108.00 12021086.00 12129456.00 12203661.00 12286855.00 12366354.00 12441045.00 12520337.00 12600341.00 12678083.00 12756066.00 
12790731.00 12918746.00 12995150.00 13076449.00 13150715.00 13229099.00 13308871.00 13390132.00 13463106.00 13545225.00 13618822.00 13700834.00 13782531.00 13862937.00 13940319.00 14004030.00 14088212.00 14175231.00 14257440.00 14334188.00 
14400955.00 14491170.00 14571606.00 14648073.00 14722507.00 14803539.00 14883187.00 14962490.00 15038433.00 15119809.00 15193327.00 15277448.00 15347028.00 15433887.00 15512374.00 15587780.00 15665990.00 15744914.00 15820428.00 15890388.00 
15869498.00 16085071.00 16153766.00 16230540.00 16305729.00 16383010.00 16461818.00 16541569.00 16610694.00 16698006.00 16771540.00 16855654.00 16933284.00 17012970.00 17091008.00 17167252.00 17244522.00 17327388.00 17402582.00 17484290.00 
17551998.00 17641266.00 17716752.00 17800234.00 17869508.00 17942938.00 18033866.00 18112522.00 18189186.00 18274624.00 18346036.00 18430242.00 18503924.00 18585320.00 18665322.00 18741694.00 18821000.00 18899008.00 18979036.00 19056712.00 
19091554.00 19219392.00 19296110.00 19375118.00 19451382.00 19529740.00 19607838.00 19688606.00 19763370.00 19845990.00 19896626.00 20006344.00 20081568.00 20162316.00 20239634.00 20317764.00 20388918.00 20474202.00 20553324.00 20634818.00 
20701092.00 20791634.00 20868146.00 20946954.00 21020848.00 21099704.00 21173184.00 21289712.00 21347262.00 21425276.00 21497682.00 21583224.00 21650314.00 21737112.00 21815972.00 21880896.00 21971976.00 22057820.00 22130326.00 22209394.00 
22265068.00 22367494.00 22444960.00 22524648.00 22601230.00 22678234.00 22764970.00 22840256.00 22909622.00 22998512.00 23070230.00 23160812.00 23231500.00 23311176.00 23389544.00 23466996.00 23543250.00 23626206.00 23702694.00 23780580.00 
23804520.00 23946506.00 24021812.00 24098946.00 24170150.00 24255502.00 24337376.00 24415666.00 24492360.00 24570694.00 24644912.00 24721490.00 24804878.00 24884090.00 24964268.00 25041940.00 25121666.00 25202194.00 25279466.00 25357546.00 
25391500.00 25519958.00 25596578.00 25674058.00 25751876.00 25817770.00 25911040.00 25988024.00 26064460.00 26146306.00 26219966.00 26301846.00 26380174.00 26456068.00 26542782.00 26618060.00 26689468.00 26777598.00 26854490.00 26935564.00 
27001666.00 27092158.00 27168420.00 27259654.00 27324438.00 27404358.00 27485042.00 27565170.00 27641174.00 27721416.00 27771306.00 27879020.00 27948764.00 28040868.00 28114624.00 28190196.00 28272234.00 28351616.00 28431002.00 28509998.00 
28564298.00 28668036.00 28745994.00 28823488.00 28901546.00 28978394.00 29059384.00 29139376.00 29208254.00 29294432.00 29368758.00 29452096.00 29530206.00 29609876.00 29687712.00 29753586.00 29841294.00 29925178.00 30003648.00 30086134.00 
30149436.00 30242440.00 30317708.00 30397686.00 30466284.00 30550880.00 30631516.00 30709328.00 30786214.00 30867216.00 30938172.00 31021800.00 31095090.00 31178264.00 31253992.00 31327818.00 31403426.00 31479310.00 31544004.00 31583044.00 
end   dump: w
==END   DUMP_ARRAYS==
Time in seconds = 0.094876
