Sender: LSF System <lsfadmin@polus-c1-ib.bmc.hpc.cs.msu.ru>
Subject: Job 492114: <./medium.o> in cluster <MSUCluster> Done

Job <./medium.o> was submitted from host <polus-ib.bmc.hpc.cs.msu.ru> by user <edu-cmc-skpod19-328-11> in cluster <MSUCluster> at Fri Nov 29 22:48:48 2019
Job was executed on host(s) <6*polus-c1-ib.bmc.hpc.cs.msu.ru>, in queue <short>, as user <edu-cmc-skpod19-328-11> in cluster <MSUCluster> at Fri Nov 29 22:52:01 2019
                            <1*polus-c4-ib.bmc.hpc.cs.msu.ru>
                            <10*polus-c2-ib.bmc.hpc.cs.msu.ru>
</home_edu/edu-cmc-skpod19-328/edu-cmc-skpod19-328-11> was used as the home directory.
</home_edu/edu-cmc-skpod19-328/edu-cmc-skpod19-328-11/dep_gemver> was used as the working directory.
Started at Fri Nov 29 22:52:01 2019
Terminated at Fri Nov 29 22:52:01 2019
Results reported at Fri Nov 29 22:52:01 2019

Your job looked like:

------------------------------------------------------------
# LSBATCH: User input
./medium.o
------------------------------------------------------------

Successfully completed.

Resource usage summary:

    CPU time :                                   6.26 sec.
    Max Memory :                                 1 MB
    Average Memory :                             1.00 MB
    Total Requested Memory :                     -
    Delta Memory :                               -
    Max Swap :                                   -
    Max Processes :                              1
    Max Threads :                                1
    Run time :                                   1 sec.
    Turnaround time :                            193 sec.

The output (if any) follows:

==BEGIN DUMP_ARRAYS==
begin dump: w
0.00 0.00 0.00 0.00 0.00 0.00 0.00 0.00 0.00 0.00 0.00 0.00 0.00 0.00 0.00 0.00 0.00 0.00 0.00 0.00 
0.00 0.00 0.00 0.00 0.00 0.00 0.00 0.00 0.00 0.00 0.00 0.00 0.00 0.00 0.00 0.00 0.00 0.00 0.00 0.00 
0.00 0.00 0.00 0.00 0.00 0.00 0.00 0.00 0.00 0.00 0.00 0.00 0.00 0.00 0.00 0.00 0.00 0.00 0.00 0.00 
0.00 0.00 0.00 0.00 0.00 0.00 0.00 0.00 0.00 0.00 0.00 0.00 0.00 0.00 0.00 0.00 0.00 0.00 0.00 0.00 
0.00 0.00 0.00 0.00 0.00 0.00 0.00 0.00 0.00 0.00 0.00 0.00 0.00 0.00 0.00 0.00 0.00 0.00 0.00 0.00 
0.00 0.00 0.00 0.00 0.00 0.00 0.00 0.00 0.00 0.00 0.00 0.00 0.00 0.00 0.00 0.00 0.00 0.00 0.00 0.00 
0.00 0.00 0.00 0.00 0.00 0.00 0.00 0.00 0.00 0.00 0.00 0.00 0.00 0.00 0.00 0.00 0.00 0.00 0.00 0.00 
0.00 0.00 0.00 0.00 0.00 0.00 0.00 0.00 0.00 0.00 0.00 0.00 0.00 0.00 0.00 0.00 0.00 0.00 0.00 0.00 
0.00 0.00 0.00 0.00 0.00 0.00 0.00 0.00 0.00 0.00 0.00 0.00 0.00 0.00 0.00 0.00 0.00 0.00 0.00 0.00 
0.00 0.00 0.00 0.00 0.00 0.00 0.00 0.00 0.00 0.00 0.00 0.00 0.00 0.00 0.00 0.00 0.00 0.00 0.00 0.00 
0.00 0.00 0.00 0.00 0.00 0.00 0.00 0.00 0.00 0.00 0.00 0.00 0.00 0.00 0.00 0.00 0.00 0.00 0.00 0.00 
0.00 0.00 0.00 0.00 0.00 0.00 0.00 0.00 0.00 0.00 0.00 0.00 0.00 0.00 0.00 0.00 0.00 0.00 0.00 0.00 
0.00 0.00 0.00 0.00 0.00 0.00 0.00 0.00 0.00 0.00 0.00 0.00 0.00 0.00 0.00 0.00 0.00 0.00 0.00 0.00 
0.00 0.00 0.00 0.00 0.00 0.00 0.00 0.00 0.00 0.00 0.00 0.00 0.00 0.00 0.00 0.00 0.00 0.00 0.00 0.00 
0.00 0.00 0.00 0.00 0.00 0.00 0.00 0.00 0.00 0.00 0.00 0.00 0.00 0.00 0.00 0.00 0.00 0.00 0.00 0.00 
0.00 0.00 0.00 0.00 0.00 0.00 0.00 0.00 0.00 0.00 0.00 0.00 0.00 0.00 0.00 0.00 0.00 0.00 0.00 0.00 
0.00 0.00 0.00 0.00 0.00 0.00 0.00 0.00 0.00 0.00 0.00 0.00 0.00 0.00 0.00 0.00 0.00 0.00 0.00 0.00 
0.00 0.00 0.00 0.00 0.00 0.00 0.00 0.00 0.00 0.00 0.00 0.00 0.00 0.00 0.00 0.00 0.00 0.00 0.00 0.00 
0.00 0.00 0.00 0.00 0.00 0.00 0.00 0.00 0.00 0.00 0.00 0.00 0.00 0.00 0.00 0.00 0.00 0.00 0.00 0.00 
0.00 0.00 0.00 0.00 0.00 0.00 0.00 0.00 0.00 0.00 0.00 0.00 0.00 0.00 0.00 0.00 0.00 0.00 0.00 0.00 
end   dump: w
==END   DUMP_ARRAYS==
==BEGIN DUMP_ARRAYS==
begin dump: w
64.72 387282.41 424904.59 490961.88 559979.81 634665.06 711209.44 785993.19 859879.69 941351.75 1012655.25 1093852.25 1169986.38 1249799.38 1325570.00 1401732.12 1472705.75 1557405.50 1636189.25 1711397.75 
1779910.38 1865178.75 1944730.88 2024601.00 2097636.25 2164936.00 2256756.25 2335945.25 2409932.75 2491037.75 2562167.75 2646024.25 2714077.00 2799714.00 2877545.25 2953492.00 3030596.50 3111669.00 3186847.00 3265072.75 
3321301.75 3420914.50 3498048.50 3576890.50 3651579.75 3731828.50 3809911.25 3884136.25 3957100.00 4043695.25 4092310.25 4199046.00 4274839.50 4353218.00 4430934.00 4507250.00 4582103.00 4654463.50 4743366.50 4819865.00 
4887256.50 4974666.50 5053645.50 5130961.50 5199804.00 5283496.00 5361503.50 5447579.00 5519288.50 5600017.00 5670033.00 5752909.50 5826185.50 5910271.00 5984725.00 6049343.50 6139522.00 6219737.50 6295069.00 6371796.00 
6406265.50 6532345.00 6608131.00 6685093.00 6761615.50 6838942.50 6918990.00 6998946.50 7069578.00 7160028.50 7225115.00 7308653.50 7382451.50 7461742.00 7537885.00 7615465.00 7686792.50 7774391.00 7849486.00 7924948.50 
7948702.00 8088331.00 8163930.00 8241198.50 8313915.00 8393034.00 8472539.00 8551390.00 8626520.00 8699825.00 8779249.00 8860207.00 8930589.00 9016484.00 9089679.00 9171914.00 9248668.00 9328201.00 9405242.00 9483220.00 
9537872.00 9638975.00 9715698.00 9788915.00 9869984.00 9935187.00 10026481.00 10104854.00 10173157.00 10257524.00 10331341.00 10413588.00 10487016.00 10546944.00 10660719.00 10729924.00 10803577.00 10884809.00 10961873.00 11038591.00 
11105202.00 11193047.00 11271932.00 11351488.00 11418229.00 11501458.00 11582369.00 11660015.00 11735606.00 11813769.00 11864484.00 11971640.00 12044417.00 12126899.00 12205732.00 12279139.00 12357685.00 12436183.00 12513226.00 12590071.00 
12624201.00 12750468.00 12826173.00 12906372.00 12979737.00 13057414.00 13135562.00 13215590.00 13287877.00 13369072.00 13441972.00 13522414.00 13603366.00 13682563.00 13758840.00 13821881.00 13904705.00 13990799.00 14072352.00 14147591.00 
14213495.00 14302343.00 14382220.00 14457511.00 14530756.00 14611197.00 14689896.00 14767854.00 14843453.00 14923546.00 14996153.00 15078268.00 15147247.00 15232971.00 15310613.00 15385598.00 15462922.00 15539979.00 15614980.00 15683565.00 
15662222.00 15875552.00 15942921.00 16019120.00 16092646.00 16168790.00 16247286.00 16326130.00 16394224.00 16480841.00 16552612.00 16635552.00 16712111.00 16791248.00 16868008.00 16943188.00 17020050.00 17101596.00 17175678.00 17256762.00 
17323490.00 17411524.00 17485542.00 17568316.00 17636778.00 17708624.00 17799062.00 17876536.00 17952192.00 18036692.00 18106790.00 18190034.00 18262940.00 18343508.00 18422336.00 18496968.00 18575822.00 18652732.00 18731724.00 18808642.00 
18842258.00 18969038.00 19044674.00 19122932.00 19197880.00 19275242.00 19352160.00 19432200.00 19506386.00 19587464.00 19637066.00 19745338.00 19819958.00 19899086.00 19975534.00 20052932.00 20123244.00 20207622.00 20285970.00 20366060.00 
20431776.00 20520512.00 20596030.00 20674302.00 20747224.00 20824462.00 20897180.00 21012164.00 21068550.00 21145512.00 21217418.00 21301588.00 21368328.00 21454250.00 21531416.00 21595316.00 21685574.00 21770198.00 21842198.00 21920138.00 
21975182.00 22075888.00 22152654.00 22230912.00 22306896.00 22382476.00 22468216.00 22542610.00 22610896.00 22698898.00 22769510.00 22859274.00 22929042.00 23007724.00 23085350.00 23161354.00 23236898.00 23317908.00 23393970.00 23470778.00 
23493958.00 23634166.00 23708402.00 23784718.00 23854690.00 23938930.00 24020018.00 24097364.00 24173112.00 24250456.00 24323648.00 24399074.00 24481226.00 24560152.00 24638904.00 24715444.00 24793946.00 24874014.00 24949762.00 25026764.00 
25060194.00 25187308.00 25262832.00 25339356.00 25416040.00 25481164.00 25573176.00 25648840.00 25724630.00 25806200.00 25878732.00 25959090.00 26036266.00 26111532.00 26196396.00 26270892.00 26341674.00 26428154.00 26504252.00 26584440.00 
26649726.00 26739242.00 26814536.00 26904654.00 26968708.00 27047128.00 27126962.00 27205886.00 27280718.00 27360054.00 27409246.00 27515408.00 27584376.00 27674974.00 27747990.00 27822548.00 27903976.00 27982216.00 28059848.00 28138198.00 
28191762.00 28294042.00 28371050.00 28447438.00 28524970.00 28600902.00 28680338.00 28759394.00 28827408.00 28913092.00 28986586.00 29068072.00 29145628.00 29223160.00 29301136.00 29365556.00 29453170.00 29534506.00 29613168.00 29693930.00 
29757082.00 29847700.00 29921700.00 30001704.00 30068776.00 30152648.00 30232322.00 30309298.00 30385570.00 30465252.00 30536098.00 30617758.00 30690936.00 30773106.00 30846686.00 30919724.00 30995588.00 31068150.00 31132994.00 31171826.00 
end   dump: w
==END   DUMP_ARRAYS==
Time in seconds = 0.096773
Sender: LSF System <lsfadmin@polus-c2-ib.bmc.hpc.cs.msu.ru>
Subject: Job 493131: <./medium.o> in cluster <MSUCluster> Done

Job <./medium.o> was submitted from host <polus-ib.bmc.hpc.cs.msu.ru> by user <edu-cmc-skpod19-328-11> in cluster <MSUCluster> at Fri Nov 29 23:31:24 2019
Job was executed on host(s) <15*polus-c2-ib.bmc.hpc.cs.msu.ru>, in queue <short>, as user <edu-cmc-skpod19-328-11> in cluster <MSUCluster> at Fri Nov 29 23:34:25 2019
                            <2*polus-c3-ib.bmc.hpc.cs.msu.ru>
</home_edu/edu-cmc-skpod19-328/edu-cmc-skpod19-328-11> was used as the home directory.
</home_edu/edu-cmc-skpod19-328/edu-cmc-skpod19-328-11/dep_gemver> was used as the working directory.
Started at Fri Nov 29 23:34:25 2019
Terminated at Fri Nov 29 23:34:26 2019
Results reported at Fri Nov 29 23:34:26 2019

Your job looked like:

------------------------------------------------------------
# LSBATCH: User input
./medium.o
------------------------------------------------------------

Successfully completed.

Resource usage summary:

    CPU time :                                   4.39 sec.
    Max Memory :                                 4 MB
    Average Memory :                             3.00 MB
    Total Requested Memory :                     -
    Delta Memory :                               -
    Max Swap :                                   -
    Max Processes :                              2
    Max Threads :                                3
    Run time :                                   1 sec.
    Turnaround time :                            182 sec.

The output (if any) follows:

==BEGIN DUMP_ARRAYS==
begin dump: w
0.00 0.00 0.00 0.00 0.00 0.00 0.00 0.00 0.00 0.00 0.00 0.00 0.00 0.00 0.00 0.00 0.00 0.00 0.00 0.00 
0.00 0.00 0.00 0.00 0.00 0.00 0.00 0.00 0.00 0.00 0.00 0.00 0.00 0.00 0.00 0.00 0.00 0.00 0.00 0.00 
0.00 0.00 0.00 0.00 0.00 0.00 0.00 0.00 0.00 0.00 0.00 0.00 0.00 0.00 0.00 0.00 0.00 0.00 0.00 0.00 
0.00 0.00 0.00 0.00 0.00 0.00 0.00 0.00 0.00 0.00 0.00 0.00 0.00 0.00 0.00 0.00 0.00 0.00 0.00 0.00 
0.00 0.00 0.00 0.00 0.00 0.00 0.00 0.00 0.00 0.00 0.00 0.00 0.00 0.00 0.00 0.00 0.00 0.00 0.00 0.00 
0.00 0.00 0.00 0.00 0.00 0.00 0.00 0.00 0.00 0.00 0.00 0.00 0.00 0.00 0.00 0.00 0.00 0.00 0.00 0.00 
0.00 0.00 0.00 0.00 0.00 0.00 0.00 0.00 0.00 0.00 0.00 0.00 0.00 0.00 0.00 0.00 0.00 0.00 0.00 0.00 
0.00 0.00 0.00 0.00 0.00 0.00 0.00 0.00 0.00 0.00 0.00 0.00 0.00 0.00 0.00 0.00 0.00 0.00 0.00 0.00 
0.00 0.00 0.00 0.00 0.00 0.00 0.00 0.00 0.00 0.00 0.00 0.00 0.00 0.00 0.00 0.00 0.00 0.00 0.00 0.00 
0.00 0.00 0.00 0.00 0.00 0.00 0.00 0.00 0.00 0.00 0.00 0.00 0.00 0.00 0.00 0.00 0.00 0.00 0.00 0.00 
0.00 0.00 0.00 0.00 0.00 0.00 0.00 0.00 0.00 0.00 0.00 0.00 0.00 0.00 0.00 0.00 0.00 0.00 0.00 0.00 
0.00 0.00 0.00 0.00 0.00 0.00 0.00 0.00 0.00 0.00 0.00 0.00 0.00 0.00 0.00 0.00 0.00 0.00 0.00 0.00 
0.00 0.00 0.00 0.00 0.00 0.00 0.00 0.00 0.00 0.00 0.00 0.00 0.00 0.00 0.00 0.00 0.00 0.00 0.00 0.00 
0.00 0.00 0.00 0.00 0.00 0.00 0.00 0.00 0.00 0.00 0.00 0.00 0.00 0.00 0.00 0.00 0.00 0.00 0.00 0.00 
0.00 0.00 0.00 0.00 0.00 0.00 0.00 0.00 0.00 0.00 0.00 0.00 0.00 0.00 0.00 0.00 0.00 0.00 0.00 0.00 
0.00 0.00 0.00 0.00 0.00 0.00 0.00 0.00 0.00 0.00 0.00 0.00 0.00 0.00 0.00 0.00 0.00 0.00 0.00 0.00 
0.00 0.00 0.00 0.00 0.00 0.00 0.00 0.00 0.00 0.00 0.00 0.00 0.00 0.00 0.00 0.00 0.00 0.00 0.00 0.00 
0.00 0.00 0.00 0.00 0.00 0.00 0.00 0.00 0.00 0.00 0.00 0.00 0.00 0.00 0.00 0.00 0.00 0.00 0.00 0.00 
0.00 0.00 0.00 0.00 0.00 0.00 0.00 0.00 0.00 0.00 0.00 0.00 0.00 0.00 0.00 0.00 0.00 0.00 0.00 0.00 
0.00 0.00 0.00 0.00 0.00 0.00 0.00 0.00 0.00 0.00 0.00 0.00 0.00 0.00 0.00 0.00 0.00 0.00 0.00 0.00 
end   dump: w
==END   DUMP_ARRAYS==
==BEGIN DUMP_ARRAYS==
begin dump: w
62.65 374940.22 411803.78 472283.31 540660.06 612253.06 685808.56 759617.56 830907.25 907429.00 977978.56 1057188.88 1129917.88 1206968.75 1280235.00 1354089.50 1423011.50 1504924.38 1579788.62 1653666.12 
1720518.88 1802893.25 1880719.12 1957099.50 2028171.62 2093121.25 2181407.00 2257500.50 2330211.50 2408213.50 2477424.25 2558871.25 2624289.25 2707538.75 2782558.75 2856355.25 2930388.50 3009458.50 3082072.50 3157589.25 
3212519.25 3308491.00 3382355.75 3459460.25 3532049.00 3609142.75 3685344.75 3756730.50 3827803.75 3911530.50 3959230.50 4061982.50 4135284.00 4211071.00 4285896.50 4360121.50 4433005.00 4502514.50 4588885.50 4662696.50 
4728028.00 4812854.50 4889231.00 4963762.00 5031068.50 5111705.00 5186990.00 5271512.50 5340229.50 5418056.50 5485986.00 5566674.00 5637095.50 5718434.50 5790518.00 5853768.50 5940452.50 6018430.00 6090795.50 6164980.00 
6199274.00 6320689.50 6393924.00 6468827.50 6542248.50 6617338.00 6695112.00 6772805.00 6840749.50 6928511.50 6990678.50 7072286.50 7143356.50 7219876.00 7293866.00 7368966.00 7437851.50 7523018.00 7595269.50 7668335.00 
7692575.00 7827458.00 7900441.00 7974625.50 8045784.50 8122371.00 8199499.50 8275771.00 8348296.00 8418838.00 8496204.00 8574217.00 8642524.00 8725263.00 8795919.00 8876115.00 8950410.00 9027178.00 9101800.00 9177338.00 
9231046.00 9328247.00 9402793.00 9473153.00 9551952.00 9615093.00 9702648.00 9779023.00 9845449.00 9926502.00 9998409.00 10077335.00 10148737.00 10205919.00 10318695.00 10384295.00 10456033.00 10534786.00 10608969.00 10682843.00 
10747827.00 10832828.00 10909262.00 10986129.00 11050765.00 11130994.00 11209538.00 11284612.00 11358219.00 11433494.00 11483295.00 11586464.00 11657247.00 11736479.00 11813349.00 11884491.00 11959998.00 12036195.00 12110865.00 12185110.00 
12218793.00 12340822.00 12413657.00 12491411.00 12562264.00 12637332.00 12713058.00 12790867.00 12860464.00 12938981.00 13009539.00 13087742.00 13165868.00 13242981.00 13316856.00 13377663.00 13457659.00 13540860.00 13620145.00 13693027.00 
13756567.00 13842765.00 13920227.00 13992893.00 14064008.00 14141541.00 14217397.00 14293443.00 14366046.00 14443267.00 14513855.00 14594367.00 14660290.00 14743503.00 14818660.00 14890803.00 14965415.00 15040571.00 15112668.00 15177851.00 
15160765.00 15367613.00 15431756.00 15504905.00 15576756.00 15650120.00 15725774.00 15801964.00 15868512.00 15951094.00 16021610.00 16102202.00 16176119.00 16252034.00 16327036.00 16399391.00 16473697.00 16552581.00 16624205.00 16702704.00 
16767589.00 16852440.00 16924284.00 17004616.00 17071144.00 17140982.00 17227574.00 17302488.00 17376300.00 17457726.00 17525938.00 17606494.00 17677248.00 17754606.00 17831368.00 17903600.00 17979908.00 18054062.00 18130770.00 18204646.00 
18238680.00 18360362.00 18433564.00 18509274.00 18582168.00 18656438.00 18731080.00 18808992.00 18880462.00 18959008.00 19007744.00 19111980.00 19183950.00 19260854.00 19334888.00 19409940.00 19478032.00 19559346.00 19635170.00 19712638.00 
19776332.00 19862628.00 19935458.00 20010682.00 20081676.00 20156634.00 20225734.00 20339558.00 20393430.00 20468134.00 20537062.00 20618958.00 20683354.00 20766448.00 20841784.00 20903548.00 20990212.00 21072316.00 21141636.00 21217236.00 
21270656.00 21368132.00 21442624.00 21518294.00 21591758.00 21664816.00 21748506.00 21820206.00 21886272.00 21971252.00 22039272.00 22126634.00 22193870.00 22269692.00 22344924.00 22418556.00 22491932.00 22570854.00 22643984.00 22718020.00 
22741730.00 22877134.00 22949162.00 23022448.00 23090946.00 23171966.00 23250552.00 23325596.00 23398812.00 23473188.00 23544790.00 23616958.00 23696958.00 23772670.00 23849320.00 23923590.00 23999922.00 24076640.00 24150510.00 24224782.00 
24258190.00 24380496.00 24453628.00 24527038.00 24601716.00 24664878.00 24753916.00 24827040.00 24900614.00 24978802.00 25049482.00 25127416.00 25201940.00 25273956.00 25357444.00 25429240.00 25497734.00 25581704.00 25655194.00 25732620.00 
25796132.00 25882776.00 25955540.00 26042960.00 26104702.00 26180816.00 26258530.00 26334390.00 26406884.00 26483486.00 26531798.00 26633946.00 26700992.00 26788748.00 26859086.00 26931798.00 27010120.00 27086010.00 27162076.00 27236984.00 
27289184.00 27387876.00 27462346.00 27536006.00 27611778.00 27684566.00 27761874.00 27837928.00 27904514.00 27986594.00 28058046.00 28137256.00 28211952.00 28287964.00 28363018.00 28425528.00 28509544.00 28588382.00 28663706.00 28742580.00 
28803636.00 28891808.00 28964644.00 29040548.00 29105778.00 29186842.00 29264192.00 29338500.00 29412244.00 29488280.00 29557494.00 29638042.00 29706812.00 29785850.00 29858620.00 29928678.00 30001506.00 30073192.00 30132624.00 30170514.00 
end   dump: w
==END   DUMP_ARRAYS==
Time in seconds = 0.067160
