Sender: LSF System <lsfadmin@polus-c1-ib.bmc.hpc.cs.msu.ru>
Subject: Job 493208: <./medium.o> in cluster <MSUCluster> Done

Job <./medium.o> was submitted from host <polus-ib.bmc.hpc.cs.msu.ru> by user <edu-cmc-skpod19-328-11> in cluster <MSUCluster> at Fri Nov 29 23:32:25 2019
Job was executed on host(s) <5*polus-c1-ib.bmc.hpc.cs.msu.ru>, in queue <short>, as user <edu-cmc-skpod19-328-11> in cluster <MSUCluster> at Fri Nov 29 23:35:21 2019
                            <15*polus-c2-ib.bmc.hpc.cs.msu.ru>
</home_edu/edu-cmc-skpod19-328/edu-cmc-skpod19-328-11> was used as the home directory.
</home_edu/edu-cmc-skpod19-328/edu-cmc-skpod19-328-11/dep_gemver> was used as the working directory.
Started at Fri Nov 29 23:35:21 2019
Terminated at Fri Nov 29 23:35:23 2019
Results reported at Fri Nov 29 23:35:23 2019

Your job looked like:

------------------------------------------------------------
# LSBATCH: User input
./medium.o
------------------------------------------------------------

Successfully completed.

Resource usage summary:

    CPU time :                                   4.67 sec.
    Max Memory :                                 1 MB
    Average Memory :                             1.00 MB
    Total Requested Memory :                     -
    Delta Memory :                               -
    Max Swap :                                   -
    Max Processes :                              1
    Max Threads :                                1
    Run time :                                   1 sec.
    Turnaround time :                            178 sec.

The output (if any) follows:

==BEGIN DUMP_ARRAYS==
begin dump: w
0.00 0.00 0.00 0.00 0.00 0.00 0.00 0.00 0.00 0.00 0.00 0.00 0.00 0.00 0.00 0.00 0.00 0.00 0.00 0.00 
0.00 0.00 0.00 0.00 0.00 0.00 0.00 0.00 0.00 0.00 0.00 0.00 0.00 0.00 0.00 0.00 0.00 0.00 0.00 0.00 
0.00 0.00 0.00 0.00 0.00 0.00 0.00 0.00 0.00 0.00 0.00 0.00 0.00 0.00 0.00 0.00 0.00 0.00 0.00 0.00 
0.00 0.00 0.00 0.00 0.00 0.00 0.00 0.00 0.00 0.00 0.00 0.00 0.00 0.00 0.00 0.00 0.00 0.00 0.00 0.00 
0.00 0.00 0.00 0.00 0.00 0.00 0.00 0.00 0.00 0.00 0.00 0.00 0.00 0.00 0.00 0.00 0.00 0.00 0.00 0.00 
0.00 0.00 0.00 0.00 0.00 0.00 0.00 0.00 0.00 0.00 0.00 0.00 0.00 0.00 0.00 0.00 0.00 0.00 0.00 0.00 
0.00 0.00 0.00 0.00 0.00 0.00 0.00 0.00 0.00 0.00 0.00 0.00 0.00 0.00 0.00 0.00 0.00 0.00 0.00 0.00 
0.00 0.00 0.00 0.00 0.00 0.00 0.00 0.00 0.00 0.00 0.00 0.00 0.00 0.00 0.00 0.00 0.00 0.00 0.00 0.00 
0.00 0.00 0.00 0.00 0.00 0.00 0.00 0.00 0.00 0.00 0.00 0.00 0.00 0.00 0.00 0.00 0.00 0.00 0.00 0.00 
0.00 0.00 0.00 0.00 0.00 0.00 0.00 0.00 0.00 0.00 0.00 0.00 0.00 0.00 0.00 0.00 0.00 0.00 0.00 0.00 
0.00 0.00 0.00 0.00 0.00 0.00 0.00 0.00 0.00 0.00 0.00 0.00 0.00 0.00 0.00 0.00 0.00 0.00 0.00 0.00 
0.00 0.00 0.00 0.00 0.00 0.00 0.00 0.00 0.00 0.00 0.00 0.00 0.00 0.00 0.00 0.00 0.00 0.00 0.00 0.00 
0.00 0.00 0.00 0.00 0.00 0.00 0.00 0.00 0.00 0.00 0.00 0.00 0.00 0.00 0.00 0.00 0.00 0.00 0.00 0.00 
0.00 0.00 0.00 0.00 0.00 0.00 0.00 0.00 0.00 0.00 0.00 0.00 0.00 0.00 0.00 0.00 0.00 0.00 0.00 0.00 
0.00 0.00 0.00 0.00 0.00 0.00 0.00 0.00 0.00 0.00 0.00 0.00 0.00 0.00 0.00 0.00 0.00 0.00 0.00 0.00 
0.00 0.00 0.00 0.00 0.00 0.00 0.00 0.00 0.00 0.00 0.00 0.00 0.00 0.00 0.00 0.00 0.00 0.00 0.00 0.00 
0.00 0.00 0.00 0.00 0.00 0.00 0.00 0.00 0.00 0.00 0.00 0.00 0.00 0.00 0.00 0.00 0.00 0.00 0.00 0.00 
0.00 0.00 0.00 0.00 0.00 0.00 0.00 0.00 0.00 0.00 0.00 0.00 0.00 0.00 0.00 0.00 0.00 0.00 0.00 0.00 
0.00 0.00 0.00 0.00 0.00 0.00 0.00 0.00 0.00 0.00 0.00 0.00 0.00 0.00 0.00 0.00 0.00 0.00 0.00 0.00 
0.00 0.00 0.00 0.00 0.00 0.00 0.00 0.00 0.00 0.00 0.00 0.00 0.00 0.00 0.00 0.00 0.00 0.00 0.00 0.00 
end   dump: w
==END   DUMP_ARRAYS==
==BEGIN DUMP_ARRAYS==
begin dump: w
60.27 360658.81 394696.38 455448.72 520556.03 588121.44 660039.88 731321.62 798739.94 875187.56 940924.56 1017169.44 1086808.75 1160961.75 1232344.00 1302391.25 1368763.88 1448736.00 1521356.50 1590319.38 
1654886.38 1735025.00 1809883.12 1883480.75 1951023.38 2014430.50 2099126.25 2172272.50 2242575.50 2317352.25 2383693.00 2462274.25 2525216.25 2604831.75 2677354.25 2748751.50 2819991.50 2895349.75 2965598.25 3038083.75 
3090752.75 3183144.50 3254673.75 3329184.00 3398237.00 3472575.25 3545003.00 3614734.50 3682099.25 3763340.75 3809702.50 3908189.25 3978290.50 4051653.50 4123808.00 4194657.50 4264809.50 4331866.50 4415009.50 4486208.00 
4548414.00 4630343.00 4703586.00 4775684.50 4839891.50 4918057.50 4989970.00 5071069.00 5137446.50 5212553.50 5278380.50 5355545.00 5422934.50 5501439.00 5571076.50 5631412.50 5714629.00 5790066.00 5860097.50 5931257.00 
5964013.50 6080564.00 6151134.00 6223025.00 6293671.50 6366077.50 6441137.50 6515704.50 6580760.50 6665158.00 6725718.50 6803277.00 6871750.50 6945863.50 7017477.50 7089328.00 7155533.50 7237275.00 7307189.00 7377134.50 
7400399.50 7530183.50 7599862.00 7671898.50 7740068.50 7813692.00 7887868.00 7961012.50 8031496.00 8099460.50 8173079.00 8248600.50 8313852.00 8393959.00 8462318.00 8539025.00 8610422.00 8684228.00 8756138.00 8828627.00 
8880116.00 8973622.00 9045251.00 9112835.00 9188648.00 9249812.00 9333902.00 9407892.00 9471488.00 9550148.00 9618758.00 9694116.00 9762842.00 9818442.00 9925570.00 9988879.00 10057948.00 10134097.00 10205573.00 10276794.00 
10339117.00 10421473.00 10494228.00 10568468.00 10630613.00 10708347.00 10783396.00 10855777.00 10926525.00 10999302.00 11046619.00 11145863.00 11213634.00 11290113.00 11364346.00 11432480.00 11505652.00 11578611.00 11650682.00 11722128.00 
11753892.00 11870991.00 11941833.00 12016285.00 12084658.00 12156538.00 12229612.00 12304696.00 12371529.00 12447040.00 12515280.00 12589803.00 12665291.00 12739298.00 12810596.00 12868909.00 12946262.00 13026440.00 13101756.00 13172050.00 
13233416.00 13316246.00 13390751.00 13460845.00 13528739.00 13604015.00 13676912.00 13750042.00 13820109.00 13893996.00 13962494.00 14038955.00 14102954.00 14182770.00 14255385.00 14324752.00 14396751.00 14468813.00 14537880.00 14601945.00 
14583794.00 14781937.00 14844959.00 14915068.00 14983823.00 15054935.00 15127448.00 15201112.00 15264344.00 15344923.00 15411846.00 15489887.00 15560460.00 15633835.00 15705928.00 15775668.00 15847245.00 15923038.00 15992086.00 16067640.00 
16129566.00 16211832.00 16281084.00 16357436.00 16421035.00 16489152.00 16572244.00 16644587.00 16715279.00 16794078.00 16859062.00 16936838.00 17004456.00 17079188.00 17153230.00 17223144.00 17295920.00 17367602.00 17441002.00 17512886.00 
17544818.00 17661742.00 17732166.00 17805274.00 17874912.00 17947196.00 18018494.00 18093768.00 18162348.00 18238014.00 18284580.00 18384568.00 18454046.00 18528106.00 18599440.00 18671324.00 18736684.00 18815406.00 18888608.00 18962402.00 
19023870.00 19107084.00 19177264.00 19249778.00 19318040.00 19390798.00 19457262.00 19565436.00 19617720.00 19689762.00 19755588.00 19833734.00 19895810.00 19975984.00 20048936.00 20108254.00 20191924.00 20271046.00 20337586.00 20410256.00 
20461402.00 20555248.00 20626706.00 20699648.00 20770148.00 20840646.00 20920526.00 20989916.00 21053448.00 21135282.00 21201268.00 21284418.00 21349072.00 21422862.00 21494964.00 21565978.00 21635920.00 21711990.00 21782980.00 21853694.00 
21876086.00 22006744.00 22075644.00 22146606.00 22211758.00 22290346.00 22365358.00 22438018.00 22508822.00 22580602.00 22648626.00 22718718.00 22795224.00 22868182.00 22941698.00 23013606.00 23086896.00 23160850.00 23231702.00 23303316.00 
23334700.00 23452620.00 23522742.00 23593812.00 23665944.00 23726642.00 23811762.00 23882436.00 23953050.00 24028330.00 24095954.00 24171324.00 24243128.00 24312822.00 24392866.00 24461628.00 24527406.00 24608202.00 24679246.00 24753540.00 
24814572.00 24897672.00 24967828.00 25052014.00 25111176.00 25185016.00 25259032.00 25332228.00 25402284.00 25475684.00 25521500.00 25620542.00 25685198.00 25769144.00 25837834.00 25907100.00 25982342.00 26054696.00 26128162.00 26200738.00 
26250760.00 26345786.00 26417236.00 26488516.00 26560580.00 26630936.00 26705494.00 26779052.00 26842084.00 26921592.00 26990652.00 27066528.00 27138004.00 27211600.00 27283710.00 27343634.00 27424964.00 27500402.00 27572960.00 27648868.00 
27708108.00 27793564.00 27861478.00 27935144.00 27998540.00 28077294.00 28150496.00 28222926.00 28293762.00 28366716.00 28433424.00 28508698.00 28577242.00 28652562.00 28722792.00 28791566.00 28860026.00 28928426.00 28988138.00 29023222.00 
end   dump: w
==END   DUMP_ARRAYS==
Time in seconds = 0.058529
