Sender: LSF System <lsfadmin@polus-c2-ib.bmc.hpc.cs.msu.ru>
Subject: Job 494456: <./extra.o> in cluster <MSUCluster> Done

Job <./extra.o> was submitted from host <polus-ib.bmc.hpc.cs.msu.ru> by user <edu-cmc-skpod19-328-11> in cluster <MSUCluster> at Fri Nov 29 23:44:36 2019
Job was executed on host(s) <15*polus-c2-ib.bmc.hpc.cs.msu.ru>, in queue <short>, as user <edu-cmc-skpod19-328-11> in cluster <MSUCluster> at Fri Nov 29 23:47:48 2019
                            <2*polus-c4-ib.bmc.hpc.cs.msu.ru>
</home_edu/edu-cmc-skpod19-328/edu-cmc-skpod19-328-11> was used as the home directory.
</home_edu/edu-cmc-skpod19-328/edu-cmc-skpod19-328-11/dep_gemver> was used as the working directory.
Started at Fri Nov 29 23:47:48 2019
Terminated at Fri Nov 29 23:47:50 2019
Results reported at Fri Nov 29 23:47:50 2019

Your job looked like:

------------------------------------------------------------
# LSBATCH: User input
./extra.o
------------------------------------------------------------

Successfully completed.

Resource usage summary:

    CPU time :                                   11.36 sec.
    Max Memory :                                 1 MB
    Average Memory :                             1.00 MB
    Total Requested Memory :                     -
    Delta Memory :                               -
    Max Swap :                                   -
    Max Processes :                              1
    Max Threads :                                1
    Run time :                                   1 sec.
    Turnaround time :                            194 sec.

The output (if any) follows:

==BEGIN DUMP_ARRAYS==
begin dump: w
0.00 0.00 0.00 0.00 0.00 0.00 0.00 0.00 0.00 0.00 0.00 0.00 0.00 0.00 0.00 0.00 0.00 0.00 0.00 0.00 
0.00 0.00 0.00 0.00 0.00 0.00 0.00 0.00 0.00 0.00 0.00 0.00 0.00 0.00 0.00 0.00 0.00 0.00 0.00 0.00 
0.00 0.00 0.00 0.00 0.00 0.00 0.00 0.00 0.00 0.00 0.00 0.00 0.00 0.00 0.00 0.00 0.00 0.00 0.00 0.00 
0.00 0.00 0.00 0.00 0.00 0.00 0.00 0.00 0.00 0.00 0.00 0.00 0.00 0.00 0.00 0.00 0.00 0.00 0.00 0.00 
0.00 0.00 0.00 0.00 0.00 0.00 0.00 0.00 0.00 0.00 0.00 0.00 0.00 0.00 0.00 0.00 0.00 0.00 0.00 0.00 
0.00 0.00 0.00 0.00 0.00 0.00 0.00 0.00 0.00 0.00 0.00 0.00 0.00 0.00 0.00 0.00 0.00 0.00 0.00 0.00 
0.00 0.00 0.00 0.00 0.00 0.00 0.00 0.00 0.00 0.00 0.00 0.00 0.00 0.00 0.00 0.00 0.00 0.00 0.00 0.00 
0.00 0.00 0.00 0.00 0.00 0.00 0.00 0.00 0.00 0.00 0.00 0.00 0.00 0.00 0.00 0.00 0.00 0.00 0.00 0.00 
0.00 0.00 0.00 0.00 0.00 0.00 0.00 0.00 0.00 0.00 0.00 0.00 0.00 0.00 0.00 0.00 0.00 0.00 0.00 0.00 
0.00 0.00 0.00 0.00 0.00 0.00 0.00 0.00 0.00 0.00 0.00 0.00 0.00 0.00 0.00 0.00 0.00 0.00 0.00 0.00 
0.00 0.00 0.00 0.00 0.00 0.00 0.00 0.00 0.00 0.00 0.00 0.00 0.00 0.00 0.00 0.00 0.00 0.00 0.00 0.00 
0.00 0.00 0.00 0.00 0.00 0.00 0.00 0.00 0.00 0.00 0.00 0.00 0.00 0.00 0.00 0.00 0.00 0.00 0.00 0.00 
0.00 0.00 0.00 0.00 0.00 0.00 0.00 0.00 0.00 0.00 0.00 0.00 0.00 0.00 0.00 0.00 0.00 0.00 0.00 0.00 
0.00 0.00 0.00 0.00 0.00 0.00 0.00 0.00 0.00 0.00 0.00 0.00 0.00 0.00 0.00 0.00 0.00 0.00 0.00 0.00 
0.00 0.00 0.00 0.00 0.00 0.00 0.00 0.00 0.00 0.00 0.00 0.00 0.00 0.00 0.00 0.00 0.00 0.00 0.00 0.00 
0.00 0.00 0.00 0.00 0.00 0.00 0.00 0.00 0.00 0.00 0.00 0.00 0.00 0.00 0.00 0.00 0.00 0.00 0.00 0.00 
0.00 0.00 0.00 0.00 0.00 0.00 0.00 0.00 0.00 0.00 0.00 0.00 0.00 0.00 0.00 0.00 0.00 0.00 0.00 0.00 
0.00 0.00 0.00 0.00 0.00 0.00 0.00 0.00 0.00 0.00 0.00 0.00 0.00 0.00 0.00 0.00 0.00 0.00 0.00 0.00 
0.00 0.00 0.00 0.00 0.00 0.00 0.00 0.00 0.00 0.00 0.00 0.00 0.00 0.00 0.00 0.00 0.00 0.00 0.00 0.00 
0.00 0.00 0.00 0.00 0.00 0.00 0.00 0.00 0.00 0.00 0.00 0.00 0.00 0.00 0.00 0.00 0.00 0.00 0.00 0.00 
0.00 0.00 0.00 0.00 0.00 0.00 0.00 0.00 0.00 0.00 0.00 0.00 0.00 0.00 0.00 0.00 0.00 0.00 0.00 0.00 
0.00 0.00 0.00 0.00 0.00 0.00 0.00 0.00 0.00 0.00 0.00 0.00 0.00 0.00 0.00 0.00 0.00 0.00 0.00 0.00 
0.00 0.00 0.00 0.00 0.00 0.00 0.00 0.00 0.00 0.00 0.00 0.00 0.00 0.00 0.00 0.00 0.00 0.00 0.00 0.00 
0.00 0.00 0.00 0.00 0.00 0.00 0.00 0.00 0.00 0.00 0.00 0.00 0.00 0.00 0.00 0.00 0.00 0.00 0.00 0.00 
0.00 0.00 0.00 0.00 0.00 0.00 0.00 0.00 0.00 0.00 0.00 0.00 0.00 0.00 0.00 0.00 0.00 0.00 0.00 0.00 
0.00 0.00 0.00 0.00 0.00 0.00 0.00 0.00 0.00 0.00 0.00 0.00 0.00 0.00 0.00 0.00 0.00 0.00 0.00 0.00 
0.00 0.00 0.00 0.00 0.00 0.00 0.00 0.00 0.00 0.00 0.00 0.00 0.00 0.00 0.00 0.00 0.00 0.00 0.00 0.00 
0.00 0.00 0.00 0.00 0.00 0.00 0.00 0.00 0.00 0.00 0.00 0.00 0.00 0.00 0.00 0.00 0.00 0.00 0.00 0.00 
0.00 0.00 0.00 0.00 0.00 0.00 0.00 0.00 0.00 0.00 0.00 0.00 0.00 0.00 0.00 0.00 0.00 0.00 0.00 0.00 
0.00 0.00 0.00 0.00 0.00 0.00 0.00 0.00 0.00 0.00 0.00 0.00 0.00 0.00 0.00 0.00 0.00 0.00 0.00 0.00 
0.00 0.00 0.00 0.00 0.00 0.00 0.00 0.00 0.00 0.00 0.00 0.00 0.00 0.00 0.00 0.00 0.00 0.00 0.00 0.00 
0.00 0.00 0.00 0.00 0.00 0.00 0.00 0.00 0.00 0.00 0.00 0.00 0.00 0.00 0.00 0.00 0.00 0.00 0.00 0.00 
0.00 0.00 0.00 0.00 0.00 0.00 0.00 0.00 0.00 0.00 0.00 0.00 0.00 0.00 0.00 0.00 0.00 0.00 0.00 0.00 
0.00 0.00 0.00 0.00 0.00 0.00 0.00 0.00 0.00 0.00 0.00 0.00 0.00 0.00 0.00 0.00 0.00 0.00 0.00 0.00 
0.00 0.00 0.00 0.00 0.00 0.00 0.00 0.00 0.00 0.00 0.00 0.00 0.00 0.00 0.00 0.00 0.00 0.00 0.00 0.00 
0.00 0.00 0.00 0.00 0.00 0.00 0.00 0.00 0.00 0.00 0.00 0.00 0.00 0.00 0.00 0.00 0.00 0.00 0.00 0.00 
0.00 0.00 0.00 0.00 0.00 0.00 0.00 0.00 0.00 0.00 0.00 0.00 0.00 0.00 0.00 0.00 0.00 0.00 0.00 0.00 
0.00 0.00 0.00 0.00 0.00 0.00 0.00 0.00 0.00 0.00 0.00 0.00 0.00 0.00 0.00 0.00 0.00 0.00 0.00 0.00 
0.00 0.00 0.00 0.00 0.00 0.00 0.00 0.00 0.00 0.00 0.00 0.00 0.00 0.00 0.00 0.00 0.00 0.00 0.00 0.00 
0.00 0.00 0.00 0.00 0.00 0.00 0.00 0.00 0.00 0.00 0.00 0.00 0.00 0.00 0.00 0.00 0.00 0.00 0.00 0.00 
0.00 0.00 0.00 0.00 0.00 0.00 0.00 0.00 0.00 0.00 0.00 0.00 0.00 0.00 0.00 0.00 0.00 0.00 0.00 0.00 
0.00 0.00 0.00 0.00 0.00 0.00 0.00 0.00 0.00 0.00 0.00 0.00 0.00 0.00 0.00 0.00 0.00 0.00 0.00 0.00 
0.00 0.00 0.00 0.00 0.00 0.00 0.00 0.00 0.00 0.00 0.00 0.00 0.00 0.00 0.00 0.00 0.00 0.00 0.00 0.00 
0.00 0.00 0.00 0.00 0.00 0.00 0.00 0.00 0.00 0.00 0.00 0.00 0.00 0.00 0.00 0.00 0.00 0.00 0.00 0.00 
0.00 0.00 0.00 0.00 0.00 0.00 0.00 0.00 0.00 0.00 0.00 0.00 0.00 0.00 0.00 0.00 0.00 0.00 0.00 0.00 
0.00 0.00 0.00 0.00 0.00 0.00 0.00 0.00 0.00 0.00 0.00 0.00 0.00 0.00 0.00 0.00 0.00 0.00 0.00 0.00 
0.00 0.00 0.00 0.00 0.00 0.00 0.00 0.00 0.00 0.00 0.00 0.00 0.00 0.00 0.00 0.00 0.00 0.00 0.00 0.00 
0.00 0.00 0.00 0.00 0.00 0.00 0.00 0.00 0.00 0.00 0.00 0.00 0.00 0.00 0.00 0.00 0.00 0.00 0.00 0.00 
0.00 0.00 0.00 0.00 0.00 0.00 0.00 0.00 0.00 0.00 0.00 0.00 0.00 0.00 0.00 0.00 0.00 0.00 0.00 0.00 
0.00 0.00 0.00 0.00 0.00 0.00 0.00 0.00 0.00 0.00 0.00 0.00 0.00 0.00 0.00 0.00 0.00 0.00 0.00 0.00 
0.00 0.00 0.00 0.00 0.00 0.00 0.00 0.00 0.00 0.00 0.00 0.00 0.00 0.00 0.00 0.00 0.00 0.00 0.00 0.00 
0.00 0.00 0.00 0.00 0.00 0.00 0.00 0.00 0.00 0.00 0.00 0.00 0.00 0.00 0.00 0.00 0.00 0.00 0.00 0.00 
0.00 0.00 0.00 0.00 0.00 0.00 0.00 0.00 0.00 0.00 0.00 0.00 0.00 0.00 0.00 0.00 0.00 0.00 0.00 0.00 
0.00 0.00 0.00 0.00 0.00 0.00 0.00 0.00 0.00 0.00 0.00 0.00 0.00 0.00 0.00 0.00 0.00 0.00 0.00 0.00 
0.00 0.00 0.00 0.00 0.00 0.00 0.00 0.00 0.00 0.00 0.00 0.00 0.00 0.00 0.00 0.00 0.00 0.00 0.00 0.00 
0.00 0.00 0.00 0.00 0.00 0.00 0.00 0.00 0.00 0.00 0.00 0.00 0.00 0.00 0.00 0.00 0.00 0.00 0.00 0.00 
0.00 0.00 0.00 0.00 0.00 0.00 0.00 0.00 0.00 0.00 0.00 0.00 0.00 0.00 0.00 0.00 0.00 0.00 0.00 0.00 
0.00 0.00 0.00 0.00 0.00 0.00 0.00 0.00 0.00 0.00 0.00 0.00 0.00 0.00 0.00 0.00 0.00 0.00 0.00 0.00 
0.00 0.00 0.00 0.00 0.00 0.00 0.00 0.00 0.00 0.00 0.00 0.00 0.00 0.00 0.00 0.00 0.00 0.00 0.00 0.00 
0.00 0.00 0.00 0.00 0.00 0.00 0.00 0.00 0.00 0.00 0.00 0.00 0.00 0.00 0.00 0.00 0.00 0.00 0.00 0.00 
0.00 0.00 0.00 0.00 0.00 0.00 0.00 0.00 0.00 0.00 0.00 0.00 0.00 0.00 0.00 0.00 0.00 0.00 0.00 0.00 
0.00 0.00 0.00 0.00 0.00 0.00 0.00 0.00 0.00 0.00 0.00 0.00 0.00 0.00 0.00 0.00 0.00 0.00 0.00 0.00 
0.00 0.00 0.00 0.00 0.00 0.00 0.00 0.00 0.00 0.00 0.00 0.00 0.00 0.00 0.00 0.00 0.00 0.00 0.00 0.00 
0.00 0.00 0.00 0.00 0.00 0.00 0.00 0.00 0.00 0.00 0.00 0.00 0.00 0.00 0.00 0.00 0.00 0.00 0.00 0.00 
0.00 0.00 0.00 0.00 0.00 0.00 0.00 0.00 0.00 0.00 0.00 0.00 0.00 0.00 0.00 0.00 0.00 0.00 0.00 0.00 
0.00 0.00 0.00 0.00 0.00 0.00 0.00 0.00 0.00 0.00 0.00 0.00 0.00 0.00 0.00 0.00 0.00 0.00 0.00 0.00 
0.00 0.00 0.00 0.00 0.00 0.00 0.00 0.00 0.00 0.00 0.00 0.00 0.00 0.00 0.00 0.00 0.00 0.00 0.00 0.00 
0.00 0.00 0.00 0.00 0.00 0.00 0.00 0.00 0.00 0.00 0.00 0.00 0.00 0.00 0.00 0.00 0.00 0.00 0.00 0.00 
0.00 0.00 0.00 0.00 0.00 0.00 0.00 0.00 0.00 0.00 0.00 0.00 0.00 0.00 0.00 0.00 0.00 0.00 0.00 0.00 
0.00 0.00 0.00 0.00 0.00 0.00 0.00 0.00 0.00 0.00 0.00 0.00 0.00 0.00 0.00 0.00 0.00 0.00 0.00 0.00 
0.00 0.00 0.00 0.00 0.00 0.00 0.00 0.00 0.00 0.00 0.00 0.00 0.00 0.00 0.00 0.00 0.00 0.00 0.00 0.00 
0.00 0.00 0.00 0.00 0.00 0.00 0.00 0.00 0.00 0.00 0.00 0.00 0.00 0.00 0.00 0.00 0.00 0.00 0.00 0.00 
0.00 0.00 0.00 0.00 0.00 0.00 0.00 0.00 0.00 0.00 0.00 0.00 0.00 0.00 0.00 0.00 0.00 0.00 0.00 0.00 
0.00 0.00 0.00 0.00 0.00 0.00 0.00 0.00 0.00 0.00 0.00 0.00 0.00 0.00 0.00 0.00 0.00 0.00 0.00 0.00 
0.00 0.00 0.00 0.00 0.00 0.00 0.00 0.00 0.00 0.00 0.00 0.00 0.00 0.00 0.00 0.00 0.00 0.00 0.00 0.00 
0.00 0.00 0.00 0.00 0.00 0.00 0.00 0.00 0.00 0.00 0.00 0.00 0.00 0.00 0.00 0.00 0.00 0.00 0.00 0.00 
0.00 0.00 0.00 0.00 0.00 0.00 0.00 0.00 0.00 0.00 0.00 0.00 0.00 0.00 0.00 0.00 0.00 0.00 0.00 0.00 
0.00 0.00 0.00 0.00 0.00 0.00 0.00 0.00 0.00 0.00 0.00 0.00 0.00 0.00 0.00 0.00 0.00 0.00 0.00 0.00 
0.00 0.00 0.00 0.00 0.00 0.00 0.00 0.00 0.00 0.00 0.00 0.00 0.00 0.00 0.00 0.00 0.00 0.00 0.00 0.00 
0.00 0.00 0.00 0.00 0.00 0.00 0.00 0.00 0.00 0.00 0.00 0.00 0.00 0.00 0.00 0.00 0.00 0.00 0.00 0.00 
0.00 0.00 0.00 0.00 0.00 0.00 0.00 0.00 0.00 0.00 0.00 0.00 0.00 0.00 0.00 0.00 0.00 0.00 0.00 0.00 
0.00 0.00 0.00 0.00 0.00 0.00 0.00 0.00 0.00 0.00 0.00 0.00 0.00 0.00 0.00 0.00 0.00 0.00 0.00 0.00 
0.00 0.00 0.00 0.00 0.00 0.00 0.00 0.00 0.00 0.00 0.00 0.00 0.00 0.00 0.00 0.00 0.00 0.00 0.00 0.00 
0.00 0.00 0.00 0.00 0.00 0.00 0.00 0.00 0.00 0.00 0.00 0.00 0.00 0.00 0.00 0.00 0.00 0.00 0.00 0.00 
0.00 0.00 0.00 0.00 0.00 0.00 0.00 0.00 0.00 0.00 0.00 0.00 0.00 0.00 0.00 0.00 0.00 0.00 0.00 0.00 
0.00 0.00 0.00 0.00 0.00 0.00 0.00 0.00 0.00 0.00 0.00 0.00 0.00 0.00 0.00 0.00 0.00 0.00 0.00 0.00 
0.00 0.00 0.00 0.00 0.00 0.00 0.00 0.00 0.00 0.00 0.00 0.00 0.00 0.00 0.00 0.00 0.00 0.00 0.00 0.00 
0.00 0.00 0.00 0.00 0.00 0.00 0.00 0.00 0.00 0.00 0.00 0.00 0.00 0.00 0.00 0.00 0.00 0.00 0.00 0.00 
0.00 0.00 0.00 0.00 0.00 0.00 0.00 0.00 0.00 0.00 0.00 0.00 0.00 0.00 0.00 0.00 0.00 0.00 0.00 0.00 
0.00 0.00 0.00 0.00 0.00 0.00 0.00 0.00 0.00 0.00 0.00 0.00 0.00 0.00 0.00 0.00 0.00 0.00 0.00 0.00 
0.00 0.00 0.00 0.00 0.00 0.00 0.00 0.00 0.00 0.00 0.00 0.00 0.00 0.00 0.00 0.00 0.00 0.00 0.00 0.00 
0.00 0.00 0.00 0.00 0.00 0.00 0.00 0.00 0.00 0.00 0.00 0.00 0.00 0.00 0.00 0.00 0.00 0.00 0.00 0.00 
0.00 0.00 0.00 0.00 0.00 0.00 0.00 0.00 0.00 0.00 0.00 0.00 0.00 0.00 0.00 0.00 0.00 0.00 0.00 0.00 
0.00 0.00 0.00 0.00 0.00 0.00 0.00 0.00 0.00 0.00 0.00 0.00 0.00 0.00 0.00 0.00 0.00 0.00 0.00 0.00 
0.00 0.00 0.00 0.00 0.00 0.00 0.00 0.00 0.00 0.00 0.00 0.00 0.00 0.00 0.00 0.00 0.00 0.00 0.00 0.00 
0.00 0.00 0.00 0.00 0.00 0.00 0.00 0.00 0.00 0.00 0.00 0.00 0.00 0.00 0.00 0.00 0.00 0.00 0.00 0.00 
0.00 0.00 0.00 0.00 0.00 0.00 0.00 0.00 0.00 0.00 0.00 0.00 0.00 0.00 0.00 0.00 0.00 0.00 0.00 0.00 
0.00 0.00 0.00 0.00 0.00 0.00 0.00 0.00 0.00 0.00 0.00 0.00 0.00 0.00 0.00 0.00 0.00 0.00 0.00 0.00 
0.00 0.00 0.00 0.00 0.00 0.00 0.00 0.00 0.00 0.00 0.00 0.00 0.00 0.00 0.00 0.00 0.00 0.00 0.00 0.00 
0.00 0.00 0.00 0.00 0.00 0.00 0.00 0.00 0.00 0.00 0.00 0.00 0.00 0.00 0.00 0.00 0.00 0.00 0.00 0.00 
0.00 0.00 0.00 0.00 0.00 0.00 0.00 0.00 0.00 0.00 0.00 0.00 0.00 0.00 0.00 0.00 0.00 0.00 0.00 0.00 
0.00 0.00 0.00 0.00 0.00 0.00 0.00 0.00 0.00 0.00 0.00 0.00 0.00 0.00 0.00 0.00 0.00 0.00 0.00 0.00 
0.00 0.00 0.00 0.00 0.00 0.00 0.00 0.00 0.00 0.00 0.00 0.00 0.00 0.00 0.00 0.00 0.00 0.00 0.00 0.00 
0.00 0.00 0.00 0.00 0.00 0.00 0.00 0.00 0.00 0.00 0.00 0.00 0.00 0.00 0.00 0.00 0.00 0.00 0.00 0.00 
0.00 0.00 0.00 0.00 0.00 0.00 0.00 0.00 0.00 0.00 0.00 0.00 0.00 0.00 0.00 0.00 0.00 0.00 0.00 0.00 
0.00 0.00 0.00 0.00 0.00 0.00 0.00 0.00 0.00 0.00 0.00 0.00 0.00 0.00 0.00 0.00 0.00 0.00 0.00 0.00 
0.00 0.00 0.00 0.00 0.00 0.00 0.00 0.00 0.00 0.00 0.00 0.00 0.00 0.00 0.00 0.00 0.00 0.00 0.00 0.00 
0.00 0.00 0.00 0.00 0.00 0.00 0.00 0.00 0.00 0.00 0.00 0.00 0.00 0.00 0.00 0.00 0.00 0.00 0.00 0.00 
0.00 0.00 0.00 0.00 0.00 0.00 0.00 0.00 0.00 0.00 0.00 0.00 0.00 0.00 0.00 0.00 0.00 0.00 0.00 0.00 
0.00 0.00 0.00 0.00 0.00 0.00 0.00 0.00 0.00 0.00 0.00 0.00 0.00 0.00 0.00 0.00 0.00 0.00 0.00 0.00 
0.00 0.00 0.00 0.00 0.00 0.00 0.00 0.00 0.00 0.00 0.00 0.00 0.00 0.00 0.00 0.00 0.00 0.00 0.00 0.00 
0.00 0.00 0.00 0.00 0.00 0.00 0.00 0.00 0.00 0.00 0.00 0.00 0.00 0.00 0.00 0.00 0.00 0.00 0.00 0.00 
0.00 0.00 0.00 0.00 0.00 0.00 0.00 0.00 0.00 0.00 0.00 0.00 0.00 0.00 0.00 0.00 0.00 0.00 0.00 0.00 
0.00 0.00 0.00 0.00 0.00 0.00 0.00 0.00 0.00 0.00 0.00 0.00 0.00 0.00 0.00 0.00 0.00 0.00 0.00 0.00 
0.00 0.00 0.00 0.00 0.00 0.00 0.00 0.00 0.00 0.00 0.00 0.00 0.00 0.00 0.00 0.00 0.00 0.00 0.00 0.00 
0.00 0.00 0.00 0.00 0.00 0.00 0.00 0.00 0.00 0.00 0.00 0.00 0.00 0.00 0.00 0.00 0.00 0.00 0.00 0.00 
0.00 0.00 0.00 0.00 0.00 0.00 0.00 0.00 0.00 0.00 0.00 0.00 0.00 0.00 0.00 0.00 0.00 0.00 0.00 0.00 
0.00 0.00 0.00 0.00 0.00 0.00 0.00 0.00 0.00 0.00 0.00 0.00 0.00 0.00 0.00 0.00 0.00 0.00 0.00 0.00 
0.00 0.00 0.00 0.00 0.00 0.00 0.00 0.00 0.00 0.00 0.00 0.00 0.00 0.00 0.00 0.00 0.00 0.00 0.00 0.00 
0.00 0.00 0.00 0.00 0.00 0.00 0.00 0.00 0.00 0.00 0.00 0.00 0.00 0.00 0.00 0.00 0.00 0.00 0.00 0.00 
0.00 0.00 0.00 0.00 0.00 0.00 0.00 0.00 0.00 0.00 0.00 0.00 0.00 0.00 0.00 0.00 0.00 0.00 0.00 0.00 
0.00 0.00 0.00 0.00 0.00 0.00 0.00 0.00 0.00 0.00 0.00 0.00 0.00 0.00 0.00 0.00 0.00 0.00 0.00 0.00 
0.00 0.00 0.00 0.00 0.00 0.00 0.00 0.00 0.00 0.00 0.00 0.00 0.00 0.00 0.00 0.00 0.00 0.00 0.00 0.00 
0.00 0.00 0.00 0.00 0.00 0.00 0.00 0.00 0.00 0.00 0.00 0.00 0.00 0.00 0.00 0.00 0.00 0.00 0.00 0.00 
0.00 0.00 0.00 0.00 0.00 0.00 0.00 0.00 0.00 0.00 0.00 0.00 0.00 0.00 0.00 0.00 0.00 0.00 0.00 0.00 
0.00 0.00 0.00 0.00 0.00 0.00 0.00 0.00 0.00 0.00 0.00 0.00 0.00 0.00 0.00 0.00 0.00 0.00 0.00 0.00 
0.00 0.00 0.00 0.00 0.00 0.00 0.00 0.00 0.00 0.00 0.00 0.00 0.00 0.00 0.00 0.00 0.00 0.00 0.00 0.00 
0.00 0.00 0.00 0.00 0.00 0.00 0.00 0.00 0.00 0.00 0.00 0.00 0.00 0.00 0.00 0.00 0.00 0.00 0.00 0.00 
0.00 0.00 0.00 0.00 0.00 0.00 0.00 0.00 0.00 0.00 0.00 0.00 0.00 0.00 0.00 0.00 0.00 0.00 0.00 0.00 
0.00 0.00 0.00 0.00 0.00 0.00 0.00 0.00 0.00 0.00 0.00 0.00 0.00 0.00 0.00 0.00 0.00 0.00 0.00 0.00 
0.00 0.00 0.00 0.00 0.00 0.00 0.00 0.00 0.00 0.00 0.00 0.00 0.00 0.00 0.00 0.00 0.00 0.00 0.00 0.00 
0.00 0.00 0.00 0.00 0.00 0.00 0.00 0.00 0.00 0.00 0.00 0.00 0.00 0.00 0.00 0.00 0.00 0.00 0.00 0.00 
0.00 0.00 0.00 0.00 0.00 0.00 0.00 0.00 0.00 0.00 0.00 0.00 0.00 0.00 0.00 0.00 0.00 0.00 0.00 0.00 
0.00 0.00 0.00 0.00 0.00 0.00 0.00 0.00 0.00 0.00 0.00 0.00 0.00 0.00 0.00 0.00 0.00 0.00 0.00 0.00 
0.00 0.00 0.00 0.00 0.00 0.00 0.00 0.00 0.00 0.00 0.00 0.00 0.00 0.00 0.00 0.00 0.00 0.00 0.00 0.00 
0.00 0.00 0.00 0.00 0.00 0.00 0.00 0.00 0.00 0.00 0.00 0.00 0.00 0.00 0.00 0.00 0.00 0.00 0.00 0.00 
0.00 0.00 0.00 0.00 0.00 0.00 0.00 0.00 0.00 0.00 0.00 0.00 0.00 0.00 0.00 0.00 0.00 0.00 0.00 0.00 
0.00 0.00 0.00 0.00 0.00 0.00 0.00 0.00 0.00 0.00 0.00 0.00 0.00 0.00 0.00 0.00 0.00 0.00 0.00 0.00 
0.00 0.00 0.00 0.00 0.00 0.00 0.00 0.00 0.00 0.00 0.00 0.00 0.00 0.00 0.00 0.00 0.00 0.00 0.00 0.00 
0.00 0.00 0.00 0.00 0.00 0.00 0.00 0.00 0.00 0.00 0.00 0.00 0.00 0.00 0.00 0.00 0.00 0.00 0.00 0.00 
0.00 0.00 0.00 0.00 0.00 0.00 0.00 0.00 0.00 0.00 0.00 0.00 0.00 0.00 0.00 0.00 0.00 0.00 0.00 0.00 
0.00 0.00 0.00 0.00 0.00 0.00 0.00 0.00 0.00 0.00 0.00 0.00 0.00 0.00 0.00 0.00 0.00 0.00 0.00 0.00 
0.00 0.00 0.00 0.00 0.00 0.00 0.00 0.00 0.00 0.00 0.00 0.00 0.00 0.00 0.00 0.00 0.00 0.00 0.00 0.00 
0.00 0.00 0.00 0.00 0.00 0.00 0.00 0.00 0.00 0.00 0.00 0.00 0.00 0.00 0.00 0.00 0.00 0.00 0.00 0.00 
0.00 0.00 0.00 0.00 0.00 0.00 0.00 0.00 0.00 0.00 0.00 0.00 0.00 0.00 0.00 0.00 0.00 0.00 0.00 0.00 
0.00 0.00 0.00 0.00 0.00 0.00 0.00 0.00 0.00 0.00 0.00 0.00 0.00 0.00 0.00 0.00 0.00 0.00 0.00 0.00 
0.00 0.00 0.00 0.00 0.00 0.00 0.00 0.00 0.00 0.00 0.00 0.00 0.00 0.00 0.00 0.00 0.00 0.00 0.00 0.00 
0.00 0.00 0.00 0.00 0.00 0.00 0.00 0.00 0.00 0.00 0.00 0.00 0.00 0.00 0.00 0.00 0.00 0.00 0.00 0.00 
0.00 0.00 0.00 0.00 0.00 0.00 0.00 0.00 0.00 0.00 0.00 0.00 0.00 0.00 0.00 0.00 0.00 0.00 0.00 0.00 
0.00 0.00 0.00 0.00 0.00 0.00 0.00 0.00 0.00 0.00 0.00 0.00 0.00 0.00 0.00 0.00 0.00 0.00 0.00 0.00 
0.00 0.00 0.00 0.00 0.00 0.00 0.00 0.00 0.00 0.00 0.00 0.00 0.00 0.00 0.00 0.00 0.00 0.00 0.00 0.00 
0.00 0.00 0.00 0.00 0.00 0.00 0.00 0.00 0.00 0.00 0.00 0.00 0.00 0.00 0.00 0.00 0.00 0.00 0.00 0.00 
0.00 0.00 0.00 0.00 0.00 0.00 0.00 0.00 0.00 0.00 0.00 0.00 0.00 0.00 0.00 0.00 0.00 0.00 0.00 0.00 
0.00 0.00 0.00 0.00 0.00 0.00 0.00 0.00 0.00 0.00 0.00 0.00 0.00 0.00 0.00 0.00 0.00 0.00 0.00 0.00 
0.00 0.00 0.00 0.00 0.00 0.00 0.00 0.00 0.00 0.00 0.00 0.00 0.00 0.00 0.00 0.00 0.00 0.00 0.00 0.00 
0.00 0.00 0.00 0.00 0.00 0.00 0.00 0.00 0.00 0.00 0.00 0.00 0.00 0.00 0.00 0.00 0.00 0.00 0.00 0.00 
0.00 0.00 0.00 0.00 0.00 0.00 0.00 0.00 0.00 0.00 0.00 0.00 0.00 0.00 0.00 0.00 0.00 0.00 0.00 0.00 
0.00 0.00 0.00 0.00 0.00 0.00 0.00 0.00 0.00 0.00 0.00 0.00 0.00 0.00 0.00 0.00 0.00 0.00 0.00 0.00 
0.00 0.00 0.00 0.00 0.00 0.00 0.00 0.00 0.00 0.00 0.00 0.00 0.00 0.00 0.00 0.00 0.00 0.00 0.00 0.00 
0.00 0.00 0.00 0.00 0.00 0.00 0.00 0.00 0.00 0.00 0.00 0.00 0.00 0.00 0.00 0.00 0.00 0.00 0.00 0.00 
0.00 0.00 0.00 0.00 0.00 0.00 0.00 0.00 0.00 0.00 0.00 0.00 0.00 0.00 0.00 0.00 0.00 0.00 0.00 0.00 
0.00 0.00 0.00 0.00 0.00 0.00 0.00 0.00 0.00 0.00 0.00 0.00 0.00 0.00 0.00 0.00 0.00 0.00 0.00 0.00 
0.00 0.00 0.00 0.00 0.00 0.00 0.00 0.00 0.00 0.00 0.00 0.00 0.00 0.00 0.00 0.00 0.00 0.00 0.00 0.00 
0.00 0.00 0.00 0.00 0.00 0.00 0.00 0.00 0.00 0.00 0.00 0.00 0.00 0.00 0.00 0.00 0.00 0.00 0.00 0.00 
0.00 0.00 0.00 0.00 0.00 0.00 0.00 0.00 0.00 0.00 0.00 0.00 0.00 0.00 0.00 0.00 0.00 0.00 0.00 0.00 
0.00 0.00 0.00 0.00 0.00 0.00 0.00 0.00 0.00 0.00 0.00 0.00 0.00 0.00 0.00 0.00 0.00 0.00 0.00 0.00 
0.00 0.00 0.00 0.00 0.00 0.00 0.00 0.00 0.00 0.00 0.00 0.00 0.00 0.00 0.00 0.00 0.00 0.00 0.00 0.00 
0.00 0.00 0.00 0.00 0.00 0.00 0.00 0.00 0.00 0.00 0.00 0.00 0.00 0.00 0.00 0.00 0.00 0.00 0.00 0.00 
0.00 0.00 0.00 0.00 0.00 0.00 0.00 0.00 0.00 0.00 0.00 0.00 0.00 0.00 0.00 0.00 0.00 0.00 0.00 0.00 
0.00 0.00 0.00 0.00 0.00 0.00 0.00 0.00 0.00 0.00 0.00 0.00 0.00 0.00 0.00 0.00 0.00 0.00 0.00 0.00 
0.00 0.00 0.00 0.00 0.00 0.00 0.00 0.00 0.00 0.00 0.00 0.00 0.00 0.00 0.00 0.00 0.00 0.00 0.00 0.00 
0.00 0.00 0.00 0.00 0.00 0.00 0.00 0.00 0.00 0.00 0.00 0.00 0.00 0.00 0.00 0.00 0.00 0.00 0.00 0.00 
0.00 0.00 0.00 0.00 0.00 0.00 0.00 0.00 0.00 0.00 0.00 0.00 0.00 0.00 0.00 0.00 0.00 0.00 0.00 0.00 
0.00 0.00 0.00 0.00 0.00 0.00 0.00 0.00 0.00 0.00 0.00 0.00 0.00 0.00 0.00 0.00 0.00 0.00 0.00 0.00 
0.00 0.00 0.00 0.00 0.00 0.00 0.00 0.00 0.00 0.00 0.00 0.00 0.00 0.00 0.00 0.00 0.00 0.00 0.00 0.00 
0.00 0.00 0.00 0.00 0.00 0.00 0.00 0.00 0.00 0.00 0.00 0.00 0.00 0.00 0.00 0.00 0.00 0.00 0.00 0.00 
0.00 0.00 0.00 0.00 0.00 0.00 0.00 0.00 0.00 0.00 0.00 0.00 0.00 0.00 0.00 0.00 0.00 0.00 0.00 0.00 
0.00 0.00 0.00 0.00 0.00 0.00 0.00 0.00 0.00 0.00 0.00 0.00 0.00 0.00 0.00 0.00 0.00 0.00 0.00 0.00 
0.00 0.00 0.00 0.00 0.00 0.00 0.00 0.00 0.00 0.00 0.00 0.00 0.00 0.00 0.00 0.00 0.00 0.00 0.00 0.00 
0.00 0.00 0.00 0.00 0.00 0.00 0.00 0.00 0.00 0.00 0.00 0.00 0.00 0.00 0.00 0.00 0.00 0.00 0.00 0.00 
0.00 0.00 0.00 0.00 0.00 0.00 0.00 0.00 0.00 0.00 0.00 0.00 0.00 0.00 0.00 0.00 0.00 0.00 0.00 0.00 
0.00 0.00 0.00 0.00 0.00 0.00 0.00 0.00 0.00 0.00 0.00 0.00 0.00 0.00 0.00 0.00 0.00 0.00 0.00 0.00 
0.00 0.00 0.00 0.00 0.00 0.00 0.00 0.00 0.00 0.00 0.00 0.00 0.00 0.00 0.00 0.00 0.00 0.00 0.00 0.00 
0.00 0.00 0.00 0.00 0.00 0.00 0.00 0.00 0.00 0.00 0.00 0.00 0.00 0.00 0.00 0.00 0.00 0.00 0.00 0.00 
0.00 0.00 0.00 0.00 0.00 0.00 0.00 0.00 0.00 0.00 0.00 0.00 0.00 0.00 0.00 0.00 0.00 0.00 0.00 0.00 
0.00 0.00 0.00 0.00 0.00 0.00 0.00 0.00 0.00 0.00 0.00 0.00 0.00 0.00 0.00 0.00 0.00 0.00 0.00 0.00 
0.00 0.00 0.00 0.00 0.00 0.00 0.00 0.00 0.00 0.00 0.00 0.00 0.00 0.00 0.00 0.00 0.00 0.00 0.00 0.00 
0.00 0.00 0.00 0.00 0.00 0.00 0.00 0.00 0.00 0.00 0.00 0.00 0.00 0.00 0.00 0.00 0.00 0.00 0.00 0.00 
0.00 0.00 0.00 0.00 0.00 0.00 0.00 0.00 0.00 0.00 0.00 0.00 0.00 0.00 0.00 0.00 0.00 0.00 0.00 0.00 
0.00 0.00 0.00 0.00 0.00 0.00 0.00 0.00 0.00 0.00 0.00 0.00 0.00 0.00 0.00 0.00 0.00 0.00 0.00 0.00 
0.00 0.00 0.00 0.00 0.00 0.00 0.00 0.00 0.00 0.00 0.00 0.00 0.00 0.00 0.00 0.00 0.00 0.00 0.00 0.00 
0.00 0.00 0.00 0.00 0.00 0.00 0.00 0.00 0.00 0.00 0.00 0.00 0.00 0.00 0.00 0.00 0.00 0.00 0.00 0.00 
0.00 0.00 0.00 0.00 0.00 0.00 0.00 0.00 0.00 0.00 0.00 0.00 0.00 0.00 0.00 0.00 0.00 0.00 0.00 0.00 
0.00 0.00 0.00 0.00 0.00 0.00 0.00 0.00 0.00 0.00 0.00 0.00 0.00 0.00 0.00 0.00 0.00 0.00 0.00 0.00 
0.00 0.00 0.00 0.00 0.00 0.00 0.00 0.00 0.00 0.00 0.00 0.00 0.00 0.00 0.00 0.00 0.00 0.00 0.00 0.00 
0.00 0.00 0.00 0.00 0.00 0.00 0.00 0.00 0.00 0.00 0.00 0.00 0.00 0.00 0.00 0.00 0.00 0.00 0.00 0.00 
0.00 0.00 0.00 0.00 0.00 0.00 0.00 0.00 0.00 0.00 0.00 0.00 0.00 0.00 0.00 0.00 0.00 0.00 0.00 0.00 
0.00 0.00 0.00 0.00 0.00 0.00 0.00 0.00 0.00 0.00 0.00 0.00 0.00 0.00 0.00 0.00 0.00 0.00 0.00 0.00 
0.00 0.00 0.00 0.00 0.00 0.00 0.00 0.00 0.00 0.00 0.00 0.00 0.00 0.00 0.00 0.00 0.00 0.00 0.00 0.00 
0.00 0.00 0.00 0.00 0.00 0.00 0.00 0.00 0.00 0.00 0.00 0.00 0.00 0.00 0.00 0.00 0.00 0.00 0.00 0.00 
end   dump: w
==END   DUMP_ARRAYS==
==BEGIN DUMP_ARRAYS==
begin dump: w
7786.29 467052128.00 513700288.00 591744704.00 677017152.00 765889728.00 856446464.00 947651392.00 1038872960.00 1131652224.00 1223285760.00 1316628992.00 1409240192.00 1502220544.00 1595091456.00 1687769600.00 1780032384.00 1874330752.00 1967366016.00 2060527232.00 
2152498944.00 2247219200.00 2340265472.00 2433747200.00 2526332416.00 2618372864.00 2713399040.00 2806579456.00 2899839488.00 2993575168.00 3085922304.00 3179352576.00 3271191552.00 3366650368.00 3460160256.00 3553181184.00 3646490368.00 3740108032.00 3833472512.00 3926897408.00 
4017576960.00 4113626368.00 4207113472.00 4299514880.00 4393857024.00 4487109632.00 4581071872.00 4673865216.00 4766407680.00 4860817408.00 4950832128.00 5047643136.00 5141051904.00 5234665472.00 5327641088.00 5421040640.00 5514310144.00 5608087552.00 5702124544.00 5795244032.00 
5887105536.00 5981598208.00 6074893824.00 6169372672.00 6259882496.00 6355117056.00 6448743424.00 6542247936.00 6635613696.00 6730005504.00 6821880320.00 6915577344.00 7008999424.00 7103118848.00 7195855360.00 7288002560.00 7382958080.00 7476993536.00 7569986560.00 7663496192.00 
7751353856.00 7850365952.00 7943635968.00 8037139968.00 8130403328.00 8223418368.00 8316881920.00 8411876864.00 8503886848.00 8598152192.00 8690560000.00 8785116160.00 8878032896.00 8969379840.00 9064856576.00 9157894144.00 9249635328.00 9345197056.00 9438671872.00 9531957248.00 
9618592768.00 9718802432.00 9812270080.00 9905563648.00 9998813184.00 10092247040.00 10186133504.00 10279611392.00 10372229120.00 10466429952.00 10559165440.00 10652687360.00 10745654272.00 10840620032.00 10933363712.00 11026798592.00 11120500736.00 11213742080.00 11307504640.00 11400790016.00 
11491457024.00 11587317760.00 11680960512.00 11774204928.00 11867564032.00 11952490496.00 12055155712.00 12149720064.00 12239546368.00 12332203008.00 12428007424.00 12521930752.00 12615231488.00 12708647936.00 12802384896.00 12895522816.00 12988690432.00 13082811392.00 13177566208.00 13269830656.00 
13361611776.00 13456268288.00 13549450240.00 13644098560.00 13735741440.00 13829926912.00 13923837952.00 14016844800.00 14109462528.00 14204156928.00 14293891072.00 14391314432.00 14483813376.00 14577168384.00 14671866880.00 14764240896.00 14857834496.00 14951657472.00 15044870144.00 15138244608.00 
15220581376.00 15325316096.00 15418609664.00 15511946240.00 15605284864.00 15698741248.00 15792163840.00 15886311424.00 15978808320.00 16071450624.00 16165367808.00 16259531776.00 16352570368.00 16446315520.00 16541807616.00 16631712768.00 16725737472.00 16820956160.00 16913761280.00 17006827520.00 
17099150336.00 17194147840.00 17288368128.00 17380438016.00 17473918976.00 17567545344.00 17660106752.00 17754595328.00 17847816192.00 17941559296.00 18033915904.00 18128662528.00 18219735040.00 18315401216.00 18408708096.00 18501478400.00 18595354624.00 18688876544.00 18781958144.00 18875363328.00 
18955405312.00 19062595584.00 19155802112.00 19249733632.00 19342843904.00 19435909120.00 19529838592.00 19623567360.00 19715794944.00 19810351104.00 19902711808.00 19997736960.00 20090535936.00 20184027136.00 20277610496.00 20370573312.00 20463704064.00 20557948928.00 20651089920.00 20744560640.00 
20836730880.00 20931932160.00 21023748096.00 21119066112.00 21209819136.00 21303721984.00 21398931456.00 21492330496.00 21585496064.00 21679136768.00 21771995136.00 21865859072.00 21958995968.00 22051964928.00 22146086912.00 22238496768.00 22333440000.00 22426662912.00 22520039424.00 22613735424.00 
22701455360.00 22800760832.00 22893819904.00 22987579392.00 23080628224.00 23174230016.00 23267473408.00 23361181696.00 23453876224.00 23547674624.00 23623743488.00 23735152640.00 23828307968.00 23921807360.00 24015843328.00 24108355584.00 24199968768.00 24295430144.00 24387442688.00 24483110912.00 
24574509056.00 24669470720.00 24762490880.00 24856113152.00 24949032960.00 25042589696.00 25135921152.00 25231079424.00 25323423744.00 25416902656.00 25509679104.00 25603448832.00 25696108544.00 25790908416.00 25884479488.00 25975713792.00 26071443456.00 26164412416.00 26257858560.00 26350553088.00 
26441926656.00 26538248192.00 26631444480.00 26724884480.00 26817904640.00 26911045632.00 27006881792.00 27099455488.00 27190204416.00 27285774336.00 27378622464.00 27472900096.00 27565850624.00 27659655168.00 27752636416.00 27845992448.00 27938916352.00 28033361920.00 28126650368.00 28219973632.00 
28306532352.00 28406835200.00 28500498432.00 28593145856.00 28686147584.00 28780265472.00 28873656320.00 28967059456.00 29062567936.00 29154785280.00 29247475712.00 29341423616.00 29434386432.00 29528242176.00 29621848064.00 29714974720.00 29808683008.00 29902057472.00 29995524096.00 30088740864.00 
30171199488.00 30276055040.00 30369165312.00 30462830592.00 30555779072.00 30647943168.00 30742908928.00 30836422656.00 30929446912.00 31022964736.00 31116025856.00 31209916416.00 31303002112.00 31395289088.00 31491411968.00 31584088064.00 31676592128.00 31771318272.00 31863758848.00 31959343104.00 
32049874944.00 32144615424.00 32237891584.00 32331935744.00 32424460288.00 32518225920.00 32611799040.00 32705150976.00 32799498240.00 32892827648.00 32982157312.00 33079279616.00 33170294784.00 33267279872.00 33359671296.00 33452447744.00 33546057728.00 33639641088.00 33732956160.00 33827055616.00 
33917202432.00 34013239296.00 34106593280.00 34199156736.00 34295713792.00 34387472384.00 34480668672.00 34574557184.00 34666647552.00 34760843264.00 34853871616.00 34947923968.00 35040722944.00 35134885888.00 35228221440.00 35312848896.00 35414634496.00 35508596736.00 35602001920.00 35695493120.00 
35787399168.00 35886735360.00 35975778304.00 36069715968.00 36160495616.00 36255821824.00 36349587456.00 36442066944.00 36536229888.00 36629958656.00 36722507776.00 36816908288.00 36909498368.00 37003542528.00 37096923136.00 37189955584.00 37283475456.00 37377200128.00 37470199808.00 37563334656.00 
37629710336.00 37751906304.00 37844787200.00 37938302976.00 38031310848.00 38124650496.00 38218469376.00 38311968768.00 38404648960.00 38498869248.00 38591451136.00 38685786112.00 38778884096.00 38872305664.00 38966353920.00 39059128320.00 39150678016.00 39246393344.00 39339782144.00 39432974336.00 
39525105664.00 39615242240.00 39713599488.00 39806947328.00 39899897856.00 39992090624.00 40087154688.00 40180678656.00 40273874944.00 40367775744.00 40460365824.00 40554340352.00 40646774784.00 40741568512.00 40834723840.00 40928038912.00 41021317120.00 41115258880.00 41208451072.00 41301377024.00 
41392484352.00 41488719872.00 41582108672.00 41675300864.00 41766543360.00 41864400896.00 41956839424.00 42049990656.00 42141073408.00 42236993536.00 42326646784.00 42423476224.00 42516758528.00 42610421760.00 42703638528.00 42796974080.00 42890108928.00 42983600128.00 43077107712.00 43169435648.00 
43262992384.00 43357528064.00 43451285504.00 43544739840.00 43636994048.00 43730944000.00 43824500736.00 43918020608.00 44011569152.00 44105203712.00 44197654528.00 44292767744.00 44385333248.00 44479098880.00 44572504064.00 44664270848.00 44759052288.00 44852760576.00 44946423808.00 45039665152.00 
45122007040.00 45226430464.00 45320118272.00 45413535744.00 45506719744.00 45600559104.00 45694160896.00 45787357184.00 45880393728.00 45974339584.00 46067048448.00 46160932864.00 46254227456.00 46347915264.00 46441148416.00 46534365184.00 46626938880.00 46721273856.00 46814564352.00 46907228160.00 
46967148544.00 47096823808.00 47189487616.00 47283294208.00 47375638528.00 47469248512.00 47562694656.00 47655849984.00 47749750784.00 47842844672.00 47935909888.00 48029970432.00 48121217024.00 48217219072.00 48310194176.00 48403378176.00 48496316416.00 48590049280.00 48684249088.00 48777441280.00 
48868159488.00 48964059136.00 49058324480.00 49151164416.00 49244459008.00 49336430592.00 49431408640.00 49525141504.00 49617301504.00 49711710208.00 49804546048.00 49898864640.00 49991708672.00 50084372480.00 50179452928.00 50272391168.00 50365558784.00 50459439104.00 50552627200.00 50645778432.00 
50738298880.00 50833260544.00 50926440448.00 51020115968.00 51111260160.00 51206262784.00 51300651008.00 51393216512.00 51487305728.00 51578888192.00 51670675456.00 51767468032.00 51860852736.00 51954778112.00 52047962112.00 52140974080.00 52234686464.00 52328521728.00 52421271552.00 52514947072.00 
52602900480.00 52702040064.00 52795621376.00 52888911872.00 52981944320.00 53075415040.00 53168709632.00 53262409728.00 53355098112.00 53448744960.00 53541195776.00 53632114688.00 53732925440.00 53824352256.00 53917556736.00 54009008128.00 54101872640.00 54197563392.00 54290718720.00 54384390144.00 
54476275712.00 54570586112.00 54664486912.00 54758117376.00 54850854912.00 54944423936.00 55038451712.00 55131484160.00 55224578048.00 55318634496.00 55411277824.00 55505375232.00 55597580288.00 55692566528.00 55785574400.00 55878709248.00 55972466688.00 56064634880.00 56159195136.00 56252641280.00 
56332349440.00 56439840768.00 56533114880.00 56626630656.00 56720023552.00 56813142016.00 56905592832.00 57000194048.00 57091670016.00 57187627008.00 57279946752.00 57374167040.00 57467305984.00 57560920064.00 57654181888.00 57746292736.00 57841725440.00 57935147008.00 58028388352.00 58121547776.00 
58213928960.00 58308333568.00 58401800192.00 58495700992.00 58587836416.00 58673770496.00 58775908352.00 58869248000.00 58962505728.00 59056201728.00 59148959744.00 59242586112.00 59336581120.00 59430260736.00 59523162112.00 59616776192.00 59709906944.00 59803545600.00 59896999936.00 59990360064.00 
60072833024.00 60177469440.00 60271288320.00 60364439552.00 60457508864.00 60550381568.00 60644638720.00 60737847296.00 60830949376.00 60924928000.00 61014937600.00 61111554048.00 61205102592.00 61298151424.00 61392154624.00 61485318144.00 61577928704.00 61671956480.00 61765545984.00 61858906112.00 
61951180800.00 62045917184.00 62139191296.00 62232682496.00 62325301248.00 62418337792.00 62509662208.00 62614757376.00 62702071808.00 62795046912.00 62887477248.00 62981292032.00 63072468992.00 63168094208.00 63261421568.00 63353028608.00 63447805952.00 63541886976.00 63635726336.00 63728402432.00 
63819137024.00 63915556864.00 64008683520.00 64102891520.00 64195399680.00 64288768000.00 64382615552.00 64475975680.00 64568356864.00 64663035904.00 64755818496.00 64849915904.00 64942927872.00 65036541952.00 65129836544.00 65222942720.00 65316864000.00 65410596864.00 65503916032.00 65596981248.00 
65683562496.00 65783889920.00 65877553152.00 65970900992.00 66062053376.00 66157293568.00 66253950976.00 66345062400.00 66438176768.00 66531741696.00 66624471040.00 66718130176.00 66811514880.00 66905317376.00 66998435840.00 67092103168.00 67185463296.00 67279474688.00 67373715456.00 67466010624.00 
67553939456.00 67652911104.00 67746111488.00 67839692800.00 67932909568.00 68024832000.00 68119572480.00 68210790400.00 68307521536.00 68400893952.00 68493504512.00 68587466752.00 68680552448.00 68774428672.00 68867809280.00 68960993280.00 69052358656.00 69148459008.00 69241348096.00 69334605824.00 
69426880512.00 69522128896.00 69615132672.00 69708562432.00 69801394176.00 69895249920.00 69988876288.00 70082568192.00 70175703040.00 70268665856.00 70345187328.00 70456582144.00 70548709376.00 70643277824.00 70736609280.00 70829735936.00 70923165696.00 71017095168.00 71110238208.00 71203758080.00 
71294468096.00 71390519296.00 71486119936.00 71577149440.00 71670562816.00 71764049920.00 71858626560.00 71951114240.00 72042397696.00 72137482240.00 72231149568.00 72324956160.00 72418672640.00 72511799296.00 72604762112.00 72697184256.00 72791597056.00 72885706752.00 72979308544.00 73072427008.00 
73164603392.00 73259270144.00 73352822784.00 73446219776.00 73538527232.00 73632694272.00 73726500864.00 73820127232.00 73913253888.00 74007060480.00 74099539968.00 74193600512.00 74286432256.00 74380124160.00 74473545728.00 74566631424.00 74660036608.00 74753589248.00 74846265344.00 74937737216.00 
74978934784.00 75131912192.00 75223523328.00 75316256768.00 75409350656.00 75502395392.00 75596111872.00 75689205760.00 75782332416.00 75877253120.00 75968946176.00 76063301632.00 76156223488.00 76249309184.00 76343214080.00 76436594688.00 76529033216.00 76623544320.00 76716834816.00 76810477568.00 
76902506496.00 76997279744.00 77090881536.00 77184098304.00 77277274112.00 77369311232.00 77464387584.00 77557555200.00 77651451904.00 77744783360.00 77837615104.00 77931642880.00 78022909952.00 78118297600.00 78212153344.00 78305189888.00 78398750720.00 78492147712.00 78585765888.00 78679162880.00 
78769831936.00 78865948672.00 78957158400.00 79053266944.00 79146188800.00 79239479296.00 79333203968.00 79426617344.00 79519064064.00 79613820928.00 79703597056.00 79800008704.00 79893708800.00 79987294208.00 80080830464.00 80173965312.00 80267051008.00 80357941248.00 80454975488.00 80548118528.00 
80640245760.00 80735084544.00 80828301312.00 80921985024.00 81013096448.00 81108951040.00 81202495488.00 81296015360.00 81388888064.00 81482326016.00 81575608320.00 81669488640.00 81762394112.00 81856258048.00 81949614080.00 82034253824.00 82136375296.00 82229624832.00 82322309120.00 82416893952.00 
82504663040.00 82603810816.00 82697093120.00 82790350848.00 82883837952.00 82977226752.00 83070672896.00 83163963392.00 83256238080.00 83361742848.00 83445047296.00 83539165184.00 83631775744.00 83725418496.00 83818627072.00 83911819264.00 84003356672.00 84098940928.00 84193206272.00 84285898752.00 
84372398080.00 84472750080.00 84566179840.00 84659355648.00 84752621568.00 84846190592.00 84939890688.00 85033385984.00 85126578176.00 85218099200.00 85313183744.00 85407195136.00 85499461632.00 85593907200.00 85687148544.00 85780537344.00 85873950720.00 85968166912.00 86060359680.00 86154756096.00 
86245277696.00 86341279744.00 86434357248.00 86521257984.00 86622175232.00 86713925632.00 86808846336.00 86902276096.00 86993379328.00 87089012736.00 87181746176.00 87275888640.00 87369072640.00 87462461440.00 87556128768.00 87649263616.00 87742545920.00 87836631040.00 87929896960.00 88023269376.00 
88115372032.00 88208531456.00 88303951872.00 88397316096.00 88489705472.00 88583880704.00 88677654528.00 88771174400.00 88864399360.00 88957607936.00 89047883776.00 89144737792.00 89237258240.00 89331965952.00 89425108992.00 89518120960.00 89611845632.00 89705496576.00 89798909952.00 89892282368.00 
89974554624.00 90079346688.00 90171957248.00 90266918912.00 90359365632.00 90452541440.00 90546569216.00 90639532032.00 90732847104.00 90826588160.00 90919714816.00 91013627904.00 91106861056.00 91202895872.00 91294031872.00 91385577472.00 91479769088.00 91574124544.00 91667759104.00 91760738304.00 
91853242368.00 91947663360.00 92041150464.00 92134727680.00 92227649536.00 92321234944.00 92414984192.00 92507332608.00 92601556992.00 92694970368.00 92787949568.00 92882141184.00 92973129728.00 93068615680.00 93161857024.00 93254959104.00 93348134912.00 93441589248.00 93533667328.00 93624279040.00 
93653442560.00 93822713856.00 93913096192.00 94005846016.00 94098522112.00 94191665152.00 94285193216.00 94378958848.00 94470766592.00 94564433920.00 94657904640.00 94752980992.00 94844739584.00 94938914816.00 95031894016.00 95125397504.00 95218483200.00 95312797696.00 95405694976.00 95499173888.00 
95591309312.00 95685844992.00 95779471360.00 95872868352.00 95964266496.00 96057991168.00 96153321472.00 96246120448.00 96339869696.00 96433831936.00 96526245888.00 96620462080.00 96713105408.00 96807518208.00 96900399104.00 96993878016.00 97087438848.00 97177714688.00 97274470400.00 97368276992.00 
97455808512.00 97554694144.00 97647886336.00 97741324288.00 97835106304.00 97928290304.00 98021851136.00 98115715072.00 98208538624.00 98302427136.00 98392219648.00 98489008128.00 98582069248.00 98676776960.00 98769518592.00 98862891008.00 98954264576.00 99050274816.00 99143024640.00 99237076992.00 
99328876544.00 99423338496.00 99516997632.00 99610394624.00 99703390208.00 99796951040.00 99890241536.00 99985448960.00 100077780992.00 100171481088.00 100264058880.00 100357980160.00 100450467840.00 100544700416.00 100638269440.00 100730093568.00 100824883200.00 100920320000.00 101011906560.00 101105655808.00 
101196193792.00 101291696128.00 101385977856.00 101479137280.00 101572370432.00 101665792000.00 101759516672.00 101853159424.00 101944172544.00 102039207936.00 102132097024.00 102235316224.00 102320701440.00 102414032896.00 102507044864.00 102600466432.00 102693773312.00 102787661824.00 102880002048.00 102974627840.00 
103060930560.00 103161405440.00 103254384640.00 103347970048.00 103440621568.00 103534837760.00 103628513280.00 103721926656.00 103815274496.00 103908769792.00 104001323008.00 104093220864.00 104188936192.00 104282562560.00 104376156160.00 104469348352.00 104562737152.00 104656445440.00 104749547520.00 104843296768.00 
104925437952.00 105030041600.00 105123651584.00 105217163264.00 105310167040.00 105395208192.00 105497247744.00 105590775808.00 105683468288.00 105777553408.00 105870426112.00 105964437504.00 106057318400.00 106151313408.00 106244603904.00 106337771520.00 106430431232.00 106525016064.00 106618208256.00 106711605248.00 
106803609600.00 106898063360.00 106990280704.00 107099111424.00 107180441600.00 107273273344.00 107366809600.00 107460075520.00 107553218560.00 107646844928.00 107736719360.00 107833982976.00 107924905984.00 108020449280.00 108113936384.00 108207087616.00 108300541952.00 108394061824.00 108488122368.00 108580904960.00 
108671713280.00 108767936512.00 108861284352.00 108955123712.00 109047947264.00 109141262336.00 109234946048.00 109328793600.00 109420969984.00 109515407360.00 109608230912.00 109702578176.00 109795606528.00 109889355776.00 109982629888.00 110074134528.00 110168383488.00 110263508992.00 110356586496.00 110450155520.00 
110542028800.00 110636785664.00 110730321920.00 110823489536.00 110914748416.00 111009603584.00 111103852544.00 111197446144.00 111290507264.00 111383937024.00 111476932608.00 111570870272.00 111664078848.00 111759548416.00 111850594304.00 111944400896.00 112038019072.00 112131538944.00 112224854016.00 112317956096.00 
112384016384.00 112506470400.00 112599293952.00 112692142080.00 112785801216.00 112879255552.00 112972709888.00 113066278912.00 113159315456.00 113252892672.00 113345953792.00 113439252480.00 113532682240.00 113627217920.00 113720172544.00 113813487616.00 113904934912.00 114000175104.00 114094391296.00 114187599872.00 
114279604224.00 114374230016.00 114467594240.00 114561294336.00 114654314496.00 114746318848.00 114841460736.00 114935521280.00 115028287488.00 115121684480.00 115214098432.00 115311296512.00 115401531392.00 115495780352.00 115589054464.00 115682377728.00 115775807488.00 115869564928.00 115962372096.00 116056481792.00 
116147027968.00 116243333120.00 116336615424.00 116430258176.00 116523147264.00 116616757248.00 116710498304.00 116803821568.00 116895080448.00 116990427136.00 117066768384.00 117177917440.00 117271216128.00 117363507200.00 117458010112.00 117551489024.00 117644427264.00 117738004480.00 117831819264.00 117925093376.00 
118017327104.00 118112157696.00 118205300736.00 118297354240.00 118391701504.00 118485753856.00 118579445760.00 118672891904.00 118765772800.00 118859702272.00 118952443904.00 119046184960.00 119139172352.00 119234117632.00 119326736384.00 119418650624.00 119513473024.00 119607713792.00 119700332544.00 119794229248.00 
119876337664.00 119980883968.00 120074125312.00 120166129664.00 120261173248.00 120354398208.00 120448425984.00 120541470720.00 120634179584.00 120728231936.00 120820834304.00 120914960384.00 121008447488.00 121102245888.00 121194946560.00 121288851456.00 121381429248.00 121475678208.00 121569140736.00 121662758912.00 
121749340160.00 121849602048.00 121942843392.00 122036477952.00 122129530880.00 122223353856.00 122316521472.00 122410098688.00 122503602176.00 122596900864.00 122689929216.00 122783973376.00 122875183104.00 122971013120.00 123063951360.00 123157200896.00 123250900992.00 123344445440.00 123437711360.00 123531427840.00 
123621777408.00 123718057984.00 123811135488.00 123904901120.00 123997913088.00 124089671680.00 124184723456.00 124277768192.00 124370042880.00 124463972352.00 124556025856.00 124648964096.00 124738805760.00 124809076736.00 124948971520.00 125032906752.00 125123772416.00 125216505856.00 125309362176.00 125402578944.00 
125494427648.00 125588873216.00 125682081792.00 125775560704.00 125866721280.00 125962092544.00 126055596032.00 126149197824.00 126242160640.00 126335827968.00 126425628672.00 126523113472.00 126615461888.00 126709719040.00 126802788352.00 126896078848.00 126989770752.00 127082938368.00 127176318976.00 127270100992.00 
127357779968.00 127457067008.00 127550152704.00 127643746304.00 127737077760.00 127830302720.00 127924142080.00 128017195008.00 128110247936.00 128204521472.00 128297279488.00 128391159808.00 128484564992.00 128578068480.00 128671203328.00 128755965952.00 128856211456.00 128951386112.00 129045168128.00 129138352128.00 
129230872576.00 129325654016.00 129419059200.00 129512603648.00 129605173248.00 129699291136.00 129792679936.00 129886412800.00 129979523072.00 130073092096.00 130165792768.00 130259304448.00 130352529408.00 130446868480.00 130540560384.00 130633211904.00 130727067648.00 130820677632.00 130913730560.00 131007201280.00 
131086721024.00 131194404864.00 131287711744.00 131381624832.00 131474644992.00 131567681536.00 131661627392.00 131755040768.00 131846086656.00 131941662720.00 132034371584.00 132128055296.00 132223311872.00 132315799552.00 132409106432.00 132502274048.00 132595523584.00 132689444864.00 132782940160.00 132876132352.00 
132968456192.00 133062918144.00 133156405248.00 133249982464.00 133342576640.00 133435244544.00 133530066944.00 133623554048.00 133716271104.00 133811855360.00 133903859712.00 133997740032.00 134090547200.00 134184566784.00 134278545408.00 134371237888.00 134465101824.00 134558531584.00 134651641856.00 134745038848.00 
134827466752.00 134932635648.00 135025459200.00 135118585856.00 135211884544.00 135305461760.00 135398825984.00 135492747264.00 135585456128.00 135679557632.00 135769423872.00 135866777600.00 135959527424.00 136053080064.00 136145362944.00 136241414144.00 136333099008.00 136427315200.00 136520704000.00 136613855232.00 
136706072576.00 136801099776.00 136894324736.00 136987598848.00 137080643584.00 137174302720.00 137267863552.00 137361645568.00 137454780416.00 137548513280.00 137641213952.00 137735225344.00 137826451456.00 137921839104.00 138016342016.00 138107453440.00 138202415104.00 138296147968.00 138389078016.00 138483531776.00 
138573529088.00 138669457408.00 138763124736.00 138856693760.00 138949722112.00 139043094528.00 139136974848.00 139230380032.00 139322458112.00 139417223168.00 139509858304.00 139603984384.00 139697192960.00 139790794752.00 139884740608.00 139977506816.00 140070666240.00 140164448256.00 140257443840.00 140350504960.00 
140410175488.00 140540100608.00 140632571904.00 140725796864.00 140817039360.00 140912361472.00 141006012416.00 141099286528.00 141192626176.00 141286375424.00 141379010560.00 141472694272.00 141566033920.00 141659717632.00 141753171968.00 141846413312.00 141940080640.00 142033321984.00 142127054848.00 142221705216.00 
142308442112.00 142407434240.00 142500675584.00 142593982464.00 142688567296.00 142779695104.00 142874443776.00 142967963648.00 143061008384.00 143154872320.00 143247802368.00 143342108672.00 143435366400.00 143528804352.00 143622094848.00 143715205120.00 143806693376.00 143902146560.00 143994765312.00 144090349568.00 
144181952512.00 144276619264.00 144369745920.00 144463544320.00 144556490752.00 144649715712.00 144743333888.00 144836952064.00 144930045952.00 145023762432.00 145113956352.00 145208836096.00 145303109632.00 145397579776.00 145490919424.00 145583652864.00 145678319616.00 145771429888.00 145864769536.00 145958453248.00 
146048942080.00 146147328000.00 146238537728.00 146332188672.00 146425102336.00 146517819392.00 146612338688.00 146705006592.00 146796920832.00 146892701696.00 146985402368.00 147079397376.00 147172966400.00 147266043904.00 147359744000.00 147451396096.00 147546570752.00 147640090624.00 147733921792.00 147828260864.00 
147919093760.00 148013744128.00 148107280384.00 148200636416.00 148293058560.00 148387577856.00 148480819200.00 148574371840.00 148667580416.00 148761001984.00 148853899264.00 148948074496.00 149041053696.00 149134999552.00 149228306432.00 149321236480.00 149414723584.00 149508079616.00 149600665600.00 149692153856.00 
149733343232.00 149886484480.00 149978054656.00 150071083008.00 150163832832.00 150257057792.00 150350413824.00 150444113920.00 150536994816.00 150630711296.00 150723592192.00 150817472512.00 150910910464.00 151004725248.00 151097131008.00 151190863872.00 151283630080.00 151376330752.00 151471865856.00 151564042240.00 
151657119744.00 151751720960.00 151845322752.00 151938383872.00 152031608832.00 152116887552.00 152218796032.00 152312446976.00 152405655552.00 152499191808.00 152592433152.00 152686280704.00 152777424896.00 152873107456.00 152966447104.00 153059622912.00 153152831488.00 153247006720.00 153340231680.00 153433866240.00 
153524371456.00 153618366464.00 153713868800.00 153807667200.00 153900843008.00 153994067968.00 154087391232.00 154175799296.00 154273906688.00 154368360448.00 154458243072.00 154554990592.00 154648068096.00 154742325248.00 154835189760.00 154928103424.00 155021787136.00 155115618304.00 155208941568.00 155302871040.00 
155394670592.00 155489026048.00 155582726144.00 155676082176.00 155767488512.00 155862695936.00 155955806208.00 156052176896.00 156143763456.00 156237447168.00 156329852928.00 156424192000.00 156516843520.00 156610576384.00 156703997952.00 156795895808.00 156890923008.00 156984492032.00 157077913600.00 157170368512.00 
157259202560.00 157358276608.00 157451583488.00 157545218048.00 157637361664.00 157732126720.00 157825482752.00 157918642176.00 158011899904.00 158106222592.00 158198661120.00 158292606976.00 158385553408.00 158479646720.00 158573019136.00 158666473472.00 158757699584.00 158856052736.00 158946803712.00 159040421888.00 
159126798336.00 159227314176.00 159320326144.00 159414288384.00 159506956288.00 159600820224.00 159694241792.00 159787089920.00 159880822784.00 159974391808.00 160067141632.00 160161333248.00 160253394944.00 160347062272.00 160435224576.00 160537870336.00 160629587968.00 160722960384.00 160815955968.00 160908623872.00 
160999981056.00 161096482816.00 161189543936.00 161282736128.00 161376272384.00 161468350464.00 161563082752.00 161656668160.00 161748090880.00 161843642368.00 161936654336.00 162030829568.00 162123710464.00 162217410560.00 162311127040.00 162404057088.00 162497331200.00 162591064064.00 162684436480.00 162776760320.00 
162870378496.00 162964881408.00 163058597888.00 163151904768.00 163244163072.00 163338190848.00 163431989248.00 163525427200.00 163618586624.00 163711942656.00 163788062720.00 163899195392.00 163992305664.00 164086398976.00 164179443712.00 164272750592.00 164365795328.00 164459069440.00 164553261056.00 164646633472.00 
164729126912.00 164833378304.00 164927193088.00 165020663808.00 165113839616.00 165207539712.00 165300928512.00 165394579456.00 165487362048.00 165581094912.00 165674237952.00 165768740864.00 165861179392.00 165955141632.00 166048317440.00 166139969536.00 166233833472.00 166327369728.00 166427312128.00 166516457472.00 
166608224256.00 166702661632.00 166796460032.00 166890012672.00 166982877184.00 167076184064.00 167169851392.00 167263404032.00 167356416000.00 167450017792.00 167542865920.00 167636664320.00 167728119808.00 167822852096.00 167917240320.00 168010514432.00 168104345600.00 168197586944.00 168291008512.00 168384495616.00 
168464121856.00 168571764736.00 168664678400.00 168758345728.00 168851783680.00 168944975872.00 169038495744.00 169132113920.00 169224683520.00 169318973440.00 169411952640.00 169505751040.00 169599205376.00 169692577792.00 169786392576.00 169879257088.00 169972465664.00 170065985536.00 170155655168.00 170254286848.00 
170345906176.00 170440540160.00 170534043648.00 170627072000.00 170718445568.00 170812588032.00 170907189248.00 171000954880.00 171094245376.00 171188404224.00 171280547840.00 171374968832.00 171467554816.00 171561467904.00 171655397376.00 171748294656.00 171841241088.00 171935219712.00 172029100032.00 172122488832.00 
172210208768.00 172308791296.00 172402196480.00 172495519744.00 172589056000.00 172682346496.00 172772818944.00 172870352896.00 172963086336.00 173056851968.00 173147062272.00 173243826176.00 173336870912.00 173430407168.00 173524008960.00 173616840704.00 173708378112.00 173803388928.00 173897695232.00 173991084032.00 
174083276800.00 174177976320.00 174270955520.00 174363508736.00 174457683968.00 174551220224.00 174644543488.00 174739587072.00 174832271360.00 174925807616.00 175018328064.00 175113322496.00 175204843520.00 175299100672.00 175392604160.00 175477522432.00 175579430912.00 175673344000.00 175766405120.00 175859662848.00 
175950610432.00 176046948352.00 176139304960.00 176234086400.00 176326918144.00 176420192256.00 176513761280.00 176607559680.00 176698703872.00 176794812416.00 176887218176.00 176981590016.00 177074700288.00 177167712256.00 177261330432.00 177355653120.00 177448091648.00 177542070272.00 177635360768.00 177729765376.00 
177815207936.00 177916313600.00 178008915968.00 178102288384.00 178194857984.00 178289950720.00 178382897152.00 178476924928.00 178569723904.00 178662670336.00 178755993600.00 178849890304.00 178942820352.00 179032801280.00 179130662912.00 179223740416.00 179317243904.00 179410747392.00 179503988736.00 179597590528.00 
179679821824.00 179784515584.00 179877707776.00 179970850816.00 180064059392.00 180156399616.00 180253376512.00 180344455168.00 180438040576.00 180531953664.00 180624850944.00 180715700224.00 180812267520.00 180905639936.00 180998832128.00 181092237312.00 181185085440.00 181279227904.00 181372895232.00 181466087424.00 
181558607872.00 181653159936.00 181746761728.00 181840494592.00 181933211648.00 182026584064.00 182121447424.00 182214000640.00 182307012608.00 182400745472.00 182490824704.00 182587473920.00 182678831104.00 182774284288.00 182867656704.00 182960898048.00 183054467072.00 183148281856.00 183241539584.00 183335239680.00 
183425826816.00 183521820672.00 183615340544.00 183708876800.00 183801823232.00 183895523328.00 183988748288.00 184082464768.00 184174608384.00 184269438976.00 184361959424.00 184454873088.00 184549228544.00 184642797568.00 184735711232.00 184828084224.00 184922882048.00 185015517184.00 185109381120.00 185203245056.00 
185295388672.00 185390170112.00 185483673600.00 185576603648.00 185667928064.00 185763201024.00 185856475136.00 185950224384.00 186043006976.00 186136723456.00 186229293056.00 186323091456.00 186415841280.00 186509410304.00 186602209280.00 186694680576.00 186787069952.00 186878394368.00 186968047616.00 187049820160.00 
187026096128.00 187283685376.00 187365064704.00 187454996480.00 187546009600.00 187638202368.00 187731296256.00 187824029696.00 187916337152.00 188010119168.00 188103000064.00 188196700160.00 188289859584.00 188383395840.00 188476653568.00 188569550848.00 188661235712.00 188756885504.00 188849635328.00 188943073280.00 
189035347968.00 189130031104.00 189223960576.00 189318037504.00 189409656832.00 189502046208.00 189597417472.00 189690462208.00 189783687168.00 189878517760.00 189969973248.00 190064181248.00 190156603392.00 190250762240.00 190344527872.00 190437212160.00 190531158016.00 190624514048.00 190718279680.00 190811881472.00 
190902206464.00 190998331392.00 191091687424.00 191184994304.00 191278546944.00 191371575296.00 191465652224.00 191559434240.00 191650447360.00 191746129920.00 191835734016.00 191932547072.00 192026116096.00 192119635968.00 192211664896.00 192305954816.00 192399376384.00 192492470272.00 192587022336.00 192680247296.00 
192771948544.00 192867205120.00 192960479232.00 193054048256.00 193146191872.00 193240727552.00 193334427648.00 193427750912.00 193520500736.00 193617707008.00 193707327488.00 193801453568.00 193894416384.00 193988804608.00 194080079872.00 194173386752.00 194268610560.00 194362408960.00 194455470080.00 194548531200.00 
194631352320.00 194736144384.00 194829123584.00 194922512384.00 195015999488.00 195109257216.00 195202646016.00 195300524032.00 195389374464.00 195483271168.00 195576184832.00 195670376448.00 195763421184.00 195856613376.00 195950477312.00 196042801152.00 196136615936.00 196230889472.00 196324245504.00 196417028096.00 
196504322048.00 196603723776.00 196697915392.00 196791418880.00 196884348928.00 196977197056.00 197071929344.00 197165596672.00 197258248192.00 197351833600.00 197444911104.00 197538611200.00 197630345216.00 197725782016.00 197819678720.00 197912526848.00 198005719040.00 198099173376.00 198193889280.00 198286589952.00 
198377340928.00 198473744384.00 198566641664.00 198660440064.00 198753386496.00 198838534144.00 198940622848.00 199034257408.00 199126384640.00 199220314112.00 199313850368.00 199407403008.00 199501004800.00 199593623552.00 199688683520.00 199781629952.00 199874740224.00 199969914880.00 200062353408.00 200155529216.00 
200247443456.00 200342339584.00 200435777536.00 200529854464.00 200620589056.00 200716255232.00 200809283584.00 200902868992.00 200995946496.00 201089777664.00 201179545600.00 201276489728.00 201369436160.00 201462759424.00 201560539136.00 201650372608.00 201743876096.00 201837674496.00 201930850304.00 202024681472.00 
202112155648.00 202211115008.00 202303946752.00 202397908992.00 202491576320.00 202584457216.00 202677747712.00 202772004864.00 202864803840.00 202958274560.00 203051220992.00 203145166848.00 203238785024.00 203332354048.00 203426086912.00 203517722624.00 203610472448.00 203706417152.00 203799363584.00 203893014528.00 
203985076224.00 204079169536.00 204177571840.00 204267372544.00 204360122368.00 204453773312.00 204547293184.00 204640452608.00 204733890560.00 204827770880.00 204920225792.00 205014401024.00 205106757632.00 205201178624.00 205294632960.00 205387825152.00 205480902656.00 205574733824.00 205668548608.00 205761675264.00 
205841432576.00 205948911616.00 206042120192.00 206136000512.00 206228439040.00 206322286592.00 206415773696.00 206510489600.00 206600814592.00 206696906752.00 206789165056.00 206883471360.00 206976368640.00 207070248960.00 207163555840.00 207256633344.00 207349874688.00 207443705856.00 207536865280.00 207630843904.00 
207722299392.00 207816769536.00 207905996800.00 208006021120.00 208097509376.00 208190160896.00 208284958720.00 208378232832.00 208471834624.00 208564715520.00 208658251776.00 208751919104.00 208845225984.00 208939155456.00 209032593408.00 209125507072.00 209219125248.00 209312808960.00 209406115840.00 209500078080.00 
209581850624.00 209686380544.00 209779982336.00 209874173952.00 209966989312.00 210059919360.00 210153701376.00 210247303168.00 210340003840.00 210434113536.00 210509856768.00 210621022208.00 210714329088.00 210807848960.00 210901549056.00 210994528256.00 211087032320.00 211181862912.00 211274661888.00 211368607744.00 
211460620288.00 211556663296.00 211648675840.00 211742605312.00 211834961920.00 211928596480.00 212022312960.00 212116094976.00 212209041408.00 212302643200.00 212395425792.00 212489912320.00 212580761600.00 212676739072.00 212770045952.00 212861763584.00 212956626944.00 213050556416.00 213143453696.00 213237088256.00 
213327691776.00 213424652288.00 213517156352.00 213610364928.00 213703426048.00 213795094528.00 213897936896.00 213986328576.00 214078193664.00 214172041216.00 214264774656.00 214358884352.00 214452191232.00 214546350080.00 214639149056.00 214732341248.00 214825418752.00 214918938624.00 215013244928.00 215105978368.00 
215192682496.00 215292739584.00 215386865664.00 215477256192.00 215571218432.00 215666704384.00 215760470016.00 215853629440.00 215947444224.00 216040914944.00 216133550080.00 216227364864.00 216320507904.00 216414683136.00 216507727872.00 216600756224.00 216695635968.00 216788090880.00 216881315840.00 216975015936.00 
217063063552.00 217163071488.00 217255411712.00 217348784128.00 217441910784.00 217534070784.00 217629278208.00 217722716160.00 217815351296.00 217909542912.00 218002063360.00 218095910912.00 218189381632.00 218281377792.00 218377306112.00 218470170624.00 218561626112.00 218657226752.00 218750369792.00 218844364800.00 
218936197120.00 219030634496.00 219124350976.00 219217887232.00 219310653440.00 219404697600.00 219498070016.00 219591278592.00 219684814848.00 219778236416.00 219868200960.00 219965243392.00 220057174016.00 220157689856.00 220245966848.00 220338864128.00 220432400384.00 220525576192.00 220619472896.00 220715155456.00 
220803563520.00 220899540992.00 220993044480.00 221086334976.00 221180329984.00 221273391104.00 221366730752.00 221460463616.00 221551443968.00 221647208448.00 221739646976.00 221833854976.00 221927194624.00 222021074944.00 222114480128.00 222199005184.00 222300602368.00 222395039744.00 222487937024.00 222581538816.00 
222673420288.00 222769512448.00 222861344768.00 222957240320.00 223047385088.00 223142084608.00 223236079616.00 223328665600.00 223421808640.00 223516033024.00 223608635392.00 223702745088.00 223795314688.00 223889408000.00 223982714880.00 224075579392.00 224169148416.00 224262406144.00 224355450880.00 224447004672.00 
224487981056.00 224641220608.00 224732250112.00 224825589760.00 224918241280.00 225011662848.00 225104740352.00 225198538752.00 225291485184.00 225384972288.00 225478311936.00 225572093952.00 225665499136.00 225758969856.00 225852719104.00 225945403392.00 226038120448.00 226132754432.00 226226126848.00 226319532032.00 
226411937792.00 226505228288.00 226599403520.00 226693578752.00 226786050048.00 226878308352.00 226973253632.00 227067101184.00 227160031232.00 227253846016.00 227346759680.00 227440705536.00 227531948032.00 227628417024.00 227720855552.00 227815342080.00 227907764224.00 228001398784.00 228094787584.00 228186079232.00 
228278927360.00 228375085056.00 228468506624.00 228561960960.00 228654809088.00 228748738560.00 228842553344.00 228935811072.00 229028560896.00 229124603904.00 229212585984.00 229309595648.00 229402738688.00 229496487936.00 229590073344.00 229683200000.00 229776130048.00 229870026752.00 229963350016.00 230056640512.00 
230149013504.00 230243008512.00 230338772992.00 230431178752.00 230522241024.00 230617612288.00 230711230464.00 230804422656.00 230897549312.00 230991101952.00 231084015616.00 231178665984.00 231271333888.00 231365787648.00 231459012608.00 231550304256.00 231644430336.00 231739277312.00 231832502272.00 231925923840.00 
232013889536.00 232111620096.00 232206368768.00 232300101632.00 232393064448.00 232486404096.00 232579989504.00 232673837056.00 232766291968.00 232860729344.00 232953217024.00 233046949888.00 233140469760.00 233233924096.00 233327296512.00 233420570624.00 233511927808.00 233607577600.00 233700573184.00 233793404928.00 
233853353984.00 233982951424.00 234075815936.00 234169352192.00 234261938176.00 234355343360.00 234448420864.00 234542497792.00 234635804672.00 234729521152.00 234822189056.00 234916380672.00 235008638976.00 235103174656.00 235196694528.00 235289722880.00 235383111680.00 235476713472.00 235569971200.00 235663998976.00 
235754455040.00 235849564160.00 235943968768.00 236037144576.00 236130713600.00 236222382080.00 236316917760.00 236411518976.00 236502597632.00 236598001664.00 236690866176.00 236784910336.00 236878217216.00 236971524096.00 237065207808.00 237158514688.00 237251624960.00 237346078720.00 237439025152.00 237532643328.00 
237624705024.00 237719289856.00 237812547584.00 237905936384.00 237998194688.00 238091304960.00 238188183552.00 238280441856.00 238373683200.00 238466449408.00 238557102080.00 238653997056.00 238746927104.00 238840446976.00 238934441984.00 239027208192.00 239120891904.00 239214821376.00 239308308480.00 239400747008.00 
239483486208.00 239588294656.00 239681552384.00 239774810112.00 239867822080.00 239961817088.00 240054419456.00 240148807680.00 240241967104.00 240335503360.00 240428318720.00 240521183232.00 240616587264.00 240709861376.00 240802955264.00 240894967808.00 240988471296.00 241083318272.00 241176592384.00 241270505472.00 
241362042880.00 241457070080.00 241550278656.00 241644044288.00 241736744960.00 241830658048.00 241924096000.00 242017484800.00 242109956096.00 242205032448.00 242297552896.00 242391695360.00 242482724864.00 242578292736.00 242671910912.00 242765103104.00 242858704896.00 242951831552.00 243045466112.00 243139198976.00 
243218563072.00 243326074880.00 243419414528.00 243512606720.00 243606028288.00 243699515392.00 243792855040.00 243886374912.00 243978829824.00 244074037248.00 244166492160.00 244260388864.00 244353384448.00 244446806016.00 244540391424.00 244633370624.00 244727447552.00 244820787200.00 244914126848.00 245007777792.00 
245099757568.00 245194801152.00 245288173568.00 245382004736.00 245472854016.00 245559803904.00 245661646848.00 245755133952.00 245848621056.00 245942272000.00 246035103744.00 246128787456.00 246222192640.00 246316122112.00 246408888320.00 246502506496.00 246595698688.00 246689644544.00 246783016960.00 246876176384.00 
246964125696.00 247063412736.00 247156768768.00 247250665472.00 247343267840.00 247436705792.00 247530405888.00 247623761920.00 247717019648.00 247810211840.00 247900733440.00 247997792256.00 248090738688.00 248184111104.00 248277581824.00 248370626560.00 248462508032.00 248557666304.00 248651104256.00 248744427520.00 
248836374528.00 248931024896.00 249023807488.00 249116803072.00 249209110528.00 249299697664.00 249384452096.00 249524305920.00 249594183680.00 249684361216.00 249775898624.00 249869369344.00 249961299968.00 250055671808.00 250148536320.00 250240073728.00 250335068160.00 250428375040.00 250522222592.00 250615382016.00 
250706018304.00 250801700864.00 250895450112.00 250989002752.00 251081867264.00 251175469056.00 251269283840.00 251362476032.00 251453538304.00 251549319168.00 251642511360.00 251736227840.00 251829567488.00 251923152896.00 252016820224.00 252109766656.00 252202876928.00 252296986624.00 252390359040.00 252483502080.00 
252570025984.00 252670345216.00 252764258304.00 252857958400.00 252949807104.00 253044015104.00 253138223104.00 253231415296.00 253324410880.00 253418307584.00 253511270400.00 253605167104.00 253698064384.00 253791682560.00 253885104128.00 253978624000.00 254071586816.00 254167302144.00 254259003392.00 254352588800.00 
254434705408.00 254539071488.00 254632771584.00 254725881856.00 254819155968.00 254911332352.00 255006441472.00 255099371520.00 255193333760.00 255286771712.00 255379767296.00 255473811456.00 255566970880.00 255660523520.00 255753617408.00 255847137280.00 255939788800.00 256035864576.00 256128057344.00 256221331456.00 
256313606144.00 256408174592.00 256501350400.00 256595345408.00 256687816704.00 256781139968.00 256875233280.00 256969834496.00 257061978112.00 257155366912.00 257231486976.00 257342996480.00 257433993216.00 257529397248.00 257622851584.00 257715896320.00 257809514496.00 257903312896.00 257996570624.00 258090090496.00 
258180743168.00 258276868096.00 258370781184.00 258463875072.00 258557083648.00 258650472448.00 258744369152.00 258837463040.00 258929639424.00 259022258176.00 259117662208.00 259211608064.00 259304505344.00 259398008832.00 259491790848.00 259583295488.00 259677962240.00 259772104704.00 259865460736.00 259959209984.00 
260050976768.00 260146003968.00 260238721024.00 260333240320.00 260423958528.00 260519378944.00 260613111808.00 260706484224.00 260800184320.00 260893949952.00 260986175488.00 261080563712.00 261173428224.00 261266866176.00 261360467968.00 261453840384.00 261547098112.00 261641355264.00 261734203392.00 261826854912.00 
261893013504.00 262015664128.00 262108692480.00 262201819136.00 262295420928.00 262388531200.00 262482690048.00 262574080000.00 262668533760.00 262762315776.00 262855163904.00 262949568512.00 263042449408.00 263135903744.00 263229374464.00 263323172864.00 263414136832.00 263509868544.00 263603027968.00 263696613376.00 
263788560384.00 263883390976.00 263976632320.00 264070021120.00 264163852288.00 264256110592.00 264350744576.00 264444051456.00 264537554944.00 264631107584.00 264723906560.00 264818016256.00 264910192640.00 265004613632.00 265098231808.00 265191505920.00 265284960256.00 265378316288.00 265472049152.00 265565749248.00 
265656156160.00 265752379392.00 265845293056.00 265939304448.00 266032234496.00 266125606912.00 266219372544.00 266313154560.00 266404102144.00 266499538944.00 266590044160.00 266686398464.00 266779607040.00 266873438208.00 266966368256.00 267059511296.00 267151966208.00 267234066432.00 267343036416.00 267435458560.00 
267527077888.00 267621564416.00 267714985984.00 267808391168.00 267900715008.00 267994955776.00 268088885248.00 268182323200.00 268275269632.00 268368871424.00 268461703168.00 268556075008.00 268648890368.00 268742803456.00 268836126720.00 268920913920.00 269022642176.00 269116129280.00 269209550848.00 269303283712.00 
269385596928.00 269490388992.00 269584039936.00 269677101056.00 269770358784.00 269863731200.00 269956923392.00 270050672640.00 270143406080.00 270240317440.00 270330658816.00 270424637440.00 270517665792.00 270611546112.00 270704705536.00 270797766656.00 270890532864.00 270985658368.00 271078686720.00 271171911680.00 
271258714112.00 271359082496.00 271453159424.00 271545991168.00 271638790144.00 271732473856.00 271826370560.00 271919611904.00 272012083200.00 272097902592.00 272199532544.00 272294297600.00 272384802816.00 272480141312.00 272573349888.00 272667246592.00 272760520704.00 272854269952.00 272947118080.00 273041457152.00 
273131503616.00 273227710464.00 273321410560.00 273412997120.00 273508253696.00 273599873024.00 273694687232.00 273788665856.00 273880645632.00 273975476224.00 274068013056.00 274162024448.00 274255413248.00 274347868160.00 274442862592.00 274535874560.00 274628984832.00 274723078144.00 274816253952.00 274909954048.00 
275002064896.00 275096272896.00 275190087680.00 275282984960.00 275374964736.00 275470024704.00 275563446272.00 275656802304.00 275750944768.00 275844202496.00 275934511104.00 276031045632.00 276124172288.00 276217659392.00 276311539712.00 276404699136.00 276497563648.00 276592230400.00 276685455360.00 276778647552.00 
276866367488.00 276965294080.00 277058715648.00 277155643392.00 277245689856.00 277339078656.00 277432926208.00 277525987328.00 277619113984.00 277712994304.00 277805891584.00 277899542528.00 277993062400.00 278087172096.00 278179971072.00 278272114688.00 278364782592.00 278460628992.00 278554116096.00 278647406592.00 
278739320832.00 278834020352.00 278927572992.00 279020634112.00 279113728000.00 279207477248.00 279301259264.00 279394451456.00 279488102400.00 279580704768.00 279674322944.00 279769317376.00 279860674560.00 279953997824.00 280048074752.00 280141398016.00 280234459136.00 280327684096.00 280420155392.00 280510758912.00 
280539463680.00 280708939776.00 280799805440.00 280891719680.00 280984748032.00 281077776384.00 281171165184.00 281264881664.00 281355943936.00 281451331584.00 281544228864.00 281638174720.00 281731334144.00 281826131968.00 281918275584.00 282011631616.00 282104856576.00 282198638592.00 282291961856.00 282385743872.00 
282477625344.00 282572423168.00 282665451520.00 282759430144.00 282851540992.00 282944569344.00 283039268864.00 283130429440.00 283225817088.00 283319402496.00 283412398080.00 283506704384.00 283599765504.00 283693842432.00 283786641408.00 283880292352.00 283973582848.00 284066709504.00 284161179648.00 284254404608.00 
284336816128.00 284441214976.00 284534636544.00 284627927040.00 284721152000.00 284814802944.00 284908290048.00 285001449472.00 285095264256.00 285188751360.00 285278732288.00 285375889408.00 285468819456.00 285562339328.00 285655695360.00 285749149696.00 285841588224.00 285935796224.00 286029283328.00 286124736512.00 
286215471104.00 286310105088.00 286403592192.00 286496915456.00 286589747200.00 286683693056.00 286777180160.00 286871289856.00 286963826688.00 287057575936.00 287150243840.00 287244288000.00 287335514112.00 287431327744.00 287524421632.00 287616401408.00 287711100928.00 287812386816.00 287898927104.00 287991857152.00 
288082427904.00 288178667520.00 288272646144.00 288365445120.00 288459030528.00 288552452096.00 288646299648.00 288739557376.00 288831832064.00 288926007296.00 289018642432.00 289115176960.00 289206534144.00 289299955712.00 289393541120.00 289486569472.00 289579761664.00 289674035200.00 289766768640.00 289860583424.00 
289947385856.00 290047623168.00 290139832320.00 290233679872.00 290325954560.00 290421407744.00 290514894848.00 290607955968.00 290701213696.00 290794536960.00 290886909952.00 290972008448.00 291076308992.00 291169206272.00 291262464000.00 291355721728.00 291449143296.00 291543187456.00 291636248576.00 291729539072.00 
291817816064.00 291916873728.00 292011081728.00 292104077312.00 292196843520.00 292281942016.00 292383784960.00 292477239296.00 292570365952.00 292664082432.00 292756324352.00 292850925568.00 292943888384.00 293037146112.00 293131190272.00 293223989248.00 293315837952.00 293411127296.00 293505302528.00 293598134272.00 
293690572800.00 293785239552.00 293878235136.00 293975588864.00 294065373184.00 294158860288.00 294252216320.00 294346457088.00 294439256064.00 294533136384.00 294622855168.00 294719619072.00 294812090368.00 294906789888.00 295000211456.00 295093305344.00 295186956288.00 295280181248.00 295376191488.00 295467450368.00 
295558053888.00 295654260736.00 295747518464.00 295841267712.00 295934099456.00 296027455488.00 296120975360.00 296215150592.00 296305983488.00 296401829888.00 296494563328.00 296588771328.00 296681832448.00 296775778304.00 296868642816.00 296960851968.00 297055354880.00 297149530112.00 297242689536.00 297336111104.00 
297428123648.00 297523118080.00 297616441344.00 297710157824.00 297802137600.00 297895985152.00 297989931008.00 298084171776.00 298176675840.00 298269900800.00 298363027456.00 298456023040.00 298550165504.00 298644045824.00 298737631232.00 298830364672.00 298923556864.00 299017306112.00 299109810176.00 299201167360.00 
299242455040.00 299395710976.00 299486904320.00 299580063744.00 299673124864.00 299766317056.00 299859542016.00 299953487872.00 300045893632.00 300139970560.00 300232376320.00 300326387712.00 300419481600.00 300513525760.00 300606816256.00 300700008448.00 300792840192.00 300886818816.00 300980535296.00 301074055168.00 
301166264320.00 301260996608.00 301353861120.00 301447774208.00 301540868096.00 301632880640.00 301728464896.00 301821493248.00 301914619904.00 302008270848.00 302101102592.00 302196097024.00 302286471168.00 302381989888.00 302474428416.00 302568669184.00 302662156288.00 302756233216.00 302847426560.00 302942715904.00 
303033581568.00 303129395200.00 303222980608.00 303316303872.00 303409627136.00 303502884864.00 303596830720.00 303690022912.00 303782920192.00 303876898816.00 303952986112.00 304064462848.00 304157327360.00 304250486784.00 304344268800.00 304437624832.00 304530948096.00 304625123328.00 304718249984.00 304811474944.00 
304903716864.00 304998514688.00 305091772416.00 305184931840.00 305276715008.00 305371873280.00 305465851904.00 305558847488.00 305652629504.00 305746182144.00 305838784512.00 305932566528.00 306024972288.00 306122489856.00 306214010880.00 306305368064.00 306400133120.00 306493652992.00 306587238400.00 306680659968.00 
306768183296.00 306867306496.00 306959908864.00 307053985792.00 307147571200.00 307241058304.00 307335102464.00 307428556800.00 307521454080.00 307615531008.00 307707609088.00 307801686016.00 307894878208.00 307988529152.00 308079427584.00 308175339520.00 308266729472.00 308362706944.00 308455768064.00 308549582848.00 
308635795456.00 308736360448.00 308829192192.00 308922712064.00 309015674880.00 309110308864.00 309203402752.00 309296496640.00 309389950976.00 309483601920.00 309576400896.00 309670248448.00 309762850816.00 309857714176.00 309950644224.00 310044295168.00 310137421824.00 310230548480.00 310324723712.00 310418145280.00 
310508781568.00 310605185024.00 310697459712.00 310791438336.00 310885154816.00 310977265664.00 311071670272.00 311165288448.00 311256711168.00 311352164352.00 311444733952.00 311538286592.00 311631118336.00 311718477824.00 311823859712.00 311914561536.00 312007131136.00 312100945920.00 312194236416.00 312287199232.00 
312379211776.00 312474599424.00 312567889920.00 312661442560.00 312753127424.00 312847794176.00 312941281280.00 313035325440.00 313128452096.00 313222070272.00 313311428608.00 313408323584.00 313501646848.00 313595527168.00 313688784896.00 313782730752.00 313875529728.00 313969278976.00 314061848576.00 314155401216.00 
314238205952.00 314343161856.00 314436255744.00 314530234368.00 314622705664.00 314716127232.00 314810171392.00 314902937600.00 314995834880.00 315090960384.00 315183595520.00 315277377536.00 315370504192.00 315464187904.00 315557412864.00 315642183680.00 315743600640.00 315837710336.00 315931525120.00 316025307136.00 
316116926464.00 316211560448.00 316304654336.00 316398075904.00 316490481664.00 316586491904.00 316678963200.00 316772515840.00 316865576960.00 316959293440.00 317052026880.00 317145939968.00 317237329920.00 317332979712.00 317427613696.00 317519462400.00 317613211648.00 317706600448.00 317799890944.00 317893443584.00 
317973397504.00 318080581632.00 318174199808.00 318269128704.00 318360682496.00 318454038528.00 318547460096.00 318640914432.00 318733582336.00 318827757568.00 318921277440.00 319015092224.00 319108349952.00 319201902592.00 319294832640.00 319388221440.00 319481774080.00 319575490560.00 319668977664.00 319763021824.00 
319854510080.00 319949340672.00 320042631168.00 320135790592.00 320227180544.00 320320929792.00 320416055296.00 320509181952.00 320600014848.00 320701464576.00 320791150592.00 320884539392.00 320977272832.00 321071218688.00 321164804096.00 321257832448.00 321351057408.00 321444642816.00 321537474560.00 321631354880.00 
321719009280.00 321818361856.00 321912111104.00 322004779008.00 322098135040.00 322192113664.00 322285174784.00 322378334208.00 322471723008.00 322566029312.00 322655879168.00 322754805760.00 322845736960.00 322940076032.00 323032711168.00 323126558720.00 323217686528.00 323313303552.00 323406954496.00 323500376064.00 
323592159232.00 323687645184.00 323780542464.00 323873767424.00 323966861312.00 324060577792.00 324153999360.00 324248862720.00 324340973568.00 324434395136.00 324527030272.00 324621533184.00 324714135552.00 324807983104.00 324901863424.00 324993613824.00 325088378880.00 325181964288.00 325274763264.00 325369397248.00 
325459836928.00 325555617792.00 325649137664.00 325743181824.00 325836636160.00 325929533440.00 326023249920.00 326116212736.00 326207799296.00 326303580160.00 326395822080.00 326490587136.00 326583418880.00 326677626880.00 326770556928.00 326863749120.00 326956646400.00 327050264576.00 327143424000.00 327236583424.00 
327296024576.00 327426080768.00 327518388224.00 327611744256.00 327704313856.00 327798259712.00 327892303872.00 327984971776.00 328078721024.00 328172503040.00 328265007104.00 328359247872.00 328452243456.00 328546058240.00 328639184896.00 328732311552.00 328825995264.00 328919613440.00 329013067776.00 329106980864.00 
329189261312.00 329294118912.00 329387212800.00 329480667136.00 329573826560.00 329665970176.00 329760899072.00 329853927424.00 329946955776.00 330040803328.00 330134814720.00 330227744768.00 330321625088.00 330415374336.00 330508402688.00 330601594880.00 330694000640.00 330788569088.00 330882088960.00 330975805440.00 
331068211200.00 331163893760.00 331255939072.00 331350016000.00 331442290688.00 331536072704.00 331629756416.00 331722981376.00 331816402944.00 331909922816.00 331999707136.00 332095848448.00 332188254208.00 332283576320.00 332376309760.00 332468617216.00 332566691840.00 332658180096.00 332750979072.00 332844662784.00 
332935430144.00 333031866368.00 333124763648.00 333217824768.00 333311541248.00 333404504064.00 333498908672.00 333591969792.00 333684539392.00 333778845696.00 333871939584.00 333965623296.00 334058979328.00 334152892416.00 334246019072.00 334337900544.00 334432272384.00 334526382080.00 334619312128.00 334718140416.00 
334805368832.00 334900625408.00 334993358848.00 335086845952.00 335178399744.00 335274049536.00 335367405568.00 335461187584.00 335553921024.00 335647670272.00 335740305408.00 335834349568.00 335927541760.00 336021520384.00 336115236864.00 336208363520.00 336301424640.00 336394911744.00 336488267776.00 336581328896.00 
336647749632.00 336769777664.00 336863035392.00 336956391424.00 337049354240.00 337142972416.00 337236000768.00 337329651712.00 337422680064.00 337516789760.00 337609588736.00 337703796736.00 337797054464.00 337891000320.00 337983504384.00 338077089792.00 338168774656.00 338263965696.00 338357649408.00 338446680064.00 
338543312896.00 338637684736.00 338731565056.00 338824593408.00 338917916672.00 339003375616.00 339104563200.00 339198509056.00 339292651520.00 339385221120.00 339478085632.00 339572817920.00 339665190912.00 339758678016.00 339852460032.00 339945127936.00 340037074944.00 340133806080.00 340226637824.00 340320288768.00 
340410761216.00 340506050560.00 340600193024.00 340693811200.00 340786970624.00 340880523264.00 340973322240.00 341065957376.00 341158559744.00 341254012928.00 341344288768.00 341440659456.00 341533589504.00 341628387328.00 341721415680.00 341815001088.00 341908127744.00 342001549312.00 342095560704.00 342188752896.00 
342280765440.00 342374088704.00 342469607424.00 342562340864.00 342654746624.00 342748790784.00 342842212352.00 342938025984.00 343030136832.00 343123099648.00 343216160768.00 343310434304.00 343402283008.00 343497146368.00 343589879808.00 343682187264.00 343776952320.00 343870701568.00 343964155904.00 344056954880.00 
344140218368.00 344244322304.00 344337874944.00 344431296512.00 344524423168.00 344618237952.00 344711168000.00 344805212160.00 344897847296.00 344992186368.00 345084657664.00 345178308608.00 345270321152.00 345366396928.00 345459589120.00 345552617472.00 345645350912.00 345740312576.00 345832783872.00 345926664192.00 
346013171712.00 346113310720.00 346206404608.00 346300088320.00 346393182208.00 346486571008.00 346580287488.00 346673610752.00 346766802944.00 346860355584.00 346953449472.00 347047854080.00 347138686976.00 347234041856.00 347326218240.00 347422130176.00 347515289600.00 347608219648.00 347701477376.00 347795324928.00 
347886092288.00 347982594048.00 348075393024.00 348169076736.00 348261089280.00 348354215936.00 348448423936.00 348542205952.00 348635234304.00 348730359808.00 348822306816.00 348916842496.00 349009608704.00 349102243840.00 349197172736.00 349289807872.00 349383229440.00 349477208064.00 349570564096.00 349663952896.00 
349755965440.00 349850304512.00 349946281984.00 350037770240.00 350129061888.00 350224384000.00 350317477888.00 350411292672.00 350504779776.00 350598070272.00 350674812928.00 350786224128.00 350878564352.00 350972018688.00 351066357760.00 351158272000.00 351252512768.00 351345672192.00 351439388672.00 351532417024.00 
351620759552.00 351719620608.00 351813435392.00 351906725888.00 351999557632.00 352094355456.00 352186761216.00 352281427968.00 352372948992.00 352467550208.00 352560545792.00 352654524416.00 352747159552.00 352840941568.00 352933871616.00 353026506752.00 353119109120.00 353214431232.00 353309458432.00 353401536512.00 
353493975040.00 353588707328.00 353682161664.00 353775124480.00 353868677120.00 353962065920.00 354055782400.00 354149302272.00 354242330624.00 354335653888.00 354429304832.00 354522791936.00 354615459840.00 354710323200.00 354803318784.00 354897199104.00 354990227456.00 355083255808.00 355177627648.00 355270688768.00 
355350249472.00 355458187264.00 355550724096.00 355644178432.00 355737305088.00 355831447552.00 355924639744.00 356018323456.00 356109451264.00 356204544000.00 356298326016.00 356391616512.00 356485267456.00 356579016704.00 356673126400.00 356765237248.00 356858691584.00 356953161728.00 357045010432.00 357139480576.00 
357231394816.00 357326716928.00 357419220992.00 357512544256.00 357605343232.00 357698600960.00 357791006720.00 357886984192.00 357980831744.00 358073630720.00 358167052288.00 358261817344.00 358353895424.00 358446891008.00 358541230080.00 358634160128.00 358727745536.00 358821298176.00 358915080192.00 359008370688.00 
359090585600.00 359195344896.00 359288111104.00 359382253568.00 359475249152.00 359568801792.00 359661043712.00 359756136448.00 359848476672.00 359941767168.00 360032305152.00 360129331200.00 360223801344.00 360316239872.00 360409300992.00 360502984704.00 360595652608.00 360689500160.00 360783708160.00 360877228032.00 
360968978432.00 361063743488.00 361155854336.00 361251143680.00 361344172032.00 361437560832.00 361530818560.00 361624535040.00 361717170176.00 361811476480.00 361903849472.00 362001235968.00 362089873408.00 362183557120.00 362278158336.00 362363813888.00 362465558528.00 362558881792.00 362652041216.00 362745823232.00 
362836230144.00 362932862976.00 363026120704.00 363119738880.00 363212439552.00 363305697280.00 363399970816.00 363492540416.00 363585929216.00 363680694272.00 363772936192.00 363867013120.00 363960664064.00 364053889024.00 364147048448.00 364240306176.00 364333236224.00 364427706368.00 364520865792.00 364614418432.00 
364700925952.00 364801425408.00 364894912512.00 364988399616.00 365079166976.00 365175341056.00 365269155840.00 365364281344.00 365455048704.00 365548011520.00 365641564160.00 365735477248.00 365828308992.00 365921435648.00 366016233472.00 366109655040.00 366202650624.00 366296170496.00 366389690368.00 366483210240.00 
366571388928.00 366669987840.00 366763016192.00 366856470528.00 366950023168.00 367042363392.00 367137423360.00 367230156800.00 367323414528.00 367417556992.00 367510454272.00 367603286016.00 367697395712.00 367791079424.00 367884533760.00 367977693184.00 368068788224.00 368163880960.00 368258285568.00 368351838208.00 
368443719680.00 368537632768.00 368631447552.00 368725196800.00 368817963008.00 368912334848.00 369005723648.00 369098555392.00 369191649280.00 369286053888.00 369376198656.00 369472765952.00 369564975104.00 369659543552.00 369752080384.00 369845796864.00 369938923520.00 370033885184.00 370126422016.00 370219876352.00 
370310283264.00 370406457344.00 370499485696.00 370592808960.00 370686394368.00 370779815936.00 370872745984.00 370966724608.00 371057754112.00 371154026496.00 371245776896.00 371339853824.00 371432783872.00 371526369280.00 371620085760.00 371711606784.00 371805945856.00 371899695104.00 371992756224.00 372085817344.00 
372177895424.00 372272594944.00 372365754368.00 372458913792.00 372551057408.00 372644970496.00 372738097152.00 372831125504.00 372923924480.00 373016788992.00 373108932608.00 373201600512.00 373293809664.00 373385396224.00 373476622336.00 373566930944.00 373655830528.00 373741518848.00 373819408384.00 373866266624.00 
end   dump: w
==END   DUMP_ARRAYS==
Time in seconds = 0.064416
