Sender: LSF System <lsfadmin@polus-c2-ib.bmc.hpc.cs.msu.ru>
Subject: Job 494357: <./extra.o> in cluster <MSUCluster> Done

Job <./extra.o> was submitted from host <polus-ib.bmc.hpc.cs.msu.ru> by user <edu-cmc-skpod19-328-11> in cluster <MSUCluster> at Fri Nov 29 23:43:35 2019
Job was executed on host(s) <12*polus-c2-ib.bmc.hpc.cs.msu.ru>, in queue <short>, as user <edu-cmc-skpod19-328-11> in cluster <MSUCluster> at Fri Nov 29 23:45:58 2019
</home_edu/edu-cmc-skpod19-328/edu-cmc-skpod19-328-11> was used as the home directory.
</home_edu/edu-cmc-skpod19-328/edu-cmc-skpod19-328-11/dep_gemver> was used as the working directory.
Started at Fri Nov 29 23:45:58 2019
Terminated at Fri Nov 29 23:46:00 2019
Results reported at Fri Nov 29 23:46:00 2019

Your job looked like:

------------------------------------------------------------
# LSBATCH: User input
./extra.o
------------------------------------------------------------

Successfully completed.

Resource usage summary:

    CPU time :                                   14.01 sec.
    Max Memory :                                 22 MB
    Average Memory :                             16.00 MB
    Total Requested Memory :                     -
    Delta Memory :                               -
    Max Swap :                                   -
    Max Processes :                              3
    Max Threads :                                4
    Run time :                                   2 sec.
    Turnaround time :                            145 sec.

The output (if any) follows:

==BEGIN DUMP_ARRAYS==
begin dump: w
0.00 0.00 0.00 0.00 0.00 0.00 0.00 0.00 0.00 0.00 0.00 0.00 0.00 0.00 0.00 0.00 0.00 0.00 0.00 0.00 
0.00 0.00 0.00 0.00 0.00 0.00 0.00 0.00 0.00 0.00 0.00 0.00 0.00 0.00 0.00 0.00 0.00 0.00 0.00 0.00 
0.00 0.00 0.00 0.00 0.00 0.00 0.00 0.00 0.00 0.00 0.00 0.00 0.00 0.00 0.00 0.00 0.00 0.00 0.00 0.00 
0.00 0.00 0.00 0.00 0.00 0.00 0.00 0.00 0.00 0.00 0.00 0.00 0.00 0.00 0.00 0.00 0.00 0.00 0.00 0.00 
0.00 0.00 0.00 0.00 0.00 0.00 0.00 0.00 0.00 0.00 0.00 0.00 0.00 0.00 0.00 0.00 0.00 0.00 0.00 0.00 
0.00 0.00 0.00 0.00 0.00 0.00 0.00 0.00 0.00 0.00 0.00 0.00 0.00 0.00 0.00 0.00 0.00 0.00 0.00 0.00 
0.00 0.00 0.00 0.00 0.00 0.00 0.00 0.00 0.00 0.00 0.00 0.00 0.00 0.00 0.00 0.00 0.00 0.00 0.00 0.00 
0.00 0.00 0.00 0.00 0.00 0.00 0.00 0.00 0.00 0.00 0.00 0.00 0.00 0.00 0.00 0.00 0.00 0.00 0.00 0.00 
0.00 0.00 0.00 0.00 0.00 0.00 0.00 0.00 0.00 0.00 0.00 0.00 0.00 0.00 0.00 0.00 0.00 0.00 0.00 0.00 
0.00 0.00 0.00 0.00 0.00 0.00 0.00 0.00 0.00 0.00 0.00 0.00 0.00 0.00 0.00 0.00 0.00 0.00 0.00 0.00 
0.00 0.00 0.00 0.00 0.00 0.00 0.00 0.00 0.00 0.00 0.00 0.00 0.00 0.00 0.00 0.00 0.00 0.00 0.00 0.00 
0.00 0.00 0.00 0.00 0.00 0.00 0.00 0.00 0.00 0.00 0.00 0.00 0.00 0.00 0.00 0.00 0.00 0.00 0.00 0.00 
0.00 0.00 0.00 0.00 0.00 0.00 0.00 0.00 0.00 0.00 0.00 0.00 0.00 0.00 0.00 0.00 0.00 0.00 0.00 0.00 
0.00 0.00 0.00 0.00 0.00 0.00 0.00 0.00 0.00 0.00 0.00 0.00 0.00 0.00 0.00 0.00 0.00 0.00 0.00 0.00 
0.00 0.00 0.00 0.00 0.00 0.00 0.00 0.00 0.00 0.00 0.00 0.00 0.00 0.00 0.00 0.00 0.00 0.00 0.00 0.00 
0.00 0.00 0.00 0.00 0.00 0.00 0.00 0.00 0.00 0.00 0.00 0.00 0.00 0.00 0.00 0.00 0.00 0.00 0.00 0.00 
0.00 0.00 0.00 0.00 0.00 0.00 0.00 0.00 0.00 0.00 0.00 0.00 0.00 0.00 0.00 0.00 0.00 0.00 0.00 0.00 
0.00 0.00 0.00 0.00 0.00 0.00 0.00 0.00 0.00 0.00 0.00 0.00 0.00 0.00 0.00 0.00 0.00 0.00 0.00 0.00 
0.00 0.00 0.00 0.00 0.00 0.00 0.00 0.00 0.00 0.00 0.00 0.00 0.00 0.00 0.00 0.00 0.00 0.00 0.00 0.00 
0.00 0.00 0.00 0.00 0.00 0.00 0.00 0.00 0.00 0.00 0.00 0.00 0.00 0.00 0.00 0.00 0.00 0.00 0.00 0.00 
0.00 0.00 0.00 0.00 0.00 0.00 0.00 0.00 0.00 0.00 0.00 0.00 0.00 0.00 0.00 0.00 0.00 0.00 0.00 0.00 
0.00 0.00 0.00 0.00 0.00 0.00 0.00 0.00 0.00 0.00 0.00 0.00 0.00 0.00 0.00 0.00 0.00 0.00 0.00 0.00 
0.00 0.00 0.00 0.00 0.00 0.00 0.00 0.00 0.00 0.00 0.00 0.00 0.00 0.00 0.00 0.00 0.00 0.00 0.00 0.00 
0.00 0.00 0.00 0.00 0.00 0.00 0.00 0.00 0.00 0.00 0.00 0.00 0.00 0.00 0.00 0.00 0.00 0.00 0.00 0.00 
0.00 0.00 0.00 0.00 0.00 0.00 0.00 0.00 0.00 0.00 0.00 0.00 0.00 0.00 0.00 0.00 0.00 0.00 0.00 0.00 
0.00 0.00 0.00 0.00 0.00 0.00 0.00 0.00 0.00 0.00 0.00 0.00 0.00 0.00 0.00 0.00 0.00 0.00 0.00 0.00 
0.00 0.00 0.00 0.00 0.00 0.00 0.00 0.00 0.00 0.00 0.00 0.00 0.00 0.00 0.00 0.00 0.00 0.00 0.00 0.00 
0.00 0.00 0.00 0.00 0.00 0.00 0.00 0.00 0.00 0.00 0.00 0.00 0.00 0.00 0.00 0.00 0.00 0.00 0.00 0.00 
0.00 0.00 0.00 0.00 0.00 0.00 0.00 0.00 0.00 0.00 0.00 0.00 0.00 0.00 0.00 0.00 0.00 0.00 0.00 0.00 
0.00 0.00 0.00 0.00 0.00 0.00 0.00 0.00 0.00 0.00 0.00 0.00 0.00 0.00 0.00 0.00 0.00 0.00 0.00 0.00 
0.00 0.00 0.00 0.00 0.00 0.00 0.00 0.00 0.00 0.00 0.00 0.00 0.00 0.00 0.00 0.00 0.00 0.00 0.00 0.00 
0.00 0.00 0.00 0.00 0.00 0.00 0.00 0.00 0.00 0.00 0.00 0.00 0.00 0.00 0.00 0.00 0.00 0.00 0.00 0.00 
0.00 0.00 0.00 0.00 0.00 0.00 0.00 0.00 0.00 0.00 0.00 0.00 0.00 0.00 0.00 0.00 0.00 0.00 0.00 0.00 
0.00 0.00 0.00 0.00 0.00 0.00 0.00 0.00 0.00 0.00 0.00 0.00 0.00 0.00 0.00 0.00 0.00 0.00 0.00 0.00 
0.00 0.00 0.00 0.00 0.00 0.00 0.00 0.00 0.00 0.00 0.00 0.00 0.00 0.00 0.00 0.00 0.00 0.00 0.00 0.00 
0.00 0.00 0.00 0.00 0.00 0.00 0.00 0.00 0.00 0.00 0.00 0.00 0.00 0.00 0.00 0.00 0.00 0.00 0.00 0.00 
0.00 0.00 0.00 0.00 0.00 0.00 0.00 0.00 0.00 0.00 0.00 0.00 0.00 0.00 0.00 0.00 0.00 0.00 0.00 0.00 
0.00 0.00 0.00 0.00 0.00 0.00 0.00 0.00 0.00 0.00 0.00 0.00 0.00 0.00 0.00 0.00 0.00 0.00 0.00 0.00 
0.00 0.00 0.00 0.00 0.00 0.00 0.00 0.00 0.00 0.00 0.00 0.00 0.00 0.00 0.00 0.00 0.00 0.00 0.00 0.00 
0.00 0.00 0.00 0.00 0.00 0.00 0.00 0.00 0.00 0.00 0.00 0.00 0.00 0.00 0.00 0.00 0.00 0.00 0.00 0.00 
0.00 0.00 0.00 0.00 0.00 0.00 0.00 0.00 0.00 0.00 0.00 0.00 0.00 0.00 0.00 0.00 0.00 0.00 0.00 0.00 
0.00 0.00 0.00 0.00 0.00 0.00 0.00 0.00 0.00 0.00 0.00 0.00 0.00 0.00 0.00 0.00 0.00 0.00 0.00 0.00 
0.00 0.00 0.00 0.00 0.00 0.00 0.00 0.00 0.00 0.00 0.00 0.00 0.00 0.00 0.00 0.00 0.00 0.00 0.00 0.00 
0.00 0.00 0.00 0.00 0.00 0.00 0.00 0.00 0.00 0.00 0.00 0.00 0.00 0.00 0.00 0.00 0.00 0.00 0.00 0.00 
0.00 0.00 0.00 0.00 0.00 0.00 0.00 0.00 0.00 0.00 0.00 0.00 0.00 0.00 0.00 0.00 0.00 0.00 0.00 0.00 
0.00 0.00 0.00 0.00 0.00 0.00 0.00 0.00 0.00 0.00 0.00 0.00 0.00 0.00 0.00 0.00 0.00 0.00 0.00 0.00 
0.00 0.00 0.00 0.00 0.00 0.00 0.00 0.00 0.00 0.00 0.00 0.00 0.00 0.00 0.00 0.00 0.00 0.00 0.00 0.00 
0.00 0.00 0.00 0.00 0.00 0.00 0.00 0.00 0.00 0.00 0.00 0.00 0.00 0.00 0.00 0.00 0.00 0.00 0.00 0.00 
0.00 0.00 0.00 0.00 0.00 0.00 0.00 0.00 0.00 0.00 0.00 0.00 0.00 0.00 0.00 0.00 0.00 0.00 0.00 0.00 
0.00 0.00 0.00 0.00 0.00 0.00 0.00 0.00 0.00 0.00 0.00 0.00 0.00 0.00 0.00 0.00 0.00 0.00 0.00 0.00 
0.00 0.00 0.00 0.00 0.00 0.00 0.00 0.00 0.00 0.00 0.00 0.00 0.00 0.00 0.00 0.00 0.00 0.00 0.00 0.00 
0.00 0.00 0.00 0.00 0.00 0.00 0.00 0.00 0.00 0.00 0.00 0.00 0.00 0.00 0.00 0.00 0.00 0.00 0.00 0.00 
0.00 0.00 0.00 0.00 0.00 0.00 0.00 0.00 0.00 0.00 0.00 0.00 0.00 0.00 0.00 0.00 0.00 0.00 0.00 0.00 
0.00 0.00 0.00 0.00 0.00 0.00 0.00 0.00 0.00 0.00 0.00 0.00 0.00 0.00 0.00 0.00 0.00 0.00 0.00 0.00 
0.00 0.00 0.00 0.00 0.00 0.00 0.00 0.00 0.00 0.00 0.00 0.00 0.00 0.00 0.00 0.00 0.00 0.00 0.00 0.00 
0.00 0.00 0.00 0.00 0.00 0.00 0.00 0.00 0.00 0.00 0.00 0.00 0.00 0.00 0.00 0.00 0.00 0.00 0.00 0.00 
0.00 0.00 0.00 0.00 0.00 0.00 0.00 0.00 0.00 0.00 0.00 0.00 0.00 0.00 0.00 0.00 0.00 0.00 0.00 0.00 
0.00 0.00 0.00 0.00 0.00 0.00 0.00 0.00 0.00 0.00 0.00 0.00 0.00 0.00 0.00 0.00 0.00 0.00 0.00 0.00 
0.00 0.00 0.00 0.00 0.00 0.00 0.00 0.00 0.00 0.00 0.00 0.00 0.00 0.00 0.00 0.00 0.00 0.00 0.00 0.00 
0.00 0.00 0.00 0.00 0.00 0.00 0.00 0.00 0.00 0.00 0.00 0.00 0.00 0.00 0.00 0.00 0.00 0.00 0.00 0.00 
0.00 0.00 0.00 0.00 0.00 0.00 0.00 0.00 0.00 0.00 0.00 0.00 0.00 0.00 0.00 0.00 0.00 0.00 0.00 0.00 
0.00 0.00 0.00 0.00 0.00 0.00 0.00 0.00 0.00 0.00 0.00 0.00 0.00 0.00 0.00 0.00 0.00 0.00 0.00 0.00 
0.00 0.00 0.00 0.00 0.00 0.00 0.00 0.00 0.00 0.00 0.00 0.00 0.00 0.00 0.00 0.00 0.00 0.00 0.00 0.00 
0.00 0.00 0.00 0.00 0.00 0.00 0.00 0.00 0.00 0.00 0.00 0.00 0.00 0.00 0.00 0.00 0.00 0.00 0.00 0.00 
0.00 0.00 0.00 0.00 0.00 0.00 0.00 0.00 0.00 0.00 0.00 0.00 0.00 0.00 0.00 0.00 0.00 0.00 0.00 0.00 
0.00 0.00 0.00 0.00 0.00 0.00 0.00 0.00 0.00 0.00 0.00 0.00 0.00 0.00 0.00 0.00 0.00 0.00 0.00 0.00 
0.00 0.00 0.00 0.00 0.00 0.00 0.00 0.00 0.00 0.00 0.00 0.00 0.00 0.00 0.00 0.00 0.00 0.00 0.00 0.00 
0.00 0.00 0.00 0.00 0.00 0.00 0.00 0.00 0.00 0.00 0.00 0.00 0.00 0.00 0.00 0.00 0.00 0.00 0.00 0.00 
0.00 0.00 0.00 0.00 0.00 0.00 0.00 0.00 0.00 0.00 0.00 0.00 0.00 0.00 0.00 0.00 0.00 0.00 0.00 0.00 
0.00 0.00 0.00 0.00 0.00 0.00 0.00 0.00 0.00 0.00 0.00 0.00 0.00 0.00 0.00 0.00 0.00 0.00 0.00 0.00 
0.00 0.00 0.00 0.00 0.00 0.00 0.00 0.00 0.00 0.00 0.00 0.00 0.00 0.00 0.00 0.00 0.00 0.00 0.00 0.00 
0.00 0.00 0.00 0.00 0.00 0.00 0.00 0.00 0.00 0.00 0.00 0.00 0.00 0.00 0.00 0.00 0.00 0.00 0.00 0.00 
0.00 0.00 0.00 0.00 0.00 0.00 0.00 0.00 0.00 0.00 0.00 0.00 0.00 0.00 0.00 0.00 0.00 0.00 0.00 0.00 
0.00 0.00 0.00 0.00 0.00 0.00 0.00 0.00 0.00 0.00 0.00 0.00 0.00 0.00 0.00 0.00 0.00 0.00 0.00 0.00 
0.00 0.00 0.00 0.00 0.00 0.00 0.00 0.00 0.00 0.00 0.00 0.00 0.00 0.00 0.00 0.00 0.00 0.00 0.00 0.00 
0.00 0.00 0.00 0.00 0.00 0.00 0.00 0.00 0.00 0.00 0.00 0.00 0.00 0.00 0.00 0.00 0.00 0.00 0.00 0.00 
0.00 0.00 0.00 0.00 0.00 0.00 0.00 0.00 0.00 0.00 0.00 0.00 0.00 0.00 0.00 0.00 0.00 0.00 0.00 0.00 
0.00 0.00 0.00 0.00 0.00 0.00 0.00 0.00 0.00 0.00 0.00 0.00 0.00 0.00 0.00 0.00 0.00 0.00 0.00 0.00 
0.00 0.00 0.00 0.00 0.00 0.00 0.00 0.00 0.00 0.00 0.00 0.00 0.00 0.00 0.00 0.00 0.00 0.00 0.00 0.00 
0.00 0.00 0.00 0.00 0.00 0.00 0.00 0.00 0.00 0.00 0.00 0.00 0.00 0.00 0.00 0.00 0.00 0.00 0.00 0.00 
0.00 0.00 0.00 0.00 0.00 0.00 0.00 0.00 0.00 0.00 0.00 0.00 0.00 0.00 0.00 0.00 0.00 0.00 0.00 0.00 
0.00 0.00 0.00 0.00 0.00 0.00 0.00 0.00 0.00 0.00 0.00 0.00 0.00 0.00 0.00 0.00 0.00 0.00 0.00 0.00 
0.00 0.00 0.00 0.00 0.00 0.00 0.00 0.00 0.00 0.00 0.00 0.00 0.00 0.00 0.00 0.00 0.00 0.00 0.00 0.00 
0.00 0.00 0.00 0.00 0.00 0.00 0.00 0.00 0.00 0.00 0.00 0.00 0.00 0.00 0.00 0.00 0.00 0.00 0.00 0.00 
0.00 0.00 0.00 0.00 0.00 0.00 0.00 0.00 0.00 0.00 0.00 0.00 0.00 0.00 0.00 0.00 0.00 0.00 0.00 0.00 
0.00 0.00 0.00 0.00 0.00 0.00 0.00 0.00 0.00 0.00 0.00 0.00 0.00 0.00 0.00 0.00 0.00 0.00 0.00 0.00 
0.00 0.00 0.00 0.00 0.00 0.00 0.00 0.00 0.00 0.00 0.00 0.00 0.00 0.00 0.00 0.00 0.00 0.00 0.00 0.00 
0.00 0.00 0.00 0.00 0.00 0.00 0.00 0.00 0.00 0.00 0.00 0.00 0.00 0.00 0.00 0.00 0.00 0.00 0.00 0.00 
0.00 0.00 0.00 0.00 0.00 0.00 0.00 0.00 0.00 0.00 0.00 0.00 0.00 0.00 0.00 0.00 0.00 0.00 0.00 0.00 
0.00 0.00 0.00 0.00 0.00 0.00 0.00 0.00 0.00 0.00 0.00 0.00 0.00 0.00 0.00 0.00 0.00 0.00 0.00 0.00 
0.00 0.00 0.00 0.00 0.00 0.00 0.00 0.00 0.00 0.00 0.00 0.00 0.00 0.00 0.00 0.00 0.00 0.00 0.00 0.00 
0.00 0.00 0.00 0.00 0.00 0.00 0.00 0.00 0.00 0.00 0.00 0.00 0.00 0.00 0.00 0.00 0.00 0.00 0.00 0.00 
0.00 0.00 0.00 0.00 0.00 0.00 0.00 0.00 0.00 0.00 0.00 0.00 0.00 0.00 0.00 0.00 0.00 0.00 0.00 0.00 
0.00 0.00 0.00 0.00 0.00 0.00 0.00 0.00 0.00 0.00 0.00 0.00 0.00 0.00 0.00 0.00 0.00 0.00 0.00 0.00 
0.00 0.00 0.00 0.00 0.00 0.00 0.00 0.00 0.00 0.00 0.00 0.00 0.00 0.00 0.00 0.00 0.00 0.00 0.00 0.00 
0.00 0.00 0.00 0.00 0.00 0.00 0.00 0.00 0.00 0.00 0.00 0.00 0.00 0.00 0.00 0.00 0.00 0.00 0.00 0.00 
0.00 0.00 0.00 0.00 0.00 0.00 0.00 0.00 0.00 0.00 0.00 0.00 0.00 0.00 0.00 0.00 0.00 0.00 0.00 0.00 
0.00 0.00 0.00 0.00 0.00 0.00 0.00 0.00 0.00 0.00 0.00 0.00 0.00 0.00 0.00 0.00 0.00 0.00 0.00 0.00 
0.00 0.00 0.00 0.00 0.00 0.00 0.00 0.00 0.00 0.00 0.00 0.00 0.00 0.00 0.00 0.00 0.00 0.00 0.00 0.00 
0.00 0.00 0.00 0.00 0.00 0.00 0.00 0.00 0.00 0.00 0.00 0.00 0.00 0.00 0.00 0.00 0.00 0.00 0.00 0.00 
0.00 0.00 0.00 0.00 0.00 0.00 0.00 0.00 0.00 0.00 0.00 0.00 0.00 0.00 0.00 0.00 0.00 0.00 0.00 0.00 
0.00 0.00 0.00 0.00 0.00 0.00 0.00 0.00 0.00 0.00 0.00 0.00 0.00 0.00 0.00 0.00 0.00 0.00 0.00 0.00 
0.00 0.00 0.00 0.00 0.00 0.00 0.00 0.00 0.00 0.00 0.00 0.00 0.00 0.00 0.00 0.00 0.00 0.00 0.00 0.00 
0.00 0.00 0.00 0.00 0.00 0.00 0.00 0.00 0.00 0.00 0.00 0.00 0.00 0.00 0.00 0.00 0.00 0.00 0.00 0.00 
0.00 0.00 0.00 0.00 0.00 0.00 0.00 0.00 0.00 0.00 0.00 0.00 0.00 0.00 0.00 0.00 0.00 0.00 0.00 0.00 
0.00 0.00 0.00 0.00 0.00 0.00 0.00 0.00 0.00 0.00 0.00 0.00 0.00 0.00 0.00 0.00 0.00 0.00 0.00 0.00 
0.00 0.00 0.00 0.00 0.00 0.00 0.00 0.00 0.00 0.00 0.00 0.00 0.00 0.00 0.00 0.00 0.00 0.00 0.00 0.00 
0.00 0.00 0.00 0.00 0.00 0.00 0.00 0.00 0.00 0.00 0.00 0.00 0.00 0.00 0.00 0.00 0.00 0.00 0.00 0.00 
0.00 0.00 0.00 0.00 0.00 0.00 0.00 0.00 0.00 0.00 0.00 0.00 0.00 0.00 0.00 0.00 0.00 0.00 0.00 0.00 
0.00 0.00 0.00 0.00 0.00 0.00 0.00 0.00 0.00 0.00 0.00 0.00 0.00 0.00 0.00 0.00 0.00 0.00 0.00 0.00 
0.00 0.00 0.00 0.00 0.00 0.00 0.00 0.00 0.00 0.00 0.00 0.00 0.00 0.00 0.00 0.00 0.00 0.00 0.00 0.00 
0.00 0.00 0.00 0.00 0.00 0.00 0.00 0.00 0.00 0.00 0.00 0.00 0.00 0.00 0.00 0.00 0.00 0.00 0.00 0.00 
0.00 0.00 0.00 0.00 0.00 0.00 0.00 0.00 0.00 0.00 0.00 0.00 0.00 0.00 0.00 0.00 0.00 0.00 0.00 0.00 
0.00 0.00 0.00 0.00 0.00 0.00 0.00 0.00 0.00 0.00 0.00 0.00 0.00 0.00 0.00 0.00 0.00 0.00 0.00 0.00 
0.00 0.00 0.00 0.00 0.00 0.00 0.00 0.00 0.00 0.00 0.00 0.00 0.00 0.00 0.00 0.00 0.00 0.00 0.00 0.00 
0.00 0.00 0.00 0.00 0.00 0.00 0.00 0.00 0.00 0.00 0.00 0.00 0.00 0.00 0.00 0.00 0.00 0.00 0.00 0.00 
0.00 0.00 0.00 0.00 0.00 0.00 0.00 0.00 0.00 0.00 0.00 0.00 0.00 0.00 0.00 0.00 0.00 0.00 0.00 0.00 
0.00 0.00 0.00 0.00 0.00 0.00 0.00 0.00 0.00 0.00 0.00 0.00 0.00 0.00 0.00 0.00 0.00 0.00 0.00 0.00 
0.00 0.00 0.00 0.00 0.00 0.00 0.00 0.00 0.00 0.00 0.00 0.00 0.00 0.00 0.00 0.00 0.00 0.00 0.00 0.00 
0.00 0.00 0.00 0.00 0.00 0.00 0.00 0.00 0.00 0.00 0.00 0.00 0.00 0.00 0.00 0.00 0.00 0.00 0.00 0.00 
0.00 0.00 0.00 0.00 0.00 0.00 0.00 0.00 0.00 0.00 0.00 0.00 0.00 0.00 0.00 0.00 0.00 0.00 0.00 0.00 
0.00 0.00 0.00 0.00 0.00 0.00 0.00 0.00 0.00 0.00 0.00 0.00 0.00 0.00 0.00 0.00 0.00 0.00 0.00 0.00 
0.00 0.00 0.00 0.00 0.00 0.00 0.00 0.00 0.00 0.00 0.00 0.00 0.00 0.00 0.00 0.00 0.00 0.00 0.00 0.00 
0.00 0.00 0.00 0.00 0.00 0.00 0.00 0.00 0.00 0.00 0.00 0.00 0.00 0.00 0.00 0.00 0.00 0.00 0.00 0.00 
0.00 0.00 0.00 0.00 0.00 0.00 0.00 0.00 0.00 0.00 0.00 0.00 0.00 0.00 0.00 0.00 0.00 0.00 0.00 0.00 
0.00 0.00 0.00 0.00 0.00 0.00 0.00 0.00 0.00 0.00 0.00 0.00 0.00 0.00 0.00 0.00 0.00 0.00 0.00 0.00 
0.00 0.00 0.00 0.00 0.00 0.00 0.00 0.00 0.00 0.00 0.00 0.00 0.00 0.00 0.00 0.00 0.00 0.00 0.00 0.00 
0.00 0.00 0.00 0.00 0.00 0.00 0.00 0.00 0.00 0.00 0.00 0.00 0.00 0.00 0.00 0.00 0.00 0.00 0.00 0.00 
0.00 0.00 0.00 0.00 0.00 0.00 0.00 0.00 0.00 0.00 0.00 0.00 0.00 0.00 0.00 0.00 0.00 0.00 0.00 0.00 
0.00 0.00 0.00 0.00 0.00 0.00 0.00 0.00 0.00 0.00 0.00 0.00 0.00 0.00 0.00 0.00 0.00 0.00 0.00 0.00 
0.00 0.00 0.00 0.00 0.00 0.00 0.00 0.00 0.00 0.00 0.00 0.00 0.00 0.00 0.00 0.00 0.00 0.00 0.00 0.00 
0.00 0.00 0.00 0.00 0.00 0.00 0.00 0.00 0.00 0.00 0.00 0.00 0.00 0.00 0.00 0.00 0.00 0.00 0.00 0.00 
0.00 0.00 0.00 0.00 0.00 0.00 0.00 0.00 0.00 0.00 0.00 0.00 0.00 0.00 0.00 0.00 0.00 0.00 0.00 0.00 
0.00 0.00 0.00 0.00 0.00 0.00 0.00 0.00 0.00 0.00 0.00 0.00 0.00 0.00 0.00 0.00 0.00 0.00 0.00 0.00 
0.00 0.00 0.00 0.00 0.00 0.00 0.00 0.00 0.00 0.00 0.00 0.00 0.00 0.00 0.00 0.00 0.00 0.00 0.00 0.00 
0.00 0.00 0.00 0.00 0.00 0.00 0.00 0.00 0.00 0.00 0.00 0.00 0.00 0.00 0.00 0.00 0.00 0.00 0.00 0.00 
0.00 0.00 0.00 0.00 0.00 0.00 0.00 0.00 0.00 0.00 0.00 0.00 0.00 0.00 0.00 0.00 0.00 0.00 0.00 0.00 
0.00 0.00 0.00 0.00 0.00 0.00 0.00 0.00 0.00 0.00 0.00 0.00 0.00 0.00 0.00 0.00 0.00 0.00 0.00 0.00 
0.00 0.00 0.00 0.00 0.00 0.00 0.00 0.00 0.00 0.00 0.00 0.00 0.00 0.00 0.00 0.00 0.00 0.00 0.00 0.00 
0.00 0.00 0.00 0.00 0.00 0.00 0.00 0.00 0.00 0.00 0.00 0.00 0.00 0.00 0.00 0.00 0.00 0.00 0.00 0.00 
0.00 0.00 0.00 0.00 0.00 0.00 0.00 0.00 0.00 0.00 0.00 0.00 0.00 0.00 0.00 0.00 0.00 0.00 0.00 0.00 
0.00 0.00 0.00 0.00 0.00 0.00 0.00 0.00 0.00 0.00 0.00 0.00 0.00 0.00 0.00 0.00 0.00 0.00 0.00 0.00 
0.00 0.00 0.00 0.00 0.00 0.00 0.00 0.00 0.00 0.00 0.00 0.00 0.00 0.00 0.00 0.00 0.00 0.00 0.00 0.00 
0.00 0.00 0.00 0.00 0.00 0.00 0.00 0.00 0.00 0.00 0.00 0.00 0.00 0.00 0.00 0.00 0.00 0.00 0.00 0.00 
0.00 0.00 0.00 0.00 0.00 0.00 0.00 0.00 0.00 0.00 0.00 0.00 0.00 0.00 0.00 0.00 0.00 0.00 0.00 0.00 
0.00 0.00 0.00 0.00 0.00 0.00 0.00 0.00 0.00 0.00 0.00 0.00 0.00 0.00 0.00 0.00 0.00 0.00 0.00 0.00 
0.00 0.00 0.00 0.00 0.00 0.00 0.00 0.00 0.00 0.00 0.00 0.00 0.00 0.00 0.00 0.00 0.00 0.00 0.00 0.00 
0.00 0.00 0.00 0.00 0.00 0.00 0.00 0.00 0.00 0.00 0.00 0.00 0.00 0.00 0.00 0.00 0.00 0.00 0.00 0.00 
0.00 0.00 0.00 0.00 0.00 0.00 0.00 0.00 0.00 0.00 0.00 0.00 0.00 0.00 0.00 0.00 0.00 0.00 0.00 0.00 
0.00 0.00 0.00 0.00 0.00 0.00 0.00 0.00 0.00 0.00 0.00 0.00 0.00 0.00 0.00 0.00 0.00 0.00 0.00 0.00 
0.00 0.00 0.00 0.00 0.00 0.00 0.00 0.00 0.00 0.00 0.00 0.00 0.00 0.00 0.00 0.00 0.00 0.00 0.00 0.00 
0.00 0.00 0.00 0.00 0.00 0.00 0.00 0.00 0.00 0.00 0.00 0.00 0.00 0.00 0.00 0.00 0.00 0.00 0.00 0.00 
0.00 0.00 0.00 0.00 0.00 0.00 0.00 0.00 0.00 0.00 0.00 0.00 0.00 0.00 0.00 0.00 0.00 0.00 0.00 0.00 
0.00 0.00 0.00 0.00 0.00 0.00 0.00 0.00 0.00 0.00 0.00 0.00 0.00 0.00 0.00 0.00 0.00 0.00 0.00 0.00 
0.00 0.00 0.00 0.00 0.00 0.00 0.00 0.00 0.00 0.00 0.00 0.00 0.00 0.00 0.00 0.00 0.00 0.00 0.00 0.00 
0.00 0.00 0.00 0.00 0.00 0.00 0.00 0.00 0.00 0.00 0.00 0.00 0.00 0.00 0.00 0.00 0.00 0.00 0.00 0.00 
0.00 0.00 0.00 0.00 0.00 0.00 0.00 0.00 0.00 0.00 0.00 0.00 0.00 0.00 0.00 0.00 0.00 0.00 0.00 0.00 
0.00 0.00 0.00 0.00 0.00 0.00 0.00 0.00 0.00 0.00 0.00 0.00 0.00 0.00 0.00 0.00 0.00 0.00 0.00 0.00 
0.00 0.00 0.00 0.00 0.00 0.00 0.00 0.00 0.00 0.00 0.00 0.00 0.00 0.00 0.00 0.00 0.00 0.00 0.00 0.00 
0.00 0.00 0.00 0.00 0.00 0.00 0.00 0.00 0.00 0.00 0.00 0.00 0.00 0.00 0.00 0.00 0.00 0.00 0.00 0.00 
0.00 0.00 0.00 0.00 0.00 0.00 0.00 0.00 0.00 0.00 0.00 0.00 0.00 0.00 0.00 0.00 0.00 0.00 0.00 0.00 
0.00 0.00 0.00 0.00 0.00 0.00 0.00 0.00 0.00 0.00 0.00 0.00 0.00 0.00 0.00 0.00 0.00 0.00 0.00 0.00 
0.00 0.00 0.00 0.00 0.00 0.00 0.00 0.00 0.00 0.00 0.00 0.00 0.00 0.00 0.00 0.00 0.00 0.00 0.00 0.00 
0.00 0.00 0.00 0.00 0.00 0.00 0.00 0.00 0.00 0.00 0.00 0.00 0.00 0.00 0.00 0.00 0.00 0.00 0.00 0.00 
0.00 0.00 0.00 0.00 0.00 0.00 0.00 0.00 0.00 0.00 0.00 0.00 0.00 0.00 0.00 0.00 0.00 0.00 0.00 0.00 
0.00 0.00 0.00 0.00 0.00 0.00 0.00 0.00 0.00 0.00 0.00 0.00 0.00 0.00 0.00 0.00 0.00 0.00 0.00 0.00 
0.00 0.00 0.00 0.00 0.00 0.00 0.00 0.00 0.00 0.00 0.00 0.00 0.00 0.00 0.00 0.00 0.00 0.00 0.00 0.00 
0.00 0.00 0.00 0.00 0.00 0.00 0.00 0.00 0.00 0.00 0.00 0.00 0.00 0.00 0.00 0.00 0.00 0.00 0.00 0.00 
0.00 0.00 0.00 0.00 0.00 0.00 0.00 0.00 0.00 0.00 0.00 0.00 0.00 0.00 0.00 0.00 0.00 0.00 0.00 0.00 
0.00 0.00 0.00 0.00 0.00 0.00 0.00 0.00 0.00 0.00 0.00 0.00 0.00 0.00 0.00 0.00 0.00 0.00 0.00 0.00 
0.00 0.00 0.00 0.00 0.00 0.00 0.00 0.00 0.00 0.00 0.00 0.00 0.00 0.00 0.00 0.00 0.00 0.00 0.00 0.00 
0.00 0.00 0.00 0.00 0.00 0.00 0.00 0.00 0.00 0.00 0.00 0.00 0.00 0.00 0.00 0.00 0.00 0.00 0.00 0.00 
0.00 0.00 0.00 0.00 0.00 0.00 0.00 0.00 0.00 0.00 0.00 0.00 0.00 0.00 0.00 0.00 0.00 0.00 0.00 0.00 
0.00 0.00 0.00 0.00 0.00 0.00 0.00 0.00 0.00 0.00 0.00 0.00 0.00 0.00 0.00 0.00 0.00 0.00 0.00 0.00 
0.00 0.00 0.00 0.00 0.00 0.00 0.00 0.00 0.00 0.00 0.00 0.00 0.00 0.00 0.00 0.00 0.00 0.00 0.00 0.00 
0.00 0.00 0.00 0.00 0.00 0.00 0.00 0.00 0.00 0.00 0.00 0.00 0.00 0.00 0.00 0.00 0.00 0.00 0.00 0.00 
0.00 0.00 0.00 0.00 0.00 0.00 0.00 0.00 0.00 0.00 0.00 0.00 0.00 0.00 0.00 0.00 0.00 0.00 0.00 0.00 
0.00 0.00 0.00 0.00 0.00 0.00 0.00 0.00 0.00 0.00 0.00 0.00 0.00 0.00 0.00 0.00 0.00 0.00 0.00 0.00 
0.00 0.00 0.00 0.00 0.00 0.00 0.00 0.00 0.00 0.00 0.00 0.00 0.00 0.00 0.00 0.00 0.00 0.00 0.00 0.00 
0.00 0.00 0.00 0.00 0.00 0.00 0.00 0.00 0.00 0.00 0.00 0.00 0.00 0.00 0.00 0.00 0.00 0.00 0.00 0.00 
0.00 0.00 0.00 0.00 0.00 0.00 0.00 0.00 0.00 0.00 0.00 0.00 0.00 0.00 0.00 0.00 0.00 0.00 0.00 0.00 
0.00 0.00 0.00 0.00 0.00 0.00 0.00 0.00 0.00 0.00 0.00 0.00 0.00 0.00 0.00 0.00 0.00 0.00 0.00 0.00 
0.00 0.00 0.00 0.00 0.00 0.00 0.00 0.00 0.00 0.00 0.00 0.00 0.00 0.00 0.00 0.00 0.00 0.00 0.00 0.00 
0.00 0.00 0.00 0.00 0.00 0.00 0.00 0.00 0.00 0.00 0.00 0.00 0.00 0.00 0.00 0.00 0.00 0.00 0.00 0.00 
0.00 0.00 0.00 0.00 0.00 0.00 0.00 0.00 0.00 0.00 0.00 0.00 0.00 0.00 0.00 0.00 0.00 0.00 0.00 0.00 
0.00 0.00 0.00 0.00 0.00 0.00 0.00 0.00 0.00 0.00 0.00 0.00 0.00 0.00 0.00 0.00 0.00 0.00 0.00 0.00 
0.00 0.00 0.00 0.00 0.00 0.00 0.00 0.00 0.00 0.00 0.00 0.00 0.00 0.00 0.00 0.00 0.00 0.00 0.00 0.00 
0.00 0.00 0.00 0.00 0.00 0.00 0.00 0.00 0.00 0.00 0.00 0.00 0.00 0.00 0.00 0.00 0.00 0.00 0.00 0.00 
0.00 0.00 0.00 0.00 0.00 0.00 0.00 0.00 0.00 0.00 0.00 0.00 0.00 0.00 0.00 0.00 0.00 0.00 0.00 0.00 
0.00 0.00 0.00 0.00 0.00 0.00 0.00 0.00 0.00 0.00 0.00 0.00 0.00 0.00 0.00 0.00 0.00 0.00 0.00 0.00 
0.00 0.00 0.00 0.00 0.00 0.00 0.00 0.00 0.00 0.00 0.00 0.00 0.00 0.00 0.00 0.00 0.00 0.00 0.00 0.00 
0.00 0.00 0.00 0.00 0.00 0.00 0.00 0.00 0.00 0.00 0.00 0.00 0.00 0.00 0.00 0.00 0.00 0.00 0.00 0.00 
0.00 0.00 0.00 0.00 0.00 0.00 0.00 0.00 0.00 0.00 0.00 0.00 0.00 0.00 0.00 0.00 0.00 0.00 0.00 0.00 
0.00 0.00 0.00 0.00 0.00 0.00 0.00 0.00 0.00 0.00 0.00 0.00 0.00 0.00 0.00 0.00 0.00 0.00 0.00 0.00 
0.00 0.00 0.00 0.00 0.00 0.00 0.00 0.00 0.00 0.00 0.00 0.00 0.00 0.00 0.00 0.00 0.00 0.00 0.00 0.00 
0.00 0.00 0.00 0.00 0.00 0.00 0.00 0.00 0.00 0.00 0.00 0.00 0.00 0.00 0.00 0.00 0.00 0.00 0.00 0.00 
0.00 0.00 0.00 0.00 0.00 0.00 0.00 0.00 0.00 0.00 0.00 0.00 0.00 0.00 0.00 0.00 0.00 0.00 0.00 0.00 
0.00 0.00 0.00 0.00 0.00 0.00 0.00 0.00 0.00 0.00 0.00 0.00 0.00 0.00 0.00 0.00 0.00 0.00 0.00 0.00 
0.00 0.00 0.00 0.00 0.00 0.00 0.00 0.00 0.00 0.00 0.00 0.00 0.00 0.00 0.00 0.00 0.00 0.00 0.00 0.00 
0.00 0.00 0.00 0.00 0.00 0.00 0.00 0.00 0.00 0.00 0.00 0.00 0.00 0.00 0.00 0.00 0.00 0.00 0.00 0.00 
end   dump: w
==END   DUMP_ARRAYS==
==BEGIN DUMP_ARRAYS==
begin dump: w
7713.37 462680096.00 508900928.00 586201344.00 670790976.00 758818048.00 848496448.00 938971648.00 1029351040.00 1121105536.00 1211984256.00 1304438016.00 1395887872.00 1488196864.00 1580297600.00 1672218752.00 1763583360.00 1856677504.00 1948953344.00 2041175168.00 
2132282112.00 2226212864.00 2318373376.00 2410967296.00 2502693120.00 2593853184.00 2687981824.00 2780354304.00 2872889088.00 2965663488.00 3057152256.00 3149646848.00 3240690944.00 3335244032.00 3427820800.00 3520012544.00 3612455936.00 3705114624.00 3797550336.00 3890264064.00 
3979986432.00 4075218432.00 4167755520.00 4259438592.00 4352868352.00 4445203456.00 4538216960.00 4630199296.00 4721848832.00 4815603200.00 4904531456.00 5000438784.00 5093067264.00 5185729024.00 5277848576.00 5370446848.00 5462773760.00 5555566080.00 5648748032.00 5741014528.00 
5831970304.00 5925776896.00 6018053120.00 6111769088.00 6201403392.00 6295719936.00 6388460544.00 6481116672.00 6573592576.00 6667056640.00 6758086144.00 6850862592.00 6943484416.00 7036549632.00 7128572416.00 7219789824.00 7313906688.00 7407037440.00 7499258880.00 7591838720.00 
7678829056.00 7776841728.00 7869351936.00 7961944064.00 8054432768.00 8146535424.00 8239226880.00 8333149696.00 8424347136.00 8517742080.00 8609314816.00 8702926848.00 8794937344.00 8885440512.00 8980033536.00 9072228352.00 9163074560.00 9257818112.00 9350392832.00 9442753536.00 
9528598528.00 9627841536.00 9720488960.00 9812872192.00 9905315840.00 9997809664.00 10090852352.00 10183424000.00 10275170304.00 10368474112.00 10460402688.00 10553030656.00 10645139456.00 10739213312.00 10831029248.00 10923625472.00 11016445952.00 11108910080.00 11201717248.00 11294108672.00 
11383948288.00 11478921216.00 11571749888.00 11664016384.00 11756496896.00 11840641024.00 11942412288.00 12036050944.00 12124997632.00 12216829952.00 12311672832.00 12404720640.00 12497182720.00 12589745152.00 12682542080.00 12774851584.00 12867191808.00 12960440320.00 13054279680.00 13145693184.00 
13236570112.00 13330393088.00 13422699520.00 13516439552.00 13607206912.00 13700494336.00 13793473536.00 13885701120.00 13977469952.00 14071283712.00 14160150528.00 14256690176.00 14348314624.00 14440783872.00 14534603776.00 14626112512.00 14718783488.00 14811745280.00 14904061952.00 14996617216.00 
15078202368.00 15181904896.00 15274310656.00 15366780928.00 15459256320.00 15551891456.00 15644337152.00 15737672704.00 15829263360.00 15921051648.00 16014090240.00 16107392000.00 16199573504.00 16292424704.00 16387008512.00 16476120064.00 16569265152.00 16663612416.00 16755464192.00 16847710208.00 
16939154432.00 17033252864.00 17126523904.00 17217748992.00 17310353408.00 17403121664.00 17494843392.00 17588502528.00 17680791552.00 17773705216.00 17865195520.00 17959051264.00 18049220608.00 18143991808.00 18236401664.00 18328340480.00 18421321728.00 18514051072.00 18606209024.00 18698739712.00 
18778011648.00 18884134912.00 18976518144.00 19069550592.00 19161870336.00 19253975040.00 19347027968.00 19439867904.00 19531309056.00 19624966144.00 19716454400.00 19810578432.00 19902504960.00 19995129856.00 20087791616.00 20179898368.00 20272175104.00 20365539328.00 20457846784.00 20550449152.00 
20641781760.00 20735993856.00 20826986496.00 20921421824.00 21011398656.00 21104418816.00 21198716928.00 21291149312.00 21383458816.00 21476235264.00 21568223232.00 21661222912.00 21753548800.00 21845610496.00 21938821120.00 22030360576.00 22124419072.00 22216808448.00 22309238784.00 22402091008.00 
22489006080.00 22587383808.00 22679552000.00 22772428800.00 22864603136.00 22957359104.00 23049715712.00 23142606848.00 23234392064.00 23327266816.00 23402682368.00 23513038848.00 23605354496.00 23697917952.00 23791050752.00 23882674176.00 23973410816.00 24068022272.00 24159215616.00 24253884416.00 
24344526848.00 24438579200.00 24530714624.00 24623482880.00 24715487232.00 24808224768.00 24900628480.00 24995010560.00 25086353408.00 25178996736.00 25270935552.00 25363853312.00 25455605760.00 25549514752.00 25642229760.00 25732536320.00 25827414016.00 25919526912.00 26012096512.00 26103996416.00 
26194432000.00 26289872896.00 26382137344.00 26474727424.00 26566977536.00 26659151872.00 26754109440.00 26845802496.00 26935734272.00 27030425600.00 27122339840.00 27215812608.00 27307843584.00 27400732672.00 27492878336.00 27585353728.00 27677427712.00 27771000832.00 27863382016.00 27955861504.00 
28041594880.00 28140967936.00 28233773056.00 28325578752.00 28417722368.00 28510990336.00 28603463680.00 28695914496.00 28790562816.00 28881917952.00 28973789184.00 29066844160.00 29158844416.00 29251835904.00 29344589824.00 29436837888.00 29529618432.00 29622188032.00 29714763776.00 29807142912.00 
29888833536.00 29992744960.00 30084966400.00 30177681408.00 30269773824.00 30361028608.00 30455146496.00 30547810304.00 30639958016.00 30732572672.00 30824824832.00 30917791744.00 31010007040.00 31101413376.00 31196678144.00 31288446976.00 31380068352.00 31473905664.00 31565520896.00 31660189696.00 
31749863424.00 31843760128.00 31936178176.00 32029358080.00 32120965120.00 32213825536.00 32306528256.00 32399048704.00 32492490752.00 32584951808.00 32673470464.00 32769603584.00 32859846656.00 32955842560.00 33047482368.00 33139376128.00 33232005120.00 33324789760.00 33417228288.00 33510438912.00 
33599721472.00 33694912512.00 33787377664.00 33878996992.00 33974630400.00 34065649664.00 34157899776.00 34250889216.00 34342191104.00 34435477504.00 34527674368.00 34620833792.00 34712756224.00 34806046720.00 34898509824.00 34982313984.00 35083108352.00 35176222720.00 35268808704.00 35361370112.00 
35452424192.00 35550842880.00 35639037952.00 35732082688.00 35822018560.00 35916435456.00 36009357312.00 36100988928.00 36194295808.00 36287131648.00 36378763264.00 36472299520.00 36564021248.00 36657192960.00 36749750272.00 36841885696.00 36934451200.00 37027336192.00 37119504384.00 37211713536.00 
37277515776.00 37398528000.00 37490556928.00 37583220736.00 37675339776.00 37767811072.00 37860671488.00 37953404928.00 38045278208.00 38138445824.00 38230134784.00 38323679232.00 38415912960.00 38508478464.00 38601601024.00 38693527552.00 38784204800.00 38879027200.00 38971588608.00 39063834624.00 
39155097600.00 39244468224.00 39341862912.00 39434326016.00 39526383616.00 39617728512.00 39711948800.00 39804522496.00 39896838144.00 39989903360.00 40081641472.00 40174796800.00 40266293248.00 40360206336.00 40452481024.00 40544923648.00 40637403136.00 40730415104.00 40822714368.00 40914812928.00 
41005064192.00 41100361728.00 41192828928.00 41285197824.00 41375571968.00 41472581632.00 41564143616.00 41656332288.00 41746636800.00 41841651712.00 41930428416.00 42026360832.00 42118737920.00 42211536896.00 42303873024.00 42396332032.00 42488619008.00 42581180416.00 42673926144.00 42765381632.00 
42857984000.00 42951667712.00 43044532224.00 43137212416.00 43228594176.00 43321536512.00 43414306816.00 43506880512.00 43599564800.00 43692437504.00 43783954432.00 43878154240.00 43969798144.00 44062728192.00 44155252736.00 44246192128.00 44340002816.00 44432867328.00 44525744128.00 44618027008.00 
44699643904.00 44803112960.00 44895813632.00 44988338176.00 45080715264.00 45173686272.00 45266350080.00 45358698496.00 45450932224.00 45543952384.00 45635809280.00 45728837632.00 45821222912.00 45914083328.00 46006476800.00 46098759680.00 46190424064.00 46283894784.00 46376341504.00 46468169728.00 
46527569920.00 46656000000.00 46747754496.00 46840664064.00 46932156416.00 47024857088.00 47117516800.00 47209820160.00 47302799360.00 47394975744.00 47487131648.00 47580307456.00 47670734848.00 47765880832.00 47858032640.00 47950286848.00 48042315776.00 48135282688.00 48228519936.00 48320909312.00 
48410734592.00 48505745408.00 48599109632.00 48691060736.00 48783495168.00 48874590208.00 48968716288.00 49061617664.00 49152806912.00 49246429184.00 49338347520.00 49431781376.00 49523765248.00 49615585280.00 49709817856.00 49801785344.00 49894051840.00 49987100672.00 50079354880.00 50171719680.00 
50263388160.00 50357358592.00 50449817600.00 50542579712.00 50632818688.00 50726961152.00 50820497408.00 50912116736.00 51005329408.00 51096141824.00 51186958336.00 51282911232.00 51375362048.00 51468468224.00 51560697856.00 51652874240.00 51745751040.00 51838697472.00 51930595328.00 52023373824.00 
52110540800.00 52208730112.00 52301402112.00 52393750528.00 52485943296.00 52578492416.00 52671045632.00 52763824128.00 52855721984.00 52948467712.00 53039919104.00 53130100736.00 53230026752.00 53320507392.00 53412790272.00 53503451136.00 53595410432.00 53690281984.00 53782540288.00 53875290112.00 
53966385152.00 54059773952.00 54152818688.00 54245543936.00 54337314816.00 54430011392.00 54523236352.00 54615412736.00 54707609600.00 54800646144.00 54892482560.00 54985809920.00 55077203968.00 55171141632.00 55263354880.00 55355662336.00 55448494080.00 55539871744.00 55633534976.00 55726014464.00 
55804997632.00 55911493632.00 56003936256.00 56096514048.00 56189100032.00 56281350144.00 56372908032.00 56466513920.00 56557285376.00 56652349440.00 56743829504.00 56837074944.00 56929325056.00 57022083072.00 57114411008.00 57205788672.00 57300279296.00 57392742400.00 57485189120.00 57577566208.00 
57669009408.00 57762533376.00 57855172608.00 57948086272.00 58039345152.00 58124533760.00 58225594368.00 58318127104.00 58410516480.00 58503307264.00 58595254272.00 58687991808.00 58781011968.00 58873970688.00 58966032384.00 59058737152.00 59151081472.00 59243741184.00 59336376320.00 59428839424.00 
59510546432.00 59614150656.00 59707072512.00 59799416832.00 59891552256.00 59983572992.00 60076941312.00 60169256960.00 60261511168.00 60354621440.00 60443725824.00 60539502592.00 60632117248.00 60724310016.00 60817403904.00 60909752320.00 61001510912.00 61094723584.00 61187366912.00 61279805440.00 
61371375616.00 61465030656.00 61557469184.00 61650079744.00 61741809664.00 61834022912.00 61924466688.00 62028611584.00 62115184640.00 62207188992.00 62298718208.00 62391672832.00 62482051072.00 62576807936.00 62669197312.00 62760030208.00 62853832704.00 62947024896.00 63040004096.00 63131824128.00 
63221714944.00 63317229568.00 63409451008.00 63502782464.00 63594434560.00 63686938624.00 63780012032.00 63872397312.00 63963877376.00 64057720832.00 64149684224.00 64242757632.00 64334987264.00 64427671552.00 64520118272.00 64612401152.00 64705339392.00 64798248960.00 64890769408.00 64982917120.00 
65068818432.00 65168019456.00 65260818432.00 65353273344.00 65443680256.00 65537966080.00 65633685504.00 65724035072.00 65816289280.00 65908977664.00 66000764928.00 66093621248.00 66185986048.00 66279051264.00 66371239936.00 66464063488.00 66556555264.00 66649726976.00 66742984704.00 66834415616.00 
66921508864.00 67019427840.00 67112062976.00 67204689920.00 67296976896.00 67387961344.00 67481776128.00 67572277248.00 67668049920.00 67760484352.00 67852353536.00 67945488384.00 68037615616.00 68130562048.00 68223045632.00 68315398144.00 68406009856.00 68501118976.00 68593115136.00 68685594624.00 
68776984576.00 68871446528.00 68963524608.00 69056020480.00 69147959296.00 69240905728.00 69333794816.00 69426528256.00 69518721024.00 69610913792.00 69686697984.00 69796970496.00 69888327680.00 69981937664.00 70074384384.00 70166724608.00 70259261440.00 70352306176.00 70444564480.00 70537216000.00 
70626942976.00 70722166784.00 70816940032.00 70907142144.00 70999638016.00 71092215808.00 71185891328.00 71277551616.00 71367999488.00 71462207488.00 71554809856.00 71647920128.00 71740669952.00 71833034752.00 71925161984.00 72016609280.00 72110284800.00 72203460608.00 72296095744.00 72388419584.00 
72479670272.00 72573435904.00 72666071040.00 72758706176.00 72850178048.00 72943411200.00 73036349440.00 73129025536.00 73221365760.00 73314091008.00 73405841408.00 73499123712.00 73591062528.00 73683795968.00 73776340992.00 73868640256.00 73961078784.00 74053697536.00 74145472512.00 74236289024.00 
74277036032.00 74428678144.00 74519240704.00 74611253248.00 74703314944.00 74795737088.00 74888511488.00 74980532224.00 75072897024.00 75167023104.00 75257782272.00 75351269376.00 75443216384.00 75535515648.00 75628552192.00 75720998912.00 75812700160.00 75906318336.00 75998625792.00 76091465728.00 
76182495232.00 76276424704.00 76369190912.00 76461506560.00 76553904128.00 76645113856.00 76739239936.00 76831498240.00 76924485632.00 77017006080.00 77108887552.00 77202112512.00 77292601344.00 77386825728.00 77480026112.00 77572235264.00 77664870400.00 77757390848.00 77849935872.00 77942677504.00 
78032371712.00 78127718400.00 78217994240.00 78313291776.00 78405271552.00 78497718272.00 78590435328.00 78682988544.00 78774566912.00 78868340736.00 78957502464.00 79052922880.00 79145893888.00 79238381568.00 79331123200.00 79423422464.00 79515435008.00 79605579776.00 79701819392.00 79794044928.00 
79885369344.00 79979315200.00 80071606272.00 80164413440.00 80254705664.00 80349462528.00 80442400768.00 80534953984.00 80626982912.00 80719568896.00 80811982848.00 80905035776.00 80997031936.00 81089961984.00 81182531584.00 81266278400.00 81367531520.00 81459847168.00 81551638528.00 81645297664.00 
81732321280.00 81830486016.00 81922940928.00 82015338496.00 82107899904.00 82200469504.00 82293030912.00 82385444864.00 82476826624.00 82581364736.00 82663940096.00 82756960256.00 82848923648.00 82941517824.00 83033956352.00 83126345728.00 83216924672.00 83311656960.00 83405021184.00 83496951808.00 
83582525440.00 83681959936.00 83774611456.00 83866836992.00 83959218176.00 84051976192.00 84144709632.00 84237369344.00 84329562112.00 84420337664.00 84514488320.00 84607696896.00 84699078656.00 84792500224.00 84884897792.00 84977491968.00 85070086144.00 85163294720.00 85254815744.00 85348229120.00 
85437865984.00 85533048832.00 85625241600.00 85711306752.00 85811265536.00 85902049280.00 85996183552.00 86088777728.00 86179061760.00 86273703936.00 86365569024.00 86458859520.00 86551117824.00 86643556352.00 86736306176.00 86828752896.00 86921060352.00 87014391808.00 87106748416.00 87199260672.00 
87290535936.00 87382794240.00 87477362688.00 87569784832.00 87661297664.00 87754506240.00 87847313408.00 87940169728.00 88032493568.00 88124833792.00 88214249472.00 88310145024.00 88401805312.00 88495685632.00 88587984896.00 88680161280.00 88772943872.00 88865488896.00 88958132224.00 89050734592.00 
89132261376.00 89236144128.00 89327951872.00 89421799424.00 89513279488.00 89605709824.00 89698861056.00 89791094784.00 89883353088.00 89976340480.00 90068434944.00 90161635328.00 90253926400.00 90349043712.00 90439237632.00 90530004992.00 90623287296.00 90716815360.00 90809540608.00 90901741568.00 
90993369088.00 91086782464.00 91179499520.00 91272232960.00 91364294656.00 91457208320.00 91549827072.00 91641339904.00 91734720512.00 91827240960.00 91919392768.00 92012511232.00 92102778880.00 92197363712.00 92289753088.00 92381995008.00 92474384384.00 92566732800.00 92658024448.00 92747890688.00 
92776710144.00 92944334848.00 93033979904.00 93125681152.00 93217718272.00 93309739008.00 93402587136.00 93495492608.00 93586194432.00 93679091712.00 93771620352.00 93865869312.00 93957029888.00 94050222080.00 94142152704.00 94234910720.00 94327136256.00 94420598784.00 94512504832.00 94605139968.00 
94696382464.00 94790205440.00 94882791424.00 94975254528.00 95065767936.00 95158804480.00 95253151744.00 95345074176.00 95437930496.00 95530876928.00 95622651904.00 95716007936.00 95807725568.00 95901147136.00 95993266176.00 96085950464.00 96178544640.00 96267829248.00 96363995136.00 96456777728.00 
96543580160.00 96641548288.00 96733634560.00 96826204160.00 96919289856.00 97011400704.00 97104183296.00 97197056000.00 97289134080.00 97381957632.00 97471045632.00 97567219712.00 97659142144.00 97752883200.00 97845010432.00 97937309696.00 98027896832.00 98123055104.00 98215059456.00 98308014080.00 
98398953472.00 98492653568.00 98585337856.00 98677997568.00 98770026496.00 98862661632.00 98955051008.00 99049439232.00 99140927488.00 99233710080.00 99325353984.00 99418570752.00 99509952512.00 99603415040.00 99696140288.00 99787153408.00 99880935424.00 99975667712.00 100066246656.00 100159209472.00 
100248805376.00 100343365632.00 100436721664.00 100529283072.00 100621656064.00 100714119168.00 100806967296.00 100899790848.00 100989771776.00 101083971584.00 101175828480.00 101278302208.00 101362941952.00 101455142912.00 101547360256.00 101640077312.00 101732368384.00 101825462272.00 101916884992.00 102010552320.00 
102096068608.00 102195568640.00 102287884288.00 102380470272.00 102472327168.00 102565593088.00 102658351104.00 102750937088.00 102843269120.00 102936092672.00 103027949568.00 103118708736.00 103213604864.00 103306346496.00 103399030784.00 103491198976.00 103583760384.00 103676583936.00 103768997888.00 103861739520.00 
103943364608.00 104046796800.00 104139554816.00 104232067072.00 104324513792.00 104408547328.00 104509562880.00 104602378240.00 104694112256.00 104787329024.00 104879267840.00 104972517376.00 105064407040.00 105157558272.00 105250013184.00 105342377984.00 105434243072.00 105527803904.00 105620152320.00 105712590848.00 
105803726848.00 105897328640.00 105988702208.00 106096533504.00 106177044480.00 106269155328.00 106361528320.00 106453991424.00 106546372608.00 106639048704.00 106728194048.00 106824269824.00 106914512896.00 107009236992.00 107101847552.00 107194032128.00 107286749184.00 107379236864.00 107472470016.00 107564548096.00 
107654414336.00 107749515264.00 107842093056.00 107935129600.00 108027092992.00 108119498752.00 108212281344.00 108305326080.00 108396527616.00 108489981952.00 108581953536.00 108675514368.00 108767748096.00 108860571648.00 108952952832.00 109043687424.00 109137092608.00 109231177728.00 109323337728.00 109416185856.00 
109507092480.00 109601054720.00 109693763584.00 109785866240.00 109876510720.00 109970259968.00 110063788032.00 110156603392.00 110248583168.00 110341185536.00 110433452032.00 110526431232.00 110618664960.00 110713233408.00 110803591168.00 110896586752.00 110989180928.00 111081783296.00 111174262784.00 111266291712.00 
111331983360.00 111453249536.00 111545245696.00 111637086208.00 111730040832.00 111822405632.00 111915163648.00 112007872512.00 112099909632.00 112192618496.00 112284991488.00 112377331712.00 112469729280.00 112563601408.00 112655556608.00 112747921408.00 112838615040.00 112932929536.00 113026310144.00 113118527488.00 
113209679872.00 113303470080.00 113395941376.00 113488830464.00 113580933120.00 113672298496.00 113766383616.00 113859584000.00 113951227904.00 114044043264.00 114135556096.00 114231574528.00 114321358848.00 114414723072.00 114506858496.00 114599600128.00 114691956736.00 114784829440.00 114876833792.00 114969968640.00 
115059720192.00 115154960384.00 115247554560.00 115340181504.00 115432579072.00 115525033984.00 115618029568.00 115710222336.00 115800662016.00 115895255040.00 115970711552.00 116081098752.00 116172963840.00 116264927232.00 116358348800.00 116450983936.00 116543021056.00 116635688960.00 116728586240.00 116821147648.00 
116912463872.00 117006368768.00 117098725376.00 117190049792.00 117283282944.00 117376499712.00 117469421568.00 117561942016.00 117653995520.00 117747081216.00 117839036416.00 117931606016.00 118023962624.00 118117826560.00 118209724416.00 118300745728.00 118394724352.00 118487801856.00 118579822592.00 118672818176.00 
118754148352.00 118857777152.00 118949945344.00 119041171456.00 119135322112.00 119227621376.00 119320993792.00 119413268480.00 119505076224.00 119598080000.00 119689773056.00 119783038976.00 119875870720.00 119968636928.00 120060338176.00 120153407488.00 120245157888.00 120338276352.00 120430936064.00 120523890688.00 
120609488896.00 120709152768.00 120801386496.00 120894062592.00 120985935872.00 121078996992.00 121171525632.00 121264209920.00 121356681216.00 121449037824.00 121541394432.00 121634529280.00 121724813312.00 121819750400.00 121911762944.00 122004242432.00 122097098752.00 122189520896.00 122282139648.00 122374914048.00 
122464706560.00 122559954944.00 122652082176.00 122745176064.00 122837032960.00 122928029696.00 123022049280.00 123114414080.00 123205607424.00 123298766848.00 123390074880.00 123481833472.00 123570905088.00 123640635392.00 123779088384.00 123862368256.00 123952406528.00 124044460032.00 124136374272.00 124228485120.00 
124319612928.00 124413255680.00 124505415680.00 124598222848.00 124688506880.00 124782764032.00 124875448320.00 124968017920.00 125060423680.00 125152903168.00 125242073088.00 125338689536.00 125430202368.00 125523492864.00 125615841280.00 125708017664.00 125801136128.00 125893001216.00 125985759232.00 126078599168.00 
126165639168.00 126263894016.00 126356094976.00 126448836608.00 126541185024.00 126633656320.00 126726733824.00 126818779136.00 126910791680.00 127004147712.00 127096086528.00 127189123072.00 127281774592.00 127374237696.00 127466717184.00 127550521344.00 127649898496.00 127744147456.00 127837069312.00 127929507840.00 
128021069824.00 128115171328.00 128207306752.00 128299991040.00 128391847936.00 128485187584.00 128577650688.00 128670433280.00 128762667008.00 128855310336.00 128947249152.00 129039859712.00 129132249088.00 129225703424.00 129318404096.00 129410236416.00 129503191040.00 129596039168.00 129688190976.00 129780760576.00 
129859739648.00 129966235648.00 130058518528.00 130151514112.00 130243747840.00 130335956992.00 130428854272.00 130521604096.00 130611789824.00 130706243584.00 130798485504.00 130891251712.00 130985541632.00 131077201920.00 131169427456.00 131262005248.00 131354238976.00 131447201792.00 131539836928.00 131632308224.00 
131723599872.00 131817144320.00 131909926912.00 132002635776.00 132094132224.00 132185931776.00 132280123392.00 132372652032.00 132464361472.00 132559101952.00 132650221568.00 132743348224.00 132835270656.00 132928323584.00 133021663232.00 133113167872.00 133206343680.00 133298708480.00 133391040512.00 133483610112.00 
133565153280.00 133669412864.00 133761122304.00 133853741056.00 133946179584.00 134038839296.00 134131507200.00 134224322560.00 134316171264.00 134409412608.00 134498476032.00 134594699264.00 134686490624.00 134779486208.00 134870851584.00 134966083584.00 135056752640.00 135150223360.00 135242588160.00 135334952960.00 
135426351104.00 135520149504.00 135612702720.00 135705157632.00 135797342208.00 135890026496.00 135982759936.00 136075714560.00 136167809024.00 136260771840.00 136352555008.00 136445927424.00 136536113152.00 136630796288.00 136724119552.00 136814477312.00 136908513280.00 137001402368.00 137093545984.00 137187115008.00 
137276112896.00 137371312128.00 137464217600.00 137556852736.00 137649143808.00 137741271040.00 137834496000.00 137926885376.00 138018226176.00 138111893504.00 138203807744.00 138296885248.00 138389520384.00 138482089984.00 138575151104.00 138667032576.00 138759323648.00 138852122624.00 138944315392.00 139036409856.00 
139095588864.00 139224383488.00 139316101120.00 139408326656.00 139498848256.00 139593252864.00 139685838848.00 139778457600.00 139870699520.00 139963596800.00 140055625728.00 140148244480.00 140240683008.00 140333514752.00 140426199040.00 140518473728.00 140611223552.00 140703596544.00 140796461056.00 140890226688.00 
140976242688.00 141074284544.00 141166608384.00 141258850304.00 141352615936.00 141442957312.00 141536837632.00 141629456384.00 141721665536.00 141814431744.00 141906722816.00 142000209920.00 142092582912.00 142185218048.00 142277525504.00 142369832960.00 142460190720.00 142555103232.00 142646722560.00 142741291008.00 
142831878144.00 142925922304.00 143018180608.00 143110963200.00 143202992128.00 143295594496.00 143388147712.00 143480946688.00 143573286912.00 143666167808.00 143755296768.00 143849455616.00 143942795264.00 144036462592.00 144128835584.00 144220700672.00 144314335232.00 144406790144.00 144499277824.00 144592011264.00 
144681730048.00 144779149312.00 144869376000.00 144962043904.00 145054285824.00 145146200064.00 145239851008.00 145331519488.00 145422827520.00 145517330432.00 145609457664.00 145702469632.00 145795088384.00 145887477760.00 145980162048.00 146071060480.00 146165137408.00 146257952768.00 146350718976.00 146444271616.00 
146534268928.00 146628165632.00 146720849920.00 146813288448.00 146905022464.00 146998575104.00 147090653184.00 147183419392.00 147275694080.00 147368394752.00 147460341760.00 147553730560.00 147645579264.00 147738705920.00 147831177216.00 147923369984.00 148015792128.00 148108181504.00 148200226816.00 148290961408.00 
148331610112.00 148483129344.00 148574011392.00 148666302464.00 148757954560.00 148850425856.00 148942979072.00 149035614208.00 149127610368.00 149220425728.00 149312503808.00 149405499392.00 149498183680.00 149590999040.00 149682470912.00 149775515648.00 149867364352.00 149959147520.00 150053797888.00 150144909312.00 
150237265920.00 150330982400.00 150423896064.00 150515990528.00 150608166912.00 150692691968.00 150793748480.00 150886514688.00 150978920448.00 151071686656.00 151163879424.00 151256776704.00 151347298304.00 151441883136.00 151534419968.00 151626596352.00 151718887424.00 151812358144.00 151904665600.00 151997366272.00 
152087052288.00 152180113408.00 152274812928.00 152367857664.00 152460001280.00 152552243200.00 152644829184.00 152732434432.00 152829771776.00 152922914816.00 153012240384.00 153108054016.00 153200246784.00 153293488128.00 153385615360.00 153477578752.00 153570476032.00 153663356928.00 153756041216.00 153848512512.00 
153939787776.00 154033438720.00 154126417920.00 154218840064.00 154309165056.00 154403487744.00 154495631360.00 154591166464.00 154681982976.00 154774765568.00 154866302976.00 154959740928.00 155051671552.00 155144634368.00 155237072896.00 155328020480.00 155422064640.00 155514863616.00 155607400448.00 155698839552.00 
155787083776.00 155885142016.00 155977613312.00 156070543360.00 156161556480.00 156255469568.00 156347940864.00 156440494080.00 156532654080.00 156625944576.00 156717694976.00 156810756096.00 156902719488.00 156996108288.00 157088333824.00 157181034496.00 157271457792.00 157368877056.00 157458464768.00 157551558656.00 
157636984832.00 157736566784.00 157828677632.00 157921689600.00 158013784064.00 158106681344.00 158199185408.00 158291279872.00 158383964160.00 158476664832.00 158568611840.00 158661787648.00 158752882688.00 158845878272.00 158933172224.00 159034834944.00 159125749760.00 159218466816.00 159310446592.00 159402459136.00 
159492833280.00 159588057088.00 159680397312.00 159773081600.00 159865487360.00 159956451328.00 160050642944.00 160143147008.00 160233881600.00 160328515584.00 160420495360.00 160514195456.00 160606093312.00 160698613760.00 160791379968.00 160883621888.00 160976109568.00 161068957696.00 161161363456.00 161252753408.00 
161345503232.00 161439367168.00 161532084224.00 161624260608.00 161716092928.00 161809235968.00 161901953024.00 161994735616.00 162087010304.00 162179432448.00 162254798848.00 162364899328.00 162456993792.00 162550071296.00 162642214912.00 162735063040.00 162827091968.00 162919546880.00 163012591616.00 163105472512.00 
163186917376.00 163290284032.00 163383132160.00 163475652608.00 163568222208.00 163660808192.00 163753263104.00 163846160384.00 163938107392.00 164030873600.00 164123049984.00 164216995840.00 164308631552.00 164401332224.00 164493705216.00 164584505344.00 164677402624.00 164770234368.00 164869259264.00 164957732864.00 
165048500224.00 165142183936.00 165234737152.00 165327241216.00 165419089920.00 165512200192.00 165604851712.00 165697273856.00 165789794304.00 165882609664.00 165974540288.00 166067355648.00 166157860864.00 166251905024.00 166345293824.00 166437830656.00 166530514944.00 166622887936.00 166715719680.00 166807945216.00 
166886932480.00 166993575936.00 167085834240.00 167178551296.00 167271317504.00 167363395584.00 167456014336.00 167548878848.00 167640236032.00 167733739520.00 167825932288.00 167918780416.00 168011464704.00 168104050688.00 168196784128.00 168288632832.00 168380809216.00 168473919488.00 168562606080.00 168660221952.00 
168751104000.00 168844722176.00 168937406464.00 169029763072.00 169120137216.00 169213329408.00 169307029504.00 169399926784.00 169492283392.00 169585623040.00 169677029376.00 169770614784.00 169862299648.00 169955115008.00 170048323584.00 170140303360.00 170232709120.00 170325770240.00 170418634752.00 170510794752.00 
170597842944.00 170695589888.00 170788372480.00 170880679936.00 170973511680.00 171065622528.00 171155292160.00 171251957760.00 171343659008.00 171436523520.00 171525750784.00 171621646336.00 171714166784.00 171806785536.00 171899486208.00 171991482368.00 172082462720.00 172176441344.00 172269813760.00 172362121216.00 
172453675008.00 172547342336.00 172639502336.00 172731203584.00 172824412160.00 172917178368.00 173009502208.00 173103726592.00 173195132928.00 173288374272.00 173379878912.00 173473693696.00 173564461056.00 173657817088.00 173750697984.00 173834665984.00 173935656960.00 174028275712.00 174120992768.00 174213365760.00 
174303477760.00 174398586880.00 174490255360.00 174584201216.00 174676344832.00 174768357376.00 174861385728.00 174954135552.00 175044509696.00 175139815424.00 175231041536.00 175324676096.00 175416737792.00 175508946944.00 175602008064.00 175695233024.00 175786754048.00 175879749632.00 175972040704.00 176065839104.00 
176150626304.00 176250798080.00 176342351872.00 176434970624.00 176526409728.00 176620830720.00 176712597504.00 176805888000.00 176898048000.00 176990076928.00 177082482688.00 177175674880.00 177267605504.00 177356996608.00 177453219840.00 177545740288.00 177638359040.00 177731010560.00 177823629312.00 177915936768.00 
177997856768.00 178101583872.00 178193924096.00 178286067712.00 178378620928.00 178469797888.00 178565627904.00 178656198656.00 178748375040.00 178841731072.00 178933628928.00 179023986688.00 179119292416.00 179211894784.00 179304480768.00 179396689920.00 179488833536.00 179582255104.00 179674873856.00 179767492608.00 
179858571264.00 179952648192.00 180045070336.00 180138442752.00 180229783552.00 180322533376.00 180416348160.00 180507787264.00 180600193024.00 180693106688.00 180782055424.00 180878065664.00 180968488960.00 181062975488.00 181155643392.00 181248131072.00 181340815360.00 181433614336.00 181525970944.00 181618753536.00 
181708587008.00 181803565056.00 181896118272.00 181989081088.00 182081110016.00 182174072832.00 182266216448.00 182359293952.00 182450454528.00 182544138240.00 182636167168.00 182728015872.00 182821699584.00 182914367488.00 183006347264.00 183097688064.00 183191601152.00 183283417088.00 183376461824.00 183469408256.00 
183560781824.00 183654645760.00 183747133440.00 183839358976.00 183929847808.00 184024383488.00 184116527104.00 184209211392.00 184301568000.00 184394268672.00 184485969920.00 184578932736.00 184670552064.00 184763105280.00 184855429120.00 184946688000.00 185037996032.00 185129091072.00 185217859584.00 185298698240.00 
185275236352.00 185530253312.00 185611091968.00 185700024320.00 185790300160.00 185881657344.00 185973473280.00 186065502208.00 186157531136.00 186249854976.00 186341605376.00 186434732032.00 186526973952.00 186619559936.00 186712326144.00 186803879936.00 186894843904.00 186989658112.00 187081572352.00 187174273024.00 
187265449984.00 187359461376.00 187452260352.00 187545288704.00 187636596736.00 187728003072.00 187822620672.00 187914584064.00 188006825984.00 188100820992.00 188191457280.00 188284518400.00 188376252416.00 188469886976.00 188562554880.00 188654354432.00 188747382784.00 188839690240.00 188932800512.00 189025337344.00 
189115023360.00 189210116096.00 189303160832.00 189395337216.00 189487661056.00 189580132352.00 189673029632.00 189765697536.00 189855940608.00 189951344640.00 190039867392.00 190135697408.00 190228217856.00 190320885760.00 190412242944.00 190505582592.00 190598037504.00 190690574336.00 190783553536.00 190876254208.00 
190967431168.00 191061786624.00 191153897472.00 191246614528.00 191337889792.00 191431426048.00 191524438016.00 191616925696.00 191709184000.00 191805194240.00 191893880832.00 191987122176.00 192079167488.00 192172834816.00 192262914048.00 192355614720.00 192449986560.00 192542998528.00 192635011072.00 192727564288.00 
192809254912.00 192913031168.00 193005273088.00 193097662464.00 193190150144.00 193282572288.00 193375322112.00 193471971328.00 193560330240.00 193653227520.00 193745223680.00 193838858240.00 193930592256.00 194022981632.00 194116075520.00 194207580160.00 194300444672.00 194393899008.00 194486157312.00 194578022400.00 
194664300544.00 194763259904.00 194856681472.00 194948923392.00 195040952320.00 195132997632.00 195226861568.00 195319742464.00 195411738624.00 195504472064.00 195596402688.00 195689086976.00 195780132864.00 195874947072.00 195967516672.00 196059709440.00 196152246272.00 196244766720.00 196338335744.00 196430151680.00 
196520148992.00 196615700480.00 196707926016.00 196800659456.00 196892819456.00 196976984064.00 197078302720.00 197171052544.00 197262245888.00 197355175936.00 197447860224.00 197540380672.00 197633310720.00 197725126656.00 197819236352.00 197911216128.00 198003769344.00 198097829888.00 198189285376.00 198281461760.00 
198372753408.00 198466977792.00 198559285248.00 198652526592.00 198742130688.00 198837125120.00 198929547264.00 199022034944.00 199114145792.00 199207206912.00 199296057344.00 199392247808.00 199484211200.00 199576993792.00 199673413632.00 199762771968.00 199855095808.00 199948156928.00 200040202240.00 200133115904.00 
200219738112.00 200318107648.00 200410218496.00 200503132160.00 200595750912.00 200687747072.00 200780709888.00 200873803776.00 200965652480.00 201058418688.00 201150513152.00 201243328512.00 201336143872.00 201428910080.00 201521741824.00 201612115968.00 201704308736.00 201799090176.00 201891282944.00 201984081920.00 
202075111424.00 202168336384.00 202266066944.00 202355228672.00 202447011840.00 202539302912.00 202631954432.00 202724917248.00 202817126400.00 202909941760.00 203001872384.00 203095392256.00 203186683904.00 203280023552.00 203373084672.00 203465195520.00 203557437440.00 203650465792.00 203742756864.00 203835523072.00 
203914280960.00 204020924416.00 204113264640.00 204205965312.00 204297715712.00 204390825984.00 204483198976.00 204577079296.00 204666437632.00 204761923584.00 204853100544.00 204946440192.00 205038764032.00 205131382784.00 205223739392.00 205316243456.00 205408616448.00 205501644800.00 205594345472.00 205686751232.00 
205777780736.00 205871382528.00 205959446528.00 206058913792.00 206149222400.00 206241218560.00 206335098880.00 206427652096.00 206520025088.00 206612021248.00 206704656384.00 206797668352.00 206889992192.00 206982709248.00 207075344384.00 207167668224.00 207260237824.00 207353200640.00 207445639168.00 207538749440.00 
207620046848.00 207723298816.00 207815770112.00 207909306368.00 208001335296.00 208093396992.00 208186212352.00 208278585344.00 208371154944.00 208464003072.00 208539254784.00 208649371648.00 208741548032.00 208834281472.00 208927014912.00 209018994688.00 209111056384.00 209204772864.00 209296982016.00 209389764608.00 
209480646656.00 209575968768.00 209667506176.00 209760370688.00 209851695104.00 209944526848.00 210037194752.00 210130403328.00 210222432256.00 210314919936.00 210407243776.00 210500141056.00 210591039488.00 210685427712.00 210778013696.00 210868961280.00 210963021824.00 211055706112.00 211147948032.00 211240632320.00 
211330547712.00 211426623488.00 211518472192.00 211610533888.00 211702710272.00 211793756160.00 211895648256.00 211982811136.00 212073758720.00 212167098368.00 212259209216.00 212352253952.00 212444381184.00 212537573376.00 212629454848.00 212721631232.00 212814299136.00 212906983424.00 212999847936.00 213092155392.00 
213178187776.00 213277212672.00 213369978880.00 213459927040.00 213553004544.00 213647376384.00 213740568576.00 213832810496.00 213925543936.00 214018211840.00 214110208000.00 214203121664.00 214295511040.00 214388408320.00 214480748544.00 214572924928.00 214667198464.00 214758637568.00 214850977792.00 214943760384.00 
215030857728.00 215129915392.00 215221157888.00 215314169856.00 215406297088.00 215497408512.00 215591862272.00 215684562944.00 215776329728.00 215869112320.00 215961223168.00 216054202368.00 216146477056.00 216237588480.00 216332926976.00 216424644608.00 216515428352.00 216609947648.00 216702255104.00 216795529216.00 
216886198272.00 216980144128.00 217073008640.00 217165447168.00 217257115648.00 217350733824.00 217443401728.00 217535692800.00 217628049408.00 217720815616.00 217809715200.00 217905725440.00 217997197312.00 218096402432.00 218183827456.00 218275938304.00 218368344064.00 218461159424.00 218554204160.00 218648625152.00 
218736345088.00 218831257600.00 218924056576.00 219016560640.00 219109441536.00 219201519616.00 219294351360.00 219387035648.00 219477557248.00 219572224000.00 219663499264.00 219757035520.00 219849457664.00 219942436864.00 220035252224.00 220118974464.00 220219703296.00 220312911872.00 220404842496.00 220497903616.00 
220589047808.00 220683763712.00 220775006208.00 220869984256.00 220959522816.00 221052633088.00 221146284032.00 221237641216.00 221330374656.00 221423337472.00 221515137024.00 221608427520.00 221700587520.00 221793239040.00 221885890560.00 221977968640.00 222070439936.00 222162763776.00 222254645248.00 222345658368.00 
222386274304.00 222537842688.00 222628855808.00 222720638976.00 222812815360.00 222904745984.00 222997381120.00 223089868800.00 223182323712.00 223275368448.00 223366955008.00 223460704256.00 223552618496.00 223645564928.00 223738019840.00 223829868544.00 223922208768.00 224015712256.00 224107986944.00 224200687616.00 
224291913728.00 224384679936.00 224478248960.00 224570933248.00 224662880256.00 224754368512.00 224848756736.00 224941686784.00 225033437184.00 225126531072.00 225218478080.00 225311621120.00 225401602048.00 225497300992.00 225589002240.00 225682243584.00 225774354432.00 225866530816.00 225959247872.00 226049605632.00 
226141782016.00 226237235200.00 226329509888.00 226422112256.00 226513993728.00 226607464448.00 226699739136.00 226792341504.00 226884272128.00 226979545088.00 227066740736.00 227162898432.00 227255173120.00 227348054016.00 227440525312.00 227532652544.00 227624796160.00 227718004736.00 227810574336.00 227902750720.00 
227994566656.00 228087611392.00 228182048768.00 228273930240.00 228364091392.00 228458610688.00 228551540736.00 228643913728.00 228735746048.00 228828889088.00 228921245696.00 229014487040.00 229106286592.00 229199544320.00 229291999232.00 229382569984.00 229475614720.00 229569773568.00 229662097408.00 229754814464.00 
229841666048.00 229938642944.00 230032179200.00 230125158400.00 230217203712.00 230309691392.00 230402326528.00 230495256576.00 230587351040.00 230680788992.00 230772375552.00 230865469440.00 230957744128.00 231050559488.00 231142866944.00 231235059712.00 231325958144.00 231420559360.00 231512653824.00 231604355072.00 
231663845376.00 231792410624.00 231884472320.00 231977123840.00 232068530176.00 232161099776.00 232253489152.00 232346763264.00 232439021568.00 232531869696.00 232623783936.00 232716910592.00 232808349696.00 232901771264.00 232994570240.00 233087172608.00 233179463680.00 233272360960.00 233364684800.00 233457598464.00 
233547055104.00 233641885696.00 233735471104.00 233827401728.00 233920020480.00 234011099136.00 234104635392.00 234198024192.00 234288398336.00 234383130624.00 234475307008.00 234568040448.00 234660741120.00 234753048576.00 234845880320.00 234938204160.00 235030577152.00 235123884032.00 235215896576.00 235308449792.00 
235400151040.00 235493883904.00 235586125824.00 235678744576.00 235770298368.00 235862228992.00 235958075392.00 236049547264.00 236141789184.00 236234162176.00 236323586048.00 236419301376.00 236511854592.00 236604653568.00 236697288704.00 236789760000.00 236882493440.00 236975276032.00 237067714560.00 237159481344.00 
237241745408.00 237345292288.00 237437714432.00 237530038272.00 237622280192.00 237715390464.00 237807255552.00 237900447744.00 237992427520.00 238085767168.00 238177550336.00 238269644800.00 238364295168.00 238456389632.00 238548746240.00 238639759360.00 238732787712.00 238826356736.00 238919188480.00 239011659776.00 
239102476288.00 239196848128.00 239289106432.00 239381676032.00 239473901568.00 239566438400.00 239659220992.00 239751938048.00 239843016704.00 239937568768.00 240029188096.00 240122576896.00 240212721664.00 240307240960.00 240399761408.00 240492134400.00 240584572928.00 240677355520.00 240770056192.00 240862543872.00 
240941383680.00 241048141824.00 241140629504.00 241233231872.00 241325441024.00 241417846784.00 241510416384.00 241603215360.00 241694720000.00 241789124608.00 241880612864.00 241973264384.00 242065932288.00 242158649344.00 242251202560.00 242343280640.00 242436014080.00 242528813056.00 242621251584.00 242713886720.00 
242805260288.00 242899484672.00 242991693824.00 243084722176.00 243174735872.00 243260882944.00 243362267136.00 243454525440.00 243546849280.00 243639664640.00 243731546112.00 243824377856.00 243917045760.00 244010172416.00 244102021120.00 244194803712.00 244287356928.00 244380270592.00 244472528896.00 244564967424.00 
244652212224.00 244750581760.00 244843085824.00 244935835648.00 245027438592.00 245120204800.00 245213134848.00 245305753600.00 245397716992.00 245490221056.00 245579874304.00 245676113920.00 245768044544.00 245860859904.00 245953150976.00 246045540352.00 246136127488.00 246230794240.00 246323085312.00 246415720448.00 
246506848256.00 246600499200.00 246692347904.00 246784491520.00 246875668480.00 246966091776.00 247049437184.00 247188160512.00 247257399296.00 247347036160.00 247437557760.00 247530536960.00 247621107712.00 247714332672.00 247806738432.00 247897407488.00 247991500800.00 248083890176.00 248176689152.00 248269111296.00 
248359010304.00 248453709824.00 248546623488.00 248639029248.00 248731205632.00 248824152064.00 248916934656.00 249009012736.00 249099747328.00 249194430464.00 249286197248.00 249380175872.00 249471565824.00 249564790784.00 249656983552.00 249749536768.00 249842106368.00 249934905344.00 250027114496.00 250119880704.00 
250205519872.00 250305019904.00 250397900800.00 250490404864.00 250581958656.00 250674790400.00 250768588800.00 250860355584.00 250952859648.00 251045920768.00 251137671168.00 251230896128.00 251323105280.00 251415527424.00 251507720192.00 251600535552.00 251693006848.00 251787460608.00 251878817792.00 251971436544.00 
252052865024.00 252156133376.00 252249014272.00 252341420032.00 252433678336.00 252524953600.00 252618817536.00 252711256064.00 252803940352.00 252897050624.00 252988997632.00 253081927680.00 253174366208.00 253267083264.00 253359620096.00 253451632640.00 253543383040.00 253639049216.00 253730013184.00 253822533632.00 
253913710592.00 254007689216.00 254099996672.00 254193303552.00 254284742656.00 254377836544.00 254470127616.00 254563811328.00 254655512576.00 254747951104.00 254823186432.00 254933680128.00 255023710208.00 255118704640.00 255210799104.00 255303237632.00 255395889152.00 255488622592.00 255581339648.00 255673843712.00 
255763808256.00 255858819072.00 255952158720.00 256044138496.00 256136511488.00 256228982784.00 256321896448.00 256414482432.00 256505626624.00 256597344256.00 256692125696.00 256784744448.00 256877150208.00 256969277440.00 257062354944.00 257153318912.00 257247084544.00 257340112896.00 257432584192.00 257525235712.00 
257616510976.00 257710194688.00 257802485760.00 257895907328.00 257986052096.00 258080374784.00 258173222912.00 258265563136.00 258358820864.00 258451587072.00 258542845952.00 258636103680.00 258728148992.00 258821210112.00 258913648640.00 259005759488.00 259098394624.00 259191930880.00 259283697664.00 259375742976.00 
259441524736.00 259562668032.00 259654598656.00 259747102720.00 259839262720.00 259931963392.00 260025270272.00 260115562496.00 260209295360.00 260302782464.00 260394270720.00 260487692288.00 260579688448.00 260672258048.00 260764680192.00 260858183680.00 260947836928.00 261042798592.00 261134893056.00 261227823104.00 
261319180288.00 261412782080.00 261505187840.00 261597642752.00 261690884096.00 261781880832.00 261875843072.00 261968478208.00 262060605440.00 262153322496.00 262245482496.00 262338707456.00 262430310400.00 262523420672.00 262616350720.00 262708920320.00 262801309696.00 262893993984.00 262986842112.00 263079395328.00 
263168999424.00 263264043008.00 263356383232.00 263449657344.00 263541833728.00 263634108416.00 263727022080.00 263819739136.00 263910162432.00 264004485120.00 264093990912.00 264189640704.00 264282177536.00 264374829056.00 264467251200.00 264559067136.00 264650752000.00 264732114944.00 264840183808.00 264931655680.00 
265022406656.00 265116270592.00 265208676352.00 265301049344.00 265392685056.00 265486221312.00 265578725376.00 265671262208.00 265764044800.00 265856630784.00 265948610560.00 266041556992.00 266133929984.00 266226532352.00 266319003648.00 266402856960.00 266504028160.00 266596712448.00 266689249280.00 266782195712.00 
266863460352.00 266966990848.00 267059838976.00 267152097280.00 267244634112.00 267337154560.00 267429756928.00 267522703360.00 267614404608.00 267710169088.00 267799625728.00 267892916224.00 267985289216.00 268078252032.00 268170379264.00 268263063552.00 268354650112.00 268448317440.00 268540952576.00 268633505792.00 
268718948352.00 268818415616.00 268911771648.00 269003653120.00 269095469056.00 269188169728.00 269281705984.00 269373620224.00 269465812992.00 269550796800.00 269651869696.00 269744947200.00 269834600448.00 269929086976.00 270021705728.00 270114013184.00 270207041536.00 270299660288.00 270391820288.00 270485372928.00 
270574796800.00 270669905920.00 270762409984.00 270853210112.00 270947500032.00 271038513152.00 271132786688.00 271225552896.00 271316926464.00 271410642944.00 271501983744.00 271594881024.00 271687335936.00 271779446784.00 271873540096.00 271965732864.00 272057991168.00 272151035904.00 272243212288.00 272336257024.00 
272427253760.00 272521052160.00 272613900288.00 272705994752.00 272796680192.00 272891232256.00 272983883776.00 273076092928.00 273169252352.00 273261789184.00 273350754304.00 273447043072.00 273538760704.00 273631985664.00 273724637184.00 273816780800.00 273909121024.00 274002558976.00 274095259648.00 274187223040.00 
274274304000.00 274372198400.00 274464997376.00 274561056768.00 274649841664.00 274742312960.00 274835652608.00 274927779840.00 275020251136.00 275112984576.00 275204767744.00 275298189312.00 275390889984.00 275484147712.00 275575603200.00 275666829312.00 275758776320.00 275853606912.00 275945881600.00 276038844416.00 
276129513472.00 276223819776.00 276316389376.00 276408729600.00 276500873216.00 276593573888.00 276686503936.00 276778745856.00 276871610368.00 276963131392.00 277055766528.00 277150072832.00 277240446976.00 277333540864.00 277426405376.00 277518647296.00 277610758144.00 277703065600.00 277794881536.00 277884370944.00 
277913042944.00 278081044480.00 278170730496.00 278262317056.00 278354132992.00 278446407680.00 278538649600.00 278631284736.00 278721757184.00 278816391168.00 278908436480.00 279001792512.00 279093411840.00 279187685376.00 279279042560.00 279371218944.00 279463591936.00 279556653056.00 279649157120.00 279741988864.00 
279833051136.00 279927029760.00 280019435520.00 280112037888.00 280203460608.00 280295604224.00 280389484544.00 280479760384.00 280574394368.00 280667127808.00 280759107584.00 280852430848.00 280944541696.00 281037864960.00 281129844736.00 281222971392.00 281315213312.00 281407225856.00 281501007872.00 281592922112.00 
281674579968.00 281778225152.00 281870794752.00 281963036672.00 282055344128.00 282147848192.00 282240843776.00 282333544448.00 282425819136.00 282518519808.00 282608041984.00 282704117760.00 282796097536.00 282888765440.00 282981236736.00 283073740800.00 283165786112.00 283258978304.00 283351023616.00 283446149120.00 
283535802368.00 283629879296.00 283722153984.00 283814494208.00 283906539520.00 283999502336.00 284092596224.00 284185067520.00 284277506048.00 284369780736.00 284462055424.00 284555149312.00 284645228544.00 284739993600.00 284832727040.00 284923330560.00 285017407488.00 285117743104.00 285203333120.00 285295902720.00 
285385850880.00 285480484864.00 285574037504.00 285665558528.00 285758521344.00 285850763264.00 285943693312.00 286036459520.00 286127915008.00 286221074432.00 286313152512.00 286408572928.00 286498914304.00 286591614976.00 286684282880.00 286776786944.00 286868832256.00 286962089984.00 287054299136.00 287146999808.00 
287232425984.00 287331876864.00 287423692800.00 287517442048.00 287608012800.00 287701565440.00 287795019776.00 287887130624.00 287979569152.00 288072007680.00 288163659776.00 288247775232.00 288350994432.00 288443596800.00 288535707648.00 288628047872.00 288720814080.00 288813645824.00 288905723904.00 288998424576.00 
289085554688.00 289183563776.00 289277181952.00 289369194496.00 289460781056.00 289545584640.00 289646313472.00 289738489856.00 289830862848.00 289923956736.00 290015903744.00 290109620224.00 290201763840.00 290294038528.00 290386411520.00 290478718976.00 290570076160.00 290664677376.00 290756919296.00 290849751040.00 
290941239296.00 291034759168.00 291126935552.00 291223502848.00 291312369664.00 291404873728.00 291497771008.00 291590340608.00 291682975744.00 291776266240.00 291864608768.00 291960422400.00 292052238336.00 292145790976.00 292238295040.00 292330536960.00 292423008256.00 292515315712.00 292610867200.00 292701700096.00 
292791025664.00 292886085632.00 292978556928.00 293071224832.00 293163696128.00 293256134656.00 293348704256.00 293441863680.00 293532336128.00 293627068416.00 293719015424.00 293811978240.00 293903794176.00 293997248512.00 294089326592.00 294180454400.00 294273875968.00 294367330304.00 294459506688.00 294552109056.00 
294643236864.00 294737051648.00 294829883392.00 294922977280.00 295014105088.00 295107428352.00 295200129024.00 295293026304.00 295384842240.00 295477641216.00 295570112512.00 295662223360.00 295755350016.00 295848509440.00 295940292608.00 296032862208.00 296125235200.00 296217575424.00 296309587968.00 296400093184.00 
296440823808.00 296592736256.00 296683503616.00 296775319552.00 296867364864.00 296959868928.00 297052176384.00 297144975360.00 297236758528.00 297330016256.00 297421733888.00 297514795008.00 297607200768.00 297699770368.00 297792667648.00 297884876800.00 297976528896.00 298070212608.00 298162520064.00 298255286272.00 
298346676224.00 298440622080.00 298532601856.00 298625531904.00 298717773824.00 298809032704.00 298903797760.00 298996006912.00 299087757312.00 299181113344.00 299272765440.00 299366547456.00 299456724992.00 299551227904.00 299642978304.00 299735973888.00 299828903936.00 299921965056.00 300011585536.00 300106678272.00 
300196134912.00 300291653632.00 300383797248.00 300476432384.00 300569296896.00 300661637120.00 300754403328.00 300846743552.00 300938526720.00 301031915520.00 301107544064.00 301218299904.00 301309722624.00 301402652672.00 301495255040.00 301587431424.00 301680164864.00 301773160448.00 301865304064.00 301957578752.00 
302049034240.00 302143242240.00 302235516928.00 302327660544.00 302418296832.00 302512799744.00 302605729792.00 302698037248.00 302790934528.00 302883667968.00 302975287296.00 303068479488.00 303160098816.00 303256535040.00 303346614272.00 303437774848.00 303531720704.00 303624093696.00 303716663296.00 303809331200.00 
303896559616.00 303994568704.00 304085467136.00 304179544064.00 304272113664.00 304364421120.00 304457678848.00 304550084608.00 304642064384.00 304735485952.00 304826908672.00 304919805952.00 305012015104.00 305104912384.00 305195057152.00 305290412032.00 305380950016.00 305475387392.00 305567858688.00 305660985344.00 
305746378752.00 305845731328.00 305937711104.00 306030608384.00 306122457088.00 306215747584.00 306308775936.00 306401148928.00 306493390848.00 306586353664.00 306678202368.00 306771132416.00 306862718976.00 306956402688.00 307048644608.00 307141181440.00 307234177024.00 307326287872.00 307418955776.00 307511754752.00 
307601866752.00 307697647616.00 307788906496.00 307881836544.00 307974799360.00 308065370112.00 308159578112.00 308251688960.00 308342521856.00 308436959232.00 308528939008.00 308621475840.00 308713291776.00 308800094208.00 308904067072.00 308994179072.00 309086191616.00 309179056128.00 309271330816.00 309363572736.00 
309455028224.00 309549170688.00 309641543680.00 309734014976.00 309825404928.00 309918171136.00 310011363328.00 310104326144.00 310196469760.00 310289170432.00 310378266624.00 310474014720.00 310566256640.00 310659612672.00 310751854592.00 310844588032.00 310936829952.00 311029661696.00 311121543168.00 311214702592.00 
311296458752.00 311399972864.00 311492608000.00 311585275904.00 311677288448.00 311769530368.00 311862657024.00 311954898944.00 312046911488.00 312141119488.00 312232542208.00 312325603328.00 312418009088.00 312510840832.00 312603312128.00 312686968832.00 312787304448.00 312880791552.00 312973426688.00 313066389504.00 
313157451776.00 313251594240.00 313343508480.00 313436340224.00 313527730176.00 313622560768.00 313714180096.00 313806651392.00 313898893312.00 313991823360.00 314083901440.00 314176602112.00 314267238400.00 314362560512.00 314455851008.00 314546618368.00 314639286272.00 314732544000.00 314824851456.00 314917453824.00 
314995965952.00 315102887936.00 315195424768.00 315289305088.00 315380006912.00 315472314368.00 315565211648.00 315657617408.00 315749531648.00 315843182592.00 315935293440.00 316028256256.00 316120924160.00 316213264384.00 316305539072.00 316398239744.00 316490383360.00 316583346176.00 316675915776.00 316769271808.00 
316859842560.00 316953886720.00 317046554624.00 317138829312.00 317229105152.00 317322002432.00 317416112128.00 317508452352.00 317598531584.00 317698703360.00 317787602944.00 317880500224.00 317972250624.00 318065180672.00 318157717504.00 318249861120.00 318342365184.00 318435131392.00 318527307776.00 318620008448.00 
318707302400.00 318805475328.00 318897979392.00 318990417920.00 319082659840.00 319175524352.00 319268290560.00 319360204800.00 319452643328.00 319545835520.00 319634800640.00 319732744192.00 319823085568.00 319916867584.00 320008159232.00 320101351424.00 320191922176.00 320286294016.00 320379060224.00 320471695360.00 
320562495488.00 320657293312.00 320749699072.00 320841678848.00 320933822464.00 321026621440.00 321119420416.00 321213267968.00 321304723456.00 321397194752.00 321488945152.00 321582268416.00 321673723904.00 321767440384.00 321860272128.00 321950875648.00 322044854272.00 322137718784.00 322229501952.00 322323382272.00 
322412838912.00 322508226560.00 322600206336.00 322693529600.00 322786394112.00 322877521920.00 322970812416.00 323063087104.00 323153952768.00 323248357376.00 323340500992.00 323434184704.00 323525935104.00 323619061760.00 323711303680.00 323803119616.00 323895853056.00 323988258816.00 324080992256.00 324172742656.00 
324232019968.00 324360634368.00 324452122624.00 324545216512.00 324636508160.00 324729929728.00 324822302720.00 324914774016.00 325007245312.00 325099978752.00 325191827456.00 325284888576.00 325376835584.00 325470158848.00 325562073088.00 325654806528.00 325747441664.00 325840732160.00 325932843008.00 326025871360.00 
326107299840.00 326210617344.00 326302957568.00 326395691008.00 326488621056.00 326579388416.00 326673661952.00 326766264320.00 326858375168.00 326950879232.00 327043776512.00 327136444416.00 327228948480.00 327322009600.00 327414644736.00 327506690048.00 327597981696.00 327691763712.00 327783841792.00 327877328896.00 
327968423936.00 328063975424.00 328155070464.00 328247607296.00 328339390464.00 328431665152.00 328525152256.00 328617164800.00 328709767168.00 328802336768.00 328891629568.00 328987181056.00 329077882880.00 329172287488.00 329264365568.00 329355919360.00 329452978176.00 329543221248.00 329636118528.00 329728589824.00 
329818537984.00 329914351616.00 330005938176.00 330098343936.00 330190782464.00 330283384832.00 330376216576.00 330468491264.00 330560405504.00 330654416896.00 330746363904.00 330838704128.00 330931437568.00 331024531456.00 331116773376.00 331207835648.00 331301650432.00 331394351104.00 331486920704.00 331584274432.00 
331671240704.00 331765055488.00 331857231872.00 331949539328.00 332040175616.00 332134678528.00 332226953216.00 332320407552.00 332412846080.00 332505317376.00 332597788672.00 332690718720.00 332782501888.00 332875595776.00 332967739392.00 333060243456.00 333153206272.00 333245513728.00 333338050560.00 333430456320.00 
333495894016.00 333617659904.00 333709246464.00 333801226240.00 333893959680.00 333986660352.00 334079229952.00 334172127232.00 334263812096.00 334356480000.00 334449115136.00 334541684736.00 334634254336.00 334727839744.00 334819295232.00 334911799296.00 335002501120.00 335096578048.00 335189540864.00 335277850624.00 
335374024704.00 335467544576.00 335560245248.00 335652585472.00 335744991232.00 335829729280.00 335929901056.00 336022667264.00 336115859456.00 336208297984.00 336299851776.00 336393404416.00 336484270080.00 336577822720.00 336670982144.00 336762830848.00 336853991424.00 336949772288.00 337041227776.00 337133666304.00 
337224237056.00 337318641664.00 337411538944.00 337504239616.00 337596350464.00 337689018368.00 337781456896.00 337873240064.00 337964400640.00 338059657216.00 338148687872.00 338243878912.00 338336088064.00 338429902848.00 338521915392.00 338614583296.00 338707218432.00 338799558656.00 338892357632.00 338985091072.00 
339076218880.00 339168788480.00 339263062016.00 339355271168.00 339446890496.00 339539951616.00 339632226304.00 339727417344.00 339818872832.00 339910819840.00 340002537472.00 340096483328.00 340188168192.00 340280967168.00 340373209088.00 340464664576.00 340558348288.00 340650557440.00 340743815168.00 340835926016.00 
340917878784.00 341021884416.00 341114126336.00 341206925312.00 341298970624.00 341391376384.00 341483945984.00 341577203712.00 341669314560.00 341762048000.00 341853962240.00 341947056128.00 342037987328.00 342133276672.00 342225027072.00 342317400064.00 342408724480.00 342503227392.00 342594813952.00 342687809536.00 
342773825536.00 342873178112.00 342965583872.00 343058153472.00 343150297088.00 343243390976.00 343335731200.00 343427907584.00 343520706560.00 343613014016.00 343705419776.00 343798677504.00 343888658432.00 343982931968.00 344074747904.00 344168857600.00 344261656576.00 344354095104.00 344446500864.00 344538808320.00 
344629313536.00 344724963328.00 344816877568.00 344909053952.00 345000968192.00 345093210112.00 345186271232.00 345279397888.00 345371377664.00 345464733696.00 345557008384.00 345650036736.00 345742049280.00 345833897984.00 345928105984.00 346020020224.00 346112491520.00 346205814784.00 346297991168.00 346390659072.00 
346481721344.00 346574913536.00 346669449216.00 346760740864.00 346851049472.00 346945912832.00 347037564928.00 347131117568.00 347223064576.00 347315961856.00 347391229952.00 347501658112.00 347593474048.00 347686240256.00 347779039232.00 347871313920.00 347964112896.00 348056420352.00 348149579776.00 348241559552.00 
348329213952.00 348426797056.00 348519071744.00 348611936256.00 348703850496.00 348798058496.00 348889907200.00 348983132160.00 349075046400.00 349167681536.00 349259268096.00 349352689664.00 349444898816.00 349537927168.00 349630201856.00 349721493504.00 349812785152.00 349907353600.00 350002053120.00 350092886016.00 
350184374272.00 350278352896.00 350371151872.00 350463197184.00 350555897856.00 350648565760.00 350740905984.00 350833541120.00 350926405632.00 351017893888.00 351111118848.00 351203950592.00 351295176704.00 351388663808.00 351481495552.00 351573934080.00 351666667520.00 351759106048.00 351852298240.00 351944474624.00 
352022888448.00 352130170880.00 352222511104.00 352314916864.00 352406994944.00 352499630080.00 352592003072.00 352685195264.00 352775438336.00 352870105088.00 352962510848.00 353055473664.00 353147158528.00 353240809472.00 353334263808.00 353425588224.00 353518157824.00 353610661888.00 353702281216.00 353795538944.00 
353887289344.00 353981628416.00 354073444352.00 354165686272.00 354257600512.00 354349416448.00 354442444800.00 354535931904.00 354628763648.00 354722054144.00 354813575168.00 354907488256.00 354998517760.00 355091185664.00 355184410624.00 355276587008.00 355369222144.00 355461693440.00 355554492416.00 355646701568.00 
355728523264.00 355832168448.00 355924705280.00 356017242112.00 356110073856.00 356202414080.00 356294328320.00 356388143104.00 356479729664.00 356572102656.00 356661952512.00 356757438464.00 356851384320.00 356943003648.00 357035278336.00 357128011776.00 357218910208.00 357312430080.00 357405753344.00 357497962496.00 
357589417984.00 357683068928.00 357774426112.00 357868339200.00 357960515584.00 358053576704.00 358146211840.00 358239272960.00 358331711488.00 358424477696.00 358515736576.00 358612074496.00 358699663360.00 358792691712.00 358886277120.00 358970949632.00 359071809536.00 359164936192.00 359257473024.00 359349944320.00 
359439138816.00 359534854144.00 359627358208.00 359720222720.00 359812202496.00 359905296384.00 359997603840.00 360089419776.00 360181399552.00 360276230144.00 360367161344.00 360460124160.00 360553152512.00 360645361664.00 360737669120.00 360830763008.00 360922349568.00 361016098816.00 361108307968.00 361201205248.00 
361286369280.00 361385918464.00 361478946816.00 361570828288.00 361661333504.00 361756459008.00 361848569856.00 361943564288.00 362033315840.00 362125918208.00 362217963520.00 362310926336.00 362403397632.00 362496196608.00 362588930048.00 362681401344.00 362774396928.00 362866802688.00 362959601664.00 363052040192.00 
363139170304.00 363236884480.00 363329028096.00 363421794304.00 363514658816.00 363606245376.00 363700289536.00 363792367616.00 363884576768.00 363977932800.00 364069388288.00 364161695744.00 364254724096.00 364347752448.00 364440682496.00 364532629504.00 364623134720.00 364717572096.00 364810764288.00 364903497728.00 
364994592768.00 365088047104.00 365180190720.00 365273251840.00 365365329920.00 365457833984.00 365550895104.00 365643169792.00 365735903232.00 365828177920.00 365917831168.00 366013448192.00 366105198592.00 366198587392.00 366290796544.00 366383071232.00 366475542528.00 366569422848.00 366660583424.00 366753808384.00 
366843756544.00 366939013120.00 367031320576.00 367123955712.00 367216001024.00 367308472320.00 367400845312.00 367493709824.00 367584083968.00 367679307776.00 367770337280.00 367863103488.00 367955378176.00 368048537600.00 368140550144.00 368231645184.00 368325263360.00 368417767424.00 368510402560.00 368602710016.00 
368693870592.00 368787718144.00 368879894528.00 368972234752.00 369062772736.00 369156521984.00 369248600064.00 369340907520.00 369432690688.00 369524310016.00 369615798272.00 369708236800.00 369798316032.00 369889869824.00 369980375040.00 370069405696.00 370157649920.00 370242519040.00 370319884288.00 370366382080.00 
end   dump: w
==END   DUMP_ARRAYS==
Time in seconds = 0.066707
