Sender: LSF System <lsfadmin@polus-c3-ib.bmc.hpc.cs.msu.ru>
Subject: Job 494537: <./extra.o> in cluster <MSUCluster> Done

Job <./extra.o> was submitted from host <polus-ib.bmc.hpc.cs.msu.ru> by user <edu-cmc-skpod19-328-11> in cluster <MSUCluster> at Fri Nov 29 23:45:37 2019
Job was executed on host(s) <5*polus-c3-ib.bmc.hpc.cs.msu.ru>, in queue <short>, as user <edu-cmc-skpod19-328-11> in cluster <MSUCluster> at Fri Nov 29 23:50:10 2019
                            <12*polus-c4-ib.bmc.hpc.cs.msu.ru>
                            <4*polus-c2-ib.bmc.hpc.cs.msu.ru>
</home_edu/edu-cmc-skpod19-328/edu-cmc-skpod19-328-11> was used as the home directory.
</home_edu/edu-cmc-skpod19-328/edu-cmc-skpod19-328-11/dep_gemver> was used as the working directory.
Started at Fri Nov 29 23:50:10 2019
Terminated at Fri Nov 29 23:50:12 2019
Results reported at Fri Nov 29 23:50:12 2019

Your job looked like:

------------------------------------------------------------
# LSBATCH: User input
./extra.o
------------------------------------------------------------

Successfully completed.

Resource usage summary:

    CPU time :                                   13.80 sec.
    Max Memory :                                 1 MB
    Average Memory :                             1.00 MB
    Total Requested Memory :                     -
    Delta Memory :                               -
    Max Swap :                                   -
    Max Processes :                              1
    Max Threads :                                1
    Run time :                                   1 sec.
    Turnaround time :                            275 sec.

The output (if any) follows:

==BEGIN DUMP_ARRAYS==
begin dump: w
0.00 0.00 0.00 0.00 0.00 0.00 0.00 0.00 0.00 0.00 0.00 0.00 0.00 0.00 0.00 0.00 0.00 0.00 0.00 0.00 
0.00 0.00 0.00 0.00 0.00 0.00 0.00 0.00 0.00 0.00 0.00 0.00 0.00 0.00 0.00 0.00 0.00 0.00 0.00 0.00 
0.00 0.00 0.00 0.00 0.00 0.00 0.00 0.00 0.00 0.00 0.00 0.00 0.00 0.00 0.00 0.00 0.00 0.00 0.00 0.00 
0.00 0.00 0.00 0.00 0.00 0.00 0.00 0.00 0.00 0.00 0.00 0.00 0.00 0.00 0.00 0.00 0.00 0.00 0.00 0.00 
0.00 0.00 0.00 0.00 0.00 0.00 0.00 0.00 0.00 0.00 0.00 0.00 0.00 0.00 0.00 0.00 0.00 0.00 0.00 0.00 
0.00 0.00 0.00 0.00 0.00 0.00 0.00 0.00 0.00 0.00 0.00 0.00 0.00 0.00 0.00 0.00 0.00 0.00 0.00 0.00 
0.00 0.00 0.00 0.00 0.00 0.00 0.00 0.00 0.00 0.00 0.00 0.00 0.00 0.00 0.00 0.00 0.00 0.00 0.00 0.00 
0.00 0.00 0.00 0.00 0.00 0.00 0.00 0.00 0.00 0.00 0.00 0.00 0.00 0.00 0.00 0.00 0.00 0.00 0.00 0.00 
0.00 0.00 0.00 0.00 0.00 0.00 0.00 0.00 0.00 0.00 0.00 0.00 0.00 0.00 0.00 0.00 0.00 0.00 0.00 0.00 
0.00 0.00 0.00 0.00 0.00 0.00 0.00 0.00 0.00 0.00 0.00 0.00 0.00 0.00 0.00 0.00 0.00 0.00 0.00 0.00 
0.00 0.00 0.00 0.00 0.00 0.00 0.00 0.00 0.00 0.00 0.00 0.00 0.00 0.00 0.00 0.00 0.00 0.00 0.00 0.00 
0.00 0.00 0.00 0.00 0.00 0.00 0.00 0.00 0.00 0.00 0.00 0.00 0.00 0.00 0.00 0.00 0.00 0.00 0.00 0.00 
0.00 0.00 0.00 0.00 0.00 0.00 0.00 0.00 0.00 0.00 0.00 0.00 0.00 0.00 0.00 0.00 0.00 0.00 0.00 0.00 
0.00 0.00 0.00 0.00 0.00 0.00 0.00 0.00 0.00 0.00 0.00 0.00 0.00 0.00 0.00 0.00 0.00 0.00 0.00 0.00 
0.00 0.00 0.00 0.00 0.00 0.00 0.00 0.00 0.00 0.00 0.00 0.00 0.00 0.00 0.00 0.00 0.00 0.00 0.00 0.00 
0.00 0.00 0.00 0.00 0.00 0.00 0.00 0.00 0.00 0.00 0.00 0.00 0.00 0.00 0.00 0.00 0.00 0.00 0.00 0.00 
0.00 0.00 0.00 0.00 0.00 0.00 0.00 0.00 0.00 0.00 0.00 0.00 0.00 0.00 0.00 0.00 0.00 0.00 0.00 0.00 
0.00 0.00 0.00 0.00 0.00 0.00 0.00 0.00 0.00 0.00 0.00 0.00 0.00 0.00 0.00 0.00 0.00 0.00 0.00 0.00 
0.00 0.00 0.00 0.00 0.00 0.00 0.00 0.00 0.00 0.00 0.00 0.00 0.00 0.00 0.00 0.00 0.00 0.00 0.00 0.00 
0.00 0.00 0.00 0.00 0.00 0.00 0.00 0.00 0.00 0.00 0.00 0.00 0.00 0.00 0.00 0.00 0.00 0.00 0.00 0.00 
0.00 0.00 0.00 0.00 0.00 0.00 0.00 0.00 0.00 0.00 0.00 0.00 0.00 0.00 0.00 0.00 0.00 0.00 0.00 0.00 
0.00 0.00 0.00 0.00 0.00 0.00 0.00 0.00 0.00 0.00 0.00 0.00 0.00 0.00 0.00 0.00 0.00 0.00 0.00 0.00 
0.00 0.00 0.00 0.00 0.00 0.00 0.00 0.00 0.00 0.00 0.00 0.00 0.00 0.00 0.00 0.00 0.00 0.00 0.00 0.00 
0.00 0.00 0.00 0.00 0.00 0.00 0.00 0.00 0.00 0.00 0.00 0.00 0.00 0.00 0.00 0.00 0.00 0.00 0.00 0.00 
0.00 0.00 0.00 0.00 0.00 0.00 0.00 0.00 0.00 0.00 0.00 0.00 0.00 0.00 0.00 0.00 0.00 0.00 0.00 0.00 
0.00 0.00 0.00 0.00 0.00 0.00 0.00 0.00 0.00 0.00 0.00 0.00 0.00 0.00 0.00 0.00 0.00 0.00 0.00 0.00 
0.00 0.00 0.00 0.00 0.00 0.00 0.00 0.00 0.00 0.00 0.00 0.00 0.00 0.00 0.00 0.00 0.00 0.00 0.00 0.00 
0.00 0.00 0.00 0.00 0.00 0.00 0.00 0.00 0.00 0.00 0.00 0.00 0.00 0.00 0.00 0.00 0.00 0.00 0.00 0.00 
0.00 0.00 0.00 0.00 0.00 0.00 0.00 0.00 0.00 0.00 0.00 0.00 0.00 0.00 0.00 0.00 0.00 0.00 0.00 0.00 
0.00 0.00 0.00 0.00 0.00 0.00 0.00 0.00 0.00 0.00 0.00 0.00 0.00 0.00 0.00 0.00 0.00 0.00 0.00 0.00 
0.00 0.00 0.00 0.00 0.00 0.00 0.00 0.00 0.00 0.00 0.00 0.00 0.00 0.00 0.00 0.00 0.00 0.00 0.00 0.00 
0.00 0.00 0.00 0.00 0.00 0.00 0.00 0.00 0.00 0.00 0.00 0.00 0.00 0.00 0.00 0.00 0.00 0.00 0.00 0.00 
0.00 0.00 0.00 0.00 0.00 0.00 0.00 0.00 0.00 0.00 0.00 0.00 0.00 0.00 0.00 0.00 0.00 0.00 0.00 0.00 
0.00 0.00 0.00 0.00 0.00 0.00 0.00 0.00 0.00 0.00 0.00 0.00 0.00 0.00 0.00 0.00 0.00 0.00 0.00 0.00 
0.00 0.00 0.00 0.00 0.00 0.00 0.00 0.00 0.00 0.00 0.00 0.00 0.00 0.00 0.00 0.00 0.00 0.00 0.00 0.00 
0.00 0.00 0.00 0.00 0.00 0.00 0.00 0.00 0.00 0.00 0.00 0.00 0.00 0.00 0.00 0.00 0.00 0.00 0.00 0.00 
0.00 0.00 0.00 0.00 0.00 0.00 0.00 0.00 0.00 0.00 0.00 0.00 0.00 0.00 0.00 0.00 0.00 0.00 0.00 0.00 
0.00 0.00 0.00 0.00 0.00 0.00 0.00 0.00 0.00 0.00 0.00 0.00 0.00 0.00 0.00 0.00 0.00 0.00 0.00 0.00 
0.00 0.00 0.00 0.00 0.00 0.00 0.00 0.00 0.00 0.00 0.00 0.00 0.00 0.00 0.00 0.00 0.00 0.00 0.00 0.00 
0.00 0.00 0.00 0.00 0.00 0.00 0.00 0.00 0.00 0.00 0.00 0.00 0.00 0.00 0.00 0.00 0.00 0.00 0.00 0.00 
0.00 0.00 0.00 0.00 0.00 0.00 0.00 0.00 0.00 0.00 0.00 0.00 0.00 0.00 0.00 0.00 0.00 0.00 0.00 0.00 
0.00 0.00 0.00 0.00 0.00 0.00 0.00 0.00 0.00 0.00 0.00 0.00 0.00 0.00 0.00 0.00 0.00 0.00 0.00 0.00 
0.00 0.00 0.00 0.00 0.00 0.00 0.00 0.00 0.00 0.00 0.00 0.00 0.00 0.00 0.00 0.00 0.00 0.00 0.00 0.00 
0.00 0.00 0.00 0.00 0.00 0.00 0.00 0.00 0.00 0.00 0.00 0.00 0.00 0.00 0.00 0.00 0.00 0.00 0.00 0.00 
0.00 0.00 0.00 0.00 0.00 0.00 0.00 0.00 0.00 0.00 0.00 0.00 0.00 0.00 0.00 0.00 0.00 0.00 0.00 0.00 
0.00 0.00 0.00 0.00 0.00 0.00 0.00 0.00 0.00 0.00 0.00 0.00 0.00 0.00 0.00 0.00 0.00 0.00 0.00 0.00 
0.00 0.00 0.00 0.00 0.00 0.00 0.00 0.00 0.00 0.00 0.00 0.00 0.00 0.00 0.00 0.00 0.00 0.00 0.00 0.00 
0.00 0.00 0.00 0.00 0.00 0.00 0.00 0.00 0.00 0.00 0.00 0.00 0.00 0.00 0.00 0.00 0.00 0.00 0.00 0.00 
0.00 0.00 0.00 0.00 0.00 0.00 0.00 0.00 0.00 0.00 0.00 0.00 0.00 0.00 0.00 0.00 0.00 0.00 0.00 0.00 
0.00 0.00 0.00 0.00 0.00 0.00 0.00 0.00 0.00 0.00 0.00 0.00 0.00 0.00 0.00 0.00 0.00 0.00 0.00 0.00 
0.00 0.00 0.00 0.00 0.00 0.00 0.00 0.00 0.00 0.00 0.00 0.00 0.00 0.00 0.00 0.00 0.00 0.00 0.00 0.00 
0.00 0.00 0.00 0.00 0.00 0.00 0.00 0.00 0.00 0.00 0.00 0.00 0.00 0.00 0.00 0.00 0.00 0.00 0.00 0.00 
0.00 0.00 0.00 0.00 0.00 0.00 0.00 0.00 0.00 0.00 0.00 0.00 0.00 0.00 0.00 0.00 0.00 0.00 0.00 0.00 
0.00 0.00 0.00 0.00 0.00 0.00 0.00 0.00 0.00 0.00 0.00 0.00 0.00 0.00 0.00 0.00 0.00 0.00 0.00 0.00 
0.00 0.00 0.00 0.00 0.00 0.00 0.00 0.00 0.00 0.00 0.00 0.00 0.00 0.00 0.00 0.00 0.00 0.00 0.00 0.00 
0.00 0.00 0.00 0.00 0.00 0.00 0.00 0.00 0.00 0.00 0.00 0.00 0.00 0.00 0.00 0.00 0.00 0.00 0.00 0.00 
0.00 0.00 0.00 0.00 0.00 0.00 0.00 0.00 0.00 0.00 0.00 0.00 0.00 0.00 0.00 0.00 0.00 0.00 0.00 0.00 
0.00 0.00 0.00 0.00 0.00 0.00 0.00 0.00 0.00 0.00 0.00 0.00 0.00 0.00 0.00 0.00 0.00 0.00 0.00 0.00 
0.00 0.00 0.00 0.00 0.00 0.00 0.00 0.00 0.00 0.00 0.00 0.00 0.00 0.00 0.00 0.00 0.00 0.00 0.00 0.00 
0.00 0.00 0.00 0.00 0.00 0.00 0.00 0.00 0.00 0.00 0.00 0.00 0.00 0.00 0.00 0.00 0.00 0.00 0.00 0.00 
0.00 0.00 0.00 0.00 0.00 0.00 0.00 0.00 0.00 0.00 0.00 0.00 0.00 0.00 0.00 0.00 0.00 0.00 0.00 0.00 
0.00 0.00 0.00 0.00 0.00 0.00 0.00 0.00 0.00 0.00 0.00 0.00 0.00 0.00 0.00 0.00 0.00 0.00 0.00 0.00 
0.00 0.00 0.00 0.00 0.00 0.00 0.00 0.00 0.00 0.00 0.00 0.00 0.00 0.00 0.00 0.00 0.00 0.00 0.00 0.00 
0.00 0.00 0.00 0.00 0.00 0.00 0.00 0.00 0.00 0.00 0.00 0.00 0.00 0.00 0.00 0.00 0.00 0.00 0.00 0.00 
0.00 0.00 0.00 0.00 0.00 0.00 0.00 0.00 0.00 0.00 0.00 0.00 0.00 0.00 0.00 0.00 0.00 0.00 0.00 0.00 
0.00 0.00 0.00 0.00 0.00 0.00 0.00 0.00 0.00 0.00 0.00 0.00 0.00 0.00 0.00 0.00 0.00 0.00 0.00 0.00 
0.00 0.00 0.00 0.00 0.00 0.00 0.00 0.00 0.00 0.00 0.00 0.00 0.00 0.00 0.00 0.00 0.00 0.00 0.00 0.00 
0.00 0.00 0.00 0.00 0.00 0.00 0.00 0.00 0.00 0.00 0.00 0.00 0.00 0.00 0.00 0.00 0.00 0.00 0.00 0.00 
0.00 0.00 0.00 0.00 0.00 0.00 0.00 0.00 0.00 0.00 0.00 0.00 0.00 0.00 0.00 0.00 0.00 0.00 0.00 0.00 
0.00 0.00 0.00 0.00 0.00 0.00 0.00 0.00 0.00 0.00 0.00 0.00 0.00 0.00 0.00 0.00 0.00 0.00 0.00 0.00 
0.00 0.00 0.00 0.00 0.00 0.00 0.00 0.00 0.00 0.00 0.00 0.00 0.00 0.00 0.00 0.00 0.00 0.00 0.00 0.00 
0.00 0.00 0.00 0.00 0.00 0.00 0.00 0.00 0.00 0.00 0.00 0.00 0.00 0.00 0.00 0.00 0.00 0.00 0.00 0.00 
0.00 0.00 0.00 0.00 0.00 0.00 0.00 0.00 0.00 0.00 0.00 0.00 0.00 0.00 0.00 0.00 0.00 0.00 0.00 0.00 
0.00 0.00 0.00 0.00 0.00 0.00 0.00 0.00 0.00 0.00 0.00 0.00 0.00 0.00 0.00 0.00 0.00 0.00 0.00 0.00 
0.00 0.00 0.00 0.00 0.00 0.00 0.00 0.00 0.00 0.00 0.00 0.00 0.00 0.00 0.00 0.00 0.00 0.00 0.00 0.00 
0.00 0.00 0.00 0.00 0.00 0.00 0.00 0.00 0.00 0.00 0.00 0.00 0.00 0.00 0.00 0.00 0.00 0.00 0.00 0.00 
0.00 0.00 0.00 0.00 0.00 0.00 0.00 0.00 0.00 0.00 0.00 0.00 0.00 0.00 0.00 0.00 0.00 0.00 0.00 0.00 
0.00 0.00 0.00 0.00 0.00 0.00 0.00 0.00 0.00 0.00 0.00 0.00 0.00 0.00 0.00 0.00 0.00 0.00 0.00 0.00 
0.00 0.00 0.00 0.00 0.00 0.00 0.00 0.00 0.00 0.00 0.00 0.00 0.00 0.00 0.00 0.00 0.00 0.00 0.00 0.00 
0.00 0.00 0.00 0.00 0.00 0.00 0.00 0.00 0.00 0.00 0.00 0.00 0.00 0.00 0.00 0.00 0.00 0.00 0.00 0.00 
0.00 0.00 0.00 0.00 0.00 0.00 0.00 0.00 0.00 0.00 0.00 0.00 0.00 0.00 0.00 0.00 0.00 0.00 0.00 0.00 
0.00 0.00 0.00 0.00 0.00 0.00 0.00 0.00 0.00 0.00 0.00 0.00 0.00 0.00 0.00 0.00 0.00 0.00 0.00 0.00 
0.00 0.00 0.00 0.00 0.00 0.00 0.00 0.00 0.00 0.00 0.00 0.00 0.00 0.00 0.00 0.00 0.00 0.00 0.00 0.00 
0.00 0.00 0.00 0.00 0.00 0.00 0.00 0.00 0.00 0.00 0.00 0.00 0.00 0.00 0.00 0.00 0.00 0.00 0.00 0.00 
0.00 0.00 0.00 0.00 0.00 0.00 0.00 0.00 0.00 0.00 0.00 0.00 0.00 0.00 0.00 0.00 0.00 0.00 0.00 0.00 
0.00 0.00 0.00 0.00 0.00 0.00 0.00 0.00 0.00 0.00 0.00 0.00 0.00 0.00 0.00 0.00 0.00 0.00 0.00 0.00 
0.00 0.00 0.00 0.00 0.00 0.00 0.00 0.00 0.00 0.00 0.00 0.00 0.00 0.00 0.00 0.00 0.00 0.00 0.00 0.00 
0.00 0.00 0.00 0.00 0.00 0.00 0.00 0.00 0.00 0.00 0.00 0.00 0.00 0.00 0.00 0.00 0.00 0.00 0.00 0.00 
0.00 0.00 0.00 0.00 0.00 0.00 0.00 0.00 0.00 0.00 0.00 0.00 0.00 0.00 0.00 0.00 0.00 0.00 0.00 0.00 
0.00 0.00 0.00 0.00 0.00 0.00 0.00 0.00 0.00 0.00 0.00 0.00 0.00 0.00 0.00 0.00 0.00 0.00 0.00 0.00 
0.00 0.00 0.00 0.00 0.00 0.00 0.00 0.00 0.00 0.00 0.00 0.00 0.00 0.00 0.00 0.00 0.00 0.00 0.00 0.00 
0.00 0.00 0.00 0.00 0.00 0.00 0.00 0.00 0.00 0.00 0.00 0.00 0.00 0.00 0.00 0.00 0.00 0.00 0.00 0.00 
0.00 0.00 0.00 0.00 0.00 0.00 0.00 0.00 0.00 0.00 0.00 0.00 0.00 0.00 0.00 0.00 0.00 0.00 0.00 0.00 
0.00 0.00 0.00 0.00 0.00 0.00 0.00 0.00 0.00 0.00 0.00 0.00 0.00 0.00 0.00 0.00 0.00 0.00 0.00 0.00 
0.00 0.00 0.00 0.00 0.00 0.00 0.00 0.00 0.00 0.00 0.00 0.00 0.00 0.00 0.00 0.00 0.00 0.00 0.00 0.00 
0.00 0.00 0.00 0.00 0.00 0.00 0.00 0.00 0.00 0.00 0.00 0.00 0.00 0.00 0.00 0.00 0.00 0.00 0.00 0.00 
0.00 0.00 0.00 0.00 0.00 0.00 0.00 0.00 0.00 0.00 0.00 0.00 0.00 0.00 0.00 0.00 0.00 0.00 0.00 0.00 
0.00 0.00 0.00 0.00 0.00 0.00 0.00 0.00 0.00 0.00 0.00 0.00 0.00 0.00 0.00 0.00 0.00 0.00 0.00 0.00 
0.00 0.00 0.00 0.00 0.00 0.00 0.00 0.00 0.00 0.00 0.00 0.00 0.00 0.00 0.00 0.00 0.00 0.00 0.00 0.00 
0.00 0.00 0.00 0.00 0.00 0.00 0.00 0.00 0.00 0.00 0.00 0.00 0.00 0.00 0.00 0.00 0.00 0.00 0.00 0.00 
0.00 0.00 0.00 0.00 0.00 0.00 0.00 0.00 0.00 0.00 0.00 0.00 0.00 0.00 0.00 0.00 0.00 0.00 0.00 0.00 
0.00 0.00 0.00 0.00 0.00 0.00 0.00 0.00 0.00 0.00 0.00 0.00 0.00 0.00 0.00 0.00 0.00 0.00 0.00 0.00 
0.00 0.00 0.00 0.00 0.00 0.00 0.00 0.00 0.00 0.00 0.00 0.00 0.00 0.00 0.00 0.00 0.00 0.00 0.00 0.00 
0.00 0.00 0.00 0.00 0.00 0.00 0.00 0.00 0.00 0.00 0.00 0.00 0.00 0.00 0.00 0.00 0.00 0.00 0.00 0.00 
0.00 0.00 0.00 0.00 0.00 0.00 0.00 0.00 0.00 0.00 0.00 0.00 0.00 0.00 0.00 0.00 0.00 0.00 0.00 0.00 
0.00 0.00 0.00 0.00 0.00 0.00 0.00 0.00 0.00 0.00 0.00 0.00 0.00 0.00 0.00 0.00 0.00 0.00 0.00 0.00 
0.00 0.00 0.00 0.00 0.00 0.00 0.00 0.00 0.00 0.00 0.00 0.00 0.00 0.00 0.00 0.00 0.00 0.00 0.00 0.00 
0.00 0.00 0.00 0.00 0.00 0.00 0.00 0.00 0.00 0.00 0.00 0.00 0.00 0.00 0.00 0.00 0.00 0.00 0.00 0.00 
0.00 0.00 0.00 0.00 0.00 0.00 0.00 0.00 0.00 0.00 0.00 0.00 0.00 0.00 0.00 0.00 0.00 0.00 0.00 0.00 
0.00 0.00 0.00 0.00 0.00 0.00 0.00 0.00 0.00 0.00 0.00 0.00 0.00 0.00 0.00 0.00 0.00 0.00 0.00 0.00 
0.00 0.00 0.00 0.00 0.00 0.00 0.00 0.00 0.00 0.00 0.00 0.00 0.00 0.00 0.00 0.00 0.00 0.00 0.00 0.00 
0.00 0.00 0.00 0.00 0.00 0.00 0.00 0.00 0.00 0.00 0.00 0.00 0.00 0.00 0.00 0.00 0.00 0.00 0.00 0.00 
0.00 0.00 0.00 0.00 0.00 0.00 0.00 0.00 0.00 0.00 0.00 0.00 0.00 0.00 0.00 0.00 0.00 0.00 0.00 0.00 
0.00 0.00 0.00 0.00 0.00 0.00 0.00 0.00 0.00 0.00 0.00 0.00 0.00 0.00 0.00 0.00 0.00 0.00 0.00 0.00 
0.00 0.00 0.00 0.00 0.00 0.00 0.00 0.00 0.00 0.00 0.00 0.00 0.00 0.00 0.00 0.00 0.00 0.00 0.00 0.00 
0.00 0.00 0.00 0.00 0.00 0.00 0.00 0.00 0.00 0.00 0.00 0.00 0.00 0.00 0.00 0.00 0.00 0.00 0.00 0.00 
0.00 0.00 0.00 0.00 0.00 0.00 0.00 0.00 0.00 0.00 0.00 0.00 0.00 0.00 0.00 0.00 0.00 0.00 0.00 0.00 
0.00 0.00 0.00 0.00 0.00 0.00 0.00 0.00 0.00 0.00 0.00 0.00 0.00 0.00 0.00 0.00 0.00 0.00 0.00 0.00 
0.00 0.00 0.00 0.00 0.00 0.00 0.00 0.00 0.00 0.00 0.00 0.00 0.00 0.00 0.00 0.00 0.00 0.00 0.00 0.00 
0.00 0.00 0.00 0.00 0.00 0.00 0.00 0.00 0.00 0.00 0.00 0.00 0.00 0.00 0.00 0.00 0.00 0.00 0.00 0.00 
0.00 0.00 0.00 0.00 0.00 0.00 0.00 0.00 0.00 0.00 0.00 0.00 0.00 0.00 0.00 0.00 0.00 0.00 0.00 0.00 
0.00 0.00 0.00 0.00 0.00 0.00 0.00 0.00 0.00 0.00 0.00 0.00 0.00 0.00 0.00 0.00 0.00 0.00 0.00 0.00 
0.00 0.00 0.00 0.00 0.00 0.00 0.00 0.00 0.00 0.00 0.00 0.00 0.00 0.00 0.00 0.00 0.00 0.00 0.00 0.00 
0.00 0.00 0.00 0.00 0.00 0.00 0.00 0.00 0.00 0.00 0.00 0.00 0.00 0.00 0.00 0.00 0.00 0.00 0.00 0.00 
0.00 0.00 0.00 0.00 0.00 0.00 0.00 0.00 0.00 0.00 0.00 0.00 0.00 0.00 0.00 0.00 0.00 0.00 0.00 0.00 
0.00 0.00 0.00 0.00 0.00 0.00 0.00 0.00 0.00 0.00 0.00 0.00 0.00 0.00 0.00 0.00 0.00 0.00 0.00 0.00 
0.00 0.00 0.00 0.00 0.00 0.00 0.00 0.00 0.00 0.00 0.00 0.00 0.00 0.00 0.00 0.00 0.00 0.00 0.00 0.00 
0.00 0.00 0.00 0.00 0.00 0.00 0.00 0.00 0.00 0.00 0.00 0.00 0.00 0.00 0.00 0.00 0.00 0.00 0.00 0.00 
0.00 0.00 0.00 0.00 0.00 0.00 0.00 0.00 0.00 0.00 0.00 0.00 0.00 0.00 0.00 0.00 0.00 0.00 0.00 0.00 
0.00 0.00 0.00 0.00 0.00 0.00 0.00 0.00 0.00 0.00 0.00 0.00 0.00 0.00 0.00 0.00 0.00 0.00 0.00 0.00 
0.00 0.00 0.00 0.00 0.00 0.00 0.00 0.00 0.00 0.00 0.00 0.00 0.00 0.00 0.00 0.00 0.00 0.00 0.00 0.00 
0.00 0.00 0.00 0.00 0.00 0.00 0.00 0.00 0.00 0.00 0.00 0.00 0.00 0.00 0.00 0.00 0.00 0.00 0.00 0.00 
0.00 0.00 0.00 0.00 0.00 0.00 0.00 0.00 0.00 0.00 0.00 0.00 0.00 0.00 0.00 0.00 0.00 0.00 0.00 0.00 
0.00 0.00 0.00 0.00 0.00 0.00 0.00 0.00 0.00 0.00 0.00 0.00 0.00 0.00 0.00 0.00 0.00 0.00 0.00 0.00 
0.00 0.00 0.00 0.00 0.00 0.00 0.00 0.00 0.00 0.00 0.00 0.00 0.00 0.00 0.00 0.00 0.00 0.00 0.00 0.00 
0.00 0.00 0.00 0.00 0.00 0.00 0.00 0.00 0.00 0.00 0.00 0.00 0.00 0.00 0.00 0.00 0.00 0.00 0.00 0.00 
0.00 0.00 0.00 0.00 0.00 0.00 0.00 0.00 0.00 0.00 0.00 0.00 0.00 0.00 0.00 0.00 0.00 0.00 0.00 0.00 
0.00 0.00 0.00 0.00 0.00 0.00 0.00 0.00 0.00 0.00 0.00 0.00 0.00 0.00 0.00 0.00 0.00 0.00 0.00 0.00 
0.00 0.00 0.00 0.00 0.00 0.00 0.00 0.00 0.00 0.00 0.00 0.00 0.00 0.00 0.00 0.00 0.00 0.00 0.00 0.00 
0.00 0.00 0.00 0.00 0.00 0.00 0.00 0.00 0.00 0.00 0.00 0.00 0.00 0.00 0.00 0.00 0.00 0.00 0.00 0.00 
0.00 0.00 0.00 0.00 0.00 0.00 0.00 0.00 0.00 0.00 0.00 0.00 0.00 0.00 0.00 0.00 0.00 0.00 0.00 0.00 
0.00 0.00 0.00 0.00 0.00 0.00 0.00 0.00 0.00 0.00 0.00 0.00 0.00 0.00 0.00 0.00 0.00 0.00 0.00 0.00 
0.00 0.00 0.00 0.00 0.00 0.00 0.00 0.00 0.00 0.00 0.00 0.00 0.00 0.00 0.00 0.00 0.00 0.00 0.00 0.00 
0.00 0.00 0.00 0.00 0.00 0.00 0.00 0.00 0.00 0.00 0.00 0.00 0.00 0.00 0.00 0.00 0.00 0.00 0.00 0.00 
0.00 0.00 0.00 0.00 0.00 0.00 0.00 0.00 0.00 0.00 0.00 0.00 0.00 0.00 0.00 0.00 0.00 0.00 0.00 0.00 
0.00 0.00 0.00 0.00 0.00 0.00 0.00 0.00 0.00 0.00 0.00 0.00 0.00 0.00 0.00 0.00 0.00 0.00 0.00 0.00 
0.00 0.00 0.00 0.00 0.00 0.00 0.00 0.00 0.00 0.00 0.00 0.00 0.00 0.00 0.00 0.00 0.00 0.00 0.00 0.00 
0.00 0.00 0.00 0.00 0.00 0.00 0.00 0.00 0.00 0.00 0.00 0.00 0.00 0.00 0.00 0.00 0.00 0.00 0.00 0.00 
0.00 0.00 0.00 0.00 0.00 0.00 0.00 0.00 0.00 0.00 0.00 0.00 0.00 0.00 0.00 0.00 0.00 0.00 0.00 0.00 
0.00 0.00 0.00 0.00 0.00 0.00 0.00 0.00 0.00 0.00 0.00 0.00 0.00 0.00 0.00 0.00 0.00 0.00 0.00 0.00 
0.00 0.00 0.00 0.00 0.00 0.00 0.00 0.00 0.00 0.00 0.00 0.00 0.00 0.00 0.00 0.00 0.00 0.00 0.00 0.00 
0.00 0.00 0.00 0.00 0.00 0.00 0.00 0.00 0.00 0.00 0.00 0.00 0.00 0.00 0.00 0.00 0.00 0.00 0.00 0.00 
0.00 0.00 0.00 0.00 0.00 0.00 0.00 0.00 0.00 0.00 0.00 0.00 0.00 0.00 0.00 0.00 0.00 0.00 0.00 0.00 
0.00 0.00 0.00 0.00 0.00 0.00 0.00 0.00 0.00 0.00 0.00 0.00 0.00 0.00 0.00 0.00 0.00 0.00 0.00 0.00 
0.00 0.00 0.00 0.00 0.00 0.00 0.00 0.00 0.00 0.00 0.00 0.00 0.00 0.00 0.00 0.00 0.00 0.00 0.00 0.00 
0.00 0.00 0.00 0.00 0.00 0.00 0.00 0.00 0.00 0.00 0.00 0.00 0.00 0.00 0.00 0.00 0.00 0.00 0.00 0.00 
0.00 0.00 0.00 0.00 0.00 0.00 0.00 0.00 0.00 0.00 0.00 0.00 0.00 0.00 0.00 0.00 0.00 0.00 0.00 0.00 
0.00 0.00 0.00 0.00 0.00 0.00 0.00 0.00 0.00 0.00 0.00 0.00 0.00 0.00 0.00 0.00 0.00 0.00 0.00 0.00 
0.00 0.00 0.00 0.00 0.00 0.00 0.00 0.00 0.00 0.00 0.00 0.00 0.00 0.00 0.00 0.00 0.00 0.00 0.00 0.00 
0.00 0.00 0.00 0.00 0.00 0.00 0.00 0.00 0.00 0.00 0.00 0.00 0.00 0.00 0.00 0.00 0.00 0.00 0.00 0.00 
0.00 0.00 0.00 0.00 0.00 0.00 0.00 0.00 0.00 0.00 0.00 0.00 0.00 0.00 0.00 0.00 0.00 0.00 0.00 0.00 
0.00 0.00 0.00 0.00 0.00 0.00 0.00 0.00 0.00 0.00 0.00 0.00 0.00 0.00 0.00 0.00 0.00 0.00 0.00 0.00 
0.00 0.00 0.00 0.00 0.00 0.00 0.00 0.00 0.00 0.00 0.00 0.00 0.00 0.00 0.00 0.00 0.00 0.00 0.00 0.00 
0.00 0.00 0.00 0.00 0.00 0.00 0.00 0.00 0.00 0.00 0.00 0.00 0.00 0.00 0.00 0.00 0.00 0.00 0.00 0.00 
0.00 0.00 0.00 0.00 0.00 0.00 0.00 0.00 0.00 0.00 0.00 0.00 0.00 0.00 0.00 0.00 0.00 0.00 0.00 0.00 
0.00 0.00 0.00 0.00 0.00 0.00 0.00 0.00 0.00 0.00 0.00 0.00 0.00 0.00 0.00 0.00 0.00 0.00 0.00 0.00 
0.00 0.00 0.00 0.00 0.00 0.00 0.00 0.00 0.00 0.00 0.00 0.00 0.00 0.00 0.00 0.00 0.00 0.00 0.00 0.00 
0.00 0.00 0.00 0.00 0.00 0.00 0.00 0.00 0.00 0.00 0.00 0.00 0.00 0.00 0.00 0.00 0.00 0.00 0.00 0.00 
0.00 0.00 0.00 0.00 0.00 0.00 0.00 0.00 0.00 0.00 0.00 0.00 0.00 0.00 0.00 0.00 0.00 0.00 0.00 0.00 
0.00 0.00 0.00 0.00 0.00 0.00 0.00 0.00 0.00 0.00 0.00 0.00 0.00 0.00 0.00 0.00 0.00 0.00 0.00 0.00 
0.00 0.00 0.00 0.00 0.00 0.00 0.00 0.00 0.00 0.00 0.00 0.00 0.00 0.00 0.00 0.00 0.00 0.00 0.00 0.00 
0.00 0.00 0.00 0.00 0.00 0.00 0.00 0.00 0.00 0.00 0.00 0.00 0.00 0.00 0.00 0.00 0.00 0.00 0.00 0.00 
0.00 0.00 0.00 0.00 0.00 0.00 0.00 0.00 0.00 0.00 0.00 0.00 0.00 0.00 0.00 0.00 0.00 0.00 0.00 0.00 
0.00 0.00 0.00 0.00 0.00 0.00 0.00 0.00 0.00 0.00 0.00 0.00 0.00 0.00 0.00 0.00 0.00 0.00 0.00 0.00 
0.00 0.00 0.00 0.00 0.00 0.00 0.00 0.00 0.00 0.00 0.00 0.00 0.00 0.00 0.00 0.00 0.00 0.00 0.00 0.00 
0.00 0.00 0.00 0.00 0.00 0.00 0.00 0.00 0.00 0.00 0.00 0.00 0.00 0.00 0.00 0.00 0.00 0.00 0.00 0.00 
0.00 0.00 0.00 0.00 0.00 0.00 0.00 0.00 0.00 0.00 0.00 0.00 0.00 0.00 0.00 0.00 0.00 0.00 0.00 0.00 
0.00 0.00 0.00 0.00 0.00 0.00 0.00 0.00 0.00 0.00 0.00 0.00 0.00 0.00 0.00 0.00 0.00 0.00 0.00 0.00 
0.00 0.00 0.00 0.00 0.00 0.00 0.00 0.00 0.00 0.00 0.00 0.00 0.00 0.00 0.00 0.00 0.00 0.00 0.00 0.00 
0.00 0.00 0.00 0.00 0.00 0.00 0.00 0.00 0.00 0.00 0.00 0.00 0.00 0.00 0.00 0.00 0.00 0.00 0.00 0.00 
0.00 0.00 0.00 0.00 0.00 0.00 0.00 0.00 0.00 0.00 0.00 0.00 0.00 0.00 0.00 0.00 0.00 0.00 0.00 0.00 
0.00 0.00 0.00 0.00 0.00 0.00 0.00 0.00 0.00 0.00 0.00 0.00 0.00 0.00 0.00 0.00 0.00 0.00 0.00 0.00 
0.00 0.00 0.00 0.00 0.00 0.00 0.00 0.00 0.00 0.00 0.00 0.00 0.00 0.00 0.00 0.00 0.00 0.00 0.00 0.00 
0.00 0.00 0.00 0.00 0.00 0.00 0.00 0.00 0.00 0.00 0.00 0.00 0.00 0.00 0.00 0.00 0.00 0.00 0.00 0.00 
0.00 0.00 0.00 0.00 0.00 0.00 0.00 0.00 0.00 0.00 0.00 0.00 0.00 0.00 0.00 0.00 0.00 0.00 0.00 0.00 
0.00 0.00 0.00 0.00 0.00 0.00 0.00 0.00 0.00 0.00 0.00 0.00 0.00 0.00 0.00 0.00 0.00 0.00 0.00 0.00 
0.00 0.00 0.00 0.00 0.00 0.00 0.00 0.00 0.00 0.00 0.00 0.00 0.00 0.00 0.00 0.00 0.00 0.00 0.00 0.00 
0.00 0.00 0.00 0.00 0.00 0.00 0.00 0.00 0.00 0.00 0.00 0.00 0.00 0.00 0.00 0.00 0.00 0.00 0.00 0.00 
0.00 0.00 0.00 0.00 0.00 0.00 0.00 0.00 0.00 0.00 0.00 0.00 0.00 0.00 0.00 0.00 0.00 0.00 0.00 0.00 
0.00 0.00 0.00 0.00 0.00 0.00 0.00 0.00 0.00 0.00 0.00 0.00 0.00 0.00 0.00 0.00 0.00 0.00 0.00 0.00 
0.00 0.00 0.00 0.00 0.00 0.00 0.00 0.00 0.00 0.00 0.00 0.00 0.00 0.00 0.00 0.00 0.00 0.00 0.00 0.00 
0.00 0.00 0.00 0.00 0.00 0.00 0.00 0.00 0.00 0.00 0.00 0.00 0.00 0.00 0.00 0.00 0.00 0.00 0.00 0.00 
0.00 0.00 0.00 0.00 0.00 0.00 0.00 0.00 0.00 0.00 0.00 0.00 0.00 0.00 0.00 0.00 0.00 0.00 0.00 0.00 
0.00 0.00 0.00 0.00 0.00 0.00 0.00 0.00 0.00 0.00 0.00 0.00 0.00 0.00 0.00 0.00 0.00 0.00 0.00 0.00 
0.00 0.00 0.00 0.00 0.00 0.00 0.00 0.00 0.00 0.00 0.00 0.00 0.00 0.00 0.00 0.00 0.00 0.00 0.00 0.00 
0.00 0.00 0.00 0.00 0.00 0.00 0.00 0.00 0.00 0.00 0.00 0.00 0.00 0.00 0.00 0.00 0.00 0.00 0.00 0.00 
0.00 0.00 0.00 0.00 0.00 0.00 0.00 0.00 0.00 0.00 0.00 0.00 0.00 0.00 0.00 0.00 0.00 0.00 0.00 0.00 
0.00 0.00 0.00 0.00 0.00 0.00 0.00 0.00 0.00 0.00 0.00 0.00 0.00 0.00 0.00 0.00 0.00 0.00 0.00 0.00 
0.00 0.00 0.00 0.00 0.00 0.00 0.00 0.00 0.00 0.00 0.00 0.00 0.00 0.00 0.00 0.00 0.00 0.00 0.00 0.00 
0.00 0.00 0.00 0.00 0.00 0.00 0.00 0.00 0.00 0.00 0.00 0.00 0.00 0.00 0.00 0.00 0.00 0.00 0.00 0.00 
end   dump: w
==END   DUMP_ARRAYS==
==BEGIN DUMP_ARRAYS==
begin dump: w
7739.41 464239968.00 510774112.00 588141184.00 673150656.00 761243328.00 851263872.00 942068288.00 1032764160.00 1124776576.00 1215985280.00 1308527360.00 1400546176.00 1493012864.00 1585433472.00 1677597184.00 1769321472.00 1862915200.00 1955462528.00 2047969152.00 
2139444352.00 2233564160.00 2326014208.00 2418911488.00 2510998784.00 2602585088.00 2697049856.00 2789593600.00 2882344192.00 2975516416.00 3067417344.00 3160207872.00 3251413248.00 3346269440.00 3439225600.00 3531655680.00 3624450816.00 3717522432.00 3810256896.00 3903163136.00 
3993379328.00 4088845056.00 4181615360.00 4273551616.00 4367366144.00 4460092928.00 4553410048.00 4645748736.00 4737624064.00 4831542272.00 4920946688.00 5017136640.00 5110088192.00 5203027456.00 5295450112.00 5388451328.00 5481041920.00 5574208512.00 5667709952.00 5760320000.00 
5851568640.00 5945636352.00 6038243840.00 6132095488.00 6222172160.00 6316799488.00 6409875968.00 6502820864.00 6595605504.00 6689338368.00 6780750336.00 6873793536.00 6966681600.00 7060246528.00 7152482816.00 7244020224.00 7338453504.00 7431824384.00 7524400128.00 7617290240.00 
7704594944.00 7803019264.00 7895771648.00 7988724224.00 8081410560.00 8173849600.00 8266787328.00 8361086976.00 8452664320.00 8546360832.00 8638268416.00 8732154880.00 8824513536.00 8915355648.00 9010228224.00 9102765056.00 9193881600.00 9288943616.00 9381764096.00 9474451456.00 
9560645632.00 9660212224.00 9753088000.00 9845830656.00 9938566144.00 10031394816.00 10124780544.00 10217620480.00 10309690368.00 10403330048.00 10495558656.00 10588471296.00 10680931328.00 10775309312.00 10867399680.00 10960352256.00 11053521920.00 11146171392.00 11239360512.00 11332117504.00 
11422209024.00 11517506560.00 11610689536.00 11703309312.00 11796087808.00 11880435712.00 11982419968.00 12076482560.00 12165775360.00 12257872896.00 12353099776.00 12446441472.00 12539220992.00 12632110080.00 12725208064.00 12817785856.00 12910459904.00 13004015616.00 13098178560.00 13189923840.00 
13281076224.00 13375222784.00 13467836416.00 13561891840.00 13652924416.00 13746600960.00 13839926272.00 13932420096.00 14024461312.00 14118620160.00 14207798272.00 14304666624.00 14396567552.00 14489315328.00 14583448576.00 14675316736.00 14768345088.00 14861594624.00 14954186752.00 15047071744.00 
15128869888.00 15233001472.00 15325744128.00 15418534912.00 15511328768.00 15604146176.00 15697011712.00 15790639104.00 15882544128.00 15974664192.00 16067981312.00 16161656832.00 16254069760.00 16347237376.00 16442121216.00 16531572736.00 16625057792.00 16719670272.00 16811809792.00 16904387584.00 
16996192256.00 17090626560.00 17184262144.00 17275721728.00 17368645632.00 17461712896.00 17553702912.00 17647613952.00 17740298240.00 17833488384.00 17925332992.00 18019477504.00 18109952000.00 18205061120.00 18297819136.00 18389993472.00 18483331072.00 18576312320.00 18668785664.00 18761662464.00 
18841214976.00 18947749888.00 19040393216.00 19133732864.00 19226347520.00 19318833152.00 19412156416.00 19505328128.00 19597008896.00 19690997760.00 19782805504.00 19877283840.00 19969527808.00 20062468096.00 20155408384.00 20247830528.00 20340400128.00 20434073600.00 20526698496.00 20619624448.00 
20711245824.00 20805785600.00 20897122304.00 20991830016.00 21082060800.00 21175443456.00 21270069248.00 21362882560.00 21455423488.00 21548550144.00 21640849408.00 21734166528.00 21826760704.00 21919193088.00 22012708864.00 22104553472.00 22198917120.00 22291595264.00 22384373760.00 22477531136.00 
22564730880.00 22663434240.00 22755903488.00 22849122304.00 22941618176.00 23034636288.00 23127310336.00 23220531200.00 23312592896.00 23405846528.00 23481442304.00 23592175616.00 23684827136.00 23777730560.00 23871188992.00 23963095040.00 24054134784.00 24149092352.00 24240553984.00 24335597568.00 
24426491904.00 24520912896.00 24613279744.00 24706349056.00 24798758912.00 24891799552.00 24984461312.00 25079144448.00 25170870272.00 25263767552.00 25356056576.00 25449285632.00 25541339136.00 25635624960.00 25728632832.00 25819287552.00 25914415104.00 26006773760.00 26099697664.00 26191880192.00 
26282653696.00 26378401792.00 26471016448.00 26563934208.00 26656423936.00 26748901376.00 26844262400.00 26936221696.00 27026419712.00 27121442816.00 27213682688.00 27307462656.00 27399845888.00 27493033984.00 27585531904.00 27678259200.00 27770621952.00 27864510464.00 27957262336.00 28050022400.00 
28136093696.00 28235808768.00 28328880128.00 28420888576.00 28513376256.00 28606986240.00 28699740160.00 28792537088.00 28887496704.00 28979177472.00 29071308800.00 29164709888.00 29257109504.00 29350391808.00 29443422208.00 29536022528.00 29629124608.00 29721962496.00 29814908928.00 29907560448.00 
29989490688.00 30093789184.00 30186256384.00 30279374848.00 30371733504.00 30463305728.00 30557718528.00 30650697728.00 30743177216.00 30836131840.00 30928629760.00 31021944832.00 31114491904.00 31206225920.00 31301746688.00 31393839104.00 31485765632.00 31579949056.00 31671887872.00 31766833152.00 
31856840704.00 31951050752.00 32043773952.00 32137254912.00 32229158912.00 32322400256.00 32415334400.00 32508186624.00 32601950208.00 32694716416.00 32783560704.00 32880078848.00 32970543104.00 33066891264.00 33158764544.00 33250951168.00 33343952896.00 33437075456.00 33529821184.00 33623289856.00 
33712898048.00 33808388096.00 33901193216.00 33993148416.00 34089172992.00 34180356096.00 34272966656.00 34366300160.00 34457870336.00 34551459840.00 34643988480.00 34737483776.00 34829676544.00 34923327488.00 35016007680.00 35100176384.00 35201363968.00 35294769152.00 35387588608.00 35480547328.00 
35571900416.00 35670560768.00 35759099904.00 35852451840.00 35942711296.00 36037521408.00 36130672640.00 36222623744.00 36316196864.00 36409307136.00 36501327872.00 36595159040.00 36687253504.00 36780720128.00 36873531392.00 36966019072.00 37058871296.00 37152145408.00 37244579840.00 37337030656.00 
37403148288.00 37524525056.00 37616918528.00 37709856768.00 37802274816.00 37895077888.00 37988265984.00 38081212416.00 38173433856.00 38267011072.00 38359007232.00 38452862976.00 38545317888.00 38638219264.00 38731661312.00 38823919616.00 38914883584.00 39010054144.00 39102906368.00 39195451392.00 
39287046144.00 39376588800.00 39474466816.00 39567216640.00 39659593728.00 39751290880.00 39845773312.00 39938650112.00 40031301632.00 40124686336.00 40216657920.00 40310120448.00 40401956864.00 40496185344.00 40588824576.00 40681566208.00 40774299648.00 40867672064.00 40960266240.00 41052663808.00 
41143271424.00 41238863872.00 41331630080.00 41424265216.00 41514934272.00 41612300288.00 41704095744.00 41796694016.00 41887334400.00 41982656512.00 42071777280.00 42167947264.00 42260721664.00 42353758208.00 42446458880.00 42539245568.00 42631766016.00 42724720640.00 42817753088.00 42909519872.00 
43002470400.00 43096408064.00 43189604352.00 43282579456.00 43374227456.00 43467526144.00 43560607744.00 43653517312.00 43746508800.00 43839647744.00 43931516928.00 44026068992.00 44118020096.00 44211224576.00 44304072704.00 44395261952.00 44489379840.00 44582555648.00 44675731456.00 44768382976.00 
44850270208.00 44954075136.00 45047189504.00 45139922944.00 45232640000.00 45325967360.00 45418958848.00 45511524352.00 45604069376.00 45697433600.00 45789585408.00 45882974208.00 45975654400.00 46068776960.00 46161477632.00 46254067712.00 46346080256.00 46439915520.00 46532608000.00 46624759808.00 
46684307456.00 46813249536.00 46905278464.00 46998478848.00 47090319360.00 47183360000.00 47276277760.00 47368867840.00 47462240256.00 47554760704.00 47647244288.00 47740727296.00 47831388160.00 47926861824.00 48019296256.00 48111837184.00 48204222464.00 48297492480.00 48391053312.00 48483766272.00 
48573829120.00 48669192192.00 48762900480.00 48855109632.00 48947896320.00 49039278080.00 49133760512.00 49226887168.00 49318498304.00 49412354048.00 49504681984.00 49598365696.00 49690636288.00 49782820864.00 49877336064.00 49969647616.00 50062229504.00 50155634688.00 50248167424.00 50340700160.00 
50432753664.00 50527084544.00 50619879424.00 50712887296.00 50803417088.00 50897985536.00 50991775744.00 51083665408.00 51177234432.00 51268288512.00 51359514624.00 51455709184.00 51548528640.00 51641942016.00 51734458368.00 51826946048.00 51920158720.00 52013326336.00 52105555968.00 52198703104.00 
52286111744.00 52384649216.00 52477628416.00 52570374144.00 52662820864.00 52755664896.00 52848631808.00 52941594624.00 53033816064.00 53126909952.00 53218738176.00 53309104128.00 53409505280.00 53500174336.00 53592854528.00 53683818496.00 53776093184.00 53871190016.00 53963771904.00 54056931328.00 
54148182016.00 54242041856.00 54335270912.00 54428446720.00 54520504320.00 54613536768.00 54706884608.00 54799491072.00 54892040192.00 54985416704.00 55077445632.00 55171104768.00 55262773248.00 55357136896.00 55449612288.00 55542300672.00 55635402752.00 55727091712.00 55821033472.00 55913865216.00 
55993057280.00 56099913728.00 56192757760.00 56285663232.00 56378449920.00 56471011328.00 56562819072.00 56656863232.00 56747855872.00 56843259904.00 56935067648.00 57028624384.00 57121112064.00 57214251008.00 57306963968.00 57398530048.00 57493344256.00 57586216960.00 57678913536.00 57771646976.00 
57863340032.00 57957240832.00 58050134016.00 58143387648.00 58235076608.00 58320379904.00 58421927936.00 58514722816.00 58607435776.00 58700468224.00 58792689664.00 58885861376.00 58979258368.00 59072434176.00 59164741632.00 59257757696.00 59350474752.00 59443404800.00 59536297984.00 59629187072.00 
59711066112.00 59815157760.00 59908399104.00 60000956416.00 60093415424.00 60185759744.00 60279443456.00 60372082688.00 60464676864.00 60558082048.00 60647485440.00 60743548928.00 60836511744.00 60929003520.00 61022441472.00 61115015168.00 61207064576.00 61300592640.00 61393596416.00 61486391296.00 
61578145792.00 61672288256.00 61764886528.00 61857882112.00 61949927424.00 62042501120.00 62133211136.00 62237700096.00 62324510720.00 62416879616.00 62508675072.00 62602035200.00 62692593664.00 62787665920.00 62880456704.00 62971576320.00 63065694208.00 63159128064.00 63252459520.00 63344615424.00 
63434821632.00 63530672128.00 63623200768.00 63716904960.00 63808831488.00 63901585408.00 63994929152.00 64087760896.00 64179499008.00 64273682432.00 64365907968.00 64459329536.00 64551780352.00 64644911104.00 64737628160.00 64830279680.00 64923480064.00 65016680448.00 65109467136.00 65201922048.00 
65288183808.00 65387687936.00 65480843264.00 65573560320.00 65664344064.00 65758920704.00 65854885888.00 65945485312.00 66038136832.00 66131144704.00 66223230976.00 66316451840.00 66409074688.00 66502520832.00 66594930688.00 66688106496.00 66780975104.00 66874351616.00 66967867392.00 67059728384.00 
67147075584.00 67245355008.00 67338182656.00 67431186432.00 67523788800.00 67615150080.00 67709308928.00 67800006656.00 67896270848.00 67988897792.00 68081041408.00 68174528512.00 68267048960.00 68360257536.00 68452986880.00 68545724416.00 68636545024.00 68732051456.00 68824326144.00 68917067776.00 
69008818176.00 69103550464.00 69195988992.00 69288812544.00 69380980736.00 69474336768.00 69567496192.00 69660508160.00 69752938496.00 69845450752.00 69921595392.00 70032261120.00 70123888640.00 70217891840.00 70310674432.00 70403186688.00 70496108544.00 70589390848.00 70682099712.00 70774947840.00 
70865100800.00 70960635904.00 71055671296.00 71146135552.00 71238918144.00 71331979264.00 71425916928.00 71517896704.00 71608614912.00 71703101440.00 71796162560.00 71889469440.00 71982465024.00 72075165696.00 72167620608.00 72259428352.00 72353292288.00 72446861312.00 72539783168.00 72632426496.00 
72723955712.00 72818008064.00 72911060992.00 73003982848.00 73095749632.00 73189318656.00 73282560000.00 73375531008.00 73468141568.00 73561210880.00 73653239808.00 73746825216.00 73839001600.00 73932120064.00 74025213952.00 74117709824.00 74210484224.00 74303479808.00 74395426816.00 74486472704.00 
74527424512.00 74679623680.00 74770448384.00 74862755840.00 74955268096.00 75047755776.00 75140923392.00 75233337344.00 75326013440.00 75420344320.00 75511504896.00 75605336064.00 75697479680.00 75790106624.00 75883520000.00 75976302592.00 76068298752.00 76162129920.00 76254912512.00 76348055552.00 
76439445504.00 76533514240.00 76626616320.00 76719333376.00 76811862016.00 76903464960.00 76997935104.00 77090455552.00 77183819776.00 77276684288.00 77368803328.00 77462339584.00 77553082368.00 77647822848.00 77741178880.00 77833625600.00 77926563840.00 78019469312.00 78112448512.00 78205411328.00 
78295580672.00 78391099392.00 78481563648.00 78577336320.00 78669594624.00 78762254336.00 78855421952.00 78948204544.00 79040208896.00 79134310400.00 79223693312.00 79319408640.00 79412682752.00 79505612800.00 79598616576.00 79691137024.00 79783641088.00 79874007040.00 79970557952.00 80063102976.00 
80154681344.00 80248872960.00 80341532672.00 80434659328.00 80525287424.00 80620396544.00 80713588736.00 80806494208.00 80898809856.00 80991584256.00 81084317696.00 81177731072.00 81269981184.00 81363329024.00 81456185344.00 81540243456.00 81641783296.00 81734451200.00 81826627584.00 81920581632.00 
82007990272.00 82106269696.00 82199166976.00 82291859456.00 82384764928.00 82477539328.00 82570428416.00 82663104512.00 82754863104.00 82859622400.00 82942689280.00 83035996160.00 83128123392.00 83221127168.00 83313754112.00 83406626816.00 83497492480.00 83592462336.00 83686211584.00 83778306048.00 
83864272896.00 83964059648.00 84056891392.00 84149444608.00 84242194432.00 84335345664.00 84428308480.00 84521320448.00 84613890048.00 84705001472.00 84799578112.00 84892884992.00 84984627200.00 85078360064.00 85171134464.00 85263925248.00 85356871680.00 85450317824.00 85542158336.00 85635915776.00 
85725929472.00 85821464576.00 85913944064.00 86000254976.00 86100516864.00 86191661056.00 86286123008.00 86379012096.00 86469566464.00 86564585472.00 86656794624.00 86750281728.00 86842892288.00 86935871488.00 87028817920.00 87121469440.00 87214112768.00 87307714560.00 87400448000.00 87493189632.00 
87584768000.00 87677411328.00 87772315648.00 87864975360.00 87956799488.00 88050483200.00 88143609856.00 88236523520.00 88329183232.00 88421818368.00 88511553536.00 88608014336.00 88699838464.00 88794103808.00 88886542336.00 88979218432.00 89072271360.00 89165225984.00 89258041344.00 89350963200.00 
89432825856.00 89536946176.00 89628966912.00 89723232256.00 89815195648.00 89907994624.00 90001104896.00 90093805568.00 90186407936.00 90279583744.00 90372186112.00 90465583104.00 90558267392.00 90653720576.00 90744111104.00 90835206144.00 90928914432.00 91022761984.00 91115773952.00 91208278016.00 
91300126720.00 91393925120.00 91486986240.00 91579924480.00 91672346624.00 91765383168.00 91858419712.00 91950252032.00 92043960320.00 92136701952.00 92229165056.00 92322799616.00 92413222912.00 92508127232.00 92601008128.00 92693348352.00 92786081792.00 92878831616.00 92970418176.00 93060431872.00 
93089538048.00 93257883648.00 93347667968.00 93439655936.00 93531832320.00 93624336384.00 93717356544.00 93810679808.00 93901824000.00 93994860544.00 94087847936.00 94182227968.00 94273626112.00 94367227904.00 94459600896.00 94552489984.00 94645051392.00 94738808832.00 94831222784.00 94923939840.00 
95015796736.00 95109791744.00 95202689024.00 95295627264.00 95386329088.00 95479668736.00 95574368256.00 95666438144.00 95759646720.00 95853060096.00 95944966144.00 96038617088.00 96130621440.00 96224501760.00 96316907520.00 96409870336.00 96502824960.00 96592470016.00 96688766976.00 96781950976.00 
96868966400.00 96967376896.00 97059790848.00 97152753664.00 97246109696.00 97338449920.00 97431494656.00 97524744192.00 97617149952.00 97710317568.00 97799708672.00 97895989248.00 97988501504.00 98082471936.00 98174771200.00 98267521024.00 98358288384.00 98453815296.00 98546171904.00 98639503360.00 
98730770432.00 98824691712.00 98917695488.00 99010650112.00 99103014912.00 99196035072.00 99288662016.00 99383369728.00 99475054592.00 99568164864.00 99660251136.00 99753689088.00 99845554176.00 99939221504.00 100032364544.00 100123525120.00 100217708544.00 100312653824.00 100403544064.00 100496891904.00 
100586790912.00 100681719808.00 100775354368.00 100868128768.00 100960870400.00 101053726720.00 101146877952.00 101239996416.00 101330337792.00 101424824320.00 101517115392.00 101619752960.00 101704630272.00 101797224448.00 101889744896.00 101982642176.00 102075400192.00 102168739840.00 102260563968.00 102354501632.00 
102440452096.00 102540132352.00 102632767488.00 102725754880.00 102817808384.00 102911361024.00 103004504064.00 103097360384.00 103190011904.00 103283130368.00 103375224832.00 103466360832.00 103561584640.00 103654621184.00 103747551232.00 103840137216.00 103933034496.00 104026275840.00 104118697984.00 104211857408.00 
104293695488.00 104397651968.00 104490786816.00 104583618560.00 104676179968.00 104760811520.00 104862048256.00 104955002880.00 105047138304.00 105140527104.00 105232924672.00 105326493696.00 105418752000.00 105512091648.00 105604825088.00 105697492992.00 105789562880.00 105883598848.00 105976332288.00 106069016576.00 
106160472064.00 106254352384.00 106345881600.00 106454310912.00 106535108608.00 106627358720.00 106720043008.00 106812891136.00 106905575424.00 106998644736.00 107087970304.00 107184488448.00 107275051008.00 107370037248.00 107463008256.00 107555364864.00 107648491520.00 107741200384.00 107834941440.00 107927281664.00 
108017164288.00 108112855040.00 108205662208.00 108299198464.00 108391194624.00 108484050944.00 108577275904.00 108670566400.00 108762202112.00 108855894016.00 108948193280.00 109041926144.00 109134405632.00 109227474944.00 109320151040.00 109411368960.00 109505044480.00 109599498240.00 109692059648.00 109784915968.00 
109876199424.00 109970481152.00 110063607808.00 110156136448.00 110246862848.00 110341070848.00 110434934784.00 110527823872.00 110620475392.00 110713110528.00 110805819392.00 110899060736.00 110991622144.00 111086608384.00 111177187328.00 111270395904.00 111363342336.00 111456313344.00 111548981248.00 111641452544.00 
111707291648.00 111828959232.00 111921348608.00 112013541376.00 112106864640.00 112199434240.00 112292601856.00 112385425408.00 112477872128.00 112570834944.00 112663371776.00 112756088832.00 112848814080.00 112943095808.00 113035296768.00 113128054784.00 113219174400.00 113313562624.00 113407361024.00 113499906048.00 
113591525376.00 113685594112.00 113778278400.00 113871257600.00 113963679744.00 114055536640.00 114149965824.00 114243387392.00 114335424512.00 114428526592.00 114520244224.00 114616795136.00 114706685952.00 114800369664.00 114893119488.00 114985705472.00 115078660096.00 115171999744.00 115264249856.00 115357745152.00 
115447652352.00 115543285760.00 115636158464.00 115729219584.00 115821633536.00 115914498048.00 116007780352.00 116100341760.00 116191232000.00 116286136320.00 116361781248.00 116472455168.00 116564901888.00 116656914432.00 116750622720.00 116843651072.00 116935901184.00 117028880384.00 117122097152.00 117215100928.00 
117306564608.00 117400944640.00 117493538816.00 117585141760.00 117678718976.00 117772312576.00 117865308160.00 117958352896.00 118050734080.00 118144122880.00 118236192768.00 118329352192.00 118422011904.00 118515884032.00 118608183296.00 118699540480.00 118793723904.00 118887358464.00 118979526656.00 119072768000.00 
119154475008.00 119258619904.00 119351009280.00 119442391040.00 119537106944.00 119629692928.00 119723180032.00 119815733248.00 119907926016.00 120001298432.00 120093507584.00 120186904576.00 120279793664.00 120373067776.00 120465227776.00 120558469120.00 120650539008.00 120744198144.00 120837013504.00 120930263040.00 
121016221696.00 121116041216.00 121208553472.00 121301598208.00 121394020352.00 121487081472.00 121580019712.00 121673023488.00 121765937152.00 121858678784.00 121951084544.00 122044473344.00 122135289856.00 122230431744.00 122322919424.00 122415439872.00 122508550144.00 122601709568.00 122694385664.00 122787659776.00 
122877460480.00 122972921856.00 123065663488.00 123158749184.00 123251146752.00 123342577664.00 123436826624.00 123529289728.00 123621040128.00 123714658304.00 123806089216.00 123898249216.00 123987574784.00 124057509888.00 124196610048.00 124279947264.00 124370305024.00 124462432256.00 124554821632.00 124647276544.00 
124738568192.00 124832808960.00 124925362176.00 125018046464.00 125108748288.00 125203537920.00 125296402432.00 125389537280.00 125482147840.00 125575086080.00 125664526336.00 125761224704.00 125852999680.00 125946830848.00 126039375872.00 126131929088.00 126225186816.00 126317666304.00 126410522624.00 126503673856.00 
126590910464.00 126689615872.00 126782242816.00 126875123712.00 126967808000.00 127060451328.00 127153840128.00 127246352384.00 127338807296.00 127432482816.00 127524585472.00 127618088960.00 127710871552.00 127803875328.00 127896567808.00 127980732416.00 128080363520.00 128174923776.00 128268263424.00 128360751104.00 
128452747264.00 128547094528.00 128639705088.00 128732667904.00 128824762368.00 128918290432.00 129011122176.00 129104158720.00 129196793856.00 129289830400.00 129382031360.00 129475035136.00 129567539200.00 129661403136.00 129754423296.00 129846673408.00 129939791872.00 130032885760.00 130125438976.00 130218360832.00 
130297602048.00 130404212736.00 130497044480.00 130590310400.00 130682896384.00 130775556096.00 130868707328.00 130961629184.00 131052322816.00 131147079680.00 131239452672.00 131332546560.00 131427082240.00 131519062016.00 131611770880.00 131704389632.00 131797098496.00 131890388992.00 131983368192.00 132075962368.00 
132167794688.00 132261568512.00 132354646016.00 132447592448.00 132539400192.00 132631552000.00 132726145024.00 132818903040.00 132910989312.00 133006090240.00 133097512960.00 133190754304.00 133283037184.00 133376565248.00 133470068736.00 133561999360.00 133655306240.00 133748219904.00 133840723968.00 133933580288.00 
134015614976.00 134120030208.00 134212132864.00 134305095680.00 134397861888.00 134490734592.00 134583730176.00 134676774912.00 134769057792.00 134862446592.00 134951837696.00 135048511488.00 135140704256.00 135233748992.00 135325507584.00 135421108224.00 135512154112.00 135606059008.00 135698759680.00 135791435776.00 
135882997760.00 135977353216.00 136070021120.00 136162754560.00 136255299584.00 136348262400.00 136441266176.00 136534581248.00 136626970624.00 136720162816.00 136812462080.00 136905809920.00 136996405248.00 137091268608.00 137185402880.00 137275834368.00 137370025984.00 137463316480.00 137555738624.00 137649684480.00 
137739042816.00 137834496000.00 137927655424.00 138020536320.00 138113269760.00 138205675520.00 138299129856.00 138391896064.00 138483548160.00 138577494016.00 138669768704.00 138763223040.00 138856087552.00 138948952064.00 139042439168.00 139134631936.00 139227103232.00 139320360960.00 139412717568.00 139505303552.00 
139564744704.00 139693785088.00 139785797632.00 139878383616.00 139969052672.00 140063834112.00 140156944384.00 140249645056.00 140342394880.00 140435521536.00 140527665152.00 140620824576.00 140713623552.00 140806717440.00 140899696640.00 140992249856.00 141085442048.00 141177978880.00 141271285760.00 141365248000.00 
141451575296.00 141549748224.00 141642596352.00 141735395328.00 141829390336.00 141919895552.00 142013874176.00 142107066368.00 142199472128.00 142292729856.00 142385479680.00 142478934016.00 142571651072.00 142664417280.00 142757265408.00 142849851392.00 142940782592.00 143035564032.00 143127592960.00 143222652928.00 
143313551360.00 143407955968.00 143500460032.00 143593619456.00 143685795840.00 143778742272.00 143871688704.00 143964700672.00 144057401344.00 144150708224.00 144240066560.00 144334700544.00 144428220416.00 144521969664.00 144614686720.00 144707092480.00 144800923648.00 144893607936.00 144986456064.00 145079468032.00 
145169416192.00 145267081216.00 145357684736.00 145450876928.00 145543462912.00 145635475456.00 145729503232.00 145821663232.00 145913266176.00 146007998464.00 146100420608.00 146193776640.00 146286936064.00 146379390976.00 146472337408.00 146563629056.00 146658000896.00 146751176704.00 146844254208.00 146938019840.00 
147028344832.00 147122503680.00 147215532032.00 147308331008.00 147399966720.00 147494141952.00 147586564096.00 147679690752.00 147772456960.00 147865223168.00 147957760000.00 148051214336.00 148143472640.00 148236877824.00 148329906176.00 148422000640.00 148514881536.00 148607614976.00 148699824128.00 148790902784.00 
148831879168.00 148984053760.00 149075116032.00 149167538176.00 149259649024.00 149352235008.00 149445132288.00 149538045952.00 149630386176.00 149723627520.00 149815967744.00 149909291008.00 150002237440.00 150095364096.00 150187163648.00 150280568832.00 150372646912.00 150464823296.00 150559850496.00 150651142144.00 
150743793664.00 150837968896.00 150931161088.00 151023484928.00 151116152832.00 151200858112.00 151302160384.00 151395450880.00 151487987712.00 151581196288.00 151673716736.00 151766843392.00 151857528832.00 151952310272.00 152045273088.00 152137711616.00 152230477824.00 152324276224.00 152416878592.00 152509825024.00 
152600051712.00 152693391360.00 152788271104.00 152881364992.00 152973934592.00 153066848256.00 153159598080.00 153247465472.00 153344819200.00 153438715904.00 153528287232.00 153624264704.00 153717047296.00 153810354176.00 153902759936.00 153995001856.00 154088128512.00 154181763072.00 154274398208.00 154367442944.00 
154458996736.00 154552778752.00 154645921792.00 154739163136.00 154829455360.00 154923843584.00 155016577024.00 155112177664.00 155203567616.00 155296645120.00 155388526592.00 155481948160.00 155574337536.00 155667529728.00 155760377856.00 155851751424.00 155946172416.00 156039086080.00 156132147200.00 156223946752.00 
156312469504.00 156410724352.00 156503654400.00 156596699136.00 156687941632.00 156782297088.00 156875440128.00 156967796736.00 157060284416.00 157154164736.00 157246046208.00 157339222016.00 157431742464.00 157525409792.00 157618012160.00 157711024128.00 157801775104.00 157899571200.00 157989519360.00 158082662400.00 
158168530944.00 158268522496.00 158360764416.00 158454120448.00 158546460672.00 158639751168.00 158732763136.00 158824955904.00 158918148096.00 159011094528.00 159103352832.00 159196839936.00 159288279040.00 159381716992.00 159469420544.00 159570968576.00 159662522368.00 159755223040.00 159847809024.00 159939772416.00 
160030539776.00 160126435328.00 160218890240.00 160311656448.00 160404389888.00 160495992832.00 160590282752.00 160683261952.00 160774127616.00 160868974592.00 160961396736.00 161055047680.00 161147682816.00 161240645632.00 161333673984.00 161426227200.00 161518977024.00 161611808768.00 161704984576.00 161796751360.00 
161889566720.00 161983365120.00 162076622848.00 162169110528.00 162261270528.00 162354921472.00 162447720448.00 162540683264.00 162633269248.00 162726461440.00 162801893376.00 162912403456.00 163004841984.00 163098345472.00 163190816768.00 163283632128.00 163376136192.00 163468836864.00 163562405888.00 163655434240.00 
163737403392.00 163840737280.00 163933929472.00 164026810368.00 164119609344.00 164212555776.00 164305338368.00 164398563328.00 164490821632.00 164584144896.00 164676550656.00 164770562048.00 164862492672.00 164955602944.00 165048352768.00 165139398656.00 165232852992.00 165325733888.00 165425283072.00 165513838592.00 
165605146624.00 165699076096.00 165791924224.00 165884723200.00 165977030656.00 166070239232.00 166163021824.00 166256099328.00 166348554240.00 166441762816.00 166534184960.00 166627393536.00 166718390272.00 166812270592.00 166906101760.00 166999080960.00 167092191232.00 167184482304.00 167277658112.00 167370407936.00 
167449624576.00 167556628480.00 167649263616.00 167742029824.00 167835287552.00 167927709696.00 168020492288.00 168113668096.00 168205418496.00 168299282432.00 168391573504.00 168484978688.00 168577777664.00 168670986240.00 168763899904.00 168856125440.00 168948695040.00 169042067456.00 169131032576.00 169229123584.00 
169320235008.00 169414197248.00 169507028992.00 169599893504.00 169690497024.00 169783738368.00 169877782528.00 169971286016.00 170063872000.00 170157408256.00 170249306112.00 170343104512.00 170435166208.00 170528325632.00 170621419520.00 170714103808.00 170806607872.00 170899767296.00 170993205248.00 171085824000.00 
171173347328.00 171271192576.00 171364204544.00 171457003520.00 171549736960.00 171642241024.00 171732336640.00 171829559296.00 171921489920.00 172014616576.00 172104335360.00 172200361984.00 172293259264.00 172386172928.00 172479021056.00 172571213824.00 172662489088.00 172756795392.00 172850593792.00 172943474688.00 
173035044864.00 173129269248.00 173221642240.00 173313835008.00 173407125504.00 173500088320.00 173592969216.00 173687668736.00 173779075072.00 173872660480.00 173964460032.00 174058733568.00 174149648384.00 174243561472.00 174336475136.00 174420918272.00 174522073088.00 174615281664.00 174707851264.00 174800601088.00 
174891270144.00 174986739712.00 175078768640.00 175172960256.00 175265267712.00 175357886464.00 175450980352.00 175543844864.00 175634661376.00 175730278400.00 175822077952.00 175915778048.00 176008249344.00 176100868096.00 176193830912.00 176287678464.00 176379707392.00 176473014272.00 176565485568.00 176659234816.00 
176744480768.00 176845455360.00 176937189376.00 177029758976.00 177121705984.00 177216208896.00 177308712960.00 177402003456.00 177494016000.00 177586995200.00 177679532032.00 177772986368.00 177865605120.00 177954930688.00 178051874816.00 178144313344.00 178237472768.00 178330370048.00 178423070720.00 178515869696.00 
178598002688.00 178702270464.00 178794856448.00 178887213056.00 178980077568.00 179071762432.00 179167739904.00 179258589184.00 179351502848.00 179445055488.00 179537215488.00 179627556864.00 179723288576.00 179816153088.00 179909165056.00 180001931264.00 180093992960.00 180187643904.00 180280688640.00 180373618688.00 
180465238016.00 180559282176.00 180652081152.00 180745846784.00 180837449728.00 180930609152.00 181024833536.00 181116682240.00 181209088000.00 181302673408.00 181391818752.00 181487763456.00 181578858496.00 181673721856.00 181766750208.00 181859352576.00 181952446464.00 182045458432.00 182137929728.00 182231089152.00 
182321397760.00 182416637952.00 182509649920.00 182602842112.00 182695362560.00 182788259840.00 182880796672.00 182974185472.00 183065837568.00 183159783424.00 183251845120.00 183344103424.00 183437934592.00 183531208704.00 183623434240.00 183714938880.00 183809097728.00 183901601792.00 183994499072.00 184088248320.00 
184179638272.00 184273977344.00 184367071232.00 184459395072.00 184550178816.00 184644730880.00 184737398784.00 184830558208.00 184922963968.00 185015992320.00 185107972096.00 185201262592.00 185293635584.00 185386303488.00 185478545408.00 185570328576.00 185662062592.00 185753305088.00 185842286592.00 185923452928.00 
185899991040.00 186156056576.00 186237091840.00 186326106112.00 186416611328.00 186508574720.00 186600701952.00 186693255168.00 186785038336.00 186878164992.00 186970177536.00 187063451648.00 187155873792.00 187249098752.00 187341750272.00 187434172416.00 187525021696.00 187620261888.00 187712454656.00 187805466624.00 
187897282560.00 187990949888.00 188084371456.00 188177809408.00 188269133824.00 188360753152.00 188456042496.00 188548366336.00 188640739328.00 188735356928.00 188826107904.00 188919578624.00 189011263488.00 189105209344.00 189198237696.00 189290463232.00 189383852032.00 189476749312.00 189569564672.00 189662363648.00 
189752868864.00 189848305664.00 189941088256.00 190033674240.00 190126735360.00 190219419648.00 190312579072.00 190405689344.00 190496047104.00 190591483904.00 190680547328.00 190777016320.00 190869667840.00 190962548736.00 191054282752.00 191148113920.00 191240781824.00 191333580800.00 191427018752.00 191520260096.00 
191611371520.00 191705825280.00 191798378496.00 191891619840.00 191982944256.00 192077135872.00 192170082304.00 192262881280.00 192355827712.00 192451837952.00 192541147136.00 192634241024.00 192726663168.00 192820723712.00 192911425536.00 193004257280.00 193098842112.00 193192181760.00 193284718592.00 193377239040.00 
193459273728.00 193563639808.00 193656225792.00 193748795392.00 193841594368.00 193934442496.00 194027323392.00 194124431360.00 194212823040.00 194306277376.00 194398486528.00 194492645376.00 194584723456.00 194677260288.00 194770419712.00 194862399488.00 194955657216.00 195049406464.00 195141943296.00 195234217984.00 
195321102336.00 195420078080.00 195513548800.00 195606593536.00 195698589696.00 195791290368.00 195885219840.00 195978313728.00 196070768640.00 196163616768.00 196255973376.00 196348903424.00 196440211456.00 196535336960.00 196628348928.00 196720738304.00 196813750272.00 196906434560.00 197000527872.00 197092622336.00 
197182930944.00 197278646272.00 197371166720.00 197464244224.00 197556781056.00 197641256960.00 197742755840.00 197835915264.00 197927583744.00 198020562944.00 198113705984.00 198206685184.00 198299598848.00 198391971840.00 198486409216.00 198578798592.00 198671106048.00 198765707264.00 198857441280.00 198950223872.00 
199041810432.00 199136067584.00 199228817408.00 199322435584.00 199412449280.00 199507329024.00 199600046080.00 199693221888.00 199785791488.00 199878836224.00 199968522240.00 200064679936.00 200156692480.00 200250015744.00 200346796032.00 200436137984.00 200529051648.00 200622587904.00 200715010048.00 200807858176.00 
200895119360.00 200993488896.00 201085894656.00 201179480064.00 201272360960.00 201364717568.00 201457532928.00 201551118336.00 201643229184.00 201736503296.00 201828909056.00 201921839104.00 202015113216.00 202108239872.00 202201268224.00 202292264960.00 202384441344.00 202479665152.00 202572169216.00 202665312256.00 
202756685824.00 202850222080.00 202948149248.00 203037343744.00 203129487360.00 203222761472.00 203315232768.00 203408343040.00 203500994560.00 203594285056.00 203686412288.00 203779768320.00 203871748096.00 203965628416.00 204058345472.00 204151259136.00 204243681280.00 204337315840.00 204429918208.00 204522651648.00 
204601999360.00 204709052416.00 204801490944.00 204894732288.00 204986597376.00 205079937024.00 205173014528.00 205267124224.00 205356630016.00 205452148736.00 205543931904.00 205637664768.00 205730119680.00 205823344640.00 205915930624.00 206008664064.00 206101037056.00 206194819072.00 206287323136.00 206380269568.00 
206471495680.00 206565326848.00 206653816832.00 206753366016.00 206844395520.00 206936408064.00 207030845440.00 207123595264.00 207216377856.00 207308668928.00 207401762816.00 207495217152.00 207587688448.00 207680798720.00 207773843456.00 207866331136.00 207959343104.00 208052338688.00 208145186816.00 208238542848.00 
208319807488.00 208423682048.00 208516628480.00 208610459648.00 208703045632.00 208795189248.00 208888463360.00 208981180416.00 209073405952.00 209166925824.00 209242832896.00 209353211904.00 209445617664.00 209538613248.00 209631379456.00 209723932672.00 209816076288.00 209910104064.00 210002575360.00 210095800320.00 
210187223040.00 210282610688.00 210374492160.00 210467389440.00 210559565824.00 210652577792.00 210745671680.00 210838863872.00 210931023872.00 211024134144.00 211116785664.00 211210452992.00 211300843520.00 211396182016.00 211488948224.00 211580026880.00 211674447872.00 211767492608.00 211860062208.00 211953123328.00 
212043087872.00 212139573248.00 212231356416.00 212323926016.00 212416577536.00 212507688960.00 212610072576.00 212697759744.00 212789264384.00 212882358272.00 212974665728.00 213068349440.00 213160755200.00 213254389760.00 213346451456.00 213439119360.00 213531951104.00 213625012224.00 213718401024.00 213810708480.00 
213897052160.00 213996503040.00 214089564160.00 214179971072.00 214273458176.00 214367862784.00 214461071360.00 214554034176.00 214647341056.00 214740140032.00 214831988736.00 214925295616.00 215017947136.00 215111319552.00 215203987456.00 215296524288.00 215391158272.00 215482859520.00 215575986176.00 215668457472.00 
215755849728.00 215855415296.00 215947165696.00 216040292352.00 216132730880.00 216223989760.00 216318836736.00 216411701248.00 216503599104.00 216597135360.00 216689344512.00 216782946304.00 216875646976.00 216966987776.00 217062801408.00 217154633728.00 217245696000.00 217340461056.00 217433391104.00 217526714368.00 
217617858560.00 217711820800.00 217804816384.00 217897713664.00 217989840896.00 218083704832.00 218176438272.00 218268762112.00 218361839616.00 218454999040.00 218544439296.00 218640531456.00 218732265472.00 218831601664.00 218919780352.00 219012202496.00 219104821248.00 219197865984.00 219290976256.00 219386150912.00 
219473739776.00 219569733632.00 219662221312.00 219755085824.00 219848654848.00 219941044224.00 220033974272.00 220126904320.00 220217425920.00 220312649728.00 220404514816.00 220498296832.00 220591177728.00 220684009472.00 220777037824.00 220861005824.00 220962291712.00 221055893504.00 221147742208.00 221241458688.00 
221332783104.00 221428072448.00 221519396864.00 221614768128.00 221704650752.00 221798514688.00 221892100096.00 221983965184.00 222076862464.00 222170284032.00 222261985280.00 222355750912.00 222448074752.00 222541185024.00 222634131456.00 222726422528.00 222819287040.00 222911627264.00 223004131328.00 223095341056.00 
223136120832.00 223288475648.00 223379488768.00 223471779840.00 223564070912.00 223656656896.00 223749373952.00 223842189312.00 223934889984.00 224027951104.00 224120422400.00 224214106112.00 224306380800.00 224399589376.00 224492535808.00 224584499200.00 224677085184.00 224771031040.00 224863485952.00 224956792832.00 
225048379392.00 225141391360.00 225234780160.00 225328480256.00 225419984896.00 225512374272.00 225607172096.00 225700233216.00 225792163840.00 225885585408.00 225977483264.00 226071478272.00 226161950720.00 226257895424.00 226349350912.00 226443264000.00 226535473152.00 226628239360.00 226721234944.00 226812035072.00 
226904555520.00 226999795712.00 227092742144.00 227185754112.00 227277946880.00 227371630592.00 227464364032.00 227557081088.00 227648929792.00 227744956416.00 227832578048.00 227928801280.00 228021764096.00 228114677760.00 228207591424.00 228300029952.00 228392452096.00 228485791744.00 228578639872.00 228671307776.00 
228763058176.00 228856627200.00 228951572480.00 229043421184.00 229134123008.00 229228789760.00 229321752576.00 229414895616.00 229507334144.00 229600444416.00 229692784640.00 229786370048.00 229878677504.00 229972295680.00 230065209344.00 230156124160.00 230249644032.00 230343704576.00 230436700160.00 230529351680.00 
230616875008.00 230713917440.00 230807961600.00 230901022720.00 230993674240.00 231086309376.00 231179386880.00 231272677376.00 231364853760.00 231458471936.00 231550533632.00 231643676672.00 231736541184.00 231829618688.00 231922171904.00 232015134720.00 232105967616.00 232201240576.00 232293498880.00 232385495040.00 
232445181952.00 232573976576.00 232666382336.00 232759115776.00 232851095552.00 232944058368.00 233036791808.00 233130246144.00 233222946816.00 233316319232.00 233408249856.00 233502048256.00 233593602048.00 233687547904.00 233780232192.00 233873080320.00 233965715456.00 234058825728.00 234151755776.00 234244947968.00 
234334830592.00 234429644800.00 234523492352.00 234615750656.00 234708697088.00 234799857664.00 234894082048.00 234988027904.00 235078647808.00 235173314560.00 235265982464.00 235359354880.00 235451777024.00 235544756224.00 235637817344.00 235730468864.00 235823120384.00 235916787712.00 236009422848.00 236102189056.00 
236193611776.00 236287721472.00 236380749824.00 236473466880.00 236565217280.00 236657967104.00 236753649664.00 236845678592.00 236937969664.00 237031096320.00 237120372736.00 237216514048.00 237308968960.00 237402685440.00 237495582720.00 237587955712.00 237680902144.00 237774110720.00 237866926080.00 237959069696.00 
238041759744.00 238145880064.00 238238466048.00 238330920960.00 238423359488.00 238516813824.00 238608957440.00 238702575616.00 238795358208.00 238888517632.00 238980595712.00 239073263616.00 239167635456.00 239260532736.00 239352922112.00 239444164608.00 239537684480.00 239631728640.00 239724494848.00 239817654272.00 
239909060608.00 240003481600.00 240095838208.00 240189227008.00 240281354240.00 240374300672.00 240467542016.00 240560472064.00 240652009472.00 240746774528.00 240838557696.00 240932093952.00 241022550016.00 241117855744.00 241210540032.00 241303093248.00 241395941376.00 241488674816.00 241582194688.00 241675075584.00 
241754030080.00 241861296128.00 241953800192.00 242046468096.00 242138857472.00 242232033280.00 242324733952.00 242418089984.00 242509512704.00 242604310528.00 242696126464.00 242789449728.00 242882363392.00 242975162368.00 243068059648.00 243160465408.00 243253510144.00 243346685952.00 243439763456.00 243532152832.00 
243624099840.00 243718684672.00 243810795520.00 243904741376.00 243994738688.00 244081115136.00 244182466560.00 244275478528.00 244368211968.00 244461322240.00 244553220096.00 244647100416.00 244739489792.00 244832681984.00 244925284352.00 245018427392.00 245110964224.00 245204369408.00 245297168384.00 245389721600.00 
245477376000.00 245575680000.00 245668593664.00 245761916928.00 245853847552.00 245946712064.00 246039822336.00 246132801536.00 246225043456.00 246317776896.00 246408085504.00 246504194048.00 246596747264.00 246689906688.00 246782574592.00 246875357184.00 246966435840.00 247061266432.00 247153836032.00 247246667776.00 
247337975808.00 247432331264.00 247524442112.00 247617044480.00 247708008448.00 247798972416.00 247882629120.00 248021696512.00 248091426816.00 248181211136.00 248271831040.00 248364990464.00 248456200192.00 248549834752.00 248642289664.00 248733302784.00 248827871232.00 248920473600.00 249013321728.00 249106432000.00 
249196232704.00 249291636736.00 249384812544.00 249477644288.00 249570312192.00 249663176704.00 249756008448.00 249848971264.00 249939755008.00 250034814976.00 250127056896.00 250220642304.00 250312949760.00 250406125568.00 250499006464.00 250591494144.00 250684227584.00 250777632768.00 250870546432.00 250963378176.00 
251049328640.00 251149090816.00 251242020864.00 251335196672.00 251426603008.00 251520172032.00 251614003200.00 251706359808.00 251799273472.00 251892416512.00 251984609280.00 252078080000.00 252170321920.00 252263612416.00 252355903488.00 252449226752.00 252541632512.00 252636971008.00 252728000512.00 252820848640.00 
252902686720.00 253006626816.00 253099753472.00 253192060928.00 253285171200.00 253376364544.00 253470916608.00 253563437056.00 253656317952.00 253749903360.00 253841801216.00 253935124480.00 254028185600.00 254120951808.00 254213668864.00 254306369536.00 254398726144.00 254494310400.00 254585667584.00 254678171648.00 
254770118656.00 254864637952.00 254957092864.00 255050334208.00 255142641664.00 255235096576.00 255328567296.00 255422529536.00 255514099712.00 255606947840.00 255682674688.00 255793152000.00 255883952128.00 255979061248.00 256071368704.00 256164462592.00 256257343488.00 256350519296.00 256443285504.00 256535838720.00 
256626491392.00 256721649664.00 256815169536.00 256907542528.00 257000161280.00 257092960256.00 257186217984.00 257278967808.00 257370521600.00 257462616064.00 257557872640.00 257650868224.00 257743437824.00 257835761664.00 257929265152.00 258020458496.00 258114519040.00 258207891456.00 258300723200.00 258393784320.00 
258485338112.00 258579349504.00 258672001024.00 258765701120.00 258855944192.00 258950610944.00 259044065280.00 259136241664.00 259230007296.00 259323363328.00 259414654976.00 259508617216.00 259600400384.00 259693772800.00 259786604544.00 259879288832.00 259972120576.00 260065820672.00 260157882368.00 260250288128.00 
260316135424.00 260437983232.00 260529995776.00 260623204352.00 260715577344.00 260808425472.00 260901912576.00 260992532480.00 261086969856.00 261180112896.00 261272223744.00 261366087680.00 261458427904.00 261551603712.00 261644173312.00 261737709568.00 261828345856.00 261923192832.00 262015598592.00 262108856320.00 
262200573952.00 262294355968.00 262387286016.00 262479659008.00 262573260800.00 262664634368.00 262758809600.00 262851756032.00 262944423936.00 263037370368.00 263129743360.00 263223394304.00 263315210240.00 263409221632.00 263502053376.00 263594786816.00 263687897088.00 263780352000.00 263873478656.00 263966408704.00 
264056782848.00 264152154112.00 264244264960.00 264337686528.00 264430567424.00 264523366400.00 264616165376.00 264709505024.00 264800010240.00 264895234048.00 264984461312.00 265080963072.00 265173303296.00 265266298880.00 265359163392.00 265451536384.00 265543254016.00 265624977408.00 265733259264.00 265825075200.00 
265916235776.00 266010394624.00 266102996992.00 266195828736.00 266287529984.00 266381410304.00 266474340352.00 266567221248.00 266660200448.00 266752966656.00 266845143040.00 266938728448.00 267031183360.00 267124604928.00 267217207296.00 267301502976.00 267402690560.00 267495751680.00 267588517888.00 267681562624.00 
267763761152.00 267867537408.00 267960418304.00 268053135360.00 268145934336.00 268238585856.00 268331565056.00 268424527872.00 268517015552.00 268612993024.00 268702793728.00 268796493824.00 268888899584.00 268981862400.00 269074432000.00 269167345664.00 269259390976.00 269353598976.00 269446414336.00 269539016704.00 
269625098240.00 269724909568.00 269818675200.00 269910474752.00 270003044352.00 270096105472.00 270189510656.00 270281932800.00 270374371328.00 270459650048.00 270560903168.00 270654570496.00 270744633344.00 270839431168.00 270932525056.00 271024881664.00 271118221312.00 271211315200.00 271303671808.00 271397634048.00 
271487221760.00 271582543872.00 271675736064.00 271766601728.00 271861350400.00 271952297984.00 272047063040.00 272139976704.00 272231432192.00 272325443584.00 272417914880.00 272511139840.00 272603725824.00 272695951360.00 272790634496.00 272882974720.00 272975249408.00 273068785664.00 273161273344.00 273254498304.00 
273345986560.00 273439719424.00 273533108224.00 273625513984.00 273716772864.00 273811210240.00 273904386048.00 273996759040.00 274090655744.00 274183290880.00 274272976896.00 274369134592.00 274461409280.00 274554552320.00 274647547904.00 274740248576.00 274832605184.00 274926436352.00 275019268096.00 275112001536.00 
275199393792.00 275297271808.00 275390464000.00 275486900224.00 275576422400.00 275668828160.00 275762511872.00 275854753792.00 275947847680.00 276040908800.00 276132921344.00 276226572288.00 276319272960.00 276412923904.00 276504805376.00 276596228096.00 276688371712.00 276783824896.00 276876460032.00 276969652224.00 
277060812800.00 277155348480.00 277247819776.00 277340749824.00 277433286656.00 277526216704.00 277619638272.00 277712044032.00 277805137920.00 277896888320.00 277990309888.00 278084222976.00 278175612928.00 278268772352.00 278361800704.00 278454665216.00 278547136512.00 278639738880.00 278731423744.00 278821404672.00 
278850437120.00 279018864640.00 279108780032.00 279200432128.00 279292936192.00 279385374720.00 279478370304.00 279571038208.00 279661805568.00 279756800000.00 279848943616.00 279942496256.00 280034672640.00 280129273856.00 280220696576.00 280313528320.00 280406130688.00 280499716096.00 280592023552.00 280685412352.00 
280776540160.00 280870879232.00 280963678208.00 281056575488.00 281148686336.00 281240567808.00 281335365632.00 281425903616.00 281520537600.00 281613991936.00 281705742336.00 281799458816.00 281892290560.00 281985318912.00 282077790208.00 282170687488.00 282263781376.00 282355957760.00 282450132992.00 282542604288.00 
282624458752.00 282728366080.00 282820935680.00 282914095104.00 283006697472.00 283099856896.00 283192590336.00 283285291008.00 283378417664.00 283471216640.00 283561132032.00 283657338880.00 283749646336.00 283843035136.00 283935604736.00 284028436480.00 284120285184.00 284214362112.00 284306866176.00 284401926144.00 
284492103680.00 284585820160.00 284678881280.00 284771287040.00 284864282624.00 284957343744.00 285050273792.00 285143531520.00 285236166656.00 285329162240.00 285421273088.00 285514530816.00 285605494784.00 285700423680.00 285793091584.00 285884448768.00 285978525696.00 286078894080.00 286165237760.00 286258003968.00 
286347722752.00 286443208704.00 286537121792.00 286629036032.00 286722392064.00 286814830592.00 286908219392.00 287001116672.00 287092736000.00 287186354176.00 287278202880.00 287374180352.00 287464882176.00 287557943296.00 287650414592.00 287743246336.00 287836241920.00 287930023936.00 288022429696.00 288115228672.00 
288201441280.00 288301023232.00 288393199616.00 288486817792.00 288577421312.00 288672284672.00 288765313024.00 288858210304.00 288950583296.00 289043152896.00 289135525888.00 289219706880.00 289323417600.00 289416085504.00 289508917248.00 289601191936.00 289694056448.00 289787346944.00 289880276992.00 289972912128.00 
290060304384.00 290158870528.00 290252324864.00 290344796160.00 290437201920.00 290521612288.00 290623160320.00 290715828224.00 290808496128.00 290901622784.00 290993799168.00 291087974400.00 291179986944.00 291273113600.00 291365814272.00 291458154496.00 291549970432.00 291644571648.00 291737468928.00 291830202368.00 
291922182144.00 292016324608.00 292108697600.00 292205559808.00 292294950912.00 292387520512.00 292480417792.00 292573642752.00 292666310656.00 292759863296.00 292848893952.00 292945199104.00 293037113344.00 293131124736.00 293223759872.00 293316591616.00 293409325056.00 293501796352.00 293597380608.00 293688180736.00 
293778325504.00 293874335744.00 293966905344.00 294059638784.00 294152208384.00 294245007360.00 294338232320.00 294432014336.00 294521995264.00 294617022464.00 294709231616.00 294802554880.00 294894862336.00 294988939264.00 295081050112.00 295172472832.00 295266385920.00 295360397312.00 295452770304.00 295545962496.00 
295637352448.00 295731265536.00 295824293888.00 295917125632.00 296008744960.00 296102559744.00 296195522560.00 296289370112.00 296381448192.00 296474050560.00 296566652928.00 296659025920.00 296752316416.00 296846163968.00 296938078208.00 297031139328.00 297123577856.00 297216802816.00 297308717056.00 297399582720.00 
297440804864.00 297592782848.00 297684074496.00 297775988736.00 297868787712.00 297961226240.00 298054385664.00 298146824192.00 298239393792.00 298332553216.00 298424795136.00 298518118400.00 298610622464.00 298703585280.00 298796548096.00 298889543680.00 298981359616.00 299075338240.00 299168006144.00 299261460480.00 
299352588288.00 299446829056.00 299539759104.00 299632459776.00 299724898304.00 299816648704.00 299911741440.00 300003950592.00 300096454656.00 300190105600.00 300282118144.00 300376293376.00 300466339840.00 300561399808.00 300653314048.00 300746571776.00 300839829504.00 300933087232.00 301023526912.00 301118455808.00 
301208764416.00 301304315904.00 301397147648.00 301489913856.00 301582647296.00 301675773952.00 301768474624.00 301861863424.00 301953581056.00 302047297536.00 302122991616.00 302233911296.00 302326054912.00 302418591744.00 302511783936.00 302604189696.00 302697283584.00 302790803456.00 302883078144.00 302975582208.00 
303068053504.00 303162327040.00 303255027712.00 303347302400.00 303438299136.00 303532965888.00 303625732096.00 303719317504.00 303811657728.00 303904456704.00 303996960768.00 304090578944.00 304182198272.00 304279027712.00 304369926144.00 304460726272.00 304554868736.00 304647897088.00 304740761600.00 304833855488.00 
304921313280.00 305019355136.00 305111302144.00 305205018624.00 305297817600.00 305390714880.00 305484201984.00 305577066496.00 305669013504.00 305762893824.00 305855266816.00 305948590080.00 306040799232.00 306133991424.00 306224431104.00 306320048128.00 306410389504.00 306505842688.00 306598215680.00 306691735552.00 
306777456640.00 306877464576.00 306969542656.00 307062734848.00 307154812928.00 307248529408.00 307341361152.00 307434291200.00 307527057408.00 307619987456.00 307712229376.00 307805782016.00 307897925632.00 307991642112.00 308084310016.00 308177076224.00 308270039040.00 308362412032.00 308456062976.00 308548927488.00 
308639432704.00 308734427136.00 308826800128.00 308920254464.00 309013643264.00 309104181248.00 309199110144.00 309291778048.00 309382250496.00 309477081088.00 309568864256.00 309662711808.00 309754527744.00 309841821696.00 309945794560.00 310036332544.00 310128410624.00 310221307904.00 310314237952.00 310407135232.00 
310498295808.00 310592667648.00 310685630464.00 310778888192.00 310869819392.00 310963568640.00 311056367616.00 311149821952.00 311242129408.00 311335682048.00 311424909312.00 311521116160.00 311613587456.00 311707369472.00 311799742464.00 311893196800.00 311985373184.00 312078139392.00 312171003904.00 312264392704.00 
312346279936.00 312450252800.00 312542691328.00 312635490304.00 312728453120.00 312821055488.00 312914870272.00 313006850048.00 313098633216.00 313193267200.00 313285574656.00 313378701312.00 313471696896.00 313564495872.00 313657131008.00 313741574144.00 313841811456.00 313935855616.00 314029015040.00 314122010624.00 
314213466112.00 314307870720.00 314400276480.00 314493239296.00 314584956928.00 314680049664.00 314772324352.00 314864992256.00 314957561856.00 315050786816.00 315142799360.00 315236253696.00 315327512576.00 315422408704.00 315516321792.00 315607842816.00 315700641792.00 315793866752.00 315886436352.00 315979235328.00 
316058468352.00 316165783552.00 316258123776.00 316351938560.00 316443328512.00 316536651776.00 316629319680.00 316722216960.00 316814524416.00 316908339200.00 317000646656.00 317093838848.00 317187031040.00 317279600640.00 317372137472.00 317465165824.00 317557899264.00 317650796544.00 317744054272.00 317837344768.00 
317928636416.00 318022844416.00 318115545088.00 318208016384.00 318299078656.00 318392270848.00 318486478848.00 318579179520.00 318669717504.00 318770577408.00 318859313152.00 318952898560.00 319044780032.00 319137513472.00 319230541824.00 319322882048.00 319416107008.00 319508480000.00 319601770496.00 319694766080.00 
319781830656.00 319880232960.00 319973556224.00 320066256896.00 320158564352.00 320251953152.00 320344686592.00 320437420032.00 320529760256.00 320623771648.00 320713129984.00 320811008000.00 320901808128.00 320995885056.00 321087242240.00 321181024256.00 321271398400.00 321366425600.00 321459159040.00 321552285696.00 
321643773952.00 321738473472.00 321830780928.00 321923710976.00 322016083968.00 322109243392.00 322201878528.00 322296446976.00 322388328448.00 322480766976.00 322573795328.00 322667413504.00 322758901760.00 322852192256.00 322945318912.00 323036872704.00 323131441152.00 323224305664.00 323316383744.00 323410198528.00 
323500277760.00 323595927552.00 323688202240.00 323781722112.00 323874422784.00 323966566400.00 324059758592.00 324152557568.00 324243521536.00 324338417664.00 324430692352.00 324524605440.00 324616585216.00 324710203392.00 324802707456.00 324895342592.00 324987846656.00 325081038848.00 325174099968.00 325265981440.00 
325325520896.00 325454528512.00 325546737664.00 325639340032.00 325731287040.00 325824774144.00 325917999104.00 326010339328.00 326103072768.00 326196330496.00 326288375808.00 326381797376.00 326474334208.00 326568181760.00 326659899392.00 326752894976.00 326846251008.00 326939574272.00 327032078336.00 327125401600.00 
327207026688.00 327311032320.00 327403044864.00 327496761344.00 327589298176.00 327680720896.00 327774732288.00 327868153856.00 327960428544.00 328053653504.00 328146485248.00 328239480832.00 328332378112.00 328425799680.00 328518467584.00 328611102720.00 328702853120.00 328796962816.00 328889532416.00 328982953984.00 
329074442240.00 329169829888.00 329261940736.00 329354739712.00 329446686720.00 329539878912.00 329632645120.00 329725542400.00 329818210304.00 329911140352.00 330000728064.00 330096345088.00 330187702272.00 330282729472.00 330375135232.00 330466492416.00 330564042752.00 330654941184.00 330747248640.00 330840571904.00 
330930814976.00 331026530304.00 331119460352.00 331211833344.00 331304239104.00 331397267456.00 331490328576.00 331583455232.00 331675435008.00 331769282560.00 331861458944.00 331954552832.00 332047319040.00 332140576768.00 332233605120.00 332324831232.00 332418580480.00 332512362496.00 332604735488.00 332702711808.00 
332789678080.00 332884180992.00 332976455680.00 333069090816.00 333159956480.00 333254918144.00 333347520512.00 333441269760.00 333533184000.00 333626081280.00 333719306240.00 333812432896.00 333904707584.00 333997867008.00 334090797056.00 334183890944.00 334276362240.00 334369619968.00 334461829120.00 334554529792.00 
334620590080.00 334742290432.00 334834532352.00 334927036416.00 335019999232.00 335112699904.00 335205793792.00 335298494464.00 335390932992.00 335484321792.00 335576793088.00 335669723136.00 335762751488.00 335856467968.00 335948251136.00 336041246720.00 336132440064.00 336226975744.00 336319873024.00 336408838144.00 
336504520704.00 336598925312.00 336691462144.00 336784588800.00 336876896256.00 336962158592.00 337063116800.00 337156046848.00 337249501184.00 337341743104.00 337433985024.00 337528193024.00 337619156992.00 337712971776.00 337806524416.00 337898504192.00 337989926912.00 338086133760.00 338178048000.00 338270683136.00 
338360991744.00 338455953408.00 338549604352.00 338642468864.00 338735202304.00 338828034048.00 338920538112.00 339012386816.00 339104268288.00 339199295488.00 339288719360.00 339384565760.00 339476873216.00 339571376128.00 339663650816.00 339756187648.00 339848822784.00 339941752832.00 340035272704.00 340128169984.00 
340219789312.00 340312621056.00 340407353344.00 340499333120.00 340591247360.00 340684734464.00 340777828352.00 340873150464.00 340964212736.00 341057404928.00 341149155328.00 341243035648.00 341334884352.00 341428174848.00 341521334272.00 341612855296.00 341707325440.00 341800058880.00 341893021696.00 341985624064.00 
342067478528.00 342171811840.00 342264446976.00 342357245952.00 342449815552.00 342542712832.00 342635905024.00 342729097216.00 342820880384.00 342914596864.00 343006838784.00 343100063744.00 343191126016.00 343286513664.00 343379476480.00 343471685632.00 343563796480.00 343658430464.00 343750377472.00 343843471360.00 
343929978880.00 344029233152.00 344121868288.00 344214536192.00 344307564544.00 344400003072.00 344493817856.00 344586387456.00 344679088128.00 344771362816.00 344864129024.00 344957845504.00 345048678400.00 345143377920.00 345234997248.00 345330024448.00 345422266368.00 345515098112.00 345608486912.00 345700663296.00 
345791266816.00 345887211520.00 345979781120.00 346072481792.00 346164527104.00 346256408576.00 346351042560.00 346443382784.00 346535723008.00 346630127616.00 346722009088.00 346815692800.00 346908000256.00 347000045568.00 347094810624.00 347186757632.00 347279327232.00 347373109248.00 347465940992.00 347558346752.00 
347649933312.00 347743485952.00 347838644224.00 347930198016.00 348020539392.00 348116090880.00 348208136192.00 348301328384.00 348394029056.00 348487188480.00 348563243008.00 348673638400.00 348765847552.00 348858679296.00 348952100864.00 349043851264.00 349137108992.00 349230202880.00 349323198464.00 349415866368.00 
349503750144.00 349601792000.00 349695115264.00 349787914240.00 349880025088.00 349974036480.00 350066409472.00 350160191488.00 350251483136.00 350345068544.00 350437441536.00 350531059712.00 350623596544.00 350716100608.00 350809128960.00 350900879360.00 350992728064.00 351087165440.00 351182225408.00 351273713664.00 
351365627904.00 351459311616.00 351552831488.00 351645761536.00 351738036224.00 351830835200.00 351923863552.00 352016924672.00 352109133824.00 352202227712.00 352295419904.00 352388218880.00 352480526336.00 352574177280.00 352667140096.00 352759840768.00 352852279296.00 352945700864.00 353038499840.00 353131954176.00 
353210335232.00 353317650432.00 353410547712.00 353502887936.00 353595424768.00 353688977408.00 353781022720.00 353874640896.00 353965211648.00 354059878400.00 354152251392.00 354246066176.00 354338603008.00 354431533056.00 354525347840.00 354616672256.00 354709635072.00 354803515392.00 354894807040.00 354988720128.00 
355080241152.00 355175071744.00 355267182592.00 355359588352.00 355452518400.00 355544268800.00 355637100544.00 355732357120.00 355824566272.00 355917627392.00 356009803776.00 356104929280.00 356195958784.00 356288856064.00 356382310400.00 356474945536.00 356567515136.00 356661035008.00 356753440768.00 356846567424.00 
356928520192.00 357032230912.00 357124997120.00 357217828864.00 357310988288.00 357402902528.00 357495701504.00 357590138880.00 357682020352.00 357774721024.00 357864669184.00 357960679424.00 358054395904.00 358146801664.00 358239666176.00 358332137472.00 358424215552.00 358517178368.00 358611386368.00 358703955968.00 
358795608064.00 358889095168.00 358980976640.00 359075414016.00 359167721472.00 359260913664.00 359353548800.00 359447232512.00 359539933184.00 359632863232.00 359725465600.00 359821443072.00 359909163008.00 360003174400.00 360096628736.00 360181268480.00 360282947584.00 360375975936.00 360468348928.00 360561770496.00 
360651227136.00 360746811392.00 360839806976.00 360933031936.00 361025372160.00 361118564352.00 361211854848.00 361304096768.00 361396109312.00 361490776064.00 361582559232.00 361675751424.00 361769271296.00 361861513216.00 361954377728.00 362047373312.00 362139353088.00 362233364480.00 362326097920.00 362419519488.00 
362504454144.00 362605117440.00 362697392128.00 362790420480.00 362881155072.00 362975625216.00 363069112320.00 363164073984.00 363254382592.00 363347214336.00 363439521792.00 363532550144.00 363625676800.00 363718148096.00 363812225024.00 363904860160.00 363997429760.00 364090884096.00 364182929408.00 364276514816.00 
364363743232.00 364461883392.00 364554584064.00 364647546880.00 364740706304.00 364831670272.00 364927090688.00 365019201536.00 365111967744.00 365204897792.00 365297762304.00 365390004224.00 365483261952.00 365576552448.00 365669416960.00 365762150400.00 365853147136.00 365947125760.00 366041169920.00 366132887552.00 
366225358848.00 366319108096.00 366411710464.00 366505000960.00 366597439488.00 366690533376.00 366783692800.00 366876459008.00 366968963072.00 367062188032.00 367151415296.00 367247327232.00 367339634688.00 367433908224.00 367525691392.00 367619080192.00 367711223808.00 367805595648.00 367897313280.00 367990767616.00 
368080322560.00 368176267264.00 368268902400.00 368361996288.00 368454664192.00 368546873344.00 368640163840.00 368732798976.00 368823861248.00 368919412736.00 369010671616.00 369103667200.00 369196335104.00 369289887744.00 369382490112.00 369473650688.00 369567367168.00 369660723200.00 369753620480.00 369845927936.00 
369937612800.00 370031001600.00 370123866112.00 370216599552.00 370308022272.00 370400722944.00 370493652992.00 370586255360.00 370678333440.00 370770608128.00 370861735936.00 370954960896.00 371045531648.00 371137052672.00 371228147712.00 371317374976.00 371405783040.00 371491176448.00 371568541696.00 371615137792.00 
end   dump: w
==END   DUMP_ARRAYS==
Time in seconds = 0.081742
