Sender: LSF System <lsfadmin@polus-c3-ib.bmc.hpc.cs.msu.ru>
Subject: Job 494133: <./extra.o> in cluster <MSUCluster> Done

Job <./extra.o> was submitted from host <polus-ib.bmc.hpc.cs.msu.ru> by user <edu-cmc-skpod19-328-11> in cluster <MSUCluster> at Fri Nov 29 23:41:33 2019
Job was executed on host(s) <polus-c3-ib.bmc.hpc.cs.msu.ru>, in queue <short>, as user <edu-cmc-skpod19-328-11> in cluster <MSUCluster> at Fri Nov 29 23:41:42 2019
</home_edu/edu-cmc-skpod19-328/edu-cmc-skpod19-328-11> was used as the home directory.
</home_edu/edu-cmc-skpod19-328/edu-cmc-skpod19-328-11/dep_gemver> was used as the working directory.
Started at Fri Nov 29 23:41:42 2019
Terminated at Fri Nov 29 23:41:44 2019
Results reported at Fri Nov 29 23:41:44 2019

Your job looked like:

------------------------------------------------------------
# LSBATCH: User input
./extra.o
------------------------------------------------------------

Successfully completed.

Resource usage summary:

    CPU time :                                   13.79 sec.
    Max Memory :                                 44 MB
    Average Memory :                             30.67 MB
    Total Requested Memory :                     -
    Delta Memory :                               -
    Max Swap :                                   2 MB
    Max Processes :                              3
    Max Threads :                                4
    Run time :                                   1 sec.
    Turnaround time :                            11 sec.

The output (if any) follows:

==BEGIN DUMP_ARRAYS==
begin dump: w
0.00 0.00 0.00 0.00 0.00 0.00 0.00 0.00 0.00 0.00 0.00 0.00 0.00 0.00 0.00 0.00 0.00 0.00 0.00 0.00 
0.00 0.00 0.00 0.00 0.00 0.00 0.00 0.00 0.00 0.00 0.00 0.00 0.00 0.00 0.00 0.00 0.00 0.00 0.00 0.00 
0.00 0.00 0.00 0.00 0.00 0.00 0.00 0.00 0.00 0.00 0.00 0.00 0.00 0.00 0.00 0.00 0.00 0.00 0.00 0.00 
0.00 0.00 0.00 0.00 0.00 0.00 0.00 0.00 0.00 0.00 0.00 0.00 0.00 0.00 0.00 0.00 0.00 0.00 0.00 0.00 
0.00 0.00 0.00 0.00 0.00 0.00 0.00 0.00 0.00 0.00 0.00 0.00 0.00 0.00 0.00 0.00 0.00 0.00 0.00 0.00 
0.00 0.00 0.00 0.00 0.00 0.00 0.00 0.00 0.00 0.00 0.00 0.00 0.00 0.00 0.00 0.00 0.00 0.00 0.00 0.00 
0.00 0.00 0.00 0.00 0.00 0.00 0.00 0.00 0.00 0.00 0.00 0.00 0.00 0.00 0.00 0.00 0.00 0.00 0.00 0.00 
0.00 0.00 0.00 0.00 0.00 0.00 0.00 0.00 0.00 0.00 0.00 0.00 0.00 0.00 0.00 0.00 0.00 0.00 0.00 0.00 
0.00 0.00 0.00 0.00 0.00 0.00 0.00 0.00 0.00 0.00 0.00 0.00 0.00 0.00 0.00 0.00 0.00 0.00 0.00 0.00 
0.00 0.00 0.00 0.00 0.00 0.00 0.00 0.00 0.00 0.00 0.00 0.00 0.00 0.00 0.00 0.00 0.00 0.00 0.00 0.00 
0.00 0.00 0.00 0.00 0.00 0.00 0.00 0.00 0.00 0.00 0.00 0.00 0.00 0.00 0.00 0.00 0.00 0.00 0.00 0.00 
0.00 0.00 0.00 0.00 0.00 0.00 0.00 0.00 0.00 0.00 0.00 0.00 0.00 0.00 0.00 0.00 0.00 0.00 0.00 0.00 
0.00 0.00 0.00 0.00 0.00 0.00 0.00 0.00 0.00 0.00 0.00 0.00 0.00 0.00 0.00 0.00 0.00 0.00 0.00 0.00 
0.00 0.00 0.00 0.00 0.00 0.00 0.00 0.00 0.00 0.00 0.00 0.00 0.00 0.00 0.00 0.00 0.00 0.00 0.00 0.00 
0.00 0.00 0.00 0.00 0.00 0.00 0.00 0.00 0.00 0.00 0.00 0.00 0.00 0.00 0.00 0.00 0.00 0.00 0.00 0.00 
0.00 0.00 0.00 0.00 0.00 0.00 0.00 0.00 0.00 0.00 0.00 0.00 0.00 0.00 0.00 0.00 0.00 0.00 0.00 0.00 
0.00 0.00 0.00 0.00 0.00 0.00 0.00 0.00 0.00 0.00 0.00 0.00 0.00 0.00 0.00 0.00 0.00 0.00 0.00 0.00 
0.00 0.00 0.00 0.00 0.00 0.00 0.00 0.00 0.00 0.00 0.00 0.00 0.00 0.00 0.00 0.00 0.00 0.00 0.00 0.00 
0.00 0.00 0.00 0.00 0.00 0.00 0.00 0.00 0.00 0.00 0.00 0.00 0.00 0.00 0.00 0.00 0.00 0.00 0.00 0.00 
0.00 0.00 0.00 0.00 0.00 0.00 0.00 0.00 0.00 0.00 0.00 0.00 0.00 0.00 0.00 0.00 0.00 0.00 0.00 0.00 
0.00 0.00 0.00 0.00 0.00 0.00 0.00 0.00 0.00 0.00 0.00 0.00 0.00 0.00 0.00 0.00 0.00 0.00 0.00 0.00 
0.00 0.00 0.00 0.00 0.00 0.00 0.00 0.00 0.00 0.00 0.00 0.00 0.00 0.00 0.00 0.00 0.00 0.00 0.00 0.00 
0.00 0.00 0.00 0.00 0.00 0.00 0.00 0.00 0.00 0.00 0.00 0.00 0.00 0.00 0.00 0.00 0.00 0.00 0.00 0.00 
0.00 0.00 0.00 0.00 0.00 0.00 0.00 0.00 0.00 0.00 0.00 0.00 0.00 0.00 0.00 0.00 0.00 0.00 0.00 0.00 
0.00 0.00 0.00 0.00 0.00 0.00 0.00 0.00 0.00 0.00 0.00 0.00 0.00 0.00 0.00 0.00 0.00 0.00 0.00 0.00 
0.00 0.00 0.00 0.00 0.00 0.00 0.00 0.00 0.00 0.00 0.00 0.00 0.00 0.00 0.00 0.00 0.00 0.00 0.00 0.00 
0.00 0.00 0.00 0.00 0.00 0.00 0.00 0.00 0.00 0.00 0.00 0.00 0.00 0.00 0.00 0.00 0.00 0.00 0.00 0.00 
0.00 0.00 0.00 0.00 0.00 0.00 0.00 0.00 0.00 0.00 0.00 0.00 0.00 0.00 0.00 0.00 0.00 0.00 0.00 0.00 
0.00 0.00 0.00 0.00 0.00 0.00 0.00 0.00 0.00 0.00 0.00 0.00 0.00 0.00 0.00 0.00 0.00 0.00 0.00 0.00 
0.00 0.00 0.00 0.00 0.00 0.00 0.00 0.00 0.00 0.00 0.00 0.00 0.00 0.00 0.00 0.00 0.00 0.00 0.00 0.00 
0.00 0.00 0.00 0.00 0.00 0.00 0.00 0.00 0.00 0.00 0.00 0.00 0.00 0.00 0.00 0.00 0.00 0.00 0.00 0.00 
0.00 0.00 0.00 0.00 0.00 0.00 0.00 0.00 0.00 0.00 0.00 0.00 0.00 0.00 0.00 0.00 0.00 0.00 0.00 0.00 
0.00 0.00 0.00 0.00 0.00 0.00 0.00 0.00 0.00 0.00 0.00 0.00 0.00 0.00 0.00 0.00 0.00 0.00 0.00 0.00 
0.00 0.00 0.00 0.00 0.00 0.00 0.00 0.00 0.00 0.00 0.00 0.00 0.00 0.00 0.00 0.00 0.00 0.00 0.00 0.00 
0.00 0.00 0.00 0.00 0.00 0.00 0.00 0.00 0.00 0.00 0.00 0.00 0.00 0.00 0.00 0.00 0.00 0.00 0.00 0.00 
0.00 0.00 0.00 0.00 0.00 0.00 0.00 0.00 0.00 0.00 0.00 0.00 0.00 0.00 0.00 0.00 0.00 0.00 0.00 0.00 
0.00 0.00 0.00 0.00 0.00 0.00 0.00 0.00 0.00 0.00 0.00 0.00 0.00 0.00 0.00 0.00 0.00 0.00 0.00 0.00 
0.00 0.00 0.00 0.00 0.00 0.00 0.00 0.00 0.00 0.00 0.00 0.00 0.00 0.00 0.00 0.00 0.00 0.00 0.00 0.00 
0.00 0.00 0.00 0.00 0.00 0.00 0.00 0.00 0.00 0.00 0.00 0.00 0.00 0.00 0.00 0.00 0.00 0.00 0.00 0.00 
0.00 0.00 0.00 0.00 0.00 0.00 0.00 0.00 0.00 0.00 0.00 0.00 0.00 0.00 0.00 0.00 0.00 0.00 0.00 0.00 
0.00 0.00 0.00 0.00 0.00 0.00 0.00 0.00 0.00 0.00 0.00 0.00 0.00 0.00 0.00 0.00 0.00 0.00 0.00 0.00 
0.00 0.00 0.00 0.00 0.00 0.00 0.00 0.00 0.00 0.00 0.00 0.00 0.00 0.00 0.00 0.00 0.00 0.00 0.00 0.00 
0.00 0.00 0.00 0.00 0.00 0.00 0.00 0.00 0.00 0.00 0.00 0.00 0.00 0.00 0.00 0.00 0.00 0.00 0.00 0.00 
0.00 0.00 0.00 0.00 0.00 0.00 0.00 0.00 0.00 0.00 0.00 0.00 0.00 0.00 0.00 0.00 0.00 0.00 0.00 0.00 
0.00 0.00 0.00 0.00 0.00 0.00 0.00 0.00 0.00 0.00 0.00 0.00 0.00 0.00 0.00 0.00 0.00 0.00 0.00 0.00 
0.00 0.00 0.00 0.00 0.00 0.00 0.00 0.00 0.00 0.00 0.00 0.00 0.00 0.00 0.00 0.00 0.00 0.00 0.00 0.00 
0.00 0.00 0.00 0.00 0.00 0.00 0.00 0.00 0.00 0.00 0.00 0.00 0.00 0.00 0.00 0.00 0.00 0.00 0.00 0.00 
0.00 0.00 0.00 0.00 0.00 0.00 0.00 0.00 0.00 0.00 0.00 0.00 0.00 0.00 0.00 0.00 0.00 0.00 0.00 0.00 
0.00 0.00 0.00 0.00 0.00 0.00 0.00 0.00 0.00 0.00 0.00 0.00 0.00 0.00 0.00 0.00 0.00 0.00 0.00 0.00 
0.00 0.00 0.00 0.00 0.00 0.00 0.00 0.00 0.00 0.00 0.00 0.00 0.00 0.00 0.00 0.00 0.00 0.00 0.00 0.00 
0.00 0.00 0.00 0.00 0.00 0.00 0.00 0.00 0.00 0.00 0.00 0.00 0.00 0.00 0.00 0.00 0.00 0.00 0.00 0.00 
0.00 0.00 0.00 0.00 0.00 0.00 0.00 0.00 0.00 0.00 0.00 0.00 0.00 0.00 0.00 0.00 0.00 0.00 0.00 0.00 
0.00 0.00 0.00 0.00 0.00 0.00 0.00 0.00 0.00 0.00 0.00 0.00 0.00 0.00 0.00 0.00 0.00 0.00 0.00 0.00 
0.00 0.00 0.00 0.00 0.00 0.00 0.00 0.00 0.00 0.00 0.00 0.00 0.00 0.00 0.00 0.00 0.00 0.00 0.00 0.00 
0.00 0.00 0.00 0.00 0.00 0.00 0.00 0.00 0.00 0.00 0.00 0.00 0.00 0.00 0.00 0.00 0.00 0.00 0.00 0.00 
0.00 0.00 0.00 0.00 0.00 0.00 0.00 0.00 0.00 0.00 0.00 0.00 0.00 0.00 0.00 0.00 0.00 0.00 0.00 0.00 
0.00 0.00 0.00 0.00 0.00 0.00 0.00 0.00 0.00 0.00 0.00 0.00 0.00 0.00 0.00 0.00 0.00 0.00 0.00 0.00 
0.00 0.00 0.00 0.00 0.00 0.00 0.00 0.00 0.00 0.00 0.00 0.00 0.00 0.00 0.00 0.00 0.00 0.00 0.00 0.00 
0.00 0.00 0.00 0.00 0.00 0.00 0.00 0.00 0.00 0.00 0.00 0.00 0.00 0.00 0.00 0.00 0.00 0.00 0.00 0.00 
0.00 0.00 0.00 0.00 0.00 0.00 0.00 0.00 0.00 0.00 0.00 0.00 0.00 0.00 0.00 0.00 0.00 0.00 0.00 0.00 
0.00 0.00 0.00 0.00 0.00 0.00 0.00 0.00 0.00 0.00 0.00 0.00 0.00 0.00 0.00 0.00 0.00 0.00 0.00 0.00 
0.00 0.00 0.00 0.00 0.00 0.00 0.00 0.00 0.00 0.00 0.00 0.00 0.00 0.00 0.00 0.00 0.00 0.00 0.00 0.00 
0.00 0.00 0.00 0.00 0.00 0.00 0.00 0.00 0.00 0.00 0.00 0.00 0.00 0.00 0.00 0.00 0.00 0.00 0.00 0.00 
0.00 0.00 0.00 0.00 0.00 0.00 0.00 0.00 0.00 0.00 0.00 0.00 0.00 0.00 0.00 0.00 0.00 0.00 0.00 0.00 
0.00 0.00 0.00 0.00 0.00 0.00 0.00 0.00 0.00 0.00 0.00 0.00 0.00 0.00 0.00 0.00 0.00 0.00 0.00 0.00 
0.00 0.00 0.00 0.00 0.00 0.00 0.00 0.00 0.00 0.00 0.00 0.00 0.00 0.00 0.00 0.00 0.00 0.00 0.00 0.00 
0.00 0.00 0.00 0.00 0.00 0.00 0.00 0.00 0.00 0.00 0.00 0.00 0.00 0.00 0.00 0.00 0.00 0.00 0.00 0.00 
0.00 0.00 0.00 0.00 0.00 0.00 0.00 0.00 0.00 0.00 0.00 0.00 0.00 0.00 0.00 0.00 0.00 0.00 0.00 0.00 
0.00 0.00 0.00 0.00 0.00 0.00 0.00 0.00 0.00 0.00 0.00 0.00 0.00 0.00 0.00 0.00 0.00 0.00 0.00 0.00 
0.00 0.00 0.00 0.00 0.00 0.00 0.00 0.00 0.00 0.00 0.00 0.00 0.00 0.00 0.00 0.00 0.00 0.00 0.00 0.00 
0.00 0.00 0.00 0.00 0.00 0.00 0.00 0.00 0.00 0.00 0.00 0.00 0.00 0.00 0.00 0.00 0.00 0.00 0.00 0.00 
0.00 0.00 0.00 0.00 0.00 0.00 0.00 0.00 0.00 0.00 0.00 0.00 0.00 0.00 0.00 0.00 0.00 0.00 0.00 0.00 
0.00 0.00 0.00 0.00 0.00 0.00 0.00 0.00 0.00 0.00 0.00 0.00 0.00 0.00 0.00 0.00 0.00 0.00 0.00 0.00 
0.00 0.00 0.00 0.00 0.00 0.00 0.00 0.00 0.00 0.00 0.00 0.00 0.00 0.00 0.00 0.00 0.00 0.00 0.00 0.00 
0.00 0.00 0.00 0.00 0.00 0.00 0.00 0.00 0.00 0.00 0.00 0.00 0.00 0.00 0.00 0.00 0.00 0.00 0.00 0.00 
0.00 0.00 0.00 0.00 0.00 0.00 0.00 0.00 0.00 0.00 0.00 0.00 0.00 0.00 0.00 0.00 0.00 0.00 0.00 0.00 
0.00 0.00 0.00 0.00 0.00 0.00 0.00 0.00 0.00 0.00 0.00 0.00 0.00 0.00 0.00 0.00 0.00 0.00 0.00 0.00 
0.00 0.00 0.00 0.00 0.00 0.00 0.00 0.00 0.00 0.00 0.00 0.00 0.00 0.00 0.00 0.00 0.00 0.00 0.00 0.00 
0.00 0.00 0.00 0.00 0.00 0.00 0.00 0.00 0.00 0.00 0.00 0.00 0.00 0.00 0.00 0.00 0.00 0.00 0.00 0.00 
0.00 0.00 0.00 0.00 0.00 0.00 0.00 0.00 0.00 0.00 0.00 0.00 0.00 0.00 0.00 0.00 0.00 0.00 0.00 0.00 
0.00 0.00 0.00 0.00 0.00 0.00 0.00 0.00 0.00 0.00 0.00 0.00 0.00 0.00 0.00 0.00 0.00 0.00 0.00 0.00 
0.00 0.00 0.00 0.00 0.00 0.00 0.00 0.00 0.00 0.00 0.00 0.00 0.00 0.00 0.00 0.00 0.00 0.00 0.00 0.00 
0.00 0.00 0.00 0.00 0.00 0.00 0.00 0.00 0.00 0.00 0.00 0.00 0.00 0.00 0.00 0.00 0.00 0.00 0.00 0.00 
0.00 0.00 0.00 0.00 0.00 0.00 0.00 0.00 0.00 0.00 0.00 0.00 0.00 0.00 0.00 0.00 0.00 0.00 0.00 0.00 
0.00 0.00 0.00 0.00 0.00 0.00 0.00 0.00 0.00 0.00 0.00 0.00 0.00 0.00 0.00 0.00 0.00 0.00 0.00 0.00 
0.00 0.00 0.00 0.00 0.00 0.00 0.00 0.00 0.00 0.00 0.00 0.00 0.00 0.00 0.00 0.00 0.00 0.00 0.00 0.00 
0.00 0.00 0.00 0.00 0.00 0.00 0.00 0.00 0.00 0.00 0.00 0.00 0.00 0.00 0.00 0.00 0.00 0.00 0.00 0.00 
0.00 0.00 0.00 0.00 0.00 0.00 0.00 0.00 0.00 0.00 0.00 0.00 0.00 0.00 0.00 0.00 0.00 0.00 0.00 0.00 
0.00 0.00 0.00 0.00 0.00 0.00 0.00 0.00 0.00 0.00 0.00 0.00 0.00 0.00 0.00 0.00 0.00 0.00 0.00 0.00 
0.00 0.00 0.00 0.00 0.00 0.00 0.00 0.00 0.00 0.00 0.00 0.00 0.00 0.00 0.00 0.00 0.00 0.00 0.00 0.00 
0.00 0.00 0.00 0.00 0.00 0.00 0.00 0.00 0.00 0.00 0.00 0.00 0.00 0.00 0.00 0.00 0.00 0.00 0.00 0.00 
0.00 0.00 0.00 0.00 0.00 0.00 0.00 0.00 0.00 0.00 0.00 0.00 0.00 0.00 0.00 0.00 0.00 0.00 0.00 0.00 
0.00 0.00 0.00 0.00 0.00 0.00 0.00 0.00 0.00 0.00 0.00 0.00 0.00 0.00 0.00 0.00 0.00 0.00 0.00 0.00 
0.00 0.00 0.00 0.00 0.00 0.00 0.00 0.00 0.00 0.00 0.00 0.00 0.00 0.00 0.00 0.00 0.00 0.00 0.00 0.00 
0.00 0.00 0.00 0.00 0.00 0.00 0.00 0.00 0.00 0.00 0.00 0.00 0.00 0.00 0.00 0.00 0.00 0.00 0.00 0.00 
0.00 0.00 0.00 0.00 0.00 0.00 0.00 0.00 0.00 0.00 0.00 0.00 0.00 0.00 0.00 0.00 0.00 0.00 0.00 0.00 
0.00 0.00 0.00 0.00 0.00 0.00 0.00 0.00 0.00 0.00 0.00 0.00 0.00 0.00 0.00 0.00 0.00 0.00 0.00 0.00 
0.00 0.00 0.00 0.00 0.00 0.00 0.00 0.00 0.00 0.00 0.00 0.00 0.00 0.00 0.00 0.00 0.00 0.00 0.00 0.00 
0.00 0.00 0.00 0.00 0.00 0.00 0.00 0.00 0.00 0.00 0.00 0.00 0.00 0.00 0.00 0.00 0.00 0.00 0.00 0.00 
0.00 0.00 0.00 0.00 0.00 0.00 0.00 0.00 0.00 0.00 0.00 0.00 0.00 0.00 0.00 0.00 0.00 0.00 0.00 0.00 
0.00 0.00 0.00 0.00 0.00 0.00 0.00 0.00 0.00 0.00 0.00 0.00 0.00 0.00 0.00 0.00 0.00 0.00 0.00 0.00 
0.00 0.00 0.00 0.00 0.00 0.00 0.00 0.00 0.00 0.00 0.00 0.00 0.00 0.00 0.00 0.00 0.00 0.00 0.00 0.00 
0.00 0.00 0.00 0.00 0.00 0.00 0.00 0.00 0.00 0.00 0.00 0.00 0.00 0.00 0.00 0.00 0.00 0.00 0.00 0.00 
0.00 0.00 0.00 0.00 0.00 0.00 0.00 0.00 0.00 0.00 0.00 0.00 0.00 0.00 0.00 0.00 0.00 0.00 0.00 0.00 
0.00 0.00 0.00 0.00 0.00 0.00 0.00 0.00 0.00 0.00 0.00 0.00 0.00 0.00 0.00 0.00 0.00 0.00 0.00 0.00 
0.00 0.00 0.00 0.00 0.00 0.00 0.00 0.00 0.00 0.00 0.00 0.00 0.00 0.00 0.00 0.00 0.00 0.00 0.00 0.00 
0.00 0.00 0.00 0.00 0.00 0.00 0.00 0.00 0.00 0.00 0.00 0.00 0.00 0.00 0.00 0.00 0.00 0.00 0.00 0.00 
0.00 0.00 0.00 0.00 0.00 0.00 0.00 0.00 0.00 0.00 0.00 0.00 0.00 0.00 0.00 0.00 0.00 0.00 0.00 0.00 
0.00 0.00 0.00 0.00 0.00 0.00 0.00 0.00 0.00 0.00 0.00 0.00 0.00 0.00 0.00 0.00 0.00 0.00 0.00 0.00 
0.00 0.00 0.00 0.00 0.00 0.00 0.00 0.00 0.00 0.00 0.00 0.00 0.00 0.00 0.00 0.00 0.00 0.00 0.00 0.00 
0.00 0.00 0.00 0.00 0.00 0.00 0.00 0.00 0.00 0.00 0.00 0.00 0.00 0.00 0.00 0.00 0.00 0.00 0.00 0.00 
0.00 0.00 0.00 0.00 0.00 0.00 0.00 0.00 0.00 0.00 0.00 0.00 0.00 0.00 0.00 0.00 0.00 0.00 0.00 0.00 
0.00 0.00 0.00 0.00 0.00 0.00 0.00 0.00 0.00 0.00 0.00 0.00 0.00 0.00 0.00 0.00 0.00 0.00 0.00 0.00 
0.00 0.00 0.00 0.00 0.00 0.00 0.00 0.00 0.00 0.00 0.00 0.00 0.00 0.00 0.00 0.00 0.00 0.00 0.00 0.00 
0.00 0.00 0.00 0.00 0.00 0.00 0.00 0.00 0.00 0.00 0.00 0.00 0.00 0.00 0.00 0.00 0.00 0.00 0.00 0.00 
0.00 0.00 0.00 0.00 0.00 0.00 0.00 0.00 0.00 0.00 0.00 0.00 0.00 0.00 0.00 0.00 0.00 0.00 0.00 0.00 
0.00 0.00 0.00 0.00 0.00 0.00 0.00 0.00 0.00 0.00 0.00 0.00 0.00 0.00 0.00 0.00 0.00 0.00 0.00 0.00 
0.00 0.00 0.00 0.00 0.00 0.00 0.00 0.00 0.00 0.00 0.00 0.00 0.00 0.00 0.00 0.00 0.00 0.00 0.00 0.00 
0.00 0.00 0.00 0.00 0.00 0.00 0.00 0.00 0.00 0.00 0.00 0.00 0.00 0.00 0.00 0.00 0.00 0.00 0.00 0.00 
0.00 0.00 0.00 0.00 0.00 0.00 0.00 0.00 0.00 0.00 0.00 0.00 0.00 0.00 0.00 0.00 0.00 0.00 0.00 0.00 
0.00 0.00 0.00 0.00 0.00 0.00 0.00 0.00 0.00 0.00 0.00 0.00 0.00 0.00 0.00 0.00 0.00 0.00 0.00 0.00 
0.00 0.00 0.00 0.00 0.00 0.00 0.00 0.00 0.00 0.00 0.00 0.00 0.00 0.00 0.00 0.00 0.00 0.00 0.00 0.00 
0.00 0.00 0.00 0.00 0.00 0.00 0.00 0.00 0.00 0.00 0.00 0.00 0.00 0.00 0.00 0.00 0.00 0.00 0.00 0.00 
0.00 0.00 0.00 0.00 0.00 0.00 0.00 0.00 0.00 0.00 0.00 0.00 0.00 0.00 0.00 0.00 0.00 0.00 0.00 0.00 
0.00 0.00 0.00 0.00 0.00 0.00 0.00 0.00 0.00 0.00 0.00 0.00 0.00 0.00 0.00 0.00 0.00 0.00 0.00 0.00 
0.00 0.00 0.00 0.00 0.00 0.00 0.00 0.00 0.00 0.00 0.00 0.00 0.00 0.00 0.00 0.00 0.00 0.00 0.00 0.00 
0.00 0.00 0.00 0.00 0.00 0.00 0.00 0.00 0.00 0.00 0.00 0.00 0.00 0.00 0.00 0.00 0.00 0.00 0.00 0.00 
0.00 0.00 0.00 0.00 0.00 0.00 0.00 0.00 0.00 0.00 0.00 0.00 0.00 0.00 0.00 0.00 0.00 0.00 0.00 0.00 
0.00 0.00 0.00 0.00 0.00 0.00 0.00 0.00 0.00 0.00 0.00 0.00 0.00 0.00 0.00 0.00 0.00 0.00 0.00 0.00 
0.00 0.00 0.00 0.00 0.00 0.00 0.00 0.00 0.00 0.00 0.00 0.00 0.00 0.00 0.00 0.00 0.00 0.00 0.00 0.00 
0.00 0.00 0.00 0.00 0.00 0.00 0.00 0.00 0.00 0.00 0.00 0.00 0.00 0.00 0.00 0.00 0.00 0.00 0.00 0.00 
0.00 0.00 0.00 0.00 0.00 0.00 0.00 0.00 0.00 0.00 0.00 0.00 0.00 0.00 0.00 0.00 0.00 0.00 0.00 0.00 
0.00 0.00 0.00 0.00 0.00 0.00 0.00 0.00 0.00 0.00 0.00 0.00 0.00 0.00 0.00 0.00 0.00 0.00 0.00 0.00 
0.00 0.00 0.00 0.00 0.00 0.00 0.00 0.00 0.00 0.00 0.00 0.00 0.00 0.00 0.00 0.00 0.00 0.00 0.00 0.00 
0.00 0.00 0.00 0.00 0.00 0.00 0.00 0.00 0.00 0.00 0.00 0.00 0.00 0.00 0.00 0.00 0.00 0.00 0.00 0.00 
0.00 0.00 0.00 0.00 0.00 0.00 0.00 0.00 0.00 0.00 0.00 0.00 0.00 0.00 0.00 0.00 0.00 0.00 0.00 0.00 
0.00 0.00 0.00 0.00 0.00 0.00 0.00 0.00 0.00 0.00 0.00 0.00 0.00 0.00 0.00 0.00 0.00 0.00 0.00 0.00 
0.00 0.00 0.00 0.00 0.00 0.00 0.00 0.00 0.00 0.00 0.00 0.00 0.00 0.00 0.00 0.00 0.00 0.00 0.00 0.00 
0.00 0.00 0.00 0.00 0.00 0.00 0.00 0.00 0.00 0.00 0.00 0.00 0.00 0.00 0.00 0.00 0.00 0.00 0.00 0.00 
0.00 0.00 0.00 0.00 0.00 0.00 0.00 0.00 0.00 0.00 0.00 0.00 0.00 0.00 0.00 0.00 0.00 0.00 0.00 0.00 
0.00 0.00 0.00 0.00 0.00 0.00 0.00 0.00 0.00 0.00 0.00 0.00 0.00 0.00 0.00 0.00 0.00 0.00 0.00 0.00 
0.00 0.00 0.00 0.00 0.00 0.00 0.00 0.00 0.00 0.00 0.00 0.00 0.00 0.00 0.00 0.00 0.00 0.00 0.00 0.00 
0.00 0.00 0.00 0.00 0.00 0.00 0.00 0.00 0.00 0.00 0.00 0.00 0.00 0.00 0.00 0.00 0.00 0.00 0.00 0.00 
0.00 0.00 0.00 0.00 0.00 0.00 0.00 0.00 0.00 0.00 0.00 0.00 0.00 0.00 0.00 0.00 0.00 0.00 0.00 0.00 
0.00 0.00 0.00 0.00 0.00 0.00 0.00 0.00 0.00 0.00 0.00 0.00 0.00 0.00 0.00 0.00 0.00 0.00 0.00 0.00 
0.00 0.00 0.00 0.00 0.00 0.00 0.00 0.00 0.00 0.00 0.00 0.00 0.00 0.00 0.00 0.00 0.00 0.00 0.00 0.00 
0.00 0.00 0.00 0.00 0.00 0.00 0.00 0.00 0.00 0.00 0.00 0.00 0.00 0.00 0.00 0.00 0.00 0.00 0.00 0.00 
0.00 0.00 0.00 0.00 0.00 0.00 0.00 0.00 0.00 0.00 0.00 0.00 0.00 0.00 0.00 0.00 0.00 0.00 0.00 0.00 
0.00 0.00 0.00 0.00 0.00 0.00 0.00 0.00 0.00 0.00 0.00 0.00 0.00 0.00 0.00 0.00 0.00 0.00 0.00 0.00 
0.00 0.00 0.00 0.00 0.00 0.00 0.00 0.00 0.00 0.00 0.00 0.00 0.00 0.00 0.00 0.00 0.00 0.00 0.00 0.00 
0.00 0.00 0.00 0.00 0.00 0.00 0.00 0.00 0.00 0.00 0.00 0.00 0.00 0.00 0.00 0.00 0.00 0.00 0.00 0.00 
0.00 0.00 0.00 0.00 0.00 0.00 0.00 0.00 0.00 0.00 0.00 0.00 0.00 0.00 0.00 0.00 0.00 0.00 0.00 0.00 
0.00 0.00 0.00 0.00 0.00 0.00 0.00 0.00 0.00 0.00 0.00 0.00 0.00 0.00 0.00 0.00 0.00 0.00 0.00 0.00 
0.00 0.00 0.00 0.00 0.00 0.00 0.00 0.00 0.00 0.00 0.00 0.00 0.00 0.00 0.00 0.00 0.00 0.00 0.00 0.00 
0.00 0.00 0.00 0.00 0.00 0.00 0.00 0.00 0.00 0.00 0.00 0.00 0.00 0.00 0.00 0.00 0.00 0.00 0.00 0.00 
0.00 0.00 0.00 0.00 0.00 0.00 0.00 0.00 0.00 0.00 0.00 0.00 0.00 0.00 0.00 0.00 0.00 0.00 0.00 0.00 
0.00 0.00 0.00 0.00 0.00 0.00 0.00 0.00 0.00 0.00 0.00 0.00 0.00 0.00 0.00 0.00 0.00 0.00 0.00 0.00 
0.00 0.00 0.00 0.00 0.00 0.00 0.00 0.00 0.00 0.00 0.00 0.00 0.00 0.00 0.00 0.00 0.00 0.00 0.00 0.00 
0.00 0.00 0.00 0.00 0.00 0.00 0.00 0.00 0.00 0.00 0.00 0.00 0.00 0.00 0.00 0.00 0.00 0.00 0.00 0.00 
0.00 0.00 0.00 0.00 0.00 0.00 0.00 0.00 0.00 0.00 0.00 0.00 0.00 0.00 0.00 0.00 0.00 0.00 0.00 0.00 
0.00 0.00 0.00 0.00 0.00 0.00 0.00 0.00 0.00 0.00 0.00 0.00 0.00 0.00 0.00 0.00 0.00 0.00 0.00 0.00 
0.00 0.00 0.00 0.00 0.00 0.00 0.00 0.00 0.00 0.00 0.00 0.00 0.00 0.00 0.00 0.00 0.00 0.00 0.00 0.00 
0.00 0.00 0.00 0.00 0.00 0.00 0.00 0.00 0.00 0.00 0.00 0.00 0.00 0.00 0.00 0.00 0.00 0.00 0.00 0.00 
0.00 0.00 0.00 0.00 0.00 0.00 0.00 0.00 0.00 0.00 0.00 0.00 0.00 0.00 0.00 0.00 0.00 0.00 0.00 0.00 
0.00 0.00 0.00 0.00 0.00 0.00 0.00 0.00 0.00 0.00 0.00 0.00 0.00 0.00 0.00 0.00 0.00 0.00 0.00 0.00 
0.00 0.00 0.00 0.00 0.00 0.00 0.00 0.00 0.00 0.00 0.00 0.00 0.00 0.00 0.00 0.00 0.00 0.00 0.00 0.00 
0.00 0.00 0.00 0.00 0.00 0.00 0.00 0.00 0.00 0.00 0.00 0.00 0.00 0.00 0.00 0.00 0.00 0.00 0.00 0.00 
0.00 0.00 0.00 0.00 0.00 0.00 0.00 0.00 0.00 0.00 0.00 0.00 0.00 0.00 0.00 0.00 0.00 0.00 0.00 0.00 
0.00 0.00 0.00 0.00 0.00 0.00 0.00 0.00 0.00 0.00 0.00 0.00 0.00 0.00 0.00 0.00 0.00 0.00 0.00 0.00 
0.00 0.00 0.00 0.00 0.00 0.00 0.00 0.00 0.00 0.00 0.00 0.00 0.00 0.00 0.00 0.00 0.00 0.00 0.00 0.00 
0.00 0.00 0.00 0.00 0.00 0.00 0.00 0.00 0.00 0.00 0.00 0.00 0.00 0.00 0.00 0.00 0.00 0.00 0.00 0.00 
0.00 0.00 0.00 0.00 0.00 0.00 0.00 0.00 0.00 0.00 0.00 0.00 0.00 0.00 0.00 0.00 0.00 0.00 0.00 0.00 
0.00 0.00 0.00 0.00 0.00 0.00 0.00 0.00 0.00 0.00 0.00 0.00 0.00 0.00 0.00 0.00 0.00 0.00 0.00 0.00 
0.00 0.00 0.00 0.00 0.00 0.00 0.00 0.00 0.00 0.00 0.00 0.00 0.00 0.00 0.00 0.00 0.00 0.00 0.00 0.00 
0.00 0.00 0.00 0.00 0.00 0.00 0.00 0.00 0.00 0.00 0.00 0.00 0.00 0.00 0.00 0.00 0.00 0.00 0.00 0.00 
0.00 0.00 0.00 0.00 0.00 0.00 0.00 0.00 0.00 0.00 0.00 0.00 0.00 0.00 0.00 0.00 0.00 0.00 0.00 0.00 
0.00 0.00 0.00 0.00 0.00 0.00 0.00 0.00 0.00 0.00 0.00 0.00 0.00 0.00 0.00 0.00 0.00 0.00 0.00 0.00 
0.00 0.00 0.00 0.00 0.00 0.00 0.00 0.00 0.00 0.00 0.00 0.00 0.00 0.00 0.00 0.00 0.00 0.00 0.00 0.00 
0.00 0.00 0.00 0.00 0.00 0.00 0.00 0.00 0.00 0.00 0.00 0.00 0.00 0.00 0.00 0.00 0.00 0.00 0.00 0.00 
0.00 0.00 0.00 0.00 0.00 0.00 0.00 0.00 0.00 0.00 0.00 0.00 0.00 0.00 0.00 0.00 0.00 0.00 0.00 0.00 
0.00 0.00 0.00 0.00 0.00 0.00 0.00 0.00 0.00 0.00 0.00 0.00 0.00 0.00 0.00 0.00 0.00 0.00 0.00 0.00 
0.00 0.00 0.00 0.00 0.00 0.00 0.00 0.00 0.00 0.00 0.00 0.00 0.00 0.00 0.00 0.00 0.00 0.00 0.00 0.00 
0.00 0.00 0.00 0.00 0.00 0.00 0.00 0.00 0.00 0.00 0.00 0.00 0.00 0.00 0.00 0.00 0.00 0.00 0.00 0.00 
0.00 0.00 0.00 0.00 0.00 0.00 0.00 0.00 0.00 0.00 0.00 0.00 0.00 0.00 0.00 0.00 0.00 0.00 0.00 0.00 
0.00 0.00 0.00 0.00 0.00 0.00 0.00 0.00 0.00 0.00 0.00 0.00 0.00 0.00 0.00 0.00 0.00 0.00 0.00 0.00 
0.00 0.00 0.00 0.00 0.00 0.00 0.00 0.00 0.00 0.00 0.00 0.00 0.00 0.00 0.00 0.00 0.00 0.00 0.00 0.00 
0.00 0.00 0.00 0.00 0.00 0.00 0.00 0.00 0.00 0.00 0.00 0.00 0.00 0.00 0.00 0.00 0.00 0.00 0.00 0.00 
0.00 0.00 0.00 0.00 0.00 0.00 0.00 0.00 0.00 0.00 0.00 0.00 0.00 0.00 0.00 0.00 0.00 0.00 0.00 0.00 
0.00 0.00 0.00 0.00 0.00 0.00 0.00 0.00 0.00 0.00 0.00 0.00 0.00 0.00 0.00 0.00 0.00 0.00 0.00 0.00 
0.00 0.00 0.00 0.00 0.00 0.00 0.00 0.00 0.00 0.00 0.00 0.00 0.00 0.00 0.00 0.00 0.00 0.00 0.00 0.00 
0.00 0.00 0.00 0.00 0.00 0.00 0.00 0.00 0.00 0.00 0.00 0.00 0.00 0.00 0.00 0.00 0.00 0.00 0.00 0.00 
0.00 0.00 0.00 0.00 0.00 0.00 0.00 0.00 0.00 0.00 0.00 0.00 0.00 0.00 0.00 0.00 0.00 0.00 0.00 0.00 
0.00 0.00 0.00 0.00 0.00 0.00 0.00 0.00 0.00 0.00 0.00 0.00 0.00 0.00 0.00 0.00 0.00 0.00 0.00 0.00 
0.00 0.00 0.00 0.00 0.00 0.00 0.00 0.00 0.00 0.00 0.00 0.00 0.00 0.00 0.00 0.00 0.00 0.00 0.00 0.00 
0.00 0.00 0.00 0.00 0.00 0.00 0.00 0.00 0.00 0.00 0.00 0.00 0.00 0.00 0.00 0.00 0.00 0.00 0.00 0.00 
0.00 0.00 0.00 0.00 0.00 0.00 0.00 0.00 0.00 0.00 0.00 0.00 0.00 0.00 0.00 0.00 0.00 0.00 0.00 0.00 
0.00 0.00 0.00 0.00 0.00 0.00 0.00 0.00 0.00 0.00 0.00 0.00 0.00 0.00 0.00 0.00 0.00 0.00 0.00 0.00 
0.00 0.00 0.00 0.00 0.00 0.00 0.00 0.00 0.00 0.00 0.00 0.00 0.00 0.00 0.00 0.00 0.00 0.00 0.00 0.00 
0.00 0.00 0.00 0.00 0.00 0.00 0.00 0.00 0.00 0.00 0.00 0.00 0.00 0.00 0.00 0.00 0.00 0.00 0.00 0.00 
0.00 0.00 0.00 0.00 0.00 0.00 0.00 0.00 0.00 0.00 0.00 0.00 0.00 0.00 0.00 0.00 0.00 0.00 0.00 0.00 
end   dump: w
==END   DUMP_ARRAYS==
==BEGIN DUMP_ARRAYS==
begin dump: w
7823.79 469302304.00 515909216.00 594617920.00 680334912.00 769402112.00 860408128.00 952222336.00 1043808384.00 1136976000.00 1229130880.00 1322923392.00 1415763840.00 1509432448.00 1602798848.00 1695919104.00 1788643456.00 1883296640.00 1976693248.00 2070282624.00 
2162803712.00 2258011392.00 2351406848.00 2445299200.00 2538393344.00 2630932992.00 2726416896.00 2819992064.00 2913788160.00 3007972096.00 3100824832.00 3194573056.00 3286839552.00 3382817792.00 3476731392.00 3570286848.00 3663937280.00 3758021376.00 3851827200.00 3945782784.00 
4036850688.00 4133404928.00 4227313408.00 4320197120.00 4414961152.00 4508667904.00 4603068928.00 4696418304.00 4789285888.00 4884250112.00 4974582272.00 5071807488.00 5165781504.00 5259757056.00 5353205248.00 5447089664.00 5540782592.00 5635021312.00 5729496576.00 5823142912.00 
5915404288.00 6010420736.00 6104005632.00 6198985216.00 6289984512.00 6385725952.00 6479793664.00 6573740032.00 6667544576.00 6762265600.00 6854725120.00 6948776960.00 7042637312.00 7137256448.00 7230529024.00 7323046912.00 7418435072.00 7512887808.00 7606349824.00 7700368384.00 
7788560384.00 7888068608.00 7981856256.00 8075784192.00 8169534976.00 8262918144.00 8356975104.00 8452310016.00 8544798208.00 8639507456.00 8732405760.00 8827415552.00 8920726528.00 9012507648.00 9108477952.00 9201936384.00 9294110720.00 9390204928.00 9484090368.00 9577739264.00 
9664874496.00 9765520384.00 9859422208.00 9953232896.00 10046898176.00 10140791808.00 10235151360.00 10329000960.00 10422113280.00 10516788224.00 10609985536.00 10703939584.00 10797398016.00 10892792832.00 10985920512.00 11079829504.00 11174032384.00 11267715072.00 11361941504.00 11455661056.00 
11546733568.00 11643099136.00 11737267200.00 11830901760.00 11924682752.00 12010050560.00 12113121280.00 12208200704.00 12298404864.00 12391559168.00 12487823360.00 12582169600.00 12675989504.00 12769847296.00 12863991808.00 12957520896.00 13051234304.00 13145781248.00 13240995840.00 13333702656.00 
13425959936.00 13521047552.00 13614685184.00 13709746176.00 13801837568.00 13896464384.00 13990835200.00 14084304896.00 14177379328.00 14272577536.00 14362711040.00 14460582912.00 14553473024.00 14647309312.00 14742464512.00 14835286016.00 14929317888.00 15023608832.00 15117284352.00 15211158528.00 
15293870080.00 15399043072.00 15492885504.00 15586639872.00 15680478208.00 15774329856.00 15868195840.00 15962828800.00 16055739392.00 16148868096.00 16243184640.00 16337897472.00 16431326208.00 16525502464.00 16621428736.00 16711826432.00 16806283264.00 16902003712.00 16995149824.00 17088731136.00 
17181509632.00 17276973056.00 17371566080.00 17464102912.00 17558028288.00 17652078592.00 17745100800.00 17840080896.00 17933737984.00 18028011520.00 18120785920.00 18215979008.00 18307434496.00 18403563520.00 18497335296.00 18590525440.00 18684841984.00 18778892288.00 18872367104.00 18966233088.00 
19046641664.00 19154327552.00 19248013312.00 19342411776.00 19435984896.00 19529476096.00 19623839744.00 19718019072.00 19810693120.00 19905722368.00 19998515200.00 20093984768.00 20187299840.00 20281208832.00 20375181312.00 20468615168.00 20562221056.00 20656906240.00 20750575616.00 20844455936.00 
20937111552.00 21032665088.00 21125009408.00 21220775936.00 21312008192.00 21406298112.00 21501966336.00 21595838464.00 21689444352.00 21783525376.00 21876830208.00 21971163136.00 22064766976.00 22158157824.00 22252718080.00 22345578496.00 22440982528.00 22534686720.00 22628427776.00 22722619392.00 
22810789888.00 22910566400.00 23004000256.00 23098251264.00 23191762944.00 23285790720.00 23379464192.00 23473694720.00 23566809088.00 23661080576.00 23737475072.00 23849426944.00 23943100416.00 24036993024.00 24131479552.00 24224387072.00 24316473344.00 24412360704.00 24504879104.00 24600926208.00 
24692848640.00 24788244480.00 24881711104.00 24975757312.00 25069170688.00 25163153408.00 25256935424.00 25352566784.00 25445361664.00 25539293184.00 25632505856.00 25726722048.00 25819840512.00 25915099136.00 26009106432.00 26100736000.00 26196996096.00 26290397184.00 26384242688.00 26477410304.00 
26569277440.00 26666004480.00 26759641088.00 26853591040.00 26947086336.00 27040577536.00 27136907264.00 27229929472.00 27321104384.00 27417174016.00 27510417408.00 27605213184.00 27698628608.00 27792842752.00 27886290944.00 27980095488.00 28073424896.00 28168329216.00 28262111232.00 28355864576.00 
28442914816.00 28543647744.00 28637712384.00 28730808320.00 28824305664.00 28918910976.00 29012719616.00 29106550784.00 29202477056.00 29295155200.00 29388288000.00 29482782720.00 29576073216.00 29670420480.00 29764458496.00 29858031616.00 29952184320.00 30046044160.00 30140006400.00 30233640960.00 
30316500992.00 30421923840.00 30515404800.00 30609551360.00 30702931968.00 30795481088.00 30890964992.00 30984919040.00 31078402048.00 31172329472.00 31265908736.00 31360243712.00 31453749248.00 31546488832.00 31643078656.00 31736162304.00 31829080064.00 31924289536.00 32017229824.00 32113242112.00 
32204224512.00 32299384832.00 32393142272.00 32487688192.00 32580558848.00 32674826240.00 32768798720.00 32862685184.00 32957423616.00 33051234304.00 33141039104.00 33238566912.00 33330049024.00 33427492864.00 33520332800.00 33613533184.00 33707573248.00 33801664512.00 33895430144.00 33989926912.00 
34080503808.00 34177034240.00 34270861312.00 34363863040.00 34460823552.00 34553073664.00 34646712320.00 34741010432.00 34833600512.00 34928230400.00 35021717504.00 35116302336.00 35209453568.00 35304112128.00 35397922816.00 35482898432.00 35585155072.00 35679584256.00 35773505536.00 35867381760.00 
35959787520.00 36059541504.00 36149055488.00 36243419136.00 36334632960.00 36430422016.00 36524642304.00 36617547776.00 36712181760.00 36806303744.00 36899348480.00 36994220032.00 37087240192.00 37181726720.00 37275566080.00 37369118720.00 37462986752.00 37557153792.00 37650661376.00 37744197632.00 
37810962432.00 37933711360.00 38027038720.00 38121009152.00 38214516736.00 38308229120.00 38402527232.00 38496477184.00 38589628416.00 38684282880.00 38777290752.00 38872084480.00 38965592064.00 39059492864.00 39154016256.00 39247278080.00 39339184128.00 39435427840.00 39529246720.00 39622832128.00 
39715446784.00 39805935616.00 39904821248.00 39998611456.00 40092053504.00 40184659968.00 40280203264.00 40374112256.00 40467775488.00 40562221056.00 40655228928.00 40749666304.00 40842469376.00 40937787392.00 41031372800.00 41125089280.00 41218908160.00 41313308672.00 41406935040.00 41500295168.00 
41591926784.00 41688539136.00 41782325248.00 41875963904.00 41967636480.00 42065997824.00 42158915584.00 42252476416.00 42344079360.00 42440425472.00 42530467840.00 42627788800.00 42721497088.00 42815578112.00 42909327360.00 43003064320.00 43096662016.00 43190603776.00 43284606976.00 43377291264.00 
43471278080.00 43566276608.00 43660550144.00 43754504192.00 43847217152.00 43941486592.00 44035584000.00 44129505280.00 44223533056.00 44317691904.00 44410560512.00 44506161152.00 44599042048.00 44693286912.00 44787118080.00 44879400960.00 44974522368.00 45068713984.00 45162868736.00 45256572928.00 
45339340800.00 45444280320.00 45538369536.00 45632155648.00 45725859840.00 45820137472.00 45914148864.00 46007799808.00 46101303296.00 46195716096.00 46288838656.00 46383308800.00 46476943360.00 46571200512.00 46664867840.00 46758416384.00 46851514368.00 46946226176.00 47040061440.00 47133163520.00 
47193333760.00 47323680768.00 47416643584.00 47510929408.00 47603740672.00 47697793024.00 47791800320.00 47885451264.00 47979728896.00 48073265152.00 48166752256.00 48261279744.00 48352985088.00 48449409024.00 48542875648.00 48636506112.00 48729829376.00 48824119296.00 48918654976.00 49012387840.00 
49103486976.00 49199878144.00 49294610432.00 49387814912.00 49481601024.00 49574023168.00 49669427200.00 49763717120.00 49856294912.00 49951207424.00 50044379136.00 50139168768.00 50232451072.00 50325549056.00 50421161984.00 50514477056.00 50608058368.00 50702450688.00 50796068864.00 50889641984.00 
50982699008.00 51078053888.00 51171762176.00 51265839104.00 51357401088.00 51452956672.00 51547746304.00 51640696832.00 51735306240.00 51827351552.00 51919507456.00 52016771072.00 52110655488.00 52205101056.00 52298620928.00 52392103936.00 52486217728.00 52580536320.00 52673736704.00 52767879168.00 
52856348672.00 52955754496.00 53049847808.00 53143625728.00 53237104640.00 53331017728.00 53424816128.00 53518950400.00 53612101632.00 53706186752.00 53798985728.00 53890363392.00 53991731200.00 54083518464.00 54177275904.00 54269181952.00 54362398720.00 54458556416.00 54552186880.00 54646345728.00 
54738669568.00 54833393664.00 54927769600.00 55021887488.00 55115014144.00 55209005056.00 55303426048.00 55397019648.00 55490543616.00 55585013760.00 55678128128.00 55772741632.00 55865434112.00 55960784896.00 56054235136.00 56147935232.00 56242077696.00 56334684160.00 56429694976.00 56523526144.00 
56603680768.00 56711684096.00 56805396480.00 56899346432.00 56993075200.00 57086820352.00 57179590656.00 57274691584.00 57366675456.00 57463058432.00 57555898368.00 57650544640.00 57744027648.00 57838166016.00 57931866112.00 58024468480.00 58120265728.00 58214146048.00 58307858432.00 58401533952.00 
58494263296.00 58589114368.00 58683179008.00 58777382912.00 58870013952.00 58956369920.00 59058966528.00 59152740352.00 59246452736.00 59340587008.00 59433775104.00 59527954432.00 59622363136.00 59716542464.00 59809857536.00 59903938560.00 59997601792.00 60091514880.00 60185501696.00 60279394304.00 
60362170368.00 60467367936.00 60561620992.00 60655144960.00 60748615680.00 60842106880.00 60936732672.00 61030359040.00 61123948544.00 61218435072.00 61308772352.00 61405888512.00 61499805696.00 61593444352.00 61687816192.00 61781368832.00 61874483200.00 61969031168.00 62063050752.00 62156869632.00 
62249623552.00 62344744960.00 62438453248.00 62532431872.00 62625419264.00 62719012864.00 62810714112.00 62916349952.00 63004057600.00 63097503744.00 63190355968.00 63284649984.00 63376191488.00 63472295936.00 63566090240.00 63658233856.00 63753297920.00 63847854080.00 63942217728.00 64035393536.00 
64126595072.00 64223342592.00 64316960768.00 64411619328.00 64504512512.00 64598335488.00 64692744192.00 64786579456.00 64879218688.00 64974503936.00 65067773952.00 65162289152.00 65255624704.00 65349804032.00 65443504128.00 65537105920.00 65631469568.00 65725607936.00 65819475968.00 65912930304.00 
66000044032.00 66100719616.00 66194780160.00 66288615424.00 66380304384.00 66475933696.00 66573033472.00 66664620032.00 66758197248.00 66852192256.00 66945351680.00 67039592448.00 67133280256.00 67227652096.00 67321131008.00 67415265280.00 67509080064.00 67603570688.00 67698126848.00 67790962688.00 
67879235584.00 67978645504.00 68072452096.00 68166414336.00 68260179968.00 68352348160.00 68447612928.00 68539330560.00 68636499968.00 68730208256.00 68823400448.00 68917895168.00 69011398656.00 69105582080.00 69199421440.00 69293096960.00 69384994816.00 69481480192.00 69574778880.00 69668519936.00 
69761171456.00 69856993280.00 69950496768.00 70044319744.00 70137577472.00 70231932928.00 70325944320.00 70420144128.00 70513721344.00 70607101952.00 70684041216.00 70795853824.00 70888480768.00 70983483392.00 71077306368.00 71170842624.00 71264788480.00 71359209472.00 71452712960.00 71546626048.00 
71637827584.00 71734353920.00 71830405120.00 71921852416.00 72015716352.00 72109678592.00 72204812288.00 72297668608.00 72389378048.00 72484888576.00 72578981888.00 72673280000.00 72767340544.00 72861007872.00 72954429440.00 73047343104.00 73142206464.00 73236807680.00 73330769920.00 73424486400.00 
73516974080.00 73612099584.00 73706143744.00 73799991296.00 73892749312.00 73987399680.00 74081599488.00 74175602688.00 74269310976.00 74363428864.00 74456408064.00 74551050240.00 74644209664.00 74738384896.00 74832166912.00 74925907968.00 75019550720.00 75113488384.00 75206647808.00 75298676736.00 
75340046336.00 75493785600.00 75585806336.00 75679105024.00 75772485632.00 75866112000.00 75960254464.00 76053774336.00 76147335168.00 76242673664.00 76334915584.00 76429697024.00 76522979328.00 76616474624.00 76710993920.00 76804718592.00 76897689600.00 76992618496.00 77086277632.00 77180469248.00 
77272907776.00 77368139776.00 77462134784.00 77555900416.00 77649420288.00 77742055424.00 77837385728.00 77931061248.00 78025400320.00 78119198720.00 78212481024.00 78307106816.00 78398668800.00 78494441472.00 78588936192.00 78682357760.00 78776360960.00 78870175744.00 78964219904.00 79058206720.00 
79149268992.00 79245885440.00 79337291776.00 79434129408.00 79527346176.00 79621079040.00 79715213312.00 79809060864.00 79902040064.00 79997280256.00 80087433216.00 80184295424.00 80278544384.00 80372523008.00 80466485248.00 80560160768.00 80653565952.00 80744955904.00 80842481664.00 80936206336.00 
81028653056.00 81123917824.00 81217626112.00 81311752192.00 81403314176.00 81499537408.00 81593638912.00 81687470080.00 81780809728.00 81874673664.00 81968504832.00 82062843904.00 82156306432.00 82250571776.00 82344353792.00 82429485056.00 82532048896.00 82625617920.00 82718777344.00 82813878272.00 
82902114304.00 83001630720.00 83095461888.00 83188957184.00 83283148800.00 83376857088.00 83470811136.00 83564462080.00 83657162752.00 83763167232.00 83847020544.00 83941556224.00 84034691072.00 84128751616.00 84222328832.00 84316119040.00 84407943168.00 84503994368.00 84598726656.00 84691918848.00 
84778827776.00 84879548416.00 84973551616.00 85067210752.00 85160845312.00 85254848512.00 85348950016.00 85442945024.00 85536546816.00 85628493824.00 85724086272.00 85818597376.00 85911298048.00 86006104064.00 86099812352.00 86193790976.00 86287540224.00 86382157824.00 86474842112.00 86569746432.00 
86660579328.00 86757269504.00 86850772992.00 86938017792.00 87039369216.00 87131471872.00 87227015168.00 87320928256.00 87412523008.00 87508418560.00 87601651712.00 87696261120.00 87789830144.00 87883677696.00 87977795584.00 88071454720.00 88165105664.00 88259624960.00 88353349632.00 88447270912.00 
88539832320.00 88633409536.00 88729395200.00 88823095296.00 88915910656.00 89010503680.00 89104678912.00 89198739456.00 89292308480.00 89386196992.00 89476751360.00 89574187008.00 89667133440.00 89762226176.00 89855844352.00 89949446144.00 90043457536.00 90137477120.00 90231349248.00 90325196800.00 
90408026112.00 90513195008.00 90606272512.00 90701676544.00 90794442752.00 90888192000.00 90982604800.00 91076182016.00 91169759232.00 91264024576.00 91357601792.00 91451990016.00 91545731072.00 91642142720.00 91733622784.00 91825618944.00 91920384000.00 92015181824.00 92109283328.00 92202786816.00 
92295569408.00 92390514688.00 92484509696.00 92578553856.00 92671844352.00 92765978624.00 92860186624.00 92952870912.00 93047676928.00 93141565440.00 93234741248.00 93329571840.00 93420994560.00 93516898304.00 93610557440.00 93703954432.00 93797801984.00 93891592192.00 93984260096.00 94075248640.00 
94104453120.00 94274592768.00 94365548544.00 94458552320.00 94551662592.00 94645272576.00 94739324928.00 94833565696.00 94925709312.00 95019827200.00 95113789440.00 95209299968.00 95301763072.00 95396356096.00 95489671168.00 95583731712.00 95677186048.00 95771926528.00 95865200640.00 95959089152.00 
96051798016.00 96146792448.00 96240795648.00 96334643200.00 96426393600.00 96520855552.00 96616407040.00 96709599232.00 96803790848.00 96898195456.00 96991256576.00 97085825024.00 97178787840.00 97273765888.00 97367162880.00 97461116928.00 97555021824.00 97645731840.00 97743052800.00 97837391872.00 
97925226496.00 98024677376.00 98118172672.00 98212134912.00 98306441216.00 98399969280.00 98493997056.00 98588155904.00 98681454592.00 98775744512.00 98866126848.00 98963480576.00 99056885760.00 99151994880.00 99245498368.00 99339116544.00 99430899712.00 99527467008.00 99620642816.00 99715047424.00 
99807174656.00 99902423040.00 99996311552.00 100090257408.00 100183580672.00 100277665792.00 100371283968.00 100467056640.00 100559781888.00 100653899776.00 100746969088.00 100841472000.00 100934279168.00 101029060608.00 101122965504.00 101215297536.00 101310439424.00 101406441472.00 101498388480.00 101592645632.00 
101683658752.00 101779554304.00 101874130944.00 101968003072.00 102061694976.00 102155583488.00 102249562112.00 102343712768.00 102435151872.00 102530777088.00 102623969280.00 102727704576.00 102813458432.00 102907199488.00 103000694784.00 103094755328.00 103188471808.00 103282761728.00 103375585280.00 103470546944.00 
103557259264.00 103658250240.00 103751892992.00 103845756928.00 103938949120.00 104033656832.00 104127758336.00 104221499392.00 104315314176.00 104409268224.00 104502403072.00 104594726912.00 104690720768.00 104784863232.00 104878817280.00 104972509184.00 105066242048.00 105160507392.00 105254076416.00 105348227072.00 
105431023616.00 105536036864.00 105629990912.00 105723838464.00 105817530368.00 105902809088.00 106005479424.00 106099318784.00 106192551936.00 106287013888.00 106380369920.00 106474815488.00 106568155136.00 106662584320.00 106756415488.00 106850123776.00 106943201280.00 107038171136.00 107131887616.00 107225661440.00 
107318181888.00 107412987904.00 107505508352.00 107615035392.00 107696611328.00 107790016512.00 107883741184.00 107977752576.00 108071239680.00 108165406720.00 108255625216.00 108353241088.00 108444680192.00 108540592128.00 108634767360.00 108728082432.00 108822208512.00 108916072448.00 109010690048.00 109104095232.00 
109195124736.00 109291675648.00 109385424896.00 109479952384.00 109573324800.00 109666852864.00 109761257472.00 109855514624.00 109948043264.00 110042890240.00 110136156160.00 110230913024.00 110324400128.00 110418427904.00 110512226304.00 110604410880.00 110699020288.00 110794727424.00 110888091648.00 110982021120.00 
111074451456.00 111169708032.00 111263752192.00 111357247488.00 111449145344.00 111544295424.00 111639044096.00 111733112832.00 111826575360.00 111920398336.00 112014073856.00 112108355584.00 112201949184.00 112297877504.00 112389464064.00 112483762176.00 112577634304.00 112671662080.00 112765247488.00 112858849280.00 
112925343744.00 113048338432.00 113141710848.00 113234829312.00 113329143808.00 113422876672.00 113516953600.00 113610915840.00 113704247296.00 113798324224.00 113892040704.00 113985552384.00 114079326208.00 114174533632.00 114267840512.00 114361655296.00 114453610496.00 114549227520.00 114643877888.00 114737471488.00 
114830123008.00 114925207552.00 115018948608.00 115113017344.00 115206316032.00 115299106816.00 115394748416.00 115489103872.00 115582238720.00 115676241920.00 115769114624.00 115866640384.00 115957555200.00 116052172800.00 116145831936.00 116239548416.00 116333502464.00 116427620352.00 116521009152.00 116615364608.00 
116706525184.00 116803305472.00 116896956416.00 116991041536.00 117084545024.00 117178466304.00 117272723456.00 117366546432.00 117458223104.00 117553979392.00 117630664704.00 117742575616.00 117835948032.00 117928779776.00 118023675904.00 118117810176.00 118211100672.00 118304907264.00 118399287296.00 118493167616.00 
118585794560.00 118680985600.00 118774611968.00 118867238912.00 118961979392.00 119056498688.00 119150510080.00 119244537856.00 119337787392.00 119432339456.00 119525416960.00 119619682304.00 119713161216.00 119808352256.00 119901503488.00 119993769984.00 120089272320.00 120183726080.00 120277098496.00 120371191808.00 
120453709824.00 120558780416.00 120652521472.00 120744919040.00 120840552448.00 120933949440.00 121028542464.00 121122267136.00 121215475712.00 121309749248.00 121402933248.00 121497362432.00 121591439360.00 121685712896.00 121778774016.00 121873154048.00 121966100480.00 122060767232.00 122154680320.00 122248847360.00 
122335649792.00 122436542464.00 122530267136.00 122624319488.00 122717585408.00 122811908096.00 122905731072.00 122999939072.00 123093712896.00 123187429376.00 123280719872.00 123375394816.00 123467055104.00 123563327488.00 123656740864.00 123750531072.00 123844558848.00 123938578432.00 124032270336.00 124126593024.00 
124217319424.00 124313911296.00 124407562240.00 124501819392.00 124595257344.00 124687384576.00 124782854144.00 124876488704.00 124968935424.00 125063561216.00 125156114432.00 125249462272.00 125339557888.00 125410172928.00 125550739456.00 125635092480.00 125726343168.00 125819772928.00 125913038848.00 126006501376.00 
126098890752.00 126193721344.00 126287527936.00 126381277184.00 126472896512.00 126568775680.00 126662664192.00 126756798464.00 126850211840.00 126944403456.00 127034826752.00 127132467200.00 127225225216.00 127319965696.00 127413460992.00 127507365888.00 127601557504.00 127694897152.00 127788982272.00 127883116544.00 
127971401728.00 128071106560.00 128164544512.00 128258629632.00 128352395264.00 128445988864.00 128540377088.00 128633962496.00 128727334912.00 128821862400.00 128915079168.00 129009500160.00 129103413248.00 129197400064.00 129291165696.00 129376354304.00 129476722688.00 129572495360.00 129666850816.00 129760485376.00 
129853374464.00 129948729344.00 130042544128.00 130136186880.00 130229436416.00 130324103168.00 130417958912.00 130512019456.00 130605563904.00 130699591680.00 130792693760.00 130886770688.00 130980528128.00 131075276800.00 131169271808.00 131262603264.00 131356622848.00 131450781696.00 131544416256.00 131638280192.00 
131718299648.00 131826327552.00 131920101376.00 132014325760.00 132107665408.00 132201414656.00 132295876608.00 132389707776.00 132481155072.00 132577198080.00 132670644224.00 132764565504.00 132860313600.00 132953088000.00 133046878208.00 133140561920.00 133234294784.00 133328576512.00 133422465024.00 133516017664.00 
133609111552.00 133703925760.00 133797896192.00 133891858432.00 133984739328.00 134077915136.00 134173335552.00 134267060224.00 134360416256.00 134456311808.00 134548733952.00 134643245056.00 134736388096.00 134830874624.00 134925443072.00 135018258432.00 135112843264.00 135206551552.00 135300030464.00 135393935360.00 
135476846592.00 135582367744.00 135675568128.00 135769604096.00 135863214080.00 135957209088.00 136051130368.00 136145362944.00 136238718976.00 136333148160.00 136423350272.00 136521129984.00 136614289408.00 136708243456.00 136801239040.00 136897658880.00 136989794304.00 137084551168.00 137178136576.00 137272074240.00 
137364619264.00 137459875840.00 137553739776.00 137647259648.00 137740992512.00 137835118592.00 137929080832.00 138023403520.00 138116792320.00 138210951168.00 138304061440.00 138398646272.00 138490216448.00 138586177536.00 138681171968.00 138772873216.00 138867965952.00 138962419712.00 139055644672.00 139150589952.00 
139240947712.00 139337498624.00 139431395328.00 139525521408.00 139619270656.00 139712839680.00 139807244288.00 139900911616.00 139993694208.00 140088688640.00 140182044672.00 140276367360.00 140370132992.00 140464177152.00 140558516224.00 140651790336.00 140745375744.00 140839337984.00 140933021696.00 141026377728.00 
141086507008.00 141216923648.00 141309820928.00 141403504640.00 141495156736.00 141591166976.00 141685063680.00 141779075072.00 141872693248.00 141966835712.00 142060011520.00 142154235904.00 142247985152.00 142342176768.00 142436204544.00 142529544192.00 142623719424.00 142717452288.00 142811512832.00 142906802176.00 
142993932288.00 143093284864.00 143187181568.00 143280914432.00 143375859712.00 143467511808.00 143562473472.00 143656517632.00 143749955584.00 143844196352.00 143937863680.00 144032481280.00 144126394368.00 144220078080.00 144313942016.00 144407625728.00 144499277824.00 144595353600.00 144688152576.00 144784457728.00 
144876306432.00 144971481088.00 145065115648.00 145159307264.00 145252499456.00 145346445312.00 145440423936.00 145534451712.00 145627987968.00 145722408960.00 145812914176.00 145908449280.00 146002903040.00 146097930240.00 146191630336.00 146285002752.00 146380029952.00 146473598976.00 146567462912.00 146661343232.00 
146752503808.00 146851381248.00 146942885888.00 147036831744.00 147130433536.00 147223445504.00 147318652928.00 147411451904.00 147504070656.00 147600195584.00 147693387776.00 147787972608.00 147881820160.00 147975618560.00 148069564416.00 148161888256.00 148257259520.00 148351172608.00 148445511680.00 148540162048.00 
148631666688.00 148726693888.00 148820738048.00 148914405376.00 149007466496.00 149102362624.00 149195997184.00 149290057728.00 149383626752.00 149477572608.00 149571158016.00 149665660928.00 149758771200.00 149853208576.00 149947203584.00 150040346624.00 150134292480.00 150228058112.00 150321184768.00 150413312000.00 
150454648832.00 150608461824.00 150700326912.00 150794174464.00 150887038976.00 150980902912.00 151074684928.00 151168647168.00 151262068736.00 151356145664.00 151449583616.00 151543889920.00 151637917696.00 151732109312.00 151824760832.00 151919132672.00 152012292096.00 152105336832.00 152201543680.00 152294014976.00 
152387584000.00 152482775040.00 152576917504.00 152670273536.00 152763744256.00 152849530880.00 152951963648.00 153046138880.00 153139970048.00 153234063360.00 153327484928.00 153421807616.00 153513574400.00 153609453568.00 153703317504.00 153796853760.00 153890439168.00 153985155072.00 154078838784.00 154172882944.00 
154263961600.00 154358235136.00 154454376448.00 154548486144.00 154641956864.00 154735820800.00 154829815808.00 154918748160.00 155017019392.00 155111833600.00 155202224128.00 155299594240.00 155392983040.00 155487502336.00 155581054976.00 155674165248.00 155768471552.00 155862794240.00 155956527104.00 156050767872.00 
156143124480.00 156238217216.00 156332343296.00 156426174464.00 156517711872.00 156613476352.00 156707045376.00 156803694592.00 156895969280.00 156989849600.00 157082927104.00 157177610240.00 157270802432.00 157364895744.00 157458661376.00 157551181824.00 157646831616.00 157740662784.00 157834493952.00 157927424000.00 
158016733184.00 158116151296.00 158209966080.00 158304124928.00 158396416000.00 158491754496.00 158585700352.00 158679482368.00 158772887552.00 158867652608.00 158960615424.00 159054856192.00 159148523520.00 159243157504.00 159336562688.00 159430688768.00 159522308096.00 159621185536.00 159712346112.00 159806586880.00 
159893340160.00 159994200064.00 160087719936.00 160182140928.00 160275218432.00 160369393664.00 160463503360.00 160556793856.00 160650887168.00 160745029632.00 160838221824.00 160932511744.00 161025228800.00 161119338496.00 161208025088.00 161310998528.00 161403453440.00 161497022464.00 161590673408.00 161683718144.00 
161775648768.00 161872347136.00 161966014464.00 162059698176.00 162153463808.00 162246049792.00 162341470208.00 162435334144.00 162527133696.00 162623242240.00 162716598272.00 162811346944.00 162904653824.00 162998714368.00 163092643840.00 163186524160.00 163280060416.00 163374071808.00 163467804672.00 163560783872.00 
163654729728.00 163749642240.00 163843964928.00 163937337344.00 164030611456.00 164125392896.00 164219142144.00 164313120768.00 164406722560.00 164500815872.00 164577165312.00 164688789504.00 164782276608.00 164876566528.00 164970070016.00 165064245248.00 165157666816.00 165251252224.00 165346099200.00 165439864832.00 
165522489344.00 165627281408.00 165721669632.00 165815549952.00 165909086208.00 166003179520.00 166096896000.00 166191120384.00 166284558336.00 166378586112.00 166472073216.00 166567116800.00 166660177920.00 166754172928.00 166848004096.00 166940065792.00 167034404864.00 167128563712.00 167228932096.00 167318568960.00 
167410810880.00 167505674240.00 167599800320.00 167693615104.00 167787036672.00 167880900608.00 167975174144.00 168069120000.00 168162525184.00 168256782336.00 168350187520.00 168443985920.00 168536244224.00 168631271424.00 168726265856.00 168819736576.00 168914403328.00 169007726592.00 169101819904.00 169195356160.00 
169275572224.00 169383772160.00 169477259264.00 169571205120.00 169665363968.00 169758654464.00 169852895232.00 169946775552.00 170039623680.00 170134323200.00 170228039680.00 170322214912.00 170416046080.00 170509975552.00 170604068864.00 170697490432.00 170791010304.00 170885414912.00 170975215616.00 171074289664.00 
171166449664.00 171261345792.00 171355521024.00 171449155584.00 171540938752.00 171635376128.00 171730255872.00 171824627712.00 171918278656.00 172012797952.00 172105809920.00 172200476672.00 172293455872.00 172387532800.00 172482035712.00 172575637504.00 172669173760.00 172763512832.00 172857933824.00 172951371776.00 
173039845376.00 173138673664.00 173232947200.00 173326548992.00 173420691456.00 173514047488.00 173605044224.00 173703233536.00 173796081664.00 173890404352.00 173980729344.00 174078099456.00 174171865088.00 174265958400.00 174359756800.00 174453096448.00 174545289216.00 174640726016.00 174735130624.00 174829027328.00 
174921711616.00 175017017344.00 175110324224.00 175203581952.00 175297888256.00 175392161792.00 175485911040.00 175581544448.00 175674081280.00 175768633344.00 175861415936.00 175956672512.00 176048750592.00 176143515648.00 176237314048.00 176322592768.00 176425172992.00 176519397376.00 176612999168.00 176706895872.00 
176797974528.00 176894754816.00 176987701248.00 177082761216.00 177176494080.00 177269948416.00 177364107264.00 177458249728.00 177549901824.00 177646338048.00 177739202560.00 177833721856.00 177927454720.00 178021056512.00 178115264512.00 178209882112.00 178302844928.00 178397020160.00 178491097088.00 178585600000.00 
178671976448.00 178773590016.00 178866601984.00 178960089088.00 179053133824.00 179149062144.00 179241975808.00 179336282112.00 179429769216.00 179523223552.00 179617153024.00 179711590400.00 179804946432.00 179895418880.00 179993280512.00 180086636544.00 180181073920.00 180274905088.00 180368654336.00 180462370816.00 
180545470464.00 180650852352.00 180744175616.00 180838072320.00 180931411968.00 181024309248.00 181121581056.00 181213151232.00 181306998784.00 181401747456.00 181494595584.00 181586100224.00 181683109888.00 181776973824.00 181870952448.00 181964324864.00 182057861120.00 182152593408.00 182246506496.00 182340321280.00 
182433103872.00 182528229376.00 182621913088.00 182716547072.00 182809329664.00 182903488512.00 182998761472.00 183091494912.00 183185178624.00 183279452160.00 183369777152.00 183466704896.00 183558619136.00 183654547456.00 183748509696.00 183842144256.00 183936565248.00 184030560256.00 184124243968.00 184218337280.00 
184309186560.00 184405770240.00 184499732480.00 184593940480.00 184687345664.00 184781586432.00 184875040768.00 184969248768.00 185061785600.00 185156878336.00 185249972224.00 185343442944.00 185438404608.00 185532350464.00 185625755648.00 185718292480.00 185813647360.00 185906774016.00 186001227776.00 186095599616.00 
186187743232.00 186283294720.00 186377388032.00 186470678528.00 186562379776.00 186658209792.00 186752008192.00 186845741056.00 186939375616.00 187033485312.00 187126169600.00 187220721664.00 187313766400.00 187407745024.00 187500904448.00 187593998336.00 187686682624.00 187778727936.00 187868790784.00 187951038464.00 
187927101440.00 188185722880.00 188267692032.00 188357607424.00 188449554432.00 188541796352.00 188635414528.00 188728492032.00 188821585920.00 188915810304.00 189009149952.00 189103128576.00 189196632064.00 189290512384.00 189384491008.00 189477748736.00 189569581056.00 189665804288.00 189759143936.00 189853138944.00 
189945872384.00 190040850432.00 190135336960.00 190229905408.00 190322147328.00 190414684160.00 190510743552.00 190604001280.00 190697701376.00 190793170944.00 190885085184.00 190979604480.00 191072600064.00 191167135744.00 191261376512.00 191354486784.00 191448825856.00 191542804480.00 191636832256.00 191730565120.00 
191821725696.00 191918391296.00 192012271616.00 192106037248.00 192199802880.00 192293519360.00 192387727360.00 192481902592.00 192573079552.00 192669581312.00 192760086528.00 192857014272.00 192950976512.00 193044971520.00 193137639424.00 193232322560.00 193325989888.00 193420034048.00 193514569728.00 193608335360.00 
193700757504.00 193796177920.00 193889697792.00 193983791104.00 194076393472.00 194171535360.00 194265710592.00 194359672832.00 194452996096.00 194550235136.00 194640576512.00 194735095808.00 194828582912.00 194923347968.00 195014901760.00 195109011456.00 195204284416.00 195298525184.00 195392274432.00 195485941760.00 
195568893952.00 195673915392.00 195767697408.00 195861610496.00 195955261440.00 196049010688.00 196143185920.00 196241129472.00 196330422272.00 196424810496.00 196518264832.00 196613144576.00 196706385920.00 196799905792.00 196894113792.00 196987109376.00 197081382912.00 197176033280.00 197269864448.00 197363220480.00 
197450776576.00 197550784512.00 197645336576.00 197739380736.00 197832654848.00 197926125568.00 198021218304.00 198115508224.00 198208716800.00 198302482432.00 198396264448.00 198490226688.00 198582386688.00 198678331392.00 198772293632.00 198865928192.00 198959661056.00 199053492224.00 199148584960.00 199241711616.00 
199332773888.00 199429767168.00 199523401728.00 199617380352.00 199710687232.00 199796080640.00 199898857472.00 199993065472.00 200085864448.00 200179826688.00 200274083840.00 200367800320.00 200461877248.00 200555200512.00 200650752000.00 200743845888.00 200837513216.00 200933064704.00 201025961984.00 201119678464.00 
201212248064.00 201307471872.00 201401139200.00 201495937024.00 201586966528.00 201682567168.00 201776660480.00 201870639104.00 201963978752.00 202058334208.00 202148904960.00 202246193152.00 202339221504.00 202433642496.00 202531504128.00 202621861888.00 202715611136.00 202810081280.00 202903470080.00 202997776384.00 
203085594624.00 203184914432.00 203278581760.00 203372953600.00 203466637312.00 203560386560.00 203654053888.00 203748884480.00 203842076672.00 203935940608.00 204029460480.00 204123914240.00 204217630720.00 204311740416.00 204406128640.00 204497698816.00 204591480832.00 204687540224.00 204780929024.00 204874874880.00 
204967264256.00 205062127616.00 205160906752.00 205251461120.00 205344292864.00 205438550016.00 205532266496.00 205626294272.00 205719977984.00 205814284288.00 205907558400.00 206001864704.00 206094745600.00 206189477888.00 206283636736.00 206377238528.00 206470807552.00 206565294080.00 206659043328.00 206753038336.00 
206832861184.00 206940913664.00 207034712064.00 207128788992.00 207221964800.00 207316090880.00 207410053120.00 207505211392.00 207595929600.00 207692496896.00 207785377792.00 207879782400.00 207973711872.00 208067461120.00 208161259520.00 208254926848.00 208348676096.00 208442966016.00 208536551424.00 208631054336.00 
208723181568.00 208818028544.00 208907583488.00 209008001024.00 209099866112.00 209192992768.00 209288413184.00 209382408192.00 209475846144.00 209569382400.00 209663229952.00 209757814784.00 209851039744.00 209945313280.00 210039226368.00 210132811776.00 210226774016.00 210321145856.00 210414518272.00 210509086720.00 
210591580160.00 210696503296.00 210790334464.00 210885033984.00 210978439168.00 211071844352.00 211165970432.00 211259654144.00 211353403392.00 211447808000.00 211524141056.00 211635863552.00 211729448960.00 211823067136.00 211917029376.00 212010893312.00 212103806976.00 212198850560.00 212292452352.00 212386791424.00 
212479213568.00 212575731712.00 212668219392.00 212762394624.00 212855603200.00 212949368832.00 213043331072.00 213137948672.00 213231583232.00 213324808192.00 213418622976.00 213513469952.00 213604892672.00 213701230592.00 213794963456.00 213887057920.00 213982707712.00 214076669952.00 214170124288.00 214264070144.00 
214355263488.00 214452682752.00 214545563648.00 214639214592.00 214732865536.00 214825238528.00 214928195584.00 215017127936.00 215109189632.00 215203889152.00 215296966656.00 215391535104.00 215485005824.00 215579656192.00 215673028608.00 215766401024.00 215860199424.00 215954374656.00 216048959488.00 216142135296.00 
216229232640.00 216329863168.00 216424103936.00 216515248128.00 216609882112.00 216705368064.00 216799297536.00 216893472768.00 216987467776.00 217081528320.00 217174360064.00 217268715520.00 217362481152.00 217457033216.00 217550618624.00 217644204032.00 217739558912.00 217832521728.00 217926565888.00 218020364288.00 
218108428288.00 218209157120.00 218301743104.00 218396049408.00 218489421824.00 218582122496.00 218677690368.00 218771390464.00 218864959488.00 218958757888.00 219052195840.00 219146600448.00 219240382464.00 219332853760.00 219429371904.00 219522580480.00 219614478336.00 219710259200.00 219804336128.00 219898658816.00 
219990769664.00 220085665792.00 220179693568.00 220273754112.00 220367011840.00 220461858816.00 220555476992.00 220648980480.00 220742991872.00 220836937728.00 220927328256.00 221024518144.00 221117300736.00 221218324480.00 221306912768.00 221400498176.00 221494116352.00 221587832832.00 221682073600.00 221778280448.00 
221867016192.00 221963583488.00 222057414656.00 222151245824.00 222245765120.00 222339203072.00 222433099776.00 222526816256.00 222618976256.00 222715002880.00 222807949312.00 222902583296.00 222996332544.00 223090147328.00 223184338944.00 223269306368.00 223371657216.00 223466356736.00 223559630848.00 223653576704.00 
223746277376.00 223842615296.00 223934791680.00 224031096832.00 224122175488.00 224216793088.00 224311607296.00 224404586496.00 224498171904.00 224592592896.00 224685785088.00 224780304384.00 224873562112.00 224967933952.00 225061568512.00 225155284992.00 225248788480.00 225342488576.00 225435926528.00 225527726080.00 
225568915456.00 225723154432.00 225814921216.00 225908375552.00 226001813504.00 226095366144.00 226189148160.00 226283094016.00 226376859648.00 226470903808.00 226564014080.00 226659188736.00 226752446464.00 226846507008.00 226940436480.00 227033579520.00 227126951936.00 227221798912.00 227315564544.00 227409838080.00 
227502424064.00 227596468224.00 227690758144.00 227785375744.00 227878141952.00 227971530752.00 228066869248.00 228160847872.00 228254154752.00 228348674048.00 228442079232.00 228536238080.00 228628135936.00 228725063680.00 228817895424.00 228912463872.00 229005590528.00 229099732992.00 229193482240.00 229285134336.00 
229378342912.00 229475106816.00 229569101824.00 229662883840.00 229756207104.00 229850841088.00 229944492032.00 230038487040.00 230131384320.00 230228410368.00 230316572672.00 230414041088.00 230508052480.00 230602063872.00 230695944192.00 230789332992.00 230883065856.00 230977077248.00 231071449088.00 231164952576.00 
231257636864.00 231352172544.00 231447920640.00 231541145600.00 231632814080.00 231728775168.00 231822442496.00 231916568576.00 232009744384.00 232103886848.00 232197341184.00 232292237312.00 232385511424.00 232479817728.00 232573779968.00 232665743360.00 232760360960.00 232855453696.00 232949104640.00 233043181568.00 
233131409408.00 233229729792.00 233324855296.00 233419177984.00 233512419328.00 233606447104.00 233700343808.00 233794338816.00 233887563776.00 233982476288.00 234075308032.00 234169663488.00 234263429120.00 234357506048.00 234451550208.00 234544807936.00 234636558336.00 234733142016.00 234826366976.00 234919919616.00 
234979524608.00 235110121472.00 235203657728.00 235297046528.00 235390369792.00 235484053504.00 235577622528.00 235672125440.00 235765989376.00 235860410368.00 235953471488.00 236047712256.00 236140806144.00 236235358208.00 236329271296.00 236422922240.00 236516966400.00 236611354624.00 236704858112.00 236799279104.00 
236889980928.00 236985925632.00 237080494080.00 237174226944.00 237267894272.00 237360332800.00 237455278080.00 237550305280.00 237641957376.00 237737754624.00 237831356416.00 237925662720.00 238018936832.00 238113013760.00 238207123456.00 238300938240.00 238394441728.00 238489223168.00 238582546432.00 238676606976.00 
238768799744.00 238864482304.00 238958133248.00 239051784192.00 239144828928.00 239238184960.00 239335227392.00 239428059136.00 239521726464.00 239615262720.00 239706193920.00 239803416576.00 239896969216.00 239991259136.00 240085172224.00 240178659328.00 240272982016.00 240366993408.00 240460562432.00 240553984000.00 
240637181952.00 240742514688.00 240836100096.00 240929964032.00 241023254528.00 241117429760.00 241210785792.00 241305255936.00 241399185408.00 241493426176.00 241586798592.00 241680187392.00 241775575040.00 241869275136.00 241963139072.00 242055217152.00 242149507072.00 242244599808.00 242338709504.00 242432557056.00 
242524798976.00 242620252160.00 242713739264.00 242807750656.00 242901303296.00 242995445760.00 243089735680.00 243183370240.00 243275907072.00 243371982848.00 243464585216.00 243559464960.00 243650707456.00 243746979840.00 243840778240.00 243934691328.00 244028309504.00 244122173440.00 244216217600.00 244310130688.00 
244390281216.00 244498104320.00 244591837184.00 244685881344.00 244779499520.00 244873314304.00 244967063552.00 245061451776.00 245153841152.00 245249736704.00 245342257152.00 245437071360.00 245530378240.00 245624586240.00 245718679552.00 245812019200.00 245905932288.00 246000304128.00 246094118912.00 246187819008.00 
246280388608.00 246376300544.00 246469476352.00 246564012032.00 246655287296.00 246742892544.00 246845177856.00 246938877952.00 247032905728.00 247127015424.00 247220338688.00 247314530304.00 247408099328.00 247502635008.00 247596072960.00 247689953280.00 247784062976.00 247877844992.00 247972036608.00 248065441792.00 
248154128384.00 248253382656.00 248347262976.00 248441733120.00 248534892544.00 248628559872.00 248722849792.00 248816533504.00 248910364672.00 249004015616.00 249094864896.00 249192235008.00 249285574656.00 249379766272.00 249473761280.00 249567313920.00 249659080704.00 249755172864.00 249848856576.00 249942540288.00 
250035093504.00 250130137088.00 250223542272.00 250316701696.00 250409025536.00 250500939776.00 250585628672.00 250726252544.00 250796621824.00 250887241728.00 250979090432.00 251072921600.00 251165474816.00 251260157952.00 251353710592.00 251445526528.00 251541012480.00 251634827264.00 251728756736.00 251822358528.00 
251913502720.00 252010086400.00 252104114176.00 252197978112.00 252291383296.00 252385525760.00 252479356928.00 252573171712.00 252664676352.00 252761292800.00 252854419456.00 252949331968.00 253041934336.00 253136683008.00 253230514176.00 253323902976.00 253417668608.00 253512122368.00 253606297600.00 253699981312.00 
253786996736.00 253887725568.00 253981622272.00 254075797504.00 254168137728.00 254263083008.00 254357487616.00 254450712576.00 254544609280.00 254639161344.00 254731993088.00 254826627072.00 254919950336.00 255014125568.00 255107579904.00 255202017280.00 255295750144.00 255391449088.00 255484051456.00 255577735168.00 
255660343296.00 255765118976.00 255859212288.00 255952732160.00 256046661632.00 256139165696.00 256234618880.00 256328286208.00 256422625280.00 256516964352.00 256609976320.00 256704151552.00 256798113792.00 256891748352.00 256985808896.00 257079361536.00 257172586496.00 257269366784.00 257361428480.00 257455439872.00 
257548058624.00 257643511808.00 257737129984.00 257831600128.00 257924497408.00 258018017280.00 258112782336.00 258207612928.00 258300051456.00 258394128384.00 258470395904.00 258582396928.00 258673868800.00 258770108416.00 258863628288.00 258957737984.00 259051405312.00 259145629696.00 259239182336.00 259333079040.00 
259424501760.00 259520921600.00 259615326208.00 259709075456.00 259802808320.00 259896246272.00 259990519808.00 260084416512.00 260177002496.00 260269703168.00 260366417920.00 260460036096.00 260554129408.00 260647370752.00 260741595136.00 260834115584.00 260929126400.00 261023383552.00 261117198336.00 261211455488.00 
261303795712.00 261398986752.00 261492506624.00 261587140608.00 261678792704.00 261774393344.00 261868781568.00 261962088448.00 262056542208.00 262150848512.00 262243467264.00 262338248704.00 262431358976.00 262525812736.00 262619398144.00 262712983552.00 262807142400.00 262901448704.00 262994755584.00 263088422912.00 
263154647040.00 263277330432.00 263370883072.00 263465091072.00 263558332416.00 263652147200.00 263747174400.00 263838531584.00 263933378560.00 264028225536.00 264121057280.00 264216346624.00 264309604352.00 264403238912.00 264497135616.00 264591802368.00 264682799104.00 264779415552.00 264873017344.00 264966897664.00 
265059385344.00 265154494464.00 265248342016.00 265341829120.00 265436610560.00 265528492032.00 265623879680.00 265717923840.00 265811853312.00 265905553408.00 265999204352.00 266093723648.00 266186211328.00 266280861696.00 266375315456.00 266468655104.00 266562895872.00 266656612352.00 266750836736.00 266844815360.00 
266936303616.00 267032510464.00 267125784576.00 267220156416.00 267313905664.00 267407687680.00 267501584384.00 267595972608.00 267687723008.00 267783208960.00 267873992704.00 267971117056.00 268064686080.00 268159041536.00 268252659712.00 268346064896.00 268439011328.00 268521390080.00 268630802432.00 268723519488.00 
268815646720.00 268910886912.00 269004292096.00 269098434560.00 269191299072.00 269285883904.00 269380091904.00 269473873920.00 269567918080.00 269661831168.00 269754662912.00 269849378816.00 269943226368.00 270037139456.00 270131019776.00 270216134656.00 270318518272.00 270412431360.00 270506262528.00 270600290304.00 
270683226112.00 270788182016.00 270882127872.00 270976155648.00 271069757440.00 271163293696.00 271257550848.00 271351775232.00 271444574208.00 271541895168.00 271632793600.00 271727116288.00 271820800000.00 271914909696.00 272008691712.00 272102227968.00 272195846144.00 272290676736.00 272384737280.00 272478273536.00 
272565108736.00 272666034176.00 272760602624.00 272853614592.00 272947118080.00 273040998400.00 273135534080.00 273229348864.00 273322885120.00 273408720896.00 273511251968.00 273605771264.00 273696899072.00 273792647168.00 273887051776.00 273980473344.00 274074173440.00 274168627200.00 274261999616.00 274356994048.00 
274447286272.00 274543607808.00 274637848576.00 274729943040.00 274825560064.00 274917556224.00 275013206016.00 275107282944.00 275200049152.00 275294978048.00 275388366848.00 275482836992.00 275576258560.00 275669483520.00 275765231616.00 275858391040.00 275951845376.00 276045987840.00 276140163072.00 276234141696.00 
276326350848.00 276421378048.00 276515749888.00 276608974848.00 276701282304.00 276796735488.00 276890943488.00 276984528896.00 277079326720.00 277173370880.00 277263319040.00 277360705536.00 277454094336.00 277548498944.00 277642608640.00 277736095744.00 277829943296.00 277924347904.00 278018097152.00 278111846400.00 
278200123392.00 278299344896.00 278393290752.00 278490841088.00 278580723712.00 278674866176.00 278769303552.00 278862856192.00 278956670976.00 279050747904.00 279144038400.00 279238344704.00 279332519936.00 279426662400.00 279519756288.00 279612293120.00 279705649152.00 279802085376.00 279895638016.00 279990042624.00 
280082120704.00 280177278976.00 280271257600.00 280364482560.00 280458526720.00 280552177664.00 280646582272.00 280740200448.00 280834375680.00 280927502336.00 281021612032.00 281116835840.00 281208913920.00 281303023616.00 281396772864.00 281490751488.00 281584566272.00 281677955072.00 281770590208.00 281861881856.00 
281890816000.00 282061307904.00 282152173568.00 282244939776.00 282338066432.00 282431717376.00 282525597696.00 282619707392.00 282710933504.00 282807074816.00 282900299776.00 282995294208.00 283088355328.00 283183841280.00 283276312576.00 283369897984.00 283463581696.00 283557953536.00 283651735552.00 283745910784.00 
283838349312.00 283933769728.00 284027289600.00 284121235456.00 284213903360.00 284307226624.00 284402974720.00 284494266368.00 284590538752.00 284684419072.00 284777480192.00 284872409088.00 284965732352.00 285060268032.00 285154017280.00 285248061440.00 285341319168.00 285434904576.00 285530030080.00 285623353344.00 
285706354688.00 285811245056.00 285904863232.00 285999104000.00 286092787712.00 286186733568.00 286280679424.00 286374428672.00 286468472832.00 286562353152.00 286652825600.00 286750048256.00 286843502592.00 286937776128.00 287031689216.00 287125274624.00 287218630656.00 287313723392.00 287407013888.00 287503056896.00 
287594020864.00 287689048064.00 287782797312.00 287876972544.00 287970426880.00 288064700416.00 288158318592.00 288252592128.00 288346210304.00 288440287232.00 288533774336.00 288628015104.00 288719568896.00 288815546368.00 288909361152.00 289001635840.00 289096761344.00 289198538752.00 289285537792.00 289379319808.00 
289470283776.00 289566654464.00 289661255680.00 289754185728.00 289848623104.00 289942274048.00 290036580352.00 290130526208.00 290223095808.00 290318024704.00 290410856448.00 290507784192.00 290599534592.00 290693578752.00 290787262464.00 290880913408.00 290974597120.00 291069558784.00 291162783744.00 291257155584.00 
291344187392.00 291444654080.00 291537616896.00 291632152576.00 291724165120.00 291819945984.00 291914022912.00 292008099840.00 292101292032.00 292195041280.00 292288233472.00 292373528576.00 292478484480.00 292572266496.00 292665720832.00 292759666688.00 292853284864.00 292947361792.00 293040914432.00 293134827520.00 
293223170048.00 293322555392.00 293417975808.00 293511036928.00 293604065280.00 293689524224.00 293791989760.00 293886296064.00 293979488256.00 294073729024.00 294166855680.00 294261915648.00 294355369984.00 294448496640.00 294542442496.00 294636126208.00 294728761344.00 294824673280.00 294918848512.00 295012532224.00 
295104937984.00 295200522240.00 295293812736.00 295391690752.00 295481868288.00 295575519232.00 295669792768.00 295764066304.00 295857618944.00 295952056320.00 296042102784.00 296139161600.00 296232386560.00 296327610368.00 296421031936.00 296514748416.00 296608464896.00 296702345216.00 296798945280.00 296890793984.00 
296981823488.00 297078194176.00 297172140032.00 297266216960.00 297359638528.00 297453584384.00 297547431936.00 297642295296.00 297733488640.00 297829269504.00 297922592768.00 298017030144.00 298110582784.00 298205347840.00 298298834944.00 298391175168.00 298486235136.00 298580934656.00 298674520064.00 298768695296.00 
298860937216.00 298955702272.00 299049680896.00 299144052736.00 299236589568.00 299331354624.00 299425497088.00 299520327680.00 299613093888.00 299706679296.00 299800231936.00 299893587968.00 299988287488.00 300082790400.00 300176244736.00 300269699072.00 300363448320.00 300457492480.00 300550684672.00 300642467840.00 
300683886592.00 300838223872.00 300929712128.00 301023395840.00 301116522496.00 301210173440.00 301304283136.00 301398163456.00 301490733056.00 301585629184.00 301678952448.00 301772865536.00 301866844160.00 301960888320.00 302054899712.00 302148976640.00 302241775616.00 302336638976.00 302430224384.00 302524891136.00 
302616903680.00 302712225792.00 302805581824.00 302899331072.00 302993080320.00 303086010368.00 303181955072.00 303275737088.00 303368634368.00 303463268352.00 303556329472.00 303651291136.00 303742681088.00 303838625792.00 303931457536.00 304026222592.00 304120135680.00 304214638592.00 304306061312.00 304402006016.00 
304493166592.00 304589602816.00 304683450368.00 304777232384.00 304871538688.00 304964829184.00 305058873344.00 305152851968.00 305245945856.00 305340809216.00 305416896512.00 305529159680.00 305622155264.00 305716494336.00 305810079744.00 305903894528.00 305998102528.00 306092277760.00 306186125312.00 306279120896.00 
306372476928.00 306467864576.00 306561646592.00 306655068160.00 306747080704.00 306843025408.00 306937069568.00 307030622208.00 307124633600.00 307218644992.00 307312066560.00 307406274560.00 307499237376.00 307597410304.00 307688636416.00 307780812800.00 307875872768.00 307970015232.00 308063895552.00 308157513728.00 
308246315008.00 308345372672.00 308438106112.00 308532838400.00 308627177472.00 308720664576.00 308814970880.00 308909113344.00 309002436608.00 309097103360.00 309190033408.00 309284339712.00 309378023424.00 309471936512.00 309563555840.00 309660254208.00 309752070144.00 309847949312.00 309941600256.00 310035644416.00 
310122807296.00 310223568896.00 310316892160.00 310410936320.00 310504325120.00 310598991872.00 310693134336.00 310787211264.00 310880600064.00 310974644224.00 311067607040.00 311162273792.00 311255334912.00 311349936128.00 311443849216.00 311537467392.00 311631347712.00 311724867584.00 311819894784.00 311913283584.00 
312005001216.00 312101273600.00 312194760704.00 312288608256.00 312382881792.00 312475090944.00 312570281984.00 312663998464.00 312755945472.00 312851890176.00 312945311744.00 313038995456.00 313132154880.00 313219973120.00 313325617152.00 313416974336.00 313510166528.00 313604177920.00 313697959936.00 313791905792.00 
313884311552.00 313979994112.00 314073448448.00 314167361536.00 314259668992.00 314354368512.00 314448642048.00 314543177728.00 314636206080.00 314730643456.00 314820820992.00 314918043648.00 315011530752.00 315106033664.00 315199520768.00 315293892608.00 315387248640.00 315481522176.00 315574779904.00 315669184512.00 
315751825408.00 315857207296.00 315950563328.00 316044509184.00 316138323968.00 316231909376.00 316326281216.00 316419997696.00 316513157120.00 316608741376.00 316701278208.00 316796207104.00 316889890816.00 316983902208.00 317077061632.00 317162487808.00 317264199680.00 317359226880.00 317453041664.00 317547511808.00 
317639688192.00 317734879232.00 317828399104.00 317922476032.00 318015373312.00 318111219712.00 318204248064.00 318298357760.00 318391812096.00 318485463040.00 318579343360.00 318673289216.00 318765727744.00 318861705216.00 318956601344.00 319049105408.00 319142952960.00 319237226496.00 319330844672.00 319424790528.00 
319504941056.00 319612649472.00 319706562560.00 319801491456.00 319894159360.00 319988334592.00 320082018304.00 320175702016.00 320269090816.00 320363757568.00 320456949760.00 320551485440.00 320645529600.00 320739278848.00 320832897024.00 320927006720.00 321020461056.00 321114669056.00 321208582144.00 321303085056.00 
321395130368.00 321490550784.00 321584136192.00 321678147584.00 321769766912.00 321863843840.00 321959395328.00 322053406720.00 322144239616.00 322246443008.00 322336129024.00 322430402560.00 322523103232.00 322617212928.00 322711617536.00 322804973568.00 322899050496.00 322993061888.00 323086516224.00 323180658688.00 
323269001216.00 323368812544.00 323462594560.00 323555983360.00 323650027520.00 323744071680.00 323837526016.00 323930849280.00 324025155584.00 324119625728.00 324210032640.00 324309057536.00 324401037312.00 324495605760.00 324588765184.00 324682940416.00 324774592512.00 324870897664.00 324964712448.00 325058625536.00 
325150965760.00 325246648320.00 325340233728.00 325433917440.00 325527142400.00 325621776384.00 325715132416.00 325811208192.00 325903515648.00 325997559808.00 326090817536.00 326185746432.00 326277955584.00 326372786176.00 326467092480.00 326559334400.00 326654164992.00 326749224960.00 326841827328.00 326936395776.00 
327027326976.00 327124058112.00 327217872896.00 327312572416.00 327406321664.00 327499350016.00 327593230336.00 327687176192.00 327779090432.00 327875297280.00 327968751616.00 328063025152.00 328156643328.00 328251244544.00 328344633344.00 328438022144.00 328531509248.00 328625553408.00 328719728640.00 328812789760.00 
328873082880.00 329003237376.00 329096298496.00 329190113280.00 329282912256.00 329377447936.00 329471524864.00 329565470720.00 329658990592.00 329753296896.00 329846587392.00 329940533248.00 330034479104.00 330128588800.00 330222043136.00 330316218368.00 330410098688.00 330504372224.00 330597826560.00 330692263936.00 
330774839296.00 330879729664.00 330973642752.00 331067916288.00 331161632768.00 331253645312.00 331349426176.00 331443011584.00 331536334848.00 331630477312.00 331724881920.00 331818827776.00 331912249344.00 332007145472.00 332100698112.00 332194971648.00 332287279104.00 332382273536.00 332476022784.00 332570624000.00 
332662308864.00 332759433216.00 332851609600.00 332946079744.00 333038485504.00 333132562432.00 333226704896.00 333321273344.00 333414760448.00 333509099520.00 333598949376.00 333696139264.00 333788184576.00 333884325888.00 333977485312.00 334070153216.00 334168358912.00 334260436992.00 334354153472.00 334447640576.00 
334538997760.00 334636089344.00 334729412608.00 334823096320.00 334917140480.00 335010856960.00 335104933888.00 335198683136.00 335292235776.00 335386640384.00 335480127488.00 335574433792.00 335668445184.00 335762653184.00 335856697344.00 335948251136.00 336043343872.00 336137551872.00 336231366656.00 336330522624.00 
336418603008.00 336513695744.00 336606724096.00 336701292544.00 336792944640.00 336888889344.00 336982441984.00 337077010432.00 337170595840.00 337264377856.00 337357864960.00 337452335104.00 337546117120.00 337640095744.00 337733681152.00 337827495936.00 337921376256.00 338015322112.00 338109169664.00 338202951680.00 
338269569024.00 338392416256.00 338485772288.00 338579357696.00 338672713728.00 338766954496.00 338860670976.00 338954846208.00 339047841792.00 339142377472.00 339235700736.00 339330531328.00 339424444416.00 339519307776.00 339611746304.00 339705626624.00 339797803008.00 339893387264.00 339986972672.00 340076855296.00 
340174503936.00 340269236224.00 340363018240.00 340456865792.00 340550254592.00 340636041216.00 340738113536.00 340832583680.00 340926595072.00 341020049408.00 341113372672.00 341208432640.00 341300871168.00 341395701760.00 341489614848.00 341582807040.00 341675147264.00 341773156352.00 341865234432.00 341959147520.00 
342050701312.00 342146547712.00 342240919552.00 342335062016.00 342429007872.00 342522560512.00 342616113152.00 342709075968.00 342802464768.00 342897786880.00 342988619776.00 343085121536.00 343178838016.00 343274192896.00 343367548928.00 343461167104.00 343554883584.00 343648731136.00 343743070208.00 343836655616.00 
343929716736.00 344023400448.00 344119181312.00 344212307968.00 344305434624.00 344400166912.00 344493162496.00 344590483456.00 344682201088.00 344776114176.00 344869502976.00 344963907584.00 345057034240.00 345151471616.00 345245548544.00 345337495552.00 345433276416.00 345527517184.00 345620774912.00 345714720768.00 
345798082560.00 345902776320.00 345996525568.00 346090668032.00 346184089600.00 346277773312.00 346371915776.00 346466091008.00 346559578112.00 346653458432.00 346746912768.00 346840924160.00 346933657600.00 347029798912.00 347123875840.00 347217428480.00 347310260224.00 347405877248.00 347498676224.00 347592818688.00 
347679457280.00 347780874240.00 347874164736.00 347968274432.00 348061892608.00 348155936768.00 348250210304.00 348343533568.00 348437741568.00 348531589120.00 348624584704.00 348719644672.00 348810805248.00 348906553344.00 348999680000.00 349095395328.00 349189111808.00 349283385344.00 349376643072.00 349470097408.00 
349561749504.00 349658841088.00 349751934976.00 349845880832.00 349938974720.00 350032134144.00 350127325184.00 350221697024.00 350314594304.00 350409457664.00 350503010304.00 350597021696.00 350690934784.00 350783340544.00 350879645696.00 350972870656.00 351066161152.00 351160762368.00 351254773760.00 351347998720.00 
351441027072.00 351535923200.00 351631704064.00 351724503040.00 351815598080.00 351911378944.00 352004866048.00 352099762176.00 352192757760.00 352286965760.00 352363773952.00 352475611136.00 352568606720.00 352663044096.00 352757121024.00 352849887232.00 352944455680.00 353038303232.00 353132642304.00 353225932800.00 
353314340864.00 353413726208.00 353507868672.00 353601716224.00 353695170560.00 353790459904.00 353883422720.00 353978023936.00 354070888448.00 354165325824.00 354258223104.00 354352660480.00 354446606336.00 354540978176.00 354634039296.00 354726838272.00 354820227072.00 354915713024.00 355011362816.00 355103539200.00 
355196993536.00 355291987968.00 355385376768.00 355479355392.00 355573334016.00 355667083264.00 355761192960.00 355854942208.00 355948986368.00 356042604544.00 356136812544.00 356230922240.00 356323590144.00 356418486272.00 356512563200.00 356606541824.00 356700389376.00 356794269696.00 356888412160.00 356982194176.00 
357062410240.00 357170282496.00 357263966208.00 357357977600.00 357451366400.00 357545836544.00 357639061504.00 357733040128.00 357824724992.00 357920440320.00 358014910464.00 358108889088.00 358202179584.00 358296649728.00 358391054336.00 358483984384.00 358577831936.00 358672236544.00 358764773376.00 358859538432.00 
358952402944.00 359047528448.00 359141113856.00 359234600960.00 359328448512.00 359421247488.00 359515127808.00 359611105280.00 359704788992.00 359798636544.00 359891402752.00 359987707904.00 360079851520.00 360173731840.00 360268234752.00 360361459712.00 360455536640.00 360549777408.00 360643395584.00 360737603584.00 
360820441088.00 360925069312.00 361019473920.00 361112567808.00 361207005184.00 361301049344.00 361393618944.00 361489235968.00 361581248512.00 361675456512.00 361766617088.00 361863938048.00 361958637568.00 362052222976.00 362145251328.00 362239328256.00 362332454912.00 362426728448.00 362521755648.00 362615275520.00 
362707812352.00 362802774016.00 362895278080.00 362990764032.00 363084283904.00 363178491904.00 363272470528.00 363366481920.00 363460198400.00 363554242560.00 363647500288.00 363745116160.00 363833688064.00 363928616960.00 364023611392.00 364108578816.00 364211339264.00 364306071552.00 364399001600.00 364493504512.00 
364584009728.00 364680642560.00 364774621184.00 364868632576.00 364961660928.00 365055672320.00 365150208000.00 365243793408.00 365336657920.00 365432668160.00 365525204992.00 365619478528.00 365714145280.00 365807042560.00 365901152256.00 365994901504.00 366088257536.00 366182957056.00 366277066752.00 366370914304.00 
366458044416.00 366558838784.00 366652391424.00 366746533888.00 366837432320.00 366934163456.00 367027617792.00 367123988480.00 367214985216.00 367309193216.00 367402909696.00 367496921088.00 367590932480.00 367684124672.00 367779610624.00 367872802816.00 367966781440.00 368060760064.00 368154673152.00 368248487936.00 
368337059840.00 368436084736.00 368529539072.00 368623747072.00 368717955072.00 368810033152.00 368906010624.00 368999399424.00 369093050368.00 369187586048.00 369281040384.00 369374298112.00 369468801024.00 369562451968.00 369656299520.00 369750573056.00 369842388992.00 369937612800.00 370032443392.00 370126159872.00 
370218237952.00 370313101312.00 370407407616.00 370501386240.00 370594971648.00 370688753664.00 370783158272.00 370876973056.00 370970525696.00 371064537088.00 371154911232.00 371252297728.00 371345489920.00 371440222208.00 371533479936.00 371627098112.00 371721240576.00 371816103936.00 371908837376.00 372003536896.00 
372093812736.00 372190380032.00 372284391424.00 372378861568.00 372472414208.00 372565540864.00 372659585024.00 372753694720.00 372845608960.00 372942077952.00 373034319872.00 373128396800.00 373222473728.00 373316485120.00 373410267136.00 373501919232.00 373597143040.00 373691219968.00 373785100288.00 373878325248.00 
373970829312.00 374066348032.00 374159769600.00 374253387776.00 374345400320.00 374439772160.00 374533586944.00 374626877440.00 374719971328.00 374813392896.00 374906257408.00 374999285760.00 375091494912.00 375183835136.00 375275913216.00 375366483968.00 375455678464.00 375541596160.00 375620665344.00 375667359744.00 
end   dump: w
==END   DUMP_ARRAYS==
Time in seconds = 0.086465
