Sender: LSF System <lsfadmin@polus-c4-ib.bmc.hpc.cs.msu.ru>
Subject: Job 494228: <./extra.o> in cluster <MSUCluster> Done

Job <./extra.o> was submitted from host <polus-ib.bmc.hpc.cs.msu.ru> by user <edu-cmc-skpod19-328-11> in cluster <MSUCluster> at Fri Nov 29 23:42:34 2019
Job was executed on host(s) <6*polus-c4-ib.bmc.hpc.cs.msu.ru>, in queue <short>, as user <edu-cmc-skpod19-328-11> in cluster <MSUCluster> at Fri Nov 29 23:43:06 2019
</home_edu/edu-cmc-skpod19-328/edu-cmc-skpod19-328-11> was used as the home directory.
</home_edu/edu-cmc-skpod19-328/edu-cmc-skpod19-328-11/dep_gemver> was used as the working directory.
Started at Fri Nov 29 23:43:06 2019
Terminated at Fri Nov 29 23:43:07 2019
Results reported at Fri Nov 29 23:43:07 2019

Your job looked like:

------------------------------------------------------------
# LSBATCH: User input
./extra.o
------------------------------------------------------------

Successfully completed.

Resource usage summary:

    CPU time :                                   10.58 sec.
    Max Memory :                                 4 MB
    Average Memory :                             2.00 MB
    Total Requested Memory :                     -
    Delta Memory :                               -
    Max Swap :                                   -
    Max Processes :                              1
    Max Threads :                                1
    Run time :                                   1 sec.
    Turnaround time :                            33 sec.

The output (if any) follows:

==BEGIN DUMP_ARRAYS==
begin dump: w
0.00 0.00 0.00 0.00 0.00 0.00 0.00 0.00 0.00 0.00 0.00 0.00 0.00 0.00 0.00 0.00 0.00 0.00 0.00 0.00 
0.00 0.00 0.00 0.00 0.00 0.00 0.00 0.00 0.00 0.00 0.00 0.00 0.00 0.00 0.00 0.00 0.00 0.00 0.00 0.00 
0.00 0.00 0.00 0.00 0.00 0.00 0.00 0.00 0.00 0.00 0.00 0.00 0.00 0.00 0.00 0.00 0.00 0.00 0.00 0.00 
0.00 0.00 0.00 0.00 0.00 0.00 0.00 0.00 0.00 0.00 0.00 0.00 0.00 0.00 0.00 0.00 0.00 0.00 0.00 0.00 
0.00 0.00 0.00 0.00 0.00 0.00 0.00 0.00 0.00 0.00 0.00 0.00 0.00 0.00 0.00 0.00 0.00 0.00 0.00 0.00 
0.00 0.00 0.00 0.00 0.00 0.00 0.00 0.00 0.00 0.00 0.00 0.00 0.00 0.00 0.00 0.00 0.00 0.00 0.00 0.00 
0.00 0.00 0.00 0.00 0.00 0.00 0.00 0.00 0.00 0.00 0.00 0.00 0.00 0.00 0.00 0.00 0.00 0.00 0.00 0.00 
0.00 0.00 0.00 0.00 0.00 0.00 0.00 0.00 0.00 0.00 0.00 0.00 0.00 0.00 0.00 0.00 0.00 0.00 0.00 0.00 
0.00 0.00 0.00 0.00 0.00 0.00 0.00 0.00 0.00 0.00 0.00 0.00 0.00 0.00 0.00 0.00 0.00 0.00 0.00 0.00 
0.00 0.00 0.00 0.00 0.00 0.00 0.00 0.00 0.00 0.00 0.00 0.00 0.00 0.00 0.00 0.00 0.00 0.00 0.00 0.00 
0.00 0.00 0.00 0.00 0.00 0.00 0.00 0.00 0.00 0.00 0.00 0.00 0.00 0.00 0.00 0.00 0.00 0.00 0.00 0.00 
0.00 0.00 0.00 0.00 0.00 0.00 0.00 0.00 0.00 0.00 0.00 0.00 0.00 0.00 0.00 0.00 0.00 0.00 0.00 0.00 
0.00 0.00 0.00 0.00 0.00 0.00 0.00 0.00 0.00 0.00 0.00 0.00 0.00 0.00 0.00 0.00 0.00 0.00 0.00 0.00 
0.00 0.00 0.00 0.00 0.00 0.00 0.00 0.00 0.00 0.00 0.00 0.00 0.00 0.00 0.00 0.00 0.00 0.00 0.00 0.00 
0.00 0.00 0.00 0.00 0.00 0.00 0.00 0.00 0.00 0.00 0.00 0.00 0.00 0.00 0.00 0.00 0.00 0.00 0.00 0.00 
0.00 0.00 0.00 0.00 0.00 0.00 0.00 0.00 0.00 0.00 0.00 0.00 0.00 0.00 0.00 0.00 0.00 0.00 0.00 0.00 
0.00 0.00 0.00 0.00 0.00 0.00 0.00 0.00 0.00 0.00 0.00 0.00 0.00 0.00 0.00 0.00 0.00 0.00 0.00 0.00 
0.00 0.00 0.00 0.00 0.00 0.00 0.00 0.00 0.00 0.00 0.00 0.00 0.00 0.00 0.00 0.00 0.00 0.00 0.00 0.00 
0.00 0.00 0.00 0.00 0.00 0.00 0.00 0.00 0.00 0.00 0.00 0.00 0.00 0.00 0.00 0.00 0.00 0.00 0.00 0.00 
0.00 0.00 0.00 0.00 0.00 0.00 0.00 0.00 0.00 0.00 0.00 0.00 0.00 0.00 0.00 0.00 0.00 0.00 0.00 0.00 
0.00 0.00 0.00 0.00 0.00 0.00 0.00 0.00 0.00 0.00 0.00 0.00 0.00 0.00 0.00 0.00 0.00 0.00 0.00 0.00 
0.00 0.00 0.00 0.00 0.00 0.00 0.00 0.00 0.00 0.00 0.00 0.00 0.00 0.00 0.00 0.00 0.00 0.00 0.00 0.00 
0.00 0.00 0.00 0.00 0.00 0.00 0.00 0.00 0.00 0.00 0.00 0.00 0.00 0.00 0.00 0.00 0.00 0.00 0.00 0.00 
0.00 0.00 0.00 0.00 0.00 0.00 0.00 0.00 0.00 0.00 0.00 0.00 0.00 0.00 0.00 0.00 0.00 0.00 0.00 0.00 
0.00 0.00 0.00 0.00 0.00 0.00 0.00 0.00 0.00 0.00 0.00 0.00 0.00 0.00 0.00 0.00 0.00 0.00 0.00 0.00 
0.00 0.00 0.00 0.00 0.00 0.00 0.00 0.00 0.00 0.00 0.00 0.00 0.00 0.00 0.00 0.00 0.00 0.00 0.00 0.00 
0.00 0.00 0.00 0.00 0.00 0.00 0.00 0.00 0.00 0.00 0.00 0.00 0.00 0.00 0.00 0.00 0.00 0.00 0.00 0.00 
0.00 0.00 0.00 0.00 0.00 0.00 0.00 0.00 0.00 0.00 0.00 0.00 0.00 0.00 0.00 0.00 0.00 0.00 0.00 0.00 
0.00 0.00 0.00 0.00 0.00 0.00 0.00 0.00 0.00 0.00 0.00 0.00 0.00 0.00 0.00 0.00 0.00 0.00 0.00 0.00 
0.00 0.00 0.00 0.00 0.00 0.00 0.00 0.00 0.00 0.00 0.00 0.00 0.00 0.00 0.00 0.00 0.00 0.00 0.00 0.00 
0.00 0.00 0.00 0.00 0.00 0.00 0.00 0.00 0.00 0.00 0.00 0.00 0.00 0.00 0.00 0.00 0.00 0.00 0.00 0.00 
0.00 0.00 0.00 0.00 0.00 0.00 0.00 0.00 0.00 0.00 0.00 0.00 0.00 0.00 0.00 0.00 0.00 0.00 0.00 0.00 
0.00 0.00 0.00 0.00 0.00 0.00 0.00 0.00 0.00 0.00 0.00 0.00 0.00 0.00 0.00 0.00 0.00 0.00 0.00 0.00 
0.00 0.00 0.00 0.00 0.00 0.00 0.00 0.00 0.00 0.00 0.00 0.00 0.00 0.00 0.00 0.00 0.00 0.00 0.00 0.00 
0.00 0.00 0.00 0.00 0.00 0.00 0.00 0.00 0.00 0.00 0.00 0.00 0.00 0.00 0.00 0.00 0.00 0.00 0.00 0.00 
0.00 0.00 0.00 0.00 0.00 0.00 0.00 0.00 0.00 0.00 0.00 0.00 0.00 0.00 0.00 0.00 0.00 0.00 0.00 0.00 
0.00 0.00 0.00 0.00 0.00 0.00 0.00 0.00 0.00 0.00 0.00 0.00 0.00 0.00 0.00 0.00 0.00 0.00 0.00 0.00 
0.00 0.00 0.00 0.00 0.00 0.00 0.00 0.00 0.00 0.00 0.00 0.00 0.00 0.00 0.00 0.00 0.00 0.00 0.00 0.00 
0.00 0.00 0.00 0.00 0.00 0.00 0.00 0.00 0.00 0.00 0.00 0.00 0.00 0.00 0.00 0.00 0.00 0.00 0.00 0.00 
0.00 0.00 0.00 0.00 0.00 0.00 0.00 0.00 0.00 0.00 0.00 0.00 0.00 0.00 0.00 0.00 0.00 0.00 0.00 0.00 
0.00 0.00 0.00 0.00 0.00 0.00 0.00 0.00 0.00 0.00 0.00 0.00 0.00 0.00 0.00 0.00 0.00 0.00 0.00 0.00 
0.00 0.00 0.00 0.00 0.00 0.00 0.00 0.00 0.00 0.00 0.00 0.00 0.00 0.00 0.00 0.00 0.00 0.00 0.00 0.00 
0.00 0.00 0.00 0.00 0.00 0.00 0.00 0.00 0.00 0.00 0.00 0.00 0.00 0.00 0.00 0.00 0.00 0.00 0.00 0.00 
0.00 0.00 0.00 0.00 0.00 0.00 0.00 0.00 0.00 0.00 0.00 0.00 0.00 0.00 0.00 0.00 0.00 0.00 0.00 0.00 
0.00 0.00 0.00 0.00 0.00 0.00 0.00 0.00 0.00 0.00 0.00 0.00 0.00 0.00 0.00 0.00 0.00 0.00 0.00 0.00 
0.00 0.00 0.00 0.00 0.00 0.00 0.00 0.00 0.00 0.00 0.00 0.00 0.00 0.00 0.00 0.00 0.00 0.00 0.00 0.00 
0.00 0.00 0.00 0.00 0.00 0.00 0.00 0.00 0.00 0.00 0.00 0.00 0.00 0.00 0.00 0.00 0.00 0.00 0.00 0.00 
0.00 0.00 0.00 0.00 0.00 0.00 0.00 0.00 0.00 0.00 0.00 0.00 0.00 0.00 0.00 0.00 0.00 0.00 0.00 0.00 
0.00 0.00 0.00 0.00 0.00 0.00 0.00 0.00 0.00 0.00 0.00 0.00 0.00 0.00 0.00 0.00 0.00 0.00 0.00 0.00 
0.00 0.00 0.00 0.00 0.00 0.00 0.00 0.00 0.00 0.00 0.00 0.00 0.00 0.00 0.00 0.00 0.00 0.00 0.00 0.00 
0.00 0.00 0.00 0.00 0.00 0.00 0.00 0.00 0.00 0.00 0.00 0.00 0.00 0.00 0.00 0.00 0.00 0.00 0.00 0.00 
0.00 0.00 0.00 0.00 0.00 0.00 0.00 0.00 0.00 0.00 0.00 0.00 0.00 0.00 0.00 0.00 0.00 0.00 0.00 0.00 
0.00 0.00 0.00 0.00 0.00 0.00 0.00 0.00 0.00 0.00 0.00 0.00 0.00 0.00 0.00 0.00 0.00 0.00 0.00 0.00 
0.00 0.00 0.00 0.00 0.00 0.00 0.00 0.00 0.00 0.00 0.00 0.00 0.00 0.00 0.00 0.00 0.00 0.00 0.00 0.00 
0.00 0.00 0.00 0.00 0.00 0.00 0.00 0.00 0.00 0.00 0.00 0.00 0.00 0.00 0.00 0.00 0.00 0.00 0.00 0.00 
0.00 0.00 0.00 0.00 0.00 0.00 0.00 0.00 0.00 0.00 0.00 0.00 0.00 0.00 0.00 0.00 0.00 0.00 0.00 0.00 
0.00 0.00 0.00 0.00 0.00 0.00 0.00 0.00 0.00 0.00 0.00 0.00 0.00 0.00 0.00 0.00 0.00 0.00 0.00 0.00 
0.00 0.00 0.00 0.00 0.00 0.00 0.00 0.00 0.00 0.00 0.00 0.00 0.00 0.00 0.00 0.00 0.00 0.00 0.00 0.00 
0.00 0.00 0.00 0.00 0.00 0.00 0.00 0.00 0.00 0.00 0.00 0.00 0.00 0.00 0.00 0.00 0.00 0.00 0.00 0.00 
0.00 0.00 0.00 0.00 0.00 0.00 0.00 0.00 0.00 0.00 0.00 0.00 0.00 0.00 0.00 0.00 0.00 0.00 0.00 0.00 
0.00 0.00 0.00 0.00 0.00 0.00 0.00 0.00 0.00 0.00 0.00 0.00 0.00 0.00 0.00 0.00 0.00 0.00 0.00 0.00 
0.00 0.00 0.00 0.00 0.00 0.00 0.00 0.00 0.00 0.00 0.00 0.00 0.00 0.00 0.00 0.00 0.00 0.00 0.00 0.00 
0.00 0.00 0.00 0.00 0.00 0.00 0.00 0.00 0.00 0.00 0.00 0.00 0.00 0.00 0.00 0.00 0.00 0.00 0.00 0.00 
0.00 0.00 0.00 0.00 0.00 0.00 0.00 0.00 0.00 0.00 0.00 0.00 0.00 0.00 0.00 0.00 0.00 0.00 0.00 0.00 
0.00 0.00 0.00 0.00 0.00 0.00 0.00 0.00 0.00 0.00 0.00 0.00 0.00 0.00 0.00 0.00 0.00 0.00 0.00 0.00 
0.00 0.00 0.00 0.00 0.00 0.00 0.00 0.00 0.00 0.00 0.00 0.00 0.00 0.00 0.00 0.00 0.00 0.00 0.00 0.00 
0.00 0.00 0.00 0.00 0.00 0.00 0.00 0.00 0.00 0.00 0.00 0.00 0.00 0.00 0.00 0.00 0.00 0.00 0.00 0.00 
0.00 0.00 0.00 0.00 0.00 0.00 0.00 0.00 0.00 0.00 0.00 0.00 0.00 0.00 0.00 0.00 0.00 0.00 0.00 0.00 
0.00 0.00 0.00 0.00 0.00 0.00 0.00 0.00 0.00 0.00 0.00 0.00 0.00 0.00 0.00 0.00 0.00 0.00 0.00 0.00 
0.00 0.00 0.00 0.00 0.00 0.00 0.00 0.00 0.00 0.00 0.00 0.00 0.00 0.00 0.00 0.00 0.00 0.00 0.00 0.00 
0.00 0.00 0.00 0.00 0.00 0.00 0.00 0.00 0.00 0.00 0.00 0.00 0.00 0.00 0.00 0.00 0.00 0.00 0.00 0.00 
0.00 0.00 0.00 0.00 0.00 0.00 0.00 0.00 0.00 0.00 0.00 0.00 0.00 0.00 0.00 0.00 0.00 0.00 0.00 0.00 
0.00 0.00 0.00 0.00 0.00 0.00 0.00 0.00 0.00 0.00 0.00 0.00 0.00 0.00 0.00 0.00 0.00 0.00 0.00 0.00 
0.00 0.00 0.00 0.00 0.00 0.00 0.00 0.00 0.00 0.00 0.00 0.00 0.00 0.00 0.00 0.00 0.00 0.00 0.00 0.00 
0.00 0.00 0.00 0.00 0.00 0.00 0.00 0.00 0.00 0.00 0.00 0.00 0.00 0.00 0.00 0.00 0.00 0.00 0.00 0.00 
0.00 0.00 0.00 0.00 0.00 0.00 0.00 0.00 0.00 0.00 0.00 0.00 0.00 0.00 0.00 0.00 0.00 0.00 0.00 0.00 
0.00 0.00 0.00 0.00 0.00 0.00 0.00 0.00 0.00 0.00 0.00 0.00 0.00 0.00 0.00 0.00 0.00 0.00 0.00 0.00 
0.00 0.00 0.00 0.00 0.00 0.00 0.00 0.00 0.00 0.00 0.00 0.00 0.00 0.00 0.00 0.00 0.00 0.00 0.00 0.00 
0.00 0.00 0.00 0.00 0.00 0.00 0.00 0.00 0.00 0.00 0.00 0.00 0.00 0.00 0.00 0.00 0.00 0.00 0.00 0.00 
0.00 0.00 0.00 0.00 0.00 0.00 0.00 0.00 0.00 0.00 0.00 0.00 0.00 0.00 0.00 0.00 0.00 0.00 0.00 0.00 
0.00 0.00 0.00 0.00 0.00 0.00 0.00 0.00 0.00 0.00 0.00 0.00 0.00 0.00 0.00 0.00 0.00 0.00 0.00 0.00 
0.00 0.00 0.00 0.00 0.00 0.00 0.00 0.00 0.00 0.00 0.00 0.00 0.00 0.00 0.00 0.00 0.00 0.00 0.00 0.00 
0.00 0.00 0.00 0.00 0.00 0.00 0.00 0.00 0.00 0.00 0.00 0.00 0.00 0.00 0.00 0.00 0.00 0.00 0.00 0.00 
0.00 0.00 0.00 0.00 0.00 0.00 0.00 0.00 0.00 0.00 0.00 0.00 0.00 0.00 0.00 0.00 0.00 0.00 0.00 0.00 
0.00 0.00 0.00 0.00 0.00 0.00 0.00 0.00 0.00 0.00 0.00 0.00 0.00 0.00 0.00 0.00 0.00 0.00 0.00 0.00 
0.00 0.00 0.00 0.00 0.00 0.00 0.00 0.00 0.00 0.00 0.00 0.00 0.00 0.00 0.00 0.00 0.00 0.00 0.00 0.00 
0.00 0.00 0.00 0.00 0.00 0.00 0.00 0.00 0.00 0.00 0.00 0.00 0.00 0.00 0.00 0.00 0.00 0.00 0.00 0.00 
0.00 0.00 0.00 0.00 0.00 0.00 0.00 0.00 0.00 0.00 0.00 0.00 0.00 0.00 0.00 0.00 0.00 0.00 0.00 0.00 
0.00 0.00 0.00 0.00 0.00 0.00 0.00 0.00 0.00 0.00 0.00 0.00 0.00 0.00 0.00 0.00 0.00 0.00 0.00 0.00 
0.00 0.00 0.00 0.00 0.00 0.00 0.00 0.00 0.00 0.00 0.00 0.00 0.00 0.00 0.00 0.00 0.00 0.00 0.00 0.00 
0.00 0.00 0.00 0.00 0.00 0.00 0.00 0.00 0.00 0.00 0.00 0.00 0.00 0.00 0.00 0.00 0.00 0.00 0.00 0.00 
0.00 0.00 0.00 0.00 0.00 0.00 0.00 0.00 0.00 0.00 0.00 0.00 0.00 0.00 0.00 0.00 0.00 0.00 0.00 0.00 
0.00 0.00 0.00 0.00 0.00 0.00 0.00 0.00 0.00 0.00 0.00 0.00 0.00 0.00 0.00 0.00 0.00 0.00 0.00 0.00 
0.00 0.00 0.00 0.00 0.00 0.00 0.00 0.00 0.00 0.00 0.00 0.00 0.00 0.00 0.00 0.00 0.00 0.00 0.00 0.00 
0.00 0.00 0.00 0.00 0.00 0.00 0.00 0.00 0.00 0.00 0.00 0.00 0.00 0.00 0.00 0.00 0.00 0.00 0.00 0.00 
0.00 0.00 0.00 0.00 0.00 0.00 0.00 0.00 0.00 0.00 0.00 0.00 0.00 0.00 0.00 0.00 0.00 0.00 0.00 0.00 
0.00 0.00 0.00 0.00 0.00 0.00 0.00 0.00 0.00 0.00 0.00 0.00 0.00 0.00 0.00 0.00 0.00 0.00 0.00 0.00 
0.00 0.00 0.00 0.00 0.00 0.00 0.00 0.00 0.00 0.00 0.00 0.00 0.00 0.00 0.00 0.00 0.00 0.00 0.00 0.00 
0.00 0.00 0.00 0.00 0.00 0.00 0.00 0.00 0.00 0.00 0.00 0.00 0.00 0.00 0.00 0.00 0.00 0.00 0.00 0.00 
0.00 0.00 0.00 0.00 0.00 0.00 0.00 0.00 0.00 0.00 0.00 0.00 0.00 0.00 0.00 0.00 0.00 0.00 0.00 0.00 
0.00 0.00 0.00 0.00 0.00 0.00 0.00 0.00 0.00 0.00 0.00 0.00 0.00 0.00 0.00 0.00 0.00 0.00 0.00 0.00 
0.00 0.00 0.00 0.00 0.00 0.00 0.00 0.00 0.00 0.00 0.00 0.00 0.00 0.00 0.00 0.00 0.00 0.00 0.00 0.00 
0.00 0.00 0.00 0.00 0.00 0.00 0.00 0.00 0.00 0.00 0.00 0.00 0.00 0.00 0.00 0.00 0.00 0.00 0.00 0.00 
0.00 0.00 0.00 0.00 0.00 0.00 0.00 0.00 0.00 0.00 0.00 0.00 0.00 0.00 0.00 0.00 0.00 0.00 0.00 0.00 
0.00 0.00 0.00 0.00 0.00 0.00 0.00 0.00 0.00 0.00 0.00 0.00 0.00 0.00 0.00 0.00 0.00 0.00 0.00 0.00 
0.00 0.00 0.00 0.00 0.00 0.00 0.00 0.00 0.00 0.00 0.00 0.00 0.00 0.00 0.00 0.00 0.00 0.00 0.00 0.00 
0.00 0.00 0.00 0.00 0.00 0.00 0.00 0.00 0.00 0.00 0.00 0.00 0.00 0.00 0.00 0.00 0.00 0.00 0.00 0.00 
0.00 0.00 0.00 0.00 0.00 0.00 0.00 0.00 0.00 0.00 0.00 0.00 0.00 0.00 0.00 0.00 0.00 0.00 0.00 0.00 
0.00 0.00 0.00 0.00 0.00 0.00 0.00 0.00 0.00 0.00 0.00 0.00 0.00 0.00 0.00 0.00 0.00 0.00 0.00 0.00 
0.00 0.00 0.00 0.00 0.00 0.00 0.00 0.00 0.00 0.00 0.00 0.00 0.00 0.00 0.00 0.00 0.00 0.00 0.00 0.00 
0.00 0.00 0.00 0.00 0.00 0.00 0.00 0.00 0.00 0.00 0.00 0.00 0.00 0.00 0.00 0.00 0.00 0.00 0.00 0.00 
0.00 0.00 0.00 0.00 0.00 0.00 0.00 0.00 0.00 0.00 0.00 0.00 0.00 0.00 0.00 0.00 0.00 0.00 0.00 0.00 
0.00 0.00 0.00 0.00 0.00 0.00 0.00 0.00 0.00 0.00 0.00 0.00 0.00 0.00 0.00 0.00 0.00 0.00 0.00 0.00 
0.00 0.00 0.00 0.00 0.00 0.00 0.00 0.00 0.00 0.00 0.00 0.00 0.00 0.00 0.00 0.00 0.00 0.00 0.00 0.00 
0.00 0.00 0.00 0.00 0.00 0.00 0.00 0.00 0.00 0.00 0.00 0.00 0.00 0.00 0.00 0.00 0.00 0.00 0.00 0.00 
0.00 0.00 0.00 0.00 0.00 0.00 0.00 0.00 0.00 0.00 0.00 0.00 0.00 0.00 0.00 0.00 0.00 0.00 0.00 0.00 
0.00 0.00 0.00 0.00 0.00 0.00 0.00 0.00 0.00 0.00 0.00 0.00 0.00 0.00 0.00 0.00 0.00 0.00 0.00 0.00 
0.00 0.00 0.00 0.00 0.00 0.00 0.00 0.00 0.00 0.00 0.00 0.00 0.00 0.00 0.00 0.00 0.00 0.00 0.00 0.00 
0.00 0.00 0.00 0.00 0.00 0.00 0.00 0.00 0.00 0.00 0.00 0.00 0.00 0.00 0.00 0.00 0.00 0.00 0.00 0.00 
0.00 0.00 0.00 0.00 0.00 0.00 0.00 0.00 0.00 0.00 0.00 0.00 0.00 0.00 0.00 0.00 0.00 0.00 0.00 0.00 
0.00 0.00 0.00 0.00 0.00 0.00 0.00 0.00 0.00 0.00 0.00 0.00 0.00 0.00 0.00 0.00 0.00 0.00 0.00 0.00 
0.00 0.00 0.00 0.00 0.00 0.00 0.00 0.00 0.00 0.00 0.00 0.00 0.00 0.00 0.00 0.00 0.00 0.00 0.00 0.00 
0.00 0.00 0.00 0.00 0.00 0.00 0.00 0.00 0.00 0.00 0.00 0.00 0.00 0.00 0.00 0.00 0.00 0.00 0.00 0.00 
0.00 0.00 0.00 0.00 0.00 0.00 0.00 0.00 0.00 0.00 0.00 0.00 0.00 0.00 0.00 0.00 0.00 0.00 0.00 0.00 
0.00 0.00 0.00 0.00 0.00 0.00 0.00 0.00 0.00 0.00 0.00 0.00 0.00 0.00 0.00 0.00 0.00 0.00 0.00 0.00 
0.00 0.00 0.00 0.00 0.00 0.00 0.00 0.00 0.00 0.00 0.00 0.00 0.00 0.00 0.00 0.00 0.00 0.00 0.00 0.00 
0.00 0.00 0.00 0.00 0.00 0.00 0.00 0.00 0.00 0.00 0.00 0.00 0.00 0.00 0.00 0.00 0.00 0.00 0.00 0.00 
0.00 0.00 0.00 0.00 0.00 0.00 0.00 0.00 0.00 0.00 0.00 0.00 0.00 0.00 0.00 0.00 0.00 0.00 0.00 0.00 
0.00 0.00 0.00 0.00 0.00 0.00 0.00 0.00 0.00 0.00 0.00 0.00 0.00 0.00 0.00 0.00 0.00 0.00 0.00 0.00 
0.00 0.00 0.00 0.00 0.00 0.00 0.00 0.00 0.00 0.00 0.00 0.00 0.00 0.00 0.00 0.00 0.00 0.00 0.00 0.00 
0.00 0.00 0.00 0.00 0.00 0.00 0.00 0.00 0.00 0.00 0.00 0.00 0.00 0.00 0.00 0.00 0.00 0.00 0.00 0.00 
0.00 0.00 0.00 0.00 0.00 0.00 0.00 0.00 0.00 0.00 0.00 0.00 0.00 0.00 0.00 0.00 0.00 0.00 0.00 0.00 
0.00 0.00 0.00 0.00 0.00 0.00 0.00 0.00 0.00 0.00 0.00 0.00 0.00 0.00 0.00 0.00 0.00 0.00 0.00 0.00 
0.00 0.00 0.00 0.00 0.00 0.00 0.00 0.00 0.00 0.00 0.00 0.00 0.00 0.00 0.00 0.00 0.00 0.00 0.00 0.00 
0.00 0.00 0.00 0.00 0.00 0.00 0.00 0.00 0.00 0.00 0.00 0.00 0.00 0.00 0.00 0.00 0.00 0.00 0.00 0.00 
0.00 0.00 0.00 0.00 0.00 0.00 0.00 0.00 0.00 0.00 0.00 0.00 0.00 0.00 0.00 0.00 0.00 0.00 0.00 0.00 
0.00 0.00 0.00 0.00 0.00 0.00 0.00 0.00 0.00 0.00 0.00 0.00 0.00 0.00 0.00 0.00 0.00 0.00 0.00 0.00 
0.00 0.00 0.00 0.00 0.00 0.00 0.00 0.00 0.00 0.00 0.00 0.00 0.00 0.00 0.00 0.00 0.00 0.00 0.00 0.00 
0.00 0.00 0.00 0.00 0.00 0.00 0.00 0.00 0.00 0.00 0.00 0.00 0.00 0.00 0.00 0.00 0.00 0.00 0.00 0.00 
0.00 0.00 0.00 0.00 0.00 0.00 0.00 0.00 0.00 0.00 0.00 0.00 0.00 0.00 0.00 0.00 0.00 0.00 0.00 0.00 
0.00 0.00 0.00 0.00 0.00 0.00 0.00 0.00 0.00 0.00 0.00 0.00 0.00 0.00 0.00 0.00 0.00 0.00 0.00 0.00 
0.00 0.00 0.00 0.00 0.00 0.00 0.00 0.00 0.00 0.00 0.00 0.00 0.00 0.00 0.00 0.00 0.00 0.00 0.00 0.00 
0.00 0.00 0.00 0.00 0.00 0.00 0.00 0.00 0.00 0.00 0.00 0.00 0.00 0.00 0.00 0.00 0.00 0.00 0.00 0.00 
0.00 0.00 0.00 0.00 0.00 0.00 0.00 0.00 0.00 0.00 0.00 0.00 0.00 0.00 0.00 0.00 0.00 0.00 0.00 0.00 
0.00 0.00 0.00 0.00 0.00 0.00 0.00 0.00 0.00 0.00 0.00 0.00 0.00 0.00 0.00 0.00 0.00 0.00 0.00 0.00 
0.00 0.00 0.00 0.00 0.00 0.00 0.00 0.00 0.00 0.00 0.00 0.00 0.00 0.00 0.00 0.00 0.00 0.00 0.00 0.00 
0.00 0.00 0.00 0.00 0.00 0.00 0.00 0.00 0.00 0.00 0.00 0.00 0.00 0.00 0.00 0.00 0.00 0.00 0.00 0.00 
0.00 0.00 0.00 0.00 0.00 0.00 0.00 0.00 0.00 0.00 0.00 0.00 0.00 0.00 0.00 0.00 0.00 0.00 0.00 0.00 
0.00 0.00 0.00 0.00 0.00 0.00 0.00 0.00 0.00 0.00 0.00 0.00 0.00 0.00 0.00 0.00 0.00 0.00 0.00 0.00 
0.00 0.00 0.00 0.00 0.00 0.00 0.00 0.00 0.00 0.00 0.00 0.00 0.00 0.00 0.00 0.00 0.00 0.00 0.00 0.00 
0.00 0.00 0.00 0.00 0.00 0.00 0.00 0.00 0.00 0.00 0.00 0.00 0.00 0.00 0.00 0.00 0.00 0.00 0.00 0.00 
0.00 0.00 0.00 0.00 0.00 0.00 0.00 0.00 0.00 0.00 0.00 0.00 0.00 0.00 0.00 0.00 0.00 0.00 0.00 0.00 
0.00 0.00 0.00 0.00 0.00 0.00 0.00 0.00 0.00 0.00 0.00 0.00 0.00 0.00 0.00 0.00 0.00 0.00 0.00 0.00 
0.00 0.00 0.00 0.00 0.00 0.00 0.00 0.00 0.00 0.00 0.00 0.00 0.00 0.00 0.00 0.00 0.00 0.00 0.00 0.00 
0.00 0.00 0.00 0.00 0.00 0.00 0.00 0.00 0.00 0.00 0.00 0.00 0.00 0.00 0.00 0.00 0.00 0.00 0.00 0.00 
0.00 0.00 0.00 0.00 0.00 0.00 0.00 0.00 0.00 0.00 0.00 0.00 0.00 0.00 0.00 0.00 0.00 0.00 0.00 0.00 
0.00 0.00 0.00 0.00 0.00 0.00 0.00 0.00 0.00 0.00 0.00 0.00 0.00 0.00 0.00 0.00 0.00 0.00 0.00 0.00 
0.00 0.00 0.00 0.00 0.00 0.00 0.00 0.00 0.00 0.00 0.00 0.00 0.00 0.00 0.00 0.00 0.00 0.00 0.00 0.00 
0.00 0.00 0.00 0.00 0.00 0.00 0.00 0.00 0.00 0.00 0.00 0.00 0.00 0.00 0.00 0.00 0.00 0.00 0.00 0.00 
0.00 0.00 0.00 0.00 0.00 0.00 0.00 0.00 0.00 0.00 0.00 0.00 0.00 0.00 0.00 0.00 0.00 0.00 0.00 0.00 
0.00 0.00 0.00 0.00 0.00 0.00 0.00 0.00 0.00 0.00 0.00 0.00 0.00 0.00 0.00 0.00 0.00 0.00 0.00 0.00 
0.00 0.00 0.00 0.00 0.00 0.00 0.00 0.00 0.00 0.00 0.00 0.00 0.00 0.00 0.00 0.00 0.00 0.00 0.00 0.00 
0.00 0.00 0.00 0.00 0.00 0.00 0.00 0.00 0.00 0.00 0.00 0.00 0.00 0.00 0.00 0.00 0.00 0.00 0.00 0.00 
0.00 0.00 0.00 0.00 0.00 0.00 0.00 0.00 0.00 0.00 0.00 0.00 0.00 0.00 0.00 0.00 0.00 0.00 0.00 0.00 
0.00 0.00 0.00 0.00 0.00 0.00 0.00 0.00 0.00 0.00 0.00 0.00 0.00 0.00 0.00 0.00 0.00 0.00 0.00 0.00 
0.00 0.00 0.00 0.00 0.00 0.00 0.00 0.00 0.00 0.00 0.00 0.00 0.00 0.00 0.00 0.00 0.00 0.00 0.00 0.00 
0.00 0.00 0.00 0.00 0.00 0.00 0.00 0.00 0.00 0.00 0.00 0.00 0.00 0.00 0.00 0.00 0.00 0.00 0.00 0.00 
0.00 0.00 0.00 0.00 0.00 0.00 0.00 0.00 0.00 0.00 0.00 0.00 0.00 0.00 0.00 0.00 0.00 0.00 0.00 0.00 
0.00 0.00 0.00 0.00 0.00 0.00 0.00 0.00 0.00 0.00 0.00 0.00 0.00 0.00 0.00 0.00 0.00 0.00 0.00 0.00 
0.00 0.00 0.00 0.00 0.00 0.00 0.00 0.00 0.00 0.00 0.00 0.00 0.00 0.00 0.00 0.00 0.00 0.00 0.00 0.00 
0.00 0.00 0.00 0.00 0.00 0.00 0.00 0.00 0.00 0.00 0.00 0.00 0.00 0.00 0.00 0.00 0.00 0.00 0.00 0.00 
0.00 0.00 0.00 0.00 0.00 0.00 0.00 0.00 0.00 0.00 0.00 0.00 0.00 0.00 0.00 0.00 0.00 0.00 0.00 0.00 
0.00 0.00 0.00 0.00 0.00 0.00 0.00 0.00 0.00 0.00 0.00 0.00 0.00 0.00 0.00 0.00 0.00 0.00 0.00 0.00 
0.00 0.00 0.00 0.00 0.00 0.00 0.00 0.00 0.00 0.00 0.00 0.00 0.00 0.00 0.00 0.00 0.00 0.00 0.00 0.00 
0.00 0.00 0.00 0.00 0.00 0.00 0.00 0.00 0.00 0.00 0.00 0.00 0.00 0.00 0.00 0.00 0.00 0.00 0.00 0.00 
0.00 0.00 0.00 0.00 0.00 0.00 0.00 0.00 0.00 0.00 0.00 0.00 0.00 0.00 0.00 0.00 0.00 0.00 0.00 0.00 
0.00 0.00 0.00 0.00 0.00 0.00 0.00 0.00 0.00 0.00 0.00 0.00 0.00 0.00 0.00 0.00 0.00 0.00 0.00 0.00 
0.00 0.00 0.00 0.00 0.00 0.00 0.00 0.00 0.00 0.00 0.00 0.00 0.00 0.00 0.00 0.00 0.00 0.00 0.00 0.00 
0.00 0.00 0.00 0.00 0.00 0.00 0.00 0.00 0.00 0.00 0.00 0.00 0.00 0.00 0.00 0.00 0.00 0.00 0.00 0.00 
0.00 0.00 0.00 0.00 0.00 0.00 0.00 0.00 0.00 0.00 0.00 0.00 0.00 0.00 0.00 0.00 0.00 0.00 0.00 0.00 
0.00 0.00 0.00 0.00 0.00 0.00 0.00 0.00 0.00 0.00 0.00 0.00 0.00 0.00 0.00 0.00 0.00 0.00 0.00 0.00 
0.00 0.00 0.00 0.00 0.00 0.00 0.00 0.00 0.00 0.00 0.00 0.00 0.00 0.00 0.00 0.00 0.00 0.00 0.00 0.00 
0.00 0.00 0.00 0.00 0.00 0.00 0.00 0.00 0.00 0.00 0.00 0.00 0.00 0.00 0.00 0.00 0.00 0.00 0.00 0.00 
0.00 0.00 0.00 0.00 0.00 0.00 0.00 0.00 0.00 0.00 0.00 0.00 0.00 0.00 0.00 0.00 0.00 0.00 0.00 0.00 
0.00 0.00 0.00 0.00 0.00 0.00 0.00 0.00 0.00 0.00 0.00 0.00 0.00 0.00 0.00 0.00 0.00 0.00 0.00 0.00 
0.00 0.00 0.00 0.00 0.00 0.00 0.00 0.00 0.00 0.00 0.00 0.00 0.00 0.00 0.00 0.00 0.00 0.00 0.00 0.00 
0.00 0.00 0.00 0.00 0.00 0.00 0.00 0.00 0.00 0.00 0.00 0.00 0.00 0.00 0.00 0.00 0.00 0.00 0.00 0.00 
0.00 0.00 0.00 0.00 0.00 0.00 0.00 0.00 0.00 0.00 0.00 0.00 0.00 0.00 0.00 0.00 0.00 0.00 0.00 0.00 
0.00 0.00 0.00 0.00 0.00 0.00 0.00 0.00 0.00 0.00 0.00 0.00 0.00 0.00 0.00 0.00 0.00 0.00 0.00 0.00 
0.00 0.00 0.00 0.00 0.00 0.00 0.00 0.00 0.00 0.00 0.00 0.00 0.00 0.00 0.00 0.00 0.00 0.00 0.00 0.00 
0.00 0.00 0.00 0.00 0.00 0.00 0.00 0.00 0.00 0.00 0.00 0.00 0.00 0.00 0.00 0.00 0.00 0.00 0.00 0.00 
0.00 0.00 0.00 0.00 0.00 0.00 0.00 0.00 0.00 0.00 0.00 0.00 0.00 0.00 0.00 0.00 0.00 0.00 0.00 0.00 
0.00 0.00 0.00 0.00 0.00 0.00 0.00 0.00 0.00 0.00 0.00 0.00 0.00 0.00 0.00 0.00 0.00 0.00 0.00 0.00 
0.00 0.00 0.00 0.00 0.00 0.00 0.00 0.00 0.00 0.00 0.00 0.00 0.00 0.00 0.00 0.00 0.00 0.00 0.00 0.00 
0.00 0.00 0.00 0.00 0.00 0.00 0.00 0.00 0.00 0.00 0.00 0.00 0.00 0.00 0.00 0.00 0.00 0.00 0.00 0.00 
0.00 0.00 0.00 0.00 0.00 0.00 0.00 0.00 0.00 0.00 0.00 0.00 0.00 0.00 0.00 0.00 0.00 0.00 0.00 0.00 
0.00 0.00 0.00 0.00 0.00 0.00 0.00 0.00 0.00 0.00 0.00 0.00 0.00 0.00 0.00 0.00 0.00 0.00 0.00 0.00 
0.00 0.00 0.00 0.00 0.00 0.00 0.00 0.00 0.00 0.00 0.00 0.00 0.00 0.00 0.00 0.00 0.00 0.00 0.00 0.00 
0.00 0.00 0.00 0.00 0.00 0.00 0.00 0.00 0.00 0.00 0.00 0.00 0.00 0.00 0.00 0.00 0.00 0.00 0.00 0.00 
0.00 0.00 0.00 0.00 0.00 0.00 0.00 0.00 0.00 0.00 0.00 0.00 0.00 0.00 0.00 0.00 0.00 0.00 0.00 0.00 
end   dump: w
==END   DUMP_ARRAYS==
==BEGIN DUMP_ARRAYS==
begin dump: w
7704.37 462139488.00 508377568.00 585470016.00 669994368.00 757876864.00 847448128.00 937507200.00 1028134464.00 1119539200.00 1210510848.00 1302878080.00 1394214272.00 1486280192.00 1578251008.00 1670031616.00 1761300352.00 1854464256.00 1946493952.00 2038582656.00 
2129761152.00 2223344896.00 2315572736.00 2408010240.00 2499658496.00 2590699264.00 2684826880.00 2776864768.00 2869362176.00 2962005504.00 3053481216.00 3145810176.00 3236624896.00 3331195392.00 3423599104.00 3515601152.00 3607968256.00 3700656896.00 3792941312.00 3885460224.00 
3975171840.00 4070279424.00 4162624000.00 4254286080.00 4347564032.00 4439823360.00 4532788224.00 4624616448.00 4716177408.00 4809643520.00 4898471936.00 4994310656.00 5087059456.00 5179448320.00 5271412224.00 5363981312.00 5456163840.00 5549000704.00 5641946112.00 5734146048.00 
5825060352.00 5918679552.00 6010878976.00 6104292864.00 6193988608.00 6288214528.00 6380844032.00 6473276416.00 6565718016.00 6658977792.00 6749987328.00 6842638848.00 6935013888.00 7028295168.00 7120109056.00 7211215360.00 7305129984.00 7398143488.00 7490244608.00 7582795264.00 
7669648384.00 7767557120.00 7859986944.00 7952498176.00 8044756992.00 8136780800.00 8229385216.00 8323229696.00 8414319104.00 8507600384.00 8599047168.00 8692600832.00 8784553984.00 8874902528.00 8969364480.00 9061430272.00 9152168960.00 9246838784.00 9339246592.00 9431498752.00 
9517280256.00 9616433152.00 9708882944.00 9801245696.00 9893558272.00 9985970176.00 10078888960.00 10171341824.00 10262969344.00 10356198400.00 10448016384.00 10540525568.00 10632524800.00 10726447104.00 10818209792.00 10910675968.00 11003430912.00 11095707648.00 11188432896.00 11280768000.00 
11370503168.00 11465371648.00 11558089728.00 11650292736.00 11742632960.00 11826643968.00 11928186880.00 12021765120.00 12110654464.00 12202409984.00 12297132032.00 12390067200.00 12482461696.00 12574869504.00 12667578368.00 12759724032.00 12851938304.00 12945122304.00 13038835712.00 13130165248.00 
13220996096.00 13314585600.00 13406823424.00 13500451840.00 13591068672.00 13684232192.00 13777241088.00 13869291520.00 13960932352.00 14054670336.00 14143416320.00 14239788032.00 14331276288.00 14423597056.00 14517421056.00 14608840704.00 14701424640.00 14794244096.00 14886466560.00 14978894848.00 
15060367360.00 15163974656.00 15256291328.00 15348654080.00 15441040384.00 15533510656.00 15625893888.00 15719105536.00 15810564096.00 15902260224.00 15995245568.00 16088448000.00 16180495360.00 16273170432.00 16367678464.00 16456684544.00 16549694464.00 16643888128.00 16735720448.00 16827823104.00 
16919206912.00 17013195776.00 17106391040.00 17197463552.00 17290000384.00 17382604800.00 17474209792.00 17567766528.00 17659951104.00 17752694784.00 17844133888.00 17937868800.00 18027970560.00 18122577920.00 18214946816.00 18306727936.00 18399588352.00 18492196864.00 18584229888.00 18676709376.00 
18755846144.00 18861932544.00 18954162176.00 19047135232.00 19139260416.00 19231279104.00 19324289024.00 19416991744.00 19508310016.00 19601842176.00 19693205504.00 19787247616.00 19879059456.00 19971586048.00 20064186368.00 20156127232.00 20248258560.00 20341559296.00 20433784832.00 20526247936.00 
20617482240.00 20711569408.00 20802465792.00 20896806912.00 20986654720.00 21079541760.00 21173723136.00 21266114560.00 21358278656.00 21450991616.00 21542866944.00 21635739648.00 21727934464.00 21819889664.00 21913006080.00 22004396032.00 22098425856.00 22190667776.00 22282983424.00 22375710720.00 
22462547968.00 22560817152.00 22652837888.00 22745593856.00 22837737472.00 22930313216.00 23022538752.00 23115368448.00 23207055360.00 23299842048.00 23375073280.00 23485329408.00 23577561088.00 23670016000.00 23763089408.00 23854581760.00 23945179136.00 24039743488.00 24130824192.00 24225366016.00 
24315885568.00 24409851904.00 24501905408.00 24594444288.00 24686456832.00 24779012096.00 24871309312.00 24965562368.00 25056940032.00 25149388800.00 25241221120.00 25333977088.00 25425668096.00 25519472640.00 25612193792.00 25702356992.00 25797052416.00 25889021952.00 25981532160.00 26073327616.00 
26163654656.00 26258917376.00 26351147008.00 26443644928.00 26535690240.00 26627747840.00 26722670592.00 26814240768.00 26904047616.00 26998638592.00 27090466816.00 27183777792.00 27275771904.00 27368538112.00 27460583424.00 27552937984.00 27644862464.00 27738372096.00 27830671360.00 27922995200.00 
28008689664.00 28107945984.00 28200560640.00 28292237312.00 28384258048.00 28477437952.00 28569763840.00 28662204416.00 28756713472.00 28847982592.00 28939679744.00 29032660992.00 29124597760.00 29217521664.00 29310124032.00 29402224640.00 29494925312.00 29587355648.00 29679822848.00 29772115968.00 
29853736960.00 29957505024.00 30049632256.00 30142275584.00 30234224640.00 30325436416.00 30419372032.00 30511943680.00 30603980800.00 30696456192.00 30788622336.00 30881486848.00 30973548544.00 31064881152.00 31160033280.00 31251705856.00 31343216640.00 31436976128.00 31528421376.00 31623002112.00 
31712628736.00 31806351360.00 31898658816.00 31991707648.00 32083253248.00 32176046080.00 32268566528.00 32360943616.00 32454346752.00 32546678784.00 32635095040.00 32731193344.00 32821233664.00 32917190656.00 33008596992.00 33100412928.00 33193033728.00 33285644288.00 33377980416.00 33471096832.00 
33560248320.00 33655310336.00 33747716096.00 33839253504.00 33934774272.00 34025623552.00 34117869568.00 34210725888.00 34301876224.00 34394980352.00 34487107584.00 34580197376.00 34671988736.00 34765189120.00 34857512960.00 34941190144.00 35041964032.00 35134943232.00 35227348992.00 35319906304.00 
35410857984.00 35509096448.00 35597189120.00 35690131456.00 35780014080.00 35874312192.00 35967062016.00 36058599424.00 36151734272.00 36244496384.00 36336074752.00 36429508608.00 36521136128.00 36614152192.00 36706557952.00 36798615552.00 36891127808.00 36983853056.00 37075959808.00 37168009216.00 
37233717248.00 37354704896.00 37446606848.00 37539098624.00 37631135744.00 37723484160.00 37816295424.00 37908819968.00 38000599040.00 38093766656.00 38185312256.00 38278762496.00 38370807808.00 38463262720.00 38556356608.00 38648098816.00 38738702336.00 38833352704.00 38925881344.00 39018065920.00 
39109173248.00 39198347264.00 39295729664.00 39388065792.00 39480020992.00 39571243008.00 39665360896.00 39757815808.00 39850061824.00 39942959104.00 40034643968.00 40127614976.00 40219025408.00 40312844288.00 40404992000.00 40497377280.00 40589709312.00 40682618880.00 40774811648.00 40866787328.00 
40957001728.00 41052135424.00 41144508416.00 41236758528.00 41327013888.00 41423941632.00 41515323392.00 41607442432.00 41697673216.00 41792598016.00 41881239552.00 41977077760.00 42069348352.00 42162028544.00 42254278656.00 42346573824.00 42438787072.00 42531291136.00 42623881216.00 42715209728.00 
42807787520.00 42901278720.00 42994081792.00 43086696448.00 43177902080.00 43270742016.00 43363368960.00 43455868928.00 43548438528.00 43641159680.00 43732520960.00 43826712576.00 43918262272.00 44011094016.00 44103462912.00 44194258944.00 44287995904.00 44380733440.00 44473466880.00 44565721088.00 
44647239680.00 44750520320.00 44843208704.00 44935618560.00 45027852288.00 45120741376.00 45213249536.00 45305544704.00 45397680128.00 45490561024.00 45582327808.00 45675307008.00 45767483392.00 45860212736.00 45952479232.00 46044667904.00 46136270848.00 46229663744.00 46321975296.00 46413565952.00 
46472970240.00 46601297920.00 46692925440.00 46785753088.00 46877118464.00 46969749504.00 47062216704.00 47154425856.00 47247360000.00 47339425792.00 47431471104.00 47524564992.00 47614840832.00 47709863936.00 47801921536.00 47894081536.00 47985975296.00 48078802944.00 48171974656.00 48264265728.00 
48353931264.00 48448831488.00 48542130176.00 48633974784.00 48726347776.00 48817348608.00 48911282176.00 49004101632.00 49095217152.00 49188605952.00 49280532480.00 49373831168.00 49465704448.00 49557401600.00 49651531776.00 49743388672.00 49835560960.00 49928491008.00 50020704256.00 50112856064.00 
50204512256.00 50298408960.00 50390622208.00 50483302400.00 50573459456.00 50667520000.00 50760871936.00 50852421632.00 50945622016.00 51036282880.00 51127095296.00 51222769664.00 51315240960.00 51408175104.00 51500240896.00 51592347648.00 51685060608.00 51777888256.00 51869679616.00 51962441728.00 
52049395712.00 52147519488.00 52240076800.00 52332347392.00 52424404992.00 52516888576.00 52609294336.00 52701966336.00 52793757696.00 52886351872.00 52977721344.00 53067763712.00 53167616000.00 53257953280.00 53350223872.00 53440671744.00 53532561408.00 53627351040.00 53719441408.00 53812121600.00 
53903097856.00 53996371968.00 54089347072.00 54181986304.00 54273728512.00 54366269440.00 54459305984.00 54551388160.00 54643474432.00 54736556032.00 54828187648.00 54921375744.00 55012618240.00 55106510848.00 55198638080.00 55290867712.00 55383580672.00 55474774016.00 55568293888.00 55660826624.00 
55739613184.00 55845969920.00 55938310144.00 56030777344.00 56123219968.00 56215363584.00 56306806784.00 56400400384.00 56490958848.00 56585924608.00 56677281792.00 56770457600.00 56862547968.00 56955277312.00 57047584768.00 57138667520.00 57233137664.00 57325473792.00 57417850880.00 57510035456.00 
57601368064.00 57694818304.00 57787330560.00 57880100864.00 57971347456.00 58056392704.00 58157477888.00 58249801728.00 58342158336.00 58434732032.00 58526560256.00 58619183104.00 58712154112.00 58804969472.00 58896912384.00 58989453312.00 59081773056.00 59174424576.00 59266760704.00 59359236096.00 
59440812032.00 59544281088.00 59637182464.00 59729305600.00 59821412352.00 59913289728.00 60006572032.00 60098711552.00 60190883840.00 60284018688.00 60372983808.00 60468568064.00 60561051648.00 60653113344.00 60746194944.00 60838354944.00 60929982464.00 61023121408.00 61115613184.00 61208084480.00 
61299408896.00 61393010688.00 61485326336.00 61577904128.00 61669478400.00 61761605632.00 61851906048.00 61956018176.00 62042435584.00 62134292480.00 62225801216.00 62318649344.00 62408851456.00 62503501824.00 62595829760.00 62686523392.00 62780186624.00 62873272320.00 62966104064.00 63057960960.00 
63147749376.00 63243001856.00 63335137280.00 63428472832.00 63519891456.00 63612375040.00 63705116672.00 63797633024.00 63888965632.00 63982780416.00 64074571776.00 64167616512.00 64259559424.00 64352198656.00 64444551168.00 64536739840.00 64629563392.00 64722276352.00 64814743552.00 64906801152.00 
64992571392.00 65091706880.00 65184342016.00 65276755968.00 65367019520.00 65461092352.00 65556787200.00 65647013888.00 65739198464.00 65831788544.00 65923465216.00 66016243712.00 66108432384.00 66201440256.00 66293444608.00 66386235392.00 66478555136.00 66571587584.00 66664722432.00 66756145152.00 
66843082752.00 66940993536.00 67033423872.00 67125919744.00 67218153472.00 67308982272.00 67402723328.00 67493117952.00 67588792320.00 67681079296.00 67772907520.00 67865853952.00 67957927936.00 68050731008.00 68143263744.00 68235354112.00 68325810176.00 68420907008.00 68512714752.00 68605145088.00 
68696477696.00 68790648832.00 68882653184.00 68975124480.00 69066973184.00 69159862272.00 69252513792.00 69345296384.00 69437292544.00 69529337856.00 69605056512.00 69715255296.00 69806465024.00 69900058624.00 69992382464.00 70084444160.00 70176964608.00 70269927424.00 70362144768.00 70454468608.00 
70544244736.00 70639353856.00 70734004224.00 70823993344.00 70916481024.00 71009050624.00 71102652416.00 71194116096.00 71284457472.00 71378468864.00 71471087616.00 71564001280.00 71656562688.00 71748861952.00 71840940032.00 71932313600.00 72025726976.00 72118861824.00 72211431424.00 72303591424.00 
72394661888.00 72488443904.00 72581046272.00 72673591296.00 72764882944.00 72857911296.00 72950718464.00 73043353600.00 73135644672.00 73228361728.00 73319890944.00 73413001216.00 73504800768.00 73597542400.00 73689907200.00 73782124544.00 73874456576.00 73966985216.00 74058653696.00 74149216256.00 
74189955072.00 74341531648.00 74432118784.00 74523918336.00 74615947264.00 74708131840.00 74800742400.00 74892763136.00 74984923136.00 75078983680.00 75169710080.00 75263123456.00 75354857472.00 75446984704.00 75540054016.00 75632418816.00 75723890688.00 75817361408.00 75909709824.00 76002426880.00 
76093284352.00 76187066368.00 76279857152.00 76372066304.00 76464250880.00 76555362304.00 76649316352.00 76741509120.00 76834430976.00 76926795776.00 77018570752.00 77111672832.00 77202096128.00 77296279552.00 77389168640.00 77481320448.00 77573898240.00 77666361344.00 77758971904.00 77851451392.00 
77941071872.00 78036189184.00 78126350336.00 78221557760.00 78313463808.00 78405730304.00 78498422784.00 78590869504.00 78682398720.00 78776098816.00 78864924672.00 78960271360.00 79053160448.00 79145689088.00 79238332416.00 79330312192.00 79422496768.00 79512297472.00 79608430592.00 79700680704.00 
79791923200.00 79885639680.00 79977840640.00 80070516736.00 80160759808.00 80255524864.00 80348168192.00 80440688640.00 80532439040.00 80624910336.00 80717373440.00 80810344448.00 80902119424.00 80995082240.00 81087488000.00 81171062784.00 81272250368.00 81364320256.00 81456046080.00 81549737984.00 
81636704256.00 81734606848.00 81827037184.00 81919320064.00 82011774976.00 82104139776.00 82196709376.00 82288869376.00 82380177408.00 82484551680.00 82567217152.00 82660155392.00 82751791104.00 82844426240.00 82936676352.00 83029049344.00 83119685632.00 83214319616.00 83307397120.00 83399221248.00 
83484622848.00 83584008192.00 83676446720.00 83768573952.00 83860840448.00 83953573888.00 84046249984.00 84138696704.00 84230897664.00 84321468416.00 84415553536.00 84508581888.00 84599848960.00 84693188608.00 84785553408.00 84878032896.00 84970512384.00 85063565312.00 85154840576.00 85248385024.00 
85337915392.00 85432877056.00 85525045248.00 85610930176.00 85710733312.00 85801549824.00 85895577600.00 85987966976.00 86078242816.00 86172745728.00 86264496128.00 86357622784.00 86449733632.00 86542172160.00 86634905600.00 86727041024.00 86819356672.00 86912385024.00 87004749824.00 87097204736.00 
87188234240.00 87280492544.00 87375011840.00 87467220992.00 87558758400.00 87651934208.00 87744610304.00 87837310976.00 87929282560.00 88021655552.00 88110899200.00 88206884864.00 88298364928.00 88392122368.00 88484216832.00 88576425984.00 88668938240.00 88761679872.00 88854077440.00 88946548736.00 
89027936256.00 89131573248.00 89223397376.00 89317302272.00 89408552960.00 89500770304.00 89593896960.00 89685917696.00 89778167808.00 89871015936.00 89963036672.00 90056122368.00 90148364288.00 90243350528.00 90333265920.00 90424172544.00 90517299200.00 90610794496.00 90703290368.00 90795507712.00 
90886889472.00 90980237312.00 91072921600.00 91165360128.00 91257110528.00 91349999616.00 91442642944.00 91533967360.00 91627249664.00 91719745536.00 91811725312.00 91904917504.00 91994824704.00 92089417728.00 92181798912.00 92273639424.00 92366077952.00 92458385408.00 92549488640.00 92639272960.00 
92668223488.00 92835577856.00 92925181952.00 93016612864.00 93108469760.00 93200588800.00 93293191168.00 93386186752.00 93476716544.00 93569359872.00 93661978624.00 93755916288.00 93846978560.00 93940056064.00 94031994880.00 94124711936.00 94216830976.00 94310039552.00 94401830912.00 94494384128.00 
94585593856.00 94679236608.00 94771814400.00 94864064512.00 94954545152.00 95047499776.00 95141609472.00 95233441792.00 95326281728.00 95419179008.00 95510773760.00 95603884032.00 95695527936.00 95788974080.00 95880863744.00 95973523456.00 96065961984.00 96155213824.00 96251076608.00 96343810048.00 
96430465024.00 96528408576.00 96620281856.00 96712941568.00 96805781504.00 96897982464.00 96990470144.00 97083334656.00 97175232512.00 97268039680.00 97357111296.00 97452826624.00 97544978432.00 97638465536.00 97730445312.00 97822752768.00 97913085952.00 98008145920.00 98100019200.00 98192875520.00 
98283757568.00 98377302016.00 98469969920.00 98562310144.00 98654404608.00 98746933248.00 98839207936.00 98933506048.00 99024814080.00 99117465600.00 99209117696.00 99302162432.00 99393634304.00 99486875648.00 99579420672.00 99670335488.00 99764199424.00 99858710528.00 99949150208.00 100041932800.00 
100131569664.00 100225900544.00 100319191040.00 100411572224.00 100503789568.00 100596203520.00 100688896000.00 100781531136.00 100871651328.00 100965679104.00 101057462272.00 101159632896.00 101244297216.00 101336457216.00 101428469760.00 101521145856.00 101613346816.00 101706309632.00 101797765120.00 101891088384.00 
101976711168.00 102076194816.00 102168158208.00 102260695040.00 102352412672.00 102445572096.00 102538256384.00 102630604800.00 102723026944.00 102815621120.00 102907207680.00 102997958656.00 103092748288.00 103185350656.00 103278075904.00 103370162176.00 103462543360.00 103555325952.00 103647387648.00 103740178432.00 
103821623296.00 103924998144.00 104017797120.00 104110112768.00 104202354688.00 104286396416.00 104387231744.00 104479866880.00 104571543552.00 104664530944.00 104756477952.00 104849670144.00 104941436928.00 105034522624.00 105126846464.00 105219031040.00 105310863360.00 105404243968.00 105496477696.00 105588850688.00 
105679831040.00 105773490176.00 105864560640.00 105972293632.00 106052902912.00 106144669696.00 106237042688.00 106329333760.00 106421657600.00 106514227200.00 106603110400.00 106699284480.00 106789404672.00 106884022272.00 106976567296.00 107068588032.00 107161001984.00 107253776384.00 107346608128.00 107438784512.00 
107528454144.00 107623555072.00 107715805184.00 107808907264.00 107900755968.00 107993088000.00 108085698560.00 108178522112.00 108269838336.00 108363243520.00 108454920192.00 108548333568.00 108640452608.00 108733210624.00 108825436160.00 108916097024.00 109009313792.00 109103398912.00 109195558912.00 109288038400.00 
109379010560.00 109472768000.00 109565313024.00 109657587712.00 109747937280.00 109841817600.00 109934919680.00 110027694080.00 110119772160.00 110212022272.00 110304256000.00 110397071360.00 110489280512.00 110583676928.00 110673944576.00 110766825472.00 110859272192.00 110951743488.00 111044075520.00 111136202752.00 
111201681408.00 111322808320.00 111414665216.00 111506423808.00 111599271936.00 111691603968.00 111784132608.00 111876825088.00 111968722944.00 112061341696.00 112153436160.00 112245702656.00 112338255872.00 112431726592.00 112523673600.00 112615989248.00 112706584576.00 112800727040.00 112894017536.00 112986202112.00 
113077338112.00 113170907136.00 113263198208.00 113355923456.00 113447731200.00 113539293184.00 113633239040.00 113726251008.00 113818009600.00 113910571008.00 114001936384.00 114098069504.00 114187526144.00 114280710144.00 114372919296.00 114465210368.00 114557870080.00 114650636288.00 114742362112.00 114835423232.00 
114925158400.00 115020292096.00 115112673280.00 115205349376.00 115297361920.00 115389775872.00 115482558464.00 115574849536.00 115665092608.00 115759685632.00 115835084800.00 115945365504.00 116037263360.00 116128808960.00 116222124032.00 116314816512.00 116406779904.00 116499062784.00 116592009216.00 116684603392.00 
116775690240.00 116869439488.00 116961665024.00 117052825600.00 117146034176.00 117239185408.00 117331861504.00 117424357376.00 117516361728.00 117609299968.00 117700927488.00 117793685504.00 117885861888.00 117979586560.00 118071459840.00 118162145280.00 118256099328.00 118349234176.00 118441140224.00 118533865472.00 
118615121920.00 118718603264.00 118810656768.00 118901825536.00 118996008960.00 119088144384.00 119181221888.00 119273431040.00 119365230592.00 119457988608.00 119549845504.00 119642882048.00 119735410688.00 119828119552.00 119919861760.00 120012783616.00 120104452096.00 120197480448.00 120290197504.00 120382898176.00 
120468488192.00 120567791616.00 120659861504.00 120752685056.00 120844435456.00 120937259008.00 121029492736.00 121122267136.00 121214763008.00 121307021312.00 121399091200.00 121492152320.00 121582452736.00 121677258752.00 121769148416.00 121861472256.00 121953951744.00 122046857216.00 122139058176.00 122231840768.00 
122321305600.00 122416431104.00 122508550144.00 122601365504.00 122693361664.00 122784153600.00 122878181376.00 122970284032.00 123061518336.00 123154669568.00 123245600768.00 123337596928.00 123426299904.00 123495907328.00 123634515968.00 123717402624.00 123807399936.00 123899215872.00 123990999040.00 124083175424.00 
124174172160.00 124267741184.00 124359860224.00 124452388864.00 124542500864.00 124636766208.00 124729360384.00 124821979136.00 124914106368.00 125006643200.00 125095583744.00 125192019968.00 125283368960.00 125376585728.00 125468737536.00 125561135104.00 125653712896.00 125745766400.00 125838376960.00 125931200512.00 
126017912832.00 126116216832.00 126208311296.00 126300766208.00 126393106432.00 126485372928.00 126578466816.00 126670405632.00 126762450944.00 126855577600.00 126947377152.00 127040339968.00 127132712960.00 127225315328.00 127317606400.00 127401525248.00 127500640256.00 127594627072.00 127687761920.00 127779774464.00 
127871262720.00 127965028352.00 128057352192.00 128150003712.00 128241557504.00 128334856192.00 128427122688.00 128519766016.00 128612007936.00 128704651264.00 128796286976.00 128889044992.00 128980959232.00 129074487296.00 129167032320.00 129258946560.00 129351655424.00 129444364288.00 129536466944.00 129628905472.00 
129707720704.00 129814077440.00 129906475008.00 129999241216.00 130091335680.00 130183479296.00 130276417536.00 130368856064.00 130459074560.00 130553487360.00 130645262336.00 130737987584.00 130832072704.00 130923724800.00 131016089600.00 131108233216.00 131200548864.00 131293503488.00 131385950208.00 131478167552.00 
131569631232.00 131662946304.00 131755614208.00 131848044544.00 131939409920.00 132031356928.00 132125237248.00 132217724928.00 132309393408.00 132403986432.00 132494999552.00 132587954176.00 132679761920.00 132772954112.00 132865810432.00 132957339648.00 133050408960.00 133142757376.00 133234900992.00 133327429632.00 
133408972800.00 133512986624.00 133604868096.00 133697232896.00 133789622272.00 133881905152.00 133974482944.00 134067200000.00 134159097856.00 134252060672.00 134341091328.00 134437232640.00 134528925696.00 134621749248.00 134712901632.00 134808207360.00 134898581504.00 134992052224.00 135084417024.00 135176781824.00 
135268073472.00 135361765376.00 135454072832.00 135546421248.00 135638499328.00 135731290112.00 135823605760.00 135916609536.00 136008671232.00 136101265408.00 136192950272.00 136286216192.00 136376467456.00 136470831104.00 136564277248.00 136654495744.00 136748163072.00 136841240576.00 136933171200.00 137026658304.00 
137115598848.00 137210511360.00 137303318528.00 137395814400.00 137487941632.00 137580183552.00 137673162752.00 137765470208.00 137856745472.00 137950265344.00 138042097664.00 138135142400.00 138227499008.00 138320003072.00 138413064192.00 138504847360.00 138597023744.00 138689724416.00 138781835264.00 138873831424.00 
138932928512.00 139061477376.00 139153162240.00 139245240320.00 139335565312.00 139429969920.00 139522572288.00 139614797824.00 139707121664.00 139799904256.00 139891539968.00 139984420864.00 140076449792.00 140169248768.00 140261916672.00 140354093056.00 140446793728.00 140539052032.00 140631621632.00 140725387264.00 
140811223040.00 140909215744.00 141001392128.00 141093830656.00 141187252224.00 141277446144.00 141371211776.00 141463781376.00 141555793920.00 141648642048.00 141740736512.00 141833961472.00 141926334464.00 142018625536.00 142111195136.00 142203371520.00 142293712896.00 142388215808.00 142479769600.00 142574206976.00 
142664876032.00 142758739968.00 142850850816.00 142943666176.00 143035400192.00 143127986176.00 143220457472.00 143313223680.00 143405236224.00 143498067968.00 143587082240.00 143681093632.00 143774302208.00 143867854848.00 143960113152.00 144052076544.00 144145547264.00 144237821952.00 144330178560.00 144422567936.00 
144512270336.00 144609689600.00 144699932672.00 144792535040.00 144884645888.00 144976314368.00 145069998080.00 145161535488.00 145252548608.00 145347411968.00 145438867456.00 145532059648.00 145624481792.00 145716641792.00 145809358848.00 145900322816.00 145994219520.00 146086838272.00 146179522560.00 146272829440.00 
146362925056.00 146456461312.00 146548998144.00 146641387520.00 146732892160.00 146826526720.00 146918637568.00 147011256320.00 147103367168.00 147195854848.00 147288014848.00 147381108736.00 147473055744.00 147566018560.00 147658440704.00 147750256640.00 147842809856.00 147934691328.00 148026572800.00 148117372928.00 
148157988864.00 148309753856.00 148400226304.00 148492500992.00 148584120320.00 148676247552.00 148768817152.00 148861304832.00 148953104384.00 149046050816.00 149137784832.00 149230600192.00 149323268096.00 149416001536.00 149507276800.00 149600354304.00 149692006400.00 149783625728.00 149878243328.00 149969289216.00 
150061694976.00 150155165696.00 150247997440.00 150339862528.00 150432038912.00 150516449280.00 150617260032.00 150709862400.00 150802350080.00 150894936064.00 150987063296.00 151079944192.00 151170170880.00 151264739328.00 151357259776.00 151449272320.00 151541481472.00 151634739200.00 151727144960.00 151819534336.00 
151909138432.00 152002134016.00 152096751616.00 152189485056.00 152281645056.00 152373968896.00 152466505728.00 152553881600.00 152650874880.00 152744214528.00 152833130496.00 152928911360.00 153021087744.00 153114148864.00 153206276096.00 153297813504.00 153390825472.00 153483657216.00 153576144896.00 153668829184.00 
153759842304.00 153853329408.00 153945899008.00 154038534144.00 154128908288.00 154223001600.00 154314866688.00 154410270720.00 154501005312.00 154593640448.00 154685456384.00 154778255360.00 154870284288.00 154962771968.00 155055390720.00 155146338304.00 155240398848.00 155332804608.00 155425423360.00 155516764160.00 
155604729856.00 155702673408.00 155795177472.00 155887763456.00 155978776576.00 156072738816.00 156165128192.00 156257419264.00 156349497344.00 156442836992.00 156534210560.00 156627320832.00 156719300608.00 156812328960.00 156904652800.00 156997009408.00 157087383552.00 157184819200.00 157274374144.00 157367336960.00 
157452419072.00 157552148480.00 157643931648.00 157736910848.00 157828890624.00 157921738752.00 158014144512.00 158106042368.00 158198874112.00 158291443712.00 158383128576.00 158476075008.00 158567432192.00 158660034560.00 158747230208.00 158848516096.00 158939676672.00 159032197120.00 159124160512.00 159215992832.00 
159306399744.00 159401541632.00 159493652480.00 159585943552.00 159678414848.00 159769378816.00 159863521280.00 159955877888.00 160046317568.00 160140689408.00 160233177088.00 160326369280.00 160418054144.00 160510836736.00 160603619328.00 160695418880.00 160787726336.00 160880443392.00 160972865536.00 161064271872.00 
161156808704.00 161250213888.00 161343275008.00 161435107328.00 161526792192.00 161620180992.00 161712406528.00 161805123584.00 161897349120.00 161989738496.00 162064891904.00 162175139840.00 162267004928.00 162360066048.00 162452078592.00 162544500736.00 162636414976.00 162729082880.00 162822160384.00 162914582528.00 
162996158464.00 163099148288.00 163192078336.00 163284467712.00 163376627712.00 163469344768.00 163561783296.00 163654664192.00 163746234368.00 163839000576.00 163931242496.00 164024549376.00 164116283392.00 164209033216.00 164301225984.00 164391813120.00 164484792320.00 164577427456.00 164676665344.00 164764549120.00 
164855332864.00 164948901888.00 165041520640.00 165133860864.00 165225840640.00 165318410240.00 165411094528.00 165503418368.00 165595840512.00 165688410112.00 165780586496.00 165873188864.00 165963792384.00 166057230336.00 166150963200.00 166243024896.00 166335873024.00 166427918336.00 166520520704.00 166613024768.00 
166691602432.00 166798098432.00 166890487808.00 166983041024.00 167075594240.00 167167606784.00 167259914240.00 167352598528.00 167444152320.00 167537573888.00 167629357056.00 167722565632.00 167814889472.00 167907491840.00 167999946752.00 168091844608.00 168184037376.00 168276705280.00 168365572096.00 168463089664.00 
168553791488.00 168647163904.00 168739717120.00 168832057344.00 168922415104.00 169015328768.00 169108865024.00 169202040832.00 169294135296.00 169387114496.00 169478750208.00 169572073472.00 169663578112.00 169756278784.00 169849241600.00 169941417984.00 170033528832.00 170126344192.00 170219388928.00 170311319552.00 
170398433280.00 170496065536.00 170588684288.00 170680877056.00 170773479424.00 170865442816.00 170955112448.00 171051597824.00 171143266304.00 171236048896.00 171325128704.00 171420909568.00 171513462784.00 171605704704.00 171698290688.00 171790385152.00 171881021440.00 171975147520.00 172068143104.00 172160466944.00 
172251791360.00 172345393152.00 172437487616.00 172528943104.00 172622282752.00 172714917888.00 172807077888.00 172901548032.00 172992692224.00 173085687808.00 173177044992.00 173270990848.00 173361561600.00 173454786560.00 173547307008.00 173631275008.00 173732216832.00 173824966656.00 173917257728.00 174009630720.00 
174099283968.00 174194688000.00 174286127104.00 174379925504.00 174472134656.00 174564196352.00 174656864256.00 174749614080.00 174839939072.00 174934851584.00 175026241536.00 175119581184.00 175211511808.00 175303786496.00 175396700160.00 175489794048.00 175581151232.00 175674179584.00 175766192128.00 175859728384.00 
175944548352.00 176044703744.00 176136257536.00 176228532224.00 176319954944.00 176414162944.00 176506257408.00 176598908928.00 176690724864.00 176783147008.00 176875601920.00 176968466432.00 177060265984.00 177149575168.00 177245880320.00 177338089472.00 177430691840.00 177523245056.00 177615486976.00 177707794432.00 
177789337600.00 177893048320.00 177985355776.00 178077286400.00 178170200064.00 178261262336.00 178356977664.00 178447171584.00 178539806720.00 178632736768.00 178724339712.00 178814550016.00 178909986816.00 179002540032.00 179094765568.00 179186974720.00 179278954496.00 179372261376.00 179464732672.00 179556990976.00 
179648462848.00 179742195712.00 179834437632.00 179927678976.00 180018888704.00 180111654912.00 180205502464.00 180296679424.00 180388921344.00 180481720320.00 180570750976.00 180666466304.00 180757037056.00 180851261440.00 180943880192.00 181036335104.00 181128904704.00 181221490688.00 181313830912.00 181406400512.00 
181496070144.00 181591064576.00 181683503104.00 181776056320.00 181868707840.00 181960933376.00 182053109760.00 182145892352.00 182237036544.00 182330916864.00 182422519808.00 182514352128.00 182607839232.00 182700244992.00 182792159232.00 182883762176.00 182977298432.00 183069147136.00 183162011648.00 183255252992.00 
183346069504.00 183439818752.00 183532584960.00 183624318976.00 183714529280.00 183809032192.00 183901224960.00 183993974784.00 184086036480.00 184178573312.00 184269979648.00 184362827776.00 184454627328.00 184547065856.00 184639012864.00 184730304512.00 184821514240.00 184912379904.00 185001181184.00 185082019840.00 
185058672640.00 185313181696.00 185393905664.00 185482870784.00 185573097472.00 185664192512.00 185755860992.00 185847791616.00 185939525632.00 186032111616.00 186123812864.00 186216759296.00 186309017600.00 186401390592.00 186493812736.00 186585546752.00 186676002816.00 186770898944.00 186862780416.00 186955366400.00 
187046789120.00 187140259840.00 187233091584.00 187326038016.00 187416739840.00 187508228096.00 187602878464.00 187694825472.00 187786985472.00 187881013248.00 187971731456.00 188064661504.00 188156084224.00 188249341952.00 188341878784.00 188433793024.00 188526477312.00 188618735616.00 188711550976.00 188804169728.00 
188893675520.00 188988866560.00 189081403392.00 189173743616.00 189266034688.00 189358391296.00 189450928128.00 189544136704.00 189633871872.00 189728915456.00 189817552896.00 189913432064.00 190005739520.00 190098587648.00 190189649920.00 190282924032.00 190375182336.00 190467604480.00 190560780288.00 190653333504.00 
190744133632.00 190838210560.00 190930305024.00 191022710784.00 191114215424.00 191207538688.00 191300435968.00 191392661504.00 191484854272.00 191580667904.00 191669583872.00 191762399232.00 191854723072.00 191948226560.00 192038256640.00 192130777088.00 192224837632.00 192317652992.00 192409616384.00 192502071296.00 
192583532544.00 192687325184.00 192779436032.00 192872169472.00 192964018176.00 193056440320.00 193149026304.00 193245790208.00 193333542912.00 193427095552.00 193518583808.00 193612283904.00 193703985152.00 193796030464.00 193888944128.00 193980252160.00 194073329664.00 194166439936.00 194258731008.00 194350563328.00 
194436923392.00 194535505920.00 194628648960.00 194721103872.00 194813067264.00 194904702976.00 194998616064.00 195091185664.00 195183099904.00 195276111872.00 195367616512.00 195460317184.00 195550986240.00 195645603840.00 195738288128.00 195830497280.00 195922952192.00 196015063040.00 196108632064.00 196200333312.00 
196290428928.00 196385718272.00 196477779968.00 196570316800.00 196662706176.00 196746412032.00 196847583232.00 196940447744.00 197031657472.00 197124259840.00 197216862208.00 197309612032.00 197402001408.00 197493669888.00 197587894272.00 197679677440.00 197772197888.00 197866029056.00 197957697536.00 198049742848.00 
198140887040.00 198234619904.00 198326861824.00 198420299776.00 198509838336.00 198604406784.00 198696648704.00 198789349376.00 198881443840.00 198974193664.00 199063224320.00 199158906880.00 199251017728.00 199343374336.00 199440187392.00 199529119744.00 199621410816.00 199714308096.00 199806451712.00 199899054080.00 
199985889280.00 200083816448.00 200175697920.00 200268496896.00 200361197568.00 200453324800.00 200545648640.00 200639135744.00 200730591232.00 200823488512.00 200915238912.00 201007693824.00 201100591104.00 201193078784.00 201286090752.00 201376284672.00 201468477440.00 201563095040.00 201655173120.00 201747939328.00 
201838886912.00 201931997184.00 202029318144.00 202118332416.00 202210050048.00 202302652416.00 202395058176.00 202487611392.00 202579689472.00 202672766976.00 202764648448.00 202857644032.00 202949066752.00 203042357248.00 203135074304.00 203227365376.00 203319312384.00 203412324352.00 203504435200.00 203597053952.00 
203675893760.00 203782471680.00 203874697216.00 203967217664.00 204058951680.00 204151472128.00 204244402176.00 204337922048.00 204427067392.00 204522209280.00 204613550080.00 204706643968.00 204799033344.00 204891324416.00 204983943168.00 205076332544.00 205168623616.00 205261324288.00 205353353216.00 205446414336.00 
205537198080.00 205630488576.00 205718683648.00 205817659392.00 205908279296.00 205999833088.00 206093762560.00 206185988096.00 206278426624.00 206370488320.00 206462763008.00 206556250112.00 206647738368.00 206740701184.00 206833500160.00 206925119488.00 207018082304.00 207110684672.00 207203205120.00 207296118784.00 
207377285120.00 207480602624.00 207572811776.00 207666151424.00 207758229504.00 207850274816.00 207942844416.00 208035299328.00 208127197184.00 208220045312.00 208295575552.00 208405348352.00 208497491968.00 208590028800.00 208682631168.00 208774955008.00 208866312192.00 208959766528.00 209052041216.00 209144643584.00 
209235771392.00 209331044352.00 209422368768.00 209514856448.00 209606213632.00 209699160064.00 209791844352.00 209884545024.00 209976688640.00 210068963328.00 210161025024.00 210254561280.00 210344542208.00 210439356416.00 210531336192.00 210622529536.00 210716442624.00 210808979456.00 210901352448.00 210993233920.00 
211083640832.00 211179585536.00 211271106560.00 211363250176.00 211454967808.00 211545899008.00 211647610880.00 211735068672.00 211825983488.00 211918700544.00 212010909696.00 212103741440.00 212196179968.00 212289323008.00 212380942336.00 212472889344.00 212565573632.00 212658126848.00 212751089664.00 212843216896.00 
212928708608.00 213028028416.00 213120532480.00 213210480640.00 213303459840.00 213397356544.00 213490450432.00 213582577664.00 213675540480.00 213767946240.00 213859745792.00 213952528384.00 214044639232.00 214137896960.00 214230171648.00 214322348032.00 214415867904.00 214507601920.00 214600204288.00 214692429824.00 
214779281408.00 214878470144.00 214969778176.00 215062249472.00 215154278400.00 215245488128.00 215339794432.00 215432429568.00 215524163584.00 215616782336.00 215708794880.00 215801593856.00 215893786624.00 215984947200.00 216080203776.00 216171855872.00 216262475776.00 216356667392.00 216449253376.00 216541970432.00 
216632786944.00 216726503424.00 216818974720.00 216911478784.00 217003327488.00 217096634368.00 217188876288.00 217281019904.00 217373917184.00 217466109952.00 217555156992.00 217650921472.00 217742098432.00 217841418240.00 217928712192.00 218020872192.00 218113409024.00 218205454336.00 218298548224.00 218392854528.00 
218480492544.00 218575470592.00 218667810816.00 218760183808.00 218853212160.00 218945355776.00 219037859840.00 219130347520.00 219220705280.00 219315126272.00 219407138816.00 219500363776.00 219592228864.00 219685257216.00 219777908736.00 219861385216.00 219962294272.00 220055355392.00 220147154944.00 220240166912.00 
220330983424.00 220426010624.00 220516794368.00 220611559424.00 220701081600.00 220794421248.00 220887613440.00 220979511296.00 221071376384.00 221164421120.00 221256269824.00 221349478400.00 221440917504.00 221533880320.00 221626302464.00 221718396928.00 221810688000.00 221903044608.00 221994926080.00 222085562368.00 
222126129152.00 222277861376.00 222368432128.00 222460657664.00 222551949312.00 222644207616.00 222736547840.00 222829232128.00 222921392128.00 223013847040.00 223105974272.00 223199444992.00 223291359232.00 223384027136.00 223476482048.00 223568183296.00 223660228608.00 223753781248.00 223845908480.00 223938543616.00 
224029687808.00 224122306560.00 224215416832.00 224308445184.00 224400130048.00 224491585536.00 224585711616.00 224678477824.00 224770129920.00 224863076352.00 224954875904.00 225048035328.00 225138147328.00 225233600512.00 225325187072.00 225418264576.00 225510326272.00 225602928640.00 225695301632.00 225785610240.00 
225877524480.00 225972273152.00 226064859136.00 226157379584.00 226249261056.00 226342682624.00 226434711552.00 226527232000.00 226618671104.00 226713812992.00 226801303552.00 226897182720.00 226989457408.00 227082125312.00 227174481920.00 227266887680.00 227358801920.00 227451764736.00 227544186880.00 227636330496.00 
227727638528.00 227820863488.00 227915251712.00 228007051264.00 228096933888.00 228191272960.00 228284022784.00 228376346624.00 228468178944.00 228561059840.00 228653154304.00 228746543104.00 228838539264.00 228931207168.00 229024006144.00 229114347520.00 229207343104.00 229301387264.00 229393645568.00 229486166016.00 
229572935680.00 229669994496.00 229763170304.00 229856067584.00 229947998208.00 230040567808.00 230133202944.00 230225756160.00 230317670400.00 230410895360.00 230502187008.00 230595575808.00 230687358976.00 230780321792.00 230872547328.00 230964625408.00 231055278080.00 231149912064.00 231242022912.00 231333707776.00 
231393230848.00 231521239040.00 231613497344.00 231705477120.00 231797227520.00 231889829888.00 231982006272.00 232075231232.00 232167342080.00 232260141056.00 232351842304.00 232444805120.00 232536506368.00 232629583872.00 232721809408.00 232814428160.00 232906702848.00 232999403520.00 233092038656.00 233184657408.00 
233274556416.00 233368666112.00 233461841920.00 233554051072.00 233646456832.00 233737453568.00 233830727680.00 233924198400.00 234014408704.00 234108944384.00 234200858624.00 234293805056.00 234386227200.00 234478469120.00 234571350016.00 234663559168.00 234755817472.00 234848796672.00 234941251584.00 235033247744.00 
235124326400.00 235218419712.00 235310530560.00 235403034624.00 235494408192.00 235586355200.00 235682004992.00 235773476864.00 235865915392.00 235958059008.00 236047220736.00 236143378432.00 236235210752.00 236328239104.00 236420546560.00 236512559104.00 236605358080.00 236697993216.00 236790251520.00 236882182144.00 
236964052992.00 237067829248.00 237159972864.00 237252362240.00 237344047104.00 237437239296.00 237529055232.00 237622362112.00 237714374656.00 237807435776.00 237898792960.00 237991182336.00 238085341184.00 238177763328.00 238269775872.00 238360313856.00 238453325824.00 238547042304.00 238639448064.00 238732541952.00 
238822998016.00 238917222400.00 239009038336.00 239101558784.00 239193571328.00 239286386688.00 239379185664.00 239471443968.00 239562506240.00 239656747008.00 239748644864.00 239841804288.00 239932014592.00 240026157056.00 240118562816.00 240210935808.00 240303554560.00 240395812864.00 240488644608.00 240580755456.00 
240660037632.00 240766255104.00 240858578944.00 240950951936.00 241043030016.00 241135878144.00 241228185600.00 241320853504.00 241412063232.00 241506385920.00 241597562880.00 241690525696.00 241782685696.00 241875484672.00 241967792128.00 242059886592.00 242152439808.00 242245697536.00 242337611776.00 242429886464.00 
242521522176.00 242615304192.00 242707316736.00 242800640000.00 242890178560.00 242976653312.00 243077562368.00 243170017280.00 243261980672.00 243354763264.00 243446628352.00 243539509248.00 243631587328.00 243724779520.00 243816775680.00 243909230592.00 244001669120.00 244094681088.00 244186644480.00 244278984704.00 
244366311424.00 244463976448.00 244556693504.00 244649476096.00 244741095424.00 244833714176.00 244926119936.00 245018771456.00 245110964224.00 245203189760.00 245292466176.00 245388623872.00 245480669184.00 245572993024.00 245665808384.00 245757755392.00 245848555520.00 245942878208.00 246035431424.00 246127525888.00 
246218407936.00 246311927808.00 246403760128.00 246496067584.00 246586703872.00 246676881408.00 246760685568.00 246899392512.00 246968614912.00 247057629184.00 247148085248.00 247240589312.00 247331635200.00 247424729088.00 247516872704.00 247607787520.00 247701504000.00 247794073600.00 247886561280.00 247978639360.00 
248068571136.00 248163352576.00 248256036864.00 248348491776.00 248440487936.00 248533286912.00 248625741824.00 248718065664.00 248808751104.00 248902778880.00 248995119104.00 249088245760.00 249180241920.00 249273057280.00 249365299200.00 249457344512.00 249549651968.00 249642680320.00 249735299072.00 249827377152.00 
249913163776.00 250012401664.00 250104938496.00 250197573632.00 250288603136.00 250381811712.00 250475036672.00 250567180288.00 250659160064.00 250752548864.00 250844233728.00 250937098240.00 251029012480.00 251121696768.00 251213856768.00 251306475520.00 251398848512.00 251493253120.00 251584593920.00 251676196864.00 
251757805568.00 251861106688.00 251954085888.00 252046098432.00 252138782720.00 252229632000.00 252323921920.00 252415590400.00 252508438528.00 252601565184.00 252693184512.00 252785803264.00 252878471168.00 252971089920.00 253063217152.00 253155311616.00 253246996480.00 253342482432.00 253433397248.00 253525409792.00 
253616865280.00 253710991360.00 253802905600.00 253896081408.00 253987340288.00 254079975424.00 254172921856.00 254266228736.00 254357471232.00 254449942528.00 254525652992.00 254635606016.00 254725865472.00 254820237312.00 254912577536.00 255004803072.00 255097421824.00 255189663744.00 255282266112.00 255374884864.00 
255464570880.00 255559630848.00 255652741120.00 255744671744.00 255836667904.00 255929466880.00 256022331392.00 256114262016.00 256205455360.00 256297009152.00 256392118272.00 256484540416.00 256576733184.00 256668762112.00 256761659392.00 256852836352.00 256946044928.00 257039269888.00 257131954176.00 257224310784.00 
257315307520.00 257408991232.00 257501413376.00 257594310656.00 257684193280.00 257778483200.00 257871478784.00 257963507712.00 258056601600.00 258149531648.00 258240561152.00 258333933568.00 258425454592.00 258518564864.00 258610741248.00 258703114240.00 258795667456.00 258888794112.00 258980429824.00 259072344064.00 
259137961984.00 259259023360.00 259351052288.00 259443556352.00 259535683584.00 259627810816.00 259721101312.00 259811246080.00 259905126400.00 259997990912.00 260089872384.00 260183031808.00 260275224576.00 260367581184.00 260460019712.00 260552933376.00 260642947072.00 260737761280.00 260829675520.00 260922277888.00 
261013454848.00 261107351552.00 261199609856.00 261291720704.00 261384945664.00 261475500032.00 261569855488.00 261661949952.00 261754241024.00 261846892544.00 261938921472.00 262032326656.00 262123257856.00 262216237056.00 262309249024.00 262401736704.00 262494093312.00 262586482688.00 262679199744.00 262771474432.00 
262861455360.00 262956335104.00 263048364032.00 263141572608.00 263233847296.00 263325843456.00 263418445824.00 263511244800.00 263601258496.00 263695925248.00 263785316352.00 263880982528.00 263972929536.00 264065597440.00 264157921280.00 264249802752.00 264341241856.00 264422670336.00 264530558976.00 264621899776.00 
264712798208.00 264806301696.00 264898691072.00 264990949376.00 265082437632.00 265175515136.00 265268068352.00 265360801792.00 265453027328.00 265545695232.00 265637167104.00 265730441216.00 265822732288.00 265915252736.00 266007920640.00 266091741184.00 266192404480.00 266285072384.00 266377347072.00 266470080512.00 
266551443456.00 266655006720.00 266747592704.00 266839818240.00 266932207616.00 267024433152.00 267117002752.00 267209670656.00 267301650432.00 267397103616.00 267486838784.00 267579867136.00 267671699456.00 267764580352.00 267856560128.00 267949064192.00 268040847360.00 268134350848.00 268226904064.00 268319096832.00 
268404768768.00 268503990272.00 268597477376.00 268689375232.00 268780716032.00 268873613312.00 268966805504.00 269058637824.00 269150502912.00 269235699712.00 269336543232.00 269429342208.00 269519241216.00 269613662208.00 269706100736.00 269798457344.00 269891076096.00 269983793152.00 270075772928.00 270169079808.00 
270258339840.00 270353252352.00 270445903872.00 270536458240.00 270630846464.00 270721597440.00 270815723520.00 270908194816.00 270999355392.00 271093121024.00 271184936960.00 271277686784.00 271369945088.00 271461826560.00 271555756032.00 271647784960.00 271739846656.00 271832956928.00 271925051392.00 272017833984.00 
272108699648.00 272202268672.00 272295034880.00 272386981888.00 272477683712.00 272571858944.00 272664526848.00 272756768768.00 272849960960.00 272942186496.00 273031282688.00 273127161856.00 273218830336.00 273312120832.00 273404461056.00 273496834048.00 273589108736.00 273682268160.00 273774657536.00 273866964992.00 
273953849344.00 274051596288.00 274143657984.00 274239619072.00 274328813568.00 274420858880.00 274514362368.00 274606391296.00 274698403840.00 274791464960.00 274883248128.00 274976276480.00 275068715008.00 275161645056.00 275253198848.00 275344719872.00 275436273664.00 275531038720.00 275623477248.00 275715883008.00 
275807010816.00 275900530688.00 275993395200.00 276085211136.00 276177387520.00 276270219264.00 276362723328.00 276455424000.00 276547829760.00 276639285248.00 276731854848.00 276825800704.00 276916633600.00 277009465344.00 277101805568.00 277194080256.00 277286256640.00 277378367488.00 277469855744.00 277559312384.00 
277588377600.00 277755854848.00 277845213184.00 277936570368.00 278028877824.00 278121054208.00 278213427200.00 278305669120.00 278395715584.00 278490447872.00 278582231040.00 278675161088.00 278767534080.00 278861250560.00 278952280064.00 279044489216.00 279136829440.00 279229890560.00 279322361856.00 279414833152.00 
279505797120.00 279599906816.00 279692017664.00 279784390656.00 279875616768.00 279967891456.00 280061476864.00 280151719936.00 280246288384.00 280338989056.00 280430804992.00 280524423168.00 280615976960.00 280709332992.00 280801181696.00 280893652992.00 280985894912.00 281078169600.00 281171853312.00 281263472640.00 
281345196032.00 281448644608.00 281541083136.00 281633357824.00 281725468672.00 281818267648.00 281910837248.00 282003111936.00 282095976448.00 282188513280.00 282277511168.00 282373357568.00 282465533952.00 282557874176.00 282650312704.00 282742718464.00 282834337792.00 282927529984.00 283020001280.00 283114766336.00 
283204091904.00 283298004992.00 283390410752.00 283482914816.00 283574960128.00 283667562496.00 283759804416.00 283853160448.00 283944878080.00 284037677056.00 284129460224.00 284222652416.00 284312764416.00 284407529472.00 284499509248.00 284590374912.00 284683960320.00 284784328704.00 284869885952.00 284962455552.00 
285052076032.00 285146873856.00 285240000512.00 285332013056.00 285424254976.00 285516300288.00 285609492480.00 285701701632.00 285793124352.00 285886775296.00 285978492928.00 286073880576.00 286164090880.00 286256693248.00 286349000704.00 286441406464.00 286533550080.00 286626578432.00 286718722048.00 286811357184.00 
286897143808.00 286996463616.00 287087656960.00 287180816384.00 287271157760.00 287365627904.00 287458000896.00 287550799872.00 287642877952.00 287734956032.00 287826804736.00 287910559744.00 288013844480.00 288106184704.00 288198131712.00 288290439168.00 288383172608.00 288475906048.00 288567984128.00 288660488192.00 
288747388928.00 288845299712.00 288938917888.00 289030897664.00 289122615296.00 289206763520.00 289307590656.00 289400225792.00 289492008960.00 289584742400.00 289676591104.00 289770405888.00 289862352896.00 289954299904.00 290047000576.00 290138947584.00 290230239232.00 290324611072.00 290417278976.00 290509586432.00 
290600583168.00 290694758400.00 290786377728.00 290883272704.00 290971746304.00 291064217600.00 291156557824.00 291249553408.00 291341926400.00 291434987520.00 291523428352.00 291618881536.00 291710795776.00 291804348416.00 291896688640.00 291988996096.00 292081401856.00 292173250560.00 292268703744.00 292358848512.00 
292448829440.00 292543463424.00 292636000256.00 292729159680.00 292820811776.00 292913348608.00 293005656064.00 293098979328.00 293188698112.00 293283332096.00 293375410176.00 293468110848.00 293560352768.00 293653774336.00 293746049024.00 293836947456.00 293929943040.00 294023168000.00 294115409920.00 294208045056.00 
294299238400.00 294392954880.00 294485262336.00 294577897472.00 294669385728.00 294762283008.00 294855049216.00 294948241408.00 295039795200.00 295131840512.00 295224246272.00 295316094976.00 295409188864.00 295502512128.00 295594328064.00 295686537216.00 295779074048.00 295871414272.00 295963033600.00 296053833728.00 
296094138368.00 296245657600.00 296336359424.00 296428208128.00 296520187904.00 296612397056.00 296705228800.00 296797962240.00 296889647104.00 296982020096.00 297073934336.00 297167093760.00 297259237376.00 297351839744.00 297444212736.00 297536323584.00 297628172288.00 297721364480.00 297814130688.00 297906798592.00 
297997697024.00 298091249664.00 298183688192.00 298276290560.00 298368598016.00 298459693056.00 298554327040.00 298646306816.00 298738221056.00 298831282176.00 298922967040.00 299016716288.00 299106369536.00 299201069056.00 299292491776.00 299385683968.00 299478351872.00 299571314688.00 299660902400.00 299755995136.00 
299845844992.00 299940904960.00 300032983040.00 300125159424.00 300218056704.00 300309905408.00 300402409472.00 300494782464.00 300586467328.00 300679561216.00 300755189760.00 300866076672.00 300957597696.00 301049937920.00 301142114304.00 301234946048.00 301327286272.00 301420249088.00 301512654848.00 301604536320.00 
301696024576.00 301789904896.00 301882212352.00 301974388736.00 302065352704.00 302159265792.00 302251966464.00 302344273920.00 302437007360.00 302529478656.00 302621294592.00 302714093568.00 302805549056.00 302902116352.00 302992064512.00 303082799104.00 303177007104.00 303269183488.00 303361818624.00 303454093312.00 
303541288960.00 303639298048.00 303730196480.00 303823519744.00 303916351488.00 304008855552.00 304101425152.00 304193634304.00 304285614080.00 304379101184.00 304470589440.00 304563224576.00 304655859712.00 304748265472.00 304838639616.00 304933797888.00 305024008192.00 305118642176.00 305210720256.00 305303519232.00 
305388879872.00 305488232448.00 305580310528.00 305672945664.00 305764761600.00 305858019328.00 305950523392.00 306042994688.00 306135203840.00 306227740672.00 306319097856.00 306412683264.00 306504073216.00 306597625856.00 306689572864.00 306782208000.00 306875072512.00 306966691840.00 307060146176.00 307151994880.00 
307241910272.00 307337428992.00 307428950016.00 307521945600.00 307614646272.00 307705348096.00 307799425024.00 307891404800.00 307982237696.00 308076511232.00 308168392704.00 308260798464.00 308352319488.00 308439613440.00 308542963712.00 308632715264.00 308724596736.00 308817395712.00 308909506560.00 309002010624.00 
309093367808.00 309187215360.00 309278867456.00 309372157952.00 309462990848.00 309556248576.00 309648949248.00 309741682688.00 309833728000.00 309926428672.00 310015295488.00 310111305728.00 310203711488.00 310296444928.00 310388326400.00 310481289216.00 310573531136.00 310665773056.00 310757687296.00 310850945024.00 
310932439040.00 311036280832.00 311128260608.00 311220797440.00 311313072128.00 311405019136.00 311498080256.00 311590125568.00 311682039808.00 311775985664.00 311867539456.00 311960436736.00 312052285440.00 312145707008.00 312237621248.00 312321179648.00 312421974016.00 312515002368.00 312607965184.00 312700534784.00 
312791269376.00 312885116928.00 312977293312.00 313069961216.00 313161285632.00 313255755776.00 313347506176.00 313440108544.00 313532284928.00 313624592384.00 313716604928.00 313809469440.00 313899810816.00 313994903552.00 314088521728.00 314179158016.00 314271596544.00 314364657664.00 314456670208.00 314549207040.00 
314627850240.00 314734706688.00 314826784768.00 314920402944.00 315011170304.00 315103838208.00 315196440576.00 315288715264.00 315380367360.00 315473920000.00 315565768704.00 315658436608.00 315751432192.00 315843903488.00 315935686656.00 316028616704.00 316120399872.00 316213297152.00 316305670144.00 316398862336.00 
316489367552.00 316583313408.00 316675686400.00 316767830016.00 316858564608.00 316951003136.00 317044883456.00 317137190912.00 317227270144.00 317327540224.00 317415948288.00 317508911104.00 317600333824.00 317692870656.00 317785866240.00 317877977088.00 317970481152.00 318062985216.00 318154833920.00 318247534592.00 
318335090688.00 318432575488.00 318525440000.00 318617485312.00 318709891072.00 318802427904.00 318894768128.00 318987337728.00 319078924288.00 319172214784.00 319261245440.00 319358533632.00 319449235456.00 319543017472.00 319634243584.00 319726977024.00 319817416704.00 319911624704.00 320004128768.00 320097189888.00 
320188088320.00 320282656768.00 320374145024.00 320466223104.00 320558202880.00 320651165696.00 320743243776.00 320837844992.00 320929071104.00 321021411328.00 321113358336.00 321206714368.00 321297776640.00 321390641152.00 321483833344.00 321574600704.00 321668743168.00 321761247232.00 321853030400.00 321946484736.00 
322035843072.00 322130575360.00 322223079424.00 322316271616.00 322408939520.00 322500820992.00 322593521664.00 322685403136.00 322776039424.00 322870738944.00 322962489344.00 323055550464.00 323147333632.00 323240624128.00 323332702208.00 323424878592.00 323516825600.00 323609198592.00 323701833728.00 323794075648.00 
323853123584.00 323981410304.00 324073357312.00 324165730304.00 324256956416.00 324349722624.00 324442750976.00 324534992896.00 324627169280.00 324719869952.00 324811751424.00 324904615936.00 324996202496.00 325089656832.00 325181964288.00 325273747456.00 325367005184.00 325459443712.00 325551947776.00 325644976128.00 
325726142464.00 325829623808.00 325921439744.00 326014435328.00 326107037696.00 326197936128.00 326291488768.00 326384189440.00 326475939840.00 326568574976.00 326661570560.00 326754074624.00 326846775296.00 326939443200.00 327031881728.00 327123599360.00 327215185920.00 327308214272.00 327400783872.00 327493713920.00 
327585234944.00 327679934464.00 327770931200.00 327864057856.00 327955906560.00 328048115712.00 328140783616.00 328233091072.00 328325365760.00 328418263040.00 328507129856.00 328602845184.00 328693121024.00 328787820544.00 328879931392.00 328970797056.00 329067888640.00 329158262784.00 329250177024.00 329343008768.00 
329432727552.00 329528606720.00 329620357120.00 329713025024.00 329804906496.00 329897246720.00 329989849088.00 330082123776.00 330173710336.00 330267525120.00 330359373824.00 330452303872.00 330544742400.00 330637574144.00 330729586688.00 330820517888.00 330914037760.00 331007197184.00 331099439104.00 331196891136.00 
331283464192.00 331377246208.00 331469455360.00 331561664512.00 331652530176.00 331746705408.00 331838455808.00 331931942912.00 332024283136.00 332116295680.00 332208570368.00 332301467648.00 332393938944.00 332486410240.00 332578717696.00 332671451136.00 332763824128.00 332856360960.00 332948373504.00 333040812032.00 
333105889280.00 333227491328.00 333319077888.00 333411581952.00 333503528960.00 333596000256.00 333688832000.00 333780910080.00 333872889856.00 333965721600.00 334057766912.00 334150696960.00 334242938880.00 334336753664.00 334427979776.00 334520582144.00 334611152896.00 334705098752.00 334797832192.00 334885978112.00 
334981791744.00 335075377152.00 335167946752.00 335260450816.00 335352266752.00 335436677120.00 335537799168.00 335630041088.00 335722807296.00 335815016448.00 335906668544.00 336000745472.00 336091447296.00 336184770560.00 336277176320.00 336369254400.00 336459792384.00 336555769856.00 336647520256.00 336739762176.00 
336829251584.00 336923918336.00 337017044992.00 337109286912.00 337202020352.00 337294721024.00 337385947136.00 337477828608.00 337569579008.00 337664049152.00 337752948736.00 337848631296.00 337940086784.00 338034458624.00 338126340096.00 338218254336.00 338311020544.00 338403262464.00 338496094208.00 338588532736.00 
338679889920.00 338772000768.00 338866733056.00 338958254080.00 339049906176.00 339142934528.00 339234914304.00 339330367488.00 339421003776.00 339513835520.00 339605422080.00 339698548736.00 339790331904.00 339883524096.00 339975143424.00 340066598912.00 340160446464.00 340252819456.00 340345159680.00 340437401600.00 
340519649280.00 340622999552.00 340715307008.00 340807614464.00 340899921920.00 340992360448.00 341084700672.00 341177401344.00 341269741568.00 341362475008.00 341454028800.00 341547155456.00 341638414336.00 341733244928.00 341825060864.00 341917171712.00 342008627200.00 342102900736.00 342194356224.00 342287155200.00 
342372843520.00 342471999488.00 342564306944.00 342656843776.00 342749249536.00 342841393152.00 342934355968.00 343026761728.00 343118872576.00 343211442176.00 343303454720.00 343396122624.00 343486595072.00 343580508160.00 343672586240.00 343766335488.00 343858970624.00 343951605760.00 344043749376.00 344136351744.00 
344226430976.00 344321753088.00 344413569024.00 344506204160.00 344597954560.00 344689672192.00 344782372864.00 344875663360.00 344967217152.00 345061195776.00 345152487424.00 345245908992.00 345337561088.00 345429737472.00 345524076544.00 345615958016.00 345707806720.00 345800769536.00 345892913152.00 345985155072.00 
346076643328.00 346169999360.00 346264403968.00 346355269632.00 346445578240.00 346540146688.00 346632060928.00 346724990976.00 346816806912.00 346909933568.00 346985234432.00 347095531520.00 347187314688.00 347280048128.00 347373010944.00 347464433664.00 347557101568.00 347649572864.00 347742306304.00 347834253312.00 
347921547264.00 348019949568.00 348111667200.00 348204826624.00 348296380416.00 348390326272.00 348482076672.00 348575334400.00 348666363904.00 348759195648.00 348851372032.00 348944334848.00 349036576768.00 349129048064.00 349221322752.00 349312319488.00 349404725248.00 349498081280.00 349592354816.00 349683777536.00 
349775200256.00 349868752896.00 349961125888.00 350053466112.00 350145773568.00 350238474240.00 350330912768.00 350423449600.00 350516248576.00 350607900672.00 350700797952.00 350793236480.00 350884790272.00 350978179072.00 351070748672.00 351163449344.00 351255461888.00 351348424704.00 351441092608.00 351533334528.00 
351611486208.00 351718309888.00 351810846720.00 351903121408.00 351995166720.00 352087834624.00 352180174848.00 352273072128.00 352362889216.00 352457392128.00 352549601280.00 352642596864.00 352735068160.00 352827441152.00 352920731648.00 353012121600.00 353103937536.00 353197752320.00 353288781824.00 353382072320.00 
353473560576.00 353567506432.00 353659453440.00 353751171072.00 353843642368.00 353935065088.00 354027307008.00 354121613312.00 354214346752.00 354306818048.00 354398732288.00 354492481536.00 354583642112.00 354675621888.00 354769534976.00 354861154304.00 354953461760.00 355046195200.00 355138830336.00 355231334400.00 
355312500736.00 355416113152.00 355508715520.00 355601219584.00 355693133824.00 355785342976.00 355877486592.00 355971792896.00 356063608832.00 356154900480.00 356245176320.00 356340858880.00 356433854464.00 356525768704.00 356617846784.00 356710252544.00 356802297856.00 356894441472.00 356987961344.00 357080825856.00 
357171265536.00 357265113088.00 357356404736.00 357449826304.00 357542232064.00 357635031040.00 357727535104.00 357820530688.00 357912641536.00 358005211136.00 358096699392.00 358192807936.00 358280527872.00 358373490688.00 358466912256.00 358551027712.00 358652215296.00 358744817664.00 358837223424.00 358929530880.00 
359019085824.00 359114342400.00 359206715392.00 359299612672.00 359391559680.00 359483899904.00 359577157632.00 359668449280.00 359760592896.00 359854964736.00 359945994240.00 360039153664.00 360131788800.00 360224129024.00 360316239872.00 360408842240.00 360500756480.00 360593948672.00 360685731840.00 360778858496.00 
360863825920.00 360963506176.00 361056010240.00 361148448768.00 361238462464.00 361332670464.00 361425764352.00 361520332800.00 361610543104.00 361702752256.00 361795321856.00 361887694848.00 361980100608.00 362071621632.00 362165600256.00 362257743872.00 362350116864.00 362442981376.00 362535223296.00 362627432448.00 
362714628096.00 362812014592.00 362904584192.00 362996858880.00 363089723392.00 363180818432.00 363274928128.00 363367137280.00 363459575808.00 363552669696.00 363643731968.00 363735908352.00 363829002240.00 363922456576.00 364013912064.00 364106383360.00 364196364288.00 364290965504.00 364384223232.00 364476268544.00 
364567363584.00 364661014528.00 364753092608.00 364846120960.00 364938297344.00 365030539264.00 365123502080.00 365215842304.00 365307625472.00 365400850432.00 365489913856.00 365585924096.00 365677314048.00 365770440704.00 365862354944.00 365954662400.00 366047330304.00 366141014016.00 366232272896.00 366324940800.00 
366414594048.00 366509817856.00 366602485760.00 366694793216.00 366787133440.00 366878883840.00 366971355136.00 367063695360.00 367153577984.00 367249915904.00 367340781568.00 367433187328.00 367525658624.00 367618228224.00 367710699520.00 367801270272.00 367894298624.00 367987261440.00 368079601664.00 368172072960.00 
368263135232.00 368356753408.00 368448438272.00 368540712960.00 368631840768.00 368724312064.00 368816717824.00 368909025280.00 369000611840.00 369092263936.00 369183031296.00 369275240448.00 369365778432.00 369457790976.00 369547673600.00 369636573184.00 369725145088.00 369809948672.00 369886986240.00 369933221888.00 
end   dump: w
==END   DUMP_ARRAYS==
Time in seconds = 0.077222
