Sender: LSF System <lsfadmin@polus-c4-ib.bmc.hpc.cs.msu.ru>
Subject: Job 494294: <./extra.o> in cluster <MSUCluster> Done

Job <./extra.o> was submitted from host <polus-ib.bmc.hpc.cs.msu.ru> by user <edu-cmc-skpod19-328-11> in cluster <MSUCluster> at Fri Nov 29 23:42:35 2019
Job was executed on host(s) <6*polus-c4-ib.bmc.hpc.cs.msu.ru>, in queue <short>, as user <edu-cmc-skpod19-328-11> in cluster <MSUCluster> at Fri Nov 29 23:44:50 2019
                            <3*polus-c3-ib.bmc.hpc.cs.msu.ru>
</home_edu/edu-cmc-skpod19-328/edu-cmc-skpod19-328-11> was used as the home directory.
</home_edu/edu-cmc-skpod19-328/edu-cmc-skpod19-328-11/dep_gemver> was used as the working directory.
Started at Fri Nov 29 23:44:50 2019
Terminated at Fri Nov 29 23:44:51 2019
Results reported at Fri Nov 29 23:44:51 2019

Your job looked like:

------------------------------------------------------------
# LSBATCH: User input
./extra.o
------------------------------------------------------------

Successfully completed.

Resource usage summary:

    CPU time :                                   10.67 sec.
    Max Memory :                                 1 MB
    Average Memory :                             1.00 MB
    Total Requested Memory :                     -
    Delta Memory :                               -
    Max Swap :                                   -
    Max Processes :                              1
    Max Threads :                                1
    Run time :                                   1 sec.
    Turnaround time :                            136 sec.

The output (if any) follows:

==BEGIN DUMP_ARRAYS==
begin dump: w
0.00 0.00 0.00 0.00 0.00 0.00 0.00 0.00 0.00 0.00 0.00 0.00 0.00 0.00 0.00 0.00 0.00 0.00 0.00 0.00 
0.00 0.00 0.00 0.00 0.00 0.00 0.00 0.00 0.00 0.00 0.00 0.00 0.00 0.00 0.00 0.00 0.00 0.00 0.00 0.00 
0.00 0.00 0.00 0.00 0.00 0.00 0.00 0.00 0.00 0.00 0.00 0.00 0.00 0.00 0.00 0.00 0.00 0.00 0.00 0.00 
0.00 0.00 0.00 0.00 0.00 0.00 0.00 0.00 0.00 0.00 0.00 0.00 0.00 0.00 0.00 0.00 0.00 0.00 0.00 0.00 
0.00 0.00 0.00 0.00 0.00 0.00 0.00 0.00 0.00 0.00 0.00 0.00 0.00 0.00 0.00 0.00 0.00 0.00 0.00 0.00 
0.00 0.00 0.00 0.00 0.00 0.00 0.00 0.00 0.00 0.00 0.00 0.00 0.00 0.00 0.00 0.00 0.00 0.00 0.00 0.00 
0.00 0.00 0.00 0.00 0.00 0.00 0.00 0.00 0.00 0.00 0.00 0.00 0.00 0.00 0.00 0.00 0.00 0.00 0.00 0.00 
0.00 0.00 0.00 0.00 0.00 0.00 0.00 0.00 0.00 0.00 0.00 0.00 0.00 0.00 0.00 0.00 0.00 0.00 0.00 0.00 
0.00 0.00 0.00 0.00 0.00 0.00 0.00 0.00 0.00 0.00 0.00 0.00 0.00 0.00 0.00 0.00 0.00 0.00 0.00 0.00 
0.00 0.00 0.00 0.00 0.00 0.00 0.00 0.00 0.00 0.00 0.00 0.00 0.00 0.00 0.00 0.00 0.00 0.00 0.00 0.00 
0.00 0.00 0.00 0.00 0.00 0.00 0.00 0.00 0.00 0.00 0.00 0.00 0.00 0.00 0.00 0.00 0.00 0.00 0.00 0.00 
0.00 0.00 0.00 0.00 0.00 0.00 0.00 0.00 0.00 0.00 0.00 0.00 0.00 0.00 0.00 0.00 0.00 0.00 0.00 0.00 
0.00 0.00 0.00 0.00 0.00 0.00 0.00 0.00 0.00 0.00 0.00 0.00 0.00 0.00 0.00 0.00 0.00 0.00 0.00 0.00 
0.00 0.00 0.00 0.00 0.00 0.00 0.00 0.00 0.00 0.00 0.00 0.00 0.00 0.00 0.00 0.00 0.00 0.00 0.00 0.00 
0.00 0.00 0.00 0.00 0.00 0.00 0.00 0.00 0.00 0.00 0.00 0.00 0.00 0.00 0.00 0.00 0.00 0.00 0.00 0.00 
0.00 0.00 0.00 0.00 0.00 0.00 0.00 0.00 0.00 0.00 0.00 0.00 0.00 0.00 0.00 0.00 0.00 0.00 0.00 0.00 
0.00 0.00 0.00 0.00 0.00 0.00 0.00 0.00 0.00 0.00 0.00 0.00 0.00 0.00 0.00 0.00 0.00 0.00 0.00 0.00 
0.00 0.00 0.00 0.00 0.00 0.00 0.00 0.00 0.00 0.00 0.00 0.00 0.00 0.00 0.00 0.00 0.00 0.00 0.00 0.00 
0.00 0.00 0.00 0.00 0.00 0.00 0.00 0.00 0.00 0.00 0.00 0.00 0.00 0.00 0.00 0.00 0.00 0.00 0.00 0.00 
0.00 0.00 0.00 0.00 0.00 0.00 0.00 0.00 0.00 0.00 0.00 0.00 0.00 0.00 0.00 0.00 0.00 0.00 0.00 0.00 
0.00 0.00 0.00 0.00 0.00 0.00 0.00 0.00 0.00 0.00 0.00 0.00 0.00 0.00 0.00 0.00 0.00 0.00 0.00 0.00 
0.00 0.00 0.00 0.00 0.00 0.00 0.00 0.00 0.00 0.00 0.00 0.00 0.00 0.00 0.00 0.00 0.00 0.00 0.00 0.00 
0.00 0.00 0.00 0.00 0.00 0.00 0.00 0.00 0.00 0.00 0.00 0.00 0.00 0.00 0.00 0.00 0.00 0.00 0.00 0.00 
0.00 0.00 0.00 0.00 0.00 0.00 0.00 0.00 0.00 0.00 0.00 0.00 0.00 0.00 0.00 0.00 0.00 0.00 0.00 0.00 
0.00 0.00 0.00 0.00 0.00 0.00 0.00 0.00 0.00 0.00 0.00 0.00 0.00 0.00 0.00 0.00 0.00 0.00 0.00 0.00 
0.00 0.00 0.00 0.00 0.00 0.00 0.00 0.00 0.00 0.00 0.00 0.00 0.00 0.00 0.00 0.00 0.00 0.00 0.00 0.00 
0.00 0.00 0.00 0.00 0.00 0.00 0.00 0.00 0.00 0.00 0.00 0.00 0.00 0.00 0.00 0.00 0.00 0.00 0.00 0.00 
0.00 0.00 0.00 0.00 0.00 0.00 0.00 0.00 0.00 0.00 0.00 0.00 0.00 0.00 0.00 0.00 0.00 0.00 0.00 0.00 
0.00 0.00 0.00 0.00 0.00 0.00 0.00 0.00 0.00 0.00 0.00 0.00 0.00 0.00 0.00 0.00 0.00 0.00 0.00 0.00 
0.00 0.00 0.00 0.00 0.00 0.00 0.00 0.00 0.00 0.00 0.00 0.00 0.00 0.00 0.00 0.00 0.00 0.00 0.00 0.00 
0.00 0.00 0.00 0.00 0.00 0.00 0.00 0.00 0.00 0.00 0.00 0.00 0.00 0.00 0.00 0.00 0.00 0.00 0.00 0.00 
0.00 0.00 0.00 0.00 0.00 0.00 0.00 0.00 0.00 0.00 0.00 0.00 0.00 0.00 0.00 0.00 0.00 0.00 0.00 0.00 
0.00 0.00 0.00 0.00 0.00 0.00 0.00 0.00 0.00 0.00 0.00 0.00 0.00 0.00 0.00 0.00 0.00 0.00 0.00 0.00 
0.00 0.00 0.00 0.00 0.00 0.00 0.00 0.00 0.00 0.00 0.00 0.00 0.00 0.00 0.00 0.00 0.00 0.00 0.00 0.00 
0.00 0.00 0.00 0.00 0.00 0.00 0.00 0.00 0.00 0.00 0.00 0.00 0.00 0.00 0.00 0.00 0.00 0.00 0.00 0.00 
0.00 0.00 0.00 0.00 0.00 0.00 0.00 0.00 0.00 0.00 0.00 0.00 0.00 0.00 0.00 0.00 0.00 0.00 0.00 0.00 
0.00 0.00 0.00 0.00 0.00 0.00 0.00 0.00 0.00 0.00 0.00 0.00 0.00 0.00 0.00 0.00 0.00 0.00 0.00 0.00 
0.00 0.00 0.00 0.00 0.00 0.00 0.00 0.00 0.00 0.00 0.00 0.00 0.00 0.00 0.00 0.00 0.00 0.00 0.00 0.00 
0.00 0.00 0.00 0.00 0.00 0.00 0.00 0.00 0.00 0.00 0.00 0.00 0.00 0.00 0.00 0.00 0.00 0.00 0.00 0.00 
0.00 0.00 0.00 0.00 0.00 0.00 0.00 0.00 0.00 0.00 0.00 0.00 0.00 0.00 0.00 0.00 0.00 0.00 0.00 0.00 
0.00 0.00 0.00 0.00 0.00 0.00 0.00 0.00 0.00 0.00 0.00 0.00 0.00 0.00 0.00 0.00 0.00 0.00 0.00 0.00 
0.00 0.00 0.00 0.00 0.00 0.00 0.00 0.00 0.00 0.00 0.00 0.00 0.00 0.00 0.00 0.00 0.00 0.00 0.00 0.00 
0.00 0.00 0.00 0.00 0.00 0.00 0.00 0.00 0.00 0.00 0.00 0.00 0.00 0.00 0.00 0.00 0.00 0.00 0.00 0.00 
0.00 0.00 0.00 0.00 0.00 0.00 0.00 0.00 0.00 0.00 0.00 0.00 0.00 0.00 0.00 0.00 0.00 0.00 0.00 0.00 
0.00 0.00 0.00 0.00 0.00 0.00 0.00 0.00 0.00 0.00 0.00 0.00 0.00 0.00 0.00 0.00 0.00 0.00 0.00 0.00 
0.00 0.00 0.00 0.00 0.00 0.00 0.00 0.00 0.00 0.00 0.00 0.00 0.00 0.00 0.00 0.00 0.00 0.00 0.00 0.00 
0.00 0.00 0.00 0.00 0.00 0.00 0.00 0.00 0.00 0.00 0.00 0.00 0.00 0.00 0.00 0.00 0.00 0.00 0.00 0.00 
0.00 0.00 0.00 0.00 0.00 0.00 0.00 0.00 0.00 0.00 0.00 0.00 0.00 0.00 0.00 0.00 0.00 0.00 0.00 0.00 
0.00 0.00 0.00 0.00 0.00 0.00 0.00 0.00 0.00 0.00 0.00 0.00 0.00 0.00 0.00 0.00 0.00 0.00 0.00 0.00 
0.00 0.00 0.00 0.00 0.00 0.00 0.00 0.00 0.00 0.00 0.00 0.00 0.00 0.00 0.00 0.00 0.00 0.00 0.00 0.00 
0.00 0.00 0.00 0.00 0.00 0.00 0.00 0.00 0.00 0.00 0.00 0.00 0.00 0.00 0.00 0.00 0.00 0.00 0.00 0.00 
0.00 0.00 0.00 0.00 0.00 0.00 0.00 0.00 0.00 0.00 0.00 0.00 0.00 0.00 0.00 0.00 0.00 0.00 0.00 0.00 
0.00 0.00 0.00 0.00 0.00 0.00 0.00 0.00 0.00 0.00 0.00 0.00 0.00 0.00 0.00 0.00 0.00 0.00 0.00 0.00 
0.00 0.00 0.00 0.00 0.00 0.00 0.00 0.00 0.00 0.00 0.00 0.00 0.00 0.00 0.00 0.00 0.00 0.00 0.00 0.00 
0.00 0.00 0.00 0.00 0.00 0.00 0.00 0.00 0.00 0.00 0.00 0.00 0.00 0.00 0.00 0.00 0.00 0.00 0.00 0.00 
0.00 0.00 0.00 0.00 0.00 0.00 0.00 0.00 0.00 0.00 0.00 0.00 0.00 0.00 0.00 0.00 0.00 0.00 0.00 0.00 
0.00 0.00 0.00 0.00 0.00 0.00 0.00 0.00 0.00 0.00 0.00 0.00 0.00 0.00 0.00 0.00 0.00 0.00 0.00 0.00 
0.00 0.00 0.00 0.00 0.00 0.00 0.00 0.00 0.00 0.00 0.00 0.00 0.00 0.00 0.00 0.00 0.00 0.00 0.00 0.00 
0.00 0.00 0.00 0.00 0.00 0.00 0.00 0.00 0.00 0.00 0.00 0.00 0.00 0.00 0.00 0.00 0.00 0.00 0.00 0.00 
0.00 0.00 0.00 0.00 0.00 0.00 0.00 0.00 0.00 0.00 0.00 0.00 0.00 0.00 0.00 0.00 0.00 0.00 0.00 0.00 
0.00 0.00 0.00 0.00 0.00 0.00 0.00 0.00 0.00 0.00 0.00 0.00 0.00 0.00 0.00 0.00 0.00 0.00 0.00 0.00 
0.00 0.00 0.00 0.00 0.00 0.00 0.00 0.00 0.00 0.00 0.00 0.00 0.00 0.00 0.00 0.00 0.00 0.00 0.00 0.00 
0.00 0.00 0.00 0.00 0.00 0.00 0.00 0.00 0.00 0.00 0.00 0.00 0.00 0.00 0.00 0.00 0.00 0.00 0.00 0.00 
0.00 0.00 0.00 0.00 0.00 0.00 0.00 0.00 0.00 0.00 0.00 0.00 0.00 0.00 0.00 0.00 0.00 0.00 0.00 0.00 
0.00 0.00 0.00 0.00 0.00 0.00 0.00 0.00 0.00 0.00 0.00 0.00 0.00 0.00 0.00 0.00 0.00 0.00 0.00 0.00 
0.00 0.00 0.00 0.00 0.00 0.00 0.00 0.00 0.00 0.00 0.00 0.00 0.00 0.00 0.00 0.00 0.00 0.00 0.00 0.00 
0.00 0.00 0.00 0.00 0.00 0.00 0.00 0.00 0.00 0.00 0.00 0.00 0.00 0.00 0.00 0.00 0.00 0.00 0.00 0.00 
0.00 0.00 0.00 0.00 0.00 0.00 0.00 0.00 0.00 0.00 0.00 0.00 0.00 0.00 0.00 0.00 0.00 0.00 0.00 0.00 
0.00 0.00 0.00 0.00 0.00 0.00 0.00 0.00 0.00 0.00 0.00 0.00 0.00 0.00 0.00 0.00 0.00 0.00 0.00 0.00 
0.00 0.00 0.00 0.00 0.00 0.00 0.00 0.00 0.00 0.00 0.00 0.00 0.00 0.00 0.00 0.00 0.00 0.00 0.00 0.00 
0.00 0.00 0.00 0.00 0.00 0.00 0.00 0.00 0.00 0.00 0.00 0.00 0.00 0.00 0.00 0.00 0.00 0.00 0.00 0.00 
0.00 0.00 0.00 0.00 0.00 0.00 0.00 0.00 0.00 0.00 0.00 0.00 0.00 0.00 0.00 0.00 0.00 0.00 0.00 0.00 
0.00 0.00 0.00 0.00 0.00 0.00 0.00 0.00 0.00 0.00 0.00 0.00 0.00 0.00 0.00 0.00 0.00 0.00 0.00 0.00 
0.00 0.00 0.00 0.00 0.00 0.00 0.00 0.00 0.00 0.00 0.00 0.00 0.00 0.00 0.00 0.00 0.00 0.00 0.00 0.00 
0.00 0.00 0.00 0.00 0.00 0.00 0.00 0.00 0.00 0.00 0.00 0.00 0.00 0.00 0.00 0.00 0.00 0.00 0.00 0.00 
0.00 0.00 0.00 0.00 0.00 0.00 0.00 0.00 0.00 0.00 0.00 0.00 0.00 0.00 0.00 0.00 0.00 0.00 0.00 0.00 
0.00 0.00 0.00 0.00 0.00 0.00 0.00 0.00 0.00 0.00 0.00 0.00 0.00 0.00 0.00 0.00 0.00 0.00 0.00 0.00 
0.00 0.00 0.00 0.00 0.00 0.00 0.00 0.00 0.00 0.00 0.00 0.00 0.00 0.00 0.00 0.00 0.00 0.00 0.00 0.00 
0.00 0.00 0.00 0.00 0.00 0.00 0.00 0.00 0.00 0.00 0.00 0.00 0.00 0.00 0.00 0.00 0.00 0.00 0.00 0.00 
0.00 0.00 0.00 0.00 0.00 0.00 0.00 0.00 0.00 0.00 0.00 0.00 0.00 0.00 0.00 0.00 0.00 0.00 0.00 0.00 
0.00 0.00 0.00 0.00 0.00 0.00 0.00 0.00 0.00 0.00 0.00 0.00 0.00 0.00 0.00 0.00 0.00 0.00 0.00 0.00 
0.00 0.00 0.00 0.00 0.00 0.00 0.00 0.00 0.00 0.00 0.00 0.00 0.00 0.00 0.00 0.00 0.00 0.00 0.00 0.00 
0.00 0.00 0.00 0.00 0.00 0.00 0.00 0.00 0.00 0.00 0.00 0.00 0.00 0.00 0.00 0.00 0.00 0.00 0.00 0.00 
0.00 0.00 0.00 0.00 0.00 0.00 0.00 0.00 0.00 0.00 0.00 0.00 0.00 0.00 0.00 0.00 0.00 0.00 0.00 0.00 
0.00 0.00 0.00 0.00 0.00 0.00 0.00 0.00 0.00 0.00 0.00 0.00 0.00 0.00 0.00 0.00 0.00 0.00 0.00 0.00 
0.00 0.00 0.00 0.00 0.00 0.00 0.00 0.00 0.00 0.00 0.00 0.00 0.00 0.00 0.00 0.00 0.00 0.00 0.00 0.00 
0.00 0.00 0.00 0.00 0.00 0.00 0.00 0.00 0.00 0.00 0.00 0.00 0.00 0.00 0.00 0.00 0.00 0.00 0.00 0.00 
0.00 0.00 0.00 0.00 0.00 0.00 0.00 0.00 0.00 0.00 0.00 0.00 0.00 0.00 0.00 0.00 0.00 0.00 0.00 0.00 
0.00 0.00 0.00 0.00 0.00 0.00 0.00 0.00 0.00 0.00 0.00 0.00 0.00 0.00 0.00 0.00 0.00 0.00 0.00 0.00 
0.00 0.00 0.00 0.00 0.00 0.00 0.00 0.00 0.00 0.00 0.00 0.00 0.00 0.00 0.00 0.00 0.00 0.00 0.00 0.00 
0.00 0.00 0.00 0.00 0.00 0.00 0.00 0.00 0.00 0.00 0.00 0.00 0.00 0.00 0.00 0.00 0.00 0.00 0.00 0.00 
0.00 0.00 0.00 0.00 0.00 0.00 0.00 0.00 0.00 0.00 0.00 0.00 0.00 0.00 0.00 0.00 0.00 0.00 0.00 0.00 
0.00 0.00 0.00 0.00 0.00 0.00 0.00 0.00 0.00 0.00 0.00 0.00 0.00 0.00 0.00 0.00 0.00 0.00 0.00 0.00 
0.00 0.00 0.00 0.00 0.00 0.00 0.00 0.00 0.00 0.00 0.00 0.00 0.00 0.00 0.00 0.00 0.00 0.00 0.00 0.00 
0.00 0.00 0.00 0.00 0.00 0.00 0.00 0.00 0.00 0.00 0.00 0.00 0.00 0.00 0.00 0.00 0.00 0.00 0.00 0.00 
0.00 0.00 0.00 0.00 0.00 0.00 0.00 0.00 0.00 0.00 0.00 0.00 0.00 0.00 0.00 0.00 0.00 0.00 0.00 0.00 
0.00 0.00 0.00 0.00 0.00 0.00 0.00 0.00 0.00 0.00 0.00 0.00 0.00 0.00 0.00 0.00 0.00 0.00 0.00 0.00 
0.00 0.00 0.00 0.00 0.00 0.00 0.00 0.00 0.00 0.00 0.00 0.00 0.00 0.00 0.00 0.00 0.00 0.00 0.00 0.00 
0.00 0.00 0.00 0.00 0.00 0.00 0.00 0.00 0.00 0.00 0.00 0.00 0.00 0.00 0.00 0.00 0.00 0.00 0.00 0.00 
0.00 0.00 0.00 0.00 0.00 0.00 0.00 0.00 0.00 0.00 0.00 0.00 0.00 0.00 0.00 0.00 0.00 0.00 0.00 0.00 
0.00 0.00 0.00 0.00 0.00 0.00 0.00 0.00 0.00 0.00 0.00 0.00 0.00 0.00 0.00 0.00 0.00 0.00 0.00 0.00 
0.00 0.00 0.00 0.00 0.00 0.00 0.00 0.00 0.00 0.00 0.00 0.00 0.00 0.00 0.00 0.00 0.00 0.00 0.00 0.00 
0.00 0.00 0.00 0.00 0.00 0.00 0.00 0.00 0.00 0.00 0.00 0.00 0.00 0.00 0.00 0.00 0.00 0.00 0.00 0.00 
0.00 0.00 0.00 0.00 0.00 0.00 0.00 0.00 0.00 0.00 0.00 0.00 0.00 0.00 0.00 0.00 0.00 0.00 0.00 0.00 
0.00 0.00 0.00 0.00 0.00 0.00 0.00 0.00 0.00 0.00 0.00 0.00 0.00 0.00 0.00 0.00 0.00 0.00 0.00 0.00 
0.00 0.00 0.00 0.00 0.00 0.00 0.00 0.00 0.00 0.00 0.00 0.00 0.00 0.00 0.00 0.00 0.00 0.00 0.00 0.00 
0.00 0.00 0.00 0.00 0.00 0.00 0.00 0.00 0.00 0.00 0.00 0.00 0.00 0.00 0.00 0.00 0.00 0.00 0.00 0.00 
0.00 0.00 0.00 0.00 0.00 0.00 0.00 0.00 0.00 0.00 0.00 0.00 0.00 0.00 0.00 0.00 0.00 0.00 0.00 0.00 
0.00 0.00 0.00 0.00 0.00 0.00 0.00 0.00 0.00 0.00 0.00 0.00 0.00 0.00 0.00 0.00 0.00 0.00 0.00 0.00 
0.00 0.00 0.00 0.00 0.00 0.00 0.00 0.00 0.00 0.00 0.00 0.00 0.00 0.00 0.00 0.00 0.00 0.00 0.00 0.00 
0.00 0.00 0.00 0.00 0.00 0.00 0.00 0.00 0.00 0.00 0.00 0.00 0.00 0.00 0.00 0.00 0.00 0.00 0.00 0.00 
0.00 0.00 0.00 0.00 0.00 0.00 0.00 0.00 0.00 0.00 0.00 0.00 0.00 0.00 0.00 0.00 0.00 0.00 0.00 0.00 
0.00 0.00 0.00 0.00 0.00 0.00 0.00 0.00 0.00 0.00 0.00 0.00 0.00 0.00 0.00 0.00 0.00 0.00 0.00 0.00 
0.00 0.00 0.00 0.00 0.00 0.00 0.00 0.00 0.00 0.00 0.00 0.00 0.00 0.00 0.00 0.00 0.00 0.00 0.00 0.00 
0.00 0.00 0.00 0.00 0.00 0.00 0.00 0.00 0.00 0.00 0.00 0.00 0.00 0.00 0.00 0.00 0.00 0.00 0.00 0.00 
0.00 0.00 0.00 0.00 0.00 0.00 0.00 0.00 0.00 0.00 0.00 0.00 0.00 0.00 0.00 0.00 0.00 0.00 0.00 0.00 
0.00 0.00 0.00 0.00 0.00 0.00 0.00 0.00 0.00 0.00 0.00 0.00 0.00 0.00 0.00 0.00 0.00 0.00 0.00 0.00 
0.00 0.00 0.00 0.00 0.00 0.00 0.00 0.00 0.00 0.00 0.00 0.00 0.00 0.00 0.00 0.00 0.00 0.00 0.00 0.00 
0.00 0.00 0.00 0.00 0.00 0.00 0.00 0.00 0.00 0.00 0.00 0.00 0.00 0.00 0.00 0.00 0.00 0.00 0.00 0.00 
0.00 0.00 0.00 0.00 0.00 0.00 0.00 0.00 0.00 0.00 0.00 0.00 0.00 0.00 0.00 0.00 0.00 0.00 0.00 0.00 
0.00 0.00 0.00 0.00 0.00 0.00 0.00 0.00 0.00 0.00 0.00 0.00 0.00 0.00 0.00 0.00 0.00 0.00 0.00 0.00 
0.00 0.00 0.00 0.00 0.00 0.00 0.00 0.00 0.00 0.00 0.00 0.00 0.00 0.00 0.00 0.00 0.00 0.00 0.00 0.00 
0.00 0.00 0.00 0.00 0.00 0.00 0.00 0.00 0.00 0.00 0.00 0.00 0.00 0.00 0.00 0.00 0.00 0.00 0.00 0.00 
0.00 0.00 0.00 0.00 0.00 0.00 0.00 0.00 0.00 0.00 0.00 0.00 0.00 0.00 0.00 0.00 0.00 0.00 0.00 0.00 
0.00 0.00 0.00 0.00 0.00 0.00 0.00 0.00 0.00 0.00 0.00 0.00 0.00 0.00 0.00 0.00 0.00 0.00 0.00 0.00 
0.00 0.00 0.00 0.00 0.00 0.00 0.00 0.00 0.00 0.00 0.00 0.00 0.00 0.00 0.00 0.00 0.00 0.00 0.00 0.00 
0.00 0.00 0.00 0.00 0.00 0.00 0.00 0.00 0.00 0.00 0.00 0.00 0.00 0.00 0.00 0.00 0.00 0.00 0.00 0.00 
0.00 0.00 0.00 0.00 0.00 0.00 0.00 0.00 0.00 0.00 0.00 0.00 0.00 0.00 0.00 0.00 0.00 0.00 0.00 0.00 
0.00 0.00 0.00 0.00 0.00 0.00 0.00 0.00 0.00 0.00 0.00 0.00 0.00 0.00 0.00 0.00 0.00 0.00 0.00 0.00 
0.00 0.00 0.00 0.00 0.00 0.00 0.00 0.00 0.00 0.00 0.00 0.00 0.00 0.00 0.00 0.00 0.00 0.00 0.00 0.00 
0.00 0.00 0.00 0.00 0.00 0.00 0.00 0.00 0.00 0.00 0.00 0.00 0.00 0.00 0.00 0.00 0.00 0.00 0.00 0.00 
0.00 0.00 0.00 0.00 0.00 0.00 0.00 0.00 0.00 0.00 0.00 0.00 0.00 0.00 0.00 0.00 0.00 0.00 0.00 0.00 
0.00 0.00 0.00 0.00 0.00 0.00 0.00 0.00 0.00 0.00 0.00 0.00 0.00 0.00 0.00 0.00 0.00 0.00 0.00 0.00 
0.00 0.00 0.00 0.00 0.00 0.00 0.00 0.00 0.00 0.00 0.00 0.00 0.00 0.00 0.00 0.00 0.00 0.00 0.00 0.00 
0.00 0.00 0.00 0.00 0.00 0.00 0.00 0.00 0.00 0.00 0.00 0.00 0.00 0.00 0.00 0.00 0.00 0.00 0.00 0.00 
0.00 0.00 0.00 0.00 0.00 0.00 0.00 0.00 0.00 0.00 0.00 0.00 0.00 0.00 0.00 0.00 0.00 0.00 0.00 0.00 
0.00 0.00 0.00 0.00 0.00 0.00 0.00 0.00 0.00 0.00 0.00 0.00 0.00 0.00 0.00 0.00 0.00 0.00 0.00 0.00 
0.00 0.00 0.00 0.00 0.00 0.00 0.00 0.00 0.00 0.00 0.00 0.00 0.00 0.00 0.00 0.00 0.00 0.00 0.00 0.00 
0.00 0.00 0.00 0.00 0.00 0.00 0.00 0.00 0.00 0.00 0.00 0.00 0.00 0.00 0.00 0.00 0.00 0.00 0.00 0.00 
0.00 0.00 0.00 0.00 0.00 0.00 0.00 0.00 0.00 0.00 0.00 0.00 0.00 0.00 0.00 0.00 0.00 0.00 0.00 0.00 
0.00 0.00 0.00 0.00 0.00 0.00 0.00 0.00 0.00 0.00 0.00 0.00 0.00 0.00 0.00 0.00 0.00 0.00 0.00 0.00 
0.00 0.00 0.00 0.00 0.00 0.00 0.00 0.00 0.00 0.00 0.00 0.00 0.00 0.00 0.00 0.00 0.00 0.00 0.00 0.00 
0.00 0.00 0.00 0.00 0.00 0.00 0.00 0.00 0.00 0.00 0.00 0.00 0.00 0.00 0.00 0.00 0.00 0.00 0.00 0.00 
0.00 0.00 0.00 0.00 0.00 0.00 0.00 0.00 0.00 0.00 0.00 0.00 0.00 0.00 0.00 0.00 0.00 0.00 0.00 0.00 
0.00 0.00 0.00 0.00 0.00 0.00 0.00 0.00 0.00 0.00 0.00 0.00 0.00 0.00 0.00 0.00 0.00 0.00 0.00 0.00 
0.00 0.00 0.00 0.00 0.00 0.00 0.00 0.00 0.00 0.00 0.00 0.00 0.00 0.00 0.00 0.00 0.00 0.00 0.00 0.00 
0.00 0.00 0.00 0.00 0.00 0.00 0.00 0.00 0.00 0.00 0.00 0.00 0.00 0.00 0.00 0.00 0.00 0.00 0.00 0.00 
0.00 0.00 0.00 0.00 0.00 0.00 0.00 0.00 0.00 0.00 0.00 0.00 0.00 0.00 0.00 0.00 0.00 0.00 0.00 0.00 
0.00 0.00 0.00 0.00 0.00 0.00 0.00 0.00 0.00 0.00 0.00 0.00 0.00 0.00 0.00 0.00 0.00 0.00 0.00 0.00 
0.00 0.00 0.00 0.00 0.00 0.00 0.00 0.00 0.00 0.00 0.00 0.00 0.00 0.00 0.00 0.00 0.00 0.00 0.00 0.00 
0.00 0.00 0.00 0.00 0.00 0.00 0.00 0.00 0.00 0.00 0.00 0.00 0.00 0.00 0.00 0.00 0.00 0.00 0.00 0.00 
0.00 0.00 0.00 0.00 0.00 0.00 0.00 0.00 0.00 0.00 0.00 0.00 0.00 0.00 0.00 0.00 0.00 0.00 0.00 0.00 
0.00 0.00 0.00 0.00 0.00 0.00 0.00 0.00 0.00 0.00 0.00 0.00 0.00 0.00 0.00 0.00 0.00 0.00 0.00 0.00 
0.00 0.00 0.00 0.00 0.00 0.00 0.00 0.00 0.00 0.00 0.00 0.00 0.00 0.00 0.00 0.00 0.00 0.00 0.00 0.00 
0.00 0.00 0.00 0.00 0.00 0.00 0.00 0.00 0.00 0.00 0.00 0.00 0.00 0.00 0.00 0.00 0.00 0.00 0.00 0.00 
0.00 0.00 0.00 0.00 0.00 0.00 0.00 0.00 0.00 0.00 0.00 0.00 0.00 0.00 0.00 0.00 0.00 0.00 0.00 0.00 
0.00 0.00 0.00 0.00 0.00 0.00 0.00 0.00 0.00 0.00 0.00 0.00 0.00 0.00 0.00 0.00 0.00 0.00 0.00 0.00 
0.00 0.00 0.00 0.00 0.00 0.00 0.00 0.00 0.00 0.00 0.00 0.00 0.00 0.00 0.00 0.00 0.00 0.00 0.00 0.00 
0.00 0.00 0.00 0.00 0.00 0.00 0.00 0.00 0.00 0.00 0.00 0.00 0.00 0.00 0.00 0.00 0.00 0.00 0.00 0.00 
0.00 0.00 0.00 0.00 0.00 0.00 0.00 0.00 0.00 0.00 0.00 0.00 0.00 0.00 0.00 0.00 0.00 0.00 0.00 0.00 
0.00 0.00 0.00 0.00 0.00 0.00 0.00 0.00 0.00 0.00 0.00 0.00 0.00 0.00 0.00 0.00 0.00 0.00 0.00 0.00 
0.00 0.00 0.00 0.00 0.00 0.00 0.00 0.00 0.00 0.00 0.00 0.00 0.00 0.00 0.00 0.00 0.00 0.00 0.00 0.00 
0.00 0.00 0.00 0.00 0.00 0.00 0.00 0.00 0.00 0.00 0.00 0.00 0.00 0.00 0.00 0.00 0.00 0.00 0.00 0.00 
0.00 0.00 0.00 0.00 0.00 0.00 0.00 0.00 0.00 0.00 0.00 0.00 0.00 0.00 0.00 0.00 0.00 0.00 0.00 0.00 
0.00 0.00 0.00 0.00 0.00 0.00 0.00 0.00 0.00 0.00 0.00 0.00 0.00 0.00 0.00 0.00 0.00 0.00 0.00 0.00 
0.00 0.00 0.00 0.00 0.00 0.00 0.00 0.00 0.00 0.00 0.00 0.00 0.00 0.00 0.00 0.00 0.00 0.00 0.00 0.00 
0.00 0.00 0.00 0.00 0.00 0.00 0.00 0.00 0.00 0.00 0.00 0.00 0.00 0.00 0.00 0.00 0.00 0.00 0.00 0.00 
0.00 0.00 0.00 0.00 0.00 0.00 0.00 0.00 0.00 0.00 0.00 0.00 0.00 0.00 0.00 0.00 0.00 0.00 0.00 0.00 
0.00 0.00 0.00 0.00 0.00 0.00 0.00 0.00 0.00 0.00 0.00 0.00 0.00 0.00 0.00 0.00 0.00 0.00 0.00 0.00 
0.00 0.00 0.00 0.00 0.00 0.00 0.00 0.00 0.00 0.00 0.00 0.00 0.00 0.00 0.00 0.00 0.00 0.00 0.00 0.00 
0.00 0.00 0.00 0.00 0.00 0.00 0.00 0.00 0.00 0.00 0.00 0.00 0.00 0.00 0.00 0.00 0.00 0.00 0.00 0.00 
0.00 0.00 0.00 0.00 0.00 0.00 0.00 0.00 0.00 0.00 0.00 0.00 0.00 0.00 0.00 0.00 0.00 0.00 0.00 0.00 
0.00 0.00 0.00 0.00 0.00 0.00 0.00 0.00 0.00 0.00 0.00 0.00 0.00 0.00 0.00 0.00 0.00 0.00 0.00 0.00 
0.00 0.00 0.00 0.00 0.00 0.00 0.00 0.00 0.00 0.00 0.00 0.00 0.00 0.00 0.00 0.00 0.00 0.00 0.00 0.00 
0.00 0.00 0.00 0.00 0.00 0.00 0.00 0.00 0.00 0.00 0.00 0.00 0.00 0.00 0.00 0.00 0.00 0.00 0.00 0.00 
0.00 0.00 0.00 0.00 0.00 0.00 0.00 0.00 0.00 0.00 0.00 0.00 0.00 0.00 0.00 0.00 0.00 0.00 0.00 0.00 
0.00 0.00 0.00 0.00 0.00 0.00 0.00 0.00 0.00 0.00 0.00 0.00 0.00 0.00 0.00 0.00 0.00 0.00 0.00 0.00 
0.00 0.00 0.00 0.00 0.00 0.00 0.00 0.00 0.00 0.00 0.00 0.00 0.00 0.00 0.00 0.00 0.00 0.00 0.00 0.00 
0.00 0.00 0.00 0.00 0.00 0.00 0.00 0.00 0.00 0.00 0.00 0.00 0.00 0.00 0.00 0.00 0.00 0.00 0.00 0.00 
0.00 0.00 0.00 0.00 0.00 0.00 0.00 0.00 0.00 0.00 0.00 0.00 0.00 0.00 0.00 0.00 0.00 0.00 0.00 0.00 
0.00 0.00 0.00 0.00 0.00 0.00 0.00 0.00 0.00 0.00 0.00 0.00 0.00 0.00 0.00 0.00 0.00 0.00 0.00 0.00 
0.00 0.00 0.00 0.00 0.00 0.00 0.00 0.00 0.00 0.00 0.00 0.00 0.00 0.00 0.00 0.00 0.00 0.00 0.00 0.00 
0.00 0.00 0.00 0.00 0.00 0.00 0.00 0.00 0.00 0.00 0.00 0.00 0.00 0.00 0.00 0.00 0.00 0.00 0.00 0.00 
0.00 0.00 0.00 0.00 0.00 0.00 0.00 0.00 0.00 0.00 0.00 0.00 0.00 0.00 0.00 0.00 0.00 0.00 0.00 0.00 
0.00 0.00 0.00 0.00 0.00 0.00 0.00 0.00 0.00 0.00 0.00 0.00 0.00 0.00 0.00 0.00 0.00 0.00 0.00 0.00 
0.00 0.00 0.00 0.00 0.00 0.00 0.00 0.00 0.00 0.00 0.00 0.00 0.00 0.00 0.00 0.00 0.00 0.00 0.00 0.00 
0.00 0.00 0.00 0.00 0.00 0.00 0.00 0.00 0.00 0.00 0.00 0.00 0.00 0.00 0.00 0.00 0.00 0.00 0.00 0.00 
0.00 0.00 0.00 0.00 0.00 0.00 0.00 0.00 0.00 0.00 0.00 0.00 0.00 0.00 0.00 0.00 0.00 0.00 0.00 0.00 
0.00 0.00 0.00 0.00 0.00 0.00 0.00 0.00 0.00 0.00 0.00 0.00 0.00 0.00 0.00 0.00 0.00 0.00 0.00 0.00 
0.00 0.00 0.00 0.00 0.00 0.00 0.00 0.00 0.00 0.00 0.00 0.00 0.00 0.00 0.00 0.00 0.00 0.00 0.00 0.00 
0.00 0.00 0.00 0.00 0.00 0.00 0.00 0.00 0.00 0.00 0.00 0.00 0.00 0.00 0.00 0.00 0.00 0.00 0.00 0.00 
0.00 0.00 0.00 0.00 0.00 0.00 0.00 0.00 0.00 0.00 0.00 0.00 0.00 0.00 0.00 0.00 0.00 0.00 0.00 0.00 
0.00 0.00 0.00 0.00 0.00 0.00 0.00 0.00 0.00 0.00 0.00 0.00 0.00 0.00 0.00 0.00 0.00 0.00 0.00 0.00 
0.00 0.00 0.00 0.00 0.00 0.00 0.00 0.00 0.00 0.00 0.00 0.00 0.00 0.00 0.00 0.00 0.00 0.00 0.00 0.00 
0.00 0.00 0.00 0.00 0.00 0.00 0.00 0.00 0.00 0.00 0.00 0.00 0.00 0.00 0.00 0.00 0.00 0.00 0.00 0.00 
0.00 0.00 0.00 0.00 0.00 0.00 0.00 0.00 0.00 0.00 0.00 0.00 0.00 0.00 0.00 0.00 0.00 0.00 0.00 0.00 
0.00 0.00 0.00 0.00 0.00 0.00 0.00 0.00 0.00 0.00 0.00 0.00 0.00 0.00 0.00 0.00 0.00 0.00 0.00 0.00 
0.00 0.00 0.00 0.00 0.00 0.00 0.00 0.00 0.00 0.00 0.00 0.00 0.00 0.00 0.00 0.00 0.00 0.00 0.00 0.00 
0.00 0.00 0.00 0.00 0.00 0.00 0.00 0.00 0.00 0.00 0.00 0.00 0.00 0.00 0.00 0.00 0.00 0.00 0.00 0.00 
0.00 0.00 0.00 0.00 0.00 0.00 0.00 0.00 0.00 0.00 0.00 0.00 0.00 0.00 0.00 0.00 0.00 0.00 0.00 0.00 
end   dump: w
==END   DUMP_ARRAYS==
==BEGIN DUMP_ARRAYS==
begin dump: w
7740.49 464305024.00 510780160.00 588344000.00 673416448.00 761624000.00 851483136.00 942277504.00 1033009984.00 1125113728.00 1216319104.00 1309058816.00 1401081984.00 1493543424.00 1585880320.00 1678040704.00 1769798016.00 1863419904.00 1955969536.00 2048287232.00 
2139822208.00 2234152704.00 2326543360.00 2419426560.00 2511614720.00 2603144192.00 2697649920.00 2790194176.00 2882984704.00 2976050176.00 3067984384.00 3160749056.00 3252056320.00 3347025408.00 3439878656.00 3532408576.00 3625219328.00 3718243072.00 3811004160.00 3903890688.00 
3994066432.00 4089647104.00 4182505472.00 4274380800.00 4368193536.00 4460930048.00 4554226688.00 4646559744.00 4738477568.00 4832477696.00 4921849344.00 5018077696.00 5111071232.00 5203931648.00 5296434688.00 5389367808.00 5481984000.00 5575191040.00 5668668416.00 5761359360.00 
5852585472.00 5946633216.00 6039275008.00 6133230080.00 6223240704.00 6317923328.00 6411057664.00 6503956992.00 6596723712.00 6690450432.00 6781935104.00 6874974720.00 6967861760.00 7061352960.00 7153671680.00 7245277184.00 7339737088.00 7433119232.00 7525581312.00 7618476032.00 
7705858560.00 7804269568.00 7897160704.00 7990058496.00 8082734080.00 8175136256.00 8268124672.00 8362446336.00 8453986304.00 8547719680.00 8639605760.00 8733528064.00 8825947136.00 8916752384.00 9011675136.00 9104162816.00 9195352064.00 9290412032.00 9383311360.00 9475976192.00 
9562215424.00 9661710336.00 9754697728.00 9847418880.00 9940189184.00 10032991232.00 10126350336.00 10219215872.00 10311371776.00 10405006336.00 10497246208.00 10590164992.00 10682627072.00 10776979456.00 10869151744.00 10962066432.00 11055263744.00 11147936768.00 11241142272.00 11333871616.00 
11423985664.00 11519247360.00 11612502016.00 11705124864.00 11797928960.00 11882306560.00 11984330752.00 12078370816.00 12167642112.00 12259816448.00 12355025920.00 12448359424.00 12541232128.00 12634093568.00 12727201792.00 12819802112.00 12912466944.00 13006102528.00 13100216320.00 13191932928.00 
13283115008.00 13377340416.00 13469918208.00 13563992064.00 13655126016.00 13748680704.00 13842030592.00 13934556160.00 14026584064.00 14120780800.00 14209980416.00 14306865152.00 14398779392.00 14491566080.00 14585747456.00 14677564416.00 14770573312.00 14863863808.00 14956497920.00 15049380864.00 
15131237376.00 15235324928.00 15328076800.00 15420889088.00 15513705472.00 15606553600.00 15699420160.00 15793055744.00 15884926976.00 15977083904.00 16070444032.00 16164160512.00 16256562176.00 16349740032.00 16444628992.00 16534018048.00 16627517440.00 16722203648.00 16814349312.00 16906967040.00 
16998719488.00 17093193728.00 17186787328.00 17278371840.00 17371260928.00 17464346624.00 17556353024.00 17650348032.00 17742970880.00 17836177408.00 17927991296.00 18022182912.00 18112708608.00 18207819776.00 18300575744.00 18392809472.00 18486083584.00 18579128320.00 18671663104.00 18764492800.00 
18844096512.00 18950555648.00 19043268608.00 19136638976.00 19229220864.00 19321694208.00 19415074816.00 19508277248.00 19600003072.00 19694008320.00 19785801728.00 19880316928.00 19972519936.00 20065488896.00 20158425088.00 20250886144.00 20343494656.00 20437188608.00 20529807360.00 20622712832.00 
20714387456.00 20808925184.00 20900257792.00 20994990080.00 21085241344.00 21178548224.00 21273202688.00 21366052864.00 21458649088.00 21551761408.00 21644087296.00 21737445376.00 21830017024.00 21922437120.00 22015956992.00 22107820032.00 22202212352.00 22294925312.00 22387695616.00 22480855040.00 
22568024064.00 22666805248.00 22759237632.00 22852509696.00 22945007616.00 23038095360.00 23130728448.00 23223963648.00 23316072448.00 23409344512.00 23484913664.00 23595700224.00 23688370176.00 23781265408.00 23874719744.00 23966679040.00 24057714688.00 24152649728.00 24244113408.00 24339140608.00 
24430055424.00 24524490752.00 24616955904.00 24710000640.00 24802416640.00 24895434752.00 24988176384.00 25082884096.00 25174620160.00 25267550208.00 25359792128.00 25453025280.00 25545123840.00 25639362560.00 25732452352.00 25823053824.00 25918226432.00 26010619904.00 26103525376.00 26195748864.00 
26286524416.00 26382295040.00 26474940416.00 26567860224.00 26660347904.00 26752849920.00 26848165888.00 26940180480.00 27030427648.00 27125454848.00 27217704960.00 27311472640.00 27403874304.00 27497089024.00 27589548032.00 27682308096.00 27774703616.00 27868602368.00 27961411584.00 28054173696.00 
28140230656.00 28239915008.00 28333060096.00 28425136128.00 28517584896.00 28611162112.00 28703975424.00 28796854272.00 28891789312.00 28983478272.00 29075597312.00 29168971776.00 29261344768.00 29354735616.00 29447774208.00 29540327424.00 29633478656.00 29726326784.00 29819248640.00 29911928832.00 
29993912320.00 30098210816.00 30190692352.00 30283786240.00 30376226816.00 30467772416.00 30562267136.00 30655254528.00 30747723776.00 30840647680.00 30933184512.00 31026522112.00 31119026176.00 31210770432.00 31306366976.00 31398426624.00 31490398208.00 31584567296.00 31676510208.00 31771488256.00 
31861540864.00 31955701760.00 32048486400.00 32141924352.00 32233859072.00 32327096320.00 32420104192.00 32512962560.00 32606728192.00 32699484160.00 32788301824.00 32884803584.00 32975357952.00 33071710208.00 33163634688.00 33255845888.00 33348829184.00 33441929216.00 33534709760.00 33628211200.00 
33717813248.00 33813336064.00 33906147328.00 33998092288.00 34094116864.00 34185351168.00 34278033408.00 34371313664.00 34462924800.00 34556497920.00 34649092096.00 34742542336.00 34834763776.00 34928410624.00 35021144064.00 35105226752.00 35206463488.00 35299889152.00 35392745472.00 35485683712.00 
35577061376.00 35675803648.00 35764322304.00 35857678336.00 35947937792.00 36042723328.00 36135923712.00 36227899392.00 36321521664.00 36414660608.00 36506660864.00 36600492032.00 36692492288.00 36786024448.00 36878872576.00 36971347968.00 37064335360.00 37157576704.00 37249986560.00 37342502912.00 
37408538624.00 37530030080.00 37622358016.00 37715378176.00 37807718400.00 37900558336.00 37993771008.00 38086787072.00 38178926592.00 38272512000.00 38364581888.00 38458417152.00 38550945792.00 38643810304.00 38737309696.00 38829572096.00 38920540160.00 39015702528.00 39108591616.00 39201144832.00 
39292772352.00 39382347776.00 39480221696.00 39573049344.00 39665332224.00 39757025280.00 39851560960.00 39944404992.00 40037081088.00 40130482176.00 40222523392.00 40316047360.00 40407887872.00 40502063104.00 40594706432.00 40687443968.00 40780230656.00 40873549824.00 40966205440.00 41058566144.00 
41149222912.00 41244856320.00 41337630720.00 41430347776.00 41520955392.00 41618350080.00 41710157824.00 41802838016.00 41893396480.00 41988796416.00 42077761536.00 42174144512.00 42266796032.00 42359865344.00 42452598784.00 42545422336.00 42637987840.00 42730917888.00 42823946240.00 42915667968.00 
43008655360.00 43102670848.00 43195920384.00 43288829952.00 43380576256.00 43473768448.00 43566952448.00 43659792384.00 43752820736.00 43845963776.00 43937845248.00 44032409600.00 44124393472.00 44217593856.00 44310454272.00 44401770496.00 44495892480.00 44589023232.00 44682215424.00 44774846464.00 
44856717312.00 44960571392.00 45053669376.00 45146513408.00 45239193600.00 45332484096.00 45425512448.00 45518159872.00 45610700800.00 45704015872.00 45796229120.00 45889658880.00 45982294016.00 46075502592.00 46168162304.00 46260805632.00 46352826368.00 46446575616.00 46539427840.00 46631534592.00 
46691098624.00 46819966976.00 46912065536.00 47005319168.00 47097151488.00 47190175744.00 47283081216.00 47375790080.00 47469039616.00 47561584640.00 47654096896.00 47747629056.00 47838314496.00 47933726720.00 48026193920.00 48118833152.00 48211177472.00 48304414720.00 48397971456.00 48490688512.00 
48580816896.00 48676188160.00 48769871872.00 48862126080.00 48954970112.00 49046364160.00 49140781056.00 49234051072.00 49325604864.00 49419444224.00 49511759872.00 49605509120.00 49697841152.00 49789927424.00 49884557312.00 49976815616.00 50069430272.00 50162798592.00 50255409152.00 50347962368.00 
50440114176.00 50534391808.00 50627100672.00 50720194560.00 50810789888.00 50905210880.00 50999001088.00 51091034112.00 51184603136.00 51275722752.00 51366899712.00 51463127040.00 51555979264.00 51649368064.00 51741929472.00 51834441728.00 51927543808.00 52020920320.00 52113063936.00 52206256128.00 
52293595136.00 52392185856.00 52485210112.00 52577976320.00 52670410752.00 52763303936.00 52856193024.00 52949270528.00 53041500160.00 53134520320.00 53226336256.00 53316796416.00 53417017344.00 53507915776.00 53600571392.00 53691482112.00 53783826432.00 53878968320.00 53971525632.00 54064713728.00 
54156042240.00 54249828352.00 54343118848.00 54436225024.00 54528348160.00 54621372416.00 54714777600.00 54807425024.00 54899851264.00 54993334272.00 55085449216.00 55179083776.00 55270838272.00 55365074944.00 55457615872.00 55550242816.00 55643377664.00 55734988800.00 55829069824.00 55921950720.00 
56001204224.00 56108064768.00 56200736768.00 56293756928.00 56386551808.00 56479166464.00 56570970112.00 56664969216.00 56756019200.00 56851365888.00 56943169536.00 57036779520.00 57129439232.00 57222483968.00 57315250176.00 57406799872.00 57501638656.00 57594494976.00 57687236608.00 57779806208.00 
57871630336.00 57965576192.00 58058469376.00 58151694336.00 58243297280.00 58328764416.00 58430296064.00 58523103232.00 58615881728.00 58708942848.00 58801143808.00 58894327808.00 58987642880.00 59080884224.00 59173298176.00 59266252800.00 59359002624.00 59451961344.00 59544862720.00 59637768192.00 
59719712768.00 59823697920.00 59916935168.00 60009545728.00 60102021120.00 60194349056.00 60288069632.00 60380688384.00 60473368576.00 60566769664.00 60656181248.00 60752265216.00 60845277184.00 60937711616.00 61031280640.00 61123854336.00 61215891456.00 61309427712.00 61402484736.00 61495242752.00 
61586984960.00 61681131520.00 61773832192.00 61866807296.00 61958877184.00 62051340288.00 62142152704.00 62246625280.00 62333493248.00 62425870336.00 62517641216.00 62610968576.00 62701576192.00 62796599296.00 62889459712.00 62980661248.00 63074664448.00 63168294912.00 63261536256.00 63353729024.00 
63443922944.00 63539773440.00 63632322560.00 63726022656.00 63817969664.00 63910809600.00 64004087808.00 64096915456.00 64188661760.00 64282857472.00 64375128064.00 64468647936.00 64561086464.00 64654159872.00 64746950656.00 64839405568.00 64932851712.00 65025916928.00 65118773248.00 65211256832.00 
65297457152.00 65397043200.00 65490116608.00 65582952448.00 65673691136.00 65768357888.00 65864331264.00 65954922496.00 66047578112.00 66140573696.00 66232700928.00 66325897216.00 66418540544.00 66512003072.00 66604498944.00 66697605120.00 66790514688.00 66883915776.00 66977411072.00 67069292544.00 
67156672512.00 67255062528.00 67347857408.00 67440820224.00 67533516800.00 67624751104.00 67718950912.00 67809738752.00 67905867776.00 67998609408.00 68090798080.00 68184219648.00 68276809728.00 68370030592.00 68462866432.00 68555513856.00 68646391808.00 68741881856.00 68834238464.00 68926914560.00 
69018779648.00 69113470976.00 69205852160.00 69298708480.00 69390942208.00 69484232704.00 69577408512.00 69670526976.00 69763031040.00 69855510528.00 69931573248.00 70042312704.00 70133915648.00 70227918848.00 70320660480.00 70413279232.00 70506102784.00 70599589888.00 70692175872.00 70785155072.00 
70875176960.00 70970744832.00 71065862144.00 71156285440.00 71249182720.00 71342194688.00 71436115968.00 71528071168.00 71618854912.00 71713390592.00 71806353408.00 71899766784.00 71992745984.00 72085356544.00 72177917952.00 72269668352.00 72363655168.00 72457125888.00 72550227968.00 72642863104.00 
72734375936.00 72828477440.00 72921481216.00 73014484992.00 73106112512.00 73199706112.00 73292947456.00 73386000384.00 73478758400.00 73571762176.00 73663758336.00 73757351936.00 73849626624.00 73942867968.00 74035683328.00 74128277504.00 74221019136.00 74314014720.00 74405994496.00 74497220608.00 
74537975808.00 74690215936.00 74781179904.00 74873487360.00 74965942272.00 75058651136.00 75151728640.00 75244060672.00 75336638464.00 75431067648.00 75522318336.00 75616190464.00 75708366848.00 75800887296.00 75894333440.00 75987124224.00 76079013888.00 76172943360.00 76265644032.00 76358942720.00 
76450381824.00 76544516096.00 76637577216.00 76730228736.00 76822970368.00 76914401280.00 77008797696.00 77101588480.00 77194813440.00 77287669760.00 77379837952.00 77473480704.00 77564174336.00 77658808320.00 77752328192.00 77844709376.00 77937819648.00 78030618624.00 78123597824.00 78216527872.00 
78306787328.00 78402174976.00 78492958720.00 78588518400.00 78680907776.00 78773526528.00 78866800640.00 78959575040.00 79051415552.00 79145558016.00 79235006464.00 79330721792.00 79424061440.00 79516991488.00 79609896960.00 79702548480.00 79794880512.00 79885377536.00 79981920256.00 80074489856.00 
80166100992.00 80260382720.00 80353083392.00 80446177280.00 80536797184.00 80632037376.00 80725114880.00 80817946624.00 80910295040.00 81003241472.00 81095909376.00 81189363712.00 81281548288.00 81374937088.00 81467711488.00 81551925248.00 81653440512.00 81746083840.00 81838260224.00 81932369920.00 
82019680256.00 82118082560.00 82210840576.00 82303606784.00 82396504064.00 82489327616.00 82582257664.00 82674810880.00 82766585856.00 82871353344.00 82954559488.00 83047825408.00 83139985408.00 83232997376.00 83325861888.00 83418480640.00 83509510144.00 83604447232.00 83698147328.00 83790315520.00 
83876208640.00 83976044544.00 84068958208.00 84161536000.00 84254253056.00 84347297792.00 84440367104.00 84533354496.00 84625948672.00 84717051904.00 84811554816.00 84905058304.00 84996669440.00 85090459648.00 85183242240.00 85276155904.00 85369020416.00 85462581248.00 85554315264.00 85648162816.00 
85737971712.00 85833555968.00 85926199296.00 86012567552.00 86112804864.00 86203981824.00 86298460160.00 86391349248.00 86482010112.00 86576898048.00 86669099008.00 86762725376.00 86855385088.00 86948184064.00 87041245184.00 87133929472.00 87226621952.00 87320092672.00 87412940800.00 87505731584.00 
87597268992.00 87689887744.00 87784742912.00 87877550080.00 87969382400.00 88063082496.00 88156127232.00 88249286656.00 88341766144.00 88434581504.00 88524283904.00 88620670976.00 88712462336.00 88806670336.00 88899313664.00 88991776768.00 89084878848.00 89177997312.00 89270788096.00 89363709952.00 
89445539840.00 89549611008.00 89641811968.00 89736028160.00 89827909632.00 89920602112.00 90013966336.00 90106626048.00 90199212032.00 90292453376.00 90385080320.00 90478354432.00 90571227136.00 90666565632.00 90757087232.00 90848206848.00 90941882368.00 91035754496.00 91128709120.00 91221262336.00 
91313045504.00 91406852096.00 91500077056.00 91593048064.00 91685339136.00 91778465792.00 91871600640.00 91963252736.00 92057108480.00 92150005760.00 92242264064.00 92336029696.00 92426551296.00 92521398272.00 92614057984.00 92706521088.00 92799377408.00 92892086272.00 92983697408.00 93073686528.00 
93102735360.00 93270966272.00 93360971776.00 93452951552.00 93545209856.00 93637632000.00 93730848768.00 93824065536.00 93915193344.00 94008336384.00 94101241856.00 94195654656.00 94287060992.00 94380736512.00 94473109504.00 94566064128.00 94658551808.00 94752317440.00 94844526592.00 94937563136.00 
95029223424.00 95123243008.00 95216254976.00 95309152256.00 95399813120.00 95493283840.00 95587852288.00 95680069632.00 95773368320.00 95866634240.00 95958736896.00 96052281344.00 96144408576.00 96238280704.00 96330604544.00 96423591936.00 96516513792.00 96606265344.00 96702488576.00 96795656192.00 
96882761728.00 96980967424.00 97073586176.00 97166516224.00 97259855872.00 97352400896.00 97445462016.00 97538605056.00 97630969856.00 97724276736.00 97813544960.00 97909989376.00 98002329600.00 98096537600.00 98188861440.00 98281529344.00 98372362240.00 98467872768.00 98560106496.00 98653437952.00 
98744754176.00 98838831104.00 98931851264.00 99024674816.00 99117072384.00 99210108928.00 99302711296.00 99397484544.00 99489284096.00 99582386176.00 99674456064.00 99767779328.00 99859701760.00 99953483776.00 100046438400.00 100137697280.00 100232003584.00 100326932480.00 100417732608.00 100511162368.00 
100601217024.00 100696104960.00 100789649408.00 100882497536.00 100975165440.00 101068054528.00 101161091072.00 101254275072.00 101344657408.00 101439250432.00 101531459584.00 101634072576.00 101719031808.00 101811740672.00 101904228352.00 101997264896.00 102089940992.00 102183329792.00 102275145728.00 102368927744.00 
102454935552.00 102554820608.00 102647390208.00 102740238336.00 102832488448.00 102926008320.00 103019151360.00 103112024064.00 103204716544.00 103297712128.00 103389839360.00 103480999936.00 103576084480.00 103669309440.00 103762436096.00 103854915584.00 103947837440.00 104040931328.00 104133492736.00 104226897920.00 
104308400128.00 104412487680.00 104505393152.00 104598413312.00 104691040256.00 104775434240.00 104876875776.00 104969895936.00 105062031360.00 105155477504.00 105247678464.00 105341353984.00 105433645056.00 105526992896.00 105619922944.00 105712484352.00 105804767232.00 105898590208.00 105991413760.00 106084130816.00 
106175586304.00 106269442048.00 106361020416.00 106469244928.00 106550034432.00 106642497536.00 106735239168.00 106828013568.00 106920878080.00 107013693440.00 107103215616.00 107199643648.00 107290222592.00 107385192448.00 107478163456.00 107570626560.00 107663761408.00 107756527616.00 107850104832.00 107942576128.00 
108032598016.00 108128329728.00 108221079552.00 108314468352.00 108406726656.00 108499460096.00 108592603136.00 108686024704.00 108777422848.00 108871450624.00 108963651584.00 109057499136.00 109149880320.00 109243088896.00 109335887872.00 109426884608.00 109520543744.00 109615022080.00 109707616256.00 109800480768.00 
109891944448.00 109986201600.00 110079205376.00 110171717632.00 110262657024.00 110356733952.00 110450573312.00 110543609856.00 110636154880.00 110728953856.00 110821490688.00 110914854912.00 111007432704.00 111102361600.00 111193022464.00 111286280192.00 111379177472.00 111472189440.00 111564898304.00 111657377792.00 
111723274240.00 111844745216.00 111937216512.00 112029548544.00 112122691584.00 112215449600.00 112308584448.00 112401440768.00 112493764608.00 112586833920.00 112679452672.00 112772145152.00 112864829440.00 112958955520.00 113051172864.00 113144250368.00 113235329024.00 113329750016.00 113423286272.00 113515995136.00 
113607499776.00 113701683200.00 113794326528.00 113887592448.00 113979875328.00 114071756800.00 114166210560.00 114259853312.00 114351759360.00 114444804096.00 114536759296.00 114633080832.00 114722873344.00 114816638976.00 114909429760.00 115002187776.00 115095134208.00 115188277248.00 115280478208.00 115373916160.00 
115464110080.00 115559817216.00 115652501504.00 115745570816.00 115838214144.00 115931004928.00 116024164352.00 116116832256.00 116207640576.00 116302602240.00 116378320896.00 116489019392.00 116581457920.00 116673462272.00 116767195136.00 116860215296.00 116952686592.00 117045452800.00 117138776064.00 117231706112.00 
117323235328.00 117417533440.00 117510086656.00 117601730560.00 117695447040.00 117788983296.00 117882093568.00 117974917120.00 118067445760.00 118160924672.00 118253019136.00 118346194944.00 118438723584.00 118532874240.00 118625075200.00 118716375040.00 118810705920.00 118904209408.00 118996533248.00 119089774592.00 
119171448832.00 119275446272.00 119368032256.00 119459487744.00 119553982464.00 119646527488.00 119740063744.00 119832854528.00 119924973568.00 120018296832.00 120110571520.00 120203837440.00 120296816640.00 120390115328.00 120482160640.00 120575631360.00 120667660288.00 120761188352.00 120854216704.00 120947384320.00 
121033392128.00 121133211648.00 121225830400.00 121318858752.00 121411256320.00 121504301056.00 121597165568.00 121690447872.00 121783230464.00 121875775488.00 121968533504.00 122061914112.00 122152583168.00 122247716864.00 122340311040.00 122432897024.00 122526007296.00 122619166720.00 122711801856.00 122804928512.00 
122894884864.00 122990444544.00 123083104256.00 123176189952.00 123268767744.00 123359952896.00 123454406656.00 123547066368.00 123638587392.00 123732156416.00 123823570944.00 123915853824.00 124005212160.00 124075204608.00 124214173696.00 124297658368.00 124388032512.00 124480258048.00 124572557312.00 124665020416.00 
124756336640.00 124850274304.00 124943081472.00 125035855872.00 125126533120.00 125221265408.00 125314293760.00 125407297536.00 125499817984.00 125592911872.00 125682352128.00 125779189760.00 125870751744.00 125964591104.00 126057095168.00 126149779456.00 126243012608.00 126335459328.00 126428495872.00 126521606144.00 
126608818176.00 126707556352.00 126800068608.00 126893187072.00 126985895936.00 127078449152.00 127171911680.00 127264350208.00 127356952576.00 127450431488.00 127542681600.00 127636144128.00 127728877568.00 127821922304.00 127914696704.00 127998787584.00 128098328576.00 128192962560.00 128286277632.00 128378961920.00 
128470917120.00 128565182464.00 128658014208.00 128750919680.00 128842973184.00 128936419328.00 129029521408.00 129122689024.00 129215119360.00 129308229632.00 129400242176.00 129493344256.00 129586036736.00 129679777792.00 129772756992.00 129865056256.00 129958125568.00 130051301376.00 130143895552.00 130236653568.00 
130316066816.00 130422775808.00 130515558400.00 130608848896.00 130701475840.00 130794045440.00 130887213056.00 130980241408.00 131070902272.00 131165741056.00 131258114048.00 131351265280.00 131445547008.00 131537690624.00 131630391296.00 131723182080.00 131815800832.00 131909214208.00 132002144256.00 132094836736.00 
132186374144.00 132280320000.00 132373438464.00 132466401280.00 132558282752.00 132650459136.00 132744814592.00 132837679104.00 132929830912.00 133024882688.00 133116256256.00 133209743360.00 133302050816.00 133395546112.00 133489082368.00 133580832768.00 133674369024.00 133767135232.00 133859614720.00 133952618496.00 
134034497536.00 134139035648.00 134231261184.00 134324289536.00 134416916480.00 134509600768.00 134602743808.00 134695862272.00 134788071424.00 134881738752.00 134970941440.00 135067705344.00 135159857152.00 135252967424.00 135344791552.00 135440367616.00 135531307008.00 135625146368.00 135717912576.00 135810727936.00 
135902265344.00 135996473344.00 136089313280.00 136182046720.00 136274624512.00 136367767552.00 136460664832.00 136553906176.00 136646492160.00 136739520512.00 136831803392.00 136925257728.00 137015894016.00 137110683648.00 137204645888.00 137295331328.00 137389588480.00 137482993664.00 137575251968.00 137669033984.00 
137758605312.00 137853943808.00 137947234304.00 138039967744.00 138132783104.00 138225401856.00 138318856192.00 138411704320.00 138503274496.00 138597302272.00 138689445888.00 138782900224.00 138875650048.00 138968842240.00 139062067200.00 139154391040.00 139246764032.00 139340005376.00 139432722432.00 139524964352.00 
139584389120.00 139713527808.00 139805589504.00 139898208256.00 139988910080.00 140083757056.00 140176818176.00 140269682688.00 140362137600.00 140455493632.00 140547588096.00 140640665600.00 140733267968.00 140826492928.00 140919668736.00 141012254720.00 141105381376.00 141197983744.00 141291388928.00 141385203712.00 
141471498240.00 141569851392.00 141662732288.00 141755334656.00 141849575424.00 141940015104.00 142034206720.00 142127349760.00 142219608064.00 142312865792.00 142405304320.00 142498988032.00 142591934464.00 142684684288.00 142777499648.00 142870102016.00 142961033216.00 143055912960.00 143147974656.00 143242903552.00 
143333867520.00 143428304896.00 143520759808.00 143613886464.00 143706079232.00 143798976512.00 143892004864.00 143985278976.00 144077668352.00 144170860544.00 144260399104.00 144354934784.00 144448536576.00 144542679040.00 144635150336.00 144727506944.00 144821633024.00 144914186240.00 145007083520.00 145100013568.00 
145190076416.00 145287872512.00 145378394112.00 145471471616.00 145564073984.00 145656266752.00 145750228992.00 145842028544.00 145933582336.00 146028658688.00 146120900608.00 146214535168.00 146307465216.00 146400083968.00 146493128704.00 146584469504.00 146679054336.00 146771853312.00 146865012736.00 146958729216.00 
147049168896.00 147143311360.00 147236323328.00 147329138688.00 147421102080.00 147514982400.00 147607666688.00 147700695040.00 147793231872.00 147886047232.00 147978731520.00 148072087552.00 148164624384.00 148257947648.00 148351041536.00 148442873856.00 148535721984.00 148628602880.00 148721074176.00 148812005376.00 
148852768768.00 149005090816.00 149095874560.00 149188722688.00 149280686080.00 149373452288.00 149466497024.00 149559328768.00 149651587072.00 149744779264.00 149837283328.00 149930442752.00 150023536640.00 150116663296.00 150208315392.00 150301655040.00 150393880576.00 150486073344.00 150581002240.00 150672621568.00 
150765305856.00 150859366400.00 150952329216.00 151044964352.00 151137320960.00 151222157312.00 151323525120.00 151416864768.00 151509450752.00 151602561024.00 151695032320.00 151788273664.00 151879073792.00 151973986304.00 152066899968.00 152159404032.00 152251940864.00 152345559040.00 152438554624.00 152531451904.00 
152621662208.00 152714821632.00 152809914368.00 152903057408.00 152995512320.00 153088344064.00 153181339648.00 153269190656.00 153366921216.00 153460441088.00 153549750272.00 153646120960.00 153738690560.00 153832144896.00 153924616192.00 154016989184.00 154110001152.00 154203504640.00 154296057856.00 154389430272.00 
154480738304.00 154574553088.00 154667958272.00 154760806400.00 154851426304.00 154946142208.00 155038679040.00 155134541824.00 155225505792.00 155318484992.00 155410497536.00 155504279552.00 155596472320.00 155689795584.00 155782463488.00 155873755136.00 155968192512.00 156061270016.00 156154134528.00 156246196224.00 
156334555136.00 156432744448.00 156525559808.00 156618702848.00 156710338560.00 156804349952.00 156897574912.00 156990259200.00 157082664960.00 157176315904.00 157268033536.00 157361733632.00 157454336000.00 157547757568.00 157640392704.00 157733257216.00 157824204800.00 157921640448.00 158011752448.00 158105157632.00 
158191157248.00 158291050496.00 158383243264.00 158476615680.00 158568939520.00 158662033408.00 158755160064.00 158847303680.00 158940413952.00 159033507840.00 159125749760.00 159219417088.00 159310561280.00 159403884544.00 159491768320.00 159593529344.00 159685017600.00 159777832960.00 159870402560.00 159962513408.00 
160053182464.00 160149241856.00 160241729536.00 160334512128.00 160427130880.00 160518766592.00 160613105664.00 160706002944.00 160796917760.00 160891781120.00 160984186880.00 161078099968.00 161170571264.00 161263288320.00 161356496896.00 161449017344.00 161541586944.00 161634926592.00 161727774720.00 161819459584.00 
161912340480.00 162006286336.00 162099675136.00 162192048128.00 162284109824.00 162377728000.00 162470936576.00 162563817472.00 162656403456.00 162749431808.00 162825060352.00 162935603200.00 163027763200.00 163121414144.00 163213901824.00 163306831872.00 163399237632.00 163492036608.00 163585720320.00 163678666752.00 
163760308224.00 163863969792.00 163957342208.00 164050223104.00 164142874624.00 164235886592.00 164328554496.00 164421763072.00 164514283520.00 164607426560.00 164699897856.00 164793925632.00 164885676032.00 164978982912.00 165071519744.00 165162795008.00 165256118272.00 165349113856.00 165448433664.00 165537169408.00 
165628526592.00 165722292224.00 165815336960.00 165908332544.00 166000541696.00 166093488128.00 166186795008.00 166279544832.00 166372376576.00 166465306624.00 166557630464.00 166650757120.00 166741901312.00 166835945472.00 166929891328.00 167022460928.00 167115702272.00 167208402944.00 167301382144.00 167394361344.00 
167473299456.00 167580434432.00 167672938496.00 167766097920.00 167858995200.00 167951532032.00 168044478464.00 168137392128.00 168229404672.00 168323072000.00 168415428608.00 168508948480.00 168601681920.00 168694562816.00 168787902464.00 168880046080.00 168972861440.00 169065922560.00 169155002368.00 169253175296.00 
169344057344.00 169438183424.00 169531047936.00 169623781376.00 169714548736.00 169807921152.00 169901735936.00 169995436032.00 170087940096.00 170181361664.00 170273226752.00 170367025152.00 170459152384.00 170551967744.00 170645667840.00 170738106368.00 170830839808.00 170924294144.00 171017338880.00 171110006784.00 
171197251584.00 171295440896.00 171388305408.00 171481055232.00 171573968896.00 171666685952.00 171756716032.00 171853709312.00 171945803776.00 172039192576.00 172128616448.00 172224724992.00 172317491200.00 172410437632.00 172503662592.00 172595822592.00 172687196160.00 172781387776.00 172874858496.00 172967788544.00 
173059325952.00 173153697792.00 173246218240.00 173338279936.00 173431832576.00 173524729856.00 173617528832.00 173712097280.00 173803667456.00 173897400320.00 173988954112.00 174083244032.00 174174568448.00 174268104704.00 174361231360.00 174445576192.00 174546960384.00 174639874048.00 174732853248.00 174825422848.00 
174915977216.00 175011594240.00 175103672320.00 175197716480.00 175289991168.00 175382822912.00 175475851264.00 175568994304.00 175659532288.00 175755001856.00 175846752256.00 175940894720.00 176032972800.00 176125706240.00 176218980352.00 176312598528.00 176404496384.00 176497983488.00 176590684160.00 176684236800.00 
176769515520.00 176870293504.00 176962404352.00 177054826496.00 177146691584.00 177241292800.00 177333731328.00 177427185664.00 177519607808.00 177612013568.00 177704665088.00 177798119424.00 177890312192.00 177979932672.00 178077253632.00 178169610240.00 178262638592.00 178355453952.00 178448515072.00 178540920832.00 
178623299584.00 178727305216.00 178819973120.00 178912509952.00 179005292544.00 179096977408.00 179193020416.00 179283836928.00 179376848896.00 179470286848.00 179562545152.00 179653050368.00 179748700160.00 179841744896.00 179934478336.00 180027244544.00 180119568384.00 180213153792.00 180306100224.00 180398964736.00 
180490797056.00 180584939520.00 180677476352.00 180771176448.00 180863221760.00 180956020736.00 181050621952.00 181142241280.00 181234810880.00 181328019456.00 181417345024.00 181513519104.00 181604466688.00 181699280896.00 181792391168.00 181884747776.00 181977726976.00 182071246848.00 182163783680.00 182256812032.00 
182346858496.00 182442622976.00 182535077888.00 182628696064.00 182721134592.00 182814146560.00 182906617856.00 182999924736.00 183091625984.00 183185408000.00 183277830144.00 183370055680.00 183463985152.00 183557226496.00 183649026048.00 183740956672.00 183835361280.00 183927390208.00 184020762624.00 184114266112.00 
184205656064.00 184300109824.00 184392859648.00 184485412864.00 184576163840.00 184670715904.00 184763596800.00 184856641536.00 184948932608.00 185042436096.00 185134268416.00 185227427840.00 185319555072.00 185412567040.00 185504759808.00 185596903424.00 185688408064.00 185779372032.00 185868419072.00 185949798400.00 
185926025216.00 186182139904.00 186263076864.00 186352402432.00 186443169792.00 186534821888.00 186627047424.00 186719272960.00 186811432960.00 186904477696.00 186996408320.00 187089764352.00 187182481408.00 187275460608.00 187368390656.00 187460403200.00 187551350784.00 187646541824.00 187738882048.00 187832025088.00 
187923546112.00 188017819648.00 188110815232.00 188204613632.00 188295741440.00 188387246080.00 188482748416.00 188574908416.00 188667576320.00 188761767936.00 188852928512.00 188946448384.00 189038100480.00 189132062720.00 189224894464.00 189317038080.00 189410426880.00 189503389696.00 189596385280.00 189689479168.00 
189779623936.00 189875191808.00 189968039936.00 190060625920.00 190153490432.00 190246617088.00 190339514368.00 190432722944.00 190522818560.00 190618501120.00 190707646464.00 190803738624.00 190896734208.00 190990057472.00 191081218048.00 191175180288.00 191267864576.00 191360860160.00 191454265344.00 191547015168.00 
191638437888.00 191732908032.00 191825608704.00 191918637056.00 192010584064.00 192104202240.00 192197394432.00 192290258944.00 192382500864.00 192479068160.00 192568164352.00 192661733376.00 192753991680.00 192848068608.00 192938655744.00 193031602176.00 193126088704.00 193219657728.00 193312014336.00 193404534784.00 
193486471168.00 193591050240.00 193683062784.00 193776320512.00 193868972032.00 193961787392.00 194054815744.00 194151972864.00 194240659456.00 194333573120.00 194425962496.00 194520023040.00 194612248576.00 194704687104.00 194797912064.00 194889875456.00 194983067648.00 195076866048.00 195169599488.00 195261775872.00 
195348512768.00 195447357440.00 195541188608.00 195633987584.00 195726327808.00 195818487808.00 195913056256.00 196006019072.00 196098375680.00 196191387648.00 196283940864.00 196377100288.00 196468097024.00 196562960384.00 196655988736.00 196748574720.00 196841242624.00 196934254592.00 197028397056.00 197120606208.00 
197210718208.00 197306613760.00 197399101440.00 197492031488.00 197584879616.00 197668978688.00 197770641408.00 197863702528.00 197955813376.00 198048727040.00 198141739008.00 198234718208.00 198327697408.00 198419660800.00 198514212864.00 198606503936.00 198699155456.00 198793658368.00 198885769216.00 198978289664.00 
199069925376.00 199164215296.00 199256735744.00 199350616064.00 199440744448.00 199535525888.00 199628341248.00 199721189376.00 199813791744.00 199907033088.00 199996407808.00 200092778496.00 200185020416.00 200277917696.00 200375074816.00 200464531456.00 200557215744.00 200650784768.00 200743223296.00 200836251648.00 
200923627520.00 201021865984.00 201114337280.00 201207611392.00 201300688896.00 201393111040.00 201486221312.00 201579544576.00 201671606272.00 201764864000.00 201857253376.00 201950412800.00 202043555840.00 202136354816.00 202229809152.00 202320445440.00 202413015040.00 202508206080.00 202600693760.00 202694000640.00 
202785341440.00 202879025152.00 202976591872.00 203066048512.00 203158192128.00 203251040256.00 203343986688.00 203437539328.00 203529895936.00 203623202816.00 203715346432.00 203808948224.00 203900551168.00 203994464256.00 204087640064.00 204179980288.00 204272402432.00 204366069760.00 204458622976.00 204551864320.00 
204630786048.00 204737642496.00 204830752768.00 204923666432.00 205015777280.00 205108936704.00 205201932288.00 205295943680.00 205385596928.00 205481132032.00 205573029888.00 205666795520.00 205759234048.00 205852164096.00 205945126912.00 206037729280.00 206130528256.00 206223785984.00 206316257280.00 206409695232.00 
206500888576.00 206594752512.00 206683144192.00 206782480384.00 206873493504.00 206965702656.00 207060172800.00 207152955392.00 207245770752.00 207337947136.00 207430893568.00 207524446208.00 207616933888.00 207710240768.00 207803121664.00 207895543808.00 207988293632.00 208081731584.00 208174874624.00 208268001280.00 
208349151232.00 208453304320.00 208546152448.00 208640049152.00 208732258304.00 208824762368.00 208917889024.00 209010786304.00 209102815232.00 209196564480.00 209271963648.00 209382522880.00 209474994176.00 209568055296.00 209660968960.00 209753653248.00 209845829632.00 209939890176.00 210032214016.00 210125553664.00 
210216484864.00 210312265728.00 210404065280.00 210497372160.00 210588876800.00 210682101760.00 210775359488.00 210868568064.00 210961137664.00 211054002176.00 211146457088.00 211240058880.00 211330990080.00 211425787904.00 211518439424.00 211609731072.00 211704545280.00 211797475328.00 211890077696.00 211982630912.00 
212073234432.00 212169523200.00 212261437440.00 212354285568.00 212446281728.00 212537835520.00 212639973376.00 212727808000.00 212818821120.00 212912652288.00 213004632064.00 213098381312.00 213190672384.00 213284487168.00 213376450560.00 213469003776.00 213562097664.00 213655224320.00 213748432896.00 213841002496.00 
213927346176.00 214026764288.00 214119923712.00 214209888256.00 214303522816.00 214398074880.00 214491430912.00 214584147968.00 214677471232.00 214770171904.00 214862381056.00 214955704320.00 215048388608.00 215141875712.00 215234428928.00 215326588928.00 215421353984.00 215513038848.00 215606018048.00 215698997248.00 
215786225664.00 215885856768.00 215977787392.00 216070766592.00 216163434496.00 216254676992.00 216349442048.00 216442339328.00 216534269952.00 216627740672.00 216719949824.00 216813600768.00 216905990144.00 216997609472.00 217093537792.00 217185157120.00 217276153856.00 217371197440.00 217463963648.00 217557204992.00 
217648316416.00 217742622720.00 217835782144.00 217928663040.00 218020642816.00 218114539520.00 218207354880.00 218299645952.00 218392969216.00 218485866496.00 218575077376.00 218671398912.00 218763132928.00 218862862336.00 218950451200.00 219043037184.00 219135754240.00 219228733440.00 219321876480.00 219416969216.00 
219504967680.00 219600355328.00 219693416448.00 219786297344.00 219879489536.00 219971928064.00 220064808960.00 220157771776.00 220248621056.00 220343664640.00 220435578880.00 220529328128.00 220622094336.00 220715237376.00 220808380416.00 220892266496.00 220993470464.00 221087088640.00 221179199488.00 221272621056.00 
221364174848.00 221459300352.00 221550624768.00 221645897728.00 221735829504.00 221829562368.00 221923393536.00 222015225856.00 222107975680.00 222201610240.00 222293590016.00 222387109888.00 222479384576.00 222572724224.00 222665588736.00 222757945344.00 222850990080.00 222943477760.00 223035654144.00 223126683648.00 
223167692800.00 223319965696.00 223410814976.00 223503351808.00 223595708416.00 223688179712.00 223781289984.00 223873564672.00 223966412800.00 224059768832.00 224151863296.00 224245628928.00 224338427904.00 224431423488.00 224524255232.00 224616448000.00 224708640768.00 224802897920.00 224895631360.00 224988479488.00 
225079967744.00 225173159936.00 225266892800.00 225360101376.00 225451982848.00 225544077312.00 225638727680.00 225731854336.00 225823916032.00 225917550592.00 226009808896.00 226103312384.00 226193784832.00 226289729536.00 226381365248.00 226475016192.00 226567290880.00 226660384768.00 226753396736.00 226843934720.00 
226936471552.00 227031859200.00 227124805632.00 227217752064.00 227309977600.00 227403907072.00 227496165376.00 227589128192.00 227681124352.00 227776692224.00 227864412160.00 227960815616.00 228054007808.00 228146561024.00 228239998976.00 228332273664.00 228424777728.00 228518035456.00 228611014656.00 228703633408.00 
228795662336.00 228889018368.00 228983734272.00 229076008960.00 229166350336.00 229261164544.00 229354274816.00 229447237632.00 229539823616.00 229632409600.00 229725175808.00 229818974208.00 229911478272.00 230004736000.00 230097534976.00 230188548096.00 230281986048.00 230376636416.00 230469058560.00 230562004992.00 
230649364480.00 230746324992.00 230840664064.00 230933905408.00 231026032640.00 231119028224.00 231212171264.00 231305330688.00 231397507072.00 231491272704.00 231583121408.00 231676395520.00 231769194496.00 231862370304.00 231954989056.00 232047607808.00 232138817536.00 232233943040.00 232326250496.00 232418541568.00 
232478064640.00 232606990336.00 232699330560.00 232792113152.00 232883929088.00 232977072128.00 233069789184.00 233163210752.00 233255862272.00 233348972544.00 233440886784.00 233534554112.00 233626566656.00 233720266752.00 233812901888.00 233905963008.00 233998680064.00 234091773952.00 234184818688.00 234277863424.00 
234367926272.00 234463019008.00 234556637184.00 234648944640.00 234741825536.00 234833444864.00 234927079424.00 235021221888.00 235111727104.00 235206590464.00 235298865152.00 235391975424.00 235485020160.00 235577933824.00 235670781952.00 235763646464.00 235856396288.00 235949899776.00 236042518528.00 236135268352.00 
236226772992.00 236321374208.00 236413763584.00 236506873856.00 236598329344.00 236691030016.00 236787318784.00 236879036416.00 236971393024.00 237064454144.00 237154041856.00 237250363392.00 237342932992.00 237435682816.00 237528875008.00 237621510144.00 237714505728.00 237807796224.00 237900546048.00 237992771584.00 
238075297792.00 238179336192.00 238272118784.00 238364573696.00 238457143296.00 238550663168.00 238642626560.00 238736359424.00 238828814336.00 238922088448.00 239014346752.00 239106916352.00 239201517568.00 239294169088.00 239387033600.00 239477981184.00 239571599360.00 239665283072.00 239758409728.00 239851831296.00 
239943008256.00 240037117952.00 240129654784.00 240223010816.00 240315072512.00 240408215552.00 240501309440.00 240594092032.00 240685907968.00 240780787712.00 240872718336.00 240966156288.00 241056792576.00 241151623168.00 241244569600.00 241337270272.00 241430069248.00 241523310592.00 241616093184.00 241709268992.00 
241788174336.00 241894866944.00 241987878912.00 242080432128.00 242173345792.00 242266112000.00 242359091200.00 242452086784.00 242543951872.00 242638651392.00 242730287104.00 242823839744.00 242916343808.00 243009355776.00 243102597120.00 243194707968.00 243288014848.00 243381288960.00 243473678336.00 243566837760.00 
243658522624.00 243752992768.00 243845300224.00 243939049472.00 244029145088.00 244115636224.00 244216872960.00 244309966848.00 244402585600.00 244495663104.00 244588068864.00 244681555968.00 244773847040.00 244867350528.00 244959920128.00 245052686336.00 245145747456.00 245238710272.00 245331738624.00 245424177152.00 
245511782400.00 245610512384.00 245703213056.00 245796356096.00 245888516096.00 245981544448.00 246074490880.00 246167306240.00 246260056064.00 246352707584.00 246442803200.00 246539321344.00 246631661568.00 246724739072.00 246817472512.00 246910140416.00 247000973312.00 247096246272.00 247188766720.00 247281680384.00 
247373004800.00 247467163648.00 247559225344.00 247651794944.00 247743021056.00 247833690112.00 247917625344.00 248056807424.00 248126324736.00 248215814144.00 248306909184.00 248399953920.00 248491540480.00 248584683520.00 248677548032.00 248768512000.00 248862720000.00 248955437056.00 249048711168.00 249141133312.00 
249231654912.00 249326927872.00 249420070912.00 249512968192.00 249605636096.00 249698648064.00 249791610880.00 249884278784.00 249974947840.00 250070106112.00 250162249728.00 250255966208.00 250348339200.00 250441400320.00 250534526976.00 250626932736.00 250719698944.00 250812940288.00 250906034176.00 250998898688.00 
251084800000.00 251184431104.00 251277524992.00 251370520576.00 251462238208.00 251555643392.00 251649441792.00 251741847552.00 251834613760.00 251928051712.00 252020277248.00 252113354752.00 252205989888.00 252299083776.00 252391718912.00 252484780032.00 252577513472.00 252672638976.00 252763848704.00 252856532992.00 
252937895936.00 253042229248.00 253135224832.00 253227368448.00 253320708096.00 253412343808.00 253506551808.00 253598957568.00 253692329984.00 253785882624.00 253877600256.00 253970956288.00 254064001024.00 254157012992.00 254249484288.00 254342545408.00 254434426880.00 254530289664.00 254621483008.00 254714527744.00 
254806081536.00 254900043776.00 254992875520.00 255086411776.00 255178227712.00 255271337984.00 255364595712.00 255458623488.00 255550160896.00 255642976256.00 255718572032.00 255829540864.00 255919964160.00 256015302656.00 256107544576.00 256200114176.00 256293093376.00 256386744320.00 256479166464.00 256572440576.00 
256662568960.00 256757760000.00 256851066880.00 256943636480.00 257036468224.00 257129021440.00 257222377472.00 257315192832.00 257406959616.00 257498611712.00 257593819136.00 257687371776.00 257779728384.00 257872494592.00 257965686784.00 258056912896.00 258151268352.00 258244247552.00 258337390592.00 258430418944.00 
258521399296.00 258615853056.00 258708471808.00 258802368512.00 258892562432.00 258987196416.00 259080306688.00 259172958208.00 259266412544.00 259359539200.00 259451420672.00 259544891392.00 259636920320.00 259730423808.00 259823386624.00 259915874304.00 260008853504.00 260102897664.00 260194336768.00 260287086592.00 
260352802816.00 260474880000.00 260566695936.00 260659953664.00 260752539648.00 260845142016.00 260938481664.00 261029773312.00 261123751936.00 261216927744.00 261309480960.00 261403017216.00 261495160832.00 261588221952.00 261681250304.00 261774999552.00 261864996864.00 261960581120.00 262052724736.00 262145720320.00 
262237323264.00 262331138048.00 262424363008.00 262516719616.00 262610468864.00 262701727744.00 262796083200.00 262889078784.00 262981861376.00 263074332672.00 263167279104.00 263260454912.00 263352270848.00 263445905408.00 263539277824.00 263631814656.00 263724777472.00 263817592832.00 263910719488.00 264003551232.00 
264093597696.00 264189231104.00 264281735168.00 264375042048.00 264468070400.00 264560459776.00 264653537280.00 264746647552.00 264837562368.00 264932294656.00 265021865984.00 265117859840.00 265210724352.00 265303670784.00 265396518912.00 265488924672.00 265580691456.00 265662709760.00 265770713088.00 265862332416.00 
265953591296.00 266047881216.00 266140647424.00 266233249792.00 266325131264.00 266418814976.00 266512171008.00 266604986368.00 266697670656.00 266790502400.00 266882957312.00 266976100352.00 267068801024.00 267162058752.00 267254890496.00 267338973184.00 267440488448.00 267533467648.00 267626348544.00 267719376896.00 
267801296896.00 267904974848.00 267997839360.00 268091129856.00 268183863296.00 268276498432.00 268369592320.00 268462505984.00 268554862592.00 268650840064.00 268740460544.00 268833980416.00 268926992384.00 269019889664.00 269112721408.00 269205340160.00 269297369088.00 269391527936.00 269484589056.00 269577043968.00 
269663191040.00 269762953216.00 269856800768.00 269948583936.00 270041088000.00 270134362112.00 270227636224.00 270320451584.00 270412513280.00 270497824768.00 270599225344.00 270692548608.00 270782939136.00 270877638656.00 270970585088.00 271063498752.00 271156428800.00 271249424384.00 271341993984.00 271435907072.00 
271525216256.00 271620800512.00 271713779712.00 271805071360.00 271899639808.00 271990603776.00 272085401600.00 272178462720.00 272270049280.00 272364191744.00 272456433664.00 272549216256.00 272642129920.00 272734486528.00 272828874752.00 272921378816.00 273013833728.00 273107206144.00 273199939584.00 273293262848.00 
273384783872.00 273478402048.00 273571659776.00 273664032768.00 273755488256.00 273849827328.00 273943248896.00 274035490816.00 274129027072.00 274221924352.00 274311397376.00 274407538688.00 274499928064.00 274593300480.00 274686377984.00 274779340800.00 274871615488.00 274965299200.00 275058065408.00 275150733312.00 
275238060032.00 275336429568.00 275429097472.00 275525468160.00 275614859264.00 275707953152.00 275801341952.00 275893813248.00 275986743296.00 276079640576.00 276172079104.00 276265009152.00 276358201344.00 276451786752.00 276544487424.00 276635156480.00 276727595008.00 276822982656.00 276915552256.00 277008384000.00 
277100101632.00 277194407936.00 277287174144.00 277379547136.00 277472280576.00 277565407232.00 277658992640.00 277751398400.00 277844230144.00 277936177152.00 278029336576.00 278123642880.00 278214639616.00 278307995648.00 278400663552.00 278493954048.00 278586228736.00 278678601728.00 278770515968.00 278861053952.00 
278889529344.00 279058186240.00 279148036096.00 279239950336.00 279332028416.00 279424827392.00 279517888512.00 279610753024.00 279701258240.00 279795761152.00 279888658432.00 279982047232.00 280074321920.00 280168660992.00 280260280320.00 280352718848.00 280445419520.00 280539037696.00 280631836672.00 280725028864.00 
280816254976.00 280910856192.00 281002934272.00 281096290304.00 281187844096.00 281280446464.00 281374425088.00 281465356288.00 281560317952.00 281653379072.00 281745457152.00 281839403008.00 281931808768.00 282025164800.00 282117570560.00 282210926592.00 282303627264.00 282395574272.00 282489651200.00 282582581248.00 
282664304640.00 282768015360.00 282860847104.00 282954104832.00 283046805504.00 283139538944.00 283232337920.00 283325202432.00 283418460160.00 283511488512.00 283600945152.00 283697217536.00 283789787136.00 283882782720.00 283975745536.00 284068282368.00 284160425984.00 284254306304.00 284346908672.00 284441968640.00 
284531785728.00 284626288640.00 284718891008.00 284811886592.00 284904587264.00 284997844992.00 285090414592.00 285184000000.00 285276241920.00 285369237504.00 285461446656.00 285554999296.00 285645668352.00 285740466176.00 285833527296.00 285924786176.00 286018928640.00 286119100416.00 286205411328.00 286298570752.00 
286388453376.00 286483709952.00 286577524736.00 286669504512.00 286762696704.00 286855266304.00 286948425728.00 287041355776.00 287132942336.00 287227052032.00 287318966272.00 287414812672.00 287505154048.00 287598444544.00 287691177984.00 287784370176.00 287876415488.00 287970230272.00 288062832640.00 288156090368.00 
288241451008.00 288341688320.00 288433635328.00 288527613952.00 288617955328.00 288712884224.00 288806174720.00 288898580480.00 288991477760.00 289084342272.00 289175863296.00 289260568576.00 289364443136.00 289456947200.00 289549385728.00 289642151936.00 289735049216.00 289828274176.00 289921073152.00 290013577216.00 
290101362688.00 290199601152.00 290293252096.00 290385559552.00 290478194688.00 290562506752.00 290663727104.00 290756886528.00 290849390592.00 290942812160.00 291034660864.00 291128868864.00 291221143552.00 291313876992.00 291406741504.00 291499409408.00 291590963200.00 291685957632.00 291778756608.00 291871358976.00 
291963011072.00 292057612288.00 292150083584.00 292246618112.00 292336041984.00 292428251136.00 292522098688.00 292614897664.00 292707598336.00 292801183744.00 292890214400.00 292986355712.00 293078827008.00 293172019200.00 293265145856.00 293357846528.00 293450645504.00 293543444480.00 293638897664.00 293729632256.00 
293819777024.00 293915328512.00 294007963648.00 294101123072.00 294193823744.00 294286786560.00 294379749376.00 294473203712.00 294563643392.00 294658637824.00 294750945280.00 294844334080.00 294936608768.00 295030259712.00 295122796544.00 295213989888.00 295308427264.00 295401783296.00 295494385664.00 295587643392.00 
295678869504.00 295772815360.00 295866073088.00 295958970368.00 296050884608.00 296144109568.00 296237301760.00 296330919936.00 296423391232.00 296516059136.00 296607875072.00 296700575744.00 296794030080.00 296887648256.00 296980054016.00 297072918528.00 297165586432.00 297258516480.00 297350725632.00 297441820672.00 
297482551296.00 297634889728.00 297726083072.00 297818030080.00 297910304768.00 298003202048.00 298096394240.00 298188865536.00 298281009152.00 298374627328.00 298467262464.00 298560192512.00 298652860416.00 298745921536.00 298838818816.00 298931388416.00 299023892480.00 299117838336.00 299210145792.00 299303534592.00 
299395121152.00 299489099776.00 299581472768.00 299674796032.00 299767169024.00 299859017728.00 299953979392.00 300046254080.00 300138594304.00 300232278016.00 300324257792.00 300418334720.00 300508839936.00 300603834368.00 300695781376.00 300789268480.00 300882329600.00 300975685632.00 301065928704.00 301161414656.00 
301251395584.00 301346586624.00 301439385600.00 301532315648.00 301625409536.00 301718011904.00 301811105792.00 301904199680.00 301995819008.00 302089797632.00 302165458944.00 302276444160.00 302368456704.00 302461779968.00 302554546176.00 302647312384.00 302739881984.00 302833434624.00 302926200832.00 303018573824.00 
303110619136.00 303204892672.00 303297429504.00 303389835264.00 303481323520.00 303575629824.00 303668822016.00 303761817600.00 303854419968.00 303947579392.00 304039854080.00 304133603328.00 304224993280.00 304321953792.00 304412590080.00 304503619584.00 304598286336.00 304690954240.00 304783884288.00 304876716032.00 
304963813376.00 305062346752.00 305154129920.00 305247584256.00 305340973056.00 305433804800.00 305527062528.00 305620189184.00 305711841280.00 305806344192.00 305897865216.00 305991516160.00 306084118528.00 306177048576.00 306267160576.00 306363170816.00 306454036480.00 306548801536.00 306641600512.00 306734727168.00 
306820775936.00 306920914944.00 307012960256.00 307106119680.00 307198263296.00 307291684864.00 307384975360.00 307477970944.00 307570311168.00 307663503360.00 307755909120.00 307849330688.00 307940884480.00 308034764800.00 308127793152.00 308220559360.00 308313325568.00 308405927936.00 308499513344.00 308592017408.00 
308682555392.00 308777943040.00 308870086656.00 308963606528.00 309056929792.00 309147992064.00 309242560512.00 309335490560.00 309425930240.00 309520793600.00 309613068288.00 309706457088.00 309798141952.00 309885599744.00 309989638144.00 310080012288.00 310171893760.00 310264889344.00 310357753856.00 310450978816.00 
310542172160.00 310636347392.00 310729441280.00 310822862848.00 310913892352.00 311007870976.00 311100964864.00 311194058752.00 311286300672.00 311379623936.00 311468818432.00 311565058048.00 311657529344.00 311751147520.00 311843946496.00 311937040384.00 312029708288.00 312122507264.00 312214978560.00 312308269056.00 
312390483968.00 312494456832.00 312586960896.00 312680185856.00 312772362240.00 312865062912.00 312958255104.00 313050562560.00 313143558144.00 313237110784.00 313329385472.00 313422938112.00 313515900928.00 313608830976.00 313701531648.00 313785778176.00 313886343168.00 313980420096.00 314073186304.00 314166312960.00 
314257539072.00 314352041984.00 314444644352.00 314537181184.00 314629521408.00 314724122624.00 314816528384.00 314909491200.00 315002126336.00 315095023616.00 315187298304.00 315280490496.00 315371782144.00 315466973184.00 315560787968.00 315652603904.00 315744747520.00 315838365696.00 315931230208.00 316024193024.00 
316103294976.00 316209725440.00 316302655488.00 316396929024.00 316488122368.00 316581380096.00 316674277376.00 316766814208.00 316859285504.00 316952739840.00 317044981760.00 317138239488.00 317231628288.00 317324689408.00 317417062400.00 317509861376.00 317602299904.00 317695983616.00 317788749824.00 317881876480.00 
317973135360.00 318067146752.00 318160371712.00 318253006848.00 318343348224.00 318436999168.00 318531305472.00 318624169984.00 318714576896.00 318815141888.00 318904270848.00 318997659648.00 319089573888.00 319182831616.00 319275532288.00 319367872512.00 319461097472.00 319553896448.00 319646629888.00 319739822080.00 
319826558976.00 319925747712.00 320019005440.00 320110788608.00 320203784192.00 320297140224.00 320390201344.00 320482639872.00 320574980096.00 320668729344.00 320758415360.00 320856391680.00 320947027968.00 321040744448.00 321132691456.00 321225785344.00 321316880384.00 321411710976.00 321504739328.00 321597538304.00 
321689026560.00 321784217600.00 321876459520.00 321968996352.00 322061729792.00 322155118592.00 322247229440.00 322342092800.00 322433646592.00 322526478336.00 322618949632.00 322712567808.00 322804023296.00 322897936384.00 322991423488.00 323082354688.00 323176398848.00 323269820416.00 323361964032.00 323456008192.00 
323545759744.00 323641573376.00 323733880832.00 323827499008.00 323920461824.00 324012933120.00 324105273344.00 324197810176.00 324289069056.00 324384686080.00 324476338176.00 324570087424.00 324662689792.00 324756209664.00 324849008640.00 324941283328.00 325033558016.00 325126619136.00 325219614720.00 325311791104.00 
325371101184.00 325500141568.00 325592678400.00 325685084160.00 325776998400.00 325870780416.00 325963710464.00 326056542208.00 326149308416.00 326242304000.00 326334676992.00 326427738112.00 326520438784.00 326613827584.00 326706331648.00 326799228928.00 326892355584.00 326985613312.00 327077920768.00 327171276800.00 
327252869120.00 327357169664.00 327449837568.00 327542865920.00 327635763200.00 327726563328.00 327821328384.00 327914586112.00 328006565888.00 328099594240.00 328192688128.00 328285749248.00 328378318848.00 328472297472.00 328564572160.00 328657338368.00 328749187072.00 328843100160.00 328935931904.00 329029419008.00 
329120907264.00 329215901696.00 329307914240.00 329401073664.00 329492692992.00 329586114560.00 329678979072.00 329772433408.00 329864773632.00 329957834752.00 330047356928.00 330143268864.00 330234331136.00 330329292800.00 330421469184.00 330513154048.00 330610540544.00 330701668352.00 330793418752.00 330886905856.00 
330977378304.00 331073290240.00 331165728768.00 331258560512.00 331351195648.00 331444060160.00 331537350656.00 331629559808.00 331721736192.00 331815944192.00 331907825664.00 332001902592.00 332094504960.00 332187860992.00 332280102912.00 332371787776.00 332465405952.00 332558794752.00 332651462656.00 332749275136.00 
332836241408.00 332930809856.00 333022920704.00 333116145664.00 333207371776.00 333301972992.00 333394378752.00 333487865856.00 333580828672.00 333673562112.00 333766033408.00 333859454976.00 333951795200.00 334045052928.00 334137786368.00 334230978560.00 334323384320.00 334416642048.00 334509473792.00 334602272768.00 
334667513856.00 334789541888.00 334881718272.00 334974353408.00 335067185152.00 335159918592.00 335253176320.00 335345975296.00 335438151680.00 335531540480.00 335623880704.00 335717138432.00 335810101248.00 335904047104.00 335995731968.00 336088727552.00 336179625984.00 336274554880.00 336367648768.00 336456286208.00 
336552034304.00 336646209536.00 336739237888.00 336831873024.00 336924475392.00 337009147904.00 337110532096.00 337203789824.00 337296654336.00 337389420544.00 337481236480.00 337574985728.00 337667063808.00 337760288768.00 337853775872.00 337946181632.00 338037309440.00 338133975040.00 338225889280.00 338318655488.00 
338408800256.00 338503729152.00 338596921344.00 338690113536.00 338782552064.00 338875744256.00 338968772608.00 339060097024.00 339152502784.00 339246907392.00 339336658944.00 339432144896.00 339524386816.00 339618627584.00 339711852544.00 339804487680.00 339897450496.00 339990282240.00 340083179520.00 340176404480.00 
340267663360.00 340360298496.00 340455292928.00 340547895296.00 340639252480.00 340733198336.00 340824784896.00 340921090048.00 341012348928.00 341105147904.00 341197520896.00 341290975232.00 341383380992.00 341476605952.00 341569634304.00 341660467200.00 341755166720.00 341848162304.00 341940928512.00 342033793024.00 
342115713024.00 342219948032.00 342312517632.00 342405316608.00 342497722368.00 342590881792.00 342683615232.00 342776807424.00 342869606400.00 342962995200.00 343055335424.00 343148527616.00 343239720960.00 343335075840.00 343427547136.00 343520215040.00 343612096512.00 343706894336.00 343798906880.00 343891804160.00 
343978246144.00 344077926400.00 344170168320.00 344263327744.00 344356159488.00 344448991232.00 344542150656.00 344634753024.00 344727650304.00 344820318208.00 344912789504.00 345006309376.00 345097207808.00 345191514112.00 345283756032.00 345378783232.00 345471221760.00 345564217344.00 345656754176.00 345749848064.00 
345840058368.00 345936297984.00 346028474368.00 346121306112.00 346213548032.00 346305265664.00 346399211520.00 346492076032.00 346584940544.00 346678820864.00 346770866176.00 346864254976.00 346956595200.00 347049132032.00 347143438336.00 347235647488.00 347328184320.00 347421605888.00 347515158528.00 347607236608.00 
347699118080.00 347793063936.00 347887763456.00 347979448320.00 348069920768.00 348165111808.00 348257124352.00 348350545920.00 348443410432.00 348536143872.00 348612231168.00 348722659328.00 348814999552.00 348907929600.00 349000728576.00 349093134336.00 349186949120.00 349278928896.00 349372481536.00 349465083904.00 
349553098752.00 349651337216.00 349744496640.00 349837033472.00 349929766912.00 350023581696.00 350115790848.00 350209671168.00 350300798976.00 350394712064.00 350486364160.00 350579982336.00 350673305600.00 350765613056.00 350859264000.00 350950031360.00 351042371584.00 351136907264.00 351231344640.00 351322996736.00 
351414910976.00 351509348352.00 351602016256.00 351694356480.00 351787220992.00 351880609792.00 351973244928.00 352066076672.00 352159170560.00 352251478016.00 352345128960.00 352438288384.00 352529481728.00 352623689728.00 352716718080.00 352809615360.00 352902545408.00 352995311616.00 353088208896.00 353182121984.00 
353260371968.00 353367457792.00 353460322304.00 353552760832.00 353645625344.00 353738326016.00 353831059456.00 353924087808.00 354015051776.00 354109620224.00 354202615808.00 354295873536.00 354388475904.00 354481766400.00 354575384576.00 354666938368.00 354760065024.00 354853158912.00 354944811008.00 355038789632.00 
355130310656.00 355225206784.00 355317121024.00 355409657856.00 355501834240.00 355594305536.00 355687137280.00 355782164480.00 355875160064.00 355967696896.00 356060561408.00 356155195392.00 356246093824.00 356338663424.00 356432183296.00 356524556288.00 356617584640.00 356711301120.00 356803477504.00 356896342016.00 
356979015680.00 357082497024.00 357175263232.00 357267931136.00 357361025024.00 357453725696.00 357545672704.00 357640175616.00 357731926016.00 357825118208.00 357915033600.00 358011371520.00 358104989696.00 358197592064.00 358289604608.00 358382501888.00 358474645504.00 358568034304.00 358661750784.00 358754418688.00 
358846431232.00 358940082176.00 359032094720.00 359125811200.00 359218085888.00 359311572992.00 359404240896.00 359497793536.00 359590297600.00 359683588096.00 359775666176.00 359872200704.00 359959691264.00 360053964800.00 360147189760.00 360231895040.00 360333443072.00 360426733568.00 360519237632.00 360612593664.00 
360702509056.00 360797831168.00 360890564608.00 360983527424.00 361076031488.00 361169027072.00 361262776320.00 361354756096.00 361446768640.00 361541730304.00 361632890880.00 361727295488.00 361820323840.00 361912598528.00 362005299200.00 362098524160.00 362190798848.00 362284548096.00 362377216000.00 362470244352.00 
362555736064.00 362655809536.00 362748936192.00 362841341952.00 362931879936.00 363026841600.00 363120394240.00 363215126528.00 363305828352.00 363398758400.00 363490803712.00 363584552960.00 363676336128.00 363769495552.00 363863965696.00 363956371456.00 364048613376.00 364141838336.00 364234702848.00 364327600128.00 
364414861312.00 364513492992.00 364606291968.00 364698697728.00 364791595008.00 364883574784.00 364978569216.00 365070352384.00 365162692608.00 365256835072.00 365348716544.00 365441777664.00 365534937088.00 365628030976.00 365720797184.00 365813956608.00 365904363520.00 365998669824.00 366092156928.00 366185316352.00 
366276739072.00 366370521088.00 366462959616.00 366556545024.00 366648786944.00 366741946368.00 366835105792.00 366928035840.00 367019982848.00 367114256384.00 367203254272.00 367299559424.00 367391277056.00 367485419520.00 367577202688.00 367670558720.00 367763324928.00 367857926144.00 367949283328.00 368042278912.00 
368132259840.00 368227844096.00 368321003520.00 368413704192.00 368506241024.00 368598646784.00 368692133888.00 368785162240.00 368875241472.00 368971317248.00 369062477824.00 369155506176.00 369248731136.00 369341366272.00 369434492928.00 369525293056.00 369619042304.00 369712562176.00 369805328384.00 369897799680.00 
369989582848.00 370083561472.00 370175770624.00 370268831744.00 370359762944.00 370453315584.00 370545819648.00 370638028800.00 370730336256.00 370822709248.00 370914525184.00 371006767104.00 371097960448.00 371189579776.00 371280314368.00 371369869312.00 371458310144.00 371543867392.00 371620872192.00 371667468288.00 
end   dump: w
==END   DUMP_ARRAYS==
Time in seconds = 0.063121
