Sender: LSF System <lsfadmin@polus-c4-ib.bmc.hpc.cs.msu.ru>
Subject: Job 494488: <./extra.o> in cluster <MSUCluster> Done

Job <./extra.o> was submitted from host <polus-ib.bmc.hpc.cs.msu.ru> by user <edu-cmc-skpod19-328-11> in cluster <MSUCluster> at Fri Nov 29 23:45:36 2019
Job was executed on host(s) <12*polus-c4-ib.bmc.hpc.cs.msu.ru>, in queue <short>, as user <edu-cmc-skpod19-328-11> in cluster <MSUCluster> at Fri Nov 29 23:48:46 2019
                            <5*polus-c3-ib.bmc.hpc.cs.msu.ru>
                            <2*polus-c2-ib.bmc.hpc.cs.msu.ru>
</home_edu/edu-cmc-skpod19-328/edu-cmc-skpod19-328-11> was used as the home directory.
</home_edu/edu-cmc-skpod19-328/edu-cmc-skpod19-328-11/dep_gemver> was used as the working directory.
Started at Fri Nov 29 23:48:46 2019
Terminated at Fri Nov 29 23:48:48 2019
Results reported at Fri Nov 29 23:48:48 2019

Your job looked like:

------------------------------------------------------------
# LSBATCH: User input
./extra.o
------------------------------------------------------------

Successfully completed.

Resource usage summary:

    CPU time :                                   11.65 sec.
    Max Memory :                                 1 MB
    Average Memory :                             1.00 MB
    Total Requested Memory :                     -
    Delta Memory :                               -
    Max Swap :                                   -
    Max Processes :                              1
    Max Threads :                                1
    Run time :                                   1 sec.
    Turnaround time :                            192 sec.

The output (if any) follows:

==BEGIN DUMP_ARRAYS==
begin dump: w
0.00 0.00 0.00 0.00 0.00 0.00 0.00 0.00 0.00 0.00 0.00 0.00 0.00 0.00 0.00 0.00 0.00 0.00 0.00 0.00 
0.00 0.00 0.00 0.00 0.00 0.00 0.00 0.00 0.00 0.00 0.00 0.00 0.00 0.00 0.00 0.00 0.00 0.00 0.00 0.00 
0.00 0.00 0.00 0.00 0.00 0.00 0.00 0.00 0.00 0.00 0.00 0.00 0.00 0.00 0.00 0.00 0.00 0.00 0.00 0.00 
0.00 0.00 0.00 0.00 0.00 0.00 0.00 0.00 0.00 0.00 0.00 0.00 0.00 0.00 0.00 0.00 0.00 0.00 0.00 0.00 
0.00 0.00 0.00 0.00 0.00 0.00 0.00 0.00 0.00 0.00 0.00 0.00 0.00 0.00 0.00 0.00 0.00 0.00 0.00 0.00 
0.00 0.00 0.00 0.00 0.00 0.00 0.00 0.00 0.00 0.00 0.00 0.00 0.00 0.00 0.00 0.00 0.00 0.00 0.00 0.00 
0.00 0.00 0.00 0.00 0.00 0.00 0.00 0.00 0.00 0.00 0.00 0.00 0.00 0.00 0.00 0.00 0.00 0.00 0.00 0.00 
0.00 0.00 0.00 0.00 0.00 0.00 0.00 0.00 0.00 0.00 0.00 0.00 0.00 0.00 0.00 0.00 0.00 0.00 0.00 0.00 
0.00 0.00 0.00 0.00 0.00 0.00 0.00 0.00 0.00 0.00 0.00 0.00 0.00 0.00 0.00 0.00 0.00 0.00 0.00 0.00 
0.00 0.00 0.00 0.00 0.00 0.00 0.00 0.00 0.00 0.00 0.00 0.00 0.00 0.00 0.00 0.00 0.00 0.00 0.00 0.00 
0.00 0.00 0.00 0.00 0.00 0.00 0.00 0.00 0.00 0.00 0.00 0.00 0.00 0.00 0.00 0.00 0.00 0.00 0.00 0.00 
0.00 0.00 0.00 0.00 0.00 0.00 0.00 0.00 0.00 0.00 0.00 0.00 0.00 0.00 0.00 0.00 0.00 0.00 0.00 0.00 
0.00 0.00 0.00 0.00 0.00 0.00 0.00 0.00 0.00 0.00 0.00 0.00 0.00 0.00 0.00 0.00 0.00 0.00 0.00 0.00 
0.00 0.00 0.00 0.00 0.00 0.00 0.00 0.00 0.00 0.00 0.00 0.00 0.00 0.00 0.00 0.00 0.00 0.00 0.00 0.00 
0.00 0.00 0.00 0.00 0.00 0.00 0.00 0.00 0.00 0.00 0.00 0.00 0.00 0.00 0.00 0.00 0.00 0.00 0.00 0.00 
0.00 0.00 0.00 0.00 0.00 0.00 0.00 0.00 0.00 0.00 0.00 0.00 0.00 0.00 0.00 0.00 0.00 0.00 0.00 0.00 
0.00 0.00 0.00 0.00 0.00 0.00 0.00 0.00 0.00 0.00 0.00 0.00 0.00 0.00 0.00 0.00 0.00 0.00 0.00 0.00 
0.00 0.00 0.00 0.00 0.00 0.00 0.00 0.00 0.00 0.00 0.00 0.00 0.00 0.00 0.00 0.00 0.00 0.00 0.00 0.00 
0.00 0.00 0.00 0.00 0.00 0.00 0.00 0.00 0.00 0.00 0.00 0.00 0.00 0.00 0.00 0.00 0.00 0.00 0.00 0.00 
0.00 0.00 0.00 0.00 0.00 0.00 0.00 0.00 0.00 0.00 0.00 0.00 0.00 0.00 0.00 0.00 0.00 0.00 0.00 0.00 
0.00 0.00 0.00 0.00 0.00 0.00 0.00 0.00 0.00 0.00 0.00 0.00 0.00 0.00 0.00 0.00 0.00 0.00 0.00 0.00 
0.00 0.00 0.00 0.00 0.00 0.00 0.00 0.00 0.00 0.00 0.00 0.00 0.00 0.00 0.00 0.00 0.00 0.00 0.00 0.00 
0.00 0.00 0.00 0.00 0.00 0.00 0.00 0.00 0.00 0.00 0.00 0.00 0.00 0.00 0.00 0.00 0.00 0.00 0.00 0.00 
0.00 0.00 0.00 0.00 0.00 0.00 0.00 0.00 0.00 0.00 0.00 0.00 0.00 0.00 0.00 0.00 0.00 0.00 0.00 0.00 
0.00 0.00 0.00 0.00 0.00 0.00 0.00 0.00 0.00 0.00 0.00 0.00 0.00 0.00 0.00 0.00 0.00 0.00 0.00 0.00 
0.00 0.00 0.00 0.00 0.00 0.00 0.00 0.00 0.00 0.00 0.00 0.00 0.00 0.00 0.00 0.00 0.00 0.00 0.00 0.00 
0.00 0.00 0.00 0.00 0.00 0.00 0.00 0.00 0.00 0.00 0.00 0.00 0.00 0.00 0.00 0.00 0.00 0.00 0.00 0.00 
0.00 0.00 0.00 0.00 0.00 0.00 0.00 0.00 0.00 0.00 0.00 0.00 0.00 0.00 0.00 0.00 0.00 0.00 0.00 0.00 
0.00 0.00 0.00 0.00 0.00 0.00 0.00 0.00 0.00 0.00 0.00 0.00 0.00 0.00 0.00 0.00 0.00 0.00 0.00 0.00 
0.00 0.00 0.00 0.00 0.00 0.00 0.00 0.00 0.00 0.00 0.00 0.00 0.00 0.00 0.00 0.00 0.00 0.00 0.00 0.00 
0.00 0.00 0.00 0.00 0.00 0.00 0.00 0.00 0.00 0.00 0.00 0.00 0.00 0.00 0.00 0.00 0.00 0.00 0.00 0.00 
0.00 0.00 0.00 0.00 0.00 0.00 0.00 0.00 0.00 0.00 0.00 0.00 0.00 0.00 0.00 0.00 0.00 0.00 0.00 0.00 
0.00 0.00 0.00 0.00 0.00 0.00 0.00 0.00 0.00 0.00 0.00 0.00 0.00 0.00 0.00 0.00 0.00 0.00 0.00 0.00 
0.00 0.00 0.00 0.00 0.00 0.00 0.00 0.00 0.00 0.00 0.00 0.00 0.00 0.00 0.00 0.00 0.00 0.00 0.00 0.00 
0.00 0.00 0.00 0.00 0.00 0.00 0.00 0.00 0.00 0.00 0.00 0.00 0.00 0.00 0.00 0.00 0.00 0.00 0.00 0.00 
0.00 0.00 0.00 0.00 0.00 0.00 0.00 0.00 0.00 0.00 0.00 0.00 0.00 0.00 0.00 0.00 0.00 0.00 0.00 0.00 
0.00 0.00 0.00 0.00 0.00 0.00 0.00 0.00 0.00 0.00 0.00 0.00 0.00 0.00 0.00 0.00 0.00 0.00 0.00 0.00 
0.00 0.00 0.00 0.00 0.00 0.00 0.00 0.00 0.00 0.00 0.00 0.00 0.00 0.00 0.00 0.00 0.00 0.00 0.00 0.00 
0.00 0.00 0.00 0.00 0.00 0.00 0.00 0.00 0.00 0.00 0.00 0.00 0.00 0.00 0.00 0.00 0.00 0.00 0.00 0.00 
0.00 0.00 0.00 0.00 0.00 0.00 0.00 0.00 0.00 0.00 0.00 0.00 0.00 0.00 0.00 0.00 0.00 0.00 0.00 0.00 
0.00 0.00 0.00 0.00 0.00 0.00 0.00 0.00 0.00 0.00 0.00 0.00 0.00 0.00 0.00 0.00 0.00 0.00 0.00 0.00 
0.00 0.00 0.00 0.00 0.00 0.00 0.00 0.00 0.00 0.00 0.00 0.00 0.00 0.00 0.00 0.00 0.00 0.00 0.00 0.00 
0.00 0.00 0.00 0.00 0.00 0.00 0.00 0.00 0.00 0.00 0.00 0.00 0.00 0.00 0.00 0.00 0.00 0.00 0.00 0.00 
0.00 0.00 0.00 0.00 0.00 0.00 0.00 0.00 0.00 0.00 0.00 0.00 0.00 0.00 0.00 0.00 0.00 0.00 0.00 0.00 
0.00 0.00 0.00 0.00 0.00 0.00 0.00 0.00 0.00 0.00 0.00 0.00 0.00 0.00 0.00 0.00 0.00 0.00 0.00 0.00 
0.00 0.00 0.00 0.00 0.00 0.00 0.00 0.00 0.00 0.00 0.00 0.00 0.00 0.00 0.00 0.00 0.00 0.00 0.00 0.00 
0.00 0.00 0.00 0.00 0.00 0.00 0.00 0.00 0.00 0.00 0.00 0.00 0.00 0.00 0.00 0.00 0.00 0.00 0.00 0.00 
0.00 0.00 0.00 0.00 0.00 0.00 0.00 0.00 0.00 0.00 0.00 0.00 0.00 0.00 0.00 0.00 0.00 0.00 0.00 0.00 
0.00 0.00 0.00 0.00 0.00 0.00 0.00 0.00 0.00 0.00 0.00 0.00 0.00 0.00 0.00 0.00 0.00 0.00 0.00 0.00 
0.00 0.00 0.00 0.00 0.00 0.00 0.00 0.00 0.00 0.00 0.00 0.00 0.00 0.00 0.00 0.00 0.00 0.00 0.00 0.00 
0.00 0.00 0.00 0.00 0.00 0.00 0.00 0.00 0.00 0.00 0.00 0.00 0.00 0.00 0.00 0.00 0.00 0.00 0.00 0.00 
0.00 0.00 0.00 0.00 0.00 0.00 0.00 0.00 0.00 0.00 0.00 0.00 0.00 0.00 0.00 0.00 0.00 0.00 0.00 0.00 
0.00 0.00 0.00 0.00 0.00 0.00 0.00 0.00 0.00 0.00 0.00 0.00 0.00 0.00 0.00 0.00 0.00 0.00 0.00 0.00 
0.00 0.00 0.00 0.00 0.00 0.00 0.00 0.00 0.00 0.00 0.00 0.00 0.00 0.00 0.00 0.00 0.00 0.00 0.00 0.00 
0.00 0.00 0.00 0.00 0.00 0.00 0.00 0.00 0.00 0.00 0.00 0.00 0.00 0.00 0.00 0.00 0.00 0.00 0.00 0.00 
0.00 0.00 0.00 0.00 0.00 0.00 0.00 0.00 0.00 0.00 0.00 0.00 0.00 0.00 0.00 0.00 0.00 0.00 0.00 0.00 
0.00 0.00 0.00 0.00 0.00 0.00 0.00 0.00 0.00 0.00 0.00 0.00 0.00 0.00 0.00 0.00 0.00 0.00 0.00 0.00 
0.00 0.00 0.00 0.00 0.00 0.00 0.00 0.00 0.00 0.00 0.00 0.00 0.00 0.00 0.00 0.00 0.00 0.00 0.00 0.00 
0.00 0.00 0.00 0.00 0.00 0.00 0.00 0.00 0.00 0.00 0.00 0.00 0.00 0.00 0.00 0.00 0.00 0.00 0.00 0.00 
0.00 0.00 0.00 0.00 0.00 0.00 0.00 0.00 0.00 0.00 0.00 0.00 0.00 0.00 0.00 0.00 0.00 0.00 0.00 0.00 
0.00 0.00 0.00 0.00 0.00 0.00 0.00 0.00 0.00 0.00 0.00 0.00 0.00 0.00 0.00 0.00 0.00 0.00 0.00 0.00 
0.00 0.00 0.00 0.00 0.00 0.00 0.00 0.00 0.00 0.00 0.00 0.00 0.00 0.00 0.00 0.00 0.00 0.00 0.00 0.00 
0.00 0.00 0.00 0.00 0.00 0.00 0.00 0.00 0.00 0.00 0.00 0.00 0.00 0.00 0.00 0.00 0.00 0.00 0.00 0.00 
0.00 0.00 0.00 0.00 0.00 0.00 0.00 0.00 0.00 0.00 0.00 0.00 0.00 0.00 0.00 0.00 0.00 0.00 0.00 0.00 
0.00 0.00 0.00 0.00 0.00 0.00 0.00 0.00 0.00 0.00 0.00 0.00 0.00 0.00 0.00 0.00 0.00 0.00 0.00 0.00 
0.00 0.00 0.00 0.00 0.00 0.00 0.00 0.00 0.00 0.00 0.00 0.00 0.00 0.00 0.00 0.00 0.00 0.00 0.00 0.00 
0.00 0.00 0.00 0.00 0.00 0.00 0.00 0.00 0.00 0.00 0.00 0.00 0.00 0.00 0.00 0.00 0.00 0.00 0.00 0.00 
0.00 0.00 0.00 0.00 0.00 0.00 0.00 0.00 0.00 0.00 0.00 0.00 0.00 0.00 0.00 0.00 0.00 0.00 0.00 0.00 
0.00 0.00 0.00 0.00 0.00 0.00 0.00 0.00 0.00 0.00 0.00 0.00 0.00 0.00 0.00 0.00 0.00 0.00 0.00 0.00 
0.00 0.00 0.00 0.00 0.00 0.00 0.00 0.00 0.00 0.00 0.00 0.00 0.00 0.00 0.00 0.00 0.00 0.00 0.00 0.00 
0.00 0.00 0.00 0.00 0.00 0.00 0.00 0.00 0.00 0.00 0.00 0.00 0.00 0.00 0.00 0.00 0.00 0.00 0.00 0.00 
0.00 0.00 0.00 0.00 0.00 0.00 0.00 0.00 0.00 0.00 0.00 0.00 0.00 0.00 0.00 0.00 0.00 0.00 0.00 0.00 
0.00 0.00 0.00 0.00 0.00 0.00 0.00 0.00 0.00 0.00 0.00 0.00 0.00 0.00 0.00 0.00 0.00 0.00 0.00 0.00 
0.00 0.00 0.00 0.00 0.00 0.00 0.00 0.00 0.00 0.00 0.00 0.00 0.00 0.00 0.00 0.00 0.00 0.00 0.00 0.00 
0.00 0.00 0.00 0.00 0.00 0.00 0.00 0.00 0.00 0.00 0.00 0.00 0.00 0.00 0.00 0.00 0.00 0.00 0.00 0.00 
0.00 0.00 0.00 0.00 0.00 0.00 0.00 0.00 0.00 0.00 0.00 0.00 0.00 0.00 0.00 0.00 0.00 0.00 0.00 0.00 
0.00 0.00 0.00 0.00 0.00 0.00 0.00 0.00 0.00 0.00 0.00 0.00 0.00 0.00 0.00 0.00 0.00 0.00 0.00 0.00 
0.00 0.00 0.00 0.00 0.00 0.00 0.00 0.00 0.00 0.00 0.00 0.00 0.00 0.00 0.00 0.00 0.00 0.00 0.00 0.00 
0.00 0.00 0.00 0.00 0.00 0.00 0.00 0.00 0.00 0.00 0.00 0.00 0.00 0.00 0.00 0.00 0.00 0.00 0.00 0.00 
0.00 0.00 0.00 0.00 0.00 0.00 0.00 0.00 0.00 0.00 0.00 0.00 0.00 0.00 0.00 0.00 0.00 0.00 0.00 0.00 
0.00 0.00 0.00 0.00 0.00 0.00 0.00 0.00 0.00 0.00 0.00 0.00 0.00 0.00 0.00 0.00 0.00 0.00 0.00 0.00 
0.00 0.00 0.00 0.00 0.00 0.00 0.00 0.00 0.00 0.00 0.00 0.00 0.00 0.00 0.00 0.00 0.00 0.00 0.00 0.00 
0.00 0.00 0.00 0.00 0.00 0.00 0.00 0.00 0.00 0.00 0.00 0.00 0.00 0.00 0.00 0.00 0.00 0.00 0.00 0.00 
0.00 0.00 0.00 0.00 0.00 0.00 0.00 0.00 0.00 0.00 0.00 0.00 0.00 0.00 0.00 0.00 0.00 0.00 0.00 0.00 
0.00 0.00 0.00 0.00 0.00 0.00 0.00 0.00 0.00 0.00 0.00 0.00 0.00 0.00 0.00 0.00 0.00 0.00 0.00 0.00 
0.00 0.00 0.00 0.00 0.00 0.00 0.00 0.00 0.00 0.00 0.00 0.00 0.00 0.00 0.00 0.00 0.00 0.00 0.00 0.00 
0.00 0.00 0.00 0.00 0.00 0.00 0.00 0.00 0.00 0.00 0.00 0.00 0.00 0.00 0.00 0.00 0.00 0.00 0.00 0.00 
0.00 0.00 0.00 0.00 0.00 0.00 0.00 0.00 0.00 0.00 0.00 0.00 0.00 0.00 0.00 0.00 0.00 0.00 0.00 0.00 
0.00 0.00 0.00 0.00 0.00 0.00 0.00 0.00 0.00 0.00 0.00 0.00 0.00 0.00 0.00 0.00 0.00 0.00 0.00 0.00 
0.00 0.00 0.00 0.00 0.00 0.00 0.00 0.00 0.00 0.00 0.00 0.00 0.00 0.00 0.00 0.00 0.00 0.00 0.00 0.00 
0.00 0.00 0.00 0.00 0.00 0.00 0.00 0.00 0.00 0.00 0.00 0.00 0.00 0.00 0.00 0.00 0.00 0.00 0.00 0.00 
0.00 0.00 0.00 0.00 0.00 0.00 0.00 0.00 0.00 0.00 0.00 0.00 0.00 0.00 0.00 0.00 0.00 0.00 0.00 0.00 
0.00 0.00 0.00 0.00 0.00 0.00 0.00 0.00 0.00 0.00 0.00 0.00 0.00 0.00 0.00 0.00 0.00 0.00 0.00 0.00 
0.00 0.00 0.00 0.00 0.00 0.00 0.00 0.00 0.00 0.00 0.00 0.00 0.00 0.00 0.00 0.00 0.00 0.00 0.00 0.00 
0.00 0.00 0.00 0.00 0.00 0.00 0.00 0.00 0.00 0.00 0.00 0.00 0.00 0.00 0.00 0.00 0.00 0.00 0.00 0.00 
0.00 0.00 0.00 0.00 0.00 0.00 0.00 0.00 0.00 0.00 0.00 0.00 0.00 0.00 0.00 0.00 0.00 0.00 0.00 0.00 
0.00 0.00 0.00 0.00 0.00 0.00 0.00 0.00 0.00 0.00 0.00 0.00 0.00 0.00 0.00 0.00 0.00 0.00 0.00 0.00 
0.00 0.00 0.00 0.00 0.00 0.00 0.00 0.00 0.00 0.00 0.00 0.00 0.00 0.00 0.00 0.00 0.00 0.00 0.00 0.00 
0.00 0.00 0.00 0.00 0.00 0.00 0.00 0.00 0.00 0.00 0.00 0.00 0.00 0.00 0.00 0.00 0.00 0.00 0.00 0.00 
0.00 0.00 0.00 0.00 0.00 0.00 0.00 0.00 0.00 0.00 0.00 0.00 0.00 0.00 0.00 0.00 0.00 0.00 0.00 0.00 
0.00 0.00 0.00 0.00 0.00 0.00 0.00 0.00 0.00 0.00 0.00 0.00 0.00 0.00 0.00 0.00 0.00 0.00 0.00 0.00 
0.00 0.00 0.00 0.00 0.00 0.00 0.00 0.00 0.00 0.00 0.00 0.00 0.00 0.00 0.00 0.00 0.00 0.00 0.00 0.00 
0.00 0.00 0.00 0.00 0.00 0.00 0.00 0.00 0.00 0.00 0.00 0.00 0.00 0.00 0.00 0.00 0.00 0.00 0.00 0.00 
0.00 0.00 0.00 0.00 0.00 0.00 0.00 0.00 0.00 0.00 0.00 0.00 0.00 0.00 0.00 0.00 0.00 0.00 0.00 0.00 
0.00 0.00 0.00 0.00 0.00 0.00 0.00 0.00 0.00 0.00 0.00 0.00 0.00 0.00 0.00 0.00 0.00 0.00 0.00 0.00 
0.00 0.00 0.00 0.00 0.00 0.00 0.00 0.00 0.00 0.00 0.00 0.00 0.00 0.00 0.00 0.00 0.00 0.00 0.00 0.00 
0.00 0.00 0.00 0.00 0.00 0.00 0.00 0.00 0.00 0.00 0.00 0.00 0.00 0.00 0.00 0.00 0.00 0.00 0.00 0.00 
0.00 0.00 0.00 0.00 0.00 0.00 0.00 0.00 0.00 0.00 0.00 0.00 0.00 0.00 0.00 0.00 0.00 0.00 0.00 0.00 
0.00 0.00 0.00 0.00 0.00 0.00 0.00 0.00 0.00 0.00 0.00 0.00 0.00 0.00 0.00 0.00 0.00 0.00 0.00 0.00 
0.00 0.00 0.00 0.00 0.00 0.00 0.00 0.00 0.00 0.00 0.00 0.00 0.00 0.00 0.00 0.00 0.00 0.00 0.00 0.00 
0.00 0.00 0.00 0.00 0.00 0.00 0.00 0.00 0.00 0.00 0.00 0.00 0.00 0.00 0.00 0.00 0.00 0.00 0.00 0.00 
0.00 0.00 0.00 0.00 0.00 0.00 0.00 0.00 0.00 0.00 0.00 0.00 0.00 0.00 0.00 0.00 0.00 0.00 0.00 0.00 
0.00 0.00 0.00 0.00 0.00 0.00 0.00 0.00 0.00 0.00 0.00 0.00 0.00 0.00 0.00 0.00 0.00 0.00 0.00 0.00 
0.00 0.00 0.00 0.00 0.00 0.00 0.00 0.00 0.00 0.00 0.00 0.00 0.00 0.00 0.00 0.00 0.00 0.00 0.00 0.00 
0.00 0.00 0.00 0.00 0.00 0.00 0.00 0.00 0.00 0.00 0.00 0.00 0.00 0.00 0.00 0.00 0.00 0.00 0.00 0.00 
0.00 0.00 0.00 0.00 0.00 0.00 0.00 0.00 0.00 0.00 0.00 0.00 0.00 0.00 0.00 0.00 0.00 0.00 0.00 0.00 
0.00 0.00 0.00 0.00 0.00 0.00 0.00 0.00 0.00 0.00 0.00 0.00 0.00 0.00 0.00 0.00 0.00 0.00 0.00 0.00 
0.00 0.00 0.00 0.00 0.00 0.00 0.00 0.00 0.00 0.00 0.00 0.00 0.00 0.00 0.00 0.00 0.00 0.00 0.00 0.00 
0.00 0.00 0.00 0.00 0.00 0.00 0.00 0.00 0.00 0.00 0.00 0.00 0.00 0.00 0.00 0.00 0.00 0.00 0.00 0.00 
0.00 0.00 0.00 0.00 0.00 0.00 0.00 0.00 0.00 0.00 0.00 0.00 0.00 0.00 0.00 0.00 0.00 0.00 0.00 0.00 
0.00 0.00 0.00 0.00 0.00 0.00 0.00 0.00 0.00 0.00 0.00 0.00 0.00 0.00 0.00 0.00 0.00 0.00 0.00 0.00 
0.00 0.00 0.00 0.00 0.00 0.00 0.00 0.00 0.00 0.00 0.00 0.00 0.00 0.00 0.00 0.00 0.00 0.00 0.00 0.00 
0.00 0.00 0.00 0.00 0.00 0.00 0.00 0.00 0.00 0.00 0.00 0.00 0.00 0.00 0.00 0.00 0.00 0.00 0.00 0.00 
0.00 0.00 0.00 0.00 0.00 0.00 0.00 0.00 0.00 0.00 0.00 0.00 0.00 0.00 0.00 0.00 0.00 0.00 0.00 0.00 
0.00 0.00 0.00 0.00 0.00 0.00 0.00 0.00 0.00 0.00 0.00 0.00 0.00 0.00 0.00 0.00 0.00 0.00 0.00 0.00 
0.00 0.00 0.00 0.00 0.00 0.00 0.00 0.00 0.00 0.00 0.00 0.00 0.00 0.00 0.00 0.00 0.00 0.00 0.00 0.00 
0.00 0.00 0.00 0.00 0.00 0.00 0.00 0.00 0.00 0.00 0.00 0.00 0.00 0.00 0.00 0.00 0.00 0.00 0.00 0.00 
0.00 0.00 0.00 0.00 0.00 0.00 0.00 0.00 0.00 0.00 0.00 0.00 0.00 0.00 0.00 0.00 0.00 0.00 0.00 0.00 
0.00 0.00 0.00 0.00 0.00 0.00 0.00 0.00 0.00 0.00 0.00 0.00 0.00 0.00 0.00 0.00 0.00 0.00 0.00 0.00 
0.00 0.00 0.00 0.00 0.00 0.00 0.00 0.00 0.00 0.00 0.00 0.00 0.00 0.00 0.00 0.00 0.00 0.00 0.00 0.00 
0.00 0.00 0.00 0.00 0.00 0.00 0.00 0.00 0.00 0.00 0.00 0.00 0.00 0.00 0.00 0.00 0.00 0.00 0.00 0.00 
0.00 0.00 0.00 0.00 0.00 0.00 0.00 0.00 0.00 0.00 0.00 0.00 0.00 0.00 0.00 0.00 0.00 0.00 0.00 0.00 
0.00 0.00 0.00 0.00 0.00 0.00 0.00 0.00 0.00 0.00 0.00 0.00 0.00 0.00 0.00 0.00 0.00 0.00 0.00 0.00 
0.00 0.00 0.00 0.00 0.00 0.00 0.00 0.00 0.00 0.00 0.00 0.00 0.00 0.00 0.00 0.00 0.00 0.00 0.00 0.00 
0.00 0.00 0.00 0.00 0.00 0.00 0.00 0.00 0.00 0.00 0.00 0.00 0.00 0.00 0.00 0.00 0.00 0.00 0.00 0.00 
0.00 0.00 0.00 0.00 0.00 0.00 0.00 0.00 0.00 0.00 0.00 0.00 0.00 0.00 0.00 0.00 0.00 0.00 0.00 0.00 
0.00 0.00 0.00 0.00 0.00 0.00 0.00 0.00 0.00 0.00 0.00 0.00 0.00 0.00 0.00 0.00 0.00 0.00 0.00 0.00 
0.00 0.00 0.00 0.00 0.00 0.00 0.00 0.00 0.00 0.00 0.00 0.00 0.00 0.00 0.00 0.00 0.00 0.00 0.00 0.00 
0.00 0.00 0.00 0.00 0.00 0.00 0.00 0.00 0.00 0.00 0.00 0.00 0.00 0.00 0.00 0.00 0.00 0.00 0.00 0.00 
0.00 0.00 0.00 0.00 0.00 0.00 0.00 0.00 0.00 0.00 0.00 0.00 0.00 0.00 0.00 0.00 0.00 0.00 0.00 0.00 
0.00 0.00 0.00 0.00 0.00 0.00 0.00 0.00 0.00 0.00 0.00 0.00 0.00 0.00 0.00 0.00 0.00 0.00 0.00 0.00 
0.00 0.00 0.00 0.00 0.00 0.00 0.00 0.00 0.00 0.00 0.00 0.00 0.00 0.00 0.00 0.00 0.00 0.00 0.00 0.00 
0.00 0.00 0.00 0.00 0.00 0.00 0.00 0.00 0.00 0.00 0.00 0.00 0.00 0.00 0.00 0.00 0.00 0.00 0.00 0.00 
0.00 0.00 0.00 0.00 0.00 0.00 0.00 0.00 0.00 0.00 0.00 0.00 0.00 0.00 0.00 0.00 0.00 0.00 0.00 0.00 
0.00 0.00 0.00 0.00 0.00 0.00 0.00 0.00 0.00 0.00 0.00 0.00 0.00 0.00 0.00 0.00 0.00 0.00 0.00 0.00 
0.00 0.00 0.00 0.00 0.00 0.00 0.00 0.00 0.00 0.00 0.00 0.00 0.00 0.00 0.00 0.00 0.00 0.00 0.00 0.00 
0.00 0.00 0.00 0.00 0.00 0.00 0.00 0.00 0.00 0.00 0.00 0.00 0.00 0.00 0.00 0.00 0.00 0.00 0.00 0.00 
0.00 0.00 0.00 0.00 0.00 0.00 0.00 0.00 0.00 0.00 0.00 0.00 0.00 0.00 0.00 0.00 0.00 0.00 0.00 0.00 
0.00 0.00 0.00 0.00 0.00 0.00 0.00 0.00 0.00 0.00 0.00 0.00 0.00 0.00 0.00 0.00 0.00 0.00 0.00 0.00 
0.00 0.00 0.00 0.00 0.00 0.00 0.00 0.00 0.00 0.00 0.00 0.00 0.00 0.00 0.00 0.00 0.00 0.00 0.00 0.00 
0.00 0.00 0.00 0.00 0.00 0.00 0.00 0.00 0.00 0.00 0.00 0.00 0.00 0.00 0.00 0.00 0.00 0.00 0.00 0.00 
0.00 0.00 0.00 0.00 0.00 0.00 0.00 0.00 0.00 0.00 0.00 0.00 0.00 0.00 0.00 0.00 0.00 0.00 0.00 0.00 
0.00 0.00 0.00 0.00 0.00 0.00 0.00 0.00 0.00 0.00 0.00 0.00 0.00 0.00 0.00 0.00 0.00 0.00 0.00 0.00 
0.00 0.00 0.00 0.00 0.00 0.00 0.00 0.00 0.00 0.00 0.00 0.00 0.00 0.00 0.00 0.00 0.00 0.00 0.00 0.00 
0.00 0.00 0.00 0.00 0.00 0.00 0.00 0.00 0.00 0.00 0.00 0.00 0.00 0.00 0.00 0.00 0.00 0.00 0.00 0.00 
0.00 0.00 0.00 0.00 0.00 0.00 0.00 0.00 0.00 0.00 0.00 0.00 0.00 0.00 0.00 0.00 0.00 0.00 0.00 0.00 
0.00 0.00 0.00 0.00 0.00 0.00 0.00 0.00 0.00 0.00 0.00 0.00 0.00 0.00 0.00 0.00 0.00 0.00 0.00 0.00 
0.00 0.00 0.00 0.00 0.00 0.00 0.00 0.00 0.00 0.00 0.00 0.00 0.00 0.00 0.00 0.00 0.00 0.00 0.00 0.00 
0.00 0.00 0.00 0.00 0.00 0.00 0.00 0.00 0.00 0.00 0.00 0.00 0.00 0.00 0.00 0.00 0.00 0.00 0.00 0.00 
0.00 0.00 0.00 0.00 0.00 0.00 0.00 0.00 0.00 0.00 0.00 0.00 0.00 0.00 0.00 0.00 0.00 0.00 0.00 0.00 
0.00 0.00 0.00 0.00 0.00 0.00 0.00 0.00 0.00 0.00 0.00 0.00 0.00 0.00 0.00 0.00 0.00 0.00 0.00 0.00 
0.00 0.00 0.00 0.00 0.00 0.00 0.00 0.00 0.00 0.00 0.00 0.00 0.00 0.00 0.00 0.00 0.00 0.00 0.00 0.00 
0.00 0.00 0.00 0.00 0.00 0.00 0.00 0.00 0.00 0.00 0.00 0.00 0.00 0.00 0.00 0.00 0.00 0.00 0.00 0.00 
0.00 0.00 0.00 0.00 0.00 0.00 0.00 0.00 0.00 0.00 0.00 0.00 0.00 0.00 0.00 0.00 0.00 0.00 0.00 0.00 
0.00 0.00 0.00 0.00 0.00 0.00 0.00 0.00 0.00 0.00 0.00 0.00 0.00 0.00 0.00 0.00 0.00 0.00 0.00 0.00 
0.00 0.00 0.00 0.00 0.00 0.00 0.00 0.00 0.00 0.00 0.00 0.00 0.00 0.00 0.00 0.00 0.00 0.00 0.00 0.00 
0.00 0.00 0.00 0.00 0.00 0.00 0.00 0.00 0.00 0.00 0.00 0.00 0.00 0.00 0.00 0.00 0.00 0.00 0.00 0.00 
0.00 0.00 0.00 0.00 0.00 0.00 0.00 0.00 0.00 0.00 0.00 0.00 0.00 0.00 0.00 0.00 0.00 0.00 0.00 0.00 
0.00 0.00 0.00 0.00 0.00 0.00 0.00 0.00 0.00 0.00 0.00 0.00 0.00 0.00 0.00 0.00 0.00 0.00 0.00 0.00 
0.00 0.00 0.00 0.00 0.00 0.00 0.00 0.00 0.00 0.00 0.00 0.00 0.00 0.00 0.00 0.00 0.00 0.00 0.00 0.00 
0.00 0.00 0.00 0.00 0.00 0.00 0.00 0.00 0.00 0.00 0.00 0.00 0.00 0.00 0.00 0.00 0.00 0.00 0.00 0.00 
0.00 0.00 0.00 0.00 0.00 0.00 0.00 0.00 0.00 0.00 0.00 0.00 0.00 0.00 0.00 0.00 0.00 0.00 0.00 0.00 
0.00 0.00 0.00 0.00 0.00 0.00 0.00 0.00 0.00 0.00 0.00 0.00 0.00 0.00 0.00 0.00 0.00 0.00 0.00 0.00 
0.00 0.00 0.00 0.00 0.00 0.00 0.00 0.00 0.00 0.00 0.00 0.00 0.00 0.00 0.00 0.00 0.00 0.00 0.00 0.00 
0.00 0.00 0.00 0.00 0.00 0.00 0.00 0.00 0.00 0.00 0.00 0.00 0.00 0.00 0.00 0.00 0.00 0.00 0.00 0.00 
0.00 0.00 0.00 0.00 0.00 0.00 0.00 0.00 0.00 0.00 0.00 0.00 0.00 0.00 0.00 0.00 0.00 0.00 0.00 0.00 
0.00 0.00 0.00 0.00 0.00 0.00 0.00 0.00 0.00 0.00 0.00 0.00 0.00 0.00 0.00 0.00 0.00 0.00 0.00 0.00 
0.00 0.00 0.00 0.00 0.00 0.00 0.00 0.00 0.00 0.00 0.00 0.00 0.00 0.00 0.00 0.00 0.00 0.00 0.00 0.00 
0.00 0.00 0.00 0.00 0.00 0.00 0.00 0.00 0.00 0.00 0.00 0.00 0.00 0.00 0.00 0.00 0.00 0.00 0.00 0.00 
0.00 0.00 0.00 0.00 0.00 0.00 0.00 0.00 0.00 0.00 0.00 0.00 0.00 0.00 0.00 0.00 0.00 0.00 0.00 0.00 
0.00 0.00 0.00 0.00 0.00 0.00 0.00 0.00 0.00 0.00 0.00 0.00 0.00 0.00 0.00 0.00 0.00 0.00 0.00 0.00 
0.00 0.00 0.00 0.00 0.00 0.00 0.00 0.00 0.00 0.00 0.00 0.00 0.00 0.00 0.00 0.00 0.00 0.00 0.00 0.00 
0.00 0.00 0.00 0.00 0.00 0.00 0.00 0.00 0.00 0.00 0.00 0.00 0.00 0.00 0.00 0.00 0.00 0.00 0.00 0.00 
0.00 0.00 0.00 0.00 0.00 0.00 0.00 0.00 0.00 0.00 0.00 0.00 0.00 0.00 0.00 0.00 0.00 0.00 0.00 0.00 
0.00 0.00 0.00 0.00 0.00 0.00 0.00 0.00 0.00 0.00 0.00 0.00 0.00 0.00 0.00 0.00 0.00 0.00 0.00 0.00 
0.00 0.00 0.00 0.00 0.00 0.00 0.00 0.00 0.00 0.00 0.00 0.00 0.00 0.00 0.00 0.00 0.00 0.00 0.00 0.00 
0.00 0.00 0.00 0.00 0.00 0.00 0.00 0.00 0.00 0.00 0.00 0.00 0.00 0.00 0.00 0.00 0.00 0.00 0.00 0.00 
0.00 0.00 0.00 0.00 0.00 0.00 0.00 0.00 0.00 0.00 0.00 0.00 0.00 0.00 0.00 0.00 0.00 0.00 0.00 0.00 
0.00 0.00 0.00 0.00 0.00 0.00 0.00 0.00 0.00 0.00 0.00 0.00 0.00 0.00 0.00 0.00 0.00 0.00 0.00 0.00 
0.00 0.00 0.00 0.00 0.00 0.00 0.00 0.00 0.00 0.00 0.00 0.00 0.00 0.00 0.00 0.00 0.00 0.00 0.00 0.00 
0.00 0.00 0.00 0.00 0.00 0.00 0.00 0.00 0.00 0.00 0.00 0.00 0.00 0.00 0.00 0.00 0.00 0.00 0.00 0.00 
0.00 0.00 0.00 0.00 0.00 0.00 0.00 0.00 0.00 0.00 0.00 0.00 0.00 0.00 0.00 0.00 0.00 0.00 0.00 0.00 
0.00 0.00 0.00 0.00 0.00 0.00 0.00 0.00 0.00 0.00 0.00 0.00 0.00 0.00 0.00 0.00 0.00 0.00 0.00 0.00 
0.00 0.00 0.00 0.00 0.00 0.00 0.00 0.00 0.00 0.00 0.00 0.00 0.00 0.00 0.00 0.00 0.00 0.00 0.00 0.00 
0.00 0.00 0.00 0.00 0.00 0.00 0.00 0.00 0.00 0.00 0.00 0.00 0.00 0.00 0.00 0.00 0.00 0.00 0.00 0.00 
0.00 0.00 0.00 0.00 0.00 0.00 0.00 0.00 0.00 0.00 0.00 0.00 0.00 0.00 0.00 0.00 0.00 0.00 0.00 0.00 
0.00 0.00 0.00 0.00 0.00 0.00 0.00 0.00 0.00 0.00 0.00 0.00 0.00 0.00 0.00 0.00 0.00 0.00 0.00 0.00 
0.00 0.00 0.00 0.00 0.00 0.00 0.00 0.00 0.00 0.00 0.00 0.00 0.00 0.00 0.00 0.00 0.00 0.00 0.00 0.00 
0.00 0.00 0.00 0.00 0.00 0.00 0.00 0.00 0.00 0.00 0.00 0.00 0.00 0.00 0.00 0.00 0.00 0.00 0.00 0.00 
0.00 0.00 0.00 0.00 0.00 0.00 0.00 0.00 0.00 0.00 0.00 0.00 0.00 0.00 0.00 0.00 0.00 0.00 0.00 0.00 
end   dump: w
==END   DUMP_ARRAYS==
==BEGIN DUMP_ARRAYS==
begin dump: w
7800.39 467899264.00 514591136.00 592647360.00 678224704.00 767039104.00 857852032.00 949067904.00 1040713920.00 1133574272.00 1225485440.00 1318933248.00 1411652480.00 1504878080.00 1597733760.00 1690860032.00 1783268864.00 1877690880.00 1970664576.00 2064159616.00 
2156222208.00 2251074560.00 2344338176.00 2437946624.00 2530739200.00 2623075328.00 2718228736.00 2811447040.00 2904895744.00 2998798336.00 3091447808.00 3185058560.00 3276936704.00 3372665088.00 3466278656.00 3559476992.00 3652873216.00 3746778624.00 3840191488.00 3933890560.00 
4024675072.00 4121042944.00 4214528000.00 4307159552.00 4401615360.00 4495041024.00 4589263360.00 4682209792.00 4774898176.00 4869501952.00 4959675904.00 5056648192.00 5150271488.00 5243988992.00 5337100288.00 5430739456.00 5524063744.00 5618116608.00 5712273920.00 5805638144.00 
5897584640.00 5992314880.00 6085745152.00 6180357632.00 6271079936.00 6366375424.00 6460306944.00 6553979392.00 6647568896.00 6742023168.00 6834120704.00 6927915008.00 7021457920.00 7115736576.00 7208739840.00 7301086720.00 7396217856.00 7490315264.00 7583547904.00 7677261824.00 
7765225984.00 7864357376.00 7957940224.00 8051501056.00 8144985600.00 8238169088.00 8331877376.00 8426867712.00 8519114752.00 8613583872.00 8706215936.00 8800889856.00 8893997056.00 8985488384.00 9081120768.00 9174377472.00 9266256896.00 9361987584.00 9455649792.00 9549017088.00 
9635864576.00 9736259584.00 9829896192.00 9923373056.00 10016807936.00 10110372864.00 10204443648.00 10298083328.00 10390865920.00 10485245952.00 10578137088.00 10671817728.00 10765001728.00 10860112896.00 10953034752.00 11046639616.00 11140614144.00 11233923072.00 11327889408.00 11421347840.00 
11512127488.00 11608207360.00 11702054912.00 11795415040.00 11889017856.00 11974057984.00 12076796928.00 12171529216.00 12261516288.00 12354399232.00 12450343936.00 12544412672.00 12637982720.00 12731543552.00 12825396224.00 12918724608.00 13012077568.00 13106399232.00 13201291264.00 13293756416.00 
13385672704.00 13480506368.00 13573924864.00 13668678656.00 13760437248.00 13854756864.00 13948831744.00 14042083328.00 14134900736.00 14229760000.00 14319655936.00 14417266688.00 14509933568.00 14603403264.00 14698275840.00 14790875136.00 14884594688.00 14978564096.00 15071946752.00 15165528064.00 
15248018432.00 15352989696.00 15446417408.00 15539919872.00 15633467392.00 15727067136.00 15820616704.00 15914973184.00 16007587840.00 16100469760.00 16194554880.00 16288924672.00 16382100480.00 16475958272.00 16571619328.00 16661745664.00 16755912704.00 16851338240.00 16944224256.00 17037527040.00 
17129989120.00 17225197568.00 17319526400.00 17411772416.00 17505462272.00 17599229952.00 17691998208.00 17786687488.00 17880070144.00 17973952512.00 18066507776.00 18161422336.00 18252630016.00 18348437504.00 18441916416.00 18534852608.00 18628904960.00 18722627584.00 18815844352.00 18909403136.00 
18989576192.00 19096983552.00 19190388736.00 19284494336.00 19377766400.00 19470966784.00 19565015040.00 19658977280.00 19751358464.00 19846141952.00 19938635776.00 20033861632.00 20126803968.00 20220430336.00 20314165248.00 20407328768.00 20500609024.00 20595054592.00 20688381952.00 20782026752.00 
20874358784.00 20969687040.00 21061707776.00 21157158912.00 21248147456.00 21342220288.00 21437579264.00 21531136000.00 21624477696.00 21718267904.00 21811294208.00 21905373184.00 21998751744.00 22091819008.00 22186039296.00 22278602752.00 22373752832.00 22467149824.00 22560647168.00 22654580736.00 
22742513664.00 22841948160.00 22935093248.00 23029078016.00 23122321408.00 23216076800.00 23309449216.00 23403431936.00 23496259584.00 23590242304.00 23666442240.00 23778058240.00 23871375360.00 23965071360.00 24059209728.00 24151887872.00 24243636224.00 24339265536.00 24431523840.00 24527278080.00 
24618883072.00 24714010624.00 24807186432.00 24900956160.00 24994099200.00 25087840256.00 25181270016.00 25276704768.00 25369153536.00 25462800384.00 25555789824.00 25649702912.00 25742553088.00 25837531136.00 25931284480.00 26022608896.00 26118547456.00 26211731456.00 26305333248.00 26398164992.00 
26489653248.00 26586163200.00 26679490560.00 26773204992.00 26866399232.00 26959630336.00 27055669248.00 27148468224.00 27239323648.00 27335135232.00 27428046848.00 27522535424.00 27615684608.00 27709628416.00 27802822656.00 27896315904.00 27989391360.00 28084045824.00 28177506304.00 28270999552.00 
28357740544.00 28458207232.00 28551958528.00 28644814848.00 28738043904.00 28832286720.00 28925843456.00 29019369472.00 29115045888.00 29207492608.00 29300353024.00 29394493440.00 29487566848.00 29581594624.00 29675368448.00 29768679424.00 29862535168.00 29956106240.00 30049730560.00 30143088640.00 
30225741824.00 30330861568.00 30424066048.00 30517897216.00 30610972672.00 30703335424.00 30798499840.00 30892181504.00 30985408512.00 31079032832.00 31172317184.00 31266381824.00 31359600640.00 31452006400.00 31548397568.00 31641194496.00 31733837824.00 31828750336.00 31921362944.00 32017125376.00 
32107812864.00 32202766336.00 32296192000.00 32390432768.00 32483047424.00 32576991232.00 32670709760.00 32764315648.00 32858839040.00 32952320000.00 33041780736.00 33139046400.00 33230303232.00 33327400960.00 33420015616.00 33512925184.00 33606703104.00 33700507648.00 33793974272.00 33888188416.00 
33978521600.00 34074730496.00 34168309760.00 34261073920.00 34357727232.00 34449694720.00 34543026176.00 34637025280.00 34729402368.00 34823680000.00 34916892672.00 35011186688.00 35104108544.00 35198377984.00 35291975680.00 35376713728.00 35478687744.00 35572801536.00 35666382848.00 35760005120.00 
35852124160.00 35951648768.00 36040871936.00 36134924288.00 36225921024.00 36321402880.00 36415320064.00 36508004352.00 36602286080.00 36696166400.00 36788953088.00 36883484672.00 36976287744.00 37070471168.00 37164027904.00 37257248768.00 37350903808.00 37444833280.00 37537980416.00 37631176704.00 
37697728512.00 37820153856.00 37913227264.00 38006915072.00 38100127744.00 38193614848.00 38287572992.00 38381285376.00 38474174464.00 38568509440.00 38661218304.00 38755741696.00 38848991232.00 38942662656.00 39036821504.00 39129747456.00 39221440512.00 39317377024.00 39410946048.00 39504289792.00 
39596523520.00 39686860800.00 39785447424.00 39878897664.00 39972093952.00 40064446464.00 40159678464.00 40253333504.00 40346664960.00 40440819712.00 40533585920.00 40627736576.00 40720261120.00 40815210496.00 40908591104.00 41002065920.00 41095544832.00 41189629952.00 41282949120.00 41376108544.00 
41467355136.00 41563725824.00 41657319424.00 41750650880.00 41842089984.00 41940119552.00 42032680960.00 42126008320.00 42217299968.00 42313469952.00 42403225600.00 42500243456.00 42593607680.00 42687479808.00 42780880896.00 42874347520.00 42967719936.00 43061342208.00 43155021824.00 43247566848.00 
43341254656.00 43436003328.00 43529949184.00 43623612416.00 43716042752.00 43809992704.00 43903832064.00 43997478912.00 44091129856.00 44185063424.00 44277583872.00 44372959232.00 44465594368.00 44559597568.00 44653060096.00 44745093120.00 44839907328.00 44933812224.00 45027762176.00 45121110016.00 
45203677184.00 45308338176.00 45402091520.00 45495644160.00 45588983808.00 45683073024.00 45776789504.00 45870161920.00 45963366400.00 46057504768.00 46150344704.00 46244487168.00 46337867776.00 46431784960.00 46525202432.00 46618546176.00 46711287808.00 46805786624.00 46899265536.00 46992109568.00 
47052111872.00 47182118912.00 47274897408.00 47368826880.00 47461347328.00 47555067904.00 47648792576.00 47742132224.00 47836151808.00 47929430016.00 48022573056.00 48116826112.00 48208297984.00 48304443392.00 48397565952.00 48490917888.00 48583979008.00 48677933056.00 48772308992.00 48865812480.00 
48956534784.00 49052626944.00 49147097088.00 49240055808.00 49333559296.00 49425715200.00 49520816128.00 49614794752.00 49707098112.00 49801707520.00 49894764544.00 49989120000.00 50082115584.00 50175041536.00 50270351360.00 50363355136.00 50456662016.00 50550775808.00 50644029440.00 50737364992.00 
50830196736.00 50925240320.00 51018620928.00 51112423424.00 51203768320.00 51298959360.00 51393564672.00 51486113792.00 51580448768.00 51672285184.00 51764211712.00 51861139456.00 51954688000.00 52048920576.00 52142120960.00 52235374592.00 52329222144.00 52423221248.00 52516052992.00 52609994752.00 
52698157056.00 52797382656.00 52891136000.00 52984549376.00 53077831680.00 53171392512.00 53265014784.00 53358776320.00 53451747328.00 53545451520.00 53638049792.00 53729177600.00 53830213632.00 53921751040.00 54015160320.00 54106746880.00 54199791616.00 54295646208.00 54388977664.00 54482821120.00 
54574862336.00 54669352960.00 54763413504.00 54857236480.00 54950117376.00 55043813376.00 55137972224.00 55231270912.00 55324532736.00 55418695680.00 55511539712.00 55605846016.00 55698255872.00 55793348608.00 55886561280.00 55979859968.00 56073818112.00 56166162432.00 56260845568.00 56354467840.00 
56434327552.00 56541937664.00 56635441152.00 56729120768.00 56822579200.00 56916017152.00 57008529408.00 57103314944.00 57194987520.00 57291173888.00 57383657472.00 57478025216.00 57571258368.00 57665048576.00 57758552064.00 57850830848.00 57946402816.00 58039934976.00 58133483520.00 58226728960.00 
58319237120.00 58413862912.00 58507616256.00 58601480192.00 58693869568.00 58779947008.00 58882203648.00 58975805440.00 59069157376.00 59163095040.00 59255918592.00 59349852160.00 59443937280.00 59537895424.00 59630977024.00 59724709888.00 59818082304.00 59911733248.00 60005380096.00 60099010560.00 
60181544960.00 60286390272.00 60380463104.00 60473737216.00 60566892544.00 60659965952.00 60754354176.00 60847812608.00 60941094912.00 61035298816.00 61125398528.00 61222174720.00 61315874816.00 61409054720.00 61503315968.00 61596561408.00 61689384960.00 61783666688.00 61877411840.00 61970911232.00 
62063366144.00 62158266368.00 62251679744.00 62345347072.00 62438129664.00 62531366912.00 62622814208.00 62728085504.00 62815727616.00 62908674048.00 63001272320.00 63095308288.00 63186591744.00 63282368512.00 63375925248.00 63467745280.00 63562604544.00 63656865792.00 63750864896.00 63843848192.00 
63934693376.00 64031309824.00 64124555264.00 64218886144.00 64311619584.00 64405164032.00 64499224576.00 64592736256.00 64685129728.00 64780111872.00 64873062400.00 64967258112.00 65060462592.00 65154228224.00 65247768576.00 65341075456.00 65435152384.00 65528897536.00 65622540288.00 65715707904.00 
65802534912.00 65902960640.00 65996820480.00 66090315776.00 66181664768.00 66277003264.00 66373865472.00 66465173504.00 66558464000.00 66652217344.00 66745090048.00 66838929408.00 66932387840.00 67026538496.00 67119738880.00 67213553664.00 67307106304.00 67401293824.00 67495608320.00 67588145152.00 
67676200960.00 67775287296.00 67868798976.00 67962503168.00 68055883776.00 68147851264.00 68242911232.00 68334374912.00 68431249408.00 68524568576.00 68617568256.00 68711751680.00 68804943872.00 68898824192.00 68992483328.00 69085798400.00 69177475072.00 69273608192.00 69366685696.00 69460180992.00 
69552578560.00 69647949824.00 69741240320.00 69834792960.00 69927755776.00 70021865472.00 70115565568.00 70209495040.00 70302621696.00 70395871232.00 70472564736.00 70584147968.00 70676439040.00 70771097600.00 70864674816.00 70957989888.00 71051599872.00 71145668608.00 71239000064.00 71332691968.00 
71423459328.00 71519764480.00 71615520768.00 71706714112.00 71800307712.00 71893983232.00 71988731904.00 72081383424.00 72172912640.00 72268136448.00 72361852928.00 72455905280.00 72549752832.00 72643010560.00 72736276480.00 72828796928.00 72923365376.00 73017704448.00 73111379968.00 73204768768.00 
73297027072.00 73391841280.00 73485606912.00 73579331584.00 73671712768.00 73765978112.00 73859956736.00 73953779712.00 74047078400.00 74140909568.00 74233643008.00 74327949312.00 74420961280.00 74514784256.00 74608394240.00 74701594624.00 74795147264.00 74888839168.00 74981670912.00 75073462272.00 
75114618880.00 75268030464.00 75359666176.00 75452751872.00 75545886720.00 75639177216.00 75733000192.00 75826176000.00 75919523840.00 76014624768.00 76106539008.00 76201033728.00 76294021120.00 76387237888.00 76481396736.00 76575006720.00 76667609088.00 76762226688.00 76855738368.00 76949602304.00 
77041754112.00 77136707584.00 77230391296.00 77323771904.00 77417177088.00 77509353472.00 77604626432.00 77697990656.00 77791985664.00 77885505536.00 77978451968.00 78072774656.00 78164189184.00 78259658752.00 78353784832.00 78447034368.00 78540677120.00 78634278912.00 78727995392.00 78821703680.00 
78912454656.00 79008817152.00 79100002304.00 79196495872.00 79289540608.00 79382921216.00 79476785152.00 79570518016.00 79663013888.00 79757918208.00 79847915520.00 79944400896.00 80038354944.00 80132087808.00 80225853440.00 80319062016.00 80412270592.00 80503308288.00 80600678400.00 80693895168.00 
80786243584.00 80881303552.00 80974741504.00 81068531712.00 81159847936.00 81255686144.00 81349517312.00 81443266560.00 81536090112.00 81629757440.00 81723400192.00 81817370624.00 81910497280.00 82004393984.00 82098077696.00 82182799360.00 82285109248.00 82378465280.00 82471378944.00 82566127616.00 
82654101504.00 82753331200.00 82846785536.00 82940354560.00 83033948160.00 83127386112.00 83220996096.00 83314532352.00 83406962688.00 83512655872.00 83596230656.00 83690258432.00 83783163904.00 83877011456.00 83970351104.00 84063854592.00 84155449344.00 84251254784.00 84345757696.00 84438499328.00 
84525162496.00 84625768448.00 84719394816.00 84812660736.00 84905984000.00 84999847936.00 85093646336.00 85187338240.00 85280677888.00 85372485632.00 85467627520.00 85561851904.00 85654306816.00 85748834304.00 85842296832.00 85935923200.00 86029328384.00 86123765760.00 86216237056.00 86310805504.00 
86401335296.00 86497599488.00 86591070208.00 86677913600.00 86779076608.00 86870802432.00 86966132736.00 87059652608.00 87151042560.00 87246651392.00 87339548672.00 87433904128.00 87527317504.00 87620730880.00 87714791424.00 87807991808.00 87901265920.00 87995670528.00 88089182208.00 88182734848.00 
88274911232.00 88368332800.00 88463974400.00 88557363200.00 88649990144.00 88744206336.00 88838103040.00 88931909632.00 89025175552.00 89118777344.00 89209053184.00 89306144768.00 89398706176.00 89493872640.00 89586950144.00 89680437248.00 89774080000.00 89867862016.00 89961406464.00 90055049216.00 
90137550848.00 90242441216.00 90335404032.00 90430341120.00 90522927104.00 90616356864.00 90710441984.00 90803666944.00 90897055744.00 90990993408.00 91084365824.00 91178360832.00 91271872512.00 91368038400.00 91459289088.00 91551031296.00 91645353984.00 91739930624.00 91833688064.00 91926978560.00 
92019499008.00 92114059264.00 92207947776.00 92301533184.00 92394668032.00 92488581120.00 92582264832.00 92674834432.00 92769386496.00 92862881792.00 92956008448.00 93050306560.00 93141508096.00 93237239808.00 93330612224.00 93423763456.00 93517250560.00 93610688512.00 93703192576.00 93793738752.00 
93823090688.00 93992689664.00 94083301376.00 94176010240.00 94268956672.00 94362066944.00 94456037376.00 94549876736.00 94641823744.00 94735499264.00 94829232128.00 94924333056.00 95016681472.00 95110799360.00 95203909632.00 95297667072.00 95391014912.00 95485460480.00 95578521600.00 95672025088.00 
95764430848.00 95859195904.00 95952855040.00 96046350336.00 96138043392.00 96232022016.00 96327475200.00 96420356096.00 96514269184.00 96608305152.00 96701095936.00 96795377664.00 96888217600.00 96982835200.00 97075822592.00 97169670144.00 97263214592.00 97353646080.00 97450762240.00 97544568832.00 
97632305152.00 97731461120.00 97824522240.00 97918312448.00 98012397568.00 98105597952.00 98199248896.00 98293260288.00 98386280448.00 98480209920.00 98570412032.00 98667380736.00 98760613888.00 98855378944.00 98948382720.00 99041935360.00 99133472768.00 99229704192.00 99322748928.00 99416776704.00 
99508789248.00 99603480576.00 99697262592.00 99790790656.00 99883827200.00 99977658368.00 100071079936.00 100166533120.00 100258979840.00 100352786432.00 100445650944.00 100539817984.00 100632363008.00 100726784000.00 100820574208.00 100912480256.00 101007351808.00 101103124480.00 101194694656.00 101288878080.00 
101379612672.00 101475041280.00 101569544192.00 101662908416.00 101756510208.00 101850021888.00 101943754752.00 102037676032.00 102128918528.00 102224117760.00 102317015040.00 102420447232.00 102506110976.00 102599573504.00 102692716544.00 102786392064.00 102879748096.00 102973833216.00 103066402816.00 103161044992.00 
103247601664.00 103348174848.00 103441448960.00 103535206400.00 103628054528.00 103722303488.00 103816183808.00 103909679104.00 104003215360.00 104097005568.00 104189968384.00 104281686016.00 104377696256.00 104471429120.00 104565219328.00 104658452480.00 104751964160.00 104845901824.00 104939134976.00 105033244672.00 
105115615232.00 105220317184.00 105314091008.00 105407602688.00 105501016064.00 105586204672.00 105688301568.00 105782067200.00 105874890752.00 105968984064.00 106062143488.00 106156580864.00 106249469952.00 106343555072.00 106437042176.00 106530422784.00 106623295488.00 106717888512.00 106811408384.00 106905067520.00 
106997047296.00 107091591168.00 107184054272.00 107293130752.00 107374542848.00 107467743232.00 107561050112.00 107654635520.00 107748073472.00 107841740800.00 107931746304.00 108029255680.00 108120244224.00 108216008704.00 108309864448.00 108403064832.00 108496691200.00 108590202880.00 108684541952.00 108777693184.00 
108868526080.00 108964757504.00 109058310144.00 109152428032.00 109245464576.00 109338992640.00 109432807424.00 109526958080.00 109619183616.00 109713580032.00 109806747648.00 109901234176.00 109994352640.00 110088208384.00 110181761024.00 110273626112.00 110367842304.00 110463197184.00 110556495872.00 110650105856.00 
110742249472.00 110837153792.00 110930878464.00 111024234496.00 111115730944.00 111210725376.00 111305089024.00 111398952960.00 111492202496.00 111585640448.00 111678947328.00 111772958720.00 111866322944.00 111962046464.00 112053280768.00 112147300352.00 112240730112.00 112334594048.00 112428097536.00 112521355264.00 
112587825152.00 112710262784.00 112803258368.00 112896229376.00 112990240768.00 113083703296.00 113177436160.00 113271111680.00 113364140032.00 113458003968.00 113551171584.00 113644773376.00 113738137600.00 113833099264.00 113925963776.00 114019557376.00 114111217664.00 114206564352.00 114300985344.00 114394218496.00 
114486640640.00 114581381120.00 114674761728.00 114768846848.00 114861867008.00 114954313728.00 115049431040.00 115143737344.00 115236626432.00 115330498560.00 115422879744.00 115520036864.00 115610664960.00 115705200640.00 115798376448.00 115891945472.00 115985743872.00 116079411200.00 116172423168.00 116266721280.00 
116357423104.00 116453900288.00 116547338240.00 116640972800.00 116734484480.00 116828028928.00 116921950208.00 117015371776.00 117106745344.00 117202354176.00 117278859264.00 117390213120.00 117483470848.00 117576146944.00 117670674432.00 117764472832.00 117857484800.00 117951152128.00 118045171712.00 118138740736.00 
118230974464.00 118326009856.00 118419496960.00 118511706112.00 118606028800.00 118700449792.00 118794395648.00 118887882752.00 118980927488.00 119075102720.00 119167991808.00 119261831168.00 119355072512.00 119449927680.00 119542849536.00 119634968576.00 119729954816.00 119824195584.00 119917125632.00 120011112448.00 
120093458432.00 120198332416.00 120291598336.00 120383676416.00 120479047680.00 120572346368.00 120666644480.00 120760057856.00 120852881408.00 120947007488.00 121039765504.00 121134088192.00 121227583488.00 121321627648.00 121414524928.00 121508601856.00 121601392640.00 121695731712.00 121789472768.00 121883189248.00 
121969917952.00 122070564864.00 122163789824.00 122257563648.00 122350632960.00 122444554240.00 122538098688.00 122632003584.00 122725277696.00 122818879488.00 122912104448.00 123006361600.00 123097899008.00 123193769984.00 123286880256.00 123380260864.00 123474214912.00 123567833088.00 123661279232.00 123755347968.00 
123845705728.00 123942002688.00 124035448832.00 124129288192.00 124222611456.00 124314263552.00 124409487360.00 124502769664.00 124595273728.00 124689342464.00 124781805568.00 124874735616.00 124964659200.00 125035266048.00 125175308288.00 125259227136.00 125350477824.00 125443440640.00 125536190464.00 125629652992.00 
125721657344.00 125816438784.00 125909827584.00 126003380224.00 126094589952.00 126190247936.00 126283915264.00 126377713664.00 126470864896.00 126564450304.00 126654824448.00 126752333824.00 126844723200.00 126939332608.00 127032467456.00 127125839872.00 127219769344.00 127312945152.00 127406800896.00 127500771328.00 
127588524032.00 127687983104.00 127781322752.00 127874981888.00 127968395264.00 128061702144.00 128155820032.00 128249274368.00 128342441984.00 128436658176.00 128529620992.00 128623681536.00 128717225984.00 128811032576.00 128904388608.00 128989380608.00 129089617920.00 129184841728.00 129279025152.00 129372332032.00 
129464819712.00 129559977984.00 129653424128.00 129746911232.00 129840037888.00 129934229504.00 130027913216.00 130121719808.00 130214895616.00 130308751360.00 130401583104.00 130495340544.00 130588639232.00 130683117568.00 130776776704.00 130869862400.00 130963824640.00 131057565696.00 131150987264.00 131244474368.00 
131324338176.00 131432022016.00 131525468160.00 131619463168.00 131712679936.00 131806085120.00 131900162048.00 131993763840.00 132085080064.00 132180631552.00 132273487872.00 132367376384.00 132462821376.00 132555530240.00 132649009152.00 132742299648.00 132835762176.00 132929888256.00 133023440896.00 133116813312.00 
133209358336.00 133303828480.00 133397749760.00 133491384320.00 133583921152.00 133676916736.00 133772230656.00 133865635840.00 133958647808.00 134054182912.00 134146260992.00 134240362496.00 134333415424.00 134427860992.00 134521888768.00 134614532096.00 134708740096.00 134802137088.00 134895534080.00 134988865536.00 
135071719424.00 135176937472.00 135269875712.00 135363534848.00 135456833536.00 135550509056.00 135644274688.00 135738163200.00 135831142400.00 135925309440.00 136015364096.00 136112766976.00 136205869056.00 136299339776.00 136392081408.00 136488255488.00 136580128768.00 136674582528.00 136767864832.00 136861409280.00 
136953815040.00 137048932352.00 137142386688.00 137235644416.00 137328943104.00 137422897152.00 137516564480.00 137610592256.00 137703882752.00 137797615616.00 137890398208.00 137984884736.00 138076143616.00 138171629568.00 138266198016.00 138357735424.00 138452631552.00 138546757632.00 138639851520.00 138734469120.00 
138824482816.00 138920591360.00 139014406144.00 139108139008.00 139201609728.00 139294949376.00 139388977152.00 139482497024.00 139574968320.00 139669618688.00 139762696192.00 139856904192.00 139950309376.00 140044091392.00 140138151936.00 140230967296.00 140324306944.00 140418138112.00 140511510528.00 140604866560.00 
140664520704.00 140794724352.00 140887457792.00 140980649984.00 141072203776.00 141167624192.00 141261307904.00 141355024384.00 141448396800.00 141542359040.00 141635256320.00 141729005568.00 141822509056.00 141916192768.00 142010122240.00 142103412736.00 142196998144.00 142290665472.00 142384496640.00 142479327232.00 
142566162432.00 142665334784.00 142758805504.00 142852456448.00 142947008512.00 143038185472.00 143133179904.00 143226978304.00 143320154112.00 143414181888.00 143507243008.00 143601696768.00 143695298560.00 143788605440.00 143882223616.00 143975743488.00 144067198976.00 144162897920.00 144255696896.00 144351281152.00 
144442982400.00 144538025984.00 144631332864.00 144725180416.00 144818159616.00 144911810560.00 145005330432.00 145099407360.00 145192697856.00 145286512640.00 145376739328.00 145471913984.00 145566154752.00 145661116416.00 145754390528.00 145847549952.00 145942085632.00 146035572736.00 146129043456.00 146222563328.00 
146313625600.00 146412126208.00 146503237632.00 146597068800.00 146690375680.00 146783305728.00 146878070784.00 146970673152.00 147063062528.00 147158499328.00 147251642368.00 147345932288.00 147439501312.00 147532791808.00 147626704896.00 147718602752.00 147813810176.00 147907477504.00 148001538048.00 148095942656.00 
148187103232.00 148281933824.00 148375764992.00 148469006336.00 148561870848.00 148656390144.00 148749811712.00 148843659264.00 148937031680.00 149030436864.00 149123514368.00 149218000896.00 149310881792.00 149405040640.00 149498609664.00 149591703552.00 149685338112.00 149778694144.00 149871542272.00 149963489280.00 
150004547584.00 150158098432.00 150249717760.00 150343106560.00 150435823616.00 150529343488.00 150622928896.00 150716563456.00 150809591808.00 150903390208.00 150996516864.00 151090528256.00 151184375808.00 151278092288.00 151370645504.00 151464886272.00 151557783552.00 151650222080.00 151746396160.00 151838441472.00 
151931977728.00 152026644480.00 152120410112.00 152213667840.00 152306991104.00 152392613888.00 152494424064.00 152588435456.00 152681775104.00 152775557120.00 152868732928.00 152962859008.00 153054281728.00 153149997056.00 153243582464.00 153336774656.00 153430228992.00 153524600832.00 153617956864.00 153711788032.00 
153802604544.00 153896501248.00 153992331264.00 154086375424.00 154179485696.00 154272940032.00 154366689280.00 154454999040.00 154553434112.00 154648068096.00 154737868800.00 154834927616.00 154928185344.00 155022655488.00 155115601920.00 155208663040.00 155302658048.00 155396587520.00 155490123776.00 155583922176.00 
155676065792.00 155770765312.00 155864743936.00 155958345728.00 156049473536.00 156145057792.00 156238381056.00 156334817280.00 156426567680.00 156520382464.00 156613165056.00 156707487744.00 156800368640.00 156894167040.00 156987801600.00 157079945216.00 157175250944.00 157268852736.00 157362700288.00 157454958592.00 
157544153088.00 157643210752.00 157736960000.00 157830774784.00 157922770944.00 158017732608.00 158111465472.00 158204870656.00 158298390528.00 158392451072.00 158484987904.00 158579326976.00 158672404480.00 158766743552.00 158860345344.00 158953832448.00 159045238784.00 159143854080.00 159234506752.00 159328567296.00 
159414992896.00 159515852800.00 159608881152.00 159703203840.00 159795707904.00 159889768448.00 159983566848.00 160076578816.00 160170557440.00 160264241152.00 160357056512.00 160451395584.00 160543555584.00 160637517824.00 160725909504.00 160828325888.00 160920682496.00 161014284288.00 161107279872.00 161200291840.00 
161291780096.00 161388150784.00 161481490432.00 161575174144.00 161668448256.00 161760854016.00 161855766528.00 161949630464.00 162041266176.00 162136965120.00 162229878784.00 162324611072.00 162417541120.00 162511273984.00 162605187072.00 162698477568.00 162791473152.00 162885337088.00 162979266560.00 163071688704.00 
163165372416.00 163259973632.00 163353870336.00 163447046144.00 163539959808.00 163634397184.00 163727884288.00 163821600768.00 163915284480.00 164008853504.00 164084908032.00 164196106240.00 164289413120.00 164383571968.00 164476928000.00 164570447872.00 164663656448.00 164757176320.00 164851433472.00 164945133568.00 
165027479552.00 165131976704.00 165225971712.00 165319557120.00 165412962304.00 165506859008.00 165600509952.00 165694062592.00 165787516928.00 165881085952.00 165974114304.00 166069157888.00 166161514496.00 166255607808.00 166349127680.00 166440878080.00 166534856704.00 166628753408.00 166728728576.00 166818152448.00 
166910115840.00 167004667904.00 167098433536.00 167191986176.00 167285112832.00 167378747392.00 167472709632.00 167566196736.00 167659601920.00 167753482240.00 167846477824.00 167940407296.00 168032174080.00 168126840832.00 168221573120.00 168314830848.00 168409055232.00 168502263808.00 168595865600.00 168689565696.00 
168769241088.00 168877096960.00 168970616832.00 169064120320.00 169157984256.00 169250979840.00 169344745472.00 169438773248.00 169530916864.00 169625649152.00 169718775808.00 169813016576.00 169906520064.00 169999990784.00 170093756416.00 170186883072.00 170280288256.00 170374053888.00 170464034816.00 170562961408.00 
170654613504.00 170749263872.00 170842898432.00 170936320000.00 171027791872.00 171121983488.00 171216551936.00 171310972928.00 171404427264.00 171498291200.00 171591057408.00 171685675008.00 171778146304.00 171872043008.00 171966349312.00 172059377664.00 172152684544.00 172246794240.00 172340772864.00 172434309120.00 
172522127360.00 172620988416.00 172714606592.00 172807897088.00 172901957632.00 172995084288.00 173085786112.00 173183664128.00 173276397568.00 173370327040.00 173460389888.00 173557678080.00 173651034112.00 173744898048.00 173838385152.00 173931511808.00 174023229440.00 174118289408.00 174212644864.00 174306328576.00 
174398488576.00 174493433856.00 174586609664.00 174679687168.00 174773731328.00 174867447808.00 174960902144.00 175056306176.00 175148843008.00 175242706944.00 175335374848.00 175430352896.00 175522021376.00 175616835584.00 175710404608.00 175795404800.00 175897591808.00 175991128064.00 176084893696.00 176178380800.00 
176269230080.00 176365649920.00 176458629120.00 176553492480.00 176646307840.00 176739958784.00 176833658880.00 176927424512.00 177018994688.00 177115152384.00 177207541760.00 177302077440.00 177395204096.00 177488805888.00 177582391296.00 177676861440.00 177769512960.00 177863589888.00 177957093376.00 178051743744.00 
178137530368.00 178238914560.00 178331369472.00 178425151488.00 178517508096.00 178612994048.00 178706006016.00 178800099328.00 178893209600.00 178986647552.00 179079954432.00 179173965824.00 179267207168.00 179357515776.00 179455000576.00 179548536832.00 179642023936.00 179735887872.00 179829407744.00 179922599936.00 
180005535744.00 180110344192.00 180203798528.00 180296925184.00 180390576128.00 180482932736.00 180579794944.00 180671234048.00 180764966912.00 180859158528.00 180951941120.00 181042954240.00 181139767296.00 181233418240.00 181326856192.00 181420097536.00 181513256960.00 181607907328.00 181701574656.00 181794750464.00 
181887614976.00 181982281728.00 182075686912.00 182170075136.00 182262644736.00 182356721664.00 182451568640.00 182543892480.00 182637543424.00 182731161600.00 182821421056.00 182917857280.00 183009804288.00 183105323008.00 183198973952.00 183292395520.00 183386308608.00 183480139776.00 183573413888.00 183667195904.00 
183758094336.00 183854284800.00 183947870208.00 184041783296.00 184134959104.00 184228773888.00 184322064384.00 184416141312.00 184508530688.00 184603181056.00 184696209408.00 184789123072.00 184883593216.00 184977686528.00 185070321664.00 185162907648.00 185258016768.00 185350701056.00 185444761600.00 185539002368.00 
185630965760.00 185725992960.00 185819758592.00 185912983552.00 186004537344.00 186100039680.00 186193477632.00 186286833664.00 186380156928.00 186473988096.00 186566656000.00 186660896768.00 186753515520.00 186847428608.00 186940276736.00 187032797184.00 187125694464.00 187217149952.00 187306590208.00 187388837888.00 
187364917248.00 187622932480.00 187704737792.00 187794604032.00 187885928448.00 187978252288.00 188071297024.00 188164308992.00 188256993280.00 188351102976.00 188443410432.00 188537372672.00 188630810624.00 188724625408.00 188818194432.00 188911255552.00 189002956800.00 189098917888.00 189191536640.00 189285433344.00 
189377822720.00 189472571392.00 189566517248.00 189661036544.00 189752885248.00 189845323776.00 189941039104.00 190034247680.00 190127505408.00 190222450688.00 190314184704.00 190408392704.00 190501060608.00 190595383296.00 190689280000.00 190782144512.00 190876368896.00 190969905152.00 191063506944.00 191157272576.00 
191248039936.00 191344508928.00 191438061568.00 191531368448.00 191625052160.00 191718883328.00 191812222976.00 191906283520.00 191997460480.00 192093650944.00 192183255040.00 192280510464.00 192373964800.00 192467828736.00 192559923200.00 192654540800.00 192748011520.00 192841744384.00 192935559168.00 193029472256.00 
193121501184.00 193216380928.00 193309999104.00 193403600896.00 193496170496.00 193590689792.00 193684488192.00 193777975296.00 193871331328.00 193968668672.00 194058272768.00 194152562688.00 194245738496.00 194340306944.00 194431893504.00 194525511680.00 194620620800.00 194714501120.00 194807840768.00 194901295104.00 
194983886848.00 195089022976.00 195182198784.00 195275702272.00 195369025536.00 195462447104.00 195556507648.00 195654516736.00 195743432704.00 195837493248.00 195930324992.00 196025122816.00 196118134784.00 196211376128.00 196305289216.00 196398170112.00 196491886592.00 196586438656.00 196679892992.00 196772741120.00 
196860231680.00 196959846400.00 197054119936.00 197147803648.00 197241012224.00 197334089728.00 197428920320.00 197522964480.00 197615616000.00 197709725696.00 197802819584.00 197896503296.00 197988302848.00 198084067328.00 198177767424.00 198271303680.00 198364807168.00 198458261504.00 198552862720.00 198645809152.00 
198736756736.00 198833143808.00 198926680064.00 199020232704.00 199113588736.00 199198605312.00 199300956160.00 199394918400.00 199487062016.00 199581220864.00 199674773504.00 199768702976.00 199862468608.00 199955169280.00 200050606080.00 200143749120.00 200236859392.00 200332328960.00 200424538112.00 200518008832.00 
200610447360.00 200705507328.00 200798781440.00 200893038592.00 200984182784.00 201079586816.00 201173368832.00 201266937856.00 201360277504.00 201454239744.00 201544269824.00 201640968192.00 201734111232.00 201828073472.00 201925279744.00 202016178176.00 202109288448.00 202203512832.00 202296934400.00 202390847488.00 
202478354432.00 202577575936.00 202670669824.00 202764795904.00 202858528768.00 202951606272.00 203045060608.00 203139497984.00 203232460800.00 203325931520.00 203419533312.00 203513249792.00 203607031808.00 203700715520.00 203794841600.00 203886231552.00 203979522048.00 204075253760.00 204168593408.00 204262244352.00 
204354650112.00 204448825344.00 204547457024.00 204637749248.00 204730286080.00 204823887872.00 204917899264.00 205011402752.00 205104922624.00 205198917632.00 205291585536.00 205385760768.00 205478559744.00 205572784128.00 205666484224.00 205759987712.00 205853097984.00 205947092992.00 206041006080.00 206134476800.00 
206214283264.00 206321860608.00 206415560704.00 206509359104.00 206601977856.00 206696087552.00 206789902336.00 206884388864.00 206975156224.00 207071166464.00 207163768832.00 207257976832.00 207351513088.00 207445180416.00 207538585600.00 207632252928.00 207725576192.00 207820029952.00 207913074688.00 208006905856.00 
208098902016.00 208193552384.00 208282419200.00 208382885888.00 208474619904.00 208567369728.00 208662462464.00 208755785728.00 208849551360.00 208942727168.00 209036247040.00 209130323968.00 209223467008.00 209317625856.00 209411096576.00 209504354304.00 209598218240.00 209692016640.00 209785683968.00 209879793664.00 
209961680896.00 210066358272.00 210159845376.00 210254544896.00 210347458560.00 210440814592.00 210534678528.00 210628001792.00 210721144832.00 210815336448.00 210891685888.00 211002802176.00 211096027136.00 211189972992.00 211283558400.00 211376685056.00 211469565952.00 211564544000.00 211657506816.00 211751534592.00 
211843710976.00 211939983360.00 212032536576.00 212126236672.00 212218871808.00 212312702976.00 212406468608.00 212500348928.00 212593475584.00 212687142912.00 212780089344.00 212875051008.00 212965916672.00 213062270976.00 213155561472.00 213247541248.00 213342633984.00 213436416000.00 213529919488.00 213623308288.00 
213714321408.00 213811347456.00 213903949824.00 213997453312.00 214090350592.00 214182379520.00 214285762560.00 214374023168.00 214465789952.00 214560456704.00 214653403136.00 214747709440.00 214840492032.00 214935044096.00 215027843072.00 215121215488.00 215214686208.00 215308664832.00 215402577920.00 215495671808.00 
215582785536.00 215683203072.00 215776952320.00 215867654144.00 215961681920.00 216057200640.00 216150966272.00 216244633600.00 216338825216.00 216432459776.00 216525242368.00 216618778624.00 216712478720.00 216806572032.00 216899911680.00 216993251328.00 217088409600.00 217180864512.00 217274449920.00 217368313856.00 
217456050176.00 217556664320.00 217648807936.00 217742622720.00 217836044288.00 217928138752.00 218023411712.00 218117193728.00 218210107392.00 218304413696.00 218397229056.00 218491076608.00 218584432640.00 218676920320.00 218773241856.00 218866171904.00 218957774848.00 219053391872.00 219146731520.00 219240841216.00 
219332935680.00 219427602432.00 219521400832.00 219615035392.00 219707916288.00 219802484736.00 219895808000.00 219989213184.00 220082864128.00 220176695296.00 220266659840.00 220363702272.00 220456075264.00 220556673024.00 220645113856.00 220738224128.00 220831514624.00 220925296640.00 221018980352.00 221115023360.00 
221203464192.00 221299867648.00 221393387520.00 221486874624.00 221580771328.00 221674340352.00 221767860224.00 221861658624.00 221953130496.00 222048911360.00 222141349888.00 222236262400.00 222329126912.00 222423269376.00 222516985856.00 222601560064.00 222703452160.00 222797889536.00 222891081728.00 222985043968.00 
223077122048.00 223172837376.00 223264915456.00 223361138688.00 223451955200.00 223546064896.00 223640993792.00 223733071872.00 223826640896.00 223921094656.00 224013516800.00 224107888640.00 224200884224.00 224294830080.00 224388366336.00 224481722368.00 224575094784.00 224668614656.00 224761757696.00 224853409792.00 
224894812160.00 225047986176.00 225139720192.00 225232896000.00 225325744128.00 225419378688.00 225512636416.00 225606270976.00 225699495936.00 225793703936.00 225886748672.00 225981071360.00 226074312704.00 226168193024.00 226261712896.00 226354577408.00 226447671296.00 226542469120.00 226635972608.00 226729836544.00 
226821750784.00 226915631104.00 227010002944.00 227103981568.00 227196649472.00 227289382912.00 227384868864.00 227478323200.00 227571449856.00 227665756160.00 227758473216.00 227852713984.00 227944218624.00 228040704000.00 228133158912.00 228227743744.00 228320657408.00 228414636032.00 228508041216.00 228599562240.00 
228692770816.00 228789010432.00 228882481152.00 228975984640.00 229068947456.00 229163696128.00 229257134080.00 229350621184.00 229443338240.00 229539774464.00 229627985920.00 229725028352.00 229818630144.00 229912264704.00 230006145024.00 230099255296.00 230192644096.00 230286458880.00 230380404736.00 230473269248.00 
230566002688.00 230660128768.00 230755631104.00 230848905216.00 230940246016.00 231035518976.00 231129251840.00 231222853632.00 231315881984.00 231410008064.00 231502921728.00 231597342720.00 231690649600.00 231784562688.00 231878246400.00 231969914880.00 232063975424.00 232159346688.00 232252571648.00 232346402816.00 
232434286592.00 232532279296.00 232626896896.00 232720875520.00 232813871104.00 232907685888.00 233001271296.00 233095397376.00 233188327424.00 233282568192.00 233375383552.00 233469607936.00 233563013120.00 233656778752.00 233750167552.00 233843359744.00 233934913536.00 234030891008.00 234123968512.00 234217062400.00 
234277339136.00 234407018496.00 234499899392.00 234593484800.00 234686332928.00 234780049408.00 234873192448.00 234967482368.00 235060903936.00 235155030016.00 235247747072.00 235342004224.00 235434688512.00 235529076736.00 235622531072.00 235715854336.00 235809488896.00 235903467520.00 235996889088.00 236090834944.00 
236181372928.00 236277268480.00 236371591168.00 236464717824.00 236558663680.00 236650496000.00 236745080832.00 236839944192.00 236931022848.00 237027033088.00 237119913984.00 237214023680.00 237307723776.00 237400932352.00 237494910976.00 237588119552.00 237681360896.00 237776011264.00 237869318144.00 237962608640.00 
238055358464.00 238150090752.00 238243479552.00 238336983040.00 238429716480.00 238522810368.00 238619361280.00 238712225792.00 238805450752.00 238898610176.00 238989443072.00 239086256128.00 239179546624.00 239273312256.00 239367356416.00 239460352000.00 239554314240.00 239648047104.00 239741566976.00 239834546176.00 
239917596672.00 240022454272.00 240115941376.00 240209461248.00 240302473216.00 240396615680.00 240489463808.00 240583786496.00 240677306368.00 240771350528.00 240864018432.00 240957456384.00 241052729344.00 241146019840.00 241239490560.00 241331306496.00 241425186816.00 241520197632.00 241614061568.00 241707761664.00 
241799397376.00 241894768640.00 241988124672.00 242081579008.00 242174902272.00 242268700672.00 242362597376.00 242456346624.00 242548572160.00 242644303872.00 242736578560.00 242831015936.00 242922274816.00 243017990144.00 243111641088.00 243205029888.00 243298680832.00 243392053248.00 243485900800.00 243579568128.00 
243659309056.00 243767033856.00 243860766720.00 243954040832.00 244047642624.00 244141375488.00 244234502144.00 244328464384.00 244420739072.00 244516290560.00 244608729088.00 244703051776.00 244796506112.00 244890009600.00 244983644160.00 245076672512.00 245170634752.00 245264728064.00 245357953024.00 245451735040.00 
245544075264.00 245639446528.00 245732343808.00 245826895872.00 245917515776.00 246004973568.00 246107029504.00 246200352768.00 246293725184.00 246387851264.00 246480535552.00 246575054848.00 246668673024.00 246762389504.00 246855581696.00 246949314560.00 247042850816.00 247136731136.00 247230349312.00 247323410432.00 
247411965952.00 247510990848.00 247604396032.00 247698636800.00 247791222784.00 247885070336.00 247979163648.00 248071946240.00 248165826560.00 248259493888.00 248349638656.00 248447123456.00 248540102656.00 248633802752.00 248727404544.00 248820793344.00 248912625664.00 249008390144.00 249101549568.00 249195020288.00 
249287573504.00 249381650432.00 249475186688.00 249568215040.00 249660047360.00 249751617536.00 249836568576.00 249976700928.00 250046496768.00 250136690688.00 250228473856.00 250322190336.00 250414546944.00 250509033472.00 250601586688.00 250693779456.00 250788642816.00 250882244608.00 250975928320.00 251069284352.00 
251160199168.00 251256209408.00 251350106112.00 251443871744.00 251537129472.00 251630682112.00 251724791808.00 251817836544.00 251909373952.00 252005105664.00 252098084864.00 252192636928.00 252285714432.00 252379725824.00 252473868288.00 252566732800.00 252660252672.00 252754264064.00 252847489024.00 252941271040.00 
253028073472.00 253128294400.00 253222158336.00 253315874816.00 253408083968.00 253502439424.00 253596909568.00 253689937920.00 253783556096.00 253877747712.00 253970268160.00 254064590848.00 254157586432.00 254251548672.00 254344806400.00 254438637568.00 254532288512.00 254627774464.00 254720376832.00 254813257728.00 
254895915008.00 255000510464.00 255094145024.00 255187435520.00 255281070080.00 255373115392.00 255468453888.00 255561777152.00 255655510016.00 255749849088.00 255842467840.00 255936397312.00 256030130176.00 256123748352.00 256217235456.00 256310427648.00 256403374080.00 256499908608.00 256592216064.00 256685490176.00 
256778190848.00 256872742912.00 256966377472.00 257060503552.00 257152974848.00 257246380032.00 257340719104.00 257435238400.00 257527742464.00 257621557248.00 257697677312.00 257808924672.00 257900429312.00 257996324864.00 258089222144.00 258183479296.00 258276999168.00 258370387968.00 258464169984.00 258557853696.00 
258648408064.00 258745090048.00 258839003136.00 258932146176.00 259025240064.00 259118989312.00 259213115392.00 259306553344.00 259398975488.00 259491610624.00 259587571712.00 259681468416.00 259774824448.00 259867754496.00 259961946112.00 260053794816.00 260148920320.00 260242931712.00 260336484352.00 260430561280.00 
260522377216.00 260617289728.00 260710268928.00 260805083136.00 260896112640.00 260991467520.00 261085528064.00 261178785792.00 261272436736.00 261366956032.00 261459165184.00 261553831936.00 261646270464.00 261740331008.00 261834276864.00 261927387136.00 262021070848.00 262115246080.00 262208208896.00 262301450240.00 
262367723520.00 262490521600.00 262583353344.00 262677118976.00 262770393088.00 262863683584.00 262958170112.00 263049854976.00 263144030208.00 263238844416.00 263331446784.00 263425851392.00 263518961664.00 263612596224.00 263706198016.00 263800307712.00 263891468288.00 263987560448.00 264080801792.00 264174338048.00 
264266727424.00 264361525248.00 264454979584.00 264548548608.00 264642822144.00 264734507008.00 264829878272.00 264923103232.00 265016688640.00 265110355968.00 265203646464.00 265297936384.00 265390145536.00 265484812288.00 265578807296.00 265671933952.00 265765584896.00 265859235840.00 265953148928.00 266046832640.00 
266137370624.00 266233937920.00 266326753280.00 266421387264.00 266514399232.00 266607869952.00 266701553664.00 266795499520.00 266886807552.00 266982014976.00 267072634880.00 267169693696.00 267263295488.00 267357093888.00 267450155008.00 267543298048.00 267636129792.00 267718475776.00 267827281920.00 267920080896.00 
268011749376.00 268106612736.00 268200050688.00 268293799936.00 268386009088.00 268480675840.00 268574474240.00 268667994112.00 268761792512.00 268855033856.00 268948307968.00 269042515968.00 269135544320.00 269229686784.00 269323026432.00 269407977472.00 269510180864.00 269604044800.00 269697122304.00 269791133696.00 
269873856512.00 269978435584.00 270072053760.00 270165770240.00 270259011584.00 270352384000.00 270446149632.00 270540341248.00 270632894464.00 270729936896.00 270820556800.00 270914797568.00 271007891456.00 271101837312.00 271194996736.00 271288549376.00 271381446656.00 271476523008.00 271569829888.00 271663284224.00 
271750086656.00 271850586112.00 271944957952.00 272037576704.00 272130834432.00 272224960512.00 272318578688.00 272412295168.00 272505176064.00 272591175680.00 272693231616.00 272787308544.00 272878501888.00 272973889536.00 273067622400.00 273161043968.00 273254744064.00 273348739072.00 273441832960.00 273536450560.00 
273626693632.00 273723015168.00 273816862720.00 273908334592.00 274003902464.00 274095669248.00 274190958592.00 274284707840.00 274377113600.00 274471927808.00 274564513792.00 274658869248.00 274752405504.00 274845007872.00 274940362752.00 275033587712.00 275126681600.00 275220922368.00 275314081792.00 275408191488.00 
275500269568.00 275594575872.00 275689046016.00 275781779456.00 275873857536.00 275969179648.00 276062928896.00 276155957248.00 276250558464.00 276344143872.00 276434255872.00 276531314688.00 276624179200.00 276718518272.00 276812169216.00 276905656320.00 276998848512.00 277093220352.00 277186740224.00 277280030720.00 
277368078336.00 277467004928.00 277560623104.00 277657911296.00 277747662848.00 277841444864.00 277935456256.00 278028615680.00 278122430464.00 278216310784.00 278309142528.00 278403383296.00 278496837632.00 278591209472.00 278684008448.00 278776250368.00 278869147648.00 278965157888.00 279058448384.00 279152197632.00 
279244505088.00 279339171840.00 279433084928.00 279526244352.00 279619764224.00 279713185792.00 279807655936.00 279900782592.00 279994531840.00 280087527424.00 280181014528.00 280276008960.00 280367628288.00 280461475840.00 280555552768.00 280648613888.00 280742297600.00 280835522560.00 280928092160.00 281019023360.00 
281048088576.00 281217859584.00 281308495872.00 281400934400.00 281493995520.00 281587384320.00 281680773120.00 281774391296.00 281865945088.00 281961201664.00 282054230016.00 282148700160.00 282241826816.00 282336952320.00 282429194240.00 282522583040.00 282616037376.00 282710114304.00 282803798016.00 282897317888.00 
282989658112.00 283084849152.00 283177648128.00 283271561216.00 283364196352.00 283457323008.00 283552317440.00 283643379712.00 283739455488.00 283833139200.00 283926003712.00 284020310016.00 284113338368.00 284207939584.00 284300836864.00 284394684416.00 284488433664.00 284581560320.00 284676063232.00 284768960512.00 
284851372032.00 284956557312.00 285049913344.00 285143597056.00 285236887552.00 285330669568.00 285424484352.00 285517774848.00 285611458560.00 285705371648.00 285795483648.00 285892968448.00 285985701888.00 286079909888.00 286173495296.00 286266687488.00 286359814144.00 286454710272.00 286547804160.00 286643585024.00 
286733926400.00 286829182976.00 286922506240.00 287015993344.00 287109283840.00 287203065856.00 287296749568.00 287390531584.00 287483789312.00 287578030080.00 287670829056.00 287764742144.00 287856197632.00 287951847424.00 288045301760.00 288137412608.00 288232112128.00 288333430784.00 288420429824.00 288514277376.00 
288604684288.00 288700825600.00 288795459584.00 288887832576.00 288981942272.00 289075396608.00 289169604608.00 289262993408.00 289355300864.00 289449967616.00 289542537216.00 289639268352.00 289730756608.00 289824210944.00 289918156800.00 290011185152.00 290104803328.00 290198978560.00 290292400128.00 290386018304.00 
290472558592.00 290573156352.00 290665922560.00 290760294400.00 290851717120.00 290946842624.00 291041083392.00 291134636032.00 291227860992.00 291320889344.00 291413786624.00 291498917888.00 291603611648.00 291696934912.00 291790356480.00 291883319296.00 291977396224.00 292071505920.00 292164468736.00 292258578432.00 
292346396672.00 292445519872.00 292539990016.00 292632952832.00 292726046720.00 292811341824.00 292913381376.00 293007228928.00 293100191744.00 293194268672.00 293286871040.00 293381832704.00 293474893824.00 293568282624.00 293661900800.00 293755158528.00 293847531520.00 293942657024.00 294036504576.00 294130450432.00 
294222823424.00 294317883392.00 294410911744.00 294508396544.00 294598475776.00 294691799040.00 294785712128.00 294879461376.00 294972719104.00 295067025408.00 295156809728.00 295253671936.00 295346274304.00 295441235968.00 295534624768.00 295627816960.00 295721762816.00 295815479296.00 295911424000.00 296002813952.00 
296093646848.00 296189853696.00 296283308032.00 296377188352.00 296470544384.00 296563671040.00 296657551360.00 296752087040.00 296843280384.00 296938733568.00 297031794688.00 297125871616.00 297218998272.00 297313730560.00 297407250432.00 297499000832.00 297593569280.00 297687875584.00 297781329920.00 297874980864.00 
297967026176.00 298062249984.00 298155868160.00 298249551872.00 298341990400.00 298436165632.00 298529882112.00 298624090112.00 298716921856.00 298810572800.00 298903633920.00 298996989952.00 299091230720.00 299185471488.00 299278565376.00 299371888640.00 299465375744.00 299558895616.00 299651760128.00 299743707136.00 
299784568832.00 299938250752.00 300029771776.00 300122734592.00 300215664640.00 300308987904.00 300403228672.00 300496912384.00 300589809664.00 300683821056.00 300776685568.00 300870729728.00 300964020224.00 301058228224.00 301151322112.00 301245136896.00 301338132480.00 301432307712.00 301525598208.00 301619806208.00 
301712015360.00 301806649344.00 301899808768.00 301993918464.00 302087241728.00 302179614720.00 302275067904.00 302368555008.00 302461550592.00 302555660288.00 302648459264.00 302743519232.00 302834286592.00 302930231296.00 303022637056.00 303116976128.00 303211020288.00 303304966144.00 303395864576.00 303491645440.00 
303582740480.00 303679012864.00 303772336128.00 303865856000.00 303959539712.00 304053092352.00 304147005440.00 304240394240.00 304333062144.00 304427335680.00 304504209408.00 304615653376.00 304708550656.00 304802168832.00 304895819776.00 304989143040.00 305082630144.00 305176870912.00 305270521856.00 305363320832.00 
305456185344.00 305551179776.00 305644666880.00 305737629696.00 305829806080.00 305925160960.00 306019106816.00 306112790528.00 306206081024.00 306300059648.00 306392825856.00 306486640640.00 306579439616.00 306677415936.00 306768740352.00 306860064768.00 306955223040.00 307048939520.00 307142557696.00 307235946496.00 
307324059648.00 307423608832.00 307516112896.00 307610288128.00 307704201216.00 307797295104.00 307892191232.00 307984957440.00 308078280704.00 308172881920.00 308265353216.00 308359331840.00 308452917248.00 308546633728.00 308637368320.00 308733739008.00 308825423872.00 308921171968.00 309014888448.00 309108572160.00 
309195079680.00 309296005120.00 309388967936.00 309482651648.00 309575581696.00 309669953536.00 309763637248.00 309857419264.00 309950644224.00 310044524544.00 310137061376.00 310231367680.00 310324199424.00 310418898944.00 310512254976.00 310605512704.00 310699458560.00 310792355840.00 310886727680.00 310980214784.00 
311071604736.00 311168106496.00 311260610560.00 311355047936.00 311448600576.00 311540219904.00 311635607552.00 311729061888.00 311820517376.00 311916232704.00 312009228288.00 312102715392.00 312195547136.00 312283627520.00 312388780032.00 312479907840.00 312572379136.00 312666259456.00 312759713792.00 312853495808.00 
312945278976.00 313040601088.00 313133891584.00 313227968512.00 313319915520.00 313414352896.00 313508265984.00 313602801664.00 313695404032.00 313789415424.00 313879363584.00 313976160256.00 314069581824.00 314163724288.00 314256785408.00 314351124480.00 314444021760.00 314538000384.00 314630766592.00 314725367808.00 
314807648256.00 314912866304.00 315005992960.00 315099807744.00 315193262080.00 315286585344.00 315380531200.00 315473887232.00 315566456832.00 315661910016.00 315754184704.00 315848359936.00 315941781504.00 316035891200.00 316128985088.00 316214149120.00 316315598848.00 316409872384.00 316503883776.00 316597927936.00 
316689580032.00 316785164288.00 316878356480.00 316971909120.00 317064118272.00 317160325120.00 317252829184.00 317346643968.00 317439836160.00 317533716480.00 317626679296.00 317720330240.00 317811851264.00 317908221952.00 318002888704.00 318095720448.00 318188781568.00 318282596352.00 318375886848.00 318469308416.00 
318549229568.00 318657003520.00 318750621696.00 318845517824.00 318937595904.00 319031214080.00 319124930560.00 319218450432.00 319311052800.00 319405588480.00 319498747904.00 319592890368.00 319686934528.00 319780519936.00 319873712128.00 319967199232.00 320060325888.00 320154140672.00 320248315904.00 320342523904.00 
320434241536.00 320528711680.00 320622264320.00 320715980800.00 320807206912.00 320901414912.00 320996179968.00 321089634304.00 321181057024.00 321282441216.00 321371930624.00 321466204160.00 321558937600.00 321652686848.00 321746272256.00 321839792128.00 321933410304.00 322027225088.00 322120646656.00 322214068224.00 
322302214144.00 322401796096.00 322495152128.00 322588409856.00 322682060800.00 322775613440.00 322869329920.00 322962554880.00 323055517696.00 323150446592.00 323240624128.00 323339517952.00 323430678528.00 323525672960.00 323618111488.00 323712090112.00 323803545600.00 323899097088.00 323993108480.00 324086366208.00 
324178870272.00 324274552832.00 324367712256.00 324460707840.00 324553965568.00 324647714816.00 324741005312.00 324836294656.00 324928798720.00 325022580736.00 325115707392.00 325210112000.00 325302091776.00 325396627456.00 325490409472.00 325582290944.00 325677547520.00 325771493376.00 325864292352.00 325958500352.00 
326049529856.00 326145671168.00 326239158272.00 326333595648.00 326427148288.00 326520012800.00 326613696512.00 326706987008.00 326798704640.00 326895108096.00 326987874304.00 327082180608.00 327175110656.00 327269679104.00 327362936832.00 327456161792.00 327549583360.00 327642742784.00 327736983552.00 327828963328.00 
327889321984.00 328019738624.00 328112013312.00 328205631488.00 328298102784.00 328392474624.00 328485961728.00 328579547136.00 328673329152.00 328767045632.00 328859975680.00 328954150912.00 329047867392.00 329141288960.00 329234579456.00 329327935488.00 329422077952.00 329516187648.00 329609707520.00 329703161856.00 
329785606144.00 329890725888.00 329983852544.00 330077765632.00 330171482112.00 330263494656.00 330358194176.00 330452041728.00 330544971776.00 330638688256.00 330732765184.00 330826285056.00 330920296448.00 331014078464.00 331107565568.00 331200954368.00 331293949952.00 331388092416.00 331481579520.00 331575459840.00 
331667701760.00 331764137984.00 331856707584.00 331949998080.00 332042600448.00 332136284160.00 332230426624.00 332323913728.00 332417499136.00 332511444992.00 332601753600.00 332698222592.00 332790202368.00 332885557248.00 332978978816.00 333070467072.00 333169229824.00 333260980224.00 333353975808.00 333448085504.00 
333538295808.00 333635452928.00 333728579584.00 333821968384.00 333915422720.00 334009106432.00 334102855680.00 334196080640.00 334289240064.00 334383448064.00 334476705792.00 334570749952.00 334664171520.00 334758215680.00 334851801088.00 334944043008.00 335038578688.00 335132393472.00 335225782272.00 335324905472.00 
335412166656.00 335507193856.00 335600123904.00 335694102528.00 335785787392.00 335881371648.00 335974432768.00 336069263360.00 336161996800.00 336255844352.00 336349298688.00 336443113472.00 336536600576.00 336630153216.00 336724197376.00 336817389568.00 336911171584.00 337004691456.00 337098178560.00 337191206912.00 
337257693184.00 337380573184.00 337473470464.00 337566793728.00 337660149760.00 337753800704.00 337847648256.00 337941168128.00 338034196480.00 338128273408.00 338221498368.00 338315575296.00 338409095168.00 338503729152.00 338596134912.00 338689458176.00 338781110272.00 338876694528.00 338970411008.00 339059900416.00 
339156959232.00 339251232768.00 339345244160.00 339439222784.00 339532447744.00 339617218560.00 339719421952.00 339813302272.00 339906953216.00 340000669696.00 340093239296.00 340187807744.00 340280147968.00 340374487040.00 340468269056.00 340561592320.00 340653801472.00 340750925824.00 340843528192.00 340937080832.00 
341028012032.00 341123596288.00 341217640448.00 341310963712.00 341404254208.00 341498527744.00 341591523328.00 341684125696.00 341777186816.00 341872738304.00 341962850304.00 342059581440.00 342152282112.00 342247538688.00 342340861952.00 342433693696.00 342527868928.00 342621257728.00 342715236352.00 342808821760.00 
342901227520.00 342993993728.00 343090069504.00 343182540800.00 343275732992.00 343369482240.00 343463165952.00 343559634944.00 343651778560.00 343745101824.00 343837835264.00 343932928000.00 344025006080.00 344119312384.00 344212832256.00 344305172480.00 344400134144.00 344493785088.00 344587403264.00 344680366080.00 
344763793408.00 344868880384.00 344961712128.00 345055166464.00 345148751872.00 345242599424.00 345335660544.00 345430425600.00 345522733056.00 345617104896.00 345710002176.00 345804177408.00 345896321024.00 345992232960.00 346085818368.00 346178617344.00 346271678464.00 346367033344.00 346459734016.00 346553122816.00 
346639990784.00 346740817920.00 346834173952.00 346927529984.00 347021672448.00 347114635264.00 347208843264.00 347302232064.00 347395522560.00 347489075200.00 347582595072.00 347676409856.00 347767865344.00 347863252992.00 347955462144.00 348051472384.00 348144402432.00 348238282752.00 348331933696.00 348425191424.00 
348516515840.00 348613410816.00 348706275328.00 348799959040.00 348892495872.00 348985917440.00 349080190976.00 349174169600.00 349267165184.00 349362225152.00 349454204928.00 349548806144.00 349642096640.00 349734731776.00 349830217728.00 349923311616.00 350016602112.00 350110515200.00 350204002304.00 350297882624.00 
350390157312.00 350484463616.00 350579720192.00 350672584704.00 350763548672.00 350859132928.00 350952390656.00 351046107136.00 351139659776.00 351233572864.00 351309955072.00 351421431808.00 351514427392.00 351608078336.00 351701762048.00 351795052544.00 351889227776.00 351982518272.00 352076333056.00 352169459712.00 
352257769472.00 352356532224.00 352450478080.00 352544227328.00 352637616128.00 352732512256.00 352825704448.00 352919977984.00 353011466240.00 353105969152.00 353199128576.00 353293500416.00 353386921984.00 353480343552.00 353573830656.00 353665875968.00 353759297536.00 353854652416.00 353949777920.00 354042085376.00 
354134097920.00 354229256192.00 354323070976.00 354416689152.00 354509815808.00 354604154880.00 354697445376.00 354790670336.00 354884386816.00 354978168832.00 355071688704.00 355165405184.00 355258171392.00 355352969216.00 355446259712.00 355540566016.00 355633463296.00 355727048704.00 355821223936.00 355914678272.00 
355994107904.00 356102045696.00 356195991552.00 356289249280.00 356382179328.00 356476256256.00 356569743360.00 356663558144.00 356754620416.00 356850466816.00 356943626240.00 357037441024.00 357130960896.00 357225103360.00 357319213056.00 357411979264.00 357505466368.00 357599870976.00 357692112896.00 357786419200.00 
357879119872.00 357974179840.00 358067470336.00 358160236544.00 358253527040.00 358346686464.00 358440534016.00 358535462912.00 358629048320.00 358722404352.00 358816284672.00 358911279104.00 359003095040.00 359097008128.00 359191183360.00 359283720192.00 359378059264.00 359471644672.00 359564967936.00 359658913792.00 
359741554688.00 359846182912.00 359939735552.00 360033026048.00 360126480384.00 360219836416.00 360313389056.00 360408350720.00 360500854784.00 360594243584.00 360685010944.00 360781545472.00 360876507136.00 360969535488.00 361062825984.00 361156509696.00 361249243136.00 361342795776.00 361437331456.00 361530785792.00 
361623027712.00 361717563392.00 361810067456.00 361905225728.00 361998516224.00 362092331008.00 362186080256.00 362279960576.00 362372988928.00 362467164160.00 362560028672.00 362657579008.00 362745561088.00 362840227840.00 362934730752.00 363020058624.00 363122524160.00 363216470016.00 363308941312.00 363403673600.00 
363494309888.00 363589926912.00 363683643392.00 363777982464.00 363870584832.00 363964071936.00 364058607616.00 364151767040.00 364244303872.00 364339232768.00 364432359424.00 364526239744.00 364620251136.00 364713476096.00 364807028736.00 364900876288.00 364994035712.00 365088079872.00 365181075456.00 365275414528.00 
365361758208.00 365462388736.00 365555351552.00 365649920000.00 365741080576.00 365837025280.00 365930283008.00 366025867264.00 366117453824.00 366210809856.00 366303805440.00 366398013440.00 366490877952.00 366584922112.00 366679556096.00 366772682752.00 366866202624.00 366960050176.00 367053504512.00 367147548672.00 
367235268608.00 367334588416.00 367427747840.00 367521431552.00 367614820352.00 367707193344.00 367802744832.00 367895674880.00 367988899840.00 368083435520.00 368176234496.00 368269426688.00 368363864064.00 368457515008.00 368551329792.00 368644915200.00 368736370688.00 368831561728.00 368925736960.00 369019355136.00 
369111367680.00 369206067200.00 369299423232.00 369393401856.00 369486266368.00 369580244992.00 369674420224.00 369768071168.00 369860673536.00 369955110912.00 370045026304.00 370142117888.00 370234720256.00 370329092096.00 370422382592.00 370516066304.00 370609455104.00 370704875520.00 370796724224.00 370890309632.00 
370981371904.00 371077611520.00 371170967552.00 371264815104.00 371358334976.00 371451920384.00 371545276416.00 371638403072.00 371730022400.00 371826196480.00 371919257600.00 372012810240.00 372106788864.00 372200636416.00 372293140480.00 372385284096.00 372479524864.00 372573929472.00 372666826752.00 372760248320.00 
372852654080.00 372947615744.00 373041168384.00 373134065664.00 373226078208.00 373319892992.00 373413969920.00 373506572288.00 373599666176.00 373692661760.00 373784969216.00 373877997568.00 373970305024.00 374062481408.00 374153478144.00 374243688448.00 374332719104.00 374419521536.00 374497017856.00 374543712256.00 
end   dump: w
==END   DUMP_ARRAYS==
Time in seconds = 0.075126
