Sender: LSF System <lsfadmin@polus-c4-ib.bmc.hpc.cs.msu.ru>
Subject: Job 494491: <./extra.o> in cluster <MSUCluster> Done

Job <./extra.o> was submitted from host <polus-ib.bmc.hpc.cs.msu.ru> by user <edu-cmc-skpod19-328-11> in cluster <MSUCluster> at Fri Nov 29 23:45:37 2019
Job was executed on host(s) <12*polus-c4-ib.bmc.hpc.cs.msu.ru>, in queue <short>, as user <edu-cmc-skpod19-328-11> in cluster <MSUCluster> at Fri Nov 29 23:48:51 2019
                            <5*polus-c3-ib.bmc.hpc.cs.msu.ru>
                            <2*polus-c2-ib.bmc.hpc.cs.msu.ru>
</home_edu/edu-cmc-skpod19-328/edu-cmc-skpod19-328-11> was used as the home directory.
</home_edu/edu-cmc-skpod19-328/edu-cmc-skpod19-328-11/dep_gemver> was used as the working directory.
Started at Fri Nov 29 23:48:51 2019
Terminated at Fri Nov 29 23:48:51 2019
Results reported at Fri Nov 29 23:48:51 2019

Your job looked like:

------------------------------------------------------------
# LSBATCH: User input
./extra.o
------------------------------------------------------------

Successfully completed.

Resource usage summary:

    CPU time :                                   9.76 sec.
    Max Memory :                                 4 MB
    Average Memory :                             2.00 MB
    Total Requested Memory :                     -
    Delta Memory :                               -
    Max Swap :                                   -
    Max Processes :                              1
    Max Threads :                                1
    Run time :                                   1 sec.
    Turnaround time :                            194 sec.

The output (if any) follows:

==BEGIN DUMP_ARRAYS==
begin dump: w
0.00 0.00 0.00 0.00 0.00 0.00 0.00 0.00 0.00 0.00 0.00 0.00 0.00 0.00 0.00 0.00 0.00 0.00 0.00 0.00 
0.00 0.00 0.00 0.00 0.00 0.00 0.00 0.00 0.00 0.00 0.00 0.00 0.00 0.00 0.00 0.00 0.00 0.00 0.00 0.00 
0.00 0.00 0.00 0.00 0.00 0.00 0.00 0.00 0.00 0.00 0.00 0.00 0.00 0.00 0.00 0.00 0.00 0.00 0.00 0.00 
0.00 0.00 0.00 0.00 0.00 0.00 0.00 0.00 0.00 0.00 0.00 0.00 0.00 0.00 0.00 0.00 0.00 0.00 0.00 0.00 
0.00 0.00 0.00 0.00 0.00 0.00 0.00 0.00 0.00 0.00 0.00 0.00 0.00 0.00 0.00 0.00 0.00 0.00 0.00 0.00 
0.00 0.00 0.00 0.00 0.00 0.00 0.00 0.00 0.00 0.00 0.00 0.00 0.00 0.00 0.00 0.00 0.00 0.00 0.00 0.00 
0.00 0.00 0.00 0.00 0.00 0.00 0.00 0.00 0.00 0.00 0.00 0.00 0.00 0.00 0.00 0.00 0.00 0.00 0.00 0.00 
0.00 0.00 0.00 0.00 0.00 0.00 0.00 0.00 0.00 0.00 0.00 0.00 0.00 0.00 0.00 0.00 0.00 0.00 0.00 0.00 
0.00 0.00 0.00 0.00 0.00 0.00 0.00 0.00 0.00 0.00 0.00 0.00 0.00 0.00 0.00 0.00 0.00 0.00 0.00 0.00 
0.00 0.00 0.00 0.00 0.00 0.00 0.00 0.00 0.00 0.00 0.00 0.00 0.00 0.00 0.00 0.00 0.00 0.00 0.00 0.00 
0.00 0.00 0.00 0.00 0.00 0.00 0.00 0.00 0.00 0.00 0.00 0.00 0.00 0.00 0.00 0.00 0.00 0.00 0.00 0.00 
0.00 0.00 0.00 0.00 0.00 0.00 0.00 0.00 0.00 0.00 0.00 0.00 0.00 0.00 0.00 0.00 0.00 0.00 0.00 0.00 
0.00 0.00 0.00 0.00 0.00 0.00 0.00 0.00 0.00 0.00 0.00 0.00 0.00 0.00 0.00 0.00 0.00 0.00 0.00 0.00 
0.00 0.00 0.00 0.00 0.00 0.00 0.00 0.00 0.00 0.00 0.00 0.00 0.00 0.00 0.00 0.00 0.00 0.00 0.00 0.00 
0.00 0.00 0.00 0.00 0.00 0.00 0.00 0.00 0.00 0.00 0.00 0.00 0.00 0.00 0.00 0.00 0.00 0.00 0.00 0.00 
0.00 0.00 0.00 0.00 0.00 0.00 0.00 0.00 0.00 0.00 0.00 0.00 0.00 0.00 0.00 0.00 0.00 0.00 0.00 0.00 
0.00 0.00 0.00 0.00 0.00 0.00 0.00 0.00 0.00 0.00 0.00 0.00 0.00 0.00 0.00 0.00 0.00 0.00 0.00 0.00 
0.00 0.00 0.00 0.00 0.00 0.00 0.00 0.00 0.00 0.00 0.00 0.00 0.00 0.00 0.00 0.00 0.00 0.00 0.00 0.00 
0.00 0.00 0.00 0.00 0.00 0.00 0.00 0.00 0.00 0.00 0.00 0.00 0.00 0.00 0.00 0.00 0.00 0.00 0.00 0.00 
0.00 0.00 0.00 0.00 0.00 0.00 0.00 0.00 0.00 0.00 0.00 0.00 0.00 0.00 0.00 0.00 0.00 0.00 0.00 0.00 
0.00 0.00 0.00 0.00 0.00 0.00 0.00 0.00 0.00 0.00 0.00 0.00 0.00 0.00 0.00 0.00 0.00 0.00 0.00 0.00 
0.00 0.00 0.00 0.00 0.00 0.00 0.00 0.00 0.00 0.00 0.00 0.00 0.00 0.00 0.00 0.00 0.00 0.00 0.00 0.00 
0.00 0.00 0.00 0.00 0.00 0.00 0.00 0.00 0.00 0.00 0.00 0.00 0.00 0.00 0.00 0.00 0.00 0.00 0.00 0.00 
0.00 0.00 0.00 0.00 0.00 0.00 0.00 0.00 0.00 0.00 0.00 0.00 0.00 0.00 0.00 0.00 0.00 0.00 0.00 0.00 
0.00 0.00 0.00 0.00 0.00 0.00 0.00 0.00 0.00 0.00 0.00 0.00 0.00 0.00 0.00 0.00 0.00 0.00 0.00 0.00 
0.00 0.00 0.00 0.00 0.00 0.00 0.00 0.00 0.00 0.00 0.00 0.00 0.00 0.00 0.00 0.00 0.00 0.00 0.00 0.00 
0.00 0.00 0.00 0.00 0.00 0.00 0.00 0.00 0.00 0.00 0.00 0.00 0.00 0.00 0.00 0.00 0.00 0.00 0.00 0.00 
0.00 0.00 0.00 0.00 0.00 0.00 0.00 0.00 0.00 0.00 0.00 0.00 0.00 0.00 0.00 0.00 0.00 0.00 0.00 0.00 
0.00 0.00 0.00 0.00 0.00 0.00 0.00 0.00 0.00 0.00 0.00 0.00 0.00 0.00 0.00 0.00 0.00 0.00 0.00 0.00 
0.00 0.00 0.00 0.00 0.00 0.00 0.00 0.00 0.00 0.00 0.00 0.00 0.00 0.00 0.00 0.00 0.00 0.00 0.00 0.00 
0.00 0.00 0.00 0.00 0.00 0.00 0.00 0.00 0.00 0.00 0.00 0.00 0.00 0.00 0.00 0.00 0.00 0.00 0.00 0.00 
0.00 0.00 0.00 0.00 0.00 0.00 0.00 0.00 0.00 0.00 0.00 0.00 0.00 0.00 0.00 0.00 0.00 0.00 0.00 0.00 
0.00 0.00 0.00 0.00 0.00 0.00 0.00 0.00 0.00 0.00 0.00 0.00 0.00 0.00 0.00 0.00 0.00 0.00 0.00 0.00 
0.00 0.00 0.00 0.00 0.00 0.00 0.00 0.00 0.00 0.00 0.00 0.00 0.00 0.00 0.00 0.00 0.00 0.00 0.00 0.00 
0.00 0.00 0.00 0.00 0.00 0.00 0.00 0.00 0.00 0.00 0.00 0.00 0.00 0.00 0.00 0.00 0.00 0.00 0.00 0.00 
0.00 0.00 0.00 0.00 0.00 0.00 0.00 0.00 0.00 0.00 0.00 0.00 0.00 0.00 0.00 0.00 0.00 0.00 0.00 0.00 
0.00 0.00 0.00 0.00 0.00 0.00 0.00 0.00 0.00 0.00 0.00 0.00 0.00 0.00 0.00 0.00 0.00 0.00 0.00 0.00 
0.00 0.00 0.00 0.00 0.00 0.00 0.00 0.00 0.00 0.00 0.00 0.00 0.00 0.00 0.00 0.00 0.00 0.00 0.00 0.00 
0.00 0.00 0.00 0.00 0.00 0.00 0.00 0.00 0.00 0.00 0.00 0.00 0.00 0.00 0.00 0.00 0.00 0.00 0.00 0.00 
0.00 0.00 0.00 0.00 0.00 0.00 0.00 0.00 0.00 0.00 0.00 0.00 0.00 0.00 0.00 0.00 0.00 0.00 0.00 0.00 
0.00 0.00 0.00 0.00 0.00 0.00 0.00 0.00 0.00 0.00 0.00 0.00 0.00 0.00 0.00 0.00 0.00 0.00 0.00 0.00 
0.00 0.00 0.00 0.00 0.00 0.00 0.00 0.00 0.00 0.00 0.00 0.00 0.00 0.00 0.00 0.00 0.00 0.00 0.00 0.00 
0.00 0.00 0.00 0.00 0.00 0.00 0.00 0.00 0.00 0.00 0.00 0.00 0.00 0.00 0.00 0.00 0.00 0.00 0.00 0.00 
0.00 0.00 0.00 0.00 0.00 0.00 0.00 0.00 0.00 0.00 0.00 0.00 0.00 0.00 0.00 0.00 0.00 0.00 0.00 0.00 
0.00 0.00 0.00 0.00 0.00 0.00 0.00 0.00 0.00 0.00 0.00 0.00 0.00 0.00 0.00 0.00 0.00 0.00 0.00 0.00 
0.00 0.00 0.00 0.00 0.00 0.00 0.00 0.00 0.00 0.00 0.00 0.00 0.00 0.00 0.00 0.00 0.00 0.00 0.00 0.00 
0.00 0.00 0.00 0.00 0.00 0.00 0.00 0.00 0.00 0.00 0.00 0.00 0.00 0.00 0.00 0.00 0.00 0.00 0.00 0.00 
0.00 0.00 0.00 0.00 0.00 0.00 0.00 0.00 0.00 0.00 0.00 0.00 0.00 0.00 0.00 0.00 0.00 0.00 0.00 0.00 
0.00 0.00 0.00 0.00 0.00 0.00 0.00 0.00 0.00 0.00 0.00 0.00 0.00 0.00 0.00 0.00 0.00 0.00 0.00 0.00 
0.00 0.00 0.00 0.00 0.00 0.00 0.00 0.00 0.00 0.00 0.00 0.00 0.00 0.00 0.00 0.00 0.00 0.00 0.00 0.00 
0.00 0.00 0.00 0.00 0.00 0.00 0.00 0.00 0.00 0.00 0.00 0.00 0.00 0.00 0.00 0.00 0.00 0.00 0.00 0.00 
0.00 0.00 0.00 0.00 0.00 0.00 0.00 0.00 0.00 0.00 0.00 0.00 0.00 0.00 0.00 0.00 0.00 0.00 0.00 0.00 
0.00 0.00 0.00 0.00 0.00 0.00 0.00 0.00 0.00 0.00 0.00 0.00 0.00 0.00 0.00 0.00 0.00 0.00 0.00 0.00 
0.00 0.00 0.00 0.00 0.00 0.00 0.00 0.00 0.00 0.00 0.00 0.00 0.00 0.00 0.00 0.00 0.00 0.00 0.00 0.00 
0.00 0.00 0.00 0.00 0.00 0.00 0.00 0.00 0.00 0.00 0.00 0.00 0.00 0.00 0.00 0.00 0.00 0.00 0.00 0.00 
0.00 0.00 0.00 0.00 0.00 0.00 0.00 0.00 0.00 0.00 0.00 0.00 0.00 0.00 0.00 0.00 0.00 0.00 0.00 0.00 
0.00 0.00 0.00 0.00 0.00 0.00 0.00 0.00 0.00 0.00 0.00 0.00 0.00 0.00 0.00 0.00 0.00 0.00 0.00 0.00 
0.00 0.00 0.00 0.00 0.00 0.00 0.00 0.00 0.00 0.00 0.00 0.00 0.00 0.00 0.00 0.00 0.00 0.00 0.00 0.00 
0.00 0.00 0.00 0.00 0.00 0.00 0.00 0.00 0.00 0.00 0.00 0.00 0.00 0.00 0.00 0.00 0.00 0.00 0.00 0.00 
0.00 0.00 0.00 0.00 0.00 0.00 0.00 0.00 0.00 0.00 0.00 0.00 0.00 0.00 0.00 0.00 0.00 0.00 0.00 0.00 
0.00 0.00 0.00 0.00 0.00 0.00 0.00 0.00 0.00 0.00 0.00 0.00 0.00 0.00 0.00 0.00 0.00 0.00 0.00 0.00 
0.00 0.00 0.00 0.00 0.00 0.00 0.00 0.00 0.00 0.00 0.00 0.00 0.00 0.00 0.00 0.00 0.00 0.00 0.00 0.00 
0.00 0.00 0.00 0.00 0.00 0.00 0.00 0.00 0.00 0.00 0.00 0.00 0.00 0.00 0.00 0.00 0.00 0.00 0.00 0.00 
0.00 0.00 0.00 0.00 0.00 0.00 0.00 0.00 0.00 0.00 0.00 0.00 0.00 0.00 0.00 0.00 0.00 0.00 0.00 0.00 
0.00 0.00 0.00 0.00 0.00 0.00 0.00 0.00 0.00 0.00 0.00 0.00 0.00 0.00 0.00 0.00 0.00 0.00 0.00 0.00 
0.00 0.00 0.00 0.00 0.00 0.00 0.00 0.00 0.00 0.00 0.00 0.00 0.00 0.00 0.00 0.00 0.00 0.00 0.00 0.00 
0.00 0.00 0.00 0.00 0.00 0.00 0.00 0.00 0.00 0.00 0.00 0.00 0.00 0.00 0.00 0.00 0.00 0.00 0.00 0.00 
0.00 0.00 0.00 0.00 0.00 0.00 0.00 0.00 0.00 0.00 0.00 0.00 0.00 0.00 0.00 0.00 0.00 0.00 0.00 0.00 
0.00 0.00 0.00 0.00 0.00 0.00 0.00 0.00 0.00 0.00 0.00 0.00 0.00 0.00 0.00 0.00 0.00 0.00 0.00 0.00 
0.00 0.00 0.00 0.00 0.00 0.00 0.00 0.00 0.00 0.00 0.00 0.00 0.00 0.00 0.00 0.00 0.00 0.00 0.00 0.00 
0.00 0.00 0.00 0.00 0.00 0.00 0.00 0.00 0.00 0.00 0.00 0.00 0.00 0.00 0.00 0.00 0.00 0.00 0.00 0.00 
0.00 0.00 0.00 0.00 0.00 0.00 0.00 0.00 0.00 0.00 0.00 0.00 0.00 0.00 0.00 0.00 0.00 0.00 0.00 0.00 
0.00 0.00 0.00 0.00 0.00 0.00 0.00 0.00 0.00 0.00 0.00 0.00 0.00 0.00 0.00 0.00 0.00 0.00 0.00 0.00 
0.00 0.00 0.00 0.00 0.00 0.00 0.00 0.00 0.00 0.00 0.00 0.00 0.00 0.00 0.00 0.00 0.00 0.00 0.00 0.00 
0.00 0.00 0.00 0.00 0.00 0.00 0.00 0.00 0.00 0.00 0.00 0.00 0.00 0.00 0.00 0.00 0.00 0.00 0.00 0.00 
0.00 0.00 0.00 0.00 0.00 0.00 0.00 0.00 0.00 0.00 0.00 0.00 0.00 0.00 0.00 0.00 0.00 0.00 0.00 0.00 
0.00 0.00 0.00 0.00 0.00 0.00 0.00 0.00 0.00 0.00 0.00 0.00 0.00 0.00 0.00 0.00 0.00 0.00 0.00 0.00 
0.00 0.00 0.00 0.00 0.00 0.00 0.00 0.00 0.00 0.00 0.00 0.00 0.00 0.00 0.00 0.00 0.00 0.00 0.00 0.00 
0.00 0.00 0.00 0.00 0.00 0.00 0.00 0.00 0.00 0.00 0.00 0.00 0.00 0.00 0.00 0.00 0.00 0.00 0.00 0.00 
0.00 0.00 0.00 0.00 0.00 0.00 0.00 0.00 0.00 0.00 0.00 0.00 0.00 0.00 0.00 0.00 0.00 0.00 0.00 0.00 
0.00 0.00 0.00 0.00 0.00 0.00 0.00 0.00 0.00 0.00 0.00 0.00 0.00 0.00 0.00 0.00 0.00 0.00 0.00 0.00 
0.00 0.00 0.00 0.00 0.00 0.00 0.00 0.00 0.00 0.00 0.00 0.00 0.00 0.00 0.00 0.00 0.00 0.00 0.00 0.00 
0.00 0.00 0.00 0.00 0.00 0.00 0.00 0.00 0.00 0.00 0.00 0.00 0.00 0.00 0.00 0.00 0.00 0.00 0.00 0.00 
0.00 0.00 0.00 0.00 0.00 0.00 0.00 0.00 0.00 0.00 0.00 0.00 0.00 0.00 0.00 0.00 0.00 0.00 0.00 0.00 
0.00 0.00 0.00 0.00 0.00 0.00 0.00 0.00 0.00 0.00 0.00 0.00 0.00 0.00 0.00 0.00 0.00 0.00 0.00 0.00 
0.00 0.00 0.00 0.00 0.00 0.00 0.00 0.00 0.00 0.00 0.00 0.00 0.00 0.00 0.00 0.00 0.00 0.00 0.00 0.00 
0.00 0.00 0.00 0.00 0.00 0.00 0.00 0.00 0.00 0.00 0.00 0.00 0.00 0.00 0.00 0.00 0.00 0.00 0.00 0.00 
0.00 0.00 0.00 0.00 0.00 0.00 0.00 0.00 0.00 0.00 0.00 0.00 0.00 0.00 0.00 0.00 0.00 0.00 0.00 0.00 
0.00 0.00 0.00 0.00 0.00 0.00 0.00 0.00 0.00 0.00 0.00 0.00 0.00 0.00 0.00 0.00 0.00 0.00 0.00 0.00 
0.00 0.00 0.00 0.00 0.00 0.00 0.00 0.00 0.00 0.00 0.00 0.00 0.00 0.00 0.00 0.00 0.00 0.00 0.00 0.00 
0.00 0.00 0.00 0.00 0.00 0.00 0.00 0.00 0.00 0.00 0.00 0.00 0.00 0.00 0.00 0.00 0.00 0.00 0.00 0.00 
0.00 0.00 0.00 0.00 0.00 0.00 0.00 0.00 0.00 0.00 0.00 0.00 0.00 0.00 0.00 0.00 0.00 0.00 0.00 0.00 
0.00 0.00 0.00 0.00 0.00 0.00 0.00 0.00 0.00 0.00 0.00 0.00 0.00 0.00 0.00 0.00 0.00 0.00 0.00 0.00 
0.00 0.00 0.00 0.00 0.00 0.00 0.00 0.00 0.00 0.00 0.00 0.00 0.00 0.00 0.00 0.00 0.00 0.00 0.00 0.00 
0.00 0.00 0.00 0.00 0.00 0.00 0.00 0.00 0.00 0.00 0.00 0.00 0.00 0.00 0.00 0.00 0.00 0.00 0.00 0.00 
0.00 0.00 0.00 0.00 0.00 0.00 0.00 0.00 0.00 0.00 0.00 0.00 0.00 0.00 0.00 0.00 0.00 0.00 0.00 0.00 
0.00 0.00 0.00 0.00 0.00 0.00 0.00 0.00 0.00 0.00 0.00 0.00 0.00 0.00 0.00 0.00 0.00 0.00 0.00 0.00 
0.00 0.00 0.00 0.00 0.00 0.00 0.00 0.00 0.00 0.00 0.00 0.00 0.00 0.00 0.00 0.00 0.00 0.00 0.00 0.00 
0.00 0.00 0.00 0.00 0.00 0.00 0.00 0.00 0.00 0.00 0.00 0.00 0.00 0.00 0.00 0.00 0.00 0.00 0.00 0.00 
0.00 0.00 0.00 0.00 0.00 0.00 0.00 0.00 0.00 0.00 0.00 0.00 0.00 0.00 0.00 0.00 0.00 0.00 0.00 0.00 
0.00 0.00 0.00 0.00 0.00 0.00 0.00 0.00 0.00 0.00 0.00 0.00 0.00 0.00 0.00 0.00 0.00 0.00 0.00 0.00 
0.00 0.00 0.00 0.00 0.00 0.00 0.00 0.00 0.00 0.00 0.00 0.00 0.00 0.00 0.00 0.00 0.00 0.00 0.00 0.00 
0.00 0.00 0.00 0.00 0.00 0.00 0.00 0.00 0.00 0.00 0.00 0.00 0.00 0.00 0.00 0.00 0.00 0.00 0.00 0.00 
0.00 0.00 0.00 0.00 0.00 0.00 0.00 0.00 0.00 0.00 0.00 0.00 0.00 0.00 0.00 0.00 0.00 0.00 0.00 0.00 
0.00 0.00 0.00 0.00 0.00 0.00 0.00 0.00 0.00 0.00 0.00 0.00 0.00 0.00 0.00 0.00 0.00 0.00 0.00 0.00 
0.00 0.00 0.00 0.00 0.00 0.00 0.00 0.00 0.00 0.00 0.00 0.00 0.00 0.00 0.00 0.00 0.00 0.00 0.00 0.00 
0.00 0.00 0.00 0.00 0.00 0.00 0.00 0.00 0.00 0.00 0.00 0.00 0.00 0.00 0.00 0.00 0.00 0.00 0.00 0.00 
0.00 0.00 0.00 0.00 0.00 0.00 0.00 0.00 0.00 0.00 0.00 0.00 0.00 0.00 0.00 0.00 0.00 0.00 0.00 0.00 
0.00 0.00 0.00 0.00 0.00 0.00 0.00 0.00 0.00 0.00 0.00 0.00 0.00 0.00 0.00 0.00 0.00 0.00 0.00 0.00 
0.00 0.00 0.00 0.00 0.00 0.00 0.00 0.00 0.00 0.00 0.00 0.00 0.00 0.00 0.00 0.00 0.00 0.00 0.00 0.00 
0.00 0.00 0.00 0.00 0.00 0.00 0.00 0.00 0.00 0.00 0.00 0.00 0.00 0.00 0.00 0.00 0.00 0.00 0.00 0.00 
0.00 0.00 0.00 0.00 0.00 0.00 0.00 0.00 0.00 0.00 0.00 0.00 0.00 0.00 0.00 0.00 0.00 0.00 0.00 0.00 
0.00 0.00 0.00 0.00 0.00 0.00 0.00 0.00 0.00 0.00 0.00 0.00 0.00 0.00 0.00 0.00 0.00 0.00 0.00 0.00 
0.00 0.00 0.00 0.00 0.00 0.00 0.00 0.00 0.00 0.00 0.00 0.00 0.00 0.00 0.00 0.00 0.00 0.00 0.00 0.00 
0.00 0.00 0.00 0.00 0.00 0.00 0.00 0.00 0.00 0.00 0.00 0.00 0.00 0.00 0.00 0.00 0.00 0.00 0.00 0.00 
0.00 0.00 0.00 0.00 0.00 0.00 0.00 0.00 0.00 0.00 0.00 0.00 0.00 0.00 0.00 0.00 0.00 0.00 0.00 0.00 
0.00 0.00 0.00 0.00 0.00 0.00 0.00 0.00 0.00 0.00 0.00 0.00 0.00 0.00 0.00 0.00 0.00 0.00 0.00 0.00 
0.00 0.00 0.00 0.00 0.00 0.00 0.00 0.00 0.00 0.00 0.00 0.00 0.00 0.00 0.00 0.00 0.00 0.00 0.00 0.00 
0.00 0.00 0.00 0.00 0.00 0.00 0.00 0.00 0.00 0.00 0.00 0.00 0.00 0.00 0.00 0.00 0.00 0.00 0.00 0.00 
0.00 0.00 0.00 0.00 0.00 0.00 0.00 0.00 0.00 0.00 0.00 0.00 0.00 0.00 0.00 0.00 0.00 0.00 0.00 0.00 
0.00 0.00 0.00 0.00 0.00 0.00 0.00 0.00 0.00 0.00 0.00 0.00 0.00 0.00 0.00 0.00 0.00 0.00 0.00 0.00 
0.00 0.00 0.00 0.00 0.00 0.00 0.00 0.00 0.00 0.00 0.00 0.00 0.00 0.00 0.00 0.00 0.00 0.00 0.00 0.00 
0.00 0.00 0.00 0.00 0.00 0.00 0.00 0.00 0.00 0.00 0.00 0.00 0.00 0.00 0.00 0.00 0.00 0.00 0.00 0.00 
0.00 0.00 0.00 0.00 0.00 0.00 0.00 0.00 0.00 0.00 0.00 0.00 0.00 0.00 0.00 0.00 0.00 0.00 0.00 0.00 
0.00 0.00 0.00 0.00 0.00 0.00 0.00 0.00 0.00 0.00 0.00 0.00 0.00 0.00 0.00 0.00 0.00 0.00 0.00 0.00 
0.00 0.00 0.00 0.00 0.00 0.00 0.00 0.00 0.00 0.00 0.00 0.00 0.00 0.00 0.00 0.00 0.00 0.00 0.00 0.00 
0.00 0.00 0.00 0.00 0.00 0.00 0.00 0.00 0.00 0.00 0.00 0.00 0.00 0.00 0.00 0.00 0.00 0.00 0.00 0.00 
0.00 0.00 0.00 0.00 0.00 0.00 0.00 0.00 0.00 0.00 0.00 0.00 0.00 0.00 0.00 0.00 0.00 0.00 0.00 0.00 
0.00 0.00 0.00 0.00 0.00 0.00 0.00 0.00 0.00 0.00 0.00 0.00 0.00 0.00 0.00 0.00 0.00 0.00 0.00 0.00 
0.00 0.00 0.00 0.00 0.00 0.00 0.00 0.00 0.00 0.00 0.00 0.00 0.00 0.00 0.00 0.00 0.00 0.00 0.00 0.00 
0.00 0.00 0.00 0.00 0.00 0.00 0.00 0.00 0.00 0.00 0.00 0.00 0.00 0.00 0.00 0.00 0.00 0.00 0.00 0.00 
0.00 0.00 0.00 0.00 0.00 0.00 0.00 0.00 0.00 0.00 0.00 0.00 0.00 0.00 0.00 0.00 0.00 0.00 0.00 0.00 
0.00 0.00 0.00 0.00 0.00 0.00 0.00 0.00 0.00 0.00 0.00 0.00 0.00 0.00 0.00 0.00 0.00 0.00 0.00 0.00 
0.00 0.00 0.00 0.00 0.00 0.00 0.00 0.00 0.00 0.00 0.00 0.00 0.00 0.00 0.00 0.00 0.00 0.00 0.00 0.00 
0.00 0.00 0.00 0.00 0.00 0.00 0.00 0.00 0.00 0.00 0.00 0.00 0.00 0.00 0.00 0.00 0.00 0.00 0.00 0.00 
0.00 0.00 0.00 0.00 0.00 0.00 0.00 0.00 0.00 0.00 0.00 0.00 0.00 0.00 0.00 0.00 0.00 0.00 0.00 0.00 
0.00 0.00 0.00 0.00 0.00 0.00 0.00 0.00 0.00 0.00 0.00 0.00 0.00 0.00 0.00 0.00 0.00 0.00 0.00 0.00 
0.00 0.00 0.00 0.00 0.00 0.00 0.00 0.00 0.00 0.00 0.00 0.00 0.00 0.00 0.00 0.00 0.00 0.00 0.00 0.00 
0.00 0.00 0.00 0.00 0.00 0.00 0.00 0.00 0.00 0.00 0.00 0.00 0.00 0.00 0.00 0.00 0.00 0.00 0.00 0.00 
0.00 0.00 0.00 0.00 0.00 0.00 0.00 0.00 0.00 0.00 0.00 0.00 0.00 0.00 0.00 0.00 0.00 0.00 0.00 0.00 
0.00 0.00 0.00 0.00 0.00 0.00 0.00 0.00 0.00 0.00 0.00 0.00 0.00 0.00 0.00 0.00 0.00 0.00 0.00 0.00 
0.00 0.00 0.00 0.00 0.00 0.00 0.00 0.00 0.00 0.00 0.00 0.00 0.00 0.00 0.00 0.00 0.00 0.00 0.00 0.00 
0.00 0.00 0.00 0.00 0.00 0.00 0.00 0.00 0.00 0.00 0.00 0.00 0.00 0.00 0.00 0.00 0.00 0.00 0.00 0.00 
0.00 0.00 0.00 0.00 0.00 0.00 0.00 0.00 0.00 0.00 0.00 0.00 0.00 0.00 0.00 0.00 0.00 0.00 0.00 0.00 
0.00 0.00 0.00 0.00 0.00 0.00 0.00 0.00 0.00 0.00 0.00 0.00 0.00 0.00 0.00 0.00 0.00 0.00 0.00 0.00 
0.00 0.00 0.00 0.00 0.00 0.00 0.00 0.00 0.00 0.00 0.00 0.00 0.00 0.00 0.00 0.00 0.00 0.00 0.00 0.00 
0.00 0.00 0.00 0.00 0.00 0.00 0.00 0.00 0.00 0.00 0.00 0.00 0.00 0.00 0.00 0.00 0.00 0.00 0.00 0.00 
0.00 0.00 0.00 0.00 0.00 0.00 0.00 0.00 0.00 0.00 0.00 0.00 0.00 0.00 0.00 0.00 0.00 0.00 0.00 0.00 
0.00 0.00 0.00 0.00 0.00 0.00 0.00 0.00 0.00 0.00 0.00 0.00 0.00 0.00 0.00 0.00 0.00 0.00 0.00 0.00 
0.00 0.00 0.00 0.00 0.00 0.00 0.00 0.00 0.00 0.00 0.00 0.00 0.00 0.00 0.00 0.00 0.00 0.00 0.00 0.00 
0.00 0.00 0.00 0.00 0.00 0.00 0.00 0.00 0.00 0.00 0.00 0.00 0.00 0.00 0.00 0.00 0.00 0.00 0.00 0.00 
0.00 0.00 0.00 0.00 0.00 0.00 0.00 0.00 0.00 0.00 0.00 0.00 0.00 0.00 0.00 0.00 0.00 0.00 0.00 0.00 
0.00 0.00 0.00 0.00 0.00 0.00 0.00 0.00 0.00 0.00 0.00 0.00 0.00 0.00 0.00 0.00 0.00 0.00 0.00 0.00 
0.00 0.00 0.00 0.00 0.00 0.00 0.00 0.00 0.00 0.00 0.00 0.00 0.00 0.00 0.00 0.00 0.00 0.00 0.00 0.00 
0.00 0.00 0.00 0.00 0.00 0.00 0.00 0.00 0.00 0.00 0.00 0.00 0.00 0.00 0.00 0.00 0.00 0.00 0.00 0.00 
0.00 0.00 0.00 0.00 0.00 0.00 0.00 0.00 0.00 0.00 0.00 0.00 0.00 0.00 0.00 0.00 0.00 0.00 0.00 0.00 
0.00 0.00 0.00 0.00 0.00 0.00 0.00 0.00 0.00 0.00 0.00 0.00 0.00 0.00 0.00 0.00 0.00 0.00 0.00 0.00 
0.00 0.00 0.00 0.00 0.00 0.00 0.00 0.00 0.00 0.00 0.00 0.00 0.00 0.00 0.00 0.00 0.00 0.00 0.00 0.00 
0.00 0.00 0.00 0.00 0.00 0.00 0.00 0.00 0.00 0.00 0.00 0.00 0.00 0.00 0.00 0.00 0.00 0.00 0.00 0.00 
0.00 0.00 0.00 0.00 0.00 0.00 0.00 0.00 0.00 0.00 0.00 0.00 0.00 0.00 0.00 0.00 0.00 0.00 0.00 0.00 
0.00 0.00 0.00 0.00 0.00 0.00 0.00 0.00 0.00 0.00 0.00 0.00 0.00 0.00 0.00 0.00 0.00 0.00 0.00 0.00 
0.00 0.00 0.00 0.00 0.00 0.00 0.00 0.00 0.00 0.00 0.00 0.00 0.00 0.00 0.00 0.00 0.00 0.00 0.00 0.00 
0.00 0.00 0.00 0.00 0.00 0.00 0.00 0.00 0.00 0.00 0.00 0.00 0.00 0.00 0.00 0.00 0.00 0.00 0.00 0.00 
0.00 0.00 0.00 0.00 0.00 0.00 0.00 0.00 0.00 0.00 0.00 0.00 0.00 0.00 0.00 0.00 0.00 0.00 0.00 0.00 
0.00 0.00 0.00 0.00 0.00 0.00 0.00 0.00 0.00 0.00 0.00 0.00 0.00 0.00 0.00 0.00 0.00 0.00 0.00 0.00 
0.00 0.00 0.00 0.00 0.00 0.00 0.00 0.00 0.00 0.00 0.00 0.00 0.00 0.00 0.00 0.00 0.00 0.00 0.00 0.00 
0.00 0.00 0.00 0.00 0.00 0.00 0.00 0.00 0.00 0.00 0.00 0.00 0.00 0.00 0.00 0.00 0.00 0.00 0.00 0.00 
0.00 0.00 0.00 0.00 0.00 0.00 0.00 0.00 0.00 0.00 0.00 0.00 0.00 0.00 0.00 0.00 0.00 0.00 0.00 0.00 
0.00 0.00 0.00 0.00 0.00 0.00 0.00 0.00 0.00 0.00 0.00 0.00 0.00 0.00 0.00 0.00 0.00 0.00 0.00 0.00 
0.00 0.00 0.00 0.00 0.00 0.00 0.00 0.00 0.00 0.00 0.00 0.00 0.00 0.00 0.00 0.00 0.00 0.00 0.00 0.00 
0.00 0.00 0.00 0.00 0.00 0.00 0.00 0.00 0.00 0.00 0.00 0.00 0.00 0.00 0.00 0.00 0.00 0.00 0.00 0.00 
0.00 0.00 0.00 0.00 0.00 0.00 0.00 0.00 0.00 0.00 0.00 0.00 0.00 0.00 0.00 0.00 0.00 0.00 0.00 0.00 
0.00 0.00 0.00 0.00 0.00 0.00 0.00 0.00 0.00 0.00 0.00 0.00 0.00 0.00 0.00 0.00 0.00 0.00 0.00 0.00 
0.00 0.00 0.00 0.00 0.00 0.00 0.00 0.00 0.00 0.00 0.00 0.00 0.00 0.00 0.00 0.00 0.00 0.00 0.00 0.00 
0.00 0.00 0.00 0.00 0.00 0.00 0.00 0.00 0.00 0.00 0.00 0.00 0.00 0.00 0.00 0.00 0.00 0.00 0.00 0.00 
0.00 0.00 0.00 0.00 0.00 0.00 0.00 0.00 0.00 0.00 0.00 0.00 0.00 0.00 0.00 0.00 0.00 0.00 0.00 0.00 
0.00 0.00 0.00 0.00 0.00 0.00 0.00 0.00 0.00 0.00 0.00 0.00 0.00 0.00 0.00 0.00 0.00 0.00 0.00 0.00 
0.00 0.00 0.00 0.00 0.00 0.00 0.00 0.00 0.00 0.00 0.00 0.00 0.00 0.00 0.00 0.00 0.00 0.00 0.00 0.00 
0.00 0.00 0.00 0.00 0.00 0.00 0.00 0.00 0.00 0.00 0.00 0.00 0.00 0.00 0.00 0.00 0.00 0.00 0.00 0.00 
0.00 0.00 0.00 0.00 0.00 0.00 0.00 0.00 0.00 0.00 0.00 0.00 0.00 0.00 0.00 0.00 0.00 0.00 0.00 0.00 
0.00 0.00 0.00 0.00 0.00 0.00 0.00 0.00 0.00 0.00 0.00 0.00 0.00 0.00 0.00 0.00 0.00 0.00 0.00 0.00 
0.00 0.00 0.00 0.00 0.00 0.00 0.00 0.00 0.00 0.00 0.00 0.00 0.00 0.00 0.00 0.00 0.00 0.00 0.00 0.00 
0.00 0.00 0.00 0.00 0.00 0.00 0.00 0.00 0.00 0.00 0.00 0.00 0.00 0.00 0.00 0.00 0.00 0.00 0.00 0.00 
0.00 0.00 0.00 0.00 0.00 0.00 0.00 0.00 0.00 0.00 0.00 0.00 0.00 0.00 0.00 0.00 0.00 0.00 0.00 0.00 
0.00 0.00 0.00 0.00 0.00 0.00 0.00 0.00 0.00 0.00 0.00 0.00 0.00 0.00 0.00 0.00 0.00 0.00 0.00 0.00 
0.00 0.00 0.00 0.00 0.00 0.00 0.00 0.00 0.00 0.00 0.00 0.00 0.00 0.00 0.00 0.00 0.00 0.00 0.00 0.00 
0.00 0.00 0.00 0.00 0.00 0.00 0.00 0.00 0.00 0.00 0.00 0.00 0.00 0.00 0.00 0.00 0.00 0.00 0.00 0.00 
0.00 0.00 0.00 0.00 0.00 0.00 0.00 0.00 0.00 0.00 0.00 0.00 0.00 0.00 0.00 0.00 0.00 0.00 0.00 0.00 
0.00 0.00 0.00 0.00 0.00 0.00 0.00 0.00 0.00 0.00 0.00 0.00 0.00 0.00 0.00 0.00 0.00 0.00 0.00 0.00 
0.00 0.00 0.00 0.00 0.00 0.00 0.00 0.00 0.00 0.00 0.00 0.00 0.00 0.00 0.00 0.00 0.00 0.00 0.00 0.00 
0.00 0.00 0.00 0.00 0.00 0.00 0.00 0.00 0.00 0.00 0.00 0.00 0.00 0.00 0.00 0.00 0.00 0.00 0.00 0.00 
0.00 0.00 0.00 0.00 0.00 0.00 0.00 0.00 0.00 0.00 0.00 0.00 0.00 0.00 0.00 0.00 0.00 0.00 0.00 0.00 
0.00 0.00 0.00 0.00 0.00 0.00 0.00 0.00 0.00 0.00 0.00 0.00 0.00 0.00 0.00 0.00 0.00 0.00 0.00 0.00 
0.00 0.00 0.00 0.00 0.00 0.00 0.00 0.00 0.00 0.00 0.00 0.00 0.00 0.00 0.00 0.00 0.00 0.00 0.00 0.00 
0.00 0.00 0.00 0.00 0.00 0.00 0.00 0.00 0.00 0.00 0.00 0.00 0.00 0.00 0.00 0.00 0.00 0.00 0.00 0.00 
0.00 0.00 0.00 0.00 0.00 0.00 0.00 0.00 0.00 0.00 0.00 0.00 0.00 0.00 0.00 0.00 0.00 0.00 0.00 0.00 
0.00 0.00 0.00 0.00 0.00 0.00 0.00 0.00 0.00 0.00 0.00 0.00 0.00 0.00 0.00 0.00 0.00 0.00 0.00 0.00 
0.00 0.00 0.00 0.00 0.00 0.00 0.00 0.00 0.00 0.00 0.00 0.00 0.00 0.00 0.00 0.00 0.00 0.00 0.00 0.00 
0.00 0.00 0.00 0.00 0.00 0.00 0.00 0.00 0.00 0.00 0.00 0.00 0.00 0.00 0.00 0.00 0.00 0.00 0.00 0.00 
0.00 0.00 0.00 0.00 0.00 0.00 0.00 0.00 0.00 0.00 0.00 0.00 0.00 0.00 0.00 0.00 0.00 0.00 0.00 0.00 
end   dump: w
==END   DUMP_ARRAYS==
==BEGIN DUMP_ARRAYS==
begin dump: w
7777.32 466514720.00 513294752.00 591180416.00 676522880.00 765068992.00 855696320.00 946583104.00 1037821952.00 1130364928.00 1222085504.00 1315210752.00 1407471360.00 1500540672.00 1593355008.00 1685799040.00 1778111744.00 1872169088.00 1965124864.00 2058138624.00 
2150105600.00 2244589568.00 2337581312.00 2430860800.00 2523435520.00 2615411968.00 2710290944.00 2803396864.00 2896536064.00 2990143744.00 3082451968.00 3175740672.00 3267414272.00 3362896128.00 3456158208.00 3549050880.00 3642248704.00 3735784704.00 3829080320.00 3922498304.00 
4013048064.00 4108958976.00 4202182144.00 4294632704.00 4388898816.00 4482094592.00 4575864832.00 4668502528.00 4760986624.00 4855300096.00 4945180160.00 5041798144.00 5135232512.00 5228605440.00 5321562112.00 5414894080.00 5508035072.00 5601663488.00 5695637504.00 5788620800.00 
5880405504.00 5974852096.00 6067980800.00 6162267648.00 6252743168.00 6347897856.00 6441433088.00 6534799360.00 6628098048.00 6722268672.00 6814103040.00 6907681792.00 7000912384.00 7094938624.00 7187648000.00 7279694336.00 7374547968.00 7468398080.00 7561428992.00 7654714368.00 
7742474240.00 7841380864.00 7934636032.00 8027981824.00 8121037824.00 8214009856.00 8307412992.00 8402221568.00 8494193664.00 8588283904.00 8680670208.00 8775070720.00 8867836928.00 8959166464.00 9054450688.00 9147411456.00 9238993920.00 9334518784.00 9427859456.00 9520951296.00 
9607572480.00 9707632640.00 9800968192.00 9894139904.00 9987336192.00 10080610304.00 10174396416.00 10267799552.00 10360285184.00 10454446080.00 10547073024.00 10640453632.00 10733355008.00 10828187648.00 10920782848.00 11014209536.00 11107771392.00 11200896000.00 11294565376.00 11387731968.00 
11478289408.00 11574062080.00 11667632128.00 11760699392.00 11854014464.00 11938791424.00 12041274368.00 12135759872.00 12225483776.00 12318051328.00 12413712384.00 12507528192.00 12600785920.00 12694066176.00 12787683328.00 12880721920.00 12973802496.00 13067828224.00 13162475520.00 13254615040.00 
13346286592.00 13440820224.00 13533952000.00 13628441600.00 13719947264.00 13814027264.00 13907867648.00 14000754688.00 14093259776.00 14187899904.00 14277558272.00 14374802432.00 14467184640.00 14560416768.00 14655049728.00 14747304960.00 14840829952.00 14934499328.00 15027587072.00 15120885760.00 
15203127296.00 15307754496.00 15400923136.00 15494193152.00 15587464192.00 15680714752.00 15774066688.00 15868088320.00 15960459264.00 16053039104.00 16146832384.00 16240921600.00 16333827072.00 16427431936.00 16522808320.00 16612646912.00 16706557952.00 16801698816.00 16894325760.00 16987320320.00 
17079567360.00 17174461440.00 17268492288.00 17360447488.00 17453838336.00 17547366400.00 17639866368.00 17734238208.00 17827328000.00 17921011712.00 18013239296.00 18107875328.00 18198779904.00 18294343680.00 18387599360.00 18480238592.00 18573985792.00 18667456512.00 18760359936.00 18853650432.00 
18933641216.00 19040665600.00 19133827072.00 19227664384.00 19320645632.00 19413571584.00 19507406848.00 19601039360.00 19693127680.00 19787620352.00 19879868416.00 19974785024.00 20067438592.00 20160847872.00 20254294016.00 20347160576.00 20440133632.00 20534306816.00 20627386368.00 20720758784.00 
20812847104.00 20907872256.00 20999606272.00 21094838272.00 21185519616.00 21279270912.00 21374380032.00 21467617280.00 21560672256.00 21654218752.00 21747007488.00 21840754688.00 21933828096.00 22026655744.00 22120634368.00 22212923392.00 22307747840.00 22400909312.00 22494134272.00 22587731968.00 
22675374080.00 22774591488.00 22867462144.00 22961170432.00 23054088192.00 23147597824.00 23240744960.00 23334371328.00 23426924544.00 23520645120.00 23596642304.00 23707904000.00 23800956928.00 23894343680.00 23988254720.00 24080640000.00 24172109824.00 24267487232.00 24359391232.00 24454928384.00 
24546297856.00 24641095680.00 24734021632.00 24827553792.00 24920379392.00 25013803008.00 25106984960.00 25202112512.00 25294315520.00 25387689984.00 25480351744.00 25574060032.00 25666619392.00 25761277952.00 25854779392.00 25945835520.00 26041436160.00 26134302720.00 26227668992.00 26320338944.00 
26411505664.00 26507700224.00 26600775680.00 26694170624.00 26787135488.00 26880112640.00 26975870976.00 27068305408.00 27158921216.00 27254456320.00 27347142656.00 27441319936.00 27534170112.00 27627847680.00 27720787968.00 27813980160.00 27906803712.00 28001159168.00 28094330880.00 28187572224.00 
28274096128.00 28374212608.00 28467750912.00 28560232448.00 28653211648.00 28747257856.00 28840462336.00 28933775360.00 29029199872.00 29121269760.00 29213843456.00 29307699200.00 29400528896.00 29494282240.00 29587752960.00 29680789504.00 29774360576.00 29867687936.00 29961023488.00 30054135808.00 
30136539136.00 30241277952.00 30334304256.00 30427791360.00 30520692736.00 30612686848.00 30707603456.00 30801014784.00 30893955072.00 30987341824.00 31080267776.00 31174072320.00 31267074048.00 31359141888.00 31455186944.00 31547762688.00 31640150016.00 31734763520.00 31827134464.00 31922610176.00 
32013051904.00 32107651072.00 32200857600.00 32294797312.00 32387170304.00 32480872448.00 32574294016.00 32667617280.00 32761806848.00 32855009280.00 32944265216.00 33041201152.00 33132177408.00 33229043712.00 33321388032.00 33414002688.00 33507461120.00 33601011712.00 33694210048.00 33788174336.00 
33878177792.00 33974192128.00 34067445760.00 34159833088.00 34256267264.00 34347948032.00 34441039872.00 34534780928.00 34626809856.00 34720849920.00 34813808640.00 34907807744.00 35000438784.00 35094515712.00 35187777536.00 35272245248.00 35373916160.00 35467730944.00 35561095168.00 35654479872.00 
35746271232.00 35845451776.00 35934412800.00 36028276736.00 36118929408.00 36214132736.00 36307779584.00 36400189440.00 36494254080.00 36587884544.00 36680265728.00 36774580224.00 36867084288.00 36961009664.00 37054283776.00 37147189248.00 37240565760.00 37334249472.00 37427146752.00 37520076800.00 
37586419712.00 37708525568.00 37801275392.00 37894705152.00 37987586048.00 38080864256.00 38174507008.00 38267932672.00 38360510464.00 38454616064.00 38547038208.00 38641315840.00 38734344192.00 38827651072.00 38921564160.00 39014260736.00 39105622016.00 39201230848.00 39294578688.00 39387570176.00 
39479664640.00 39569674240.00 39667957760.00 39761133568.00 39854002176.00 39946145792.00 40041074688.00 40134451200.00 40227454976.00 40321388544.00 40413843456.00 40507830272.00 40599982080.00 40694743040.00 40787779584.00 40880967680.00 40974143488.00 41067982848.00 41161039872.00 41253904384.00 
41344921600.00 41440985088.00 41534291968.00 41627357184.00 41718452224.00 41816305664.00 41908584448.00 42001567744.00 42092609536.00 42188521472.00 42277863424.00 42374664192.00 42467823616.00 42561384448.00 42654527488.00 42747772928.00 42840760320.00 42934136832.00 43027537920.00 43119751168.00 
43213246464.00 43307622400.00 43401334784.00 43494739968.00 43586838528.00 43680600064.00 43774144512.00 43867508736.00 43960913920.00 44054507520.00 44146761728.00 44241874944.00 44334174208.00 44427972608.00 44521230336.00 44612956160.00 44707491840.00 44801114112.00 44894793728.00 44987797504.00 
45070123008.00 45174431744.00 45268000768.00 45361229824.00 45454319616.00 45548101632.00 45641621504.00 45734686720.00 45827608576.00 45921460224.00 46014009344.00 46107934720.00 46201008128.00 46294638592.00 46387798016.00 46480867328.00 46573330432.00 46667554816.00 46760787968.00 46853316608.00 
46913200128.00 47042707456.00 47135264768.00 47228915712.00 47321104384.00 47414652928.00 47508070400.00 47601049600.00 47694860288.00 47787855872.00 47880753152.00 47974658048.00 48065830912.00 48161693696.00 48254627840.00 48347717632.00 48440455168.00 48534200320.00 48628285440.00 48721436672.00 
48811950080.00 48907759616.00 49001877504.00 49094639616.00 49187860480.00 49279787008.00 49374650368.00 49468252160.00 49560334336.00 49654550528.00 49747283968.00 49841508352.00 49934221312.00 50026831872.00 50121764864.00 50214518784.00 50307620864.00 50401390592.00 50494439424.00 50587471872.00 
50679980032.00 50774769664.00 50867916800.00 50961453056.00 51052478464.00 51147403264.00 51241644032.00 51334004736.00 51428077568.00 51519602688.00 51611258880.00 51707904000.00 51801165824.00 51895083008.00 51987963904.00 52080910336.00 52174639104.00 52268355584.00 52360998912.00 52454572032.00 
52542382080.00 52641427456.00 52734836736.00 52828073984.00 52920975360.00 53014257664.00 53107580928.00 53201125376.00 53293785088.00 53387304960.00 53479567360.00 53570437120.00 53671198720.00 53762498560.00 53855535104.00 53946875904.00 54039576576.00 54135263232.00 54228320256.00 54321889280.00 
54413668352.00 54507888640.00 54601625600.00 54695149568.00 54787739648.00 54881161216.00 54975090688.00 55068110848.00 55161085952.00 55254888448.00 55347474432.00 55441600512.00 55533723648.00 55628460032.00 55721398272.00 55814426624.00 55908057088.00 56000245760.00 56094679040.00 56187895808.00 
56267575296.00 56374927360.00 56468078592.00 56561512448.00 56654761984.00 56747790336.00 56840032256.00 56934522880.00 57026048000.00 57121873920.00 57214111744.00 57308114944.00 57401180160.00 57494691840.00 57587855360.00 57679847424.00 57775276032.00 57868476416.00 57961672704.00 58054672384.00 
58146947072.00 58241196032.00 58334633984.00 58428379136.00 58520432640.00 58606292992.00 58708291584.00 58801471488.00 58894614528.00 58988191744.00 59080765440.00 59174449152.00 59268280320.00 59361882112.00 59454799872.00 59548213248.00 59641290752.00 59734749184.00 59828097024.00 59921420288.00 
60003741696.00 60108267520.00 60201975808.00 60294983680.00 60387942400.00 60480655360.00 60574908416.00 60667969536.00 60761026560.00 60854870016.00 60944801792.00 61041311744.00 61134688256.00 61227630592.00 61321601024.00 61414563840.00 61507104768.00 61601050624.00 61694533632.00 61787746304.00 
61879967744.00 61974450176.00 62067699712.00 62161092608.00 62253596672.00 62346555392.00 62437675008.00 62542733312.00 62629953536.00 62722805760.00 62815096832.00 62908907520.00 62999916544.00 63095410688.00 63188570112.00 63280177152.00 63374737408.00 63468728320.00 63562448896.00 63655137280.00 
63745814528.00 63841939456.00 63934984192.00 64029077504.00 64121487360.00 64214757376.00 64308527104.00 64401854464.00 64494002176.00 64588640256.00 64681390080.00 64775327744.00 64868147200.00 64961724416.00 65054863360.00 65147875328.00 65241731072.00 65335246848.00 65428611072.00 65521582080.00 
65608069120.00 65708261376.00 65801670656.00 65894985728.00 65986146304.00 66081157120.00 66177667072.00 66268745728.00 66361769984.00 66455289856.00 66547810304.00 66641362944.00 66734567424.00 66828410880.00 66921402368.00 67014897664.00 67108212736.00 67202215936.00 67296067584.00 67388395520.00 
67476140032.00 67574988800.00 67668267008.00 67761680384.00 67854774272.00 67946463232.00 68041117696.00 68132274176.00 68228935680.00 68322054144.00 68414783488.00 68508569600.00 68601528320.00 68695261184.00 68788592640.00 68881588224.00 68972912640.00 69068849152.00 69161689088.00 69254856704.00 
69346951168.00 69442224128.00 69535064064.00 69628379136.00 69721071616.00 69814845440.00 69908348928.00 70001950720.00 70095003648.00 70187859968.00 70264283136.00 70375489536.00 70467510272.00 70561996800.00 70655205376.00 70748225536.00 70841565184.00 70935339008.00 71028457472.00 71121887232.00 
71212326912.00 71308427264.00 71403921408.00 71494787072.00 71588102144.00 71681540096.00 71775977472.00 71868342272.00 71959592960.00 72054562816.00 72147918848.00 72241774592.00 72335360000.00 72428314624.00 72521285632.00 72613543936.00 72707866624.00 72801812480.00 72895389696.00 72988459008.00 
73080414208.00 73174917120.00 73268436992.00 73361817600.00 73453961216.00 73547997184.00 73641639936.00 73735168000.00 73828196352.00 73921789952.00 74014244864.00 74108346368.00 74200997888.00 74294616064.00 74387816448.00 74480926720.00 74574143488.00 74667622400.00 74759946240.00 74851459072.00 
74892615680.00 75045593088.00 75136901120.00 75229552640.00 75322499072.00 75415552000.00 75509219328.00 75602092032.00 75695136768.00 75789950976.00 75881570304.00 75975868416.00 76068519936.00 76161482752.00 76255379456.00 76348669952.00 76441051136.00 76535463936.00 76628598784.00 76722151424.00 
76814008320.00 76908609536.00 77002244096.00 77095321600.00 77188431872.00 77280395264.00 77375234048.00 77468327936.00 77562126336.00 77655375872.00 77747994624.00 77841997824.00 77933158400.00 78028414976.00 78122156032.00 78215143424.00 78308499456.00 78401880064.00 78495326208.00 78588690432.00 
78679269376.00 78775238656.00 78866284544.00 78962360320.00 79055142912.00 79148244992.00 79241822208.00 79335178240.00 79427534848.00 79522144256.00 79611887616.00 79708078080.00 79801819136.00 79895175168.00 79988744192.00 80081698816.00 80174415872.00 80265445376.00 80362381312.00 80455450624.00 
80547463168.00 80642154496.00 80735297536.00 80828825600.00 80919920640.00 81015504896.00 81109090304.00 81202487296.00 81295253504.00 81388593152.00 81481785344.00 81575510016.00 81668317184.00 81762033664.00 81855332352.00 81939980288.00 82041880576.00 82134990848.00 82227544064.00 82322096128.00 
82409799680.00 82508668928.00 82601934848.00 82695143424.00 82788499456.00 82881765376.00 82975170560.00 83068239872.00 83160383488.00 83265724416.00 83349151744.00 83442933760.00 83535601664.00 83629047808.00 83722174464.00 83815317504.00 83906707456.00 84002299904.00 84096442368.00 84188971008.00 
84275240960.00 84375568384.00 84468867072.00 84561895424.00 84655120384.00 84748673024.00 84842094592.00 84935475200.00 85028569088.00 85120090112.00 85214937088.00 85308989440.00 85401034752.00 85495226368.00 85588402176.00 85681758208.00 85775032320.00 85869207552.00 85961342976.00 86055632896.00 
86146039808.00 86241992704.00 86334898176.00 86421831680.00 86522404864.00 86614024192.00 86709018624.00 86802358272.00 86893363200.00 86988824576.00 87081353216.00 87175397376.00 87268450304.00 87361748992.00 87455399936.00 87548395520.00 87641530368.00 87735517184.00 87828643840.00 87922065408.00 
88013897728.00 88107024384.00 88202371072.00 88295497728.00 88387821568.00 88481923072.00 88575500288.00 88668987392.00 88761982976.00 88855199744.00 88945360896.00 89042116608.00 89134538752.00 89229344768.00 89322102784.00 89415245824.00 89508749312.00 89602277376.00 89695428608.00 89788784640.00 
89870983168.00 89975685120.00 90068254720.00 90162880512.00 90255360000.00 90348445696.00 90442211328.00 90535321600.00 90628317184.00 90722205696.00 90815004672.00 90908917760.00 91002060800.00 91097915392.00 91188871168.00 91280465920.00 91374379008.00 91468783616.00 91562278912.00 91655200768.00 
91747450880.00 91841748992.00 91935293440.00 92028780544.00 92121489408.00 92215001088.00 92308643840.00 92400893952.00 92495036416.00 92588376064.00 92681199616.00 92775178240.00 92866314240.00 92961497088.00 93054697472.00 93147537408.00 93240852480.00 93334077440.00 93425991680.00 93516587008.00 
93545742336.00 93714776064.00 93805076480.00 93897465856.00 93990346752.00 94083211264.00 94176813056.00 94270267392.00 94361960448.00 94455562240.00 94548819968.00 94643822592.00 94735736832.00 94829707264.00 94922473472.00 95015927808.00 95108947968.00 95203082240.00 95295905792.00 95389270016.00 
95481372672.00 95575793664.00 95669149696.00 95762612224.00 95853780992.00 95947481088.00 96042541056.00 96135200768.00 96228859904.00 96322846720.00 96415268864.00 96509288448.00 96601694208.00 96696107008.00 96788881408.00 96882253824.00 96975724544.00 97065902080.00 97162608640.00 97256243200.00 
97343725568.00 97442488320.00 97535451136.00 97628807168.00 97722687488.00 97815568384.00 97908981760.00 98002640896.00 98095448064.00 98189049856.00 98279145472.00 98375737344.00 98468716544.00 98563121152.00 98655961088.00 98749087744.00 98840461312.00 98936299520.00 99029041152.00 99122946048.00 
99214409728.00 99309010944.00 99402604544.00 99495796736.00 99588612096.00 99682091008.00 99775184896.00 99870351360.00 99962568704.00 100056129536.00 100148584448.00 100242612224.00 100334845952.00 100429037568.00 100522418176.00 100614152192.00 100708810752.00 100804354048.00 100895604736.00 100989435904.00 
101079842816.00 101175091200.00 101269184512.00 101362556928.00 101455691776.00 101548892160.00 101642289152.00 101736022016.00 101826822144.00 101921759232.00 102014443520.00 102117580800.00 102202998784.00 102295969792.00 102388924416.00 102482518016.00 102575521792.00 102669475840.00 102761684992.00 102856073216.00 
102942367744.00 103042703360.00 103135682560.00 103229153280.00 103321640960.00 103415808000.00 103509180416.00 103602601984.00 103695679488.00 103789182976.00 103881793536.00 103973330944.00 104069087232.00 104162574336.00 104256167936.00 104349097984.00 104442322944.00 104535990272.00 104629043200.00 104722661376.00 
104804810752.00 104909266944.00 105002852352.00 105096118272.00 105189187584.00 105274032128.00 105375719424.00 105469296640.00 105561825280.00 105655713792.00 105748545536.00 105842630656.00 105935298560.00 106029178880.00 106122371072.00 106215456768.00 106308026368.00 106402414592.00 106495631360.00 106588897280.00 
106680778752.00 106775035904.00 106867097600.00 106975920128.00 107057020928.00 107149828096.00 107243192320.00 107336294400.00 107429552128.00 107522924544.00 107612700672.00 107709734912.00 107800641536.00 107896160256.00 107989549056.00 108082487296.00 108175933440.00 108269314048.00 108363227136.00 108455936000.00 
108546670592.00 108642566144.00 108735873024.00 108829917184.00 108922527744.00 109015580672.00 109109313536.00 109202948096.00 109295099904.00 109389185024.00 109482041344.00 109576290304.00 109669302272.00 109762830336.00 109855948800.00 109947568128.00 110041726976.00 110136590336.00 110229594112.00 110322925568.00 
110414790656.00 110509432832.00 110602993664.00 110695940096.00 110787264512.00 110881775616.00 110976016384.00 111069487104.00 111162482688.00 111255748608.00 111348670464.00 111442411520.00 111535554560.00 111630966784.00 111721996288.00 111815581696.00 111909183488.00 112002572288.00 112095698944.00 112188547072.00 
112254787584.00 112377004032.00 112469794816.00 112562380800.00 112656031744.00 112749346816.00 112842784768.00 112936083456.00 113029144576.00 113122557952.00 113215569920.00 113308680192.00 113401913344.00 113496514560.00 113589198848.00 113682513920.00 113774034944.00 113869021184.00 113963106304.00 114056011776.00 
114148114432.00 114242658304.00 114335776768.00 114429370368.00 114522193920.00 114614427648.00 114709397504.00 114803318784.00 114895798272.00 114989326336.00 115081437184.00 115178414080.00 115268804608.00 115362947072.00 115456073728.00 115549306880.00 115642712064.00 115736281088.00 115828998144.00 115922968576.00 
116013449216.00 116109508608.00 116202627072.00 116296237056.00 116389158912.00 116482605056.00 116576354304.00 116669276160.00 116760494080.00 116855922688.00 116932100096.00 117043150848.00 117136179200.00 117228576768.00 117322620928.00 117416198144.00 117508997120.00 117602402304.00 117696045056.00 117789433856.00 
117881446400.00 117976031232.00 118069248000.00 118161276928.00 118255419392.00 118349463552.00 118442999808.00 118536183808.00 118629253120.00 118723043328.00 118815604736.00 118909239296.00 119002243072.00 119096721408.00 119189413888.00 119281082368.00 119375921152.00 119469826048.00 119562592256.00 119656333312.00 
119738417152.00 119842865152.00 119935819776.00 120027889664.00 120122793984.00 120215846912.00 120309817344.00 120402952192.00 120495595520.00 120589467648.00 120681922560.00 120775778304.00 120869289984.00 120962932736.00 121055461376.00 121149341696.00 121241829376.00 121335783424.00 121429213184.00 121522839552.00 
121609166848.00 121709445120.00 121802620928.00 121896058880.00 121988923392.00 122082557952.00 122175840256.00 122269483008.00 122362642432.00 122455605248.00 122548723712.00 122642677760.00 122733731840.00 122829479936.00 122922344448.00 123015438336.00 123108999168.00 123202428928.00 123295629312.00 123389370368.00 
123479670784.00 123575803904.00 123668570112.00 123762245632.00 123855159296.00 123946917888.00 124041658368.00 124134785024.00 124226838528.00 124320776192.00 124412846080.00 124505489408.00 124595077120.00 124665438208.00 124805160960.00 124889030656.00 124979740672.00 125072506880.00 125165215744.00 125258260480.00 
125349986304.00 125444407296.00 125537443840.00 125630857216.00 125721837568.00 125817118720.00 125910564864.00 126004125696.00 126096941056.00 126190198784.00 126280327168.00 126377590784.00 126469701632.00 126564155392.00 126656815104.00 126749999104.00 126843650048.00 126936629248.00 127030009856.00 127123660800.00 
127211257856.00 127310397440.00 127403319296.00 127496921088.00 127589965824.00 127683043328.00 127776858112.00 127869984768.00 127962750976.00 128056885248.00 128149430272.00 128243367936.00 128336535552.00 128430055424.00 128523280384.00 128607961088.00 128707772416.00 128802848768.00 128896737280.00 128989716480.00 
129082195968.00 129176944640.00 129270210560.00 129363435520.00 129455996928.00 129550016512.00 129643266048.00 129736892416.00 129829847040.00 129923383296.00 130015879168.00 130109456384.00 130202484736.00 130296725504.00 130390163456.00 130483003392.00 130576670720.00 130670174208.00 130763087872.00 130856501248.00 
130936037376.00 131043418112.00 131136577536.00 131230253056.00 131323174912.00 131416236032.00 131510026240.00 131603316736.00 131694567424.00 131789701120.00 131882508288.00 131976028160.00 132071112704.00 132163534848.00 132256653312.00 132349902848.00 132442923008.00 132536754176.00 132630085632.00 132723204096.00 
132815396864.00 132909768704.00 133003198464.00 133096620032.00 133189074944.00 133281579008.00 133376499712.00 133469773824.00 133562425344.00 133657772032.00 133749686272.00 133843451904.00 133936275456.00 134030163968.00 134124240896.00 134216450048.00 134310248448.00 134403604480.00 134496583680.00 134589956096.00 
134672244736.00 134777323520.00 134869934080.00 134963281920.00 135056384000.00 135149830144.00 135243145216.00 135336689664.00 135429513216.00 135523409920.00 135613186048.00 135710343168.00 135802839040.00 135896424448.00 135988494336.00 136084799488.00 136176197632.00 136270454784.00 136363614208.00 136456822784.00 
136548917248.00 136643624960.00 136736718848.00 136829829120.00 136922890240.00 137016516608.00 137109962752.00 137203695616.00 137296535552.00 137390104576.00 137482715136.00 137576775680.00 137667723264.00 137763127296.00 137857384448.00 137948659712.00 138043310080.00 138137026560.00 138229891072.00 138324066304.00 
138413998080.00 138509975552.00 138603462656.00 138696802304.00 138790092800.00 138883072000.00 138976641024.00 139070111744.00 139162320896.00 139256692736.00 139349327872.00 139443339264.00 139536400384.00 139629871104.00 139723653120.00 139816337408.00 139909496832.00 140002983936.00 140096126976.00 140188844032.00 
140248514560.00 140378226688.00 140470648832.00 140563742720.00 140654772224.00 140750290944.00 140843597824.00 140936921088.00 141029900288.00 141123846144.00 141216202752.00 141309968384.00 141403045888.00 141496647680.00 141589938176.00 141683179520.00 141776551936.00 141869842432.00 141963526144.00 142057914368.00 
142144618496.00 142243561472.00 142336720896.00 142429847552.00 142524317696.00 142615265280.00 142709964800.00 142803484672.00 142896332800.00 142989901824.00 143082946560.00 143177121792.00 143270363136.00 143363407872.00 143456714752.00 143549857792.00 143641247744.00 143736700928.00 143828975616.00 143924379648.00 
144015802368.00 144110731264.00 144203644928.00 144297197568.00 144390029312.00 144483385344.00 144576610304.00 144670179328.00 144763191296.00 144856793088.00 144946790400.00 145041719296.00 145135828992.00 145230381056.00 145323491328.00 145416257536.00 145510678528.00 145603641344.00 145696931840.00 145790287872.00 
145880956928.00 145979195392.00 146070159360.00 146163728384.00 146256674816.00 146349211648.00 146443780096.00 146536005632.00 146628198400.00 146723553280.00 146816237568.00 146910232576.00 147003539456.00 147096698880.00 147190284288.00 147281788928.00 147376586752.00 147470172160.00 147563823104.00 147658129408.00 
147748814848.00 147843399680.00 147936837632.00 148030128128.00 148122566656.00 148216758272.00 148309917696.00 148403453952.00 148496367616.00 148589707264.00 148682817536.00 148776779776.00 148869398528.00 148963459072.00 149056618496.00 149149368320.00 149242626048.00 149335965696.00 149428305920.00 149520007168.00 
149560999936.00 149713928192.00 149805531136.00 149898559488.00 149990981632.00 150084206592.00 150177464320.00 150270738432.00 150363373568.00 150457188352.00 150550003712.00 150643703808.00 150737272832.00 150831005696.00 150923034624.00 151017078784.00 151109484544.00 151201988608.00 151297622016.00 151389618176.00 
151482597376.00 151577280512.00 151670833152.00 151763435520.00 151856562176.00 151941824512.00 152043487232.00 152137105408.00 152230166528.00 152323719168.00 152416796672.00 152510480384.00 152601657344.00 152697110528.00 152790335488.00 152883265536.00 152976375808.00 153070632960.00 153163890688.00 153257148416.00 
153347784704.00 153441435648.00 153536987136.00 153630638080.00 153723437056.00 153816793088.00 153910116352.00 153998508032.00 154096386048.00 154190544896.00 154280345600.00 154377076736.00 154470137856.00 154564083712.00 154657193984.00 154749501440.00 154843463680.00 154937311232.00 155030372352.00 155123875840.00 
155215904768.00 155309883392.00 155403698176.00 155497021440.00 155588132864.00 155683258368.00 155776237568.00 155872526336.00 155964063744.00 156057698304.00 156150071296.00 156244197376.00 156336816128.00 156430319616.00 156523610112.00 156615524352.00 156710404096.00 156803792896.00 156897214464.00 156989390848.00 
157078192128.00 157177217024.00 157270474752.00 157363814400.00 157455974400.00 157550608384.00 157643964416.00 157736927232.00 157830103040.00 157924343808.00 158016569344.00 158110384128.00 158203330560.00 158297374720.00 158390534144.00 158483726336.00 158574854144.00 158673256448.00 158763630592.00 158857445376.00 
158943625216.00 159044026368.00 159136907264.00 159230787584.00 159323357184.00 159417073664.00 159510315008.00 159603228672.00 159696912384.00 159790186496.00 159883018240.00 159976783872.00 160068583424.00 160162611200.00 160250626048.00 160352813056.00 160444710912.00 160537968640.00 160630964224.00 160723582976.00 
160814694400.00 160910966784.00 161003913216.00 161097269248.00 161190428672.00 161282473984.00 161377222656.00 161470693376.00 161561804800.00 161657389056.00 161750220800.00 161844641792.00 161937375232.00 162030583808.00 162124169216.00 162217361408.00 162310455296.00 162403811328.00 162497118208.00 162589409280.00 
162682929152.00 162777350144.00 162870919168.00 162963898368.00 163056369664.00 163150561280.00 163243786240.00 163337207808.00 163430252544.00 163523641344.00 163599826944.00 163710599168.00 163803578368.00 163897491456.00 163990274048.00 164083843072.00 164176478208.00 164269948928.00 164364025856.00 164457316352.00 
164539514880.00 164643586048.00 164737302528.00 164830789632.00 164923703296.00 165017370624.00 165110644736.00 165204131840.00 165296979968.00 165390499840.00 165483233280.00 165577916416.00 165670567936.00 165763842048.00 165857083392.00 165948522496.00 166042484736.00 166136020992.00 166235734016.00 166324879360.00 
166416416768.00 166510837760.00 166604324864.00 166697369600.00 166790561792.00 166883852288.00 166977503232.00 167070728192.00 167163904000.00 167257456640.00 167350157312.00 167443939328.00 167535411200.00 167629553664.00 167724122112.00 167817199616.00 167911145472.00 168004091904.00 168097382400.00 168190705664.00 
168270086144.00 168377679872.00 168470773760.00 168563949568.00 168657518592.00 168750432256.00 168843853824.00 168937504768.00 169029844992.00 169124102144.00 169216786432.00 169310765056.00 169404022784.00 169497477120.00 169590767616.00 169683697664.00 169776578560.00 169870295040.00 169959899136.00 170058121216.00 
170149593088.00 170244259840.00 170337812480.00 170430758912.00 170522066944.00 170616029184.00 170710335488.00 170803970048.00 170897145856.00 170991108096.00 171083284480.00 171177885696.00 171270062080.00 171363876864.00 171457642496.00 171550523392.00 171643518976.00 171737530368.00 171831099392.00 171924291584.00 
172011880448.00 172110528512.00 172203851776.00 172297158656.00 172390301696.00 172483493888.00 172574113792.00 172671254528.00 172763824128.00 172857491456.00 172947341312.00 173044269056.00 173137674240.00 173230882816.00 173324156928.00 173417267200.00 173508542464.00 173603569664.00 173697679360.00 173790937088.00 
173882540032.00 173977616384.00 174070448128.00 174163099648.00 174256832512.00 174350417920.00 174443315200.00 174538735616.00 174630813696.00 174724644864.00 174816821248.00 174911717376.00 175003172864.00 175097446400.00 175190835200.00 175275442176.00 175377317888.00 175470755840.00 175564111872.00 175657156608.00 
175747891200.00 175844278272.00 175936684032.00 176031137792.00 176124002304.00 176216915968.00 176310730752.00 176403939328.00 176495378432.00 176591388672.00 176683565056.00 176777609216.00 176870670336.00 176963682304.00 177057333248.00 177151557632.00 177243832320.00 177337745408.00 177430740992.00 177525080064.00 
177610473472.00 177711775744.00 177803837440.00 177897275392.00 177989566464.00 178084659200.00 178177654784.00 178271387648.00 178363793408.00 178456854528.00 178550210560.00 178643959808.00 178736988160.00 178826985472.00 178924371968.00 179017302016.00 179110805504.00 179204210688.00 179297452032.00 179390267392.00 
179472990208.00 179577716736.00 179670663168.00 179763707904.00 179857014784.00 179949092864.00 180045660160.00 180136738816.00 180230324224.00 180324286464.00 180416708608.00 180507803648.00 180604174336.00 180697399296.00 180790607872.00 180883636224.00 180976451584.00 181070643200.00 181164244992.00 181257486336.00 
181349498880.00 181444001792.00 181537406976.00 181631254528.00 181723594752.00 181817278464.00 181911797760.00 182004187136.00 182097199104.00 182190964736.00 182280732672.00 182377152512.00 182468345856.00 182563946496.00 182657253376.00 182750232576.00 182843981824.00 182937436160.00 183030579200.00 183124115456.00 
183214407680.00 183310647296.00 183404003328.00 183497605120.00 183590486016.00 183683874816.00 183777017856.00 183870881792.00 183962697728.00 184057298944.00 184149770240.00 184242700288.00 184336875520.00 184430559232.00 184523210752.00 184615321600.00 184710004736.00 184802689024.00 184896323584.00 184990498816.00 
185082183680.00 185176965120.00 185270190080.00 185362874368.00 185454428160.00 185549651968.00 185642647552.00 185735970816.00 185829015552.00 185922519040.00 186014908416.00 186108690432.00 186201309184.00 186294796288.00 186387480576.00 186479542272.00 186571784192.00 186663337984.00 186753024000.00 186834567168.00 
186810990592.00 187068137472.00 187149516800.00 187238957056.00 187330101248.00 187422244864.00 187514798080.00 187607810048.00 187700297728.00 187793784832.00 187886370816.00 187979792384.00 188073066496.00 188166340608.00 188259663872.00 188352626688.00 188443983872.00 188539600896.00 188632170496.00 188725641216.00 
188817620992.00 188912156672.00 189006151680.00 189100097536.00 189191716864.00 189283926016.00 189379379200.00 189472096256.00 189564977152.00 189660102656.00 189751492608.00 189845307392.00 189937451008.00 190031642624.00 190125195264.00 190218158080.00 190311612416.00 190404952064.00 190498619392.00 190591991808.00 
190682497024.00 190778474496.00 190871666688.00 190965121024.00 191058231296.00 191151554560.00 191245107200.00 191338676224.00 191429443584.00 191525470208.00 191614926848.00 191711608832.00 191804817408.00 191898271744.00 191990284288.00 192084770816.00 192177881088.00 192271122432.00 192365133824.00 192458424320.00 
192550469632.00 192645332992.00 192738328576.00 192831635456.00 192923959296.00 193018265600.00 193111785472.00 193205075968.00 193298153472.00 193394917376.00 193484390400.00 193578500096.00 193671364608.00 193765392384.00 193856847872.00 193950187520.00 194045050880.00 194138603520.00 194231779328.00 194324725760.00 
194407350272.00 194511962112.00 194604941312.00 194698362880.00 194791489536.00 194884747264.00 194978119680.00 195075702784.00 195164733440.00 195258466304.00 195350872064.00 195445555200.00 195538124800.00 195631431680.00 195724918784.00 195817242624.00 195910778880.00 196005445632.00 196098097152.00 196190961664.00 
196278140928.00 196377559040.00 196471619584.00 196564893696.00 196657823744.00 196750295040.00 196844912640.00 196938678272.00 197031215104.00 197124866048.00 197217714176.00 197311266816.00 197402984448.00 197498175488.00 197591728128.00 197684756480.00 197778030592.00 197871206400.00 197965889536.00 198058344448.00 
198148882432.00 198245269504.00 198338232320.00 198431588352.00 198524895232.00 198609534976.00 198711771136.00 198805143552.00 198897238016.00 198990888960.00 199084343296.00 199177830400.00 199271170048.00 199363887104.00 199458766848.00 199551418368.00 199644545024.00 199739637760.00 199831977984.00 199925317632.00 
200017084416.00 200111800320.00 200204861440.00 200299102208.00 200389541888.00 200485175296.00 200578285568.00 200671723520.00 200764555264.00 200858238976.00 200948236288.00 201044918272.00 201137471488.00 201231253504.00 201328427008.00 201418620928.00 201511469056.00 201605300224.00 201698623488.00 201792126976.00 
201879568384.00 201978609664.00 202071408640.00 202165190656.00 202258235392.00 202351280128.00 202444849152.00 202538876928.00 202631479296.00 202724671488.00 202817847296.00 202911334400.00 203004903424.00 203098292224.00 203192205312.00 203283267584.00 203376017408.00 203471798272.00 203564531712.00 203658330112.00 
203750047744.00 203843993600.00 203942559744.00 204032425984.00 204124782592.00 204218482688.00 204311363584.00 204405276672.00 204497911808.00 204591906816.00 204684738560.00 204778455040.00 204870533120.00 204964773888.00 205058719744.00 205151272960.00 205244530688.00 205338574848.00 205431767040.00 205524811776.00 
205604618240.00 205711835136.00 205805109248.00 205898448896.00 205991182336.00 206084685824.00 206178320384.00 206272774144.00 206363017216.00 206458978304.00 206551007232.00 206645444608.00 206738079744.00 206831566848.00 206924955648.00 207017918464.00 207111192576.00 207204859904.00 207298084864.00 207391948800.00 
207483338752.00 207577677824.00 207666380800.00 207766618112.00 207857975296.00 207950331904.00 208045342720.00 208138616832.00 208231874560.00 208324820992.00 208418045952.00 208512024576.00 208604626944.00 208698343424.00 208791715840.00 208884760576.00 208978411520.00 209071636480.00 209165107200.00 209259331584.00 
209340661760.00 209445404672.00 209538629632.00 209632837632.00 209725669376.00 209818304512.00 209912053760.00 210005000192.00 210098126848.00 210192056320.00 210267455488.00 210378784768.00 210471731200.00 210565218304.00 210658820096.00 210751635456.00 210844024832.00 210938642432.00 211031506944.00 211124977664.00 
211217186816.00 211313229824.00 211405340672.00 211498696704.00 211591118848.00 211684769792.00 211778224128.00 211872022528.00 211964919808.00 212058030080.00 212150845440.00 212245315584.00 212336214016.00 212432076800.00 212525088768.00 212616822784.00 212711784448.00 212805222400.00 212898578432.00 212991524864.00 
213082259456.00 213179056128.00 213271478272.00 213364473856.00 213457354752.00 213549252608.00 213652045824.00 213740126208.00 213831696384.00 213925724160.00 214018195456.00 214112305152.00 214205579264.00 214299295744.00 214391865344.00 214484910080.00 214578331648.00 214671802368.00 214765600768.00 214858498048.00 
214944956416.00 215045259264.00 215138795520.00 215229431808.00 215323049984.00 215418159104.00 215512039424.00 215605264384.00 215698931712.00 215792271360.00 215884824576.00 215978704896.00 216071520256.00 216165449728.00 216258543616.00 216351571968.00 216446287872.00 216538415104.00 216631902208.00 216725454848.00 
216813092864.00 216913133568.00 217005146112.00 217098780672.00 217191759872.00 217283559424.00 217378914304.00 217472286720.00 217564856320.00 217658638336.00 217751109632.00 217845039104.00 217937985536.00 218030145536.00 218126024704.00 218218758144.00 218310066176.00 218405552128.00 218498433024.00 218592313344.00 
218684096512.00 218778796032.00 218872004608.00 218965491712.00 219058208768.00 219152367616.00 219245543424.00 219338588160.00 219432222720.00 219525431296.00 219615117312.00 219711897600.00 219804270592.00 219904262144.00 219992309760.00 220084977664.00 220178726912.00 220271935488.00 220365258752.00 220461170688.00 
220549349376.00 220645457920.00 220738535424.00 220831924224.00 220925771776.00 221018767360.00 221111844864.00 221205528576.00 221296721920.00 221392453632.00 221484515328.00 221578657792.00 221671473152.00 221765386240.00 221858873344.00 221943185408.00 222044930048.00 222138990592.00 222231592960.00 222325456896.00 
222417223680.00 222512939008.00 222604656640.00 222700535808.00 222790926336.00 222885036032.00 222979309568.00 223071879168.00 223164645376.00 223258607616.00 223351078912.00 223445221376.00 223538053120.00 223631589376.00 223724847104.00 223817809920.00 223911247872.00 224004423680.00 224096813056.00 224188530688.00 
224229474304.00 224382435328.00 224473841664.00 224566919168.00 224659570688.00 224752582656.00 224845742080.00 224939229184.00 225032060928.00 225125957632.00 225218641920.00 225312948224.00 225405796352.00 225499037696.00 225592328192.00 225685061632.00 225778171904.00 225872658432.00 225965621248.00 226059059200.00 
226151038976.00 226244673536.00 226338553856.00 226432614400.00 226524823552.00 226617360384.00 226712485888.00 226805891072.00 226898706432.00 226992635904.00 227085074432.00 227178807296.00 227270164480.00 227366387712.00 227458940928.00 227552624640.00 227645554688.00 227738828800.00 227832020992.00 227923247104.00 
228015915008.00 228112154624.00 228205543424.00 228298915840.00 228391436288.00 228486004736.00 228578869248.00 228672323584.00 228764614656.00 228860870656.00 228948672512.00 229045420032.00 229138759680.00 229232410624.00 229325750272.00 229418647552.00 229511561216.00 229605130240.00 229698879488.00 229791891456.00 
229884035072.00 229978046464.00 230073286656.00 230165594112.00 230256885760.00 230352060416.00 230445629440.00 230538919936.00 230631702528.00 230725599232.00 230818349056.00 230912425984.00 231005388800.00 231099203584.00 231192477696.00 231283965952.00 231377682432.00 231472545792.00 231565918208.00 231659257856.00 
231746912256.00 231844659200.00 231938850816.00 232032862208.00 232125317120.00 232218689536.00 232312143872.00 232406122496.00 232498479104.00 232592506880.00 232685027328.00 232778727424.00 232872296448.00 232965832704.00 233058861056.00 233151741952.00 233243394048.00 233338552320.00 233431613440.00 233524314112.00 
233584410624.00 233713467392.00 233806217216.00 233899606016.00 233992142848.00 234085564416.00 234178510848.00 234272522240.00 234365517824.00 234459119616.00 234551836672.00 234645831680.00 234738237440.00 234832412672.00 234925572096.00 235018960896.00 235112054784.00 235205591040.00 235298865152.00 235392483328.00 
235482988544.00 235578294272.00 235672403968.00 235765432320.00 235859050496.00 235950637056.00 236044910592.00 236139298816.00 236230230016.00 236325732352.00 236418695168.00 236512673792.00 236605587456.00 236699009024.00 236792070144.00 236885426176.00 236978814976.00 237072744448.00 237165838336.00 237258866688.00 
237350928384.00 237445677056.00 237538672640.00 237632192512.00 237724368896.00 237817167872.00 237913784320.00 238006173696.00 238099202048.00 238192508928.00 238282440704.00 238379008000.00 238471806976.00 238565752832.00 238659223552.00 238752235520.00 238845657088.00 238939389952.00 239032483840.00 239125086208.00 
239208005632.00 239312650240.00 239405875200.00 239499083776.00 239591751680.00 239685664768.00 239778349056.00 239872475136.00 239965175808.00 240059056128.00 240151543808.00 240244654080.00 240339714048.00 240432644096.00 240525803520.00 240617766912.00 240711630848.00 240805986304.00 240899375104.00 240992976896.00 
241084628992.00 241179295744.00 241271947264.00 241365794816.00 241458642944.00 241552064512.00 241645912064.00 241739300864.00 241831133184.00 241926422528.00 242018746368.00 242112806912.00 242203885568.00 242299109376.00 242392317952.00 242485657600.00 242578817024.00 242672336896.00 242765955072.00 242859163648.00 
242938658816.00 243046416384.00 243139182592.00 243232391168.00 243325501440.00 243418906624.00 243511951360.00 243605585920.00 243698253824.00 243793084416.00 243885375488.00 243979206656.00 244072284160.00 244165509120.00 244259192832.00 244351942656.00 244445675520.00 244538933248.00 244632289280.00 244725727232.00 
244817838080.00 244912652288.00 245005762560.00 245099380736.00 245190410240.00 245277130752.00 245379006464.00 245472133120.00 245565374464.00 245659320320.00 245751742464.00 245845721088.00 245938536448.00 246032777216.00 246125477888.00 246219096064.00 246312255488.00 246405742592.00 246498869248.00 246592274432.00 
246680403968.00 246779002880.00 246872375296.00 246966026240.00 247058219008.00 247152115712.00 247245651968.00 247338762240.00 247431790592.00 247525146624.00 247615488000.00 247712186368.00 247805083648.00 247898619904.00 247991697408.00 248085004288.00 248176410624.00 248271765504.00 248364974080.00 248458182656.00 
248549916672.00 248644452352.00 248737267712.00 248830083072.00 248921686016.00 249013256192.00 249097289728.00 249237094400.00 249307004928.00 249397002240.00 249488621568.00 249581551616.00 249673498624.00 249767985152.00 249860685824.00 249952419840.00 250046840832.00 250140344320.00 250233716736.00 250326892544.00 
250417446912.00 250513391616.00 250607026176.00 250700054528.00 250792919040.00 250886733824.00 250980122624.00 251073036288.00 251164606464.00 251259813888.00 251352842240.00 251446902784.00 251539783680.00 251633106944.00 251726692352.00 251819229184.00 251912585216.00 252006334464.00 252099624960.00 252193062912.00 
252279603200.00 252379873280.00 252473393152.00 252566765568.00 252658483200.00 252752658432.00 252847276032.00 252939649024.00 253032693760.00 253126459392.00 253219160064.00 253313155072.00 253406003200.00 253499752448.00 253592846336.00 253686349824.00 253779116032.00 253874487296.00 253966467072.00 254059528192.00 
254141890560.00 254246404096.00 254339874816.00 254432559104.00 254526078976.00 254618009600.00 254712954880.00 254805557248.00 254899339264.00 254993448960.00 255085445120.00 255179538432.00 255272632320.00 255366397952.00 255459442688.00 255552389120.00 255644909568.00 255741247488.00 255833292800.00 255926419456.00 
256018235392.00 256112820224.00 256206389248.00 256300269568.00 256392495104.00 256485703680.00 256579502080.00 256674136064.00 256765902848.00 256859062272.00 256935624704.00 257046724608.00 257137655808.00 257233338368.00 257326088192.00 257419509760.00 257512898560.00 257606500352.00 257699495936.00 257793097728.00 
257883602944.00 257979826176.00 258073542656.00 258166325248.00 258259484672.00 258352775168.00 258446409728.00 258539765760.00 258631729152.00 258724265984.00 258819604480.00 258913271808.00 259006447616.00 259099246592.00 259192864768.00 259284910080.00 259379298304.00 259473227776.00 259566485504.00 259659890688.00 
259751706624.00 259846356992.00 259939188736.00 260033626112.00 260124459008.00 260219420672.00 260312956928.00 260406099968.00 260500242432.00 260593876992.00 260685856768.00 260780277760.00 260872470528.00 260966285312.00 261059641344.00 261152702464.00 261246025728.00 261340299264.00 261432737792.00 261525569536.00 
261591924736.00 261714083840.00 261806505984.00 261900173312.00 261993021440.00 262086213632.00 262180192256.00 262271614976.00 262366035968.00 262459883520.00 262552420352.00 262646956032.00 262739476480.00 262833012736.00 262926303232.00 263019970560.00 263111000064.00 263206338560.00 263299366912.00 263393132544.00 
263484964864.00 263579484160.00 263672627200.00 263766081536.00 263859961856.00 263951450112.00 264046395392.00 264139702272.00 264233009152.00 264326610944.00 264419213312.00 264513404928.00 264605384704.00 264699478016.00 264792997888.00 264886140928.00 264979873792.00 265072656384.00 265166667776.00 265259958272.00 
265350201344.00 265446457344.00 265539076096.00 265633234944.00 265726083072.00 265819521024.00 265912614912.00 266006380544.00 266097557504.00 266192977920.00 266282631168.00 266379673600.00 266472620032.00 266566221824.00 266659414016.00 266751868928.00 266844520448.00 266926243840.00 267035394048.00 267127619584.00 
267219222528.00 267313561600.00 267406622720.00 267500093440.00 267592531968.00 267686330368.00 267779866624.00 267873419264.00 267966840832.00 268059918336.00 268152717312.00 268246827008.00 268339511296.00 268432965632.00 268526731264.00 268611092480.00 268712673280.00 268806324224.00 268899663872.00 268993134592.00 
269075791872.00 269180010496.00 269273513984.00 269366493184.00 269459865600.00 269553008640.00 269646381056.00 269740261376.00 269832568832.00 269929398272.00 270019657728.00 270113325056.00 270206353408.00 270300086272.00 270392819712.00 270486126592.00 270578745344.00 270673297408.00 270766850048.00 270859976704.00 
270946140160.00 271046213632.00 271140847616.00 271233073152.00 271325691904.00 271419539456.00 271513518080.00 271606366208.00 271698690048.00 271784886272.00 271886893056.00 271980658688.00 272071442432.00 272166486016.00 272260022272.00 272353083392.00 272446406656.00 272539926528.00 272632987648.00 272727474176.00 
272817487872.00 272912941056.00 273006886912.00 273098178560.00 273193271296.00 273284759552.00 273379704832.00 273473552384.00 273565335552.00 273660264448.00 273752850432.00 273846239232.00 273939267584.00 274032017408.00 274127110144.00 274219859968.00 274312953856.00 274406670336.00 274499731456.00 274593513472.00 
274685231104.00 274779537408.00 274873122816.00 274966282240.00 275057606656.00 275152764928.00 275246678016.00 275339280384.00 275433324544.00 275526811648.00 275616628736.00 275713294336.00 275806191616.00 275899842560.00 275993329664.00 276086358016.00 276179517440.00 276273692672.00 276367147008.00 276460175360.00 
276547469312.00 276646002688.00 276739850240.00 276836483072.00 276926332928.00 277019721728.00 277113339904.00 277206695936.00 277299789824.00 277393408000.00 277486043136.00 277580054528.00 277673017344.00 277767421952.00 277859893248.00 277951578112.00 278044409856.00 278139895808.00 278233251840.00 278326444032.00 
278418587648.00 278513057792.00 278606643200.00 278699180032.00 278792732672.00 278886055936.00 278979739648.00 279073030144.00 279166189568.00 279258726400.00 279352279040.00 279447109632.00 279538597888.00 279632150528.00 279725604864.00 279818698752.00 279911923712.00 280004722688.00 280097325056.00 280187731968.00 
280216600576.00 280385912832.00 280476385280.00 280568463360.00 280661131264.00 280754618368.00 280847384576.00 280941133824.00 281031639040.00 281127026688.00 281220055040.00 281314033664.00 281406963712.00 281501728768.00 281593839616.00 281687195648.00 281779798016.00 281874006016.00 281967329280.00 282060685312.00 
282152337408.00 282247266304.00 282340130816.00 282433650688.00 282525892608.00 282618626048.00 282713620480.00 282804584448.00 282900135936.00 282993819648.00 283086192640.00 283180564480.00 283272904704.00 283367178240.00 283459911680.00 283553366016.00 283646525440.00 283739521024.00 283834220544.00 283926921216.00 
284009267200.00 284113534976.00 284207022080.00 284300476416.00 284393242624.00 284487122944.00 284580020224.00 284673212416.00 284766896128.00 284860186624.00 284950167552.00 285047521280.00 285140025344.00 285233709056.00 285327196160.00 285420552192.00 285512826880.00 285607002112.00 285699899392.00 285795516416.00 
285885825024.00 285980753920.00 286073749504.00 286166876160.00 286259937280.00 286353293312.00 286447042560.00 286540890112.00 286633754624.00 286726914048.00 286820106240.00 286913789952.00 287004950528.00 287100272640.00 287193464832.00 287284887552.00 287379783680.00 287480774656.00 287567511552.00 287660572672.00 
287751274496.00 287846825984.00 287941001216.00 288033112064.00 288126894080.00 288219856896.00 288313704448.00 288407322624.00 288499236864.00 288593575936.00 288686276608.00 288782581760.00 288873349120.00 288967294976.00 289060388864.00 289153548288.00 289246314496.00 289340588032.00 289433550848.00 289527267328.00 
289613611008.00 289713520640.00 289806024704.00 289900396544.00 289991720960.00 290086420480.00 290180235264.00 290272935936.00 290366488576.00 290459615232.00 290552315904.00 290636857344.00 290741059584.00 290833956864.00 290927214592.00 291020111872.00 291113598976.00 291207315456.00 291300245504.00 291393896448.00 
291481747456.00 291580739584.00 291674980352.00 291767517184.00 291860152320.00 291945185280.00 292047126528.00 292140187648.00 292233248768.00 292326866944.00 292419272704.00 292513972224.00 292606771200.00 292699897856.00 292793122816.00 292886446080.00 292978360320.00 293073846272.00 293167005696.00 293260328960.00 
293352538112.00 293447106560.00 293539872768.00 293636866048.00 293727076352.00 293820334080.00 293913690112.00 294007504896.00 294100533248.00 294194249728.00 294283706368.00 294380339200.00 294473138176.00 294567411712.00 294660702208.00 294753894400.00 294847447040.00 294940442624.00 295036190720.00 295127252992.00 
295217922048.00 295314096128.00 295407091712.00 295500972032.00 295593443328.00 295686701056.00 295780450304.00 295874265088.00 295965196288.00 296060256256.00 296153153536.00 296247132160.00 296340160512.00 296434270208.00 296527396864.00 296618688512.00 296713060352.00 296807038976.00 296900329472.00 296994111488.00 
297086025728.00 297180463104.00 297273884672.00 297366978560.00 297459286016.00 297553231872.00 297646915584.00 297741123584.00 297833562112.00 297926459392.00 298019815424.00 298112745472.00 298206724096.00 298300506112.00 298393108480.00 298486431744.00 298579165184.00 298673111040.00 298765221888.00 298857136128.00 
298897801216.00 299051515904.00 299142414336.00 299235311616.00 299328405504.00 299421204480.00 299514560512.00 299607916544.00 299700256768.00 299794366464.00 299887034368.00 299980947456.00 300073779200.00 300167364608.00 300260917248.00 300353978368.00 300446253056.00 300540624896.00 300634046464.00 300727435264.00 
300819382272.00 300914147328.00 301007142912.00 301100597248.00 301193461760.00 301285474304.00 301381386240.00 301473857536.00 301566722048.00 301660733440.00 301753991168.00 301847904256.00 301938475008.00 302034190336.00 302126301184.00 302220705792.00 302314258432.00 302407745536.00 302498742272.00 302594260992.00 
302684602368.00 302780841984.00 302874066944.00 302967226368.00 303060516864.00 303153479680.00 303247097856.00 303340781568.00 303432925184.00 303526674432.00 303603253248.00 303714566144.00 303807037440.00 303900459008.00 303993880576.00 304087236608.00 304180330496.00 304273883136.00 304367206400.00 304460464128.00 
304552968192.00 304647831552.00 304740827136.00 304833855488.00 304925179904.00 305020469248.00 305113825280.00 305206886400.00 305300439040.00 305393893376.00 305486266368.00 305580539904.00 305672880128.00 305770332160.00 305861099520.00 305952653312.00 306047549440.00 306140938240.00 306234228736.00 306327355392.00 
306415075328.00 306514362368.00 306606145536.00 306700386304.00 306793906176.00 306887098368.00 306980945920.00 307074170880.00 307166674944.00 307261046784.00 307353845760.00 307447169024.00 307540295680.00 307633684480.00 307724681216.00 307820494848.00 307912081408.00 308007698432.00 308100562944.00 308193951744.00 
308280229888.00 308380893184.00 308473528320.00 308566884352.00 308659978240.00 308754153472.00 308847443968.00 308940996608.00 309034352640.00 309127315456.00 309219950592.00 309313732608.00 309406498816.00 309500706816.00 309593866240.00 309687123968.00 309780512768.00 309873180672.00 309966929920.00 310060449792.00 
310151413760.00 310247161856.00 310339567616.00 310433939456.00 310527459328.00 310619209728.00 310713778176.00 310807560192.00 310898360320.00 310993584128.00 311086252032.00 311179706368.00 311272275968.00 311359864832.00 311464656896.00 311555391488.00 311648518144.00 311741612032.00 311835033600.00 311928356864.00 
312019845120.00 312114970624.00 312208162816.00 312301420544.00 312393138176.00 312487313408.00 312580898816.00 312674975744.00 312767250432.00 312861392896.00 312950685696.00 313047482368.00 313140445184.00 313234554880.00 313327550464.00 313420939264.00 313514098688.00 313607847936.00 313700581376.00 313794297856.00 
313876447232.00 313981140992.00 314074103808.00 314167787520.00 314260881408.00 314353778688.00 314447888384.00 314540621824.00 314633289728.00 314727923712.00 314820362240.00 314914242560.00 315007631360.00 315100889088.00 315194277888.00 315279245312.00 315380072448.00 315474477056.00 315567603712.00 315660959744.00 
315752775680.00 315847540736.00 315940896768.00 316034121728.00 316126396416.00 316221816832.00 316314779648.00 316408332288.00 316501196800.00 316594618368.00 316687122432.00 316780380160.00 316871835648.00 316967976960.00 317062119424.00 317154131968.00 317247455232.00 317341401088.00 317434331136.00 317527654400.00 
317607084032.00 317714726912.00 317807853568.00 317902225408.00 317993877504.00 318087168000.00 318180687872.00 318274109440.00 318366679040.00 318460887040.00 318553620480.00 318647435264.00 318740889600.00 318834409472.00 318927470592.00 319020761088.00 319113658368.00 319207276544.00 319300665344.00 319394480128.00 
319486689280.00 319580733440.00 319673892864.00 319767478272.00 319858540544.00 319952322560.00 320046792704.00 320139821056.00 320231243776.00 320332005376.00 320421822464.00 320515342336.00 320607846400.00 320701661184.00 320794886144.00 320887783424.00 320981204992.00 321074626560.00 321167622144.00 321261502464.00 
321349189632.00 321447985152.00 321541406720.00 321634140160.00 321727365120.00 321821147136.00 321914306560.00 322007367680.00 322100264960.00 322194636800.00 322284355584.00 322382790656.00 322473558016.00 322568683520.00 322660663296.00 322754740224.00 322845802496.00 322941419520.00 323034677248.00 323127738368.00 
323219980288.00 323314712576.00 323408068608.00 323501359104.00 323594223616.00 323687514112.00 323780608000.00 323876028416.00 323967746048.00 324060676096.00 324153802752.00 324248010752.00 324340416512.00 324434362368.00 324527521792.00 324619403264.00 324714463232.00 324808343552.00 324900552704.00 324995121152.00 
325085003776.00 325181145088.00 325274402816.00 325368250368.00 325461475328.00 325554241536.00 325647728640.00 325740756992.00 325832179712.00 325927763968.00 326020694016.00 326114770944.00 326206980096.00 326301286400.00 326394478592.00 326487375872.00 326580666368.00 326673989632.00 326766755840.00 326860046336.00 
326919487488.00 327049216000.00 327141457920.00 327234879488.00 327327023104.00 327421067264.00 327514357760.00 327608008704.00 327700905984.00 327794491392.00 327887454208.00 327981039616.00 328074002432.00 328168243200.00 328260714496.00 328354136064.00 328447655936.00 328541306880.00 328634400768.00 328727822336.00 
328810037248.00 328914501632.00 329007661056.00 329101213696.00 329194536960.00 329286189056.00 329381347328.00 329474768896.00 329567109120.00 329660661760.00 329754673152.00 329847767040.00 329941254144.00 330035036160.00 330128424960.00 330221158400.00 330313695232.00 330407804928.00 330501357568.00 330595139584.00 
330686300160.00 330782703616.00 330874978304.00 330968203264.00 331060903936.00 331153997824.00 331247845376.00 331341627392.00 331434262528.00 331527979008.00 331617533952.00 331714265088.00 331806015488.00 331900649472.00 331993743360.00 332085592064.00 332183437312.00 332275548160.00 332368543744.00 332461965312.00 
332552044544.00 332648546304.00 332741410816.00 332834406400.00 332927926272.00 333020659712.00 333114408960.00 333207764992.00 333300498432.00 333394804736.00 333487374336.00 333581320192.00 333674610688.00 333767933952.00 333861060608.00 333952712704.00 334047576064.00 334141030400.00 334234517504.00 334332985344.00 
334420541440.00 334515011584.00 334607810560.00 334701035520.00 334792818688.00 334887419904.00 334980022272.00 335074852864.00 335167815680.00 335260975104.00 335354494976.00 335447654400.00 335541141504.00 335634202624.00 335727951872.00 335821012992.00 335914860544.00 336007659520.00 336101081088.00 336193978368.00 
336260104192.00 336382459904.00 336475258880.00 336568516608.00 336661381120.00 336754966528.00 336847896576.00 336941514752.00 337034346496.00 337127931904.00 337220894720.00 337314775040.00 337407410176.00 337502339072.00 337594449920.00 337687969792.00 337779621888.00 337874124800.00 337968070656.00 338057330688.00 
338153668608.00 338248171520.00 338341199872.00 338434752512.00 338527289344.00 338612977664.00 338714951680.00 338807914496.00 338901532672.00 338994757632.00 339087261696.00 339181666304.00 339273482240.00 339367395328.00 339461767168.00 339554041856.00 339645693952.00 339742687232.00 339834601472.00 339928547328.00 
340018659328.00 340114079744.00 340208320512.00 340301807616.00 340394541056.00 340488093696.00 340581056512.00 340673200128.00 340766031872.00 340861321216.00 340951465984.00 341047672832.00 341139947520.00 341234974720.00 341328265216.00 341421359104.00 341513895936.00 341607317504.00 341701132288.00 341794783232.00 
341886763008.00 341979791360.00 342075441152.00 342167584768.00 342260350976.00 342354198528.00 342447325184.00 342543564800.00 342635085824.00 342728704000.00 342821109760.00 342915743744.00 343007494144.00 343101472768.00 343195353088.00 343286546432.00 343381737472.00 343474601984.00 343568252928.00 343661117440.00 
343743758336.00 343847895040.00 343941316608.00 344034902016.00 344127668224.00 344220794880.00 344314740736.00 344408195072.00 344500764672.00 344595103744.00 344687575040.00 344781127680.00 344873205760.00 344968855552.00 345061654528.00 345154781184.00 345247121408.00 345342377984.00 345434521600.00 345528434688.00 
345614680064.00 345714720768.00 345808273408.00 345901498368.00 345994952704.00 346087849984.00 346181632000.00 346274529280.00 346367885312.00 346461208576.00 346554335232.00 346648215552.00 346738819072.00 346834075648.00 346926350336.00 347022065664.00 347115028480.00 347208253440.00 347302100992.00 347394801664.00 
347485634560.00 347582496768.00 347674771456.00 347768029184.00 347860533248.00 347953299456.00 348047802368.00 348141158400.00 348233662464.00 348328689664.00 348421062656.00 348514779136.00 348607578112.00 348700409856.00 348795502592.00 348888203264.00 348981035008.00 349075341312.00 349168697344.00 349261627392.00 
349353672704.00 349447782400.00 349542809600.00 349635149824.00 349726605312.00 349821370368.00 349914562560.00 350008344576.00 350101536768.00 350194434048.00 350270816256.00 350381735936.00 350474960896.00 350568316928.00 350661640192.00 350754275328.00 350847926272.00 350941642752.00 351034933248.00 351127732224.00 
351215878144.00 351314771968.00 351408422912.00 351501549568.00 351594348544.00 351689113600.00 351781945344.00 351875989504.00 351967903744.00 352061980672.00 352154157056.00 352248266752.00 352341524480.00 352434913280.00 352527810560.00 352619593728.00 352712622080.00 352808009728.00 352902742016.00 352995016704.00 
353087127552.00 353181925376.00 353274822656.00 353368047616.00 353461469184.00 353554923520.00 353648082944.00 353741766656.00 353834729472.00 353927921664.00 354021507072.00 354114764800.00 354207268864.00 354301575168.00 354395226112.00 354488975360.00 354581315584.00 354674966528.00 354768420864.00 354861940736.00 
354940911616.00 355049078784.00 355141976064.00 355235135488.00 355327836160.00 355421585408.00 355514744832.00 355608854528.00 355699228672.00 355793993728.00 355887972352.00 355981918208.00 356075110400.00 356168400896.00 356262805504.00 356354457600.00 356447485952.00 356542251008.00 356633837568.00 356727980032.00 
356820254720.00 356915576832.00 357007785984.00 357101043712.00 357193908224.00 357286510592.00 357379637248.00 357474631680.00 357568020480.00 357661704192.00 357754208256.00 357849792512.00 357940789248.00 358034407424.00 358128549888.00 358220857344.00 358314672128.00 358408585216.00 358501154816.00 358594707456.00 
358676987904.00 358782009344.00 358875004928.00 358968164352.00 359061422080.00 359154221056.00 359247183872.00 359341981696.00 359434223616.00 359528169472.00 359618052096.00 359714553856.00 359808892928.00 359901757440.00 359994556416.00 360088109056.00 360180580352.00 360274231296.00 360368635904.00 360461631488.00 
360553316352.00 360647688192.00 360740487168.00 360834465792.00 360927854592.00 361021112320.00 361114730496.00 361208676352.00 361300983808.00 361394962432.00 361487269888.00 361584295936.00 361672376320.00 361766584320.00 361860792320.00 361946349568.00 362048192512.00 362142072832.00 362234871808.00 362328096768.00 
362419027968.00 362514448384.00 362607607808.00 362701422592.00 362794680320.00 362887741440.00 362981556224.00 363074584576.00 363167088640.00 363262148608.00 363353964544.00 363447943168.00 363541463040.00 363634589696.00 363728306176.00 363821629440.00 363914199040.00 364008374272.00 364101107712.00 364194889728.00 
364281528320.00 364381503488.00 364474990592.00 364567953408.00 364658884608.00 364754731008.00 364848349184.00 364943605760.00 365034242048.00 365127729152.00 365220298752.00 365314277376.00 365407830016.00 365500268544.00 365594542080.00 365688291328.00 365781024768.00 365874446336.00 365967933440.00 366061355008.00 
366149107712.00 366247673856.00 366341160960.00 366434254848.00 366527676416.00 366619197440.00 366715011072.00 366807416832.00 366900576256.00 366994456576.00 367087321088.00 367180185600.00 367274065920.00 367367979008.00 367461040128.00 367554265088.00 367645294592.00 367740190720.00 367834693632.00 367927754752.00 
368019439616.00 368113582080.00 368207265792.00 368300916736.00 368393584640.00 368486416384.00 368580919296.00 368674078720.00 368766713856.00 368860626944.00 368950444032.00 369047044096.00 369139646464.00 369234149376.00 369326620672.00 369420009472.00 369513431040.00 369607507968.00 369700995072.00 369793761280.00 
369883643904.00 369980080128.00 370073534464.00 370166890496.00 370259722240.00 370353176576.00 370446401536.00 370539921408.00 370630983680.00 370726666240.00 370819170304.00 370912493568.00 371005358080.00 371099238400.00 371191676928.00 371283755008.00 371378028544.00 371471843328.00 371564642304.00 371657605120.00 
371749683200.00 371844513792.00 371936919552.00 372030078976.00 372122484736.00 372215709696.00 372308770816.00 372401700864.00 372495024128.00 372587134976.00 372679016448.00 372772274176.00 372863762432.00 372956102656.00 373046673408.00 373136982016.00 373226143744.00 373311537152.00 373389459456.00 373435662336.00 
end   dump: w
==END   DUMP_ARRAYS==
Time in seconds = 0.068307
