Sender: LSF System <lsfadmin@polus-c3-ib.bmc.hpc.cs.msu.ru>
Subject: Job 494120: <./extra.o> in cluster <MSUCluster> Done

Job <./extra.o> was submitted from host <polus-ib.bmc.hpc.cs.msu.ru> by user <edu-cmc-skpod19-328-11> in cluster <MSUCluster> at Fri Nov 29 23:41:33 2019
Job was executed on host(s) <polus-c3-ib.bmc.hpc.cs.msu.ru>, in queue <short>, as user <edu-cmc-skpod19-328-11> in cluster <MSUCluster> at Fri Nov 29 23:41:35 2019
</home_edu/edu-cmc-skpod19-328/edu-cmc-skpod19-328-11> was used as the home directory.
</home_edu/edu-cmc-skpod19-328/edu-cmc-skpod19-328-11/dep_gemver> was used as the working directory.
Started at Fri Nov 29 23:41:35 2019
Terminated at Fri Nov 29 23:41:37 2019
Results reported at Fri Nov 29 23:41:37 2019

Your job looked like:

------------------------------------------------------------
# LSBATCH: User input
./extra.o
------------------------------------------------------------

Successfully completed.

Resource usage summary:

    CPU time :                                   11.51 sec.
    Max Memory :                                 4 MB
    Average Memory :                             2.00 MB
    Total Requested Memory :                     -
    Delta Memory :                               -
    Max Swap :                                   -
    Max Processes :                              1
    Max Threads :                                1
    Run time :                                   2 sec.
    Turnaround time :                            4 sec.

The output (if any) follows:

==BEGIN DUMP_ARRAYS==
begin dump: w
0.00 0.00 0.00 0.00 0.00 0.00 0.00 0.00 0.00 0.00 0.00 0.00 0.00 0.00 0.00 0.00 0.00 0.00 0.00 0.00 
0.00 0.00 0.00 0.00 0.00 0.00 0.00 0.00 0.00 0.00 0.00 0.00 0.00 0.00 0.00 0.00 0.00 0.00 0.00 0.00 
0.00 0.00 0.00 0.00 0.00 0.00 0.00 0.00 0.00 0.00 0.00 0.00 0.00 0.00 0.00 0.00 0.00 0.00 0.00 0.00 
0.00 0.00 0.00 0.00 0.00 0.00 0.00 0.00 0.00 0.00 0.00 0.00 0.00 0.00 0.00 0.00 0.00 0.00 0.00 0.00 
0.00 0.00 0.00 0.00 0.00 0.00 0.00 0.00 0.00 0.00 0.00 0.00 0.00 0.00 0.00 0.00 0.00 0.00 0.00 0.00 
0.00 0.00 0.00 0.00 0.00 0.00 0.00 0.00 0.00 0.00 0.00 0.00 0.00 0.00 0.00 0.00 0.00 0.00 0.00 0.00 
0.00 0.00 0.00 0.00 0.00 0.00 0.00 0.00 0.00 0.00 0.00 0.00 0.00 0.00 0.00 0.00 0.00 0.00 0.00 0.00 
0.00 0.00 0.00 0.00 0.00 0.00 0.00 0.00 0.00 0.00 0.00 0.00 0.00 0.00 0.00 0.00 0.00 0.00 0.00 0.00 
0.00 0.00 0.00 0.00 0.00 0.00 0.00 0.00 0.00 0.00 0.00 0.00 0.00 0.00 0.00 0.00 0.00 0.00 0.00 0.00 
0.00 0.00 0.00 0.00 0.00 0.00 0.00 0.00 0.00 0.00 0.00 0.00 0.00 0.00 0.00 0.00 0.00 0.00 0.00 0.00 
0.00 0.00 0.00 0.00 0.00 0.00 0.00 0.00 0.00 0.00 0.00 0.00 0.00 0.00 0.00 0.00 0.00 0.00 0.00 0.00 
0.00 0.00 0.00 0.00 0.00 0.00 0.00 0.00 0.00 0.00 0.00 0.00 0.00 0.00 0.00 0.00 0.00 0.00 0.00 0.00 
0.00 0.00 0.00 0.00 0.00 0.00 0.00 0.00 0.00 0.00 0.00 0.00 0.00 0.00 0.00 0.00 0.00 0.00 0.00 0.00 
0.00 0.00 0.00 0.00 0.00 0.00 0.00 0.00 0.00 0.00 0.00 0.00 0.00 0.00 0.00 0.00 0.00 0.00 0.00 0.00 
0.00 0.00 0.00 0.00 0.00 0.00 0.00 0.00 0.00 0.00 0.00 0.00 0.00 0.00 0.00 0.00 0.00 0.00 0.00 0.00 
0.00 0.00 0.00 0.00 0.00 0.00 0.00 0.00 0.00 0.00 0.00 0.00 0.00 0.00 0.00 0.00 0.00 0.00 0.00 0.00 
0.00 0.00 0.00 0.00 0.00 0.00 0.00 0.00 0.00 0.00 0.00 0.00 0.00 0.00 0.00 0.00 0.00 0.00 0.00 0.00 
0.00 0.00 0.00 0.00 0.00 0.00 0.00 0.00 0.00 0.00 0.00 0.00 0.00 0.00 0.00 0.00 0.00 0.00 0.00 0.00 
0.00 0.00 0.00 0.00 0.00 0.00 0.00 0.00 0.00 0.00 0.00 0.00 0.00 0.00 0.00 0.00 0.00 0.00 0.00 0.00 
0.00 0.00 0.00 0.00 0.00 0.00 0.00 0.00 0.00 0.00 0.00 0.00 0.00 0.00 0.00 0.00 0.00 0.00 0.00 0.00 
0.00 0.00 0.00 0.00 0.00 0.00 0.00 0.00 0.00 0.00 0.00 0.00 0.00 0.00 0.00 0.00 0.00 0.00 0.00 0.00 
0.00 0.00 0.00 0.00 0.00 0.00 0.00 0.00 0.00 0.00 0.00 0.00 0.00 0.00 0.00 0.00 0.00 0.00 0.00 0.00 
0.00 0.00 0.00 0.00 0.00 0.00 0.00 0.00 0.00 0.00 0.00 0.00 0.00 0.00 0.00 0.00 0.00 0.00 0.00 0.00 
0.00 0.00 0.00 0.00 0.00 0.00 0.00 0.00 0.00 0.00 0.00 0.00 0.00 0.00 0.00 0.00 0.00 0.00 0.00 0.00 
0.00 0.00 0.00 0.00 0.00 0.00 0.00 0.00 0.00 0.00 0.00 0.00 0.00 0.00 0.00 0.00 0.00 0.00 0.00 0.00 
0.00 0.00 0.00 0.00 0.00 0.00 0.00 0.00 0.00 0.00 0.00 0.00 0.00 0.00 0.00 0.00 0.00 0.00 0.00 0.00 
0.00 0.00 0.00 0.00 0.00 0.00 0.00 0.00 0.00 0.00 0.00 0.00 0.00 0.00 0.00 0.00 0.00 0.00 0.00 0.00 
0.00 0.00 0.00 0.00 0.00 0.00 0.00 0.00 0.00 0.00 0.00 0.00 0.00 0.00 0.00 0.00 0.00 0.00 0.00 0.00 
0.00 0.00 0.00 0.00 0.00 0.00 0.00 0.00 0.00 0.00 0.00 0.00 0.00 0.00 0.00 0.00 0.00 0.00 0.00 0.00 
0.00 0.00 0.00 0.00 0.00 0.00 0.00 0.00 0.00 0.00 0.00 0.00 0.00 0.00 0.00 0.00 0.00 0.00 0.00 0.00 
0.00 0.00 0.00 0.00 0.00 0.00 0.00 0.00 0.00 0.00 0.00 0.00 0.00 0.00 0.00 0.00 0.00 0.00 0.00 0.00 
0.00 0.00 0.00 0.00 0.00 0.00 0.00 0.00 0.00 0.00 0.00 0.00 0.00 0.00 0.00 0.00 0.00 0.00 0.00 0.00 
0.00 0.00 0.00 0.00 0.00 0.00 0.00 0.00 0.00 0.00 0.00 0.00 0.00 0.00 0.00 0.00 0.00 0.00 0.00 0.00 
0.00 0.00 0.00 0.00 0.00 0.00 0.00 0.00 0.00 0.00 0.00 0.00 0.00 0.00 0.00 0.00 0.00 0.00 0.00 0.00 
0.00 0.00 0.00 0.00 0.00 0.00 0.00 0.00 0.00 0.00 0.00 0.00 0.00 0.00 0.00 0.00 0.00 0.00 0.00 0.00 
0.00 0.00 0.00 0.00 0.00 0.00 0.00 0.00 0.00 0.00 0.00 0.00 0.00 0.00 0.00 0.00 0.00 0.00 0.00 0.00 
0.00 0.00 0.00 0.00 0.00 0.00 0.00 0.00 0.00 0.00 0.00 0.00 0.00 0.00 0.00 0.00 0.00 0.00 0.00 0.00 
0.00 0.00 0.00 0.00 0.00 0.00 0.00 0.00 0.00 0.00 0.00 0.00 0.00 0.00 0.00 0.00 0.00 0.00 0.00 0.00 
0.00 0.00 0.00 0.00 0.00 0.00 0.00 0.00 0.00 0.00 0.00 0.00 0.00 0.00 0.00 0.00 0.00 0.00 0.00 0.00 
0.00 0.00 0.00 0.00 0.00 0.00 0.00 0.00 0.00 0.00 0.00 0.00 0.00 0.00 0.00 0.00 0.00 0.00 0.00 0.00 
0.00 0.00 0.00 0.00 0.00 0.00 0.00 0.00 0.00 0.00 0.00 0.00 0.00 0.00 0.00 0.00 0.00 0.00 0.00 0.00 
0.00 0.00 0.00 0.00 0.00 0.00 0.00 0.00 0.00 0.00 0.00 0.00 0.00 0.00 0.00 0.00 0.00 0.00 0.00 0.00 
0.00 0.00 0.00 0.00 0.00 0.00 0.00 0.00 0.00 0.00 0.00 0.00 0.00 0.00 0.00 0.00 0.00 0.00 0.00 0.00 
0.00 0.00 0.00 0.00 0.00 0.00 0.00 0.00 0.00 0.00 0.00 0.00 0.00 0.00 0.00 0.00 0.00 0.00 0.00 0.00 
0.00 0.00 0.00 0.00 0.00 0.00 0.00 0.00 0.00 0.00 0.00 0.00 0.00 0.00 0.00 0.00 0.00 0.00 0.00 0.00 
0.00 0.00 0.00 0.00 0.00 0.00 0.00 0.00 0.00 0.00 0.00 0.00 0.00 0.00 0.00 0.00 0.00 0.00 0.00 0.00 
0.00 0.00 0.00 0.00 0.00 0.00 0.00 0.00 0.00 0.00 0.00 0.00 0.00 0.00 0.00 0.00 0.00 0.00 0.00 0.00 
0.00 0.00 0.00 0.00 0.00 0.00 0.00 0.00 0.00 0.00 0.00 0.00 0.00 0.00 0.00 0.00 0.00 0.00 0.00 0.00 
0.00 0.00 0.00 0.00 0.00 0.00 0.00 0.00 0.00 0.00 0.00 0.00 0.00 0.00 0.00 0.00 0.00 0.00 0.00 0.00 
0.00 0.00 0.00 0.00 0.00 0.00 0.00 0.00 0.00 0.00 0.00 0.00 0.00 0.00 0.00 0.00 0.00 0.00 0.00 0.00 
0.00 0.00 0.00 0.00 0.00 0.00 0.00 0.00 0.00 0.00 0.00 0.00 0.00 0.00 0.00 0.00 0.00 0.00 0.00 0.00 
0.00 0.00 0.00 0.00 0.00 0.00 0.00 0.00 0.00 0.00 0.00 0.00 0.00 0.00 0.00 0.00 0.00 0.00 0.00 0.00 
0.00 0.00 0.00 0.00 0.00 0.00 0.00 0.00 0.00 0.00 0.00 0.00 0.00 0.00 0.00 0.00 0.00 0.00 0.00 0.00 
0.00 0.00 0.00 0.00 0.00 0.00 0.00 0.00 0.00 0.00 0.00 0.00 0.00 0.00 0.00 0.00 0.00 0.00 0.00 0.00 
0.00 0.00 0.00 0.00 0.00 0.00 0.00 0.00 0.00 0.00 0.00 0.00 0.00 0.00 0.00 0.00 0.00 0.00 0.00 0.00 
0.00 0.00 0.00 0.00 0.00 0.00 0.00 0.00 0.00 0.00 0.00 0.00 0.00 0.00 0.00 0.00 0.00 0.00 0.00 0.00 
0.00 0.00 0.00 0.00 0.00 0.00 0.00 0.00 0.00 0.00 0.00 0.00 0.00 0.00 0.00 0.00 0.00 0.00 0.00 0.00 
0.00 0.00 0.00 0.00 0.00 0.00 0.00 0.00 0.00 0.00 0.00 0.00 0.00 0.00 0.00 0.00 0.00 0.00 0.00 0.00 
0.00 0.00 0.00 0.00 0.00 0.00 0.00 0.00 0.00 0.00 0.00 0.00 0.00 0.00 0.00 0.00 0.00 0.00 0.00 0.00 
0.00 0.00 0.00 0.00 0.00 0.00 0.00 0.00 0.00 0.00 0.00 0.00 0.00 0.00 0.00 0.00 0.00 0.00 0.00 0.00 
0.00 0.00 0.00 0.00 0.00 0.00 0.00 0.00 0.00 0.00 0.00 0.00 0.00 0.00 0.00 0.00 0.00 0.00 0.00 0.00 
0.00 0.00 0.00 0.00 0.00 0.00 0.00 0.00 0.00 0.00 0.00 0.00 0.00 0.00 0.00 0.00 0.00 0.00 0.00 0.00 
0.00 0.00 0.00 0.00 0.00 0.00 0.00 0.00 0.00 0.00 0.00 0.00 0.00 0.00 0.00 0.00 0.00 0.00 0.00 0.00 
0.00 0.00 0.00 0.00 0.00 0.00 0.00 0.00 0.00 0.00 0.00 0.00 0.00 0.00 0.00 0.00 0.00 0.00 0.00 0.00 
0.00 0.00 0.00 0.00 0.00 0.00 0.00 0.00 0.00 0.00 0.00 0.00 0.00 0.00 0.00 0.00 0.00 0.00 0.00 0.00 
0.00 0.00 0.00 0.00 0.00 0.00 0.00 0.00 0.00 0.00 0.00 0.00 0.00 0.00 0.00 0.00 0.00 0.00 0.00 0.00 
0.00 0.00 0.00 0.00 0.00 0.00 0.00 0.00 0.00 0.00 0.00 0.00 0.00 0.00 0.00 0.00 0.00 0.00 0.00 0.00 
0.00 0.00 0.00 0.00 0.00 0.00 0.00 0.00 0.00 0.00 0.00 0.00 0.00 0.00 0.00 0.00 0.00 0.00 0.00 0.00 
0.00 0.00 0.00 0.00 0.00 0.00 0.00 0.00 0.00 0.00 0.00 0.00 0.00 0.00 0.00 0.00 0.00 0.00 0.00 0.00 
0.00 0.00 0.00 0.00 0.00 0.00 0.00 0.00 0.00 0.00 0.00 0.00 0.00 0.00 0.00 0.00 0.00 0.00 0.00 0.00 
0.00 0.00 0.00 0.00 0.00 0.00 0.00 0.00 0.00 0.00 0.00 0.00 0.00 0.00 0.00 0.00 0.00 0.00 0.00 0.00 
0.00 0.00 0.00 0.00 0.00 0.00 0.00 0.00 0.00 0.00 0.00 0.00 0.00 0.00 0.00 0.00 0.00 0.00 0.00 0.00 
0.00 0.00 0.00 0.00 0.00 0.00 0.00 0.00 0.00 0.00 0.00 0.00 0.00 0.00 0.00 0.00 0.00 0.00 0.00 0.00 
0.00 0.00 0.00 0.00 0.00 0.00 0.00 0.00 0.00 0.00 0.00 0.00 0.00 0.00 0.00 0.00 0.00 0.00 0.00 0.00 
0.00 0.00 0.00 0.00 0.00 0.00 0.00 0.00 0.00 0.00 0.00 0.00 0.00 0.00 0.00 0.00 0.00 0.00 0.00 0.00 
0.00 0.00 0.00 0.00 0.00 0.00 0.00 0.00 0.00 0.00 0.00 0.00 0.00 0.00 0.00 0.00 0.00 0.00 0.00 0.00 
0.00 0.00 0.00 0.00 0.00 0.00 0.00 0.00 0.00 0.00 0.00 0.00 0.00 0.00 0.00 0.00 0.00 0.00 0.00 0.00 
0.00 0.00 0.00 0.00 0.00 0.00 0.00 0.00 0.00 0.00 0.00 0.00 0.00 0.00 0.00 0.00 0.00 0.00 0.00 0.00 
0.00 0.00 0.00 0.00 0.00 0.00 0.00 0.00 0.00 0.00 0.00 0.00 0.00 0.00 0.00 0.00 0.00 0.00 0.00 0.00 
0.00 0.00 0.00 0.00 0.00 0.00 0.00 0.00 0.00 0.00 0.00 0.00 0.00 0.00 0.00 0.00 0.00 0.00 0.00 0.00 
0.00 0.00 0.00 0.00 0.00 0.00 0.00 0.00 0.00 0.00 0.00 0.00 0.00 0.00 0.00 0.00 0.00 0.00 0.00 0.00 
0.00 0.00 0.00 0.00 0.00 0.00 0.00 0.00 0.00 0.00 0.00 0.00 0.00 0.00 0.00 0.00 0.00 0.00 0.00 0.00 
0.00 0.00 0.00 0.00 0.00 0.00 0.00 0.00 0.00 0.00 0.00 0.00 0.00 0.00 0.00 0.00 0.00 0.00 0.00 0.00 
0.00 0.00 0.00 0.00 0.00 0.00 0.00 0.00 0.00 0.00 0.00 0.00 0.00 0.00 0.00 0.00 0.00 0.00 0.00 0.00 
0.00 0.00 0.00 0.00 0.00 0.00 0.00 0.00 0.00 0.00 0.00 0.00 0.00 0.00 0.00 0.00 0.00 0.00 0.00 0.00 
0.00 0.00 0.00 0.00 0.00 0.00 0.00 0.00 0.00 0.00 0.00 0.00 0.00 0.00 0.00 0.00 0.00 0.00 0.00 0.00 
0.00 0.00 0.00 0.00 0.00 0.00 0.00 0.00 0.00 0.00 0.00 0.00 0.00 0.00 0.00 0.00 0.00 0.00 0.00 0.00 
0.00 0.00 0.00 0.00 0.00 0.00 0.00 0.00 0.00 0.00 0.00 0.00 0.00 0.00 0.00 0.00 0.00 0.00 0.00 0.00 
0.00 0.00 0.00 0.00 0.00 0.00 0.00 0.00 0.00 0.00 0.00 0.00 0.00 0.00 0.00 0.00 0.00 0.00 0.00 0.00 
0.00 0.00 0.00 0.00 0.00 0.00 0.00 0.00 0.00 0.00 0.00 0.00 0.00 0.00 0.00 0.00 0.00 0.00 0.00 0.00 
0.00 0.00 0.00 0.00 0.00 0.00 0.00 0.00 0.00 0.00 0.00 0.00 0.00 0.00 0.00 0.00 0.00 0.00 0.00 0.00 
0.00 0.00 0.00 0.00 0.00 0.00 0.00 0.00 0.00 0.00 0.00 0.00 0.00 0.00 0.00 0.00 0.00 0.00 0.00 0.00 
0.00 0.00 0.00 0.00 0.00 0.00 0.00 0.00 0.00 0.00 0.00 0.00 0.00 0.00 0.00 0.00 0.00 0.00 0.00 0.00 
0.00 0.00 0.00 0.00 0.00 0.00 0.00 0.00 0.00 0.00 0.00 0.00 0.00 0.00 0.00 0.00 0.00 0.00 0.00 0.00 
0.00 0.00 0.00 0.00 0.00 0.00 0.00 0.00 0.00 0.00 0.00 0.00 0.00 0.00 0.00 0.00 0.00 0.00 0.00 0.00 
0.00 0.00 0.00 0.00 0.00 0.00 0.00 0.00 0.00 0.00 0.00 0.00 0.00 0.00 0.00 0.00 0.00 0.00 0.00 0.00 
0.00 0.00 0.00 0.00 0.00 0.00 0.00 0.00 0.00 0.00 0.00 0.00 0.00 0.00 0.00 0.00 0.00 0.00 0.00 0.00 
0.00 0.00 0.00 0.00 0.00 0.00 0.00 0.00 0.00 0.00 0.00 0.00 0.00 0.00 0.00 0.00 0.00 0.00 0.00 0.00 
0.00 0.00 0.00 0.00 0.00 0.00 0.00 0.00 0.00 0.00 0.00 0.00 0.00 0.00 0.00 0.00 0.00 0.00 0.00 0.00 
0.00 0.00 0.00 0.00 0.00 0.00 0.00 0.00 0.00 0.00 0.00 0.00 0.00 0.00 0.00 0.00 0.00 0.00 0.00 0.00 
0.00 0.00 0.00 0.00 0.00 0.00 0.00 0.00 0.00 0.00 0.00 0.00 0.00 0.00 0.00 0.00 0.00 0.00 0.00 0.00 
0.00 0.00 0.00 0.00 0.00 0.00 0.00 0.00 0.00 0.00 0.00 0.00 0.00 0.00 0.00 0.00 0.00 0.00 0.00 0.00 
0.00 0.00 0.00 0.00 0.00 0.00 0.00 0.00 0.00 0.00 0.00 0.00 0.00 0.00 0.00 0.00 0.00 0.00 0.00 0.00 
0.00 0.00 0.00 0.00 0.00 0.00 0.00 0.00 0.00 0.00 0.00 0.00 0.00 0.00 0.00 0.00 0.00 0.00 0.00 0.00 
0.00 0.00 0.00 0.00 0.00 0.00 0.00 0.00 0.00 0.00 0.00 0.00 0.00 0.00 0.00 0.00 0.00 0.00 0.00 0.00 
0.00 0.00 0.00 0.00 0.00 0.00 0.00 0.00 0.00 0.00 0.00 0.00 0.00 0.00 0.00 0.00 0.00 0.00 0.00 0.00 
0.00 0.00 0.00 0.00 0.00 0.00 0.00 0.00 0.00 0.00 0.00 0.00 0.00 0.00 0.00 0.00 0.00 0.00 0.00 0.00 
0.00 0.00 0.00 0.00 0.00 0.00 0.00 0.00 0.00 0.00 0.00 0.00 0.00 0.00 0.00 0.00 0.00 0.00 0.00 0.00 
0.00 0.00 0.00 0.00 0.00 0.00 0.00 0.00 0.00 0.00 0.00 0.00 0.00 0.00 0.00 0.00 0.00 0.00 0.00 0.00 
0.00 0.00 0.00 0.00 0.00 0.00 0.00 0.00 0.00 0.00 0.00 0.00 0.00 0.00 0.00 0.00 0.00 0.00 0.00 0.00 
0.00 0.00 0.00 0.00 0.00 0.00 0.00 0.00 0.00 0.00 0.00 0.00 0.00 0.00 0.00 0.00 0.00 0.00 0.00 0.00 
0.00 0.00 0.00 0.00 0.00 0.00 0.00 0.00 0.00 0.00 0.00 0.00 0.00 0.00 0.00 0.00 0.00 0.00 0.00 0.00 
0.00 0.00 0.00 0.00 0.00 0.00 0.00 0.00 0.00 0.00 0.00 0.00 0.00 0.00 0.00 0.00 0.00 0.00 0.00 0.00 
0.00 0.00 0.00 0.00 0.00 0.00 0.00 0.00 0.00 0.00 0.00 0.00 0.00 0.00 0.00 0.00 0.00 0.00 0.00 0.00 
0.00 0.00 0.00 0.00 0.00 0.00 0.00 0.00 0.00 0.00 0.00 0.00 0.00 0.00 0.00 0.00 0.00 0.00 0.00 0.00 
0.00 0.00 0.00 0.00 0.00 0.00 0.00 0.00 0.00 0.00 0.00 0.00 0.00 0.00 0.00 0.00 0.00 0.00 0.00 0.00 
0.00 0.00 0.00 0.00 0.00 0.00 0.00 0.00 0.00 0.00 0.00 0.00 0.00 0.00 0.00 0.00 0.00 0.00 0.00 0.00 
0.00 0.00 0.00 0.00 0.00 0.00 0.00 0.00 0.00 0.00 0.00 0.00 0.00 0.00 0.00 0.00 0.00 0.00 0.00 0.00 
0.00 0.00 0.00 0.00 0.00 0.00 0.00 0.00 0.00 0.00 0.00 0.00 0.00 0.00 0.00 0.00 0.00 0.00 0.00 0.00 
0.00 0.00 0.00 0.00 0.00 0.00 0.00 0.00 0.00 0.00 0.00 0.00 0.00 0.00 0.00 0.00 0.00 0.00 0.00 0.00 
0.00 0.00 0.00 0.00 0.00 0.00 0.00 0.00 0.00 0.00 0.00 0.00 0.00 0.00 0.00 0.00 0.00 0.00 0.00 0.00 
0.00 0.00 0.00 0.00 0.00 0.00 0.00 0.00 0.00 0.00 0.00 0.00 0.00 0.00 0.00 0.00 0.00 0.00 0.00 0.00 
0.00 0.00 0.00 0.00 0.00 0.00 0.00 0.00 0.00 0.00 0.00 0.00 0.00 0.00 0.00 0.00 0.00 0.00 0.00 0.00 
0.00 0.00 0.00 0.00 0.00 0.00 0.00 0.00 0.00 0.00 0.00 0.00 0.00 0.00 0.00 0.00 0.00 0.00 0.00 0.00 
0.00 0.00 0.00 0.00 0.00 0.00 0.00 0.00 0.00 0.00 0.00 0.00 0.00 0.00 0.00 0.00 0.00 0.00 0.00 0.00 
0.00 0.00 0.00 0.00 0.00 0.00 0.00 0.00 0.00 0.00 0.00 0.00 0.00 0.00 0.00 0.00 0.00 0.00 0.00 0.00 
0.00 0.00 0.00 0.00 0.00 0.00 0.00 0.00 0.00 0.00 0.00 0.00 0.00 0.00 0.00 0.00 0.00 0.00 0.00 0.00 
0.00 0.00 0.00 0.00 0.00 0.00 0.00 0.00 0.00 0.00 0.00 0.00 0.00 0.00 0.00 0.00 0.00 0.00 0.00 0.00 
0.00 0.00 0.00 0.00 0.00 0.00 0.00 0.00 0.00 0.00 0.00 0.00 0.00 0.00 0.00 0.00 0.00 0.00 0.00 0.00 
0.00 0.00 0.00 0.00 0.00 0.00 0.00 0.00 0.00 0.00 0.00 0.00 0.00 0.00 0.00 0.00 0.00 0.00 0.00 0.00 
0.00 0.00 0.00 0.00 0.00 0.00 0.00 0.00 0.00 0.00 0.00 0.00 0.00 0.00 0.00 0.00 0.00 0.00 0.00 0.00 
0.00 0.00 0.00 0.00 0.00 0.00 0.00 0.00 0.00 0.00 0.00 0.00 0.00 0.00 0.00 0.00 0.00 0.00 0.00 0.00 
0.00 0.00 0.00 0.00 0.00 0.00 0.00 0.00 0.00 0.00 0.00 0.00 0.00 0.00 0.00 0.00 0.00 0.00 0.00 0.00 
0.00 0.00 0.00 0.00 0.00 0.00 0.00 0.00 0.00 0.00 0.00 0.00 0.00 0.00 0.00 0.00 0.00 0.00 0.00 0.00 
0.00 0.00 0.00 0.00 0.00 0.00 0.00 0.00 0.00 0.00 0.00 0.00 0.00 0.00 0.00 0.00 0.00 0.00 0.00 0.00 
0.00 0.00 0.00 0.00 0.00 0.00 0.00 0.00 0.00 0.00 0.00 0.00 0.00 0.00 0.00 0.00 0.00 0.00 0.00 0.00 
0.00 0.00 0.00 0.00 0.00 0.00 0.00 0.00 0.00 0.00 0.00 0.00 0.00 0.00 0.00 0.00 0.00 0.00 0.00 0.00 
0.00 0.00 0.00 0.00 0.00 0.00 0.00 0.00 0.00 0.00 0.00 0.00 0.00 0.00 0.00 0.00 0.00 0.00 0.00 0.00 
0.00 0.00 0.00 0.00 0.00 0.00 0.00 0.00 0.00 0.00 0.00 0.00 0.00 0.00 0.00 0.00 0.00 0.00 0.00 0.00 
0.00 0.00 0.00 0.00 0.00 0.00 0.00 0.00 0.00 0.00 0.00 0.00 0.00 0.00 0.00 0.00 0.00 0.00 0.00 0.00 
0.00 0.00 0.00 0.00 0.00 0.00 0.00 0.00 0.00 0.00 0.00 0.00 0.00 0.00 0.00 0.00 0.00 0.00 0.00 0.00 
0.00 0.00 0.00 0.00 0.00 0.00 0.00 0.00 0.00 0.00 0.00 0.00 0.00 0.00 0.00 0.00 0.00 0.00 0.00 0.00 
0.00 0.00 0.00 0.00 0.00 0.00 0.00 0.00 0.00 0.00 0.00 0.00 0.00 0.00 0.00 0.00 0.00 0.00 0.00 0.00 
0.00 0.00 0.00 0.00 0.00 0.00 0.00 0.00 0.00 0.00 0.00 0.00 0.00 0.00 0.00 0.00 0.00 0.00 0.00 0.00 
0.00 0.00 0.00 0.00 0.00 0.00 0.00 0.00 0.00 0.00 0.00 0.00 0.00 0.00 0.00 0.00 0.00 0.00 0.00 0.00 
0.00 0.00 0.00 0.00 0.00 0.00 0.00 0.00 0.00 0.00 0.00 0.00 0.00 0.00 0.00 0.00 0.00 0.00 0.00 0.00 
0.00 0.00 0.00 0.00 0.00 0.00 0.00 0.00 0.00 0.00 0.00 0.00 0.00 0.00 0.00 0.00 0.00 0.00 0.00 0.00 
0.00 0.00 0.00 0.00 0.00 0.00 0.00 0.00 0.00 0.00 0.00 0.00 0.00 0.00 0.00 0.00 0.00 0.00 0.00 0.00 
0.00 0.00 0.00 0.00 0.00 0.00 0.00 0.00 0.00 0.00 0.00 0.00 0.00 0.00 0.00 0.00 0.00 0.00 0.00 0.00 
0.00 0.00 0.00 0.00 0.00 0.00 0.00 0.00 0.00 0.00 0.00 0.00 0.00 0.00 0.00 0.00 0.00 0.00 0.00 0.00 
0.00 0.00 0.00 0.00 0.00 0.00 0.00 0.00 0.00 0.00 0.00 0.00 0.00 0.00 0.00 0.00 0.00 0.00 0.00 0.00 
0.00 0.00 0.00 0.00 0.00 0.00 0.00 0.00 0.00 0.00 0.00 0.00 0.00 0.00 0.00 0.00 0.00 0.00 0.00 0.00 
0.00 0.00 0.00 0.00 0.00 0.00 0.00 0.00 0.00 0.00 0.00 0.00 0.00 0.00 0.00 0.00 0.00 0.00 0.00 0.00 
0.00 0.00 0.00 0.00 0.00 0.00 0.00 0.00 0.00 0.00 0.00 0.00 0.00 0.00 0.00 0.00 0.00 0.00 0.00 0.00 
0.00 0.00 0.00 0.00 0.00 0.00 0.00 0.00 0.00 0.00 0.00 0.00 0.00 0.00 0.00 0.00 0.00 0.00 0.00 0.00 
0.00 0.00 0.00 0.00 0.00 0.00 0.00 0.00 0.00 0.00 0.00 0.00 0.00 0.00 0.00 0.00 0.00 0.00 0.00 0.00 
0.00 0.00 0.00 0.00 0.00 0.00 0.00 0.00 0.00 0.00 0.00 0.00 0.00 0.00 0.00 0.00 0.00 0.00 0.00 0.00 
0.00 0.00 0.00 0.00 0.00 0.00 0.00 0.00 0.00 0.00 0.00 0.00 0.00 0.00 0.00 0.00 0.00 0.00 0.00 0.00 
0.00 0.00 0.00 0.00 0.00 0.00 0.00 0.00 0.00 0.00 0.00 0.00 0.00 0.00 0.00 0.00 0.00 0.00 0.00 0.00 
0.00 0.00 0.00 0.00 0.00 0.00 0.00 0.00 0.00 0.00 0.00 0.00 0.00 0.00 0.00 0.00 0.00 0.00 0.00 0.00 
0.00 0.00 0.00 0.00 0.00 0.00 0.00 0.00 0.00 0.00 0.00 0.00 0.00 0.00 0.00 0.00 0.00 0.00 0.00 0.00 
0.00 0.00 0.00 0.00 0.00 0.00 0.00 0.00 0.00 0.00 0.00 0.00 0.00 0.00 0.00 0.00 0.00 0.00 0.00 0.00 
0.00 0.00 0.00 0.00 0.00 0.00 0.00 0.00 0.00 0.00 0.00 0.00 0.00 0.00 0.00 0.00 0.00 0.00 0.00 0.00 
0.00 0.00 0.00 0.00 0.00 0.00 0.00 0.00 0.00 0.00 0.00 0.00 0.00 0.00 0.00 0.00 0.00 0.00 0.00 0.00 
0.00 0.00 0.00 0.00 0.00 0.00 0.00 0.00 0.00 0.00 0.00 0.00 0.00 0.00 0.00 0.00 0.00 0.00 0.00 0.00 
0.00 0.00 0.00 0.00 0.00 0.00 0.00 0.00 0.00 0.00 0.00 0.00 0.00 0.00 0.00 0.00 0.00 0.00 0.00 0.00 
0.00 0.00 0.00 0.00 0.00 0.00 0.00 0.00 0.00 0.00 0.00 0.00 0.00 0.00 0.00 0.00 0.00 0.00 0.00 0.00 
0.00 0.00 0.00 0.00 0.00 0.00 0.00 0.00 0.00 0.00 0.00 0.00 0.00 0.00 0.00 0.00 0.00 0.00 0.00 0.00 
0.00 0.00 0.00 0.00 0.00 0.00 0.00 0.00 0.00 0.00 0.00 0.00 0.00 0.00 0.00 0.00 0.00 0.00 0.00 0.00 
0.00 0.00 0.00 0.00 0.00 0.00 0.00 0.00 0.00 0.00 0.00 0.00 0.00 0.00 0.00 0.00 0.00 0.00 0.00 0.00 
0.00 0.00 0.00 0.00 0.00 0.00 0.00 0.00 0.00 0.00 0.00 0.00 0.00 0.00 0.00 0.00 0.00 0.00 0.00 0.00 
0.00 0.00 0.00 0.00 0.00 0.00 0.00 0.00 0.00 0.00 0.00 0.00 0.00 0.00 0.00 0.00 0.00 0.00 0.00 0.00 
0.00 0.00 0.00 0.00 0.00 0.00 0.00 0.00 0.00 0.00 0.00 0.00 0.00 0.00 0.00 0.00 0.00 0.00 0.00 0.00 
0.00 0.00 0.00 0.00 0.00 0.00 0.00 0.00 0.00 0.00 0.00 0.00 0.00 0.00 0.00 0.00 0.00 0.00 0.00 0.00 
0.00 0.00 0.00 0.00 0.00 0.00 0.00 0.00 0.00 0.00 0.00 0.00 0.00 0.00 0.00 0.00 0.00 0.00 0.00 0.00 
0.00 0.00 0.00 0.00 0.00 0.00 0.00 0.00 0.00 0.00 0.00 0.00 0.00 0.00 0.00 0.00 0.00 0.00 0.00 0.00 
0.00 0.00 0.00 0.00 0.00 0.00 0.00 0.00 0.00 0.00 0.00 0.00 0.00 0.00 0.00 0.00 0.00 0.00 0.00 0.00 
0.00 0.00 0.00 0.00 0.00 0.00 0.00 0.00 0.00 0.00 0.00 0.00 0.00 0.00 0.00 0.00 0.00 0.00 0.00 0.00 
0.00 0.00 0.00 0.00 0.00 0.00 0.00 0.00 0.00 0.00 0.00 0.00 0.00 0.00 0.00 0.00 0.00 0.00 0.00 0.00 
0.00 0.00 0.00 0.00 0.00 0.00 0.00 0.00 0.00 0.00 0.00 0.00 0.00 0.00 0.00 0.00 0.00 0.00 0.00 0.00 
0.00 0.00 0.00 0.00 0.00 0.00 0.00 0.00 0.00 0.00 0.00 0.00 0.00 0.00 0.00 0.00 0.00 0.00 0.00 0.00 
0.00 0.00 0.00 0.00 0.00 0.00 0.00 0.00 0.00 0.00 0.00 0.00 0.00 0.00 0.00 0.00 0.00 0.00 0.00 0.00 
0.00 0.00 0.00 0.00 0.00 0.00 0.00 0.00 0.00 0.00 0.00 0.00 0.00 0.00 0.00 0.00 0.00 0.00 0.00 0.00 
0.00 0.00 0.00 0.00 0.00 0.00 0.00 0.00 0.00 0.00 0.00 0.00 0.00 0.00 0.00 0.00 0.00 0.00 0.00 0.00 
0.00 0.00 0.00 0.00 0.00 0.00 0.00 0.00 0.00 0.00 0.00 0.00 0.00 0.00 0.00 0.00 0.00 0.00 0.00 0.00 
0.00 0.00 0.00 0.00 0.00 0.00 0.00 0.00 0.00 0.00 0.00 0.00 0.00 0.00 0.00 0.00 0.00 0.00 0.00 0.00 
0.00 0.00 0.00 0.00 0.00 0.00 0.00 0.00 0.00 0.00 0.00 0.00 0.00 0.00 0.00 0.00 0.00 0.00 0.00 0.00 
0.00 0.00 0.00 0.00 0.00 0.00 0.00 0.00 0.00 0.00 0.00 0.00 0.00 0.00 0.00 0.00 0.00 0.00 0.00 0.00 
0.00 0.00 0.00 0.00 0.00 0.00 0.00 0.00 0.00 0.00 0.00 0.00 0.00 0.00 0.00 0.00 0.00 0.00 0.00 0.00 
0.00 0.00 0.00 0.00 0.00 0.00 0.00 0.00 0.00 0.00 0.00 0.00 0.00 0.00 0.00 0.00 0.00 0.00 0.00 0.00 
0.00 0.00 0.00 0.00 0.00 0.00 0.00 0.00 0.00 0.00 0.00 0.00 0.00 0.00 0.00 0.00 0.00 0.00 0.00 0.00 
0.00 0.00 0.00 0.00 0.00 0.00 0.00 0.00 0.00 0.00 0.00 0.00 0.00 0.00 0.00 0.00 0.00 0.00 0.00 0.00 
0.00 0.00 0.00 0.00 0.00 0.00 0.00 0.00 0.00 0.00 0.00 0.00 0.00 0.00 0.00 0.00 0.00 0.00 0.00 0.00 
0.00 0.00 0.00 0.00 0.00 0.00 0.00 0.00 0.00 0.00 0.00 0.00 0.00 0.00 0.00 0.00 0.00 0.00 0.00 0.00 
0.00 0.00 0.00 0.00 0.00 0.00 0.00 0.00 0.00 0.00 0.00 0.00 0.00 0.00 0.00 0.00 0.00 0.00 0.00 0.00 
0.00 0.00 0.00 0.00 0.00 0.00 0.00 0.00 0.00 0.00 0.00 0.00 0.00 0.00 0.00 0.00 0.00 0.00 0.00 0.00 
0.00 0.00 0.00 0.00 0.00 0.00 0.00 0.00 0.00 0.00 0.00 0.00 0.00 0.00 0.00 0.00 0.00 0.00 0.00 0.00 
0.00 0.00 0.00 0.00 0.00 0.00 0.00 0.00 0.00 0.00 0.00 0.00 0.00 0.00 0.00 0.00 0.00 0.00 0.00 0.00 
0.00 0.00 0.00 0.00 0.00 0.00 0.00 0.00 0.00 0.00 0.00 0.00 0.00 0.00 0.00 0.00 0.00 0.00 0.00 0.00 
0.00 0.00 0.00 0.00 0.00 0.00 0.00 0.00 0.00 0.00 0.00 0.00 0.00 0.00 0.00 0.00 0.00 0.00 0.00 0.00 
end   dump: w
==END   DUMP_ARRAYS==
==BEGIN DUMP_ARRAYS==
begin dump: w
7681.51 460768096.00 506722176.00 583742272.00 668314368.00 755666368.00 845008640.00 935026048.00 1025151424.00 1116499712.00 1207075584.00 1299172736.00 1390254976.00 1482040448.00 1573895168.00 1665300352.00 1756199552.00 1849184512.00 1940953344.00 2032854272.00 
2123809536.00 2216939008.00 2308926208.00 2401279488.00 2492431872.00 2583239168.00 2677076224.00 2769022976.00 2861124352.00 2953594624.00 3044723200.00 3136773888.00 3227273728.00 3321497856.00 3413652736.00 3505467136.00 3597573120.00 3689859072.00 3782011392.00 3874298112.00 
3963792640.00 4058512640.00 4150587904.00 4241831680.00 4334942720.00 4427050496.00 4519738880.00 4611272704.00 4702474752.00 4795788288.00 4884397056.00 4979942400.00 5072098304.00 5164369920.00 5256091136.00 5348295680.00 5440435200.00 5532744192.00 5625528832.00 5717459456.00 
5808144384.00 5901430272.00 5993297408.00 6086498304.00 6175892992.00 6269827584.00 6362122752.00 6454384128.00 6546545152.00 6639555072.00 6730301440.00 6822779392.00 6914824704.00 7007562240.00 7099170816.00 7190095872.00 7283846144.00 7376536064.00 7468328960.00 7560567296.00 
7647263744.00 7744918528.00 7837024256.00 7929176576.00 8021244928.00 8112986624.00 8205257728.00 8298835456.00 8389719040.00 8482645504.00 8573802496.00 8667063296.00 8758822912.00 8848900096.00 8943082496.00 9034885120.00 9125376000.00 9219654656.00 9311883264.00 9403944960.00 
9489391616.00 9588194304.00 9680380928.00 9772488704.00 9864491008.00 9956633600.00 10049247232.00 10141490176.00 10232840192.00 10325799936.00 10417281024.00 10509568000.00 10601338880.00 10695007232.00 10786414592.00 10878655488.00 10971145216.00 11063087104.00 11155586048.00 11247614976.00 
11337070592.00 11431646208.00 11524071424.00 11615963136.00 11708052480.00 11791810560.00 11893183488.00 11986491392.00 12075071488.00 12166522880.00 12261024768.00 12353643520.00 12445687808.00 12537840640.00 12630291456.00 12722232320.00 12814183424.00 12906986496.00 13000422400.00 13091509248.00 
13182052352.00 13275419648.00 13367410688.00 13460759552.00 13551093760.00 13643986944.00 13736654848.00 13828439040.00 13919836160.00 14013260800.00 14101783552.00 14197892096.00 14289154048.00 14381177856.00 14474630144.00 14565816320.00 14658143232.00 14750623744.00 14842568704.00 14934797312.00 
15015996416.00 15119339520.00 15211352064.00 15303481344.00 15395578880.00 15487735808.00 15579860992.00 15672798208.00 15764005888.00 15855422464.00 15948055552.00 16040977408.00 16132771840.00 16225234944.00 16319391744.00 16408167424.00 16500934656.00 16594887680.00 16686333952.00 16778237952.00 
16869337088.00 16963046400.00 17055931392.00 17146790912.00 17239007232.00 17331351552.00 17422706688.00 17515941888.00 17607899136.00 17700423680.00 17791496192.00 17885028352.00 17974802432.00 18069114880.00 18161180672.00 18252724224.00 18345320448.00 18437711872.00 18529452032.00 18621614080.00 
18700619776.00 18806272000.00 18898272256.00 18990966784.00 19082811392.00 19174572032.00 19267241984.00 19359721472.00 19450742784.00 19544031232.00 19635136512.00 19728848896.00 19820435456.00 19912704000.00 20004966400.00 20096653312.00 20188495872.00 20281583616.00 20373438464.00 20465641472.00 
20556597248.00 20650481664.00 20741085184.00 20835147776.00 20924692480.00 21017331712.00 21111246848.00 21203365888.00 21295263744.00 21387706368.00 21479266304.00 21571880960.00 21663850496.00 21755514880.00 21848320000.00 21939490816.00 22033154048.00 22125131776.00 22217216000.00 22309652480.00 
22396217344.00 22494185472.00 22585964544.00 22678536192.00 22770292736.00 22862606336.00 22954612736.00 23047120896.00 23138508800.00 23231059968.00 23306110976.00 23415988224.00 23507968000.00 23600150528.00 23692947456.00 23784167424.00 23874564096.00 23968706560.00 24059566080.00 24153817088.00 
24244076544.00 24337741824.00 24429492224.00 24521838592.00 24613531648.00 24705839104.00 24797835264.00 24891836416.00 24982867968.00 25075085312.00 25166686208.00 25259229184.00 25350621184.00 25444096000.00 25536446464.00 25626402816.00 25720842240.00 25812553728.00 25904758784.00 25996247040.00 
26086373376.00 26181367808.00 26273265664.00 26365485056.00 26457354240.00 26549141504.00 26643722240.00 26734977024.00 26824529920.00 26918873088.00 27010455552.00 27103479808.00 27195205632.00 27287685120.00 27379464192.00 27471517696.00 27563190272.00 27656404992.00 27748429824.00 27840485376.00 
27925932032.00 28024852480.00 28117198848.00 28208605184.00 28300388352.00 28393302016.00 28485357568.00 28577488896.00 28671754240.00 28762697728.00 28854145024.00 28946870272.00 29038569472.00 29131151360.00 29223481344.00 29315362816.00 29407778816.00 29499969536.00 29592160256.00 29684105216.00 
29765419008.00 29868945408.00 29960802304.00 30053177344.00 30144868352.00 30235701248.00 30329509888.00 30421731328.00 30513555456.00 30605701120.00 30697578496.00 30790209536.00 30882048000.00 30973071360.00 31067916288.00 31159277568.00 31250536448.00 31344013312.00 31435208704.00 31529521152.00 
31618852864.00 31712329728.00 31804364800.00 31897157632.00 31988383744.00 32080939008.00 32173164544.00 32265295872.00 32358375424.00 32450433024.00 32538611712.00 32634406912.00 32724217856.00 32819824640.00 32911046656.00 33002596352.00 33094883328.00 33187311616.00 33279258624.00 33372073984.00 
33461014528.00 33555800064.00 33647927296.00 33739204608.00 33834414080.00 33925003264.00 34016911360.00 34109540352.00 34200444928.00 34293311488.00 34385145856.00 34477928448.00 34569461760.00 34662420480.00 34754437120.00 34837893120.00 34938339328.00 35031015424.00 35123228672.00 35215425536.00 
35306090496.00 35404042240.00 35491966976.00 35584569344.00 35674152960.00 35768197120.00 35860717568.00 35951927296.00 36044845056.00 36137271296.00 36228583424.00 36321705984.00 36413095936.00 36505878528.00 36597981184.00 36689805312.00 36781993984.00 36874563584.00 36966293504.00 37058007040.00 
37123657728.00 37244129280.00 37335810048.00 37428027392.00 37519757312.00 37611892736.00 37704433664.00 37796667392.00 37888176128.00 37981024256.00 38072324096.00 38165487616.00 38257303552.00 38349475840.00 38442196992.00 38533779456.00 38624071680.00 38718500864.00 38810710016.00 38902599680.00 
38993498112.00 39082409984.00 39179472896.00 39271534592.00 39363252224.00 39454167040.00 39548047360.00 39640162304.00 39732166656.00 39824838656.00 39916163072.00 40008929280.00 40100044800.00 40193572864.00 40285491200.00 40377585664.00 40469565440.00 40562241536.00 40654135296.00 40745889792.00 
40835768320.00 40930697216.00 41022783488.00 41114783744.00 41204711424.00 41301291008.00 41392492544.00 41484369920.00 41574293504.00 41668935680.00 41757294592.00 41852887040.00 41944883200.00 42037207040.00 42129235968.00 42221277184.00 42313211904.00 42405421056.00 42497736704.00 42588794880.00 
42681032704.00 42774364160.00 42866786304.00 42959089664.00 43050127360.00 43142684672.00 43235065856.00 43327287296.00 43419582464.00 43511971840.00 43603132416.00 43697074176.00 43788333056.00 43880816640.00 43972923392.00 44063571968.00 44156940288.00 44249387008.00 44341927936.00 44433846272.00 
44515082240.00 44618182656.00 44710567936.00 44802686976.00 44894654464.00 44987240448.00 45079539712.00 45171449856.00 45263257600.00 45355974656.00 45447397376.00 45540048896.00 45632028672.00 45724504064.00 45816500224.00 45908426752.00 45999779840.00 46092869632.00 46184878080.00 46276296704.00 
46335406080.00 46463303680.00 46554718208.00 46647238656.00 46738403328.00 46830727168.00 46922973184.00 47014916096.00 47107493888.00 47199326208.00 47291047936.00 47383912448.00 47473967104.00 47568621568.00 47660396544.00 47752314880.00 47843958784.00 47936520192.00 48029343744.00 48121344000.00 
48210817024.00 48305364992.00 48398413824.00 48490004480.00 48582094848.00 48672788480.00 48766496768.00 48858984448.00 48949846016.00 49043058688.00 49134653440.00 49227685888.00 49319260160.00 49410699264.00 49504559104.00 49596186624.00 49688055808.00 49780715520.00 49872584704.00 49964490752.00 
50055872512.00 50149486592.00 50241445888.00 50333876224.00 50423771136.00 50517532672.00 50610655232.00 50701811712.00 50794754048.00 50885189632.00 50975641600.00 51071102976.00 51163291648.00 51255971840.00 51347832832.00 51439550464.00 51532034048.00 51624587264.00 51716136960.00 51808583680.00 
51895377920.00 51993137152.00 52085456896.00 52177453056.00 52269236224.00 52361449472.00 52453560320.00 52545863680.00 52637470720.00 52729810944.00 52820938752.00 52910706688.00 53010190336.00 53100322816.00 53192228864.00 53282480128.00 53374107648.00 53468553216.00 53560471552.00 53652852736.00 
53743579136.00 53836492800.00 53929127936.00 54021550080.00 54113079296.00 54205317120.00 54298091520.00 54389911552.00 54481719296.00 54574395392.00 54665793536.00 54758703104.00 54849736704.00 54943342592.00 55035215872.00 55127142400.00 55219507200.00 55310553088.00 55403794432.00 55495905280.00 
55574626304.00 55680630784.00 55772622848.00 55864885248.00 55957008384.00 56048926720.00 56140050432.00 56233447424.00 56323723264.00 56418373632.00 56509452288.00 56602382336.00 56694292480.00 56786681856.00 56878587904.00 56969564160.00 57063661568.00 57155764224.00 57247776768.00 57339736064.00 
57430859776.00 57523961856.00 57616289792.00 57708822528.00 57799700480.00 57884459008.00 57985187840.00 58077343744.00 58169376768.00 58261749760.00 58353197056.00 58445692928.00 58538319872.00 58630819840.00 58722566144.00 58814828544.00 58906849280.00 58999021568.00 59091275776.00 59183464448.00 
59264749568.00 59367997440.00 59460509696.00 59552505856.00 59644248064.00 59735797760.00 59828867072.00 59920732160.00 60012695552.00 60105449472.00 60194156544.00 60289421312.00 60381761536.00 60473597952.00 60566216704.00 60658188288.00 60749643776.00 60842426368.00 60934692864.00 61026807808.00 
61117923328.00 61211234304.00 61303230464.00 61395574784.00 61486911488.00 61578690560.00 61668749312.00 61772447744.00 61858656256.00 61950320640.00 62041427968.00 62134026240.00 62223962112.00 62318362624.00 62410416128.00 62500868096.00 62594191360.00 62687092736.00 62779654144.00 62871080960.00 
62960623616.00 63055704064.00 63147606016.00 63240646656.00 63331799040.00 63423934464.00 63516557312.00 63608696832.00 63699730432.00 63793205248.00 63884783616.00 63977496576.00 64069296128.00 64161591296.00 64253685760.00 64345579520.00 64438108160.00 64530657280.00 64622751744.00 64714510336.00 
64800092160.00 64898854912.00 64991281152.00 65083379712.00 65173413888.00 65267331072.00 65362649088.00 65452494848.00 65544511488.00 65636872192.00 65728241664.00 65820602368.00 65912639488.00 66005422080.00 66097143808.00 66189627392.00 66281689088.00 66374451200.00 66467299328.00 66558451712.00 
66645049344.00 66742693888.00 66834845696.00 66927128576.00 67019063296.00 67109711872.00 67203198976.00 67293257728.00 67388588032.00 67480551424.00 67572150272.00 67664814080.00 67756666880.00 67849220096.00 67941330944.00 68033224704.00 68123488256.00 68218253312.00 68309852160.00 68401946624.00 
68492959744.00 68586889216.00 68678684672.00 68770832384.00 68862394368.00 68955004928.00 69047369728.00 69139816448.00 69231616000.00 69323415552.00 69398896640.00 69508767744.00 69599690752.00 69693038592.00 69785018368.00 69877006336.00 69969149952.00 70061817856.00 70153658368.00 70245801984.00 
70335291392.00 70430097408.00 70524493824.00 70614278144.00 70706470912.00 70798655488.00 70892003328.00 70983139328.00 71073308672.00 71167082496.00 71259348992.00 71352033280.00 71444332544.00 71536394240.00 71628038144.00 71719157760.00 71812366336.00 71905206272.00 71997480960.00 72089509888.00 
72180260864.00 72273805312.00 72365973504.00 72458264576.00 72549253120.00 72642166784.00 72734679040.00 72826978304.00 72918917120.00 73011396608.00 73102737408.00 73195552768.00 73287016448.00 73379520512.00 73471696896.00 73563553792.00 73655656448.00 73747972096.00 73839190016.00 73929613312.00 
73970262016.00 74121355264.00 74211426304.00 74303021056.00 74394812416.00 74486808576.00 74579165184.00 74671013888.00 74762780672.00 74856546304.00 74946985984.00 75040169984.00 75131625472.00 75223400448.00 75316174848.00 75408203776.00 75499552768.00 75592769536.00 75684708352.00 75777138688.00 
75867987968.00 75961442304.00 76053823488.00 76145745920.00 76237668352.00 76328501248.00 76422275072.00 76514156544.00 76606742528.00 76698861568.00 76790423552.00 76883238912.00 76973293568.00 77067264000.00 77160038400.00 77251756032.00 77344096256.00 77436166144.00 77528465408.00 77620748288.00 
77710229504.00 77805019136.00 77894942720.00 77989838848.00 78081441792.00 78173380608.00 78265819136.00 78358028288.00 78449311744.00 78542716928.00 78631378944.00 78726430720.00 78819041280.00 78911119360.00 79003500544.00 79095349248.00 79187148800.00 79276982272.00 79372599296.00 79464529920.00 
79555362816.00 79648948224.00 79740928000.00 79833309184.00 79923240960.00 80017801216.00 80110092288.00 80202219520.00 80293986304.00 80386048000.00 80478289920.00 80570900480.00 80662405120.00 80755122176.00 80847110144.00 80930586624.00 81031421952.00 81123221504.00 81214881792.00 81308098560.00 
81394868224.00 81492484096.00 81584553984.00 81676607488.00 81768816640.00 81860788224.00 81953185792.00 82045140992.00 82136137728.00 82240135168.00 82322497536.00 82415239168.00 82506702848.00 82599059456.00 82691047424.00 82783027200.00 82873270272.00 82967650304.00 83060547584.00 83152084992.00 
83237281792.00 83336208384.00 83428564992.00 83520430080.00 83612336128.00 83704807424.00 83797106688.00 83889504256.00 83981287424.00 84071694336.00 84165369856.00 84258258944.00 84349157376.00 84442333184.00 84534312960.00 84626497536.00 84718723072.00 84811554816.00 84902617088.00 84995678208.00 
85084930048.00 85179826176.00 85271699456.00 85357305856.00 85456723968.00 85547261952.00 85640888320.00 85733261312.00 85823160320.00 85917376512.00 86008815616.00 86101794816.00 86193635328.00 86285819904.00 86378201088.00 86470057984.00 86562078720.00 86655049728.00 86746890240.00 86839132160.00 
86929833984.00 87021936640.00 87116111872.00 87208165376.00 87299350528.00 87392100352.00 87484612608.00 87576920064.00 87668858880.00 87760977920.00 87849869312.00 87945551872.00 88036679680.00 88130158592.00 88221982720.00 88313806848.00 88406392832.00 88498569216.00 88590696448.00 88682962944.00 
88764145664.00 88867463168.00 88958951424.00 89052512256.00 89143730176.00 89235767296.00 89328402432.00 89420201984.00 89512173568.00 89604784128.00 89696583680.00 89789276160.00 89881272320.00 89975914496.00 90065731584.00 90156130304.00 90249068544.00 90342137856.00 90434461696.00 90526351360.00 
90617511936.00 90710671360.00 90802978816.00 90895245312.00 90986840064.00 91079229440.00 91171667968.00 91262763008.00 91355766784.00 91447918592.00 91539652608.00 91632525312.00 91722489856.00 91816468480.00 91908661248.00 92000239616.00 92092407808.00 92184518656.00 92275359744.00 92364652544.00 
92393504768.00 92560482304.00 92649644032.00 92741066752.00 92832505856.00 92924395520.00 93016719360.00 93109280768.00 93199818752.00 93292175360.00 93384409088.00 93478133760.00 93568811008.00 93661675520.00 93753475072.00 93845798912.00 93937541120.00 94030495744.00 94122156032.00 94214258688.00 
94305296384.00 94398504960.00 94490886144.00 94583046144.00 94673149952.00 94765785088.00 94859673600.00 94951145472.00 95043616768.00 95136284672.00 95227756544.00 95320432640.00 95411912704.00 95505031168.00 95596806144.00 95689023488.00 95781216256.00 95870214144.00 95965913088.00 96058417152.00 
96144654336.00 96242360320.00 96334159872.00 96426377216.00 96518930432.00 96610689024.00 96703062016.00 96795648000.00 96887218176.00 96979755008.00 97068531712.00 97164075008.00 97255841792.00 97349099520.00 97440808960.00 97532805120.00 97622982656.00 97717788672.00 97809244160.00 97901928448.00 
97992564736.00 98085888000.00 98178146304.00 98270306304.00 98362023936.00 98454315008.00 98546311168.00 98640232448.00 98731384832.00 98823774208.00 98915221504.00 99007922176.00 99099025408.00 99192086528.00 99284320256.00 99374850048.00 99468484608.00 99562659840.00 99652993024.00 99745456128.00 
99834683392.00 99929047040.00 100022034432.00 100113981440.00 100206034944.00 100298145792.00 100390625280.00 100482850816.00 100572659712.00 100666433536.00 100758036480.00 100859822080.00 100944265216.00 101036171264.00 101127913472.00 101220171776.00 101312151552.00 101404827648.00 101496070144.00 101589327872.00 
101674385408.00 101773664256.00 101865365504.00 101957525504.00 102049112064.00 102141943808.00 102234357760.00 102326591488.00 102418538496.00 102510796800.00 102602227712.00 102692716544.00 102787194880.00 102879608832.00 102971965440.00 103063789568.00 103155851264.00 103248592896.00 103340220416.00 103432708096.00 
103514013696.00 103617019904.00 103709523968.00 103801577472.00 103893557248.00 103977254912.00 104078016512.00 104170102784.00 104261656576.00 104354398208.00 104446083072.00 104538849280.00 104630476800.00 104723161088.00 104815230976.00 104907145216.00 104998739968.00 105091981312.00 105183944704.00 105275965440.00 
105366724608.00 105459941376.00 105550848000.00 105658384384.00 105738477568.00 105830154240.00 105922191360.00 106014310400.00 106106232832.00 106198605824.00 106287349760.00 106383056896.00 106472882176.00 106567278592.00 106659471360.00 106751205376.00 106843537408.00 106935853056.00 107028422656.00 107120173056.00 
107209670656.00 107304550400.00 107396546560.00 107489337344.00 107580899328.00 107672805376.00 107765391360.00 107858018304.00 107948916736.00 108042084352.00 108133638144.00 108226658304.00 108318580736.00 108410871808.00 108502786048.00 108593389568.00 108686229504.00 108779970560.00 108871811072.00 108964257792.00 
109054713856.00 109148422144.00 109240573952.00 109332488192.00 109422657536.00 109516201984.00 109609164800.00 109701513216.00 109793517568.00 109885399040.00 109977305088.00 110069932032.00 110161698816.00 110255972352.00 110345953280.00 110438457344.00 110530723840.00 110622900224.00 110714904576.00 110806745088.00 
110872117248.00 110992785408.00 111084576768.00 111175983104.00 111268569088.00 111360557056.00 111452872704.00 111545237504.00 111636799488.00 111729164288.00 111821070336.00 111913033728.00 112005169152.00 112098443264.00 112190275584.00 112282165248.00 112372678656.00 112466403328.00 112559456256.00 112651296768.00 
112742096896.00 112835575808.00 112927580160.00 113019912192.00 113111736320.00 113202733056.00 113296498688.00 113389223936.00 113480507392.00 113573003264.00 113664245760.00 113759780864.00 113849147392.00 113942077440.00 114033876992.00 114126028800.00 114218270720.00 114310717440.00 114402287616.00 114495176704.00 
114584453120.00 114679406592.00 114771451904.00 114863783936.00 114955730944.00 115047792640.00 115140501504.00 115232284672.00 115322363904.00 115416465408.00 115491774464.00 115601563648.00 115693273088.00 115784572928.00 115877666816.00 115970056192.00 116061732864.00 116153917440.00 116246421504.00 116338573312.00 
116429553664.00 116523147264.00 116614922240.00 116705927168.00 116798824448.00 116891688960.00 116984029184.00 117076221952.00 117168103424.00 117260640256.00 117352267776.00 117444845568.00 117536456704.00 117629771776.00 117721325568.00 117812133888.00 117905686528.00 117998379008.00 118090014720.00 118182543360.00 
118263676928.00 118366724096.00 118458777600.00 118549364736.00 118643138560.00 118735208448.00 118828023808.00 118919905280.00 119011368960.00 119104135168.00 119195435008.00 119288143872.00 119380516864.00 119472889856.00 119564312576.00 119657037824.00 119748403200.00 119841218560.00 119933575168.00 120025989120.00 
120111464448.00 120210448384.00 120302223360.00 120394661888.00 120486256640.00 120578752512.00 120670928896.00 120763219968.00 120855289856.00 120947531776.00 121039175680.00 121132064768.00 121222184960.00 121316507648.00 121408225280.00 121500172288.00 121592602624.00 121684959232.00 121776939008.00 121869615104.00 
121958678528.00 122053525504.00 122145538048.00 122237968384.00 122329636864.00 122420248576.00 122513940480.00 122605805568.00 122696671232.00 122789535744.00 122880352256.00 122972004352.00 123060404224.00 123130028032.00 123267825664.00 123350679552.00 123440365568.00 123531886592.00 123623546880.00 123715289088.00 
123806023680.00 123899207680.00 123991064576.00 124083355648.00 124173262848.00 124267347968.00 124359516160.00 124451995648.00 124543926272.00 124635979776.00 124724813824.00 124820865024.00 124911960064.00 125004996608.00 125096886272.00 125188808704.00 125281361920.00 125373112320.00 125465255936.00 125557669888.00 
125644308480.00 125742342144.00 125834100736.00 125926449152.00 126018510848.00 126110375936.00 126203150336.00 126294876160.00 126386651136.00 126479581184.00 126571069440.00 126663884800.00 126755831808.00 126848221184.00 126940250112.00 127023800320.00 127122489344.00 127216418816.00 127309078528.00 127401033728.00 
127492251648.00 127585878016.00 127677800448.00 127770009600.00 127861571584.00 127954386944.00 128046424064.00 128138862592.00 128230768640.00 128323231744.00 128414515200.00 128506929152.00 128598646784.00 128691748864.00 128784220160.00 128875757568.00 128968384512.00 129060691968.00 129152344064.00 129244585984.00 
129323286528.00 129429291008.00 129521262592.00 129613832192.00 129705623552.00 129797545984.00 129890164736.00 129982480384.00 130072264704.00 130166448128.00 130258116608.00 130350530560.00 130444378112.00 130535440384.00 130627633152.00 130719719424.00 130811691008.00 130904236032.00 130996625408.00 131088621568.00 
131179511808.00 131272818688.00 131364904960.00 131457179648.00 131548323840.00 131640025088.00 131733684224.00 131825827840.00 131917275136.00 132011393024.00 132102225920.00 132195090432.00 132286513152.00 132379353088.00 132472004608.00 132563197952.00 132656046080.00 132748230656.00 132839997440.00 132932075520.00 
133013397504.00 133117231104.00 133208653824.00 133300879360.00 133392998400.00 133485289472.00 133577334784.00 133669847040.00 133761294336.00 133854126080.00 133942870016.00 134038675456.00 134130311168.00 134222495744.00 134313746432.00 134408527872.00 134498721792.00 134591913984.00 134683901952.00 134776119296.00 
134867001344.00 134960357376.00 135052541952.00 135144554496.00 135236419584.00 135328866304.00 135421173760.00 135513710592.00 135605354496.00 135697760256.00 135789436928.00 135882137600.00 135972052992.00 136066318336.00 136159617024.00 136249294848.00 136342945792.00 136435613696.00 136527192064.00 136620351488.00 
136709046272.00 136803901440.00 136896307200.00 136988409856.00 137080463360.00 137172402176.00 137264955392.00 137357131776.00 137448112128.00 137541271552.00 137632972800.00 137725689856.00 137817636864.00 137910091776.00 138002726912.00 138094215168.00 138186096640.00 138278682624.00 138370465792.00 138462314496.00 
138521051136.00 138649141248.00 138740449280.00 138832461824.00 138922442752.00 139016601600.00 139108941824.00 139200987136.00 139293048832.00 139385454592.00 139476992000.00 139569332224.00 139661443072.00 139753783296.00 139846254592.00 139938086912.00 140030361600.00 140122374144.00 140214648832.00 140308316160.00 
140393775104.00 140491423744.00 140583501824.00 140675465216.00 140768854016.00 140858540032.00 140952158208.00 141044432896.00 141136314368.00 141228752896.00 141320634368.00 141413662720.00 141505740800.00 141597523968.00 141689634816.00 141781647360.00 141871906816.00 141966163968.00 142057242624.00 142151696384.00 
142241841152.00 142335655936.00 142427406336.00 142519861248.00 142611431424.00 142703706112.00 142795915264.00 142888255488.00 142980120576.00 143072641024.00 143161409536.00 143255339008.00 143348137984.00 143441494016.00 143533441024.00 143625060352.00 143718268928.00 143810215936.00 143902343168.00 143994552320.00 
144084008960.00 144181100544.00 144271081472.00 144363241472.00 144454909952.00 144546578432.00 144639868928.00 144731176960.00 144821960704.00 144916283392.00 145007869952.00 145100668928.00 145192812544.00 145284939776.00 145377050624.00 145467670528.00 145561436160.00 145653710848.00 145746378752.00 145839390720.00 
145928929280.00 146022498304.00 146114691072.00 146206687232.00 146297815040.00 146391236608.00 146483200000.00 146575458304.00 146667438080.00 146759450624.00 146851315712.00 146944262144.00 147035881472.00 147128532992.00 147220774912.00 147312164864.00 147404161024.00 147496337408.00 147587923968.00 147678298112.00 
147718848512.00 147869843456.00 147960266752.00 148052099072.00 148143521792.00 148235403264.00 148327579648.00 148419837952.00 148511588352.00 148604043264.00 148695662592.00 148788346880.00 148880654336.00 148972961792.00 149064220672.00 149156593664.00 149248081920.00 149339439104.00 149434105856.00 149524758528.00 
149616623616.00 149709996032.00 149802663936.00 149894299648.00 149986033664.00 150070263808.00 150170714112.00 150263070720.00 150355066880.00 150447603712.00 150539255808.00 150631907328.00 150721904640.00 150816325632.00 150908272640.00 151000268800.00 151092084736.00 151185293312.00 151277109248.00 151369334784.00 
151459004416.00 151551328256.00 151645880320.00 151738417152.00 151830118400.00 151921999872.00 152014258176.00 152101601280.00 152198184960.00 152291442688.00 152380129280.00 152475746304.00 152567627776.00 152660049920.00 152751816704.00 152843501568.00 152936022016.00 153028345856.00 153120718848.00 153213124608.00 
153303793664.00 153397280768.00 153489604608.00 153581780992.00 153671663616.00 153765642240.00 153857425408.00 153952370688.00 154043056128.00 154135150592.00 154226638848.00 154319405056.00 154411139072.00 154503495680.00 154595557376.00 154686570496.00 154780139520.00 154872496128.00 154964639744.00 155055636480.00 
155143602176.00 155241086976.00 155333214208.00 155425685504.00 155516338176.00 155609956352.00 155702067200.00 155794030592.00 155885944832.00 155978891264.00 156070019072.00 156162932736.00 156254388224.00 156347400192.00 156439511040.00 156531703808.00 156621701120.00 156718727168.00 156808134656.00 156900720640.00 
156985769984.00 157085073408.00 157176774656.00 157269491712.00 157361078272.00 157453385728.00 157545594880.00 157637115904.00 157729800192.00 157822124032.00 157913464832.00 158006231040.00 158097178624.00 158189633536.00 158276796416.00 158377705472.00 158468521984.00 158560534528.00 158652465152.00 158743740416.00 
158833836032.00 158929059840.00 159021039616.00 159112921088.00 159204868096.00 159295815680.00 159389335552.00 159481757696.00 159571722240.00 159666028544.00 159757844480.00 159851216896.00 159942672384.00 160034947072.00 160127205376.00 160219021312.00 160311099392.00 160403324928.00 160495632384.00 160586743808.00 
160678920192.00 160772177920.00 160864813056.00 160956530688.00 161047904256.00 161140621312.00 161233207296.00 161325334528.00 161417150464.00 161509507072.00 161584496640.00 161694171136.00 161786167296.00 161878573056.00 161970552832.00 162062614528.00 162154594304.00 162246377472.00 162339536896.00 162431418368.00 
162512764928.00 162615754752.00 162708094976.00 162800369664.00 162892316672.00 162984574976.00 163076734976.00 163168829440.00 163260760064.00 163353493504.00 163444932608.00 163538567168.00 163629596672.00 163722018816.00 163814195200.00 163904536576.00 163997122560.00 164089462784.00 164188012544.00 164276191232.00 
164366827520.00 164459757568.00 164552294400.00 164644175872.00 164735909888.00 164828364800.00 164920688640.00 165013045248.00 165104943104.00 165197053952.00 165288919040.00 165381406720.00 165471682560.00 165565038592.00 165658443776.00 165750145024.00 165842780160.00 165934563328.00 166026788864.00 166118866944.00 
166197444608.00 166303662080.00 166395461632.00 166487769088.00 166580224000.00 166672023552.00 166764265472.00 166856605696.00 166947487744.00 167040729088.00 167132528640.00 167225131008.00 167317307392.00 167409664000.00 167502020608.00 167593558016.00 167685390336.00 167777910784.00 167866286080.00 167963525120.00 
168054079488.00 168147124224.00 168239431680.00 168331411456.00 168421539840.00 168514355200.00 168607711232.00 168700444672.00 168792031232.00 168885141504.00 168976138240.00 169069264896.00 169160687616.00 169253027840.00 169345777664.00 169437347840.00 169529376768.00 169622077440.00 169714565120.00 169806495744.00 
169893036032.00 169990406144.00 170082877440.00 170174824448.00 170267148288.00 170358898688.00 170448207872.00 170544562176.00 170635821056.00 170728472576.00 170817208320.00 170912841728.00 171004805120.00 171097079808.00 171189354496.00 171280809984.00 171371446272.00 171465048064.00 171557978112.00 171650121728.00 
171740938240.00 171834425344.00 171926503424.00 172017795072.00 172110643200.00 172202803200.00 172294815744.00 172388761600.00 172479938560.00 172572442624.00 172663570432.00 172757041152.00 172847120384.00 172940689408.00 173032980480.00 173116588032.00 173217071104.00 173309460480.00 173401391104.00 173493649408.00 
173583368192.00 173678084096.00 173769555968.00 173862846464.00 173954695168.00 174046494720.00 174139097088.00 174231404544.00 174321483776.00 174416183296.00 174507311104.00 174600077312.00 174692073472.00 174783971328.00 174876114944.00 174969241600.00 175060598784.00 175153332224.00 175245377536.00 175338323968.00 
175422881792.00 175522758656.00 175614197760.00 175706161152.00 175797239808.00 175891038208.00 175982886912.00 176075440128.00 176166993920.00 176259039232.00 176350822400.00 176443768832.00 176535453696.00 176624123904.00 176720314368.00 176812343296.00 176904454144.00 176997023744.00 177088708608.00 177180950528.00 
177262297088.00 177365942272.00 177457561600.00 177549443072.00 177641684992.00 177732583424.00 177828134912.00 177918164992.00 178010226688.00 178103107584.00 178194497536.00 178284412928.00 178379620352.00 178471452672.00 178563874816.00 178655526912.00 178747408384.00 178840715264.00 178932842496.00 179024740352.00 
179116113920.00 179209240576.00 179301138432.00 179393888256.00 179485097984.00 179577716736.00 179671400448.00 179762167808.00 179854163968.00 179946700800.00 180035518464.00 180130906112.00 180221067264.00 180315144192.00 180407304192.00 180499611648.00 180591575040.00 180684111872.00 180776140800.00 180868333568.00 
180957822976.00 181052735488.00 181144748032.00 181237465088.00 181329100800.00 181421408256.00 181513273344.00 181606006784.00 181696643072.00 181790179328.00 181881372672.00 181973254144.00 182066216960.00 182158786560.00 182250291200.00 182341206016.00 182434643968.00 182526476288.00 182618865664.00 182711631872.00 
182802563072.00 182895951872.00 182988324864.00 183079895040.00 183170007040.00 183263952896.00 183356080128.00 183448190976.00 183540072448.00 183632429056.00 183723442176.00 183816454144.00 183907696640.00 183999807488.00 184091541504.00 184182702080.00 184273928192.00 184364384256.00 184452349952.00 184533434368.00 
184510005248.00 184763465728.00 184844255232.00 184932663296.00 185022595072.00 185113640960.00 185205063680.00 185296896000.00 185388236800.00 185480593408.00 185571950592.00 185664503808.00 185756483584.00 185848594432.00 185940934656.00 186032373760.00 186122747904.00 186216890368.00 186308509696.00 186400915456.00 
186492043264.00 186585317376.00 186678067200.00 186770669568.00 186861158400.00 186952171520.00 187046477824.00 187138015232.00 187230240768.00 187323727872.00 187414380544.00 187506917376.00 187597996032.00 187690647552.00 187783331840.00 187875033088.00 187967422464.00 188059566080.00 188152053760.00 188244148224.00 
188333277184.00 188428566528.00 188520497152.00 188612542464.00 188704964608.00 188797059072.00 188889481216.00 188982018048.00 189071605760.00 189166403584.00 189254631424.00 189350117376.00 189442293760.00 189534633984.00 189625548800.00 189718609920.00 189810556928.00 189902815232.00 189995646976.00 190087806976.00 
190178508800.00 190272389120.00 190364008448.00 190456446976.00 190547443712.00 190640750592.00 190733189120.00 190825283584.00 190917181440.00 191012667392.00 191101157376.00 191193939968.00 191285559296.00 191378800640.00 191468552192.00 191560957952.00 191654887424.00 191747522560.00 191839207424.00 191931498496.00 
192012648448.00 192116146176.00 192207880192.00 192300072960.00 192392101888.00 192484147200.00 192576471040.00 192672907264.00 192760659968.00 192853098496.00 192944619520.00 193038073856.00 193129660416.00 193221558272.00 193314111488.00 193405419520.00 193497776128.00 193590853632.00 193682669568.00 193774239744.00 
193860288512.00 193958510592.00 194051604480.00 194143567872.00 194235465728.00 194327019520.00 194420539392.00 194512814080.00 194604515328.00 194696577024.00 194788622336.00 194880503808.00 194971254784.00 195065380864.00 195157917696.00 195250241536.00 195341778944.00 195433988096.00 195527278592.00 195618816000.00 
195708321792.00 195803234304.00 195895148544.00 195987423232.00 196079419392.00 196163010560.00 196263821312.00 196356653056.00 196447567872.00 196539760640.00 196632215552.00 196724359168.00 196816617472.00 196908171264.00 197002051584.00 197093457920.00 197185716224.00 197279170560.00 197370298368.00 197462360064.00 
197553274880.00 197646942208.00 197738774528.00 197832130560.00 197921226752.00 198015549440.00 198107758592.00 198200000512.00 198291636224.00 198383894528.00 198472744960.00 198568542208.00 198660079616.00 198752387072.00 198848724992.00 198937575424.00 199029293056.00 199122042880.00 199213973504.00 199306362880.00 
199392673792.00 199490486272.00 199582416896.00 199674724352.00 199766999040.00 199858798592.00 199951007744.00 200044052480.00 200135376896.00 200227700736.00 200319451136.00 200411856896.00 200504459264.00 200596733952.00 200689270784.00 200779284480.00 200871051264.00 200965488640.00 201057189888.00 201149628416.00 
201240166400.00 201333456896.00 201430450176.00 201519104000.00 201610674176.00 201703014400.00 201795043328.00 201887285248.00 201979232256.00 202071605248.00 202163060736.00 202256007168.00 202347118592.00 202440212480.00 202532503552.00 202624417792.00 202716299264.00 202809196544.00 202901307392.00 202993238016.00 
203071864832.00 203177902080.00 203270078464.00 203362484224.00 203453612032.00 203546181632.00 203638554624.00 203731812352.00 203820957696.00 203915706368.00 204006801408.00 204099878912.00 204191629312.00 204284116992.00 204376326144.00 204468224000.00 204560056320.00 204652527616.00 204744441856.00 204837076992.00 
204927614976.00 205020823552.00 205108723712.00 205207207936.00 205297598464.00 205388988416.00 205482803200.00 205574619136.00 205666828288.00 205758562304.00 205850427392.00 205943488512.00 206035075072.00 206127529984.00 206220214272.00 206311817216.00 206404059136.00 206496612352.00 206588559360.00 206681030656.00 
206762098688.00 206865350656.00 206957510656.00 207050620928.00 207142322176.00 207234007040.00 207326314496.00 207418261504.00 207510110208.00 207602810880.00 207677816832.00 207787212800.00 207879307264.00 207971778560.00 208063758336.00 208155639808.00 208246784000.00 208340418560.00 208431841280.00 208524804096.00 
208615391232.00 208710238208.00 208801120256.00 208893509632.00 208984752128.00 209077354496.00 209169711104.00 209262133248.00 209353801728.00 209446060032.00 209537662976.00 209630773248.00 209720770560.00 209815322624.00 209907253248.00 209997824000.00 210091491328.00 210183913472.00 210275909632.00 210367971328.00 
210457722880.00 210553257984.00 210644369408.00 210736365568.00 210828132352.00 210918621184.00 211019857920.00 211107315712.00 211197558784.00 211290718208.00 211382206464.00 211474776064.00 211566804992.00 211659620352.00 211751141376.00 211843006464.00 211935002624.00 212027801600.00 212120322048.00 212211941376.00 
212297433088.00 212396425216.00 212488699904.00 212578222080.00 212670758912.00 212764803072.00 212857487360.00 212949336064.00 213042085888.00 213134016512.00 213225652224.00 213318156288.00 213409972224.00 213502918656.00 213594718208.00 213686665216.00 213780037632.00 213871198208.00 213963685888.00 214055747584.00 
214142124032.00 214241165312.00 214332489728.00 214424567808.00 214516531200.00 214607167488.00 214701162496.00 214793404416.00 214884777984.00 214977429504.00 215068884992.00 215161864192.00 215253729280.00 215344529408.00 215439441920.00 215530569728.00 215620894720.00 215715233792.00 215807229952.00 215899947008.00 
215990337536.00 216083873792.00 216175951872.00 216268275712.00 216359911424.00 216452825088.00 216545132544.00 216636571648.00 216729255936.00 216821366784.00 216910020608.00 217005391872.00 217096437760.00 217195347968.00 217282592768.00 217374064640.00 217466404864.00 217558843392.00 217651183616.00 217745145856.00 
217832620032.00 217927483392.00 218019905536.00 218111787008.00 218204241920.00 218296320000.00 218388299776.00 218480541696.00 218570522624.00 218664714240.00 218756284416.00 218849509376.00 218941292544.00 219033878528.00 219126202368.00 219209482240.00 219309899776.00 219402878976.00 219494285312.00 219586625536.00 
219677687808.00 219772305408.00 219862974464.00 219956953088.00 220046573568.00 220139585536.00 220232728576.00 220324020224.00 220415983616.00 220508684288.00 220599894016.00 220692987904.00 220784558080.00 220876816384.00 220969238528.00 221061021696.00 221152886784.00 221244784640.00 221336420352.00 221426876416.00 
221467557888.00 221618470912.00 221708861440.00 221800398848.00 221892149248.00 221983834112.00 222076223488.00 222168547328.00 222260199424.00 222352588800.00 222444355584.00 222537465856.00 222629101568.00 222721507328.00 222813814784.00 222905450496.00 222996709376.00 223090655232.00 223181914112.00 223274663936.00 
223365267456.00 223457591296.00 223550636032.00 223643123712.00 223734644736.00 223825674240.00 223919718400.00 224012156928.00 224103858176.00 224196427776.00 224287637504.00 224380256256.00 224470712320.00 224565592064.00 224656965632.00 224750272512.00 224841564160.00 224933806080.00 225025966080.00 225115766784.00 
225207500800.00 225302347776.00 225394507776.00 225486864384.00 225578041344.00 225671397376.00 225763229696.00 225855291392.00 225946828800.00 226041806848.00 226128773120.00 226224160768.00 226316353536.00 226408611840.00 226501001216.00 226592718848.00 226684354560.00 226777055232.00 226869739520.00 226961195008.00 
227052584960.00 227145252864.00 227239149568.00 227330965504.00 227420782592.00 227514941440.00 227607101440.00 227699572736.00 227790913536.00 227883220992.00 227975102464.00 228068360192.00 228159766528.00 228252581888.00 228344446976.00 228434952192.00 228527702016.00 228621500416.00 228713381888.00 228805361664.00 
228892180480.00 228988829696.00 229082169344.00 229174476800.00 229266227200.00 229358272512.00 229450645504.00 229543133184.00 229634752512.00 229727600640.00 229818843136.00 229911658496.00 230003785728.00 230096060416.00 230188187648.00 230280036352.00 230370213888.00 230464552960.00 230556303360.00 230647595008.00 
230707085312.00 230834749440.00 230926516224.00 231018528768.00 231109771264.00 231202127872.00 231293943808.00 231386923008.00 231478722560.00 231571095552.00 231662927872.00 231756021760.00 231846936576.00 231939686400.00 232031731712.00 232123727872.00 232215937024.00 232308506624.00 232400535552.00 232493170688.00 
232582266880.00 232676589568.00 232769814528.00 232861597696.00 232953561088.00 233044328448.00 233137438720.00 233230483456.00 233320464384.00 233414918144.00 233506471936.00 233598877696.00 233691250688.00 233783115776.00 233875832832.00 233967517696.00 234059612160.00 234152427520.00 234244243456.00 234336583680.00 
234427400192.00 234520772608.00 234612850688.00 234704977920.00 234796204032.00 234887954432.00 234982965248.00 235074404352.00 235166302208.00 235258183680.00 235347296256.00 235442683904.00 235534827520.00 235627216896.00 235719688192.00 235811291136.00 235903696896.00 235996381184.00 236087984128.00 236179587072.00 
236261703680.00 236364890112.00 236456804352.00 236548964352.00 236640501760.00 236733005824.00 236824657920.00 236917686272.00 237009338368.00 237102006272.00 237193396224.00 237285441536.00 237379338240.00 237471252480.00 237563133952.00 237653491712.00 237746421760.00 237839630336.00 237931954176.00 238024278016.00 
238114734080.00 238208401408.00 238300397568.00 238392918016.00 238484340736.00 238576697344.00 238669217792.00 238761328640.00 238851981312.00 238946353152.00 239037448192.00 239130443776.00 239220310016.00 239314681856.00 239406415872.00 239498772480.00 239590965248.00 239682879488.00 239775514624.00 239867625472.00 
239946121216.00 240051896320.00 240144269312.00 240236314624.00 240327983104.00 240420503552.00 240512696320.00 240605380608.00 240696164352.00 240790126592.00 240880959488.00 240973905920.00 241065803776.00 241157947392.00 241250287616.00 241341874176.00 241434329088.00 241527111680.00 241619107840.00 241711185920.00 
241802100736.00 241895849984.00 241987878912.00 242080579584.00 242170183680.00 242256084992.00 242356666368.00 242448826368.00 242540462080.00 242633195520.00 242724651008.00 242817449984.00 242909298688.00 243001982976.00 243093667840.00 243185975296.00 243278184448.00 243370737664.00 243462766592.00 243554713600.00 
243641597952.00 243739213824.00 243831341056.00 243923959808.00 244015300608.00 244107558912.00 244200095744.00 244292026368.00 244383858688.00 244476067840.00 244565278720.00 244661026816.00 244752859136.00 244844871680.00 244937490432.00 245028749312.00 245119188992.00 245213577216.00 245305442304.00 245397438464.00 
245488451584.00 245581365248.00 245673230336.00 245764947968.00 245855682560.00 245945876480.00 246029205504.00 246166913024.00 246235922432.00 246325264384.00 246415474688.00 246507470848.00 246598287360.00 246691397632.00 246782705664.00 246873489408.00 246966763520.00 247059202048.00 247151345664.00 247243407360.00 
247333060608.00 247427203072.00 247519838208.00 247612145664.00 247703666688.00 247796154368.00 247888478208.00 247980507136.00 248070651904.00 248164777984.00 248256528384.00 248349622272.00 248441126912.00 248533336064.00 248626167808.00 248717574144.00 248809865216.00 248902156288.00 248994512896.00 249086771200.00 
249171935232.00 249270894592.00 249363120128.00 249455771648.00 249546473472.00 249639239680.00 249732513792.00 249824034816.00 249916047360.00 250008649728.00 250100236288.00 250192887808.00 250284621824.00 250376929280.00 250468909056.00 250561265664.00 250653212672.00 250747469824.00 250838089728.00 250930167808.00 
251011432448.00 251114029056.00 251206991872.00 251298545664.00 251390558208.00 251481554944.00 251575549952.00 251667267584.00 251759476736.00 251852488704.00 251943550976.00 252036120576.00 252128591872.00 252220538880.00 252312829952.00 252404842496.00 252495970304.00 252591046656.00 252681928704.00 252773957632.00 
252864872448.00 252958507008.00 253050486784.00 253143236608.00 253234298880.00 253326295040.00 253418946560.00 253512286208.00 253603348480.00 253695246336.00 253770465280.00 253880696832.00 253970202624.00 254064525312.00 254156455936.00 254248468480.00 254341120000.00 254432854016.00 254525587456.00 254617550848.00 
254707023872.00 254801838080.00 254894309376.00 254986108928.00 255078170624.00 255170101248.00 255262834688.00 255354830848.00 255445827584.00 255537102848.00 255631441920.00 255723978752.00 255815712768.00 255907741696.00 256000327680.00 256090685440.00 256184188928.00 256277151744.00 256369360896.00 256461242368.00 
256552091648.00 256645545984.00 256737411072.00 256830390272.00 256920092672.00 257014333440.00 257106493440.00 257198800896.00 257291288576.00 257383612416.00 257474658304.00 257567850496.00 257659371520.00 257751810048.00 257844133888.00 257935769600.00 258027995136.00 258121170944.00 258212265984.00 258303737856.00 
258369650688.00 258490253312.00 258581725184.00 258673917952.00 258765864960.00 258857877504.00 258950840320.00 259040706560.00 259134013440.00 259226959872.00 259318218752.00 259411640320.00 259503374336.00 259595468800.00 259687759872.00 259780444160.00 259869818880.00 259964141568.00 260056252416.00 260148707328.00 
260239605760.00 260333027328.00 260424794112.00 260516954112.00 260609753088.00 260699979776.00 260793745408.00 260885987328.00 260978343936.00 261070127104.00 261162123264.00 261255102464.00 261346164736.00 261439012864.00 261531353088.00 261623414784.00 261715673088.00 261807423488.00 261900419072.00 261992316928.00 
262081855488.00 262176653312.00 262268239872.00 262360956928.00 262453084160.00 262544982016.00 262637355008.00 262729957376.00 262819627008.00 262914195456.00 263003013120.00 263098515456.00 263190102016.00 263282622464.00 263374471168.00 263466106880.00 263557414912.00 263638925312.00 263745781760.00 263836827648.00 
263927660544.00 264020967424.00 264113324032.00 264204943360.00 264296185856.00 264388804608.00 264481669120.00 264573796352.00 264665841664.00 264758181888.00 264849637376.00 264942485504.00 265034203136.00 265127133184.00 265219080192.00 265302327296.00 265403121664.00 265495314432.00 265587392512.00 265679863808.00 
265761030144.00 265864495104.00 265956474880.00 266048487424.00 266140614656.00 266232659968.00 266324803584.00 266417045504.00 266508795904.00 266604281856.00 266693476352.00 266785996800.00 266878058496.00 266970267648.00 267062231040.00 267154227200.00 267245617152.00 267339530240.00 267431624704.00 267523555328.00 
267608522752.00 267708039168.00 267800625152.00 267892080640.00 267983781888.00 268076498944.00 268168773632.00 268260868096.00 268352241664.00 268436881408.00 268537708544.00 268630474752.00 268719849472.00 268814172160.00 268906201088.00 268998197248.00 269090373632.00 269183270912.00 269275021312.00 269368279040.00 
269456867328.00 269551517696.00 269643792384.00 269734395904.00 269827997696.00 269918732288.00 270012579840.00 270105051136.00 270195720192.00 270289240064.00 270380908544.00 270473068544.00 270565326848.00 270656520192.00 270750138368.00 270842232832.00 270933950464.00 271026438144.00 271118647296.00 271211053056.00 
271302131712.00 271394914304.00 271487516672.00 271579152384.00 271669493760.00 271763210240.00 271856222208.00 271947939840.00 272040837120.00 272132751360.00 272221372416.00 272317431808.00 272408887296.00 272501391360.00 272593633280.00 272685531136.00 272777461760.00 272870359040.00 272962994176.00 273054793728.00 
273141186560.00 273238343680.00 273330798592.00 273426579456.00 273515331584.00 273607327744.00 273700175872.00 273791877120.00 273883955200.00 273976311808.00 274067898368.00 274160648192.00 274252611584.00 274345787392.00 274437095424.00 274527813632.00 274619416576.00 274713952256.00 274805882880.00 274898354176.00 
274988990464.00 275082936320.00 275174785024.00 275266338816.00 275358318592.00 275450789888.00 275543359488.00 275634913280.00 275727941632.00 275819036672.00 275911409664.00 276004700160.00 276094976000.00 276187676672.00 276280180736.00 276372029440.00 276464009216.00 276555857920.00 276647313408.00 276736573440.00 
276765147136.00 276932001792.00 277021196288.00 277112487936.00 277204107264.00 277296054272.00 277388525568.00 277480767488.00 277570355200.00 277664268288.00 277756248064.00 277848686592.00 277940895744.00 278034219008.00 278125051904.00 278217326592.00 278309240832.00 278401548288.00 278493822976.00 278586097664.00 
278676930560.00 278770941952.00 278862331904.00 278954541056.00 279045832704.00 279137550336.00 279231397888.00 279321149440.00 279415324672.00 279507828736.00 279599054848.00 279692410880.00 279783997440.00 279876534272.00 279968350208.00 280060657664.00 280152702976.00 280244518912.00 280338038784.00 280429297664.00 
280510660608.00 280614240256.00 280705925120.00 280798101504.00 280890146816.00 280982388736.00 281074892800.00 281166708736.00 281259180032.00 281351520256.00 281440059392.00 281536102400.00 281627787264.00 281719865344.00 281812074496.00 281903988736.00 281995608064.00 282088669184.00 282180780032.00 282275151872.00 
282364379136.00 282457767936.00 282549813248.00 282641858560.00 282734133248.00 282826244096.00 282918354944.00 283011055616.00 283102904320.00 283195375616.00 283286831104.00 283379695616.00 283469611008.00 283563884544.00 283656060928.00 283746336768.00 283839725568.00 283939536896.00 284025356288.00 284117237760.00 
284206563328.00 284301426688.00 284394356736.00 284485353472.00 284578021376.00 284669640704.00 284762341376.00 284854550528.00 284946038784.00 285038772224.00 285130293248.00 285225058304.00 285315301376.00 285407412224.00 285499457536.00 285591764992.00 285683384320.00 285776314368.00 285868064768.00 285960667136.00 
286045896704.00 286145118208.00 286236377088.00 286329274368.00 286419189760.00 286513528832.00 286605934592.00 286698078208.00 286789828608.00 286881742848.00 286973231104.00 287056789504.00 287159615488.00 287251759104.00 287343771648.00 287435456512.00 287527567360.00 287620530176.00 287712542720.00 287804456960.00 
287891128320.00 287988482048.00 288081870848.00 288173785088.00 288265306112.00 288348897280.00 288449462272.00 288542130176.00 288633487360.00 288725958656.00 288817446912.00 288910868480.00 289002717184.00 289094696960.00 289186938880.00 289278820352.00 289369260032.00 289463533568.00 289555611648.00 289647591424.00 
289739046912.00 289832337408.00 289924022272.00 290019966976.00 290108964864.00 290201042944.00 290293612544.00 290385887232.00 290477309952.00 290570305536.00 290658484224.00 290754101248.00 290845556736.00 290938781696.00 291030630400.00 291122806784.00 291215114240.00 291307028480.00 291402153984.00 291492102144.00 
291581296640.00 291676323840.00 291768369152.00 291860905984.00 291952656384.00 292044275712.00 292136910848.00 292229644288.00 292319363072.00 292413964288.00 292505321472.00 292597923840.00 292689969152.00 292783095808.00 292874682368.00 292965253120.00 293058215936.00 293151178752.00 293243191296.00 293335695360.00 
293426593792.00 293519720448.00 293612158976.00 293704171520.00 293795364864.00 293888065536.00 293980733440.00 294073565184.00 294164955136.00 294256640000.00 294348455936.00 294440534016.00 294532907008.00 294626000896.00 294717718528.00 294809862144.00 294901678080.00 294993657856.00 295085375488.00 295175716864.00 
295216021504.00 295367245824.00 295457390592.00 295548911616.00 295640924160.00 295732609024.00 295824982016.00 295917387776.00 296008744960.00 296101511168.00 296192966656.00 296285306880.00 296377155584.00 296469692416.00 296562065408.00 296654340096.00 296745598976.00 296838758400.00 296930836480.00 297023275008.00 
297114238976.00 297207824384.00 297299836928.00 297391685632.00 297483796480.00 297574563840.00 297668804608.00 297760620544.00 297852338176.00 297945366528.00 298036101120.00 298129850368.00 298219143168.00 298313875456.00 298404741120.00 298497835008.00 298590175232.00 298682580992.00 298772168704.00 298866573312.00 
298956259328.00 299050696704.00 299143069696.00 299235344384.00 299327619072.00 299419238400.00 299511840768.00 299603656704.00 299695177728.00 299788009472.00 299863343104.00 299973476352.00 300064669696.00 300157009920.00 300249055232.00 300341493760.00 300433342464.00 300526010368.00 300617957376.00 300710068224.00 
300801425408.00 300894978048.00 300986892288.00 301078446080.00 301168951296.00 301262929920.00 301355565056.00 301447839744.00 301539852288.00 301631864832.00 301723549696.00 301816250368.00 301907116032.00 302003716096.00 302093762560.00 302183546880.00 302277263360.00 302370062336.00 302461911040.00 302554251264.00 
302640857088.00 302738210816.00 302829469696.00 302922563584.00 303014805504.00 303106850816.00 303199682560.00 303291826176.00 303383478272.00 303476178944.00 303567110144.00 303660171264.00 303752183808.00 303844720640.00 303933685760.00 304028975104.00 304119250944.00 304213458944.00 304305569792.00 304397975552.00 
304483303424.00 304582492160.00 304674406400.00 304766582784.00 304857808896.00 304950935552.00 305042882560.00 305135222784.00 305227300864.00 305319477248.00 305410932736.00 305503633408.00 305595383808.00 305688674304.00 305779998720.00 305872699392.00 305964777472.00 306056167424.00 306149064704.00 306241077248.00 
306330730496.00 306425724928.00 306517147648.00 306609782784.00 306702385152.00 306792398848.00 306886410240.00 306978422784.00 307068731392.00 307162808320.00 307254493184.00 307346571264.00 307438092288.00 307524698112.00 307627687936.00 307717865472.00 307809386496.00 307901038592.00 307993313280.00 308085784576.00 
308176388096.00 308270399488.00 308361953280.00 308454621184.00 308545323008.00 308638384128.00 308730331136.00 308823392256.00 308914388992.00 309007286272.00 309095989248.00 309191540736.00 309283454976.00 309376483328.00 309467873280.00 309560770560.00 309652127744.00 309744664576.00 309835890688.00 309928886272.00 
310010576896.00 310113435648.00 310205284352.00 310297919488.00 310389932032.00 310481453056.00 310574383104.00 310666100736.00 310757326848.00 310851534848.00 310942760960.00 311035428864.00 311126982656.00 311219486720.00 311311597568.00 311394861056.00 311494770688.00 311588290560.00 311680237568.00 311772872704.00 
311863148544.00 311956897792.00 312048975872.00 312141283328.00 312231821312.00 312326586368.00 312417910784.00 312510382080.00 312602427392.00 312694571008.00 312786092032.00 312878563328.00 312969134080.00 313063407616.00 313156435968.00 313247498240.00 313339674624.00 313432211456.00 313523863552.00 313616269312.00 
313694519296.00 313800851456.00 313893126144.00 313986744320.00 314076856320.00 314169360384.00 314261766144.00 314353614848.00 314445365248.00 314538033152.00 314629685248.00 314722549760.00 314814955520.00 314907066368.00 314998784000.00 315090927616.00 315183071232.00 315275116544.00 315367522304.00 315460780032.00 
315550859264.00 315644444672.00 315736326144.00 315828404224.00 315918909440.00 316011249664.00 316104278016.00 316196618240.00 316286402560.00 316386607104.00 316474589184.00 316567191552.00 316658515968.00 316750954496.00 316843163648.00 316934717440.00 317027221504.00 317119299584.00 317210918912.00 317304078336.00 
317390716928.00 317488103424.00 317580574720.00 317672783872.00 317764763648.00 317856972800.00 317949083648.00 318040932352.00 318132322304.00 318225809408.00 318314283008.00 318411603968.00 318501552128.00 318594842624.00 318686330880.00 318778540032.00 318868684800.00 318963089408.00 319055298560.00 319147442176.00 
319238340608.00 319332384768.00 319424659456.00 319515787264.00 319607996416.00 319700238336.00 319792414720.00 319885967360.00 319977160704.00 320069566464.00 320160858112.00 320253984768.00 320344719360.00 320438206464.00 320530251776.00 320620822528.00 320714178560.00 320806617088.00 320898465792.00 320991526912.00 
321080721408.00 321175945216.00 321267367936.00 321360691200.00 321452638208.00 321543929856.00 321636597760.00 321728282624.00 321818755072.00 321913028608.00 322004189184.00 322097938432.00 322189131776.00 322281865216.00 322374041600.00 322465955840.00 322557509632.00 322649784320.00 322742091776.00 322833743872.00 
322892726272.00 323020619776.00 323111813120.00 323204055040.00 323295019008.00 323387916288.00 323479928832.00 323572334592.00 323664150528.00 323756654592.00 323848601600.00 323941433344.00 324032921600.00 324125556736.00 324217339904.00 324309254144.00 324402020352.00 324494688256.00 324586110976.00 324678615040.00 
324759715840.00 324863131648.00 324955045888.00 325047681024.00 325139300352.00 325230231552.00 325324177408.00 325416222720.00 325507973120.00 325599789056.00 325692850176.00 325785026560.00 325876809728.00 325969739776.00 326061490176.00 326153895936.00 326244499456.00 326337855488.00 326430392320.00 326522175488.00 
326613270528.00 326708690944.00 326798934016.00 326891470848.00 326982860800.00 327075135488.00 327167180800.00 327259750400.00 327352025088.00 327444103168.00 327532642304.00 327627833344.00 327718371328.00 327812743168.00 327904264192.00 327995162624.00 328091926528.00 328181972992.00 328274083840.00 328365932544.00 
328455979008.00 328551006208.00 328642166784.00 328734408704.00 328827076608.00 328919154688.00 329010937856.00 329103376384.00 329194864640.00 329287827456.00 329379905536.00 329472147456.00 329564225536.00 329656598528.00 329748873216.00 329839509504.00 329932963840.00 330025271296.00 330117120000.00 330214735872.00 
330301112320.00 330394304512.00 330486218752.00 330578427904.00 330668998656.00 330762747904.00 330854629376.00 330947526656.00 331039670272.00 331131584512.00 331223695360.00 331315937280.00 331408080896.00 331500584960.00 331592302592.00 331684577280.00 331776720896.00 331868897280.00 331960778752.00 332053086208.00 
332117803008.00 332238749696.00 332330434560.00 332422283264.00 332514328576.00 332606767104.00 332698648576.00 332791152640.00 332882968576.00 332975472640.00 333067485184.00 333159563264.00 333251739648.00 333344669696.00 333435731968.00 333528236032.00 333618216960.00 333712523264.00 333804634112.00 333892943872.00 
333988364288.00 334081622016.00 334173405184.00 334266466304.00 334357430272.00 334441676800.00 334542176256.00 334634647552.00 334727512064.00 334818902016.00 334910390272.00 335003746304.00 335094284288.00 335187542016.00 335279816704.00 335371403264.00 335461711872.00 335558017024.00 335649079296.00 335741255680.00 
335830810624.00 335925215232.00 336017424384.00 336109862912.00 336201711616.00 336293855232.00 336385998848.00 336477487104.00 336568320000.00 336662593536.00 336751591424.00 336846356480.00 336938369024.00 337031626752.00 337123835904.00 337214865408.00 337307533312.00 337399906304.00 337492377600.00 337584324608.00 
337675452416.00 337767432192.00 337861378048.00 337953095680.00 338044518400.00 338136989696.00 338229166080.00 338323800064.00 338414469120.00 338506481664.00 338597871616.00 338691424256.00 338782289920.00 338875285504.00 338967199744.00 339057803264.00 339151486976.00 339243663360.00 339336036352.00 339428147200.00 
339509379072.00 339612794880.00 339704512512.00 339797409792.00 339889094656.00 339980910592.00 340073381888.00 340165689344.00 340257341440.00 340350304256.00 340441300992.00 340534198272.00 340624572416.00 340719435776.00 340811513856.00 340903297024.00 340994424832.00 341088141312.00 341179269120.00 341271871488.00 
341357232128.00 341456617472.00 341548335104.00 341640118272.00 341732720640.00 341825126400.00 341917138944.00 342009085952.00 342101262336.00 342193307648.00 342285352960.00 342378119168.00 342468296704.00 342561980416.00 342652977152.00 342747381760.00 342839328768.00 342931210240.00 343023583232.00 343115890688.00 
343204986880.00 343300997120.00 343392387072.00 343484268544.00 343575691264.00 343667113984.00 343760928768.00 343852974080.00 343944364032.00 344037785600.00 344128913408.00 344221712384.00 344313823232.00 344404787200.00 344499027968.00 344590155776.00 344682561536.00 344775032832.00 344867340288.00 344959516672.00 
345050284032.00 345143181312.00 345236996096.00 345328287744.00 345417515008.00 345512476672.00 345604030464.00 345696731136.00 345788645376.00 345880887296.00 345956515840.00 346066157568.00 346157580288.00 346249854976.00 346342096896.00 346433585152.00 346526089216.00 346618331136.00 346710933504.00 346802651136.00 
346889715712.00 346987397120.00 347079049216.00 347171913728.00 347263533056.00 347357052928.00 347447984128.00 347541635072.00 347631910912.00 347724808192.00 347816394752.00 347909357568.00 348000878592.00 348093186048.00 348185427968.00 348276195328.00 348368109568.00 348461727744.00 348555870208.00 348646244352.00 
348737994752.00 348831219712.00 348923166720.00 349015408640.00 349107585024.00 349199564800.00 349292167168.00 349384343552.00 349475897344.00 349568106496.00 349660708864.00 349752950784.00 349843619840.00 349937008640.00 350029873152.00 350121558016.00 350213865472.00 350305648640.00 350398513152.00 350490853376.00 
350568644608.00 350675468288.00 350767415296.00 350859296768.00 350951473152.00 351043846144.00 351135662080.00 351227936768.00 351317983232.00 351411994624.00 351503777792.00 351596544000.00 351688556544.00 351781060608.00 351874121728.00 351965184000.00 352056967168.00 352149995520.00 352240664576.00 352334020608.00 
352424656896.00 352519094272.00 352610156544.00 352701906944.00 352793690112.00 352885145600.00 352977616896.00 353071890432.00 353163608064.00 353256144896.00 353347698688.00 353441054720.00 353531920384.00 353624326144.00 353717321728.00 353808777216.00 353900920832.00 353993916416.00 354085732352.00 354177515520.00 
354259042304.00 354362064896.00 354454306816.00 354545860608.00 354638102528.00 354731032576.00 354822258688.00 354916302848.00 355007004672.00 355099017216.00 355188244480.00 355283337216.00 355376791552.00 355468705792.00 355560226816.00 355651977216.00 355743498240.00 355836329984.00 355929456640.00 356021698560.00 
356112334848.00 356205428736.00 356296327168.00 356389847040.00 356481925120.00 356573773824.00 356666212352.00 356759142400.00 356850892800.00 356943331328.00 357034426368.00 357130665984.00 357217828864.00 357310332928.00 357404049408.00 357487509504.00 357588697088.00 357681037312.00 357772787712.00 357865095168.00 
357954846720.00 358049579008.00 358141198336.00 358234095616.00 358325387264.00 358417432576.00 358509838336.00 358601883648.00 358693339136.00 358787350528.00 358878248960.00 358971015168.00 359063879680.00 359155269632.00 359247347712.00 359340048384.00 359431208960.00 359524597760.00 359616282624.00 359708950528.00 
359794049024.00 359892942848.00 359985348608.00 360076902400.00 360167538688.00 360261386240.00 360353890304.00 360448229376.00 360537817088.00 360629829632.00 360722235392.00 360814411776.00 360906194944.00 360998010880.00 361091497984.00 361183215616.00 361275555840.00 361367601152.00 361459712000.00 361551921152.00 
361638854656.00 361736339456.00 361828188160.00 361920200704.00 362012868608.00 362103242752.00 362197483520.00 362289168384.00 362381475840.00 362473553920.00 362565468160.00 362657579008.00 362749722624.00 362842750976.00 362934861824.00 363026481152.00 363116560384.00 363210178560.00 363303534592.00 363395383296.00 
363486347264.00 363579277312.00 363671420928.00 363764219904.00 363855544320.00 363948441600.00 364040650752.00 364132368384.00 364224217088.00 364317048832.00 364405686272.00 364501237760.00 364592168960.00 364685590528.00 364777177088.00 364868796416.00 364961628160.00 365055180800.00 365146177536.00 365238648832.00 
365327613952.00 365422608384.00 365514653696.00 365607092224.00 365699104768.00 365790658560.00 365882998784.00 365975339008.00 366065680384.00 366160019456.00 366251016192.00 366343225344.00 366435106816.00 366527479808.00 366619197440.00 366710226944.00 366803320832.00 366895464448.00 366988099584.00 367080275968.00 
367169994752.00 367263940608.00 367356280832.00 367447736320.00 367538569216.00 367631073280.00 367722725376.00 367814836224.00 367906127872.00 367997878272.00 368088612864.00 368180461568.00 368271261696.00 368361832448.00 368451911680.00 368540876800.00 368627679232.00 368713203712.00 368790503424.00 368835985408.00 
end   dump: w
==END   DUMP_ARRAYS==
Time in seconds = 0.104167
