Sender: LSF System <lsfadmin@polus-c2-ib.bmc.hpc.cs.msu.ru>
Subject: Job 494519: <./extra.o> in cluster <MSUCluster> Done

Job <./extra.o> was submitted from host <polus-ib.bmc.hpc.cs.msu.ru> by user <edu-cmc-skpod19-328-11> in cluster <MSUCluster> at Fri Nov 29 23:45:37 2019
Job was executed on host(s) <15*polus-c2-ib.bmc.hpc.cs.msu.ru>, in queue <short>, as user <edu-cmc-skpod19-328-11> in cluster <MSUCluster> at Fri Nov 29 23:49:34 2019
                            <5*polus-c3-ib.bmc.hpc.cs.msu.ru>
</home_edu/edu-cmc-skpod19-328/edu-cmc-skpod19-328-11> was used as the home directory.
</home_edu/edu-cmc-skpod19-328/edu-cmc-skpod19-328-11/dep_gemver> was used as the working directory.
Started at Fri Nov 29 23:49:34 2019
Terminated at Fri Nov 29 23:49:36 2019
Results reported at Fri Nov 29 23:49:36 2019

Your job looked like:

------------------------------------------------------------
# LSBATCH: User input
./extra.o
------------------------------------------------------------

Successfully completed.

Resource usage summary:

    CPU time :                                   13.00 sec.
    Max Memory :                                 1 MB
    Average Memory :                             1.00 MB
    Total Requested Memory :                     -
    Delta Memory :                               -
    Max Swap :                                   -
    Max Processes :                              1
    Max Threads :                                1
    Run time :                                   1 sec.
    Turnaround time :                            239 sec.

The output (if any) follows:

==BEGIN DUMP_ARRAYS==
begin dump: w
0.00 0.00 0.00 0.00 0.00 0.00 0.00 0.00 0.00 0.00 0.00 0.00 0.00 0.00 0.00 0.00 0.00 0.00 0.00 0.00 
0.00 0.00 0.00 0.00 0.00 0.00 0.00 0.00 0.00 0.00 0.00 0.00 0.00 0.00 0.00 0.00 0.00 0.00 0.00 0.00 
0.00 0.00 0.00 0.00 0.00 0.00 0.00 0.00 0.00 0.00 0.00 0.00 0.00 0.00 0.00 0.00 0.00 0.00 0.00 0.00 
0.00 0.00 0.00 0.00 0.00 0.00 0.00 0.00 0.00 0.00 0.00 0.00 0.00 0.00 0.00 0.00 0.00 0.00 0.00 0.00 
0.00 0.00 0.00 0.00 0.00 0.00 0.00 0.00 0.00 0.00 0.00 0.00 0.00 0.00 0.00 0.00 0.00 0.00 0.00 0.00 
0.00 0.00 0.00 0.00 0.00 0.00 0.00 0.00 0.00 0.00 0.00 0.00 0.00 0.00 0.00 0.00 0.00 0.00 0.00 0.00 
0.00 0.00 0.00 0.00 0.00 0.00 0.00 0.00 0.00 0.00 0.00 0.00 0.00 0.00 0.00 0.00 0.00 0.00 0.00 0.00 
0.00 0.00 0.00 0.00 0.00 0.00 0.00 0.00 0.00 0.00 0.00 0.00 0.00 0.00 0.00 0.00 0.00 0.00 0.00 0.00 
0.00 0.00 0.00 0.00 0.00 0.00 0.00 0.00 0.00 0.00 0.00 0.00 0.00 0.00 0.00 0.00 0.00 0.00 0.00 0.00 
0.00 0.00 0.00 0.00 0.00 0.00 0.00 0.00 0.00 0.00 0.00 0.00 0.00 0.00 0.00 0.00 0.00 0.00 0.00 0.00 
0.00 0.00 0.00 0.00 0.00 0.00 0.00 0.00 0.00 0.00 0.00 0.00 0.00 0.00 0.00 0.00 0.00 0.00 0.00 0.00 
0.00 0.00 0.00 0.00 0.00 0.00 0.00 0.00 0.00 0.00 0.00 0.00 0.00 0.00 0.00 0.00 0.00 0.00 0.00 0.00 
0.00 0.00 0.00 0.00 0.00 0.00 0.00 0.00 0.00 0.00 0.00 0.00 0.00 0.00 0.00 0.00 0.00 0.00 0.00 0.00 
0.00 0.00 0.00 0.00 0.00 0.00 0.00 0.00 0.00 0.00 0.00 0.00 0.00 0.00 0.00 0.00 0.00 0.00 0.00 0.00 
0.00 0.00 0.00 0.00 0.00 0.00 0.00 0.00 0.00 0.00 0.00 0.00 0.00 0.00 0.00 0.00 0.00 0.00 0.00 0.00 
0.00 0.00 0.00 0.00 0.00 0.00 0.00 0.00 0.00 0.00 0.00 0.00 0.00 0.00 0.00 0.00 0.00 0.00 0.00 0.00 
0.00 0.00 0.00 0.00 0.00 0.00 0.00 0.00 0.00 0.00 0.00 0.00 0.00 0.00 0.00 0.00 0.00 0.00 0.00 0.00 
0.00 0.00 0.00 0.00 0.00 0.00 0.00 0.00 0.00 0.00 0.00 0.00 0.00 0.00 0.00 0.00 0.00 0.00 0.00 0.00 
0.00 0.00 0.00 0.00 0.00 0.00 0.00 0.00 0.00 0.00 0.00 0.00 0.00 0.00 0.00 0.00 0.00 0.00 0.00 0.00 
0.00 0.00 0.00 0.00 0.00 0.00 0.00 0.00 0.00 0.00 0.00 0.00 0.00 0.00 0.00 0.00 0.00 0.00 0.00 0.00 
0.00 0.00 0.00 0.00 0.00 0.00 0.00 0.00 0.00 0.00 0.00 0.00 0.00 0.00 0.00 0.00 0.00 0.00 0.00 0.00 
0.00 0.00 0.00 0.00 0.00 0.00 0.00 0.00 0.00 0.00 0.00 0.00 0.00 0.00 0.00 0.00 0.00 0.00 0.00 0.00 
0.00 0.00 0.00 0.00 0.00 0.00 0.00 0.00 0.00 0.00 0.00 0.00 0.00 0.00 0.00 0.00 0.00 0.00 0.00 0.00 
0.00 0.00 0.00 0.00 0.00 0.00 0.00 0.00 0.00 0.00 0.00 0.00 0.00 0.00 0.00 0.00 0.00 0.00 0.00 0.00 
0.00 0.00 0.00 0.00 0.00 0.00 0.00 0.00 0.00 0.00 0.00 0.00 0.00 0.00 0.00 0.00 0.00 0.00 0.00 0.00 
0.00 0.00 0.00 0.00 0.00 0.00 0.00 0.00 0.00 0.00 0.00 0.00 0.00 0.00 0.00 0.00 0.00 0.00 0.00 0.00 
0.00 0.00 0.00 0.00 0.00 0.00 0.00 0.00 0.00 0.00 0.00 0.00 0.00 0.00 0.00 0.00 0.00 0.00 0.00 0.00 
0.00 0.00 0.00 0.00 0.00 0.00 0.00 0.00 0.00 0.00 0.00 0.00 0.00 0.00 0.00 0.00 0.00 0.00 0.00 0.00 
0.00 0.00 0.00 0.00 0.00 0.00 0.00 0.00 0.00 0.00 0.00 0.00 0.00 0.00 0.00 0.00 0.00 0.00 0.00 0.00 
0.00 0.00 0.00 0.00 0.00 0.00 0.00 0.00 0.00 0.00 0.00 0.00 0.00 0.00 0.00 0.00 0.00 0.00 0.00 0.00 
0.00 0.00 0.00 0.00 0.00 0.00 0.00 0.00 0.00 0.00 0.00 0.00 0.00 0.00 0.00 0.00 0.00 0.00 0.00 0.00 
0.00 0.00 0.00 0.00 0.00 0.00 0.00 0.00 0.00 0.00 0.00 0.00 0.00 0.00 0.00 0.00 0.00 0.00 0.00 0.00 
0.00 0.00 0.00 0.00 0.00 0.00 0.00 0.00 0.00 0.00 0.00 0.00 0.00 0.00 0.00 0.00 0.00 0.00 0.00 0.00 
0.00 0.00 0.00 0.00 0.00 0.00 0.00 0.00 0.00 0.00 0.00 0.00 0.00 0.00 0.00 0.00 0.00 0.00 0.00 0.00 
0.00 0.00 0.00 0.00 0.00 0.00 0.00 0.00 0.00 0.00 0.00 0.00 0.00 0.00 0.00 0.00 0.00 0.00 0.00 0.00 
0.00 0.00 0.00 0.00 0.00 0.00 0.00 0.00 0.00 0.00 0.00 0.00 0.00 0.00 0.00 0.00 0.00 0.00 0.00 0.00 
0.00 0.00 0.00 0.00 0.00 0.00 0.00 0.00 0.00 0.00 0.00 0.00 0.00 0.00 0.00 0.00 0.00 0.00 0.00 0.00 
0.00 0.00 0.00 0.00 0.00 0.00 0.00 0.00 0.00 0.00 0.00 0.00 0.00 0.00 0.00 0.00 0.00 0.00 0.00 0.00 
0.00 0.00 0.00 0.00 0.00 0.00 0.00 0.00 0.00 0.00 0.00 0.00 0.00 0.00 0.00 0.00 0.00 0.00 0.00 0.00 
0.00 0.00 0.00 0.00 0.00 0.00 0.00 0.00 0.00 0.00 0.00 0.00 0.00 0.00 0.00 0.00 0.00 0.00 0.00 0.00 
0.00 0.00 0.00 0.00 0.00 0.00 0.00 0.00 0.00 0.00 0.00 0.00 0.00 0.00 0.00 0.00 0.00 0.00 0.00 0.00 
0.00 0.00 0.00 0.00 0.00 0.00 0.00 0.00 0.00 0.00 0.00 0.00 0.00 0.00 0.00 0.00 0.00 0.00 0.00 0.00 
0.00 0.00 0.00 0.00 0.00 0.00 0.00 0.00 0.00 0.00 0.00 0.00 0.00 0.00 0.00 0.00 0.00 0.00 0.00 0.00 
0.00 0.00 0.00 0.00 0.00 0.00 0.00 0.00 0.00 0.00 0.00 0.00 0.00 0.00 0.00 0.00 0.00 0.00 0.00 0.00 
0.00 0.00 0.00 0.00 0.00 0.00 0.00 0.00 0.00 0.00 0.00 0.00 0.00 0.00 0.00 0.00 0.00 0.00 0.00 0.00 
0.00 0.00 0.00 0.00 0.00 0.00 0.00 0.00 0.00 0.00 0.00 0.00 0.00 0.00 0.00 0.00 0.00 0.00 0.00 0.00 
0.00 0.00 0.00 0.00 0.00 0.00 0.00 0.00 0.00 0.00 0.00 0.00 0.00 0.00 0.00 0.00 0.00 0.00 0.00 0.00 
0.00 0.00 0.00 0.00 0.00 0.00 0.00 0.00 0.00 0.00 0.00 0.00 0.00 0.00 0.00 0.00 0.00 0.00 0.00 0.00 
0.00 0.00 0.00 0.00 0.00 0.00 0.00 0.00 0.00 0.00 0.00 0.00 0.00 0.00 0.00 0.00 0.00 0.00 0.00 0.00 
0.00 0.00 0.00 0.00 0.00 0.00 0.00 0.00 0.00 0.00 0.00 0.00 0.00 0.00 0.00 0.00 0.00 0.00 0.00 0.00 
0.00 0.00 0.00 0.00 0.00 0.00 0.00 0.00 0.00 0.00 0.00 0.00 0.00 0.00 0.00 0.00 0.00 0.00 0.00 0.00 
0.00 0.00 0.00 0.00 0.00 0.00 0.00 0.00 0.00 0.00 0.00 0.00 0.00 0.00 0.00 0.00 0.00 0.00 0.00 0.00 
0.00 0.00 0.00 0.00 0.00 0.00 0.00 0.00 0.00 0.00 0.00 0.00 0.00 0.00 0.00 0.00 0.00 0.00 0.00 0.00 
0.00 0.00 0.00 0.00 0.00 0.00 0.00 0.00 0.00 0.00 0.00 0.00 0.00 0.00 0.00 0.00 0.00 0.00 0.00 0.00 
0.00 0.00 0.00 0.00 0.00 0.00 0.00 0.00 0.00 0.00 0.00 0.00 0.00 0.00 0.00 0.00 0.00 0.00 0.00 0.00 
0.00 0.00 0.00 0.00 0.00 0.00 0.00 0.00 0.00 0.00 0.00 0.00 0.00 0.00 0.00 0.00 0.00 0.00 0.00 0.00 
0.00 0.00 0.00 0.00 0.00 0.00 0.00 0.00 0.00 0.00 0.00 0.00 0.00 0.00 0.00 0.00 0.00 0.00 0.00 0.00 
0.00 0.00 0.00 0.00 0.00 0.00 0.00 0.00 0.00 0.00 0.00 0.00 0.00 0.00 0.00 0.00 0.00 0.00 0.00 0.00 
0.00 0.00 0.00 0.00 0.00 0.00 0.00 0.00 0.00 0.00 0.00 0.00 0.00 0.00 0.00 0.00 0.00 0.00 0.00 0.00 
0.00 0.00 0.00 0.00 0.00 0.00 0.00 0.00 0.00 0.00 0.00 0.00 0.00 0.00 0.00 0.00 0.00 0.00 0.00 0.00 
0.00 0.00 0.00 0.00 0.00 0.00 0.00 0.00 0.00 0.00 0.00 0.00 0.00 0.00 0.00 0.00 0.00 0.00 0.00 0.00 
0.00 0.00 0.00 0.00 0.00 0.00 0.00 0.00 0.00 0.00 0.00 0.00 0.00 0.00 0.00 0.00 0.00 0.00 0.00 0.00 
0.00 0.00 0.00 0.00 0.00 0.00 0.00 0.00 0.00 0.00 0.00 0.00 0.00 0.00 0.00 0.00 0.00 0.00 0.00 0.00 
0.00 0.00 0.00 0.00 0.00 0.00 0.00 0.00 0.00 0.00 0.00 0.00 0.00 0.00 0.00 0.00 0.00 0.00 0.00 0.00 
0.00 0.00 0.00 0.00 0.00 0.00 0.00 0.00 0.00 0.00 0.00 0.00 0.00 0.00 0.00 0.00 0.00 0.00 0.00 0.00 
0.00 0.00 0.00 0.00 0.00 0.00 0.00 0.00 0.00 0.00 0.00 0.00 0.00 0.00 0.00 0.00 0.00 0.00 0.00 0.00 
0.00 0.00 0.00 0.00 0.00 0.00 0.00 0.00 0.00 0.00 0.00 0.00 0.00 0.00 0.00 0.00 0.00 0.00 0.00 0.00 
0.00 0.00 0.00 0.00 0.00 0.00 0.00 0.00 0.00 0.00 0.00 0.00 0.00 0.00 0.00 0.00 0.00 0.00 0.00 0.00 
0.00 0.00 0.00 0.00 0.00 0.00 0.00 0.00 0.00 0.00 0.00 0.00 0.00 0.00 0.00 0.00 0.00 0.00 0.00 0.00 
0.00 0.00 0.00 0.00 0.00 0.00 0.00 0.00 0.00 0.00 0.00 0.00 0.00 0.00 0.00 0.00 0.00 0.00 0.00 0.00 
0.00 0.00 0.00 0.00 0.00 0.00 0.00 0.00 0.00 0.00 0.00 0.00 0.00 0.00 0.00 0.00 0.00 0.00 0.00 0.00 
0.00 0.00 0.00 0.00 0.00 0.00 0.00 0.00 0.00 0.00 0.00 0.00 0.00 0.00 0.00 0.00 0.00 0.00 0.00 0.00 
0.00 0.00 0.00 0.00 0.00 0.00 0.00 0.00 0.00 0.00 0.00 0.00 0.00 0.00 0.00 0.00 0.00 0.00 0.00 0.00 
0.00 0.00 0.00 0.00 0.00 0.00 0.00 0.00 0.00 0.00 0.00 0.00 0.00 0.00 0.00 0.00 0.00 0.00 0.00 0.00 
0.00 0.00 0.00 0.00 0.00 0.00 0.00 0.00 0.00 0.00 0.00 0.00 0.00 0.00 0.00 0.00 0.00 0.00 0.00 0.00 
0.00 0.00 0.00 0.00 0.00 0.00 0.00 0.00 0.00 0.00 0.00 0.00 0.00 0.00 0.00 0.00 0.00 0.00 0.00 0.00 
0.00 0.00 0.00 0.00 0.00 0.00 0.00 0.00 0.00 0.00 0.00 0.00 0.00 0.00 0.00 0.00 0.00 0.00 0.00 0.00 
0.00 0.00 0.00 0.00 0.00 0.00 0.00 0.00 0.00 0.00 0.00 0.00 0.00 0.00 0.00 0.00 0.00 0.00 0.00 0.00 
0.00 0.00 0.00 0.00 0.00 0.00 0.00 0.00 0.00 0.00 0.00 0.00 0.00 0.00 0.00 0.00 0.00 0.00 0.00 0.00 
0.00 0.00 0.00 0.00 0.00 0.00 0.00 0.00 0.00 0.00 0.00 0.00 0.00 0.00 0.00 0.00 0.00 0.00 0.00 0.00 
0.00 0.00 0.00 0.00 0.00 0.00 0.00 0.00 0.00 0.00 0.00 0.00 0.00 0.00 0.00 0.00 0.00 0.00 0.00 0.00 
0.00 0.00 0.00 0.00 0.00 0.00 0.00 0.00 0.00 0.00 0.00 0.00 0.00 0.00 0.00 0.00 0.00 0.00 0.00 0.00 
0.00 0.00 0.00 0.00 0.00 0.00 0.00 0.00 0.00 0.00 0.00 0.00 0.00 0.00 0.00 0.00 0.00 0.00 0.00 0.00 
0.00 0.00 0.00 0.00 0.00 0.00 0.00 0.00 0.00 0.00 0.00 0.00 0.00 0.00 0.00 0.00 0.00 0.00 0.00 0.00 
0.00 0.00 0.00 0.00 0.00 0.00 0.00 0.00 0.00 0.00 0.00 0.00 0.00 0.00 0.00 0.00 0.00 0.00 0.00 0.00 
0.00 0.00 0.00 0.00 0.00 0.00 0.00 0.00 0.00 0.00 0.00 0.00 0.00 0.00 0.00 0.00 0.00 0.00 0.00 0.00 
0.00 0.00 0.00 0.00 0.00 0.00 0.00 0.00 0.00 0.00 0.00 0.00 0.00 0.00 0.00 0.00 0.00 0.00 0.00 0.00 
0.00 0.00 0.00 0.00 0.00 0.00 0.00 0.00 0.00 0.00 0.00 0.00 0.00 0.00 0.00 0.00 0.00 0.00 0.00 0.00 
0.00 0.00 0.00 0.00 0.00 0.00 0.00 0.00 0.00 0.00 0.00 0.00 0.00 0.00 0.00 0.00 0.00 0.00 0.00 0.00 
0.00 0.00 0.00 0.00 0.00 0.00 0.00 0.00 0.00 0.00 0.00 0.00 0.00 0.00 0.00 0.00 0.00 0.00 0.00 0.00 
0.00 0.00 0.00 0.00 0.00 0.00 0.00 0.00 0.00 0.00 0.00 0.00 0.00 0.00 0.00 0.00 0.00 0.00 0.00 0.00 
0.00 0.00 0.00 0.00 0.00 0.00 0.00 0.00 0.00 0.00 0.00 0.00 0.00 0.00 0.00 0.00 0.00 0.00 0.00 0.00 
0.00 0.00 0.00 0.00 0.00 0.00 0.00 0.00 0.00 0.00 0.00 0.00 0.00 0.00 0.00 0.00 0.00 0.00 0.00 0.00 
0.00 0.00 0.00 0.00 0.00 0.00 0.00 0.00 0.00 0.00 0.00 0.00 0.00 0.00 0.00 0.00 0.00 0.00 0.00 0.00 
0.00 0.00 0.00 0.00 0.00 0.00 0.00 0.00 0.00 0.00 0.00 0.00 0.00 0.00 0.00 0.00 0.00 0.00 0.00 0.00 
0.00 0.00 0.00 0.00 0.00 0.00 0.00 0.00 0.00 0.00 0.00 0.00 0.00 0.00 0.00 0.00 0.00 0.00 0.00 0.00 
0.00 0.00 0.00 0.00 0.00 0.00 0.00 0.00 0.00 0.00 0.00 0.00 0.00 0.00 0.00 0.00 0.00 0.00 0.00 0.00 
0.00 0.00 0.00 0.00 0.00 0.00 0.00 0.00 0.00 0.00 0.00 0.00 0.00 0.00 0.00 0.00 0.00 0.00 0.00 0.00 
0.00 0.00 0.00 0.00 0.00 0.00 0.00 0.00 0.00 0.00 0.00 0.00 0.00 0.00 0.00 0.00 0.00 0.00 0.00 0.00 
0.00 0.00 0.00 0.00 0.00 0.00 0.00 0.00 0.00 0.00 0.00 0.00 0.00 0.00 0.00 0.00 0.00 0.00 0.00 0.00 
0.00 0.00 0.00 0.00 0.00 0.00 0.00 0.00 0.00 0.00 0.00 0.00 0.00 0.00 0.00 0.00 0.00 0.00 0.00 0.00 
0.00 0.00 0.00 0.00 0.00 0.00 0.00 0.00 0.00 0.00 0.00 0.00 0.00 0.00 0.00 0.00 0.00 0.00 0.00 0.00 
0.00 0.00 0.00 0.00 0.00 0.00 0.00 0.00 0.00 0.00 0.00 0.00 0.00 0.00 0.00 0.00 0.00 0.00 0.00 0.00 
0.00 0.00 0.00 0.00 0.00 0.00 0.00 0.00 0.00 0.00 0.00 0.00 0.00 0.00 0.00 0.00 0.00 0.00 0.00 0.00 
0.00 0.00 0.00 0.00 0.00 0.00 0.00 0.00 0.00 0.00 0.00 0.00 0.00 0.00 0.00 0.00 0.00 0.00 0.00 0.00 
0.00 0.00 0.00 0.00 0.00 0.00 0.00 0.00 0.00 0.00 0.00 0.00 0.00 0.00 0.00 0.00 0.00 0.00 0.00 0.00 
0.00 0.00 0.00 0.00 0.00 0.00 0.00 0.00 0.00 0.00 0.00 0.00 0.00 0.00 0.00 0.00 0.00 0.00 0.00 0.00 
0.00 0.00 0.00 0.00 0.00 0.00 0.00 0.00 0.00 0.00 0.00 0.00 0.00 0.00 0.00 0.00 0.00 0.00 0.00 0.00 
0.00 0.00 0.00 0.00 0.00 0.00 0.00 0.00 0.00 0.00 0.00 0.00 0.00 0.00 0.00 0.00 0.00 0.00 0.00 0.00 
0.00 0.00 0.00 0.00 0.00 0.00 0.00 0.00 0.00 0.00 0.00 0.00 0.00 0.00 0.00 0.00 0.00 0.00 0.00 0.00 
0.00 0.00 0.00 0.00 0.00 0.00 0.00 0.00 0.00 0.00 0.00 0.00 0.00 0.00 0.00 0.00 0.00 0.00 0.00 0.00 
0.00 0.00 0.00 0.00 0.00 0.00 0.00 0.00 0.00 0.00 0.00 0.00 0.00 0.00 0.00 0.00 0.00 0.00 0.00 0.00 
0.00 0.00 0.00 0.00 0.00 0.00 0.00 0.00 0.00 0.00 0.00 0.00 0.00 0.00 0.00 0.00 0.00 0.00 0.00 0.00 
0.00 0.00 0.00 0.00 0.00 0.00 0.00 0.00 0.00 0.00 0.00 0.00 0.00 0.00 0.00 0.00 0.00 0.00 0.00 0.00 
0.00 0.00 0.00 0.00 0.00 0.00 0.00 0.00 0.00 0.00 0.00 0.00 0.00 0.00 0.00 0.00 0.00 0.00 0.00 0.00 
0.00 0.00 0.00 0.00 0.00 0.00 0.00 0.00 0.00 0.00 0.00 0.00 0.00 0.00 0.00 0.00 0.00 0.00 0.00 0.00 
0.00 0.00 0.00 0.00 0.00 0.00 0.00 0.00 0.00 0.00 0.00 0.00 0.00 0.00 0.00 0.00 0.00 0.00 0.00 0.00 
0.00 0.00 0.00 0.00 0.00 0.00 0.00 0.00 0.00 0.00 0.00 0.00 0.00 0.00 0.00 0.00 0.00 0.00 0.00 0.00 
0.00 0.00 0.00 0.00 0.00 0.00 0.00 0.00 0.00 0.00 0.00 0.00 0.00 0.00 0.00 0.00 0.00 0.00 0.00 0.00 
0.00 0.00 0.00 0.00 0.00 0.00 0.00 0.00 0.00 0.00 0.00 0.00 0.00 0.00 0.00 0.00 0.00 0.00 0.00 0.00 
0.00 0.00 0.00 0.00 0.00 0.00 0.00 0.00 0.00 0.00 0.00 0.00 0.00 0.00 0.00 0.00 0.00 0.00 0.00 0.00 
0.00 0.00 0.00 0.00 0.00 0.00 0.00 0.00 0.00 0.00 0.00 0.00 0.00 0.00 0.00 0.00 0.00 0.00 0.00 0.00 
0.00 0.00 0.00 0.00 0.00 0.00 0.00 0.00 0.00 0.00 0.00 0.00 0.00 0.00 0.00 0.00 0.00 0.00 0.00 0.00 
0.00 0.00 0.00 0.00 0.00 0.00 0.00 0.00 0.00 0.00 0.00 0.00 0.00 0.00 0.00 0.00 0.00 0.00 0.00 0.00 
0.00 0.00 0.00 0.00 0.00 0.00 0.00 0.00 0.00 0.00 0.00 0.00 0.00 0.00 0.00 0.00 0.00 0.00 0.00 0.00 
0.00 0.00 0.00 0.00 0.00 0.00 0.00 0.00 0.00 0.00 0.00 0.00 0.00 0.00 0.00 0.00 0.00 0.00 0.00 0.00 
0.00 0.00 0.00 0.00 0.00 0.00 0.00 0.00 0.00 0.00 0.00 0.00 0.00 0.00 0.00 0.00 0.00 0.00 0.00 0.00 
0.00 0.00 0.00 0.00 0.00 0.00 0.00 0.00 0.00 0.00 0.00 0.00 0.00 0.00 0.00 0.00 0.00 0.00 0.00 0.00 
0.00 0.00 0.00 0.00 0.00 0.00 0.00 0.00 0.00 0.00 0.00 0.00 0.00 0.00 0.00 0.00 0.00 0.00 0.00 0.00 
0.00 0.00 0.00 0.00 0.00 0.00 0.00 0.00 0.00 0.00 0.00 0.00 0.00 0.00 0.00 0.00 0.00 0.00 0.00 0.00 
0.00 0.00 0.00 0.00 0.00 0.00 0.00 0.00 0.00 0.00 0.00 0.00 0.00 0.00 0.00 0.00 0.00 0.00 0.00 0.00 
0.00 0.00 0.00 0.00 0.00 0.00 0.00 0.00 0.00 0.00 0.00 0.00 0.00 0.00 0.00 0.00 0.00 0.00 0.00 0.00 
0.00 0.00 0.00 0.00 0.00 0.00 0.00 0.00 0.00 0.00 0.00 0.00 0.00 0.00 0.00 0.00 0.00 0.00 0.00 0.00 
0.00 0.00 0.00 0.00 0.00 0.00 0.00 0.00 0.00 0.00 0.00 0.00 0.00 0.00 0.00 0.00 0.00 0.00 0.00 0.00 
0.00 0.00 0.00 0.00 0.00 0.00 0.00 0.00 0.00 0.00 0.00 0.00 0.00 0.00 0.00 0.00 0.00 0.00 0.00 0.00 
0.00 0.00 0.00 0.00 0.00 0.00 0.00 0.00 0.00 0.00 0.00 0.00 0.00 0.00 0.00 0.00 0.00 0.00 0.00 0.00 
0.00 0.00 0.00 0.00 0.00 0.00 0.00 0.00 0.00 0.00 0.00 0.00 0.00 0.00 0.00 0.00 0.00 0.00 0.00 0.00 
0.00 0.00 0.00 0.00 0.00 0.00 0.00 0.00 0.00 0.00 0.00 0.00 0.00 0.00 0.00 0.00 0.00 0.00 0.00 0.00 
0.00 0.00 0.00 0.00 0.00 0.00 0.00 0.00 0.00 0.00 0.00 0.00 0.00 0.00 0.00 0.00 0.00 0.00 0.00 0.00 
0.00 0.00 0.00 0.00 0.00 0.00 0.00 0.00 0.00 0.00 0.00 0.00 0.00 0.00 0.00 0.00 0.00 0.00 0.00 0.00 
0.00 0.00 0.00 0.00 0.00 0.00 0.00 0.00 0.00 0.00 0.00 0.00 0.00 0.00 0.00 0.00 0.00 0.00 0.00 0.00 
0.00 0.00 0.00 0.00 0.00 0.00 0.00 0.00 0.00 0.00 0.00 0.00 0.00 0.00 0.00 0.00 0.00 0.00 0.00 0.00 
0.00 0.00 0.00 0.00 0.00 0.00 0.00 0.00 0.00 0.00 0.00 0.00 0.00 0.00 0.00 0.00 0.00 0.00 0.00 0.00 
0.00 0.00 0.00 0.00 0.00 0.00 0.00 0.00 0.00 0.00 0.00 0.00 0.00 0.00 0.00 0.00 0.00 0.00 0.00 0.00 
0.00 0.00 0.00 0.00 0.00 0.00 0.00 0.00 0.00 0.00 0.00 0.00 0.00 0.00 0.00 0.00 0.00 0.00 0.00 0.00 
0.00 0.00 0.00 0.00 0.00 0.00 0.00 0.00 0.00 0.00 0.00 0.00 0.00 0.00 0.00 0.00 0.00 0.00 0.00 0.00 
0.00 0.00 0.00 0.00 0.00 0.00 0.00 0.00 0.00 0.00 0.00 0.00 0.00 0.00 0.00 0.00 0.00 0.00 0.00 0.00 
0.00 0.00 0.00 0.00 0.00 0.00 0.00 0.00 0.00 0.00 0.00 0.00 0.00 0.00 0.00 0.00 0.00 0.00 0.00 0.00 
0.00 0.00 0.00 0.00 0.00 0.00 0.00 0.00 0.00 0.00 0.00 0.00 0.00 0.00 0.00 0.00 0.00 0.00 0.00 0.00 
0.00 0.00 0.00 0.00 0.00 0.00 0.00 0.00 0.00 0.00 0.00 0.00 0.00 0.00 0.00 0.00 0.00 0.00 0.00 0.00 
0.00 0.00 0.00 0.00 0.00 0.00 0.00 0.00 0.00 0.00 0.00 0.00 0.00 0.00 0.00 0.00 0.00 0.00 0.00 0.00 
0.00 0.00 0.00 0.00 0.00 0.00 0.00 0.00 0.00 0.00 0.00 0.00 0.00 0.00 0.00 0.00 0.00 0.00 0.00 0.00 
0.00 0.00 0.00 0.00 0.00 0.00 0.00 0.00 0.00 0.00 0.00 0.00 0.00 0.00 0.00 0.00 0.00 0.00 0.00 0.00 
0.00 0.00 0.00 0.00 0.00 0.00 0.00 0.00 0.00 0.00 0.00 0.00 0.00 0.00 0.00 0.00 0.00 0.00 0.00 0.00 
0.00 0.00 0.00 0.00 0.00 0.00 0.00 0.00 0.00 0.00 0.00 0.00 0.00 0.00 0.00 0.00 0.00 0.00 0.00 0.00 
0.00 0.00 0.00 0.00 0.00 0.00 0.00 0.00 0.00 0.00 0.00 0.00 0.00 0.00 0.00 0.00 0.00 0.00 0.00 0.00 
0.00 0.00 0.00 0.00 0.00 0.00 0.00 0.00 0.00 0.00 0.00 0.00 0.00 0.00 0.00 0.00 0.00 0.00 0.00 0.00 
0.00 0.00 0.00 0.00 0.00 0.00 0.00 0.00 0.00 0.00 0.00 0.00 0.00 0.00 0.00 0.00 0.00 0.00 0.00 0.00 
0.00 0.00 0.00 0.00 0.00 0.00 0.00 0.00 0.00 0.00 0.00 0.00 0.00 0.00 0.00 0.00 0.00 0.00 0.00 0.00 
0.00 0.00 0.00 0.00 0.00 0.00 0.00 0.00 0.00 0.00 0.00 0.00 0.00 0.00 0.00 0.00 0.00 0.00 0.00 0.00 
0.00 0.00 0.00 0.00 0.00 0.00 0.00 0.00 0.00 0.00 0.00 0.00 0.00 0.00 0.00 0.00 0.00 0.00 0.00 0.00 
0.00 0.00 0.00 0.00 0.00 0.00 0.00 0.00 0.00 0.00 0.00 0.00 0.00 0.00 0.00 0.00 0.00 0.00 0.00 0.00 
0.00 0.00 0.00 0.00 0.00 0.00 0.00 0.00 0.00 0.00 0.00 0.00 0.00 0.00 0.00 0.00 0.00 0.00 0.00 0.00 
0.00 0.00 0.00 0.00 0.00 0.00 0.00 0.00 0.00 0.00 0.00 0.00 0.00 0.00 0.00 0.00 0.00 0.00 0.00 0.00 
0.00 0.00 0.00 0.00 0.00 0.00 0.00 0.00 0.00 0.00 0.00 0.00 0.00 0.00 0.00 0.00 0.00 0.00 0.00 0.00 
0.00 0.00 0.00 0.00 0.00 0.00 0.00 0.00 0.00 0.00 0.00 0.00 0.00 0.00 0.00 0.00 0.00 0.00 0.00 0.00 
0.00 0.00 0.00 0.00 0.00 0.00 0.00 0.00 0.00 0.00 0.00 0.00 0.00 0.00 0.00 0.00 0.00 0.00 0.00 0.00 
0.00 0.00 0.00 0.00 0.00 0.00 0.00 0.00 0.00 0.00 0.00 0.00 0.00 0.00 0.00 0.00 0.00 0.00 0.00 0.00 
0.00 0.00 0.00 0.00 0.00 0.00 0.00 0.00 0.00 0.00 0.00 0.00 0.00 0.00 0.00 0.00 0.00 0.00 0.00 0.00 
0.00 0.00 0.00 0.00 0.00 0.00 0.00 0.00 0.00 0.00 0.00 0.00 0.00 0.00 0.00 0.00 0.00 0.00 0.00 0.00 
0.00 0.00 0.00 0.00 0.00 0.00 0.00 0.00 0.00 0.00 0.00 0.00 0.00 0.00 0.00 0.00 0.00 0.00 0.00 0.00 
0.00 0.00 0.00 0.00 0.00 0.00 0.00 0.00 0.00 0.00 0.00 0.00 0.00 0.00 0.00 0.00 0.00 0.00 0.00 0.00 
0.00 0.00 0.00 0.00 0.00 0.00 0.00 0.00 0.00 0.00 0.00 0.00 0.00 0.00 0.00 0.00 0.00 0.00 0.00 0.00 
0.00 0.00 0.00 0.00 0.00 0.00 0.00 0.00 0.00 0.00 0.00 0.00 0.00 0.00 0.00 0.00 0.00 0.00 0.00 0.00 
0.00 0.00 0.00 0.00 0.00 0.00 0.00 0.00 0.00 0.00 0.00 0.00 0.00 0.00 0.00 0.00 0.00 0.00 0.00 0.00 
0.00 0.00 0.00 0.00 0.00 0.00 0.00 0.00 0.00 0.00 0.00 0.00 0.00 0.00 0.00 0.00 0.00 0.00 0.00 0.00 
0.00 0.00 0.00 0.00 0.00 0.00 0.00 0.00 0.00 0.00 0.00 0.00 0.00 0.00 0.00 0.00 0.00 0.00 0.00 0.00 
0.00 0.00 0.00 0.00 0.00 0.00 0.00 0.00 0.00 0.00 0.00 0.00 0.00 0.00 0.00 0.00 0.00 0.00 0.00 0.00 
0.00 0.00 0.00 0.00 0.00 0.00 0.00 0.00 0.00 0.00 0.00 0.00 0.00 0.00 0.00 0.00 0.00 0.00 0.00 0.00 
0.00 0.00 0.00 0.00 0.00 0.00 0.00 0.00 0.00 0.00 0.00 0.00 0.00 0.00 0.00 0.00 0.00 0.00 0.00 0.00 
0.00 0.00 0.00 0.00 0.00 0.00 0.00 0.00 0.00 0.00 0.00 0.00 0.00 0.00 0.00 0.00 0.00 0.00 0.00 0.00 
0.00 0.00 0.00 0.00 0.00 0.00 0.00 0.00 0.00 0.00 0.00 0.00 0.00 0.00 0.00 0.00 0.00 0.00 0.00 0.00 
0.00 0.00 0.00 0.00 0.00 0.00 0.00 0.00 0.00 0.00 0.00 0.00 0.00 0.00 0.00 0.00 0.00 0.00 0.00 0.00 
0.00 0.00 0.00 0.00 0.00 0.00 0.00 0.00 0.00 0.00 0.00 0.00 0.00 0.00 0.00 0.00 0.00 0.00 0.00 0.00 
0.00 0.00 0.00 0.00 0.00 0.00 0.00 0.00 0.00 0.00 0.00 0.00 0.00 0.00 0.00 0.00 0.00 0.00 0.00 0.00 
0.00 0.00 0.00 0.00 0.00 0.00 0.00 0.00 0.00 0.00 0.00 0.00 0.00 0.00 0.00 0.00 0.00 0.00 0.00 0.00 
0.00 0.00 0.00 0.00 0.00 0.00 0.00 0.00 0.00 0.00 0.00 0.00 0.00 0.00 0.00 0.00 0.00 0.00 0.00 0.00 
0.00 0.00 0.00 0.00 0.00 0.00 0.00 0.00 0.00 0.00 0.00 0.00 0.00 0.00 0.00 0.00 0.00 0.00 0.00 0.00 
0.00 0.00 0.00 0.00 0.00 0.00 0.00 0.00 0.00 0.00 0.00 0.00 0.00 0.00 0.00 0.00 0.00 0.00 0.00 0.00 
0.00 0.00 0.00 0.00 0.00 0.00 0.00 0.00 0.00 0.00 0.00 0.00 0.00 0.00 0.00 0.00 0.00 0.00 0.00 0.00 
0.00 0.00 0.00 0.00 0.00 0.00 0.00 0.00 0.00 0.00 0.00 0.00 0.00 0.00 0.00 0.00 0.00 0.00 0.00 0.00 
0.00 0.00 0.00 0.00 0.00 0.00 0.00 0.00 0.00 0.00 0.00 0.00 0.00 0.00 0.00 0.00 0.00 0.00 0.00 0.00 
0.00 0.00 0.00 0.00 0.00 0.00 0.00 0.00 0.00 0.00 0.00 0.00 0.00 0.00 0.00 0.00 0.00 0.00 0.00 0.00 
0.00 0.00 0.00 0.00 0.00 0.00 0.00 0.00 0.00 0.00 0.00 0.00 0.00 0.00 0.00 0.00 0.00 0.00 0.00 0.00 
0.00 0.00 0.00 0.00 0.00 0.00 0.00 0.00 0.00 0.00 0.00 0.00 0.00 0.00 0.00 0.00 0.00 0.00 0.00 0.00 
0.00 0.00 0.00 0.00 0.00 0.00 0.00 0.00 0.00 0.00 0.00 0.00 0.00 0.00 0.00 0.00 0.00 0.00 0.00 0.00 
0.00 0.00 0.00 0.00 0.00 0.00 0.00 0.00 0.00 0.00 0.00 0.00 0.00 0.00 0.00 0.00 0.00 0.00 0.00 0.00 
0.00 0.00 0.00 0.00 0.00 0.00 0.00 0.00 0.00 0.00 0.00 0.00 0.00 0.00 0.00 0.00 0.00 0.00 0.00 0.00 
0.00 0.00 0.00 0.00 0.00 0.00 0.00 0.00 0.00 0.00 0.00 0.00 0.00 0.00 0.00 0.00 0.00 0.00 0.00 0.00 
0.00 0.00 0.00 0.00 0.00 0.00 0.00 0.00 0.00 0.00 0.00 0.00 0.00 0.00 0.00 0.00 0.00 0.00 0.00 0.00 
end   dump: w
==END   DUMP_ARRAYS==
==BEGIN DUMP_ARRAYS==
begin dump: w
7820.52 469105216.00 515955648.00 594263488.00 680187456.00 769153664.00 860068800.00 951771328.00 1043527296.00 1136582144.00 1228574848.00 1322429952.00 1415238528.00 1508820736.00 1602077568.00 1695300736.00 1787906560.00 1882416000.00 1975812736.00 2069469312.00 
2161792768.00 2256893696.00 2350462208.00 2444281856.00 2537270272.00 2629710336.00 2725239296.00 2818740992.00 2912480256.00 3006710272.00 3099545344.00 3193316352.00 3285505536.00 3381445376.00 3475276544.00 3568726528.00 3662353664.00 3756446976.00 3850200576.00 3944087552.00 
4035180288.00 4131697920.00 4225447424.00 4318368768.00 4413130752.00 4506823168.00 4601093632.00 4694405120.00 4787263488.00 4882177536.00 4972506624.00 5069686272.00 5163643392.00 5257552384.00 5350914048.00 5444774912.00 5538424320.00 5632722432.00 5727144960.00 5820688896.00 
5912938496.00 6007884800.00 6101530112.00 6196374528.00 6287277568.00 6382999552.00 6477068288.00 6570909184.00 6664790016.00 6759442432.00 6851806208.00 6945940480.00 7039670784.00 7134241792.00 7227424768.00 7319993344.00 7415351808.00 7509728768.00 7603266560.00 7697090560.00 
7785343488.00 7884752896.00 7978487808.00 8072396800.00 8166102016.00 8259488768.00 8353437184.00 8448720896.00 8541209600.00 8635951104.00 8728720384.00 8823655424.00 8917012480.00 9008769024.00 9104612352.00 9198107648.00 9290172416.00 9386211328.00 9480074240.00 9573758976.00 
9660788736.00 9761457152.00 9855315968.00 9949009920.00 10042740736.00 10136505344.00 10230844416.00 10324742144.00 10417743872.00 10512377856.00 10605518848.00 10699448320.00 10792857600.00 10888228864.00 10981340160.00 11075194880.00 11169388544.00 11262955520.00 11357186048.00 11450818560.00 
11541916672.00 11638252544.00 11732315136.00 11825911808.00 11919740928.00 12005004288.00 12108055552.00 12203052032.00 12293286912.00 12386390016.00 12482541568.00 12576873472.00 12670648320.00 12764479488.00 12858574848.00 12952143872.00 13045772288.00 13140313088.00 13235439616.00 13328144384.00 
13420290048.00 13515371520.00 13608992768.00 13703993344.00 13795993600.00 13890641920.00 13984993280.00 14078402560.00 14171479040.00 14266585088.00 14356695040.00 14454536192.00 14547408896.00 14641162240.00 14736329728.00 14829140992.00 14923141120.00 15017284608.00 15110923264.00 15204813824.00 
15287465984.00 15392629760.00 15486337024.00 15580077056.00 15673845760.00 15767733248.00 15861554176.00 15956136960.00 16048939008.00 16142054400.00 16236397568.00 16331018240.00 16424432640.00 16518572032.00 16614425600.00 16704768000.00 16799205376.00 16894856192.00 16988070912.00 17081551872.00 
17174274048.00 17269653504.00 17364285440.00 17456779264.00 17550688256.00 17644732416.00 17737684992.00 17832585216.00 17926234112.00 18020388864.00 18113177600.00 18208329728.00 18299736064.00 18395815936.00 18489583616.00 18582759424.00 18677030912.00 18771015680.00 18864498688.00 18958290944.00 
19038654464.00 19146315776.00 19239960576.00 19334320128.00 19427889152.00 19521263616.00 19615592448.00 19709763584.00 19802415104.00 19897409536.00 19990157312.00 20085567488.00 20178790400.00 20272672768.00 20366673920.00 20460054528.00 20553578496.00 20648282112.00 20741859328.00 20835741696.00 
20928360448.00 21023848448.00 21116119040.00 21211846656.00 21303048192.00 21397329920.00 21492971520.00 21586722816.00 21680304128.00 21774383104.00 21867640832.00 21961965568.00 22055538688.00 22148925440.00 22243332096.00 22336176128.00 22431551488.00 22525212672.00 22618925056.00 22713075712.00 
22801235968.00 22900936704.00 22994360320.00 23088596992.00 23182063616.00 23276015616.00 23369719808.00 23463872512.00 23556943872.00 23651119104.00 23727591424.00 23839424512.00 23933081600.00 24026894336.00 24121356288.00 24214216704.00 24306272256.00 24402100224.00 24494632960.00 24590557184.00 
24682479616.00 24777850880.00 24871229440.00 24965312512.00 25058674688.00 25152626688.00 25246341120.00 25341933568.00 25434697728.00 25528557568.00 25621776384.00 25715988480.00 25809025024.00 25904254976.00 25998288896.00 26089809920.00 26186027008.00 26279340032.00 26373269504.00 26466381824.00 
26558093312.00 26654867456.00 26748397568.00 26842316800.00 26935805952.00 27029221376.00 27125538816.00 27218526208.00 27309645824.00 27405709312.00 27498928128.00 27593660416.00 27687034880.00 27781183488.00 27874562048.00 27968339968.00 28061689856.00 28156581888.00 28250214400.00 28343975936.00 
28430962688.00 28531689472.00 28625766400.00 28718796800.00 28812220416.00 28906747904.00 29000540160.00 29094297600.00 29190291456.00 29282881536.00 29376000000.00 29470388224.00 29563727872.00 29658005504.00 29751990272.00 29845532672.00 29939640320.00 30033479680.00 30127312896.00 30220959744.00 
30303797248.00 30409156608.00 30502606848.00 30596706304.00 30690078720.00 30782619648.00 30877976576.00 30971947008.00 31065387008.00 31159248896.00 31252815872.00 31347095552.00 31440584704.00 31533225984.00 31629815808.00 31722827776.00 31815716864.00 31910891520.00 32003768320.00 32099794944.00 
32190760960.00 32285908992.00 32379564032.00 32474040320.00 32566953984.00 32661170176.00 32755042304.00 32848879616.00 32943605760.00 33037406208.00 33127124992.00 33224613888.00 33316063232.00 33413502976.00 33506273280.00 33599475712.00 33693470720.00 33787486208.00 33881194496.00 33975730176.00 
34066225152.00 34162696192.00 34256504832.00 34349404160.00 34446368768.00 34538582016.00 34632167424.00 34726457344.00 34819026944.00 34913546240.00 35007066112.00 35101564928.00 35194691584.00 35289284608.00 35382984704.00 35468050432.00 35570270208.00 35664588800.00 35758460928.00 35852398592.00 
35944701952.00 36044406784.00 36133859328.00 36228227072.00 36319408128.00 36415123456.00 36509331456.00 36602200064.00 36696801280.00 36790927360.00 36883853312.00 36978700288.00 37071724544.00 37166170112.00 37259935744.00 37353406464.00 37447319552.00 37541429248.00 37634945024.00 37728432128.00 
37795061760.00 37917786112.00 38011142144.00 38105075712.00 38198423552.00 38292189184.00 38386434048.00 38480355328.00 38573527040.00 38668050432.00 38760988672.00 38855827456.00 38949261312.00 39043121152.00 39137558528.00 39230808064.00 39322750976.00 39418888192.00 39512711168.00 39606263808.00 
39698796544.00 39789363200.00 39888084992.00 39981891584.00 40075227136.00 40167833600.00 40263344128.00 40357167104.00 40450772992.00 40545165312.00 40638181376.00 40732647424.00 40825389056.00 40920592384.00 41014190080.00 41107886080.00 41201586176.00 41295966208.00 41389584384.00 41482862592.00 
41574457344.00 41671032832.00 41764839424.00 41858502656.00 41950023680.00 42048360448.00 42141208576.00 42234761216.00 42326286336.00 42422599680.00 42512613376.00 42609917952.00 42703618048.00 42797584384.00 42891251712.00 42985050112.00 43078512640.00 43172466688.00 43266420736.00 43359117312.00 
43453124608.00 43548065792.00 43642232832.00 43736121344.00 43828842496.00 43923128320.00 44017135616.00 44110999552.00 44204888064.00 44299063296.00 44391899136.00 44487409664.00 44580323328.00 44674576384.00 44768419840.00 44860604416.00 44955660288.00 45049847808.00 45143961600.00 45237579776.00 
45320314880.00 45425188864.00 45519233024.00 45613060096.00 45706661888.00 45800955904.00 45894914048.00 45988499456.00 46082056192.00 46176382976.00 46269452288.00 46363922432.00 46457466880.00 46551646208.00 46645325824.00 46738833408.00 46831906816.00 46926618624.00 47020298240.00 47113379840.00 
47173558272.00 47303819264.00 47396810752.00 47491067904.00 47583838208.00 47677808640.00 47771697152.00 47865384960.00 47959654400.00 48053084160.00 48146534400.00 48241061888.00 48332677120.00 48429109248.00 48522498048.00 48616067072.00 48709369856.00 48803635200.00 48898179072.00 48991924224.00 
49082912768.00 49179172864.00 49273839616.00 49367097344.00 49460826112.00 49553235968.00 49648660480.00 49742848000.00 49835442176.00 49930145792.00 50023432192.00 50118131712.00 50211422208.00 50304524288.00 50400071680.00 50493292544.00 50586816512.00 50681237504.00 50774769664.00 50868346880.00 
50961313792.00 51056644096.00 51150327808.00 51244290048.00 51335933952.00 51431411712.00 51526168576.00 51619028992.00 51713638400.00 51805609984.00 51897741312.00 51995025408.00 52088782848.00 52183162880.00 52276563968.00 52370087936.00 52464324608.00 52558483456.00 52651630592.00 52745805824.00 
52834131968.00 52933660672.00 53027647488.00 53121273856.00 53214703616.00 53308514304.00 53402447872.00 53496430592.00 53589676032.00 53683650560.00 53776441344.00 53867798528.00 53969047552.00 54060879872.00 54154506240.00 54246445056.00 54339649536.00 54435762176.00 54529314816.00 54623473664.00 
54715707392.00 54810435584.00 54904782848.00 54998769664.00 55091970048.00 55185915904.00 55280304128.00 55373799424.00 55467192320.00 55561687040.00 55654748160.00 55749308416.00 55841988608.00 55937245184.00 56030752768.00 56124383232.00 56218447872.00 56311005184.00 56406040576.00 56499847168.00 
56579919872.00 56687878144.00 56781631488.00 56875470848.00 56969334784.00 57062793216.00 57155690496.00 57250660352.00 57342607360.00 57439043584.00 57531703296.00 57626296320.00 57719910400.00 57813889024.00 57907597312.00 58000150528.00 58095992832.00 58189758464.00 58283442176.00 58377105408.00 
58469748736.00 58564661248.00 58658562048.00 58752684032.00 58845372416.00 58931634176.00 59034226688.00 59127951360.00 59221659648.00 59315740672.00 59408809984.00 59502993408.00 59597324288.00 59691487232.00 59784855552.00 59878776832.00 59972423680.00 60066426880.00 60160270336.00 60254081024.00 
60336877568.00 60441931776.00 60536143872.00 60629782528.00 60723179520.00 60816461824.00 60911157248.00 61004754944.00 61098328064.00 61192769536.00 61283147776.00 61380112384.00 61474037760.00 61567574016.00 61661999104.00 61755498496.00 61848666112.00 61942992896.00 62036987904.00 62130847744.00 
62223536128.00 62318608384.00 62412279808.00 62506176512.00 62599184384.00 62692745216.00 62784397312.00 62889955328.00 62977757184.00 63071059968.00 63163740160.00 63258152960.00 63349596160.00 63445704704.00 63539453952.00 63631478784.00 63726563328.00 63821107200.00 63915372544.00 64008572928.00 
64099631104.00 64196386816.00 64289988608.00 64384573440.00 64477503488.00 64571379712.00 64665595904.00 64759410688.00 64852099072.00 64947298304.00 65040515072.00 65134923776.00 65228271616.00 65322409984.00 65416110080.00 65509646336.00 65603866624.00 65698017280.00 65791893504.00 65885270016.00 
65972404224.00 66073063424.00 66167025664.00 66260811776.00 66352467968.00 66448011264.00 66545139712.00 66636611584.00 66730184704.00 66824134656.00 66917298176.00 67011452928.00 67105107968.00 67199377408.00 67292889088.00 67387002880.00 67480764416.00 67575156736.00 67669729280.00 67762573312.00 
67850797056.00 67950182400.00 68043902976.00 68137877504.00 68231491584.00 68323811328.00 68418846720.00 68510597120.00 68607709184.00 68701454336.00 68794572800.00 68889010176.00 68982431744.00 69076582400.00 69170380800.00 69264064512.00 69355888640.00 69452374016.00 69545615360.00 69639364608.00 
69732007936.00 69827674112.00 69921136640.00 70014926848.00 70108127232.00 70202474496.00 70296469504.00 70390661120.00 70484082688.00 70577446912.00 70654451712.00 70766182400.00 70858760192.00 70953771008.00 71047430144.00 71141015552.00 71234936832.00 71329251328.00 71422787584.00 71516790784.00 
71607730176.00 71704264704.00 71800315904.00 71891689472.00 71985520640.00 72079515648.00 72174510080.00 72267415552.00 72359092224.00 72454569984.00 72548524032.00 72642895872.00 72736923648.00 72830451712.00 72923922432.00 73016680448.00 73111511040.00 73206095872.00 73300041728.00 73393643520.00 
73486106624.00 73581191168.00 73675153408.00 73769156608.00 73861873664.00 73956319232.00 74050519040.00 74144571392.00 74238132224.00 74332209152.00 74425229312.00 74519748608.00 74613006336.00 74707034112.00 74800881664.00 74894450688.00 74988249088.00 75082072064.00 75175149568.00 75267145728.00 
75308417024.00 75462238208.00 75554127872.00 75647418368.00 75740676096.00 75834310656.00 75928510464.00 76021850112.00 76115369984.00 76210782208.00 76302852096.00 76397658112.00 76490825728.00 76584280064.00 76678823936.00 76772573184.00 76865478656.00 76960333824.00 77054058496.00 77148209152.00 
77240582144.00 77335658496.00 77429686272.00 77523320832.00 77616898048.00 77709451264.00 77804756992.00 77898375168.00 77992673280.00 78086488064.00 78179663872.00 78274166784.00 78365876224.00 78461534208.00 78555930624.00 78649384960.00 78743371776.00 78837145600.00 78931107840.00 79024988160.00 
79116042240.00 79212650496.00 79304204288.00 79400738816.00 79493931008.00 79587680256.00 79681814528.00 79775612928.00 79868510208.00 79963758592.00 80053895168.00 80150593536.00 80244957184.00 80338755584.00 80432783360.00 80526311424.00 80619626496.00 80711163904.00 80808681472.00 80902111232.00 
80994680832.00 81089937408.00 81183580160.00 81277681664.00 81369210880.00 81465368576.00 81559420928.00 81653366784.00 81746591744.00 81840431104.00 81934196736.00 82028576768.00 82121703424.00 82215976960.00 82309890048.00 82394873856.00 82497413120.00 82590810112.00 82684125184.00 82779152384.00 
82867347456.00 82966847488.00 83060539392.00 83154247680.00 83248242688.00 83341901824.00 83435847680.00 83529310208.00 83622060032.00 83728080896.00 83811844096.00 83906248704.00 83999350784.00 84093460480.00 84187062272.00 84280721408.00 84372561920.00 84468621312.00 84563083264.00 84656488448.00 
84743184384.00 84844118016.00 84937932800.00 85031460864.00 85125177344.00 85219180544.00 85313183744.00 85407113216.00 85500633088.00 85592645632.00 85688123392.00 85782577152.00 85875195904.00 85970042880.00 86063693824.00 86157557760.00 86251347968.00 86345924608.00 86438600704.00 86533455872.00 
86624313344.00 86720782336.00 86814392320.00 86901587968.00 87002882048.00 87095033856.00 87190380544.00 87284277248.00 87375839232.00 87471783936.00 87565000704.00 87659429888.00 87753031680.00 87846772736.00 87940956160.00 88034426880.00 88128143360.00 88222679040.00 88316387328.00 88410161152.00 
88502681600.00 88596283392.00 88692072448.00 88785756160.00 88878678016.00 88973156352.00 89067323392.00 89161457664.00 89255010304.00 89348587520.00 89439215616.00 89536585728.00 89629474816.00 89724723200.00 89818161152.00 89911705600.00 90005700608.00 90099736576.00 90193534976.00 90287333376.00 
90370080768.00 90475118592.00 90568327168.00 90663600128.00 90756497408.00 90850025472.00 90944561152.00 91037990912.00 91131469824.00 91225833472.00 91319304192.00 91413651456.00 91507384320.00 91603779584.00 91695136768.00 91787132928.00 91881750528.00 91976753152.00 92070658048.00 92164210688.00 
92256870400.00 92351741952.00 92445786112.00 92539789312.00 92633112576.00 92727140352.00 92821225472.00 92913836032.00 93008773120.00 93102415872.00 93195730944.00 93290299392.00 93381828608.00 93477699584.00 93571448832.00 93664804864.00 93758423040.00 93852295168.00 93944848384.00 94035771392.00 
94065156096.00 94235213824.00 94325825536.00 94418935808.00 94512103424.00 94605475840.00 94699683840.00 94793809920.00 94885879808.00 94979858432.00 95073878016.00 95169257472.00 95261655040.00 95356198912.00 95449694208.00 95543525376.00 95637143552.00 95731810304.00 95824994304.00 95918866432.00 
96011493376.00 96106520576.00 96200417280.00 96294289408.00 96385925120.00 96480444416.00 96575881216.00 96669114368.00 96763248640.00 96857546752.00 96950534144.00 97045200896.00 97138065408.00 97232953344.00 97326333952.00 97420320768.00 97514102784.00 97604812800.00 97702182912.00 97796300800.00 
97884102656.00 97983610880.00 98076819456.00 98170880000.00 98265268224.00 98358763520.00 98452627456.00 98546671616.00 98640093184.00 98734325760.00 98824626176.00 98922061824.00 99015417856.00 99110428672.00 99203678208.00 99297411072.00 99389308928.00 99485679616.00 99578839040.00 99673210880.00 
99765313536.00 99860398080.00 99954352128.00 100048265216.00 100141613056.00 100235591680.00 100329291776.00 100424884224.00 100517650432.00 100611817472.00 100704731136.00 100799201280.00 100891860992.00 100986585088.00 101080752128.00 101172912128.00 101268021248.00 101363974144.00 101455904768.00 101550211072.00 
101641003008.00 101736841216.00 101831557120.00 101925191680.00 102018965504.00 102112747520.00 102206726144.00 102300868608.00 102392332288.00 102487810048.00 102580953088.00 102684672000.00 102770515968.00 102864134144.00 102957457408.00 103051395072.00 103145242624.00 103239532544.00 103332265984.00 103427203072.00 
103513890816.00 103614824448.00 103708426240.00 103802298368.00 103895351296.00 103989829632.00 104084054016.00 104177778688.00 104271446016.00 104365457408.00 104458649600.00 104550760448.00 104646918144.00 104740872192.00 104834932736.00 104928575488.00 105022218240.00 105116377088.00 105209987072.00 105304186880.00 
105386704896.00 105491750912.00 105585696768.00 105679552512.00 105773391872.00 105858424832.00 105960947712.00 106054885376.00 106147938304.00 106242449408.00 106335633408.00 106430234624.00 106523459584.00 106617913344.00 106711490560.00 106805329920.00 106898382848.00 106993270784.00 107086872576.00 107180605440.00 
107273109504.00 107367874560.00 107460362240.00 107569864704.00 107651530752.00 107744927744.00 107838562304.00 107932311552.00 108025978880.00 108119965696.00 108210307072.00 108307767296.00 108399173632.00 108495257600.00 108589146112.00 108682584064.00 108776546304.00 108870434816.00 108964880384.00 109058269184.00 
109149339648.00 109245833216.00 109339648000.00 109434003456.00 109527252992.00 109620944896.00 109715005440.00 109809516544.00 109901922304.00 109996695552.00 110090043392.00 110184652800.00 110278189056.00 110372306944.00 110466007040.00 110558052352.00 110652497920.00 110748155904.00 110841724928.00 110935539712.00 
111027888128.00 111123177472.00 111217065984.00 111310454784.00 111402385408.00 111497453568.00 111592341504.00 111686295552.00 111779823616.00 111873613824.00 111967076352.00 112061300736.00 112154869760.00 112250798080.00 112342286336.00 112436502528.00 112530382848.00 112624304128.00 112718045184.00 112811425792.00 
112878108672.00 113000931328.00 113094246400.00 113187446784.00 113281703936.00 113375264768.00 113469399040.00 113563181056.00 113656741888.00 113750589440.00 113844076544.00 113937825792.00 114031738880.00 114126700544.00 114219966464.00 114313764864.00 114405646336.00 114501222400.00 114595946496.00 114689343488.00 
114782003200.00 114877038592.00 114970656768.00 115064963072.00 115158269952.00 115250749440.00 115346350080.00 115440664576.00 115533807616.00 115627687936.00 115720486912.00 115818061824.00 115908911104.00 116003430400.00 116097204224.00 116190920704.00 116284833792.00 116378935296.00 116472258560.00 116566589440.00 
116657668096.00 116754268160.00 116847902720.00 116941856768.00 117035507712.00 117129314304.00 117223399424.00 117317124096.00 117408923648.00 117504598016.00 117581316096.00 117693169664.00 117786542080.00 117879357440.00 117974212608.00 118068396032.00 118161530880.00 118255460352.00 118349570048.00 118443589632.00 
118536011776.00 118631153664.00 118724911104.00 118817415168.00 118912016384.00 119006609408.00 119100588032.00 119194574848.00 119287930880.00 119382171648.00 119475355648.00 119569457152.00 119662903296.00 119758061568.00 119851458560.00 119943643136.00 120039006208.00 120133312512.00 120226562048.00 120320729088.00 
120403206144.00 120508342272.00 120601960448.00 120694390784.00 120789835776.00 120883257344.00 120977842176.00 121071484928.00 121164668928.00 121258852352.00 121352028160.00 121446424576.00 121540476928.00 121634594816.00 121727475712.00 121821896704.00 121914982400.00 122009509888.00 122103439360.00 122197671936.00 
122284531712.00 122385448960.00 122478977024.00 122572898304.00 122666278912.00 122760388608.00 122854121472.00 122948362240.00 123042045952.00 123135737856.00 123229184000.00 123323654144.00 123415527424.00 123511496704.00 123604688896.00 123698634752.00 123792482304.00 123886575616.00 123980333056.00 124074549248.00 
124165226496.00 124261826560.00 124355411968.00 124449497088.00 124542885888.00 124635217920.00 124730523648.00 124824068096.00 124916637696.00 125010944000.00 125103767552.00 125196869632.00 125287055360.00 125357645824.00 125498228736.00 125582401536.00 125673766912.00 125766959104.00 125860331520.00 125953638400.00 
126045929472.00 126141005824.00 126234681344.00 126328463360.00 126419877888.00 126515634176.00 126609571840.00 126703722496.00 126797103104.00 126891008000.00 126981316608.00 127079284736.00 127171887104.00 127266643968.00 127360188416.00 127453741056.00 127547990016.00 127641378816.00 127735406592.00 127829573632.00 
127917580288.00 128017416192.00 128110804992.00 128204922880.00 128298508288.00 128391987200.00 128486473728.00 128580182016.00 128673554432.00 128767827968.00 128861184000.00 128955351040.00 129049288704.00 129143128064.00 129236852736.00 129321910272.00 129422663680.00 129518256128.00 129612587008.00 129706016768.00 
129798922240.00 129894137856.00 129987944448.00 130081562624.00 130174722048.00 130269429760.00 130363301888.00 130457255936.00 130550792192.00 130644844544.00 130737897472.00 130832023552.00 130925436928.00 131020357632.00 131114418176.00 131207430144.00 131301777408.00 131395772416.00 131489210368.00 131583082496.00 
131663216640.00 131771097088.00 131864813568.00 131958996992.00 132052369408.00 132145897472.00 132240236544.00 132333961216.00 132425670656.00 132521566208.00 132614897664.00 132708868096.00 132804534272.00 132897325056.00 132991041536.00 133084782592.00 133178368000.00 133272707072.00 133366759424.00 133460131840.00 
133552939008.00 133647728640.00 133741805568.00 133835587584.00 133928427520.00 134021636096.00 134117007360.00 134210879488.00 134303981568.00 134399983616.00 134492381184.00 134586851328.00 134679896064.00 134774538240.00 134868803584.00 134961709056.00 135056154624.00 135149936640.00 135243431936.00 135337304064.00 
135420051456.00 135525621760.00 135618822144.00 135712817152.00 135806443520.00 135900250112.00 135994163200.00 136088272896.00 136181243904.00 136275943424.00 136366252032.00 136463777792.00 136557010944.00 136651022336.00 136743714816.00 136840347648.00 136932171776.00 137027207168.00 137120882688.00 137214615552.00 
137307029504.00 137402425344.00 137496018944.00 137589719040.00 137683320832.00 137777315840.00 137871245312.00 137965551616.00 138058924032.00 138153115648.00 138246307840.00 138340777984.00 138432315392.00 138528047104.00 138623025152.00 138714431488.00 138809786368.00 138904043520.00 138997415936.00 139092246528.00 
139182718976.00 139279155200.00 139373133824.00 139466964992.00 139560632320.00 139654217728.00 139748556800.00 139842338816.00 139934924800.00 140029952000.00 140123111424.00 140217532416.00 140311183360.00 140405325824.00 140499582976.00 140592889856.00 140686295040.00 140780339200.00 140873826304.00 140967280640.00 
141027459072.00 141157826560.00 141250674688.00 141344358400.00 141435944960.00 141531414528.00 141625802752.00 141719453696.00 141813121024.00 141907394560.00 142000455680.00 142094450688.00 142188347392.00 142282457088.00 142376550400.00 142469955584.00 142563901440.00 142657683456.00 142751825920.00 142846754816.00 
142934016000.00 143033368576.00 143127085056.00 143220817920.00 143315714048.00 143407300608.00 143502442496.00 143596453888.00 143689646080.00 143784083456.00 143877406720.00 143972122624.00 144066068480.00 144159653888.00 144253353984.00 144347021312.00 144438870016.00 144534700032.00 144627712000.00 144723656704.00 
144815554560.00 144911024128.00 145004314624.00 145098391552.00 145191714816.00 145285677056.00 145379475456.00 145473552384.00 145566990336.00 145661280256.00 145751769088.00 145847173120.00 145941479424.00 146036736000.00 146130337792.00 146223595520.00 146318524416.00 146411978752.00 146505859072.00 146599936000.00 
146690916352.00 146789629952.00 146881134592.00 146975178752.00 147068633088.00 147161907200.00 147256819712.00 147349864448.00 147442253824.00 147538362368.00 147631439872.00 147725926400.00 147819773952.00 147913359360.00 148007550976.00 148099596288.00 148195000320.00 148288946176.00 148383170560.00 148477968384.00 
148569423872.00 148664598528.00 148758413312.00 148852015104.00 148945059840.00 149039759360.00 149133574144.00 149227503616.00 149321023488.00 149414756352.00 149508374528.00 149602926592.00 149696217088.00 149790588928.00 149884436480.00 149977726976.00 150071525376.00 150165094400.00 150258221056.00 150350364672.00 
150391504896.00 150545252352.00 150637215744.00 150730883072.00 150823927808.00 150917496832.00 151011295232.00 151105323008.00 151198531584.00 151292903424.00 151386079232.00 151480369152.00 151574462464.00 151668490240.00 151761207296.00 151855431680.00 151948689408.00 152041537536.00 152137662464.00 152230166528.00 
152323686400.00 152418811904.00 152512839680.00 152606425088.00 152699781120.00 152785485824.00 152887787520.00 152981766144.00 153075761152.00 153169575936.00 153263128576.00 153357271040.00 153449005056.00 153545064448.00 153638879232.00 153732333568.00 153826000896.00 153920651264.00 154014466048.00 154108198912.00 
154199359488.00 154293501952.00 154389561344.00 154483736576.00 154577108992.00 154670874624.00 154764836864.00 154853621760.00 154951991296.00 155046723584.00 155137179648.00 155234353152.00 155327856640.00 155422261248.00 155515666432.00 155608842240.00 155703132160.00 155797422080.00 155891171328.00 155985313792.00 
156077670400.00 156172615680.00 156266659840.00 156360605696.00 156452225024.00 156547710976.00 156641263616.00 156738060288.00 156830007296.00 156924051456.00 157017194496.00 157111631872.00 157204971520.00 157299032064.00 157392879616.00 157485236224.00 157580558336.00 157674586112.00 157768466432.00 157861281792.00 
157950623744.00 158050009088.00 158143676416.00 158237704192.00 158330224640.00 158425235456.00 158519279616.00 158612865024.00 158706335744.00 158801149952.00 158893899776.00 158988353536.00 159081529344.00 159176359936.00 159270141952.00 159363891200.00 159455510528.00 159554371584.00 159645401088.00 159739559936.00 
159826100224.00 159927418880.00 160020447232.00 160114933760.00 160207978496.00 160302383104.00 160396017664.00 160489504768.00 160583778304.00 160677494784.00 160770719744.00 160865173504.00 160957595648.00 161052098560.00 161140457472.00 161243267072.00 161335836672.00 161429504000.00 161522794496.00 161615855616.00 
161707671552.00 161804288000.00 161898119168.00 161991852032.00 162085421056.00 162177859584.00 162273492992.00 162367291392.00 162459009024.00 162554855424.00 162648293376.00 162743189504.00 162836447232.00 162930163712.00 163024551936.00 163117973504.00 163211673600.00 163305488384.00 163399581696.00 163492151296.00 
163586228224.00 163681206272.00 163775430656.00 163868803072.00 163961880576.00 164056367104.00 164150181888.00 164244258816.00 164337942528.00 164431872000.00 164508237824.00 164619714560.00 164713267200.00 164807409664.00 164900782080.00 164994646016.00 165088247808.00 165182062592.00 165276631040.00 165370396672.00 
165453266944.00 165557649408.00 165652086784.00 165745803264.00 165839732736.00 165933645824.00 166027509760.00 166121455616.00 166214729728.00 166308708352.00 166402195456.00 166497386496.00 166590349312.00 166684508160.00 166777962496.00 166870138880.00 166964281344.00 167058620416.00 167158956032.00 167248494592.00 
167340703744.00 167435517952.00 167529332736.00 167623131136.00 167716552704.00 167810678784.00 167904886784.00 167998586880.00 168092221440.00 168186281984.00 168279375872.00 168373665792.00 168465694720.00 168560689152.00 168655470592.00 168749252608.00 168843083776.00 168936996864.00 169030926336.00 169124757504.00 
169204727808.00 169312600064.00 169406218240.00 169500246016.00 169594175488.00 169687515136.00 169781526528.00 169875636224.00 169968304128.00 170063183872.00 170156556288.00 170250895360.00 170344513536.00 170438737920.00 170532601856.00 170625925120.00 170719248384.00 170813489152.00 170903453696.00 171002642432.00 
171094704128.00 171189731328.00 171283546112.00 171377262592.00 171469012992.00 171563270144.00 171658362880.00 171752636416.00 171846172672.00 171940839424.00 172033572864.00 172128190464.00 172221382656.00 172315049984.00 172409749504.00 172503121920.00 172596871168.00 172690997248.00 172785303552.00 172878856192.00 
172967264256.00 173066223616.00 173159956480.00 173253984256.00 173347848192.00 173441187840.00 173532119040.00 173630242816.00 173723287552.00 173817413632.00 173908000768.00 174005256192.00 174098972672.00 174192705536.00 174286798848.00 174380171264.00 174472298496.00 174567587840.00 174662057984.00 174755758080.00 
174848393216.00 174943698944.00 175036874752.00 175130116096.00 175224520704.00 175318417408.00 175412166656.00 175507898368.00 175600599040.00 175694921728.00 175787573248.00 175882797056.00 175974924288.00 176069771264.00 176163700736.00 176248602624.00 176351182848.00 176445325312.00 176539123712.00 176632627200.00 
176723836928.00 176820568064.00 176913629184.00 177008836608.00 177101930496.00 177195433984.00 177289658368.00 177383702528.00 177475387392.00 177571872768.00 177664589824.00 177759436800.00 177852923904.00 177946443776.00 178040635392.00 178134990848.00 178228133888.00 178322358272.00 178416025600.00 178510839808.00 
178596806656.00 178698649600.00 178791481344.00 178885099520.00 178977947648.00 179073761280.00 179167051776.00 179261472768.00 179354484736.00 179448152064.00 179541803008.00 179636289536.00 179729432576.00 179819970560.00 179918061568.00 180011237376.00 180105461760.00 180199325696.00 180293091328.00 180386643968.00 
180469760000.00 180574797824.00 180668416000.00 180762066944.00 180855717888.00 180948385792.00 181045657600.00 181137309696.00 181231058944.00 181325627392.00 181418541056.00 181509963776.00 181607104512.00 181700755456.00 181794488320.00 181888122880.00 181981282304.00 182076014592.00 182170157056.00 182263775232.00 
182356426752.00 182451666944.00 182545367040.00 182640050176.00 182732849152.00 182826811392.00 182922051584.00 183014588416.00 183108304896.00 183202627584.00 183292854272.00 183389896704.00 183481696256.00 183577657344.00 183671619584.00 183765090304.00 183859265536.00 183953391616.00 184046845952.00 184140693504.00 
184232116224.00 184328421376.00 184422268928.00 184516460544.00 184609914880.00 184704090112.00 184797626368.00 184891932672.00 184984567808.00 185079267328.00 185172295680.00 185265602560.00 185360596992.00 185454575616.00 185547636736.00 185640501248.00 185735692288.00 185828818944.00 185923158016.00 186017726464.00 
186109870080.00 186205126656.00 186299138048.00 186392444928.00 186484113408.00 186580123648.00 186673676288.00 186767572992.00 186860961792.00 186954776576.00 187048083456.00 187142389760.00 187235123200.00 187329282048.00 187422375936.00 187515355136.00 187607941120.00 187699920896.00 187789852672.00 187872182272.00 
187848523776.00 188106866688.00 188188950528.00 188278849536.00 188370370560.00 188462907392.00 188556427264.00 188649537536.00 188742549504.00 188836167680.00 188929572864.00 189023830016.00 189117120512.00 189211279360.00 189305077760.00 189398302720.00 189490200576.00 189586440192.00 189679435776.00 189773709312.00 
189866098688.00 189961207808.00 190055497728.00 190149820416.00 190242242560.00 190334910464.00 190430937088.00 190523998208.00 190617796608.00 190713200640.00 190805049344.00 190899421184.00 190992547840.00 191086919680.00 191181144064.00 191274385408.00 191368675328.00 191462473728.00 191556403200.00 191650545664.00 
191741296640.00 191837880320.00 191931777024.00 192025526272.00 192119128064.00 192212926464.00 192307183616.00 192401309696.00 192492617728.00 192588988416.00 192679133184.00 192776241152.00 192869908480.00 192963870720.00 193056669696.00 193151287296.00 193245134848.00 193338916864.00 193433305088.00 193527037952.00 
193619542016.00 193715011584.00 193808629760.00 193902673920.00 193995046912.00 194090057728.00 194183987200.00 194278096896.00 194371600384.00 194468823040.00 194558951424.00 194653175808.00 194746662912.00 194841378816.00 194933080064.00 195027222528.00 195122790400.00 195216605184.00 195310338048.00 195403841536.00 
195486695424.00 195592028160.00 195685810176.00 195779346432.00 195872915456.00 195966730240.00 196060725248.00 196158996480.00 196248469504.00 196342808576.00 196435886080.00 196530683904.00 196623908864.00 196717477888.00 196811636736.00 196904566784.00 196998561792.00 197093720064.00 197187207168.00 197280120832.00 
197367824384.00 197467848704.00 197562613760.00 197656494080.00 197749669888.00 197843042304.00 197938233344.00 198032424960.00 198125551616.00 198219497472.00 198313017344.00 198406815744.00 198499188736.00 198595149824.00 198688866304.00 198782402560.00 198876299264.00 198969982976.00 199064961024.00 199157923840.00 
199249297408.00 199346520064.00 199439646720.00 199533559808.00 199627046912.00 199712423936.00 199815069696.00 199909326848.00 200001732608.00 200095989760.00 200189853696.00 200283963392.00 200377942016.00 200470937600.00 200566407168.00 200659664896.00 200753299456.00 200848637952.00 200941764608.00 201035300864.00 
201127624704.00 201222930432.00 201316876288.00 201411330048.00 201502146560.00 201598369792.00 201691922432.00 201785901056.00 201879732224.00 201973596160.00 202064183296.00 202161504256.00 202254729216.00 202348478464.00 202446503936.00 202537189376.00 202630643712.00 202725228544.00 202818895872.00 202912464896.00 
203000561664.00 203100012544.00 203193188352.00 203287756800.00 203381653504.00 203474894848.00 203568758784.00 203663441920.00 203756519424.00 203850760192.00 203944001536.00 204038094848.00 204132253696.00 204226084864.00 204320145408.00 204412305408.00 204505595904.00 204601737216.00 204695044096.00 204789366784.00 
204881526784.00 204975947776.00 205075087360.00 205165477888.00 205258244096.00 205352370176.00 205446201344.00 205540163584.00 205633683456.00 205728251904.00 205821198336.00 205915832320.00 206008418304.00 206103248896.00 206197260288.00 206290583552.00 206384218112.00 206478655488.00 206572519424.00 206666170368.00 
206745894912.00 206854209536.00 206947762176.00 207041970176.00 207135309824.00 207229009920.00 207323316224.00 207418277888.00 207508865024.00 207605284864.00 207697854464.00 207792619520.00 207886303232.00 207980494848.00 208074031104.00 208167567360.00 208261234688.00 208355803136.00 208449142784.00 208543203328.00 
208635559936.00 208730619904.00 208819912704.00 208920428544.00 209012195328.00 209105289216.00 209200545792.00 209294295040.00 209388142592.00 209481383936.00 209575313408.00 209669505024.00 209762844672.00 209857347584.00 209951244288.00 210044698624.00 210138824704.00 210232786944.00 210326618112.00 210420809728.00 
210503254016.00 210608406528.00 210702090240.00 210796609536.00 210890063872.00 210983600128.00 211077447680.00 211171344384.00 211264798720.00 211359334400.00 211435290624.00 211546980352.00 211640664064.00 211734511616.00 211828342784.00 211921797120.00 212014792704.00 212110295040.00 212203225088.00 212297891840.00 
212389855232.00 212486750208.00 212579057664.00 212673347584.00 212766064640.00 212860321792.00 212954316800.00 213048541184.00 213141733376.00 213235712000.00 213329330176.00 213423931392.00 213515517952.00 213611593728.00 213705261056.00 213797388288.00 213892923392.00 213986918400.00 214080438272.00 214174138368.00 
214265544704.00 214362701824.00 214455615488.00 214549397504.00 214642507776.00 214734831616.00 214838214656.00 214927032320.00 215019028480.00 215113596928.00 215206805504.00 215301275648.00 215394779136.00 215489200128.00 215582490624.00 215675912192.00 215769858048.00 215863787520.00 215958274048.00 216051761152.00 
216138612736.00 216239489024.00 216333287424.00 216424333312.00 216518803456.00 216614338560.00 216708775936.00 216802197504.00 216896487424.00 216990728192.00 217083707392.00 217177964544.00 217271287808.00 217365725184.00 217459359744.00 217552846848.00 217648234496.00 217740951552.00 217834946560.00 217928990720.00 
218017021952.00 218117636096.00 218210254848.00 218304331776.00 218397868032.00 218490617856.00 218585972736.00 218679951360.00 218772930560.00 218866941952.00 218960314368.00 219054587904.00 219148091392.00 219240742912.00 219337785344.00 219430584320.00 219522400256.00 219618164736.00 219711979520.00 219806220288.00 
219898478592.00 219993554944.00 220087320576.00 220181250048.00 220274573312.00 220369567744.00 220463136768.00 220556361728.00 220650618880.00 220744499200.00 220834807808.00 220931981312.00 221024305152.00 221125312512.00 221213786112.00 221307633664.00 221401186304.00 221495148544.00 221589241856.00 221685235712.00 
221774102528.00 221870817280.00 221964435456.00 222058053632.00 222152605696.00 222245765120.00 222339907584.00 222433755136.00 222525521920.00 222621630464.00 222714281984.00 222809014272.00 222902648832.00 222996889600.00 223090884608.00 223175606272.00 223277957120.00 223372492800.00 223465816064.00 223560007680.00 
223652265984.00 223748653056.00 223840894976.00 223937101824.00 224028196864.00 224122994688.00 224217481216.00 224310378496.00 224403832832.00 224498663424.00 224591364096.00 224685948928.00 224779173888.00 224873496576.00 224967180288.00 225060618240.00 225154449408.00 225247805440.00 225341456384.00 225433501696.00 
225474822144.00 225628684288.00 225720434688.00 225813692416.00 225907130368.00 226000912384.00 226094219264.00 226188148736.00 226281816064.00 226375942144.00 226469117952.00 226563981312.00 226657468416.00 226751463424.00 226844917760.00 226938191872.00 227031711744.00 227126657024.00 227220471808.00 227314253824.00 
227406544896.00 227500867584.00 227595419648.00 227690020864.00 227782803456.00 227875946496.00 227971432448.00 228065165312.00 228158488576.00 228252647424.00 228346150912.00 228440408064.00 228532125696.00 228629118976.00 228721885184.00 228816289792.00 228909793280.00 229003526144.00 229097537536.00 229188976640.00 
229282529280.00 229378834432.00 229472681984.00 229566644224.00 229659639808.00 229754650624.00 229848416256.00 229942018048.00 230035079168.00 230131941376.00 230220169216.00 230317375488.00 230411468800.00 230505299968.00 230599229440.00 230692683776.00 230786121728.00 230880395264.00 230974193664.00 231068024832.00 
231160594432.00 231255048192.00 231350960128.00 231443972096.00 231535640576.00 231631028224.00 231725318144.00 231819362304.00 231912521728.00 232006664192.00 232100151296.00 232194818048.00 232287977472.00 232382545920.00 232476196864.00 232568045568.00 232662564864.00 232757886976.00 232851374080.00 232945516544.00 
233033678848.00 233131933696.00 233226829824.00 233321283584.00 233414377472.00 233508175872.00 233602121728.00 233696509952.00 233789554688.00 233884008448.00 233977036800.00 234071425024.00 234164944896.00 234259136512.00 234352754688.00 234446503936.00 234538401792.00 234634690560.00 234727702528.00 234821140480.00 
234881236992.00 235011424256.00 235105075200.00 235198480384.00 235291639808.00 235385438208.00 235478777856.00 235573559296.00 235666997248.00 235761369088.00 235854544896.00 235948916736.00 236041715712.00 236136366080.00 236230377472.00 236324093952.00 236417613824.00 236511903744.00 236605800448.00 236699713536.00 
236790775808.00 236886654976.00 236981075968.00 237074956288.00 237168689152.00 237260881920.00 237355581440.00 237450493952.00 237542211584.00 237638123520.00 237731561472.00 237825966080.00 237919551488.00 238013366272.00 238107394048.00 238201241600.00 238294335488.00 238389084160.00 238482522112.00 238576451584.00 
238669316096.00 238764457984.00 238857764864.00 238951284736.00 239044362240.00 239138111488.00 239234842624.00 239327887360.00 239421685760.00 239514779648.00 239605809152.00 239703212032.00 239796420608.00 239890628608.00 239984476160.00 240077799424.00 240172105728.00 240265723904.00 240359718912.00 240452927488.00 
240536403968.00 240641490944.00 240735371264.00 240828760064.00 240922476544.00 241016700928.00 241110056960.00 241204346880.00 241298046976.00 241392156672.00 241485119488.00 241578983424.00 241674272768.00 241768087552.00 241861640192.00 241953783808.00 242048319488.00 242142789632.00 242236882944.00 242330992640.00 
242423054336.00 242518720512.00 242612174848.00 242706202624.00 242799542272.00 242893586432.00 242987843584.00 243081445376.00 243173801984.00 243269664768.00 243362447360.00 243457097728.00 243548536832.00 243644710912.00 243738345472.00 243832406016.00 243926040576.00 244019871744.00 244113784832.00 244207976448.00 
244287602688.00 244395638784.00 244489502720.00 244582907904.00 244676952064.00 244770586624.00 244864286720.00 244958478336.00 245051392000.00 245146779648.00 245239496704.00 245333999616.00 245427503104.00 245521580032.00 245615558656.00 245708701696.00 245803089920.00 245896970240.00 245990834176.00 246084616192.00 
246177218560.00 246272851968.00 246366208000.00 246460710912.00 246551953408.00 246639296512.00 246741876736.00 246835871744.00 246928916480.00 247023157248.00 247116595200.00 247210639360.00 247304421376.00 247398825984.00 247492149248.00 247586471936.00 247680024576.00 247774248960.00 247868047360.00 247961223168.00 
248050122752.00 248149180416.00 248243552256.00 248337563648.00 248430149632.00 248524341248.00 248618516480.00 248711938048.00 248805867520.00 248899452928.00 248990629888.00 249087705088.00 249181356032.00 249275170816.00 249369018368.00 249462636544.00 249554567168.00 249650528256.00 249743753216.00 249837944832.00 
249930285056.00 250025082880.00 250118733824.00 250211975168.00 250304151552.00 250396082176.00 250480558080.00 250621378560.00 250691354624.00 250781761536.00 250874003456.00 250967818240.00 251059912704.00 251154694144.00 251248377856.00 251340029952.00 251435565056.00 251529117696.00 251623260160.00 251716780032.00 
251807875072.00 251904360448.00 251998584832.00 252092334080.00 252185919488.00 252279750656.00 252373762048.00 252467019776.00 252558884864.00 252655288320.00 252748283904.00 252843114496.00 252936224768.00 253030350848.00 253124739072.00 253217882112.00 253311696896.00 253406019584.00 253499506688.00 253593534464.00 
253680353280.00 253781278720.00 253875126272.00 253969219584.00 254061576192.00 254156374016.00 254250909696.00 254344069120.00 254438031360.00 254532173824.00 254625284096.00 254719836160.00 254813224960.00 254907432960.00 255000641536.00 255095062528.00 255188729856.00 255284264960.00 255377080320.00 255470403584.00 
255553093632.00 255658098688.00 255752192000.00 255845367808.00 255939706880.00 256032030720.00 256127352832.00 256220758016.00 256315064320.00 256409272320.00 256501940224.00 256596541440.00 256690700288.00 256784138240.00 256878182400.00 256971800576.00 257064828928.00 257161363456.00 257253654528.00 257347747840.00 
257440169984.00 257535655936.00 257628962816.00 257723629568.00 257816543232.00 257910145024.00 258004500480.00 258099265536.00 258191720448.00 258285568000.00 258362163200.00 258474000384.00 258565750784.00 258661613568.00 258755215360.00 258848718848.00 258943188992.00 259036594176.00 259130687488.00 259224813568.00 
259315613696.00 259412279296.00 259506536448.00 259600023552.00 259693756416.00 259787538432.00 259881353216.00 259975266304.00 260067475456.00 260160978944.00 260256890880.00 260350984192.00 260444667904.00 260537843712.00 260632444928.00 260724654080.00 260819550208.00 260914216960.00 261007867904.00 261101846528.00 
261194088448.00 261289771008.00 261382864896.00 261477744640.00 261568954368.00 261664702464.00 261758468096.00 261852151808.00 261946671104.00 262041075712.00 262133301248.00 262228525056.00 262321209344.00 262415450112.00 262509461504.00 262602948608.00 262696845312.00 262791397376.00 262884458496.00 262977748992.00 
263044431872.00 263167311872.00 263260848128.00 263354482688.00 263447986176.00 263541833728.00 263636369408.00 263728152576.00 263822950400.00 263917780992.00 264010399744.00 264105246720.00 264198406144.00 264292499456.00 264386002944.00 264480718848.00 264572108800.00 264668020736.00 264761425920.00 264855846912.00 
264948334592.00 265043296256.00 265136996352.00 265230712832.00 265325330432.00 265417654272.00 265512665088.00 265606676480.00 265700163584.00 265793896448.00 265887694848.00 265982099456.00 266074947584.00 266169450496.00 266263592960.00 266357194752.00 266451304448.00 266544873472.00 266638983168.00 266733060096.00 
266823942144.00 266920460288.00 267013701632.00 267108253696.00 267202002944.00 267295834112.00 267389370368.00 267483725824.00 267574951936.00 267670945792.00 267761696768.00 267858739200.00 267952291840.00 268046598144.00 268140298240.00 268233408512.00 268326371328.00 268408864768.00 268518146048.00 268610945024.00 
268703088640.00 268798115840.00 268891783168.00 268985401344.00 269078396928.00 269173260288.00 269267173376.00 269360988160.00 269454786560.00 269548421120.00 269641760768.00 269736443904.00 269829849088.00 269923762176.00 270017970176.00 270102577152.00 270204960768.00 270299250688.00 270392868864.00 270487060480.00 
270569668608.00 270674739200.00 270768340992.00 270862680064.00 270956134400.00 271049998336.00 271143780352.00 271237857280.00 271331278848.00 271428370432.00 271519137792.00 271613444096.00 271707078656.00 271801188352.00 271894790144.00 271988178944.00 272080896000.00 272176414720.00 272270426112.00 272363978752.00 
272450994176.00 272551559168.00 272646094848.00 272739385344.00 272832544768.00 272926769152.00 273020977152.00 273114939392.00 273207754752.00 273293950976.00 273396629504.00 273490919424.00 273581998080.00 273677860864.00 273772036096.00 273865490432.00 273959567360.00 274053529600.00 274147213312.00 274241863680.00 
274332303360.00 274428887040.00 274523193344.00 274614632448.00 274710298624.00 274802819072.00 274897862656.00 274991972352.00 275084705792.00 275179536384.00 275272859648.00 275367362560.00 275460653056.00 275553943552.00 275649396736.00 275742588928.00 275836338176.00 275930644480.00 276024197120.00 276118405120.00 
276210974720.00 276305641472.00 276399882240.00 276493172736.00 276585447424.00 276680998912.00 276774846464.00 276868333568.00 276962738176.00 277056651264.00 277147189248.00 277244477440.00 277337997312.00 277432008704.00 277525856256.00 277619507200.00 277713125376.00 277808021504.00 277901836288.00 277995257856.00 
278083633152.00 278182723584.00 278276636672.00 278374121472.00 278464266240.00 278557982720.00 278652682240.00 278745841664.00 278839492608.00 278933667840.00 279027187712.00 279121264640.00 279215210496.00 279309811712.00 279402971136.00 279495278592.00 279588372480.00 279684546560.00 279778426880.00 279872012288.00 
279964614656.00 280059871232.00 280153915392.00 280246976512.00 280340627456.00 280434540544.00 280529043456.00 280622563328.00 280716935168.00 280809373696.00 280903778304.00 280999067648.00 281090785280.00 281185091584.00 281279201280.00 281372753920.00 281466109952.00 281559728128.00 281652592640.00 281743523840.00 
281772818432.00 281943212032.00 282033848320.00 282126516224.00 282219970560.00 282313654272.00 282407469056.00 282500890624.00 282592575488.00 282688454656.00 282781057024.00 282876379136.00 282969800704.00 283064926208.00 283157364736.00 283250982912.00 283344633856.00 283439398912.00 283532951552.00 283627323392.00 
283719401472.00 283814592512.00 283908276224.00 284001992704.00 284094857216.00 284188147712.00 284283535360.00 284374925312.00 284471164928.00 284565340160.00 284658139136.00 284753002496.00 284846161920.00 284940664832.00 285034381312.00 285128163328.00 285222076416.00 285315465216.00 285410066432.00 285503586304.00 
285586456576.00 285691576320.00 285785161728.00 285879205888.00 285972660224.00 286066573312.00 286160420864.00 286253907968.00 286348050432.00 286442291200.00 286532960256.00 286630608896.00 286723670016.00 286817615872.00 286911430656.00 287005245440.00 287098142720.00 287193104384.00 287286788096.00 287382503424.00 
287473303552.00 287568494592.00 287662440448.00 287756255232.00 287849742336.00 287943753728.00 288037699584.00 288132235264.00 288225132544.00 288319373312.00 288412794880.00 288506970112.00 288598818816.00 288694730752.00 288788217856.00 288880230400.00 288975257600.00 289077231616.00 289164460032.00 289257979904.00 
289349238784.00 289445380096.00 289540341760.00 289632845824.00 289726955520.00 289820573696.00 289914847232.00 290008760320.00 290101329920.00 290196291584.00 290289451008.00 290385952768.00 290477670400.00 290571616256.00 290665693184.00 290759278592.00 290852732928.00 290947465216.00 291040788480.00 291134898176.00 
291221667840.00 291322167296.00 291415326720.00 291510190080.00 291601547264.00 291697524736.00 291791699968.00 291885481984.00 291979067392.00 292072521728.00 292165713920.00 292250812416.00 292355473408.00 292449255424.00 292542742528.00 292636459008.00 292730306560.00 292824776704.00 292918493184.00 293012275200.00 
293100355584.00 293199740928.00 293294571520.00 293388025856.00 293480693760.00 293566545920.00 293668618240.00 293762760704.00 293855952896.00 293950488576.00 294043385856.00 294138314752.00 294231670784.00 294325714944.00 294419333120.00 294513115136.00 294605225984.00 294701268992.00 294795083776.00 294888931328.00 
294981533696.00 295076495360.00 295170015232.00 295268057088.00 295357874176.00 295451557888.00 295545831424.00 295639875584.00 295733428224.00 295828029440.00 295918141440.00 296015265792.00 296108392448.00 296203321344.00 296296546304.00 296390262784.00 296484110336.00 296577990656.00 296674459648.00 296766242816.00 
296857174016.00 296953774080.00 297047752704.00 297141829632.00 297235054592.00 297328672768.00 297422782464.00 297517416448.00 297608970240.00 297704554496.00 297797746688.00 297892347904.00 297985638400.00 298080600064.00 298174087168.00 298266624000.00 298360963072.00 298455597056.00 298548887552.00 298643292160.00 
298735730688.00 298830757888.00 298924474368.00 299018256384.00 299111219200.00 299205558272.00 299299864576.00 299394400256.00 299487723520.00 299581374464.00 299674828800.00 299767955456.00 299862818816.00 299957157888.00 300050219008.00 300144197632.00 300237389824.00 300331335680.00 300424527872.00 300516442112.00 
300557467648.00 300711837696.00 300803522560.00 300896878592.00 300990070784.00 301083590656.00 301177602048.00 301271646208.00 301365002240.00 301459210240.00 301552336896.00 301646512128.00 301740097536.00 301834076160.00 301927989248.00 302021672960.00 302114701312.00 302209925120.00 302303477760.00 302397259776.00 
302489927680.00 302585020416.00 302678900736.00 302772846592.00 302866399232.00 302959001600.00 303054585856.00 303148236800.00 303241560064.00 303335997440.00 303428829184.00 303524347904.00 303615574016.00 303711584256.00 303804186624.00 303898787840.00 303992832000.00 304087138304.00 304178528256.00 304274374656.00 
304365568000.00 304462299136.00 304555786240.00 304649502720.00 304743153664.00 304837427200.00 304931602432.00 305024794624.00 305117921280.00 305212719104.00 305289199616.00 305401364480.00 305494360064.00 305588305920.00 305681825792.00 305775575040.00 305869684736.00 305963892736.00 306057150464.00 306151227392.00 
306244059136.00 306339381248.00 306433196032.00 306526617600.00 306618630144.00 306714345472.00 306808258560.00 306902073344.00 306996117504.00 307090096128.00 307182993408.00 307277332480.00 307370164224.00 307468206080.00 307559792640.00 307651674112.00 307747192832.00 307841073152.00 307934855168.00 308028637184.00 
308117143552.00 308216528896.00 308308967424.00 308403798016.00 308497776640.00 308591329280.00 308685897728.00 308779220992.00 308872609792.00 308967702528.00 309060206592.00 309154578432.00 309248655360.00 309342437376.00 309433860096.00 309529935872.00 309621981184.00 309718024192.00 309811838976.00 309906145280.00 
309992521728.00 310093479936.00 310186606592.00 310280716288.00 310373974016.00 310468837376.00 310562684928.00 310656434176.00 310749986816.00 310843899904.00 310936928256.00 311031693312.00 311124557824.00 311219322880.00 311313006592.00 311407083520.00 311500931072.00 311594516480.00 311688921088.00 311782277120.00 
311873601536.00 311970562048.00 312063295488.00 312157863936.00 312251744256.00 312343920640.00 312439406592.00 312532959232.00 312624971776.00 312720752640.00 312813682688.00 312907988992.00 313000591360.00 313088933888.00 313194283008.00 313285607424.00 313378439168.00 313472614400.00 313566265344.00 313660112896.00 
313752453120.00 313848070144.00 313941655552.00 314035830784.00 314127941632.00 314222837760.00 314316980224.00 314410729472.00 314504151040.00 314598719488.00 314688733184.00 314785955840.00 314879377408.00 314974142464.00 315067629568.00 315161706496.00 315255193600.00 315349106688.00 315442593792.00 315536834560.00 
315619540992.00 315724496896.00 315818704896.00 315912749056.00 316005941248.00 316099231744.00 316193800192.00 316287156224.00 316380708864.00 316475867136.00 316568600576.00 316663267328.00 316756688896.00 316850896896.00 316944482304.00 317029711872.00 317131063296.00 317225861120.00 317320232960.00 317414473728.00 
317506486272.00 317601710080.00 317695131648.00 317788979200.00 317881647104.00 317978116096.00 318071373824.00 318164926464.00 318258839552.00 318352392192.00 318446272512.00 318539759616.00 318632099840.00 318728568832.00 318822973440.00 318915346432.00 319008964608.00 319102943232.00 319197249536.00 319291162624.00 
319371083776.00 319478857728.00 319572606976.00 319667568640.00 319760039936.00 319853625344.00 319947964416.00 320041615360.00 320134807552.00 320229572608.00 320322699264.00 320417234944.00 320510820352.00 320605093888.00 320698417152.00 320792559616.00 320886177792.00 320979730432.00 321073741824.00 321168146432.00 
321260322816.00 321355251712.00 321449164800.00 321543372800.00 321635024896.00 321729069056.00 321824423936.00 321917681664.00 322009235456.00 322111078400.00 322201124864.00 322295332864.00 322388656128.00 322482307072.00 322576482304.00 322669576192.00 322763620352.00 322857402368.00 322950758400.00 323045359616.00 
323133571072.00 323232956416.00 323326967808.00 323420389376.00 323514499072.00 323608117248.00 323702095872.00 323795386368.00 323889004544.00 323983310848.00 324073979904.00 324173135872.00 324264722432.00 324359946240.00 324452384768.00 324547117056.00 324638900224.00 324734550016.00 324828037120.00 324922048512.00 
325014781952.00 325110464512.00 325203951616.00 325297471488.00 325390958592.00 325484838912.00 325578620928.00 325674270720.00 325767168000.00 325860261888.00 325953814528.00 326048514048.00 326141607936.00 326236078080.00 326329696256.00 326422462464.00 326517424128.00 326611566592.00 326704693248.00 326799556608.00 
326890586112.00 326986530816.00 327080640512.00 327174750208.00 327269253120.00 327362215936.00 327456096256.00 327549288448.00 327642218496.00 327737704448.00 327831322624.00 327925891072.00 328018395136.00 328113455104.00 328207007744.00 328300396544.00 328394080256.00 328487895040.00 328581873664.00 328675033088.00 
328735064064.00 328865218560.00 328958214144.00 329052127232.00 329144631296.00 329239068672.00 329333047296.00 329427091456.00 329520381952.00 329614884864.00 329707945984.00 329802579968.00 329895968768.00 329989750784.00 330083663872.00 330177019904.00 330271457280.00 330365861888.00 330458988544.00 330553786368.00 
330636001280.00 330741284864.00 330834575360.00 330928521216.00 331022565376.00 331114577920.00 331210129408.00 331304108032.00 331397726208.00 331491475456.00 331585519616.00 331679694848.00 331773607936.00 331867684864.00 331961499648.00 332054986752.00 332147621888.00 332242550784.00 332336103424.00 332430540800.00 
332522651648.00 332619939840.00 332712542208.00 332806422528.00 332898992128.00 332992970752.00 333087440896.00 333180829696.00 333274841088.00 333369180160.00 333459193856.00 333555957760.00 333647970304.00 333744439296.00 333837271040.00 333929644032.00 334028242944.00 334120353792.00 334213742592.00 334307655680.00 
334398750720.00 334495711232.00 334589263872.00 334682783744.00 334776303616.00 334870413312.00 334964326400.00 335058239488.00 335151300608.00 335246098432.00 335339651072.00 335433302016.00 335527346176.00 335621521408.00 335715663872.00 335807643648.00 335902638080.00 335996977152.00 336090431488.00 336189161472.00 
336277340160.00 336372596736.00 336465788928.00 336560128000.00 336651911168.00 336747626496.00 336841179136.00 336935485440.00 337028939776.00 337123016704.00 337216929792.00 337310941184.00 337404133376.00 337498308608.00 337592287232.00 337686003712.00 337779785728.00 337873534976.00 337967710208.00 338060967936.00 
338127421440.00 338250301440.00 338343526400.00 338437046272.00 338530893824.00 338624774144.00 338718916608.00 338812436480.00 338906218496.00 339000393728.00 339093815296.00 339188056064.00 339281641472.00 339376111616.00 339469336576.00 339563118592.00 339655327744.00 339751043072.00 339844792320.00 339934609408.00 
340031700992.00 340126203904.00 340220018688.00 340314456064.00 340407353344.00 340493172736.00 340595736576.00 340689256448.00 340783988736.00 340877180928.00 340970766336.00 341064908800.00 341157314560.00 341252603904.00 341346123776.00 341439447040.00 341531590656.00 341629632512.00 341722071040.00 341815721984.00 
341907603456.00 342003122176.00 342097625088.00 342191341568.00 342285123584.00 342378479616.00 342472491008.00 342565355520.00 342658285568.00 342753804288.00 342845128704.00 342941433856.00 343034920960.00 343130112000.00 343223566336.00 343316955136.00 343410737152.00 343504912384.00 343599382528.00 343692673024.00 
343785537536.00 343878762496.00 343975133184.00 344067997696.00 344161026048.00 344255299584.00 344348590080.00 344445452288.00 344537759744.00 344631771136.00 344724766720.00 344819302400.00 344912592896.00 345007063040.00 345100419072.00 345192693760.00 345288048640.00 345381896192.00 345475940352.00 345569624064.00 
345652854784.00 345757712384.00 345851396096.00 345945407488.00 346038239232.00 346132709376.00 346226851840.00 346320994304.00 346414055424.00 346508492800.00 346601947136.00 346696056832.00 346788397056.00 346884046848.00 346978222080.00 347071283200.00 347164508160.00 347260092416.00 347352629248.00 347447361536.00 
347533967360.00 347634728960.00 347728379904.00 347822063616.00 347915911168.00 348010053632.00 348103933952.00 348197257216.00 348291858432.00 348384854016.00 348478865408.00 348573138944.00 348664659968.00 348760440832.00 348853338112.00 348948594688.00 349042933760.00 349136846848.00 349230170112.00 349323755520.00 
349415342080.00 349512302592.00 349605396480.00 349699375104.00 349792239616.00 349885333504.00 349980622848.00 350074339328.00 350167662592.00 350263083008.00 350355587072.00 350449958912.00 350543708160.00 350636572672.00 350732386304.00 350825447424.00 350919098368.00 351013404672.00 351107383296.00 351200837632.00 
351293341696.00 351388172288.00 351483953152.00 351576686592.00 351667978240.00 351763922944.00 351857278976.00 351951716352.00 352045694976.00 352139411456.00 352215990272.00 352328318976.00 352420593664.00 352514899968.00 352609075200.00 352702332928.00 352796540928.00 352890519552.00 352984170496.00 353077755904.00 
353166458880.00 353266073600.00 353359429632.00 353453998080.00 353546764288.00 353641857024.00 353735311360.00 353829552128.00 353922056192.00 354017083392.00 354109816832.00 354204516352.00 354297741312.00 354392014848.00 354485469184.00 354578071552.00 354671525888.00 354766716928.00 354862399488.00 354954313728.00 
355047899136.00 355142959104.00 355236904960.00 355330523136.00 355423911936.00 355518283776.00 355611803648.00 355705847808.00 355799695360.00 355893248000.00 355986735104.00 356081631232.00 356174495744.00 356268965888.00 356363370496.00 356457086976.00 356550541312.00 356644225024.00 356738826240.00 356832870400.00 
356911841280.00 357020401664.00 357114019840.00 357207343104.00 357301583872.00 357395431424.00 357489016832.00 357583126528.00 357674352640.00 357770362880.00 357864505344.00 357958418432.00 358052233216.00 358146015232.00 358240944128.00 358333284352.00 358427328512.00 358521831424.00 358614466560.00 358709100544.00 
358801899520.00 358896828416.00 358990577664.00 359083802624.00 359177453568.00 359270481920.00 359364329472.00 359460339712.00 359554580480.00 359647838208.00 359740801024.00 359836811264.00 359928889344.00 360022638592.00 360117010432.00 360210726912.00 360304410624.00 360398618624.00 360492236800.00 360586117120.00 
360669085696.00 360773615616.00 360867921920.00 360961605632.00 361055289344.00 361148907520.00 361242460160.00 361337847808.00 361430286336.00 361524101120.00 361615065088.00 361712222208.00 361806856192.00 361900376064.00 361994092544.00 362087841792.00 362180706304.00 362274816000.00 362369777664.00 362463264768.00 
362555768832.00 362650664960.00 362743037952.00 362838786048.00 362932240384.00 363025760256.00 363119804416.00 363214045184.00 363307237376.00 363401936896.00 363494866944.00 363592548352.00 363681185792.00 363775524864.00 363870486528.00 363956404224.00 364058869760.00 364152979456.00 364246335488.00 364340445184.00 
364431245312.00 364527910912.00 364621824000.00 364715868160.00 364809158656.00 364903137280.00 364997410816.00 365090471936.00 365183467520.00 365278986240.00 365371883520.00 365466451968.00 365560496128.00 365654310912.00 365747961856.00 365841612800.00 365935001600.00 366029766656.00 366123286528.00 366217494528.00 
366304034816.00 366405255168.00 366498611200.00 366592851968.00 366683914240.00 366780579840.00 366874165248.00 366969815040.00 367061401600.00 367155118080.00 367248474112.00 367342485504.00 367436333056.00 367530016768.00 367625338880.00 367718793216.00 367811887104.00 367906652160.00 368000204800.00 368094412800.00 
368182657024.00 368281845760.00 368375201792.00 368469213184.00 368562831360.00 368655204352.00 368751149056.00 368844308480.00 368938221568.00 369032822784.00 369125982208.00 369219600384.00 369313611776.00 369408049152.00 369501896704.00 369595121664.00 369687330816.00 369782423552.00 369877286912.00 369971068928.00 
370063245312.00 370158108672.00 370251530240.00 370345869312.00 370439684096.00 370533662720.00 370627870720.00 370721619968.00 370814681088.00 370909282304.00 370999525376.00 371096551424.00 371189678080.00 371284377600.00 371377504256.00 371471384576.00 371565363200.00 371660685312.00 371753385984.00 371846447104.00 
371938066432.00 372034928640.00 372128382976.00 372222722048.00 372316110848.00 372409565184.00 372503379968.00 372597227520.00 372688846848.00 372785577984.00 372878442496.00 372972257280.00 373066006528.00 373160017920.00 373253439488.00 373345583104.00 373440741376.00 373534588928.00 373628076032.00 373721759744.00 
373814427648.00 373909716992.00 374003269632.00 374096494592.00 374188507136.00 374283108352.00 374376955904.00 374469787648.00 374563143680.00 374656303104.00 374748676096.00 374842523648.00 374934110208.00 375027400704.00 375118823424.00 375209328640.00 375297671168.00 375384571904.00 375463051264.00 375509712896.00 
end   dump: w
==END   DUMP_ARRAYS==
Time in seconds = 0.068204
