Sender: LSF System <lsfadmin@polus-c2-ib.bmc.hpc.cs.msu.ru>
Subject: Job 494211: <./extra.o> in cluster <MSUCluster> Done

Job <./extra.o> was submitted from host <polus-ib.bmc.hpc.cs.msu.ru> by user <edu-cmc-skpod19-328-11> in cluster <MSUCluster> at Fri Nov 29 23:42:34 2019
Job was executed on host(s) <2*polus-c2-ib.bmc.hpc.cs.msu.ru>, in queue <short>, as user <edu-cmc-skpod19-328-11> in cluster <MSUCluster> at Fri Nov 29 23:42:53 2019
                            <3*polus-c4-ib.bmc.hpc.cs.msu.ru>
</home_edu/edu-cmc-skpod19-328/edu-cmc-skpod19-328-11> was used as the home directory.
</home_edu/edu-cmc-skpod19-328/edu-cmc-skpod19-328-11/dep_gemver> was used as the working directory.
Started at Fri Nov 29 23:42:53 2019
Terminated at Fri Nov 29 23:42:54 2019
Results reported at Fri Nov 29 23:42:54 2019

Your job looked like:

------------------------------------------------------------
# LSBATCH: User input
./extra.o
------------------------------------------------------------

Successfully completed.

Resource usage summary:

    CPU time :                                   12.01 sec.
    Max Memory :                                 4 MB
    Average Memory :                             2.00 MB
    Total Requested Memory :                     -
    Delta Memory :                               -
    Max Swap :                                   -
    Max Processes :                              1
    Max Threads :                                1
    Run time :                                   2 sec.
    Turnaround time :                            20 sec.

The output (if any) follows:

==BEGIN DUMP_ARRAYS==
begin dump: w
0.00 0.00 0.00 0.00 0.00 0.00 0.00 0.00 0.00 0.00 0.00 0.00 0.00 0.00 0.00 0.00 0.00 0.00 0.00 0.00 
0.00 0.00 0.00 0.00 0.00 0.00 0.00 0.00 0.00 0.00 0.00 0.00 0.00 0.00 0.00 0.00 0.00 0.00 0.00 0.00 
0.00 0.00 0.00 0.00 0.00 0.00 0.00 0.00 0.00 0.00 0.00 0.00 0.00 0.00 0.00 0.00 0.00 0.00 0.00 0.00 
0.00 0.00 0.00 0.00 0.00 0.00 0.00 0.00 0.00 0.00 0.00 0.00 0.00 0.00 0.00 0.00 0.00 0.00 0.00 0.00 
0.00 0.00 0.00 0.00 0.00 0.00 0.00 0.00 0.00 0.00 0.00 0.00 0.00 0.00 0.00 0.00 0.00 0.00 0.00 0.00 
0.00 0.00 0.00 0.00 0.00 0.00 0.00 0.00 0.00 0.00 0.00 0.00 0.00 0.00 0.00 0.00 0.00 0.00 0.00 0.00 
0.00 0.00 0.00 0.00 0.00 0.00 0.00 0.00 0.00 0.00 0.00 0.00 0.00 0.00 0.00 0.00 0.00 0.00 0.00 0.00 
0.00 0.00 0.00 0.00 0.00 0.00 0.00 0.00 0.00 0.00 0.00 0.00 0.00 0.00 0.00 0.00 0.00 0.00 0.00 0.00 
0.00 0.00 0.00 0.00 0.00 0.00 0.00 0.00 0.00 0.00 0.00 0.00 0.00 0.00 0.00 0.00 0.00 0.00 0.00 0.00 
0.00 0.00 0.00 0.00 0.00 0.00 0.00 0.00 0.00 0.00 0.00 0.00 0.00 0.00 0.00 0.00 0.00 0.00 0.00 0.00 
0.00 0.00 0.00 0.00 0.00 0.00 0.00 0.00 0.00 0.00 0.00 0.00 0.00 0.00 0.00 0.00 0.00 0.00 0.00 0.00 
0.00 0.00 0.00 0.00 0.00 0.00 0.00 0.00 0.00 0.00 0.00 0.00 0.00 0.00 0.00 0.00 0.00 0.00 0.00 0.00 
0.00 0.00 0.00 0.00 0.00 0.00 0.00 0.00 0.00 0.00 0.00 0.00 0.00 0.00 0.00 0.00 0.00 0.00 0.00 0.00 
0.00 0.00 0.00 0.00 0.00 0.00 0.00 0.00 0.00 0.00 0.00 0.00 0.00 0.00 0.00 0.00 0.00 0.00 0.00 0.00 
0.00 0.00 0.00 0.00 0.00 0.00 0.00 0.00 0.00 0.00 0.00 0.00 0.00 0.00 0.00 0.00 0.00 0.00 0.00 0.00 
0.00 0.00 0.00 0.00 0.00 0.00 0.00 0.00 0.00 0.00 0.00 0.00 0.00 0.00 0.00 0.00 0.00 0.00 0.00 0.00 
0.00 0.00 0.00 0.00 0.00 0.00 0.00 0.00 0.00 0.00 0.00 0.00 0.00 0.00 0.00 0.00 0.00 0.00 0.00 0.00 
0.00 0.00 0.00 0.00 0.00 0.00 0.00 0.00 0.00 0.00 0.00 0.00 0.00 0.00 0.00 0.00 0.00 0.00 0.00 0.00 
0.00 0.00 0.00 0.00 0.00 0.00 0.00 0.00 0.00 0.00 0.00 0.00 0.00 0.00 0.00 0.00 0.00 0.00 0.00 0.00 
0.00 0.00 0.00 0.00 0.00 0.00 0.00 0.00 0.00 0.00 0.00 0.00 0.00 0.00 0.00 0.00 0.00 0.00 0.00 0.00 
0.00 0.00 0.00 0.00 0.00 0.00 0.00 0.00 0.00 0.00 0.00 0.00 0.00 0.00 0.00 0.00 0.00 0.00 0.00 0.00 
0.00 0.00 0.00 0.00 0.00 0.00 0.00 0.00 0.00 0.00 0.00 0.00 0.00 0.00 0.00 0.00 0.00 0.00 0.00 0.00 
0.00 0.00 0.00 0.00 0.00 0.00 0.00 0.00 0.00 0.00 0.00 0.00 0.00 0.00 0.00 0.00 0.00 0.00 0.00 0.00 
0.00 0.00 0.00 0.00 0.00 0.00 0.00 0.00 0.00 0.00 0.00 0.00 0.00 0.00 0.00 0.00 0.00 0.00 0.00 0.00 
0.00 0.00 0.00 0.00 0.00 0.00 0.00 0.00 0.00 0.00 0.00 0.00 0.00 0.00 0.00 0.00 0.00 0.00 0.00 0.00 
0.00 0.00 0.00 0.00 0.00 0.00 0.00 0.00 0.00 0.00 0.00 0.00 0.00 0.00 0.00 0.00 0.00 0.00 0.00 0.00 
0.00 0.00 0.00 0.00 0.00 0.00 0.00 0.00 0.00 0.00 0.00 0.00 0.00 0.00 0.00 0.00 0.00 0.00 0.00 0.00 
0.00 0.00 0.00 0.00 0.00 0.00 0.00 0.00 0.00 0.00 0.00 0.00 0.00 0.00 0.00 0.00 0.00 0.00 0.00 0.00 
0.00 0.00 0.00 0.00 0.00 0.00 0.00 0.00 0.00 0.00 0.00 0.00 0.00 0.00 0.00 0.00 0.00 0.00 0.00 0.00 
0.00 0.00 0.00 0.00 0.00 0.00 0.00 0.00 0.00 0.00 0.00 0.00 0.00 0.00 0.00 0.00 0.00 0.00 0.00 0.00 
0.00 0.00 0.00 0.00 0.00 0.00 0.00 0.00 0.00 0.00 0.00 0.00 0.00 0.00 0.00 0.00 0.00 0.00 0.00 0.00 
0.00 0.00 0.00 0.00 0.00 0.00 0.00 0.00 0.00 0.00 0.00 0.00 0.00 0.00 0.00 0.00 0.00 0.00 0.00 0.00 
0.00 0.00 0.00 0.00 0.00 0.00 0.00 0.00 0.00 0.00 0.00 0.00 0.00 0.00 0.00 0.00 0.00 0.00 0.00 0.00 
0.00 0.00 0.00 0.00 0.00 0.00 0.00 0.00 0.00 0.00 0.00 0.00 0.00 0.00 0.00 0.00 0.00 0.00 0.00 0.00 
0.00 0.00 0.00 0.00 0.00 0.00 0.00 0.00 0.00 0.00 0.00 0.00 0.00 0.00 0.00 0.00 0.00 0.00 0.00 0.00 
0.00 0.00 0.00 0.00 0.00 0.00 0.00 0.00 0.00 0.00 0.00 0.00 0.00 0.00 0.00 0.00 0.00 0.00 0.00 0.00 
0.00 0.00 0.00 0.00 0.00 0.00 0.00 0.00 0.00 0.00 0.00 0.00 0.00 0.00 0.00 0.00 0.00 0.00 0.00 0.00 
0.00 0.00 0.00 0.00 0.00 0.00 0.00 0.00 0.00 0.00 0.00 0.00 0.00 0.00 0.00 0.00 0.00 0.00 0.00 0.00 
0.00 0.00 0.00 0.00 0.00 0.00 0.00 0.00 0.00 0.00 0.00 0.00 0.00 0.00 0.00 0.00 0.00 0.00 0.00 0.00 
0.00 0.00 0.00 0.00 0.00 0.00 0.00 0.00 0.00 0.00 0.00 0.00 0.00 0.00 0.00 0.00 0.00 0.00 0.00 0.00 
0.00 0.00 0.00 0.00 0.00 0.00 0.00 0.00 0.00 0.00 0.00 0.00 0.00 0.00 0.00 0.00 0.00 0.00 0.00 0.00 
0.00 0.00 0.00 0.00 0.00 0.00 0.00 0.00 0.00 0.00 0.00 0.00 0.00 0.00 0.00 0.00 0.00 0.00 0.00 0.00 
0.00 0.00 0.00 0.00 0.00 0.00 0.00 0.00 0.00 0.00 0.00 0.00 0.00 0.00 0.00 0.00 0.00 0.00 0.00 0.00 
0.00 0.00 0.00 0.00 0.00 0.00 0.00 0.00 0.00 0.00 0.00 0.00 0.00 0.00 0.00 0.00 0.00 0.00 0.00 0.00 
0.00 0.00 0.00 0.00 0.00 0.00 0.00 0.00 0.00 0.00 0.00 0.00 0.00 0.00 0.00 0.00 0.00 0.00 0.00 0.00 
0.00 0.00 0.00 0.00 0.00 0.00 0.00 0.00 0.00 0.00 0.00 0.00 0.00 0.00 0.00 0.00 0.00 0.00 0.00 0.00 
0.00 0.00 0.00 0.00 0.00 0.00 0.00 0.00 0.00 0.00 0.00 0.00 0.00 0.00 0.00 0.00 0.00 0.00 0.00 0.00 
0.00 0.00 0.00 0.00 0.00 0.00 0.00 0.00 0.00 0.00 0.00 0.00 0.00 0.00 0.00 0.00 0.00 0.00 0.00 0.00 
0.00 0.00 0.00 0.00 0.00 0.00 0.00 0.00 0.00 0.00 0.00 0.00 0.00 0.00 0.00 0.00 0.00 0.00 0.00 0.00 
0.00 0.00 0.00 0.00 0.00 0.00 0.00 0.00 0.00 0.00 0.00 0.00 0.00 0.00 0.00 0.00 0.00 0.00 0.00 0.00 
0.00 0.00 0.00 0.00 0.00 0.00 0.00 0.00 0.00 0.00 0.00 0.00 0.00 0.00 0.00 0.00 0.00 0.00 0.00 0.00 
0.00 0.00 0.00 0.00 0.00 0.00 0.00 0.00 0.00 0.00 0.00 0.00 0.00 0.00 0.00 0.00 0.00 0.00 0.00 0.00 
0.00 0.00 0.00 0.00 0.00 0.00 0.00 0.00 0.00 0.00 0.00 0.00 0.00 0.00 0.00 0.00 0.00 0.00 0.00 0.00 
0.00 0.00 0.00 0.00 0.00 0.00 0.00 0.00 0.00 0.00 0.00 0.00 0.00 0.00 0.00 0.00 0.00 0.00 0.00 0.00 
0.00 0.00 0.00 0.00 0.00 0.00 0.00 0.00 0.00 0.00 0.00 0.00 0.00 0.00 0.00 0.00 0.00 0.00 0.00 0.00 
0.00 0.00 0.00 0.00 0.00 0.00 0.00 0.00 0.00 0.00 0.00 0.00 0.00 0.00 0.00 0.00 0.00 0.00 0.00 0.00 
0.00 0.00 0.00 0.00 0.00 0.00 0.00 0.00 0.00 0.00 0.00 0.00 0.00 0.00 0.00 0.00 0.00 0.00 0.00 0.00 
0.00 0.00 0.00 0.00 0.00 0.00 0.00 0.00 0.00 0.00 0.00 0.00 0.00 0.00 0.00 0.00 0.00 0.00 0.00 0.00 
0.00 0.00 0.00 0.00 0.00 0.00 0.00 0.00 0.00 0.00 0.00 0.00 0.00 0.00 0.00 0.00 0.00 0.00 0.00 0.00 
0.00 0.00 0.00 0.00 0.00 0.00 0.00 0.00 0.00 0.00 0.00 0.00 0.00 0.00 0.00 0.00 0.00 0.00 0.00 0.00 
0.00 0.00 0.00 0.00 0.00 0.00 0.00 0.00 0.00 0.00 0.00 0.00 0.00 0.00 0.00 0.00 0.00 0.00 0.00 0.00 
0.00 0.00 0.00 0.00 0.00 0.00 0.00 0.00 0.00 0.00 0.00 0.00 0.00 0.00 0.00 0.00 0.00 0.00 0.00 0.00 
0.00 0.00 0.00 0.00 0.00 0.00 0.00 0.00 0.00 0.00 0.00 0.00 0.00 0.00 0.00 0.00 0.00 0.00 0.00 0.00 
0.00 0.00 0.00 0.00 0.00 0.00 0.00 0.00 0.00 0.00 0.00 0.00 0.00 0.00 0.00 0.00 0.00 0.00 0.00 0.00 
0.00 0.00 0.00 0.00 0.00 0.00 0.00 0.00 0.00 0.00 0.00 0.00 0.00 0.00 0.00 0.00 0.00 0.00 0.00 0.00 
0.00 0.00 0.00 0.00 0.00 0.00 0.00 0.00 0.00 0.00 0.00 0.00 0.00 0.00 0.00 0.00 0.00 0.00 0.00 0.00 
0.00 0.00 0.00 0.00 0.00 0.00 0.00 0.00 0.00 0.00 0.00 0.00 0.00 0.00 0.00 0.00 0.00 0.00 0.00 0.00 
0.00 0.00 0.00 0.00 0.00 0.00 0.00 0.00 0.00 0.00 0.00 0.00 0.00 0.00 0.00 0.00 0.00 0.00 0.00 0.00 
0.00 0.00 0.00 0.00 0.00 0.00 0.00 0.00 0.00 0.00 0.00 0.00 0.00 0.00 0.00 0.00 0.00 0.00 0.00 0.00 
0.00 0.00 0.00 0.00 0.00 0.00 0.00 0.00 0.00 0.00 0.00 0.00 0.00 0.00 0.00 0.00 0.00 0.00 0.00 0.00 
0.00 0.00 0.00 0.00 0.00 0.00 0.00 0.00 0.00 0.00 0.00 0.00 0.00 0.00 0.00 0.00 0.00 0.00 0.00 0.00 
0.00 0.00 0.00 0.00 0.00 0.00 0.00 0.00 0.00 0.00 0.00 0.00 0.00 0.00 0.00 0.00 0.00 0.00 0.00 0.00 
0.00 0.00 0.00 0.00 0.00 0.00 0.00 0.00 0.00 0.00 0.00 0.00 0.00 0.00 0.00 0.00 0.00 0.00 0.00 0.00 
0.00 0.00 0.00 0.00 0.00 0.00 0.00 0.00 0.00 0.00 0.00 0.00 0.00 0.00 0.00 0.00 0.00 0.00 0.00 0.00 
0.00 0.00 0.00 0.00 0.00 0.00 0.00 0.00 0.00 0.00 0.00 0.00 0.00 0.00 0.00 0.00 0.00 0.00 0.00 0.00 
0.00 0.00 0.00 0.00 0.00 0.00 0.00 0.00 0.00 0.00 0.00 0.00 0.00 0.00 0.00 0.00 0.00 0.00 0.00 0.00 
0.00 0.00 0.00 0.00 0.00 0.00 0.00 0.00 0.00 0.00 0.00 0.00 0.00 0.00 0.00 0.00 0.00 0.00 0.00 0.00 
0.00 0.00 0.00 0.00 0.00 0.00 0.00 0.00 0.00 0.00 0.00 0.00 0.00 0.00 0.00 0.00 0.00 0.00 0.00 0.00 
0.00 0.00 0.00 0.00 0.00 0.00 0.00 0.00 0.00 0.00 0.00 0.00 0.00 0.00 0.00 0.00 0.00 0.00 0.00 0.00 
0.00 0.00 0.00 0.00 0.00 0.00 0.00 0.00 0.00 0.00 0.00 0.00 0.00 0.00 0.00 0.00 0.00 0.00 0.00 0.00 
0.00 0.00 0.00 0.00 0.00 0.00 0.00 0.00 0.00 0.00 0.00 0.00 0.00 0.00 0.00 0.00 0.00 0.00 0.00 0.00 
0.00 0.00 0.00 0.00 0.00 0.00 0.00 0.00 0.00 0.00 0.00 0.00 0.00 0.00 0.00 0.00 0.00 0.00 0.00 0.00 
0.00 0.00 0.00 0.00 0.00 0.00 0.00 0.00 0.00 0.00 0.00 0.00 0.00 0.00 0.00 0.00 0.00 0.00 0.00 0.00 
0.00 0.00 0.00 0.00 0.00 0.00 0.00 0.00 0.00 0.00 0.00 0.00 0.00 0.00 0.00 0.00 0.00 0.00 0.00 0.00 
0.00 0.00 0.00 0.00 0.00 0.00 0.00 0.00 0.00 0.00 0.00 0.00 0.00 0.00 0.00 0.00 0.00 0.00 0.00 0.00 
0.00 0.00 0.00 0.00 0.00 0.00 0.00 0.00 0.00 0.00 0.00 0.00 0.00 0.00 0.00 0.00 0.00 0.00 0.00 0.00 
0.00 0.00 0.00 0.00 0.00 0.00 0.00 0.00 0.00 0.00 0.00 0.00 0.00 0.00 0.00 0.00 0.00 0.00 0.00 0.00 
0.00 0.00 0.00 0.00 0.00 0.00 0.00 0.00 0.00 0.00 0.00 0.00 0.00 0.00 0.00 0.00 0.00 0.00 0.00 0.00 
0.00 0.00 0.00 0.00 0.00 0.00 0.00 0.00 0.00 0.00 0.00 0.00 0.00 0.00 0.00 0.00 0.00 0.00 0.00 0.00 
0.00 0.00 0.00 0.00 0.00 0.00 0.00 0.00 0.00 0.00 0.00 0.00 0.00 0.00 0.00 0.00 0.00 0.00 0.00 0.00 
0.00 0.00 0.00 0.00 0.00 0.00 0.00 0.00 0.00 0.00 0.00 0.00 0.00 0.00 0.00 0.00 0.00 0.00 0.00 0.00 
0.00 0.00 0.00 0.00 0.00 0.00 0.00 0.00 0.00 0.00 0.00 0.00 0.00 0.00 0.00 0.00 0.00 0.00 0.00 0.00 
0.00 0.00 0.00 0.00 0.00 0.00 0.00 0.00 0.00 0.00 0.00 0.00 0.00 0.00 0.00 0.00 0.00 0.00 0.00 0.00 
0.00 0.00 0.00 0.00 0.00 0.00 0.00 0.00 0.00 0.00 0.00 0.00 0.00 0.00 0.00 0.00 0.00 0.00 0.00 0.00 
0.00 0.00 0.00 0.00 0.00 0.00 0.00 0.00 0.00 0.00 0.00 0.00 0.00 0.00 0.00 0.00 0.00 0.00 0.00 0.00 
0.00 0.00 0.00 0.00 0.00 0.00 0.00 0.00 0.00 0.00 0.00 0.00 0.00 0.00 0.00 0.00 0.00 0.00 0.00 0.00 
0.00 0.00 0.00 0.00 0.00 0.00 0.00 0.00 0.00 0.00 0.00 0.00 0.00 0.00 0.00 0.00 0.00 0.00 0.00 0.00 
0.00 0.00 0.00 0.00 0.00 0.00 0.00 0.00 0.00 0.00 0.00 0.00 0.00 0.00 0.00 0.00 0.00 0.00 0.00 0.00 
0.00 0.00 0.00 0.00 0.00 0.00 0.00 0.00 0.00 0.00 0.00 0.00 0.00 0.00 0.00 0.00 0.00 0.00 0.00 0.00 
0.00 0.00 0.00 0.00 0.00 0.00 0.00 0.00 0.00 0.00 0.00 0.00 0.00 0.00 0.00 0.00 0.00 0.00 0.00 0.00 
0.00 0.00 0.00 0.00 0.00 0.00 0.00 0.00 0.00 0.00 0.00 0.00 0.00 0.00 0.00 0.00 0.00 0.00 0.00 0.00 
0.00 0.00 0.00 0.00 0.00 0.00 0.00 0.00 0.00 0.00 0.00 0.00 0.00 0.00 0.00 0.00 0.00 0.00 0.00 0.00 
0.00 0.00 0.00 0.00 0.00 0.00 0.00 0.00 0.00 0.00 0.00 0.00 0.00 0.00 0.00 0.00 0.00 0.00 0.00 0.00 
0.00 0.00 0.00 0.00 0.00 0.00 0.00 0.00 0.00 0.00 0.00 0.00 0.00 0.00 0.00 0.00 0.00 0.00 0.00 0.00 
0.00 0.00 0.00 0.00 0.00 0.00 0.00 0.00 0.00 0.00 0.00 0.00 0.00 0.00 0.00 0.00 0.00 0.00 0.00 0.00 
0.00 0.00 0.00 0.00 0.00 0.00 0.00 0.00 0.00 0.00 0.00 0.00 0.00 0.00 0.00 0.00 0.00 0.00 0.00 0.00 
0.00 0.00 0.00 0.00 0.00 0.00 0.00 0.00 0.00 0.00 0.00 0.00 0.00 0.00 0.00 0.00 0.00 0.00 0.00 0.00 
0.00 0.00 0.00 0.00 0.00 0.00 0.00 0.00 0.00 0.00 0.00 0.00 0.00 0.00 0.00 0.00 0.00 0.00 0.00 0.00 
0.00 0.00 0.00 0.00 0.00 0.00 0.00 0.00 0.00 0.00 0.00 0.00 0.00 0.00 0.00 0.00 0.00 0.00 0.00 0.00 
0.00 0.00 0.00 0.00 0.00 0.00 0.00 0.00 0.00 0.00 0.00 0.00 0.00 0.00 0.00 0.00 0.00 0.00 0.00 0.00 
0.00 0.00 0.00 0.00 0.00 0.00 0.00 0.00 0.00 0.00 0.00 0.00 0.00 0.00 0.00 0.00 0.00 0.00 0.00 0.00 
0.00 0.00 0.00 0.00 0.00 0.00 0.00 0.00 0.00 0.00 0.00 0.00 0.00 0.00 0.00 0.00 0.00 0.00 0.00 0.00 
0.00 0.00 0.00 0.00 0.00 0.00 0.00 0.00 0.00 0.00 0.00 0.00 0.00 0.00 0.00 0.00 0.00 0.00 0.00 0.00 
0.00 0.00 0.00 0.00 0.00 0.00 0.00 0.00 0.00 0.00 0.00 0.00 0.00 0.00 0.00 0.00 0.00 0.00 0.00 0.00 
0.00 0.00 0.00 0.00 0.00 0.00 0.00 0.00 0.00 0.00 0.00 0.00 0.00 0.00 0.00 0.00 0.00 0.00 0.00 0.00 
0.00 0.00 0.00 0.00 0.00 0.00 0.00 0.00 0.00 0.00 0.00 0.00 0.00 0.00 0.00 0.00 0.00 0.00 0.00 0.00 
0.00 0.00 0.00 0.00 0.00 0.00 0.00 0.00 0.00 0.00 0.00 0.00 0.00 0.00 0.00 0.00 0.00 0.00 0.00 0.00 
0.00 0.00 0.00 0.00 0.00 0.00 0.00 0.00 0.00 0.00 0.00 0.00 0.00 0.00 0.00 0.00 0.00 0.00 0.00 0.00 
0.00 0.00 0.00 0.00 0.00 0.00 0.00 0.00 0.00 0.00 0.00 0.00 0.00 0.00 0.00 0.00 0.00 0.00 0.00 0.00 
0.00 0.00 0.00 0.00 0.00 0.00 0.00 0.00 0.00 0.00 0.00 0.00 0.00 0.00 0.00 0.00 0.00 0.00 0.00 0.00 
0.00 0.00 0.00 0.00 0.00 0.00 0.00 0.00 0.00 0.00 0.00 0.00 0.00 0.00 0.00 0.00 0.00 0.00 0.00 0.00 
0.00 0.00 0.00 0.00 0.00 0.00 0.00 0.00 0.00 0.00 0.00 0.00 0.00 0.00 0.00 0.00 0.00 0.00 0.00 0.00 
0.00 0.00 0.00 0.00 0.00 0.00 0.00 0.00 0.00 0.00 0.00 0.00 0.00 0.00 0.00 0.00 0.00 0.00 0.00 0.00 
0.00 0.00 0.00 0.00 0.00 0.00 0.00 0.00 0.00 0.00 0.00 0.00 0.00 0.00 0.00 0.00 0.00 0.00 0.00 0.00 
0.00 0.00 0.00 0.00 0.00 0.00 0.00 0.00 0.00 0.00 0.00 0.00 0.00 0.00 0.00 0.00 0.00 0.00 0.00 0.00 
0.00 0.00 0.00 0.00 0.00 0.00 0.00 0.00 0.00 0.00 0.00 0.00 0.00 0.00 0.00 0.00 0.00 0.00 0.00 0.00 
0.00 0.00 0.00 0.00 0.00 0.00 0.00 0.00 0.00 0.00 0.00 0.00 0.00 0.00 0.00 0.00 0.00 0.00 0.00 0.00 
0.00 0.00 0.00 0.00 0.00 0.00 0.00 0.00 0.00 0.00 0.00 0.00 0.00 0.00 0.00 0.00 0.00 0.00 0.00 0.00 
0.00 0.00 0.00 0.00 0.00 0.00 0.00 0.00 0.00 0.00 0.00 0.00 0.00 0.00 0.00 0.00 0.00 0.00 0.00 0.00 
0.00 0.00 0.00 0.00 0.00 0.00 0.00 0.00 0.00 0.00 0.00 0.00 0.00 0.00 0.00 0.00 0.00 0.00 0.00 0.00 
0.00 0.00 0.00 0.00 0.00 0.00 0.00 0.00 0.00 0.00 0.00 0.00 0.00 0.00 0.00 0.00 0.00 0.00 0.00 0.00 
0.00 0.00 0.00 0.00 0.00 0.00 0.00 0.00 0.00 0.00 0.00 0.00 0.00 0.00 0.00 0.00 0.00 0.00 0.00 0.00 
0.00 0.00 0.00 0.00 0.00 0.00 0.00 0.00 0.00 0.00 0.00 0.00 0.00 0.00 0.00 0.00 0.00 0.00 0.00 0.00 
0.00 0.00 0.00 0.00 0.00 0.00 0.00 0.00 0.00 0.00 0.00 0.00 0.00 0.00 0.00 0.00 0.00 0.00 0.00 0.00 
0.00 0.00 0.00 0.00 0.00 0.00 0.00 0.00 0.00 0.00 0.00 0.00 0.00 0.00 0.00 0.00 0.00 0.00 0.00 0.00 
0.00 0.00 0.00 0.00 0.00 0.00 0.00 0.00 0.00 0.00 0.00 0.00 0.00 0.00 0.00 0.00 0.00 0.00 0.00 0.00 
0.00 0.00 0.00 0.00 0.00 0.00 0.00 0.00 0.00 0.00 0.00 0.00 0.00 0.00 0.00 0.00 0.00 0.00 0.00 0.00 
0.00 0.00 0.00 0.00 0.00 0.00 0.00 0.00 0.00 0.00 0.00 0.00 0.00 0.00 0.00 0.00 0.00 0.00 0.00 0.00 
0.00 0.00 0.00 0.00 0.00 0.00 0.00 0.00 0.00 0.00 0.00 0.00 0.00 0.00 0.00 0.00 0.00 0.00 0.00 0.00 
0.00 0.00 0.00 0.00 0.00 0.00 0.00 0.00 0.00 0.00 0.00 0.00 0.00 0.00 0.00 0.00 0.00 0.00 0.00 0.00 
0.00 0.00 0.00 0.00 0.00 0.00 0.00 0.00 0.00 0.00 0.00 0.00 0.00 0.00 0.00 0.00 0.00 0.00 0.00 0.00 
0.00 0.00 0.00 0.00 0.00 0.00 0.00 0.00 0.00 0.00 0.00 0.00 0.00 0.00 0.00 0.00 0.00 0.00 0.00 0.00 
0.00 0.00 0.00 0.00 0.00 0.00 0.00 0.00 0.00 0.00 0.00 0.00 0.00 0.00 0.00 0.00 0.00 0.00 0.00 0.00 
0.00 0.00 0.00 0.00 0.00 0.00 0.00 0.00 0.00 0.00 0.00 0.00 0.00 0.00 0.00 0.00 0.00 0.00 0.00 0.00 
0.00 0.00 0.00 0.00 0.00 0.00 0.00 0.00 0.00 0.00 0.00 0.00 0.00 0.00 0.00 0.00 0.00 0.00 0.00 0.00 
0.00 0.00 0.00 0.00 0.00 0.00 0.00 0.00 0.00 0.00 0.00 0.00 0.00 0.00 0.00 0.00 0.00 0.00 0.00 0.00 
0.00 0.00 0.00 0.00 0.00 0.00 0.00 0.00 0.00 0.00 0.00 0.00 0.00 0.00 0.00 0.00 0.00 0.00 0.00 0.00 
0.00 0.00 0.00 0.00 0.00 0.00 0.00 0.00 0.00 0.00 0.00 0.00 0.00 0.00 0.00 0.00 0.00 0.00 0.00 0.00 
0.00 0.00 0.00 0.00 0.00 0.00 0.00 0.00 0.00 0.00 0.00 0.00 0.00 0.00 0.00 0.00 0.00 0.00 0.00 0.00 
0.00 0.00 0.00 0.00 0.00 0.00 0.00 0.00 0.00 0.00 0.00 0.00 0.00 0.00 0.00 0.00 0.00 0.00 0.00 0.00 
0.00 0.00 0.00 0.00 0.00 0.00 0.00 0.00 0.00 0.00 0.00 0.00 0.00 0.00 0.00 0.00 0.00 0.00 0.00 0.00 
0.00 0.00 0.00 0.00 0.00 0.00 0.00 0.00 0.00 0.00 0.00 0.00 0.00 0.00 0.00 0.00 0.00 0.00 0.00 0.00 
0.00 0.00 0.00 0.00 0.00 0.00 0.00 0.00 0.00 0.00 0.00 0.00 0.00 0.00 0.00 0.00 0.00 0.00 0.00 0.00 
0.00 0.00 0.00 0.00 0.00 0.00 0.00 0.00 0.00 0.00 0.00 0.00 0.00 0.00 0.00 0.00 0.00 0.00 0.00 0.00 
0.00 0.00 0.00 0.00 0.00 0.00 0.00 0.00 0.00 0.00 0.00 0.00 0.00 0.00 0.00 0.00 0.00 0.00 0.00 0.00 
0.00 0.00 0.00 0.00 0.00 0.00 0.00 0.00 0.00 0.00 0.00 0.00 0.00 0.00 0.00 0.00 0.00 0.00 0.00 0.00 
0.00 0.00 0.00 0.00 0.00 0.00 0.00 0.00 0.00 0.00 0.00 0.00 0.00 0.00 0.00 0.00 0.00 0.00 0.00 0.00 
0.00 0.00 0.00 0.00 0.00 0.00 0.00 0.00 0.00 0.00 0.00 0.00 0.00 0.00 0.00 0.00 0.00 0.00 0.00 0.00 
0.00 0.00 0.00 0.00 0.00 0.00 0.00 0.00 0.00 0.00 0.00 0.00 0.00 0.00 0.00 0.00 0.00 0.00 0.00 0.00 
0.00 0.00 0.00 0.00 0.00 0.00 0.00 0.00 0.00 0.00 0.00 0.00 0.00 0.00 0.00 0.00 0.00 0.00 0.00 0.00 
0.00 0.00 0.00 0.00 0.00 0.00 0.00 0.00 0.00 0.00 0.00 0.00 0.00 0.00 0.00 0.00 0.00 0.00 0.00 0.00 
0.00 0.00 0.00 0.00 0.00 0.00 0.00 0.00 0.00 0.00 0.00 0.00 0.00 0.00 0.00 0.00 0.00 0.00 0.00 0.00 
0.00 0.00 0.00 0.00 0.00 0.00 0.00 0.00 0.00 0.00 0.00 0.00 0.00 0.00 0.00 0.00 0.00 0.00 0.00 0.00 
0.00 0.00 0.00 0.00 0.00 0.00 0.00 0.00 0.00 0.00 0.00 0.00 0.00 0.00 0.00 0.00 0.00 0.00 0.00 0.00 
0.00 0.00 0.00 0.00 0.00 0.00 0.00 0.00 0.00 0.00 0.00 0.00 0.00 0.00 0.00 0.00 0.00 0.00 0.00 0.00 
0.00 0.00 0.00 0.00 0.00 0.00 0.00 0.00 0.00 0.00 0.00 0.00 0.00 0.00 0.00 0.00 0.00 0.00 0.00 0.00 
0.00 0.00 0.00 0.00 0.00 0.00 0.00 0.00 0.00 0.00 0.00 0.00 0.00 0.00 0.00 0.00 0.00 0.00 0.00 0.00 
0.00 0.00 0.00 0.00 0.00 0.00 0.00 0.00 0.00 0.00 0.00 0.00 0.00 0.00 0.00 0.00 0.00 0.00 0.00 0.00 
0.00 0.00 0.00 0.00 0.00 0.00 0.00 0.00 0.00 0.00 0.00 0.00 0.00 0.00 0.00 0.00 0.00 0.00 0.00 0.00 
0.00 0.00 0.00 0.00 0.00 0.00 0.00 0.00 0.00 0.00 0.00 0.00 0.00 0.00 0.00 0.00 0.00 0.00 0.00 0.00 
0.00 0.00 0.00 0.00 0.00 0.00 0.00 0.00 0.00 0.00 0.00 0.00 0.00 0.00 0.00 0.00 0.00 0.00 0.00 0.00 
0.00 0.00 0.00 0.00 0.00 0.00 0.00 0.00 0.00 0.00 0.00 0.00 0.00 0.00 0.00 0.00 0.00 0.00 0.00 0.00 
0.00 0.00 0.00 0.00 0.00 0.00 0.00 0.00 0.00 0.00 0.00 0.00 0.00 0.00 0.00 0.00 0.00 0.00 0.00 0.00 
0.00 0.00 0.00 0.00 0.00 0.00 0.00 0.00 0.00 0.00 0.00 0.00 0.00 0.00 0.00 0.00 0.00 0.00 0.00 0.00 
0.00 0.00 0.00 0.00 0.00 0.00 0.00 0.00 0.00 0.00 0.00 0.00 0.00 0.00 0.00 0.00 0.00 0.00 0.00 0.00 
0.00 0.00 0.00 0.00 0.00 0.00 0.00 0.00 0.00 0.00 0.00 0.00 0.00 0.00 0.00 0.00 0.00 0.00 0.00 0.00 
0.00 0.00 0.00 0.00 0.00 0.00 0.00 0.00 0.00 0.00 0.00 0.00 0.00 0.00 0.00 0.00 0.00 0.00 0.00 0.00 
0.00 0.00 0.00 0.00 0.00 0.00 0.00 0.00 0.00 0.00 0.00 0.00 0.00 0.00 0.00 0.00 0.00 0.00 0.00 0.00 
0.00 0.00 0.00 0.00 0.00 0.00 0.00 0.00 0.00 0.00 0.00 0.00 0.00 0.00 0.00 0.00 0.00 0.00 0.00 0.00 
0.00 0.00 0.00 0.00 0.00 0.00 0.00 0.00 0.00 0.00 0.00 0.00 0.00 0.00 0.00 0.00 0.00 0.00 0.00 0.00 
0.00 0.00 0.00 0.00 0.00 0.00 0.00 0.00 0.00 0.00 0.00 0.00 0.00 0.00 0.00 0.00 0.00 0.00 0.00 0.00 
0.00 0.00 0.00 0.00 0.00 0.00 0.00 0.00 0.00 0.00 0.00 0.00 0.00 0.00 0.00 0.00 0.00 0.00 0.00 0.00 
0.00 0.00 0.00 0.00 0.00 0.00 0.00 0.00 0.00 0.00 0.00 0.00 0.00 0.00 0.00 0.00 0.00 0.00 0.00 0.00 
0.00 0.00 0.00 0.00 0.00 0.00 0.00 0.00 0.00 0.00 0.00 0.00 0.00 0.00 0.00 0.00 0.00 0.00 0.00 0.00 
0.00 0.00 0.00 0.00 0.00 0.00 0.00 0.00 0.00 0.00 0.00 0.00 0.00 0.00 0.00 0.00 0.00 0.00 0.00 0.00 
0.00 0.00 0.00 0.00 0.00 0.00 0.00 0.00 0.00 0.00 0.00 0.00 0.00 0.00 0.00 0.00 0.00 0.00 0.00 0.00 
0.00 0.00 0.00 0.00 0.00 0.00 0.00 0.00 0.00 0.00 0.00 0.00 0.00 0.00 0.00 0.00 0.00 0.00 0.00 0.00 
0.00 0.00 0.00 0.00 0.00 0.00 0.00 0.00 0.00 0.00 0.00 0.00 0.00 0.00 0.00 0.00 0.00 0.00 0.00 0.00 
0.00 0.00 0.00 0.00 0.00 0.00 0.00 0.00 0.00 0.00 0.00 0.00 0.00 0.00 0.00 0.00 0.00 0.00 0.00 0.00 
0.00 0.00 0.00 0.00 0.00 0.00 0.00 0.00 0.00 0.00 0.00 0.00 0.00 0.00 0.00 0.00 0.00 0.00 0.00 0.00 
0.00 0.00 0.00 0.00 0.00 0.00 0.00 0.00 0.00 0.00 0.00 0.00 0.00 0.00 0.00 0.00 0.00 0.00 0.00 0.00 
0.00 0.00 0.00 0.00 0.00 0.00 0.00 0.00 0.00 0.00 0.00 0.00 0.00 0.00 0.00 0.00 0.00 0.00 0.00 0.00 
0.00 0.00 0.00 0.00 0.00 0.00 0.00 0.00 0.00 0.00 0.00 0.00 0.00 0.00 0.00 0.00 0.00 0.00 0.00 0.00 
0.00 0.00 0.00 0.00 0.00 0.00 0.00 0.00 0.00 0.00 0.00 0.00 0.00 0.00 0.00 0.00 0.00 0.00 0.00 0.00 
0.00 0.00 0.00 0.00 0.00 0.00 0.00 0.00 0.00 0.00 0.00 0.00 0.00 0.00 0.00 0.00 0.00 0.00 0.00 0.00 
0.00 0.00 0.00 0.00 0.00 0.00 0.00 0.00 0.00 0.00 0.00 0.00 0.00 0.00 0.00 0.00 0.00 0.00 0.00 0.00 
0.00 0.00 0.00 0.00 0.00 0.00 0.00 0.00 0.00 0.00 0.00 0.00 0.00 0.00 0.00 0.00 0.00 0.00 0.00 0.00 
0.00 0.00 0.00 0.00 0.00 0.00 0.00 0.00 0.00 0.00 0.00 0.00 0.00 0.00 0.00 0.00 0.00 0.00 0.00 0.00 
0.00 0.00 0.00 0.00 0.00 0.00 0.00 0.00 0.00 0.00 0.00 0.00 0.00 0.00 0.00 0.00 0.00 0.00 0.00 0.00 
0.00 0.00 0.00 0.00 0.00 0.00 0.00 0.00 0.00 0.00 0.00 0.00 0.00 0.00 0.00 0.00 0.00 0.00 0.00 0.00 
end   dump: w
==END   DUMP_ARRAYS==
==BEGIN DUMP_ARRAYS==
begin dump: w
7826.65 469474688.00 516204352.00 594681536.00 680388544.00 769647296.00 860609536.00 952443200.00 1044177600.00 1137362688.00 1229572480.00 1323211648.00 1416272128.00 1509830528.00 1603029120.00 1696391296.00 1789136640.00 1883752704.00 1977394304.00 2070903168.00 
2163428096.00 2258586368.00 2352115200.00 2446140672.00 2539232512.00 2631790336.00 2727219968.00 2821023488.00 2914683136.00 3008959744.00 3101863680.00 3195753472.00 3287936000.00 3383887104.00 3477812992.00 3571380224.00 3665185792.00 3759280640.00 3853105664.00 3947044864.00 
4038202368.00 4134809856.00 4228589568.00 4321567744.00 4416460288.00 4510208512.00 4604627456.00 4697908736.00 4790866432.00 4885846528.00 4976270848.00 5073536512.00 5167588864.00 5261540352.00 5355014656.00 5449010688.00 5542629376.00 5636945408.00 5731492352.00 5825081856.00 
5917441536.00 6012424704.00 6106226176.00 6201222144.00 6292240896.00 6387905024.00 6481980416.00 6576036864.00 6669892096.00 6764606976.00 6857063424.00 6951235072.00 7045146624.00 7139684864.00 7232988672.00 7325618176.00 7421127680.00 7515494400.00 7608999424.00 7703018496.00 
7791313920.00 7890806784.00 7984637440.00 8078634496.00 8172364288.00 8265833472.00 8359827456.00 8455254528.00 8547814912.00 8642565120.00 8735520768.00 8830473216.00 8923872256.00 9015713792.00 9111657472.00 9205184512.00 9297403904.00 9393458176.00 9487439872.00 9581142016.00 
9668222976.00 9768973312.00 9862916096.00 9956688896.00 10050511872.00 10144297984.00 10238687232.00 10332675072.00 10425765888.00 10520480768.00 10613712896.00 10707705856.00 10801189888.00 10896630784.00 10989798400.00 11083730944.00 11178030080.00 11271711744.00 11365948416.00 11459650560.00 
11550875648.00 11647225856.00 11741365248.00 11835080704.00 11928947712.00 12014208000.00 12117414912.00 12212470784.00 12302749696.00 12395927552.00 12492273664.00 12586620928.00 12680455168.00 12774350848.00 12868554752.00 12962174976.00 13055851520.00 13150515200.00 13245638656.00 13338446848.00 
13430700032.00 13525817344.00 13619573760.00 13714631680.00 13806737408.00 13901370368.00 13995796480.00 14089314304.00 14182467584.00 14277662720.00 14367833088.00 14465748992.00 14558700544.00 14652515328.00 14747704320.00 14840594432.00 14934662144.00 15028992000.00 15122646016.00 15216586752.00 
15299304448.00 15404520448.00 15498368000.00 15592153088.00 15686023168.00 15779957760.00 15873874944.00 15968529408.00 16061466624.00 16154629120.00 16249030656.00 16343763968.00 16437165056.00 16531401728.00 16627357696.00 16717795328.00 16812314624.00 16908032000.00 17001243648.00 17094834176.00 
17187659776.00 17283115008.00 17377814528.00 17470359552.00 17564336128.00 17658499072.00 17751517184.00 17846495232.00 17940191232.00 18034446336.00 18127257600.00 18222469120.00 18314006528.00 18410143744.00 18503933952.00 18597216256.00 18691555328.00 18785622016.00 18879141888.00 18973042688.00 
19053514752.00 19161229312.00 19254982656.00 19349340160.00 19442993152.00 19536455680.00 19630858240.00 19725076480.00 19817881600.00 19912871936.00 20005730304.00 20101226496.00 20194514944.00 20288501760.00 20382513152.00 20475985920.00 20569585664.00 20664356864.00 20757989376.00 20851943424.00 
20944637952.00 21040207872.00 21132591104.00 21228341248.00 21319647232.00 21413986304.00 21509707776.00 21603555328.00 21697200128.00 21791391744.00 21884672000.00 21979068416.00 22072713216.00 22166149120.00 22260692992.00 22353606656.00 22449074176.00 22542764032.00 22636507136.00 22730774528.00 
22818998272.00 22918791168.00 23012292608.00 23106562048.00 23200092160.00 23294162944.00 23387965440.00 23482136576.00 23575265280.00 23669569536.00 23746074624.00 23858073600.00 23951757312.00 24045639680.00 24140144640.00 24233099264.00 24325226496.00 24421244928.00 24513699840.00 24609826816.00 
24701769728.00 24797196288.00 24890634240.00 24984756224.00 25078224896.00 25172224000.00 25266020352.00 25361754112.00 25454579712.00 25548474368.00 25641777152.00 25736079360.00 25829187584.00 25924513792.00 26018588672.00 26110210048.00 26206404608.00 26299891712.00 26393782272.00 26487021568.00 
26578835456.00 26675683328.00 26769260544.00 26863288320.00 26956802048.00 27050330112.00 27146688512.00 27239747584.00 27330988032.00 27427055616.00 27520342016.00 27615139840.00 27708608512.00 27802875904.00 27896360960.00 27990142976.00 28083570688.00 28178503680.00 28272349184.00 28366100480.00 
28453132288.00 28553945088.00 28648087552.00 28741236736.00 28834721792.00 28929302528.00 29023180800.00 29117044736.00 29213046784.00 29305729024.00 29398949888.00 29493356544.00 29586767872.00 29681131520.00 29775267840.00 29868877824.00 29963026432.00 30056902656.00 30150877184.00 30244542464.00 
30327457792.00 30432919552.00 30526447616.00 30620606464.00 30714021888.00 30806642688.00 30902110208.00 30996140032.00 31089647616.00 31183589376.00 31277207552.00 31371587584.00 31465154560.00 31557877760.00 31654502400.00 31747649536.00 31840653312.00 31935860736.00 32028782592.00 32124880896.00 
32215891968.00 32311058432.00 32404918272.00 32499439616.00 32592371712.00 32686694400.00 32780640256.00 32874530816.00 32969379840.00 33063225344.00 33153011712.00 33250619392.00 33342124032.00 33439537152.00 33532497920.00 33625702400.00 33719781376.00 33813874688.00 33907697664.00 34002280448.00 
34092847104.00 34189445120.00 34283282432.00 34376286208.00 34473349120.00 34565627904.00 34659278848.00 34753622016.00 34846265344.00 34940878848.00 35034394624.00 35129028608.00 35222224896.00 35316867072.00 35410722816.00 35495768064.00 35598049280.00 35692466176.00 35786444800.00 35880361984.00 
35972812800.00 36072603648.00 36162129920.00 36256522240.00 36347809792.00 36443607040.00 36537896960.00 36630810624.00 36725452800.00 36819701760.00 36912742400.00 37007589376.00 37100695552.00 37195177984.00 37289074688.00 37382684672.00 37476601856.00 37570826240.00 37664378880.00 37757849600.00 
37824663552.00 37947478016.00 38040858624.00 38134874112.00 38228336640.00 38322106368.00 38416445440.00 38510432256.00 38603665408.00 38698299392.00 38791315456.00 38886227968.00 38979772416.00 39073722368.00 39168184320.00 39261442048.00 39353511936.00 39449690112.00 39543619584.00 39637184512.00 
39729913856.00 39820492800.00 39919349760.00 40013197312.00 40106582016.00 40199274496.00 40294940672.00 40388784128.00 40482529280.00 40576970752.00 40669958144.00 40764502016.00 40857350144.00 40952684544.00 41046269952.00 41140088832.00 41233866752.00 41328283648.00 41421901824.00 41515343872.00 
41607028736.00 41703620608.00 41797488640.00 41891217408.00 41982918656.00 42081280000.00 42174205952.00 42267815936.00 42359455744.00 42455855104.00 42545872896.00 42643234816.00 42737004544.00 42831138816.00 42924851200.00 43018620928.00 43112300544.00 43206262784.00 43300392960.00 43393089536.00 
43487100928.00 43582160896.00 43676450816.00 43770384384.00 43863138304.00 43957432320.00 44051578880.00 44145545216.00 44239536128.00 44333752320.00 44426629120.00 44522270720.00 44615237632.00 44709539840.00 44803362816.00 44895719424.00 44990869504.00 45085073408.00 45179305984.00 45273014272.00 
45355806720.00 45460717568.00 45554876416.00 45648740352.00 45742440448.00 45836800000.00 45930835968.00 46024527872.00 46118088704.00 46212526080.00 46305669120.00 46400131072.00 46493876224.00 46588051456.00 46681755648.00 46775463936.00 46868496384.00 46963257344.00 47057063936.00 47150276608.00 
47210487808.00 47340883968.00 47434022912.00 47528275968.00 47621115904.00 47715151872.00 47809167360.00 47902834688.00 47997198336.00 48090775552.00 48184229888.00 48278773760.00 48370520064.00 48467050496.00 48560562176.00 48654168064.00 48747548672.00 48841818112.00 48936476672.00 49030266880.00 
49121320960.00 49217712128.00 49312501760.00 49405784064.00 49499627520.00 49592020992.00 49687556096.00 49781788672.00 49874456576.00 49969352704.00 50062614528.00 50157363200.00 50250764288.00 50343948288.00 50439573504.00 50532876288.00 50626506752.00 50720952320.00 50814582784.00 50908135424.00 
51001208832.00 51096682496.00 51190374400.00 51284480000.00 51376132096.00 51471626240.00 51566534656.00 51659444224.00 51754123264.00 51846209536.00 51938447360.00 52035784704.00 52129615872.00 52224069632.00 52317634560.00 52411142144.00 52505313280.00 52599652352.00 52692881408.00 52787064832.00 
52875509760.00 52975132672.00 53069279232.00 53162921984.00 53256380416.00 53350420480.00 53444288512.00 53538340864.00 53631619072.00 53725663232.00 53818572800.00 53910007808.00 54011359232.00 54103199744.00 54196969472.00 54288818176.00 54382235648.00 54478430208.00 54572068864.00 54666178560.00 
54758592512.00 54853361664.00 54947782656.00 55041921024.00 55135096832.00 55229140992.00 55323561984.00 55417274368.00 55510740992.00 55605243904.00 55698345984.00 55793065984.00 55885697024.00 55981150208.00 56074653696.00 56168312832.00 56262557696.00 56355188736.00 56450224128.00 56544120832.00 
56624263168.00 56732307456.00 56826052608.00 56920121344.00 57013858304.00 57107509248.00 57200463872.00 57295450112.00 57387552768.00 57483956224.00 57576767488.00 57671454720.00 57765027840.00 57859166208.00 57952866304.00 58045575168.00 58141474816.00 58235277312.00 58329026560.00 58422784000.00 
58515636224.00 58610458624.00 58704441344.00 58798702592.00 58891448320.00 58977792000.00 59080458240.00 59174318080.00 59268091904.00 59362193408.00 59455483904.00 59549626368.00 59644067840.00 59738185728.00 59831717888.00 59925721088.00 60019453952.00 60113481728.00 60207415296.00 60301303808.00 
60384133120.00 60489375744.00 60583727104.00 60677275648.00 60770820096.00 60864110592.00 60958937088.00 61052583936.00 61146161152.00 61240721408.00 61331189760.00 61428240384.00 61522276352.00 61615820800.00 61710221312.00 61803970560.00 61897072640.00 61991665664.00 62085627904.00 62179495936.00 
62272290816.00 62367428608.00 62461190144.00 62555176960.00 62648295424.00 62741831680.00 62833623040.00 62939217920.00 63027089408.00 63120498688.00 63213371392.00 63307763712.00 63399374848.00 63495487488.00 63589306368.00 63681380352.00 63776550912.00 63871205376.00 63965548544.00 64058699776.00 
64149934080.00 64246755328.00 64340381696.00 64435171328.00 64528117760.00 64621899776.00 64716328960.00 64810196992.00 64902918144.00 64998174720.00 65091497984.00 65186000896.00 65279451136.00 65373536256.00 65467359232.00 65561030656.00 65655324672.00 65749569536.00 65843490816.00 65936891904.00 
66024046592.00 66124816384.00 66218930176.00 66312843264.00 66404503552.00 66500157440.00 66597220352.00 66688905216.00 66782535680.00 66876596224.00 66969702400.00 67063955456.00 67157688320.00 67252137984.00 67345764352.00 67439751168.00 67533725696.00 67628167168.00 67722829824.00 67815657472.00 
67903995904.00 68003422208.00 68097343488.00 68191346688.00 68285018112.00 68377276416.00 68472549376.00 68564275200.00 68661563392.00 68755316736.00 68848500736.00 68942913536.00 69036556288.00 69130919936.00 69224587264.00 69318377472.00 69410258944.00 69506785280.00 69600198656.00 69694054400.00 
69786705920.00 69882486784.00 69976096768.00 70069886976.00 70163161088.00 70257451008.00 70351568896.00 70445768704.00 70539386880.00 70632898560.00 70709731328.00 70821699584.00 70914318336.00 71009394688.00 71103102976.00 71196803072.00 71290789888.00 71385153536.00 71478779904.00 71572799488.00 
71663910912.00 71760494592.00 71856594944.00 71948107776.00 72042045440.00 72136007680.00 72231018496.00 72324071424.00 72415879168.00 72511537152.00 72605417472.00 72699830272.00 72793939968.00 72887566336.00 72981061632.00 73073999872.00 73168838656.00 73263448064.00 73357557760.00 73451307008.00 
73543802880.00 73638944768.00 73732931584.00 73826959360.00 73919791104.00 74014367744.00 74108477440.00 74202685440.00 74296287232.00 74390503424.00 74483482624.00 74578231296.00 74671439872.00 74765639680.00 74859462656.00 74953170944.00 75046928384.00 75141005312.00 75233935360.00 75326087168.00 
75367612416.00 75521400832.00 75613413376.00 75706695680.00 75800150016.00 75893768192.00 75988049920.00 76081479680.00 76175089664.00 76270526464.00 76362719232.00 76457549824.00 76550815744.00 76644442112.00 76738969600.00 76832727040.00 76925755392.00 77020643328.00 77114490880.00 77208608768.00 
77301112832.00 77396312064.00 77490380800.00 77584072704.00 77677813760.00 77770326016.00 77865893888.00 77959553024.00 78053875712.00 78147706880.00 78240940032.00 78335623168.00 78427381760.00 78523056128.00 78617591808.00 78711046144.00 78805123072.00 78898962432.00 78992990208.00 79086952448.00 
79178153984.00 79274762240.00 79366438912.00 79462932480.00 79556386816.00 79650209792.00 79744360448.00 79838183424.00 79931146240.00 80026443776.00 80116760576.00 80213581824.00 80307961856.00 80401965056.00 80495837184.00 80589520896.00 80682983424.00 80774406144.00 80872046592.00 80965591040.00 
81058283520.00 81153490944.00 81247264768.00 81341317120.00 81433026560.00 81529233408.00 81623498752.00 81717403648.00 81810743296.00 81904525312.00 81998512128.00 82092843008.00 82186158080.00 82280488960.00 82374459392.00 82459582464.00 82562088960.00 82655879168.00 82748989440.00 82844123136.00 
82932350976.00 83031875584.00 83125673984.00 83219505152.00 83313385472.00 83407339520.00 83501277184.00 83594969088.00 83687669760.00 83793764352.00 83877584896.00 83972161536.00 84065239040.00 84159381504.00 84253057024.00 84346880000.00 84438769664.00 84534747136.00 84629512192.00 84722704384.00 
84809695232.00 84910530560.00 85004541952.00 85098037248.00 85191860224.00 85286010880.00 85380218880.00 85474033664.00 85567692800.00 85659836416.00 85755338752.00 85849899008.00 85942640640.00 86037512192.00 86131212288.00 86225190912.00 86319112192.00 86413688832.00 86506438656.00 86601211904.00 
86692200448.00 86788808704.00 86882369536.00 86969679872.00 87071088640.00 87163314176.00 87258718208.00 87352795136.00 87444398080.00 87540432896.00 87633600512.00 87728291840.00 87821934592.00 87915782144.00 88010022912.00 88103550976.00 88197308416.00 88291901440.00 88385765376.00 88479629312.00 
88572190720.00 88665866240.00 88761753600.00 88855404544.00 88948326400.00 89043107840.00 89137242112.00 89231204352.00 89324945408.00 89418702848.00 89509339136.00 89606848512.00 89699713024.00 89795076096.00 89888571392.00 89982279680.00 90076332032.00 90170376192.00 90264420352.00 90358194176.00 
90440998912.00 90546225152.00 90639294464.00 90734698496.00 90827702272.00 90921377792.00 91015823360.00 91109343232.00 91202953216.00 91297374208.00 91390951424.00 91485347840.00 91579129856.00 91675549696.00 91767070720.00 91859222528.00 91953922048.00 92048908288.00 92143001600.00 92236414976.00 
92329246720.00 92424216576.00 92518203392.00 92612337664.00 92705783808.00 92799885312.00 92894019584.00 92986744832.00 93081616384.00 93175439360.00 93268983808.00 93363593216.00 93455130624.00 93551001600.00 93644709888.00 93738278912.00 93832126464.00 93925875712.00 94018445312.00 94109663232.00 
94138966016.00 94309015552.00 94399938560.00 94493024256.00 94586380288.00 94679728128.00 94773927936.00 94868201472.00 94960410624.00 95054553088.00 95148539904.00 95243853824.00 95336448000.00 95430934528.00 95524487168.00 95618555904.00 95712174080.00 95806849024.00 95900237824.00 95994109952.00 
96086769664.00 96181886976.00 96275841024.00 96369860608.00 96461602816.00 96555925504.00 96651599872.00 96745062400.00 96839303168.00 96933576704.00 97026596864.00 97121263616.00 97214365696.00 97309261824.00 97402683392.00 97496735744.00 97590640640.00 97681448960.00 97778843648.00 97873018880.00 
97960935424.00 98060435456.00 98153938944.00 98248073216.00 98342256640.00 98435883008.00 98529812480.00 98624176128.00 98717597696.00 98811879424.00 98902228992.00 98999664640.00 99093143552.00 99188293632.00 99281592320.00 99375382528.00 99467239424.00 99563716608.00 99657080832.00 99751403520.00 
99843719168.00 99938795520.00 100032798720.00 100126859264.00 100220190720.00 100314144768.00 100407984128.00 100503756800.00 100596588544.00 100690534400.00 100783759360.00 100878221312.00 100971167744.00 101065850880.00 101159985152.00 101252046848.00 101347500032.00 101443534848.00 101535424512.00 101629779968.00 
101720817664.00 101816688640.00 101911388160.00 102005161984.00 102099050496.00 102192930816.00 102286991360.00 102381092864.00 102472687616.00 102568116224.00 102661455872.00 102765248512.00 102851215360.00 102944768000.00 103038328832.00 103132430336.00 103226081280.00 103320576000.00 103413432320.00 103508197376.00 
103595163648.00 103696048128.00 103789805568.00 103883776000.00 103977000960.00 104071536640.00 104165736448.00 104259624960.00 104353406976.00 104447344640.00 104540561408.00 104632786944.00 104728911872.00 104823087104.00 104917172224.00 105010847744.00 105104637952.00 105198944256.00 105292480512.00 105386778624.00 
105469542400.00 105574498304.00 105668747264.00 105762660352.00 105856294912.00 105941622784.00 106044063744.00 106138017792.00 106231259136.00 106325712896.00 106419290112.00 106513768448.00 106607124480.00 106701561856.00 106795319296.00 106889101312.00 106982301696.00 107077353472.00 107170914304.00 107264819200.00 
107357282304.00 107452219392.00 107544920064.00 107654356992.00 107736129536.00 107829485568.00 107923079168.00 108017033216.00 108110774272.00 108204851200.00 108295020544.00 108392775680.00 108484190208.00 108580356096.00 108674449408.00 108767920128.00 108861890560.00 108955860992.00 109050470400.00 109143949312.00 
109235134464.00 109331619840.00 109425442816.00 109519978496.00 109613359104.00 109707051008.00 109801177088.00 109895589888.00 109988184064.00 110083088384.00 110176370688.00 110271250432.00 110364598272.00 110458757120.00 110552776704.00 110644977664.00 110739537920.00 110835073024.00 110928666624.00 111022743552.00 
111114952704.00 111210274816.00 111304417280.00 111397961728.00 111489818624.00 111584985088.00 111679823872.00 111773990912.00 111867469824.00 111961399296.00 112054943744.00 112149291008.00 112242958336.00 112338960384.00 112430522368.00 112524910592.00 112618725376.00 112712794112.00 112806559744.00 112900071424.00 
112966770688.00 113089527808.00 113183105024.00 113276346368.00 113370488832.00 113464434688.00 113558544384.00 113652482048.00 113745829888.00 113839947776.00 113933533184.00 114027274240.00 114121170944.00 114216214528.00 114309545984.00 114403459072.00 114495430656.00 114591129600.00 114685755392.00 114779348992.00 
114872016896.00 114967085056.00 115061014528.00 115155091456.00 115248545792.00 115341295616.00 115436814336.00 115531317248.00 115624435712.00 115718668288.00 115811409920.00 115908911104.00 115999850496.00 116094607360.00 116188200960.00 116282023936.00 116376018944.00 116470317056.00 116563574784.00 116658151424.00 
116749352960.00 116845871104.00 116939661312.00 117033746432.00 117127315456.00 117221244928.00 117315444736.00 117409218560.00 117500985344.00 117597028352.00 117673639936.00 117785403392.00 117879013376.00 117972033536.00 118066913280.00 118160859136.00 118254321664.00 118348308480.00 118442442752.00 118536503296.00 
118629220352.00 118724452352.00 118818062336.00 118910689280.00 119005356032.00 119099899904.00 119194001408.00 119288135680.00 119381540864.00 119475953664.00 119569137664.00 119663403008.00 119756873728.00 119852048384.00 119945404416.00 120037588992.00 120133148672.00 120227536896.00 120320892928.00 120415248384.00 
120497610752.00 120603033600.00 120696619008.00 120789139456.00 120884781056.00 120978243584.00 121072869376.00 121166397440.00 121259761664.00 121354117120.00 121447161856.00 121541763072.00 121635954688.00 121729974272.00 121823215616.00 121917693952.00 122010673152.00 122105307136.00 122199351296.00 122293657600.00 
122380574720.00 122481418240.00 122575003648.00 122669047808.00 122762534912.00 122856742912.00 122950565888.00 123044782080.00 123138392064.00 123232436224.00 123325939712.00 123420360704.00 123512242176.00 123608481792.00 123701993472.00 123795595264.00 123889745920.00 123983896576.00 124077490176.00 124171919360.00 
124262768640.00 124359499776.00 124453068800.00 124547080192.00 124640641024.00 124732997632.00 124828401664.00 124922060800.00 125014671360.00 125109379072.00 125201874944.00 125295124480.00 125385498624.00 125455998976.00 125596712960.00 125681065984.00 125772488704.00 125865680896.00 125958995968.00 126052597760.00 
126145019904.00 126239997952.00 126333812736.00 126427553792.00 126519230464.00 126615126016.00 126709252096.00 126803083264.00 126896701440.00 126990606336.00 127081144320.00 127178973184.00 127271829504.00 127366668288.00 127460327424.00 127553888256.00 127648194560.00 127741640704.00 127835668480.00 127929794560.00 
128018153472.00 128117932032.00 128211427328.00 128305455104.00 128399253504.00 128492945408.00 128587448320.00 128681091072.00 128774529024.00 128869056512.00 128962224128.00 129056710656.00 129150590976.00 129244577792.00 129338408960.00 129423532032.00 129524228096.00 129619853312.00 129714110464.00 129807892480.00 
129900806144.00 129996095488.00 130090082304.00 130183774208.00 130277097472.00 130371682304.00 130465587200.00 130559721472.00 130653306880.00 130747334656.00 130840707072.00 130934652928.00 131028205568.00 131122987008.00 131217244160.00 131310526464.00 131404865536.00 131498967040.00 131592290304.00 131686260736.00 
131766476800.00 131874512896.00 131968180224.00 132062683136.00 132156039168.00 132249780224.00 132344160256.00 132438097920.00 132529725440.00 132625571840.00 132719083520.00 132813111296.00 132908646400.00 133001601024.00 133095522304.00 133189246976.00 133282848768.00 133377433600.00 133471289344.00 133564874752.00 
133657739264.00 133752659968.00 133846728704.00 133940756480.00 134033670144.00 134126960640.00 134222528512.00 134316163072.00 134409592832.00 134505635840.00 134597885952.00 134692454400.00 134785818624.00 134880198656.00 134974693376.00 135067656192.00 135162281984.00 135256080384.00 135349551104.00 135443415040.00 
135526236160.00 135632044032.00 135725293568.00 135819296768.00 135913127936.00 136006819840.00 136101011456.00 136195096576.00 136288444416.00 136382996480.00 136473313280.00 136571052032.00 136664219648.00 136758329344.00 136851111936.00 136947834880.00 137039896576.00 137134751744.00 137228435456.00 137322315776.00 
137414713344.00 137510158336.00 137603989504.00 137697705984.00 137791291392.00 137885532160.00 137979609088.00 138073980928.00 138167304192.00 138261594112.00 138354671616.00 138449387520.00 138540908544.00 138636935168.00 138731765760.00 138823303168.00 138918789120.00 139013128192.00 139106549760.00 139201331200.00 
139291803648.00 139388485632.00 139482693632.00 139576459264.00 139670323200.00 139763843072.00 139858296832.00 139952111616.00 140044943360.00 140139872256.00 140233097216.00 140327731200.00 140421414912.00 140515459072.00 140609830912.00 140703236096.00 140796772352.00 140890898432.00 140984500224.00 141078020096.00 
141138051072.00 141268697088.00 141361659904.00 141455261696.00 141547028480.00 141643005952.00 141737050112.00 141830897664.00 141924401152.00 142018789376.00 142111899648.00 142206173184.00 142299955200.00 142394163200.00 142488125440.00 142581907456.00 142675869696.00 142769569792.00 142863974400.00 142958952448.00 
143046230016.00 143145664512.00 143239397376.00 143333343232.00 143428337664.00 143519973376.00 143615131648.00 143708930048.00 143802695680.00 143896723456.00 143990505472.00 144085401600.00 144178905088.00 144272670720.00 144366649344.00 144460201984.00 144552361984.00 144648159232.00 144741416960.00 144837296128.00 
144929243136.00 145024696320.00 145118167040.00 145212456960.00 145305698304.00 145399726080.00 145493688320.00 145587666944.00 145681317888.00 145775706112.00 145866211328.00 145961680896.00 146056069120.00 146151522304.00 146244993024.00 146338512896.00 146433458176.00 146527305728.00 146621104128.00 146714968064.00 
146806112256.00 146905071616.00 146996592640.00 147090849792.00 147184254976.00 147277561856.00 147372605440.00 147465502720.00 147558105088.00 147654066176.00 147747422208.00 147842121728.00 147935821824.00 148029505536.00 148123615232.00 148215955456.00 148311425024.00 148405436416.00 148499906560.00 148594540544.00 
148685930496.00 148781072384.00 148875083776.00 148968898560.00 149061812224.00 149156806656.00 149250523136.00 149344698368.00 149438398464.00 149532114944.00 149625847808.00 149720498176.00 149813624832.00 149908258816.00 150002089984.00 150095364096.00 150188949504.00 150283026432.00 150376169472.00 150468247552.00 
150509649920.00 150663479296.00 150755524608.00 150849241088.00 150942318592.00 151035936768.00 151129948160.00 151224090624.00 151317364736.00 151411458048.00 151504830464.00 151599267840.00 151693443072.00 151787487232.00 151880368128.00 151974608896.00 152067997696.00 152161124352.00 152257265664.00 152349769728.00 
152443256832.00 152538497024.00 152632426496.00 152726257664.00 152819515392.00 152905400320.00 153007816704.00 153102155776.00 153196003328.00 153290047488.00 153383583744.00 153477824512.00 153569574912.00 153665568768.00 153759662080.00 153853050880.00 153946963968.00 154041548800.00 154135248896.00 154229424128.00 
154320388096.00 154414678016.00 154510884864.00 154605092864.00 154698547200.00 154792280064.00 154886307840.00 154975223808.00 155073757184.00 155168555008.00 155259060224.00 155356348416.00 155449851904.00 155544338432.00 155637972992.00 155731165184.00 155825455104.00 155919777792.00 156013625344.00 156107636736.00 
156200124416.00 156295299072.00 156389507072.00 156483354624.00 156575170560.00 156670787584.00 156764323840.00 156861251584.00 156953296896.00 157047341056.00 157140467712.00 157235134464.00 157328392192.00 157422632960.00 157516316672.00 157608902656.00 157704175616.00 157798203392.00 157892313088.00 157985325056.00 
158074601472.00 158174052352.00 158267834368.00 158362009600.00 158454595584.00 158549884928.00 158643699712.00 158737448960.00 158830886912.00 158925864960.00 159018893312.00 159113248768.00 159206670336.00 159301238784.00 159395020800.00 159489146880.00 159580815360.00 159679692800.00 159770755072.00 159864930304.00 
159951929344.00 160052887552.00 160146145280.00 160240680960.00 160334053376.00 160428048384.00 160522256384.00 160615383040.00 160709738496.00 160803635200.00 160897089536.00 160991543296.00 161084112896.00 161178173440.00 161266991104.00 161369964544.00 161462566912.00 161556086784.00 161649803264.00 161742979072.00 
161834991616.00 161931624448.00 162025029632.00 162119286784.00 162212642816.00 162305261568.00 162400665600.00 162494840832.00 162586525696.00 162682650624.00 162776104960.00 162870886400.00 162964340736.00 163058270208.00 163152281600.00 163245932544.00 163339862016.00 163433824256.00 163527770112.00 163620651008.00 
163714646016.00 163809640448.00 163904028672.00 163997499392.00 164090527744.00 164185194496.00 164279189504.00 164373331968.00 164466966528.00 164560961536.00 164637343744.00 164748984320.00 164842504192.00 164936925184.00 165030674432.00 165124276224.00 165217959936.00 165311660032.00 165406720000.00 165500518400.00 
165583126528.00 165687689216.00 165782192128.00 165876121600.00 165969854464.00 166063898624.00 166157680640.00 166251855872.00 166345162752.00 166439534592.00 166533054464.00 166628229120.00 166721191936.00 166815203328.00 166909001728.00 167001358336.00 167095500800.00 167189692416.00 167290142720.00 167379795968.00 
167471988736.00 167567179776.00 167661060096.00 167754891264.00 167848198144.00 167942406144.00 168036679680.00 168130445312.00 168224096256.00 168318369792.00 168411643904.00 168505638912.00 168597766144.00 168692596736.00 168787738624.00 168881504256.00 168975859712.00 169069576192.00 169163407360.00 169257435136.00 
169337520128.00 169445572608.00 169539272704.00 169633316864.00 169727344640.00 169820864512.00 169914744832.00 170008920064.00 170101817344.00 170196484096.00 170290184192.00 170384523264.00 170478665728.00 170572562432.00 170666377216.00 170760077312.00 170853515264.00 170947575808.00 171037999104.00 171136991232.00 
171229102080.00 171324243968.00 171418320896.00 171511611392.00 171603623936.00 171697963008.00 171793088512.00 171887362048.00 171981291520.00 172075794432.00 172168691712.00 172263456768.00 172356419584.00 172450709504.00 172545212416.00 172638781440.00 172732219392.00 172826886144.00 172920651776.00 173014581248.00 
173103005696.00 173201997824.00 173296222208.00 173389905920.00 173483769856.00 173577371648.00 173668483072.00 173766574080.00 173859586048.00 173954154496.00 174044413952.00 174141734912.00 174235467776.00 174329380864.00 174423457792.00 174516912128.00 174609072128.00 174704492544.00 174799372288.00 174892974080.00 
174985478144.00 175080898560.00 175174762496.00 175267659776.00 175362310144.00 175456256000.00 175549792256.00 175645818880.00 175738486784.00 175833038848.00 175925706752.00 176021159936.00 176113074176.00 176207839232.00 176301785088.00 176387407872.00 176490004480.00 176583835648.00 176677634048.00 176771612672.00 
176862871552.00 176959569920.00 177052680192.00 177147936768.00 177241227264.00 177334861824.00 177428856832.00 177523294208.00 177614733312.00 177711595520.00 177804279808.00 177899044864.00 177992548352.00 178086281216.00 178180079616.00 178275221504.00 178368151552.00 178462359552.00 178556256256.00 178651004928.00 
178737004544.00 178838798336.00 178931924992.00 179025788928.00 179118424064.00 179214319616.00 179307626496.00 179402145792.00 179495387136.00 179589005312.00 179682787328.00 179777028096.00 179870547968.00 179961184256.00 180058980352.00 180152860672.00 180247085056.00 180340932608.00 180434681856.00 180528398336.00 
180611416064.00 180716896256.00 180810334208.00 180903919616.00 180997718016.00 181090369536.00 181187657728.00 181279506432.00 181373501440.00 181468135424.00 181561065472.00 181652652032.00 181749792768.00 181843378176.00 181937225728.00 182030991360.00 182124380160.00 182219276288.00 182312894464.00 182407200768.00 
182499885056.00 182594863104.00 182688645120.00 182783442944.00 182876454912.00 182970368000.00 183065526272.00 183158538240.00 183252402176.00 183346511872.00 183436689408.00 183533699072.00 183625957376.00 183721721856.00 183815979008.00 183909662720.00 184003706880.00 184097701888.00 184191549440.00 184285429760.00 
184376737792.00 184473223168.00 184567103488.00 184661458944.00 184754962432.00 184848859136.00 184942395392.00 185037029376.00 185129697280.00 185224740864.00 185317900288.00 185410830336.00 185506168832.00 185600491520.00 185693421568.00 185786187776.00 185881673728.00 185974718464.00 186069123072.00 186163789824.00 
186256162816.00 186351484928.00 186445660160.00 186538917888.00 186630520832.00 186726318080.00 186819985408.00 186914209792.00 187007582208.00 187102003200.00 187194949632.00 187289206784.00 187382661120.00 187476344832.00 187569405952.00 187662516224.00 187755347968.00 187847573504.00 187937456128.00 188019654656.00 
187995914240.00 188254486528.00 188336406528.00 188426649600.00 188518383616.00 188611231744.00 188704391168.00 188797747200.00 188890988544.00 188984852480.00 189077880832.00 189172269056.00 189265920000.00 189360111616.00 189454024704.00 189546954752.00 189639114752.00 189735419904.00 189828579328.00 189922820096.00 
190015406080.00 190110531584.00 190204575744.00 190299422720.00 190391762944.00 190484496384.00 190580506624.00 190673715200.00 190767595520.00 190862819328.00 190955159552.00 191049515008.00 191142576128.00 191237128192.00 191331483648.00 191424626688.00 191518736384.00 191612682240.00 191706988544.00 191800885248.00 
191891668992.00 191988400128.00 192082345984.00 192176242688.00 192270188544.00 192363872256.00 192458227712.00 192552484864.00 192643923968.00 192740343808.00 192830373888.00 192927645696.00 193021444096.00 193115570176.00 193208254464.00 193302986752.00 193396850688.00 193490829312.00 193585463296.00 193679245312.00 
193771700224.00 193867317248.00 193960820736.00 194055274496.00 194147565568.00 194242691072.00 194336784384.00 194430681088.00 194524102656.00 194621390848.00 194711797760.00 194806120448.00 194899460096.00 194994552832.00 195086385152.00 195180478464.00 195275931648.00 195370123264.00 195463741440.00 195557326848.00 
195640426496.00 195745759232.00 195839344640.00 195933356032.00 196026843136.00 196120788992.00 196215013376.00 196313055232.00 196402593792.00 196496982016.00 196590141440.00 196684955648.00 196778426368.00 196871864320.00 196966236160.00 197059182592.00 197153406976.00 197248286720.00 197342216192.00 197435260928.00 
197522866176.00 197622988800.00 197718048768.00 197811552256.00 197905121280.00 197998723072.00 198093930496.00 198188154880.00 198281199616.00 198375079936.00 198468681728.00 198562594816.00 198654967808.00 198750994432.00 198845333504.00 198938656768.00 199032487936.00 199126319104.00 199221280768.00 199314620416.00 
199405731840.00 199502954496.00 199596064768.00 199690240000.00 199783940096.00 199869218816.00 199972225024.00 200066007040.00 200158953472.00 200253259776.00 200347222016.00 200441217024.00 200535146496.00 200628453376.00 200724103168.00 200817426432.00 200911060992.00 201006497792.00 201099313152.00 201193144320.00 
201286041600.00 201380888576.00 201474818048.00 201569386496.00 201660645376.00 201756311552.00 201850486784.00 201944547328.00 202038132736.00 202132242432.00 202222665728.00 202320068608.00 202413473792.00 202507485184.00 202605379584.00 202696212480.00 202789552128.00 202884169728.00 202978033664.00 203072389120.00 
203160141824.00 203259445248.00 203352866816.00 203447222272.00 203541217280.00 203634786304.00 203728715776.00 203823644672.00 203916705792.00 204010749952.00 204104105984.00 204198395904.00 204292620288.00 204386516992.00 204480823296.00 204572524544.00 204666159104.00 204762611712.00 204855967744.00 204950126592.00 
205042597888.00 205137362944.00 205235929088.00 205326532608.00 205419593728.00 205513539584.00 205607567360.00 205701791744.00 205795229696.00 205889601536.00 205983072256.00 206077476864.00 206170112000.00 206265122816.00 206359183360.00 206452686848.00 206546452480.00 206640906240.00 206734622720.00 206828666880.00 
206908669952.00 207016656896.00 207110488064.00 207204401152.00 207297822720.00 207391932416.00 207486205952.00 207581134848.00 207672262656.00 207768469504.00 207861284864.00 207955836928.00 208049602560.00 208143581184.00 208237477888.00 208331259904.00 208425009152.00 208519266304.00 208612753408.00 208706912256.00 
208799383552.00 208894328832.00 208984080384.00 209084071936.00 209176166400.00 209269571584.00 209364975616.00 209458642944.00 209552359424.00 209646043136.00 209739857920.00 209834360832.00 209927766016.00 210022252544.00 210116411392.00 210209865728.00 210303844352.00 210398134272.00 210491850752.00 210586386432.00 
210668748800.00 210773852160.00 210867634176.00 210962186240.00 211055853568.00 211149094912.00 211243532288.00 211337068544.00 211430785024.00 211524993024.00 211601571840.00 211713310720.00 211806732288.00 211900792832.00 211994640384.00 212088356864.00 212181385216.00 212276510720.00 212369866752.00 212464500736.00 
212556988416.00 212653408256.00 212746256384.00 212840316928.00 212933181440.00 213027291136.00 213121466368.00 213215739904.00 213309194240.00 213403041792.00 213496676352.00 213591687168.00 213683093504.00 213779283968.00 213873410048.00 213965668352.00 214060892160.00 214155067392.00 214248603648.00 214342631424.00 
214433742848.00 214531080192.00 214624256000.00 214718021632.00 214811344896.00 214903488512.00 215006756864.00 215095623680.00 215188078592.00 215282548736.00 215376117760.00 215470374912.00 215563698176.00 215658676224.00 215751770112.00 215845339136.00 215939252224.00 216033591296.00 216127963136.00 216221171712.00 
216308350976.00 216409391104.00 216503205888.00 216594333696.00 216688902144.00 216784388096.00 216879087616.00 216972886016.00 217067257856.00 217160843264.00 217254264832.00 217348128768.00 217442107392.00 217536643072.00 217630212096.00 217723764736.00 217819398144.00 217911984128.00 218006077440.00 218100252672.00 
218188300288.00 218289127424.00 218381729792.00 218475675648.00 218569408512.00 218661830656.00 218757611520.00 218851786752.00 218944684032.00 219039137792.00 219132362752.00 219227127808.00 219320467456.00 219413102592.00 219509719040.00 219602796544.00 219694759936.00 219790721024.00 219884568576.00 219979055104.00 
220071280640.00 220166356992.00 220260499456.00 220354166784.00 220447506432.00 220542304256.00 220635922432.00 220729769984.00 220823912448.00 220917547008.00 221008248832.00 221105668096.00 221198123008.00 221298950144.00 221387669504.00 221481336832.00 221575135232.00 221669130240.00 221763371008.00 221859627008.00 
221948116992.00 222044864512.00 222138564608.00 222232838144.00 222327095296.00 222420271104.00 222514413568.00 222608605184.00 222700290048.00 222796480512.00 222889394176.00 222984093696.00 223077826560.00 223171952640.00 223266045952.00 223351160832.00 223453331456.00 223548063744.00 223641501696.00 223735726080.00 
223828279296.00 223924699136.00 224016678912.00 224113360896.00 224204210176.00 224298811392.00 224393969664.00 224486686720.00 224580337664.00 224674775040.00 224767934464.00 224862601216.00 224955678720.00 225050116096.00 225144258560.00 225237467136.00 225331314688.00 225424916480.00 225518665728.00 225610629120.00 
225652064256.00 225805778944.00 225897791488.00 225991196672.00 226084700160.00 226178433024.00 226272002048.00 226365800448.00 226459435008.00 226553921536.00 226647015424.00 226741911552.00 226835464192.00 226929491968.00 227023355904.00 227116679168.00 227210051584.00 227305177088.00 227398991872.00 227492872192.00 
227585490944.00 227679535104.00 227774431232.00 227868639232.00 227961487360.00 228054515712.00 228150460416.00 228244717568.00 228337598464.00 228432117760.00 228525555712.00 228619796480.00 228711579648.00 228808769536.00 228901535744.00 228996284416.00 229089443840.00 229183537152.00 229277302784.00 229369135104.00 
229462540288.00 229559320576.00 229652774912.00 229747064832.00 229840289792.00 229935153152.00 230028836864.00 230122749952.00 230215794688.00 230312591360.00 230401064960.00 230498533376.00 230592331776.00 230686212096.00 230780289024.00 230874038272.00 230967410688.00 231062061056.00 231155908608.00 231249477632.00 
231342047232.00 231436697600.00 231532904448.00 231625834496.00 231717568512.00 231813480448.00 231907704832.00 232001388544.00 232094580736.00 232189083648.00 232282472448.00 232377368576.00 232470364160.00 232564932608.00 232659058688.00 232750743552.00 232845328384.00 232940945408.00 233034481664.00 233128394752.00 
233216819200.00 233315401728.00 233410084864.00 233504440320.00 233597829120.00 233691561984.00 233785819136.00 233880141824.00 233973301248.00 234068426752.00 234160783360.00 234255564800.00 234348969984.00 234443243520.00 234536779776.00 234630381568.00 234722590720.00 234818912256.00 234912514048.00 235005706240.00 
235065950208.00 235196170240.00 235289493504.00 235383226368.00 235476451328.00 235570348032.00 235664244736.00 235758698496.00 235852414976.00 235946590208.00 236039700480.00 236134547456.00 236227297280.00 236321636352.00 236415942656.00 236509872128.00 236603424768.00 236697501696.00 236791431168.00 236885655552.00 
236976766976.00 237072629760.00 237167575040.00 237261012992.00 237354893312.00 237447282688.00 237542408192.00 237637353472.00 237728792576.00 237824720896.00 237918109696.00 238012448768.00 238106116096.00 238200340480.00 238294466560.00 238388150272.00 238482112512.00 238576336896.00 238670151680.00 238763950080.00 
238856339456.00 238951727104.00 239045492736.00 239139307520.00 239232106496.00 239325773824.00 239422799872.00 239515762688.00 239609561088.00 239703162880.00 239793799168.00 239891349504.00 239984721920.00 240078667776.00 240172990464.00 240266838016.00 240360587264.00 240454844416.00 240548675584.00 240641851392.00 
240725262336.00 240830693376.00 240924737536.00 241017978880.00 241111449600.00 241205903360.00 241299554304.00 241393827840.00 241487593472.00 241581768704.00 241674944512.00 241768497152.00 241864458240.00 241957617664.00 242051481600.00 242143805440.00 242238406656.00 242333040640.00 242427330560.00 242521522176.00 
242613452800.00 242709135360.00 242802835456.00 242896977920.00 242990448640.00 243084361728.00 243178487808.00 243272400896.00 243364937728.00 243461128192.00 243553861632.00 243648626688.00 243739820032.00 243835912192.00 243929874432.00 244023459840.00 244117405696.00 244211449856.00 244305788928.00 244399702016.00 
244479672320.00 244587954176.00 244681457664.00 244775501824.00 244868972544.00 244963016704.00 245056552960.00 245150990336.00 245243740160.00 245339340800.00 245432123392.00 245526740992.00 245620342784.00 245714288640.00 245808431104.00 245901557760.00 245996011520.00 246090268672.00 246183870464.00 246277980160.00 
246370549760.00 246466084864.00 246559653888.00 246654369792.00 246745759744.00 246832824320.00 246935552000.00 247029219328.00 247123017728.00 247217504256.00 247310680064.00 247404888064.00 247498801152.00 247593254912.00 247686512640.00 247780376576.00 247874142208.00 247968792576.00 248062574592.00 248156405760.00 
248244830208.00 248344477696.00 248438456320.00 248532484096.00 248625741824.00 248719884288.00 248813748224.00 248907513856.00 249001312256.00 249095290880.00 249186140160.00 249283280896.00 249376817152.00 249471188992.00 249564872704.00 249658490880.00 249750405120.00 249846874112.00 249940328448.00 250034126848.00 
250126532608.00 250221608960.00 250315030528.00 250408402944.00 250500857856.00 250592739328.00 250677329920.00 250818117632.00 250888339456.00 250978975744.00 251071102976.00 251164966912.00 251257307136.00 251352137728.00 251445673984.00 251537719296.00 251633074176.00 251726905344.00 251820965888.00 251914616832.00 
252005842944.00 252102148096.00 252196601856.00 252290154496.00 252384296960.00 252477980672.00 252571910144.00 252665724928.00 252757655552.00 252853485568.00 252947185664.00 253041475584.00 253135355904.00 253229481984.00 253323460608.00 253416947712.00 253510582272.00 253605101568.00 253698883584.00 253792698368.00 
253879664640.00 253980442624.00 254074519552.00 254168891392.00 254261608448.00 254355898368.00 254450941952.00 254543937536.00 254638112768.00 254732173312.00 254825431040.00 254919753728.00 255013486592.00 255107809280.00 255201067008.00 255295275008.00 255389040640.00 255485001728.00 255577341952.00 255671074816.00 
255754207232.00 255858982912.00 255953240064.00 256046497792.00 256140443648.00 256233029632.00 256328531968.00 256422150144.00 256516194304.00 256610697216.00 256703741952.00 256798031872.00 256892092416.00 256986152960.00 257080000512.00 257173635072.00 257266696192.00 257363230720.00 257456013312.00 257549729792.00 
257642463232.00 257737605120.00 257831452672.00 257925955584.00 258019082240.00 258112716800.00 258207039488.00 258301968384.00 258395045888.00 258488696832.00 258565259264.00 258676998144.00 258768748544.00 258864742400.00 258958508032.00 259052486656.00 259146530816.00 259240656896.00 259334356992.00 259428122624.00 
259519561728.00 259616079872.00 259710418944.00 259803987968.00 259897524224.00 259991486464.00 260085825536.00 260179492864.00 260272062464.00 260365058048.00 260461543424.00 260555948032.00 260649140224.00 260742791168.00 260837326848.00 260929503232.00 261024825344.00 261118967808.00 261212733440.00 261307056128.00 
261399527424.00 261494702080.00 261588041728.00 261683347456.00 261774426112.00 261870206976.00 261964283904.00 262057787392.00 262152519680.00 262246875136.00 262339461120.00 262434324480.00 262527434752.00 262621921280.00 262715686912.00 262809206784.00 262903054336.00 262997770240.00 263090831360.00 263184482304.00 
263251099648.00 263373979648.00 263467548672.00 263561740288.00 263654653952.00 263748714496.00 263843676160.00 263935344640.00 264030158848.00 264125087744.00 264217853952.00 264312881152.00 264406433792.00 264500117504.00 264594309120.00 264688533504.00 264779890688.00 264876195840.00 264969388032.00 265064054784.00 
265156493312.00 265251586048.00 265345564672.00 265439199232.00 265533620224.00 265626009600.00 265721348096.00 265815326720.00 265909059584.00 266003120128.00 266096623616.00 266190979072.00 266283663360.00 266378526720.00 266472833024.00 266566631424.00 266660413440.00 266754359296.00 266848485376.00 266942595072.00 
267033460736.00 267129978880.00 267223498752.00 267318509568.00 267411668992.00 267505647616.00 267599495168.00 267693752320.00 267785535488.00 267881316352.00 267971821568.00 268069191680.00 268162990080.00 268257017856.00 268350685184.00 268444041216.00 268537462784.00 268619563008.00 268729434112.00 268822069248.00 
268914278400.00 269009502208.00 269103120384.00 269196853248.00 269289865216.00 269384679424.00 269478772736.00 269572554752.00 269666648064.00 269760430080.00 269853556736.00 269948239872.00 270041776128.00 270135607296.00 270229946368.00 270315159552.00 270417575936.00 270511603712.00 270605189120.00 270699331584.00 
270782038016.00 270887469056.00 270981464064.00 271075196928.00 271168995328.00 271262597120.00 271356854272.00 271450701824.00 271544139776.00 271641509888.00 271732178944.00 271826583552.00 271920513024.00 272014327808.00 272108224512.00 272201809920.00 272295329792.00 272390356992.00 272484024320.00 272577986560.00 
272665149440.00 272765730816.00 272860610560.00 272953491456.00 273047044096.00 273141022720.00 273235394560.00 273329700864.00 273422368768.00 273508794368.00 273611341824.00 273706237952.00 273797447680.00 273893031936.00 273986994176.00 274080677888.00 274174656512.00 274268798976.00 274362548224.00 274457378816.00 
274547638272.00 274644353024.00 274738495488.00 274830622720.00 274926338048.00 275018416128.00 275114196992.00 275208306688.00 275300745216.00 275395706880.00 275489357824.00 275583172608.00 275677315072.00 275770310656.00 275866189824.00 275959316480.00 276052967424.00 276147437568.00 276241285120.00 276335296512.00 
276427833344.00 276522532864.00 276616806400.00 276710391808.00 276802633728.00 276898217984.00 276992458752.00 277086011392.00 277180514304.00 277274722304.00 277364834304.00 277462089728.00 277555806208.00 277649883136.00 277744123904.00 277837545472.00 277931393024.00 278026289152.00 278120038400.00 278213492736.00 
278301999104.00 278401024000.00 278495232000.00 278592946176.00 278683123712.00 278776872960.00 278871080960.00 278964862976.00 279058939904.00 279152721920.00 279246012416.00 279340646400.00 279434428416.00 279529390080.00 279622254592.00 279714922496.00 279808311296.00 279903961088.00 279998136320.00 280092278784.00 
280184389632.00 280280072192.00 280374018048.00 280467472384.00 280560762880.00 280655134720.00 280749473792.00 280843059200.00 280937037824.00 281030131712.00 281124405248.00 281220022272.00 281311608832.00 281405652992.00 281499992064.00 281593839616.00 281687392256.00 281781010432.00 281873809408.00 281965133824.00 
281993936896.00 282164854784.00 282255425536.00 282347962368.00 282441580544.00 282535362560.00 282629373952.00 282723123200.00 282814873600.00 282910621696.00 283004272640.00 283098873856.00 283192426496.00 283287257088.00 283380187136.00 283473870848.00 283567259648.00 283661598720.00 283755708416.00 283849883648.00 
283942125568.00 284037775360.00 284131131392.00 284225404928.00 284318334976.00 284411527168.00 284507078656.00 284598566912.00 284694675456.00 284788654080.00 284882173952.00 284976971776.00 285069967360.00 285164699648.00 285257891840.00 285352296448.00 285446242304.00 285539598336.00 285634560000.00 285727981568.00 
285810884608.00 285915971584.00 286009622528.00 286103470080.00 286197350400.00 286291722240.00 286385766400.00 286479122432.00 286573625344.00 286667276288.00 286757814272.00 286855266304.00 286948622336.00 287042928640.00 287136579584.00 287231016960.00 287323947008.00 287418712064.00 287512166400.00 287608176640.00 
287699435520.00 287794692096.00 287888408576.00 287981993984.00 288075841536.00 288169852928.00 288263766016.00 288358432768.00 288451821568.00 288545865728.00 288639483904.00 288733462528.00 288825540608.00 288921485312.00 289015169024.00 289107640320.00 289202896896.00 289304346624.00 289391476736.00 289485357056.00 
289576386560.00 289673084928.00 289767292928.00 289860419584.00 289954758656.00 290048573440.00 290142912512.00 290236956672.00 290329591808.00 290424225792.00 290517745664.00 290614411264.00 290706259968.00 290800238592.00 290893955072.00 290987671552.00 291081125888.00 291175956480.00 291269115904.00 291363323904.00 
291450781696.00 291551150080.00 291644571648.00 291739402240.00 291830890496.00 291926704128.00 292021075968.00 292114661376.00 292208181248.00 292301864960.00 292395450368.00 292480090112.00 292585635840.00 292679254016.00 292772970496.00 292866359296.00 292960436224.00 293054480384.00 293148098560.00 293242208256.00 
293330550784.00 293430034432.00 293524996096.00 293618188288.00 293711544320.00 293797232640.00 293899796480.00 293993578496.00 294087032832.00 294181109760.00 294274629632.00 294369722368.00 294462980096.00 294556696576.00 294650380288.00 294744358912.00 294836666368.00 294932611072.00 295026556928.00 295120535552.00 
295213236224.00 295308689408.00 295402012672.00 295499661312.00 295589969920.00 295684046848.00 295778123776.00 295872069632.00 295966081024.00 296060354560.00 296150499328.00 296247853056.00 296341012480.00 296435974144.00 296529526784.00 296623570944.00 296717385728.00 296811200512.00 296907735040.00 296999256064.00 
297090383872.00 297187016704.00 297280962560.00 297375105024.00 297468395520.00 297562308608.00 297656451072.00 297751478272.00 297842311168.00 297938419712.00 298031742976.00 298126573568.00 298219765760.00 298314530816.00 298408411136.00 298500685824.00 298595385344.00 298689757184.00 298783571968.00 298877583360.00 
298970382336.00 299065540608.00 299159617536.00 299253399552.00 299346362368.00 299440865280.00 299535400960.00 299629936640.00 299722833920.00 299816386560.00 299909939200.00 300003590144.00 300097732608.00 300192333824.00 300286345216.00 300379963392.00 300473483264.00 300567298048.00 300660523008.00 300752601088.00 
300793921536.00 300948160512.00 301040009216.00 301133561856.00 301227016192.00 301320634368.00 301414481920.00 301508722688.00 301601488896.00 301695860736.00 301789446144.00 301884112896.00 301977206784.00 302071513088.00 302165557248.00 302259109888.00 302352793600.00 302447067136.00 302540488704.00 302634860544.00 
302727692288.00 302822817792.00 302916632576.00 303010971648.00 303104393216.00 303196733440.00 303292973056.00 303386722304.00 303479783424.00 303574122496.00 303667281920.00 303762407424.00 303854223360.00 303950364672.00 304043491328.00 304137699328.00 304231874560.00 304326311936.00 304417374208.00 304513515520.00 
304604643328.00 304701440000.00 304794927104.00 304888938496.00 304982982656.00 305076830208.00 305170939904.00 305264721920.00 305357258752.00 305452482560.00 305529028608.00 305641193472.00 305734221824.00 305828167680.00 305922310144.00 306016124928.00 306110103552.00 306204147712.00 306297831424.00 306391547904.00 
306484805632.00 306579898368.00 306673811456.00 306767429632.00 306859638784.00 306955059200.00 307049398272.00 307143245824.00 307236929536.00 307331170304.00 307424165888.00 307518963712.00 307611697152.00 307709968384.00 307801522176.00 307893207040.00 307988856832.00 308082999296.00 308177076224.00 308270661632.00 
308359036928.00 308458323968.00 308551417856.00 308646215680.00 308740063232.00 308833943552.00 308928348160.00 309021966336.00 309115322368.00 309210251264.00 309303279616.00 309397684224.00 309491564544.00 309585346560.00 309677064192.00 309773434880.00 309865316352.00 309960998912.00 310055141376.00 310149251072.00 
310236119040.00 310337667072.00 310430793728.00 310524608512.00 310617997312.00 310712467456.00 310806740992.00 310900359168.00 310994337792.00 311088218112.00 311181705216.00 311276109824.00 311369203712.00 311463968768.00 311557652480.00 311651565568.00 311745544192.00 311839195136.00 311933599744.00 312027381760.00 
312118607872.00 312215142400.00 312308432896.00 312403230720.00 312497143808.00 312589025280.00 312684969984.00 312778752000.00 312870633472.00 312966709248.00 313059770368.00 313153814528.00 313246547968.00 313335283712.00 313440927744.00 313531891712.00 313625018368.00 313718898688.00 313812910080.00 313906659328.00 
313998868480.00 314094485504.00 314188234752.00 314282573824.00 314374979584.00 314469482496.00 314563854336.00 314658193408.00 314751418368.00 314845986816.00 314936164352.00 315033157632.00 315127070720.00 315221770240.00 315315224576.00 315409563648.00 315502821376.00 315596898304.00 315690516480.00 315784986624.00 
315867693056.00 315972943872.00 316066234368.00 316160311296.00 316253896704.00 316348170240.00 316441985024.00 316535898112.00 316629319680.00 316724510720.00 316817276928.00 316912304128.00 317005430784.00 317099737088.00 317193486336.00 317278486528.00 317380624384.00 317475586048.00 317569466368.00 317663903744.00 
317756145664.00 317851140096.00 317945053184.00 318038802432.00 318131601408.00 318228234240.00 318321164288.00 318415241216.00 318508433408.00 318602543104.00 318696161280.00 318789844992.00 318882086912.00 318978850816.00 319073615872.00 319166185472.00 319259934720.00 319354109952.00 319447957504.00 319541772288.00 
319621988352.00 319729926144.00 319823872000.00 319919063040.00 320011239424.00 320105021440.00 320199426048.00 320292913152.00 320386301952.00 320480706560.00 320574226432.00 320668925952.00 320763002880.00 320856981504.00 320950206464.00 321044545536.00 321138294784.00 321232306176.00 321326252032.00 321421082624.00 
321513127936.00 321607729152.00 321702002688.00 321795686400.00 321887666176.00 321981612032.00 322076835840.00 322170912768.00 322262499328.00 322363686912.00 322454323200.00 322548170752.00 322641526784.00 322735833088.00 322829844480.00 322923134976.00 323017277440.00 323111288832.00 323204874240.00 323299180544.00 
323387588608.00 323487203328.00 323581181952.00 323674570752.00 323768516608.00 323862528000.00 323956408320.00 324050026496.00 324143579136.00 324238671872.00 324328587264.00 324427808768.00 324519493632.00 324614619136.00 324707483648.00 324801986560.00 324893343744.00 324989943808.00 325083594752.00 325177606144.00 
325270044672.00 325365891072.00 325459312640.00 325553291264.00 325646385152.00 325740429312.00 325834407936.00 325929893888.00 326022889472.00 326117064704.00 326209798144.00 326304923648.00 326397394944.00 326492356608.00 326586466304.00 326678609920.00 326774095872.00 326868140032.00 326961659904.00 327056097280.00 
327147454464.00 327243890688.00 327337279488.00 327431946240.00 327526055936.00 327619117056.00 327713390592.00 327806976000.00 327899185152.00 327995326464.00 328088682496.00 328183676928.00 328276344832.00 328371437568.00 328464891904.00 328558247936.00 328652161024.00 328745877504.00 328839921664.00 328932982784.00 
328993341440.00 329123561472.00 329216753664.00 329310961664.00 329403367424.00 329498394624.00 329592274944.00 329686056960.00 329780166656.00 329873948672.00 329966813184.00 330061643776.00 330154999808.00 330249437184.00 330342957056.00 330436673536.00 330531471360.00 330625384448.00 330719166464.00 330813538304.00 
330896048128.00 331001298944.00 331094556672.00 331189452800.00 331282710528.00 331375050752.00 331470667776.00 331564646400.00 331657904128.00 331752079360.00 331845861376.00 331940429824.00 332033785856.00 332128681984.00 332222300160.00 332316049408.00 332408520704.00 332503744512.00 332597493760.00 332691898368.00 
332784369664.00 332881362944.00 332973604864.00 333067780096.00 333160513536.00 333254852608.00 333348601856.00 333443203072.00 333536854016.00 333631160320.00 333721567232.00 333818101760.00 333910081536.00 334005862400.00 334100135936.00 334192148480.00 334290944000.00 334382792704.00 334476279808.00 334570487808.00 
334661451776.00 334759133184.00 334851964928.00 334946074624.00 335039758336.00 335133540352.00 335227977728.00 335321432064.00 335414689792.00 335509684224.00 335602876416.00 335696723968.00 335791554560.00 335884943360.00 335979249664.00 336071720960.00 336166387712.00 336260988928.00 336355196928.00 336453500928.00 
336541908992.00 336637001728.00 336730226688.00 336824238080.00 336915922944.00 337012228096.00 337105616896.00 337200545792.00 337293803520.00 337388142592.00 337481334784.00 337575968768.00 337669292032.00 337763532800.00 337857413120.00 337951326208.00 338045272064.00 338139152384.00 338233425920.00 338326749184.00 
338393104384.00 338516344832.00 338609373184.00 338703613952.00 338797264896.00 338890752000.00 338984763392.00 339078873088.00 339172392960.00 339266568192.00 339360120832.00 339454263296.00 339548176384.00 339643138048.00 339735969792.00 339829981184.00 339921666048.00 340017315840.00 340111622144.00 340201766912.00 
340298858496.00 340393689088.00 340487438336.00 340581613568.00 340675395584.00 340760461312.00 340863320064.00 340957265920.00 341051539456.00 341145026560.00 341238415360.00 341333147648.00 341425782784.00 341520449536.00 341614854144.00 341707816960.00 341800747008.00 341897871360.00 341990703104.00 342084517888.00 
342175678464.00 342272016384.00 342366322688.00 342460465152.00 342554247168.00 342647635968.00 342741843968.00 342834970624.00 342927900672.00 343023190016.00 343113891840.00 343210852352.00 343304503296.00 343399825408.00 343493476352.00 343586799616.00 343681040384.00 343774855168.00 343868899328.00 343962812416.00 
344055480320.00 344149295104.00 344245239808.00 344338628608.00 344431427584.00 344525570048.00 344619286528.00 344716181504.00 344808620032.00 344902860800.00 344995823616.00 345090392064.00 345183682560.00 345277595648.00 345372065792.00 345464045568.00 345559040000.00 345653575680.00 345747587072.00 345841106944.00 
345924403200.00 346029654016.00 346123010048.00 346217119744.00 346311032832.00 346404683776.00 346498662400.00 346592903168.00 346686390272.00 346780631040.00 346873856000.00 346968326144.00 347060666368.00 347157004288.00 347250950144.00 347343978496.00 347437400064.00 347532722176.00 347626078208.00 347720089600.00 
347807023104.00 347908079616.00 348001533952.00 348095873024.00 348189360128.00 348283273216.00 348377481216.00 348471263232.00 348564979712.00 348659187712.00 348752576512.00 348847112192.00 348938698752.00 349034348544.00 349127180288.00 349223190528.00 349316546560.00 349410656256.00 349504176128.00 349598449664.00 
349689348096.00 349787095040.00 349880090624.00 349974560768.00 350067523584.00 350160355328.00 350255284224.00 350349623296.00 350442815488.00 350538137600.00 350631034880.00 350725636096.00 350818926592.00 350912446464.00 351008227328.00 351101485056.00 351194873856.00 351289344000.00 351383322624.00 351476809728.00 
351569543168.00 351664537600.00 351760580608.00 351852756992.00 351944179712.00 352040452096.00 352133873664.00 352228376576.00 352321699840.00 352416530432.00 352492847104.00 352604028928.00 352698302464.00 352791953408.00 352886128640.00 352979156992.00 353073725440.00 353167638528.00 353261486080.00 353355366400.00 
353444298752.00 353543782400.00 353637433344.00 353731510272.00 353824833536.00 353919696896.00 354013249536.00 354107162624.00 354200289280.00 354294693888.00 354387951616.00 354482487296.00 354576269312.00 354670542848.00 354764226560.00 354857189376.00 354950250496.00 355045867520.00 355141648384.00 355233824768.00 
355327213568.00 355422437376.00 355515629568.00 355609935872.00 355703619584.00 355797204992.00 355891642368.00 355985620992.00 356079108096.00 356173185024.00 356267524096.00 356361502720.00 356454170624.00 356549033984.00 356643012608.00 356737417216.00 356830642176.00 356924653568.00 357018927104.00 357113102336.00 
357192761344.00 357301420032.00 357394972672.00 357488459776.00 357582110720.00 357676285952.00 357770297344.00 357863817216.00 357955174400.00 358051840000.00 358146179072.00 358239535104.00 358333448192.00 358427590656.00 358522355712.00 358615121920.00 358708576256.00 358803439616.00 358896140288.00 358991233024.00 
359083966464.00 359179583488.00 359272284160.00 359366066176.00 359459356672.00 359552712704.00 359646494720.00 359742963712.00 359836352512.00 359930560512.00 360024113152.00 360119664640.00 360212267008.00 360305197056.00 360400060416.00 360493645824.00 360587952128.00 360682029056.00 360775811072.00 360869429248.00 
360952463360.00 361057714176.00 361151627264.00 361245212672.00 361339027456.00 361432907776.00 361526132736.00 361621716992.00 361714679808.00 361808134144.00 361898999808.00 361996615680.00 362091708416.00 362185097216.00 362278387712.00 362372169728.00 362465296384.00 362559864832.00 362654695424.00 362748772352.00 
362840752128.00 362936074240.00 363028447232.00 363123900416.00 363217518592.00 363310972928.00 363405246464.00 363499782144.00 363593072640.00 363687215104.00 363780898816.00 363878514688.00 363966955520.00 364062212096.00 364156813312.00 364242075648.00 364344279040.00 364439207936.00 364532924416.00 364626509824.00 
364718325760.00 364814598144.00 364908085248.00 365002194944.00 365095518208.00 365189660672.00 365284360192.00 365377454080.00 365471006720.00 365566427136.00 365658898432.00 365753827328.00 365847937024.00 365941817344.00 366035402752.00 366129053696.00 366222901248.00 366317273088.00 366411218944.00 366505426944.00 
366592065536.00 366693154816.00 366786609152.00 366880686080.00 366972403712.00 367068282880.00 367162327040.00 367258337280.00 367349989376.00 367443607552.00 367537618944.00 367631826944.00 367725314048.00 367818899456.00 367913926656.00 368007643136.00 368101556224.00 368195862528.00 368289153024.00 368383328256.00 
368471998464.00 368571121664.00 368664838144.00 368758489088.00 368852434944.00 368945299456.00 369041375232.00 369134436352.00 369228349440.00 369322557440.00 369416208384.00 369509728256.00 369603641344.00 369697652736.00 369792090112.00 369885642752.00 369977655296.00 370073042944.00 370167808000.00 370261655552.00 
370354192384.00 370449383424.00 370542116864.00 370636947456.00 370730434560.00 370824871936.00 370919211008.00 371012698112.00 371105759232.00 371200262144.00 371290898432.00 371388350464.00 371481280512.00 371575980032.00 371669336064.00 371763183616.00 371857358848.00 371952680960.00 372045545472.00 372139687936.00 
372230324224.00 372326957056.00 372420935680.00 372515176448.00 372608860160.00 372701888512.00 372796260352.00 372890009600.00 372981497856.00 373078327296.00 373170896896.00 373265563648.00 373358592000.00 373452963840.00 373546549248.00 373638922240.00 373733818368.00 373827993600.00 373921873920.00 374015295488.00 
374107963392.00 374203449344.00 374296969216.00 374390325248.00 374483025920.00 374577135616.00 374670983168.00 374764109824.00 374857072640.00 374950821888.00 375043162112.00 375136616448.00 375228661760.00 375321395200.00 375413637120.00 375503749120.00 375593435136.00 375679287296.00 375758159872.00 375804526592.00 
end   dump: w
==END   DUMP_ARRAYS==
Time in seconds = 0.068044
