Sender: LSF System <lsfadmin@polus-c2-ib.bmc.hpc.cs.msu.ru>
Subject: Job 494161: <./extra.o> in cluster <MSUCluster> Done

Job <./extra.o> was submitted from host <polus-ib.bmc.hpc.cs.msu.ru> by user <edu-cmc-skpod19-328-11> in cluster <MSUCluster> at Fri Nov 29 23:41:33 2019
Job was executed on host(s) <3*polus-c2-ib.bmc.hpc.cs.msu.ru>, in queue <short>, as user <edu-cmc-skpod19-328-11> in cluster <MSUCluster> at Fri Nov 29 23:42:15 2019
</home_edu/edu-cmc-skpod19-328/edu-cmc-skpod19-328-11> was used as the home directory.
</home_edu/edu-cmc-skpod19-328/edu-cmc-skpod19-328-11/dep_gemver> was used as the working directory.
Started at Fri Nov 29 23:42:15 2019
Terminated at Fri Nov 29 23:42:16 2019
Results reported at Fri Nov 29 23:42:16 2019

Your job looked like:

------------------------------------------------------------
# LSBATCH: User input
./extra.o
------------------------------------------------------------

Successfully completed.

Resource usage summary:

    CPU time :                                   14.06 sec.
    Max Memory :                                 4 MB
    Average Memory :                             2.67 MB
    Total Requested Memory :                     -
    Delta Memory :                               -
    Max Swap :                                   -
    Max Processes :                              1
    Max Threads :                                1
    Run time :                                   2 sec.
    Turnaround time :                            43 sec.

The output (if any) follows:

==BEGIN DUMP_ARRAYS==
begin dump: w
0.00 0.00 0.00 0.00 0.00 0.00 0.00 0.00 0.00 0.00 0.00 0.00 0.00 0.00 0.00 0.00 0.00 0.00 0.00 0.00 
0.00 0.00 0.00 0.00 0.00 0.00 0.00 0.00 0.00 0.00 0.00 0.00 0.00 0.00 0.00 0.00 0.00 0.00 0.00 0.00 
0.00 0.00 0.00 0.00 0.00 0.00 0.00 0.00 0.00 0.00 0.00 0.00 0.00 0.00 0.00 0.00 0.00 0.00 0.00 0.00 
0.00 0.00 0.00 0.00 0.00 0.00 0.00 0.00 0.00 0.00 0.00 0.00 0.00 0.00 0.00 0.00 0.00 0.00 0.00 0.00 
0.00 0.00 0.00 0.00 0.00 0.00 0.00 0.00 0.00 0.00 0.00 0.00 0.00 0.00 0.00 0.00 0.00 0.00 0.00 0.00 
0.00 0.00 0.00 0.00 0.00 0.00 0.00 0.00 0.00 0.00 0.00 0.00 0.00 0.00 0.00 0.00 0.00 0.00 0.00 0.00 
0.00 0.00 0.00 0.00 0.00 0.00 0.00 0.00 0.00 0.00 0.00 0.00 0.00 0.00 0.00 0.00 0.00 0.00 0.00 0.00 
0.00 0.00 0.00 0.00 0.00 0.00 0.00 0.00 0.00 0.00 0.00 0.00 0.00 0.00 0.00 0.00 0.00 0.00 0.00 0.00 
0.00 0.00 0.00 0.00 0.00 0.00 0.00 0.00 0.00 0.00 0.00 0.00 0.00 0.00 0.00 0.00 0.00 0.00 0.00 0.00 
0.00 0.00 0.00 0.00 0.00 0.00 0.00 0.00 0.00 0.00 0.00 0.00 0.00 0.00 0.00 0.00 0.00 0.00 0.00 0.00 
0.00 0.00 0.00 0.00 0.00 0.00 0.00 0.00 0.00 0.00 0.00 0.00 0.00 0.00 0.00 0.00 0.00 0.00 0.00 0.00 
0.00 0.00 0.00 0.00 0.00 0.00 0.00 0.00 0.00 0.00 0.00 0.00 0.00 0.00 0.00 0.00 0.00 0.00 0.00 0.00 
0.00 0.00 0.00 0.00 0.00 0.00 0.00 0.00 0.00 0.00 0.00 0.00 0.00 0.00 0.00 0.00 0.00 0.00 0.00 0.00 
0.00 0.00 0.00 0.00 0.00 0.00 0.00 0.00 0.00 0.00 0.00 0.00 0.00 0.00 0.00 0.00 0.00 0.00 0.00 0.00 
0.00 0.00 0.00 0.00 0.00 0.00 0.00 0.00 0.00 0.00 0.00 0.00 0.00 0.00 0.00 0.00 0.00 0.00 0.00 0.00 
0.00 0.00 0.00 0.00 0.00 0.00 0.00 0.00 0.00 0.00 0.00 0.00 0.00 0.00 0.00 0.00 0.00 0.00 0.00 0.00 
0.00 0.00 0.00 0.00 0.00 0.00 0.00 0.00 0.00 0.00 0.00 0.00 0.00 0.00 0.00 0.00 0.00 0.00 0.00 0.00 
0.00 0.00 0.00 0.00 0.00 0.00 0.00 0.00 0.00 0.00 0.00 0.00 0.00 0.00 0.00 0.00 0.00 0.00 0.00 0.00 
0.00 0.00 0.00 0.00 0.00 0.00 0.00 0.00 0.00 0.00 0.00 0.00 0.00 0.00 0.00 0.00 0.00 0.00 0.00 0.00 
0.00 0.00 0.00 0.00 0.00 0.00 0.00 0.00 0.00 0.00 0.00 0.00 0.00 0.00 0.00 0.00 0.00 0.00 0.00 0.00 
0.00 0.00 0.00 0.00 0.00 0.00 0.00 0.00 0.00 0.00 0.00 0.00 0.00 0.00 0.00 0.00 0.00 0.00 0.00 0.00 
0.00 0.00 0.00 0.00 0.00 0.00 0.00 0.00 0.00 0.00 0.00 0.00 0.00 0.00 0.00 0.00 0.00 0.00 0.00 0.00 
0.00 0.00 0.00 0.00 0.00 0.00 0.00 0.00 0.00 0.00 0.00 0.00 0.00 0.00 0.00 0.00 0.00 0.00 0.00 0.00 
0.00 0.00 0.00 0.00 0.00 0.00 0.00 0.00 0.00 0.00 0.00 0.00 0.00 0.00 0.00 0.00 0.00 0.00 0.00 0.00 
0.00 0.00 0.00 0.00 0.00 0.00 0.00 0.00 0.00 0.00 0.00 0.00 0.00 0.00 0.00 0.00 0.00 0.00 0.00 0.00 
0.00 0.00 0.00 0.00 0.00 0.00 0.00 0.00 0.00 0.00 0.00 0.00 0.00 0.00 0.00 0.00 0.00 0.00 0.00 0.00 
0.00 0.00 0.00 0.00 0.00 0.00 0.00 0.00 0.00 0.00 0.00 0.00 0.00 0.00 0.00 0.00 0.00 0.00 0.00 0.00 
0.00 0.00 0.00 0.00 0.00 0.00 0.00 0.00 0.00 0.00 0.00 0.00 0.00 0.00 0.00 0.00 0.00 0.00 0.00 0.00 
0.00 0.00 0.00 0.00 0.00 0.00 0.00 0.00 0.00 0.00 0.00 0.00 0.00 0.00 0.00 0.00 0.00 0.00 0.00 0.00 
0.00 0.00 0.00 0.00 0.00 0.00 0.00 0.00 0.00 0.00 0.00 0.00 0.00 0.00 0.00 0.00 0.00 0.00 0.00 0.00 
0.00 0.00 0.00 0.00 0.00 0.00 0.00 0.00 0.00 0.00 0.00 0.00 0.00 0.00 0.00 0.00 0.00 0.00 0.00 0.00 
0.00 0.00 0.00 0.00 0.00 0.00 0.00 0.00 0.00 0.00 0.00 0.00 0.00 0.00 0.00 0.00 0.00 0.00 0.00 0.00 
0.00 0.00 0.00 0.00 0.00 0.00 0.00 0.00 0.00 0.00 0.00 0.00 0.00 0.00 0.00 0.00 0.00 0.00 0.00 0.00 
0.00 0.00 0.00 0.00 0.00 0.00 0.00 0.00 0.00 0.00 0.00 0.00 0.00 0.00 0.00 0.00 0.00 0.00 0.00 0.00 
0.00 0.00 0.00 0.00 0.00 0.00 0.00 0.00 0.00 0.00 0.00 0.00 0.00 0.00 0.00 0.00 0.00 0.00 0.00 0.00 
0.00 0.00 0.00 0.00 0.00 0.00 0.00 0.00 0.00 0.00 0.00 0.00 0.00 0.00 0.00 0.00 0.00 0.00 0.00 0.00 
0.00 0.00 0.00 0.00 0.00 0.00 0.00 0.00 0.00 0.00 0.00 0.00 0.00 0.00 0.00 0.00 0.00 0.00 0.00 0.00 
0.00 0.00 0.00 0.00 0.00 0.00 0.00 0.00 0.00 0.00 0.00 0.00 0.00 0.00 0.00 0.00 0.00 0.00 0.00 0.00 
0.00 0.00 0.00 0.00 0.00 0.00 0.00 0.00 0.00 0.00 0.00 0.00 0.00 0.00 0.00 0.00 0.00 0.00 0.00 0.00 
0.00 0.00 0.00 0.00 0.00 0.00 0.00 0.00 0.00 0.00 0.00 0.00 0.00 0.00 0.00 0.00 0.00 0.00 0.00 0.00 
0.00 0.00 0.00 0.00 0.00 0.00 0.00 0.00 0.00 0.00 0.00 0.00 0.00 0.00 0.00 0.00 0.00 0.00 0.00 0.00 
0.00 0.00 0.00 0.00 0.00 0.00 0.00 0.00 0.00 0.00 0.00 0.00 0.00 0.00 0.00 0.00 0.00 0.00 0.00 0.00 
0.00 0.00 0.00 0.00 0.00 0.00 0.00 0.00 0.00 0.00 0.00 0.00 0.00 0.00 0.00 0.00 0.00 0.00 0.00 0.00 
0.00 0.00 0.00 0.00 0.00 0.00 0.00 0.00 0.00 0.00 0.00 0.00 0.00 0.00 0.00 0.00 0.00 0.00 0.00 0.00 
0.00 0.00 0.00 0.00 0.00 0.00 0.00 0.00 0.00 0.00 0.00 0.00 0.00 0.00 0.00 0.00 0.00 0.00 0.00 0.00 
0.00 0.00 0.00 0.00 0.00 0.00 0.00 0.00 0.00 0.00 0.00 0.00 0.00 0.00 0.00 0.00 0.00 0.00 0.00 0.00 
0.00 0.00 0.00 0.00 0.00 0.00 0.00 0.00 0.00 0.00 0.00 0.00 0.00 0.00 0.00 0.00 0.00 0.00 0.00 0.00 
0.00 0.00 0.00 0.00 0.00 0.00 0.00 0.00 0.00 0.00 0.00 0.00 0.00 0.00 0.00 0.00 0.00 0.00 0.00 0.00 
0.00 0.00 0.00 0.00 0.00 0.00 0.00 0.00 0.00 0.00 0.00 0.00 0.00 0.00 0.00 0.00 0.00 0.00 0.00 0.00 
0.00 0.00 0.00 0.00 0.00 0.00 0.00 0.00 0.00 0.00 0.00 0.00 0.00 0.00 0.00 0.00 0.00 0.00 0.00 0.00 
0.00 0.00 0.00 0.00 0.00 0.00 0.00 0.00 0.00 0.00 0.00 0.00 0.00 0.00 0.00 0.00 0.00 0.00 0.00 0.00 
0.00 0.00 0.00 0.00 0.00 0.00 0.00 0.00 0.00 0.00 0.00 0.00 0.00 0.00 0.00 0.00 0.00 0.00 0.00 0.00 
0.00 0.00 0.00 0.00 0.00 0.00 0.00 0.00 0.00 0.00 0.00 0.00 0.00 0.00 0.00 0.00 0.00 0.00 0.00 0.00 
0.00 0.00 0.00 0.00 0.00 0.00 0.00 0.00 0.00 0.00 0.00 0.00 0.00 0.00 0.00 0.00 0.00 0.00 0.00 0.00 
0.00 0.00 0.00 0.00 0.00 0.00 0.00 0.00 0.00 0.00 0.00 0.00 0.00 0.00 0.00 0.00 0.00 0.00 0.00 0.00 
0.00 0.00 0.00 0.00 0.00 0.00 0.00 0.00 0.00 0.00 0.00 0.00 0.00 0.00 0.00 0.00 0.00 0.00 0.00 0.00 
0.00 0.00 0.00 0.00 0.00 0.00 0.00 0.00 0.00 0.00 0.00 0.00 0.00 0.00 0.00 0.00 0.00 0.00 0.00 0.00 
0.00 0.00 0.00 0.00 0.00 0.00 0.00 0.00 0.00 0.00 0.00 0.00 0.00 0.00 0.00 0.00 0.00 0.00 0.00 0.00 
0.00 0.00 0.00 0.00 0.00 0.00 0.00 0.00 0.00 0.00 0.00 0.00 0.00 0.00 0.00 0.00 0.00 0.00 0.00 0.00 
0.00 0.00 0.00 0.00 0.00 0.00 0.00 0.00 0.00 0.00 0.00 0.00 0.00 0.00 0.00 0.00 0.00 0.00 0.00 0.00 
0.00 0.00 0.00 0.00 0.00 0.00 0.00 0.00 0.00 0.00 0.00 0.00 0.00 0.00 0.00 0.00 0.00 0.00 0.00 0.00 
0.00 0.00 0.00 0.00 0.00 0.00 0.00 0.00 0.00 0.00 0.00 0.00 0.00 0.00 0.00 0.00 0.00 0.00 0.00 0.00 
0.00 0.00 0.00 0.00 0.00 0.00 0.00 0.00 0.00 0.00 0.00 0.00 0.00 0.00 0.00 0.00 0.00 0.00 0.00 0.00 
0.00 0.00 0.00 0.00 0.00 0.00 0.00 0.00 0.00 0.00 0.00 0.00 0.00 0.00 0.00 0.00 0.00 0.00 0.00 0.00 
0.00 0.00 0.00 0.00 0.00 0.00 0.00 0.00 0.00 0.00 0.00 0.00 0.00 0.00 0.00 0.00 0.00 0.00 0.00 0.00 
0.00 0.00 0.00 0.00 0.00 0.00 0.00 0.00 0.00 0.00 0.00 0.00 0.00 0.00 0.00 0.00 0.00 0.00 0.00 0.00 
0.00 0.00 0.00 0.00 0.00 0.00 0.00 0.00 0.00 0.00 0.00 0.00 0.00 0.00 0.00 0.00 0.00 0.00 0.00 0.00 
0.00 0.00 0.00 0.00 0.00 0.00 0.00 0.00 0.00 0.00 0.00 0.00 0.00 0.00 0.00 0.00 0.00 0.00 0.00 0.00 
0.00 0.00 0.00 0.00 0.00 0.00 0.00 0.00 0.00 0.00 0.00 0.00 0.00 0.00 0.00 0.00 0.00 0.00 0.00 0.00 
0.00 0.00 0.00 0.00 0.00 0.00 0.00 0.00 0.00 0.00 0.00 0.00 0.00 0.00 0.00 0.00 0.00 0.00 0.00 0.00 
0.00 0.00 0.00 0.00 0.00 0.00 0.00 0.00 0.00 0.00 0.00 0.00 0.00 0.00 0.00 0.00 0.00 0.00 0.00 0.00 
0.00 0.00 0.00 0.00 0.00 0.00 0.00 0.00 0.00 0.00 0.00 0.00 0.00 0.00 0.00 0.00 0.00 0.00 0.00 0.00 
0.00 0.00 0.00 0.00 0.00 0.00 0.00 0.00 0.00 0.00 0.00 0.00 0.00 0.00 0.00 0.00 0.00 0.00 0.00 0.00 
0.00 0.00 0.00 0.00 0.00 0.00 0.00 0.00 0.00 0.00 0.00 0.00 0.00 0.00 0.00 0.00 0.00 0.00 0.00 0.00 
0.00 0.00 0.00 0.00 0.00 0.00 0.00 0.00 0.00 0.00 0.00 0.00 0.00 0.00 0.00 0.00 0.00 0.00 0.00 0.00 
0.00 0.00 0.00 0.00 0.00 0.00 0.00 0.00 0.00 0.00 0.00 0.00 0.00 0.00 0.00 0.00 0.00 0.00 0.00 0.00 
0.00 0.00 0.00 0.00 0.00 0.00 0.00 0.00 0.00 0.00 0.00 0.00 0.00 0.00 0.00 0.00 0.00 0.00 0.00 0.00 
0.00 0.00 0.00 0.00 0.00 0.00 0.00 0.00 0.00 0.00 0.00 0.00 0.00 0.00 0.00 0.00 0.00 0.00 0.00 0.00 
0.00 0.00 0.00 0.00 0.00 0.00 0.00 0.00 0.00 0.00 0.00 0.00 0.00 0.00 0.00 0.00 0.00 0.00 0.00 0.00 
0.00 0.00 0.00 0.00 0.00 0.00 0.00 0.00 0.00 0.00 0.00 0.00 0.00 0.00 0.00 0.00 0.00 0.00 0.00 0.00 
0.00 0.00 0.00 0.00 0.00 0.00 0.00 0.00 0.00 0.00 0.00 0.00 0.00 0.00 0.00 0.00 0.00 0.00 0.00 0.00 
0.00 0.00 0.00 0.00 0.00 0.00 0.00 0.00 0.00 0.00 0.00 0.00 0.00 0.00 0.00 0.00 0.00 0.00 0.00 0.00 
0.00 0.00 0.00 0.00 0.00 0.00 0.00 0.00 0.00 0.00 0.00 0.00 0.00 0.00 0.00 0.00 0.00 0.00 0.00 0.00 
0.00 0.00 0.00 0.00 0.00 0.00 0.00 0.00 0.00 0.00 0.00 0.00 0.00 0.00 0.00 0.00 0.00 0.00 0.00 0.00 
0.00 0.00 0.00 0.00 0.00 0.00 0.00 0.00 0.00 0.00 0.00 0.00 0.00 0.00 0.00 0.00 0.00 0.00 0.00 0.00 
0.00 0.00 0.00 0.00 0.00 0.00 0.00 0.00 0.00 0.00 0.00 0.00 0.00 0.00 0.00 0.00 0.00 0.00 0.00 0.00 
0.00 0.00 0.00 0.00 0.00 0.00 0.00 0.00 0.00 0.00 0.00 0.00 0.00 0.00 0.00 0.00 0.00 0.00 0.00 0.00 
0.00 0.00 0.00 0.00 0.00 0.00 0.00 0.00 0.00 0.00 0.00 0.00 0.00 0.00 0.00 0.00 0.00 0.00 0.00 0.00 
0.00 0.00 0.00 0.00 0.00 0.00 0.00 0.00 0.00 0.00 0.00 0.00 0.00 0.00 0.00 0.00 0.00 0.00 0.00 0.00 
0.00 0.00 0.00 0.00 0.00 0.00 0.00 0.00 0.00 0.00 0.00 0.00 0.00 0.00 0.00 0.00 0.00 0.00 0.00 0.00 
0.00 0.00 0.00 0.00 0.00 0.00 0.00 0.00 0.00 0.00 0.00 0.00 0.00 0.00 0.00 0.00 0.00 0.00 0.00 0.00 
0.00 0.00 0.00 0.00 0.00 0.00 0.00 0.00 0.00 0.00 0.00 0.00 0.00 0.00 0.00 0.00 0.00 0.00 0.00 0.00 
0.00 0.00 0.00 0.00 0.00 0.00 0.00 0.00 0.00 0.00 0.00 0.00 0.00 0.00 0.00 0.00 0.00 0.00 0.00 0.00 
0.00 0.00 0.00 0.00 0.00 0.00 0.00 0.00 0.00 0.00 0.00 0.00 0.00 0.00 0.00 0.00 0.00 0.00 0.00 0.00 
0.00 0.00 0.00 0.00 0.00 0.00 0.00 0.00 0.00 0.00 0.00 0.00 0.00 0.00 0.00 0.00 0.00 0.00 0.00 0.00 
0.00 0.00 0.00 0.00 0.00 0.00 0.00 0.00 0.00 0.00 0.00 0.00 0.00 0.00 0.00 0.00 0.00 0.00 0.00 0.00 
0.00 0.00 0.00 0.00 0.00 0.00 0.00 0.00 0.00 0.00 0.00 0.00 0.00 0.00 0.00 0.00 0.00 0.00 0.00 0.00 
0.00 0.00 0.00 0.00 0.00 0.00 0.00 0.00 0.00 0.00 0.00 0.00 0.00 0.00 0.00 0.00 0.00 0.00 0.00 0.00 
0.00 0.00 0.00 0.00 0.00 0.00 0.00 0.00 0.00 0.00 0.00 0.00 0.00 0.00 0.00 0.00 0.00 0.00 0.00 0.00 
0.00 0.00 0.00 0.00 0.00 0.00 0.00 0.00 0.00 0.00 0.00 0.00 0.00 0.00 0.00 0.00 0.00 0.00 0.00 0.00 
0.00 0.00 0.00 0.00 0.00 0.00 0.00 0.00 0.00 0.00 0.00 0.00 0.00 0.00 0.00 0.00 0.00 0.00 0.00 0.00 
0.00 0.00 0.00 0.00 0.00 0.00 0.00 0.00 0.00 0.00 0.00 0.00 0.00 0.00 0.00 0.00 0.00 0.00 0.00 0.00 
0.00 0.00 0.00 0.00 0.00 0.00 0.00 0.00 0.00 0.00 0.00 0.00 0.00 0.00 0.00 0.00 0.00 0.00 0.00 0.00 
0.00 0.00 0.00 0.00 0.00 0.00 0.00 0.00 0.00 0.00 0.00 0.00 0.00 0.00 0.00 0.00 0.00 0.00 0.00 0.00 
0.00 0.00 0.00 0.00 0.00 0.00 0.00 0.00 0.00 0.00 0.00 0.00 0.00 0.00 0.00 0.00 0.00 0.00 0.00 0.00 
0.00 0.00 0.00 0.00 0.00 0.00 0.00 0.00 0.00 0.00 0.00 0.00 0.00 0.00 0.00 0.00 0.00 0.00 0.00 0.00 
0.00 0.00 0.00 0.00 0.00 0.00 0.00 0.00 0.00 0.00 0.00 0.00 0.00 0.00 0.00 0.00 0.00 0.00 0.00 0.00 
0.00 0.00 0.00 0.00 0.00 0.00 0.00 0.00 0.00 0.00 0.00 0.00 0.00 0.00 0.00 0.00 0.00 0.00 0.00 0.00 
0.00 0.00 0.00 0.00 0.00 0.00 0.00 0.00 0.00 0.00 0.00 0.00 0.00 0.00 0.00 0.00 0.00 0.00 0.00 0.00 
0.00 0.00 0.00 0.00 0.00 0.00 0.00 0.00 0.00 0.00 0.00 0.00 0.00 0.00 0.00 0.00 0.00 0.00 0.00 0.00 
0.00 0.00 0.00 0.00 0.00 0.00 0.00 0.00 0.00 0.00 0.00 0.00 0.00 0.00 0.00 0.00 0.00 0.00 0.00 0.00 
0.00 0.00 0.00 0.00 0.00 0.00 0.00 0.00 0.00 0.00 0.00 0.00 0.00 0.00 0.00 0.00 0.00 0.00 0.00 0.00 
0.00 0.00 0.00 0.00 0.00 0.00 0.00 0.00 0.00 0.00 0.00 0.00 0.00 0.00 0.00 0.00 0.00 0.00 0.00 0.00 
0.00 0.00 0.00 0.00 0.00 0.00 0.00 0.00 0.00 0.00 0.00 0.00 0.00 0.00 0.00 0.00 0.00 0.00 0.00 0.00 
0.00 0.00 0.00 0.00 0.00 0.00 0.00 0.00 0.00 0.00 0.00 0.00 0.00 0.00 0.00 0.00 0.00 0.00 0.00 0.00 
0.00 0.00 0.00 0.00 0.00 0.00 0.00 0.00 0.00 0.00 0.00 0.00 0.00 0.00 0.00 0.00 0.00 0.00 0.00 0.00 
0.00 0.00 0.00 0.00 0.00 0.00 0.00 0.00 0.00 0.00 0.00 0.00 0.00 0.00 0.00 0.00 0.00 0.00 0.00 0.00 
0.00 0.00 0.00 0.00 0.00 0.00 0.00 0.00 0.00 0.00 0.00 0.00 0.00 0.00 0.00 0.00 0.00 0.00 0.00 0.00 
0.00 0.00 0.00 0.00 0.00 0.00 0.00 0.00 0.00 0.00 0.00 0.00 0.00 0.00 0.00 0.00 0.00 0.00 0.00 0.00 
0.00 0.00 0.00 0.00 0.00 0.00 0.00 0.00 0.00 0.00 0.00 0.00 0.00 0.00 0.00 0.00 0.00 0.00 0.00 0.00 
0.00 0.00 0.00 0.00 0.00 0.00 0.00 0.00 0.00 0.00 0.00 0.00 0.00 0.00 0.00 0.00 0.00 0.00 0.00 0.00 
0.00 0.00 0.00 0.00 0.00 0.00 0.00 0.00 0.00 0.00 0.00 0.00 0.00 0.00 0.00 0.00 0.00 0.00 0.00 0.00 
0.00 0.00 0.00 0.00 0.00 0.00 0.00 0.00 0.00 0.00 0.00 0.00 0.00 0.00 0.00 0.00 0.00 0.00 0.00 0.00 
0.00 0.00 0.00 0.00 0.00 0.00 0.00 0.00 0.00 0.00 0.00 0.00 0.00 0.00 0.00 0.00 0.00 0.00 0.00 0.00 
0.00 0.00 0.00 0.00 0.00 0.00 0.00 0.00 0.00 0.00 0.00 0.00 0.00 0.00 0.00 0.00 0.00 0.00 0.00 0.00 
0.00 0.00 0.00 0.00 0.00 0.00 0.00 0.00 0.00 0.00 0.00 0.00 0.00 0.00 0.00 0.00 0.00 0.00 0.00 0.00 
0.00 0.00 0.00 0.00 0.00 0.00 0.00 0.00 0.00 0.00 0.00 0.00 0.00 0.00 0.00 0.00 0.00 0.00 0.00 0.00 
0.00 0.00 0.00 0.00 0.00 0.00 0.00 0.00 0.00 0.00 0.00 0.00 0.00 0.00 0.00 0.00 0.00 0.00 0.00 0.00 
0.00 0.00 0.00 0.00 0.00 0.00 0.00 0.00 0.00 0.00 0.00 0.00 0.00 0.00 0.00 0.00 0.00 0.00 0.00 0.00 
0.00 0.00 0.00 0.00 0.00 0.00 0.00 0.00 0.00 0.00 0.00 0.00 0.00 0.00 0.00 0.00 0.00 0.00 0.00 0.00 
0.00 0.00 0.00 0.00 0.00 0.00 0.00 0.00 0.00 0.00 0.00 0.00 0.00 0.00 0.00 0.00 0.00 0.00 0.00 0.00 
0.00 0.00 0.00 0.00 0.00 0.00 0.00 0.00 0.00 0.00 0.00 0.00 0.00 0.00 0.00 0.00 0.00 0.00 0.00 0.00 
0.00 0.00 0.00 0.00 0.00 0.00 0.00 0.00 0.00 0.00 0.00 0.00 0.00 0.00 0.00 0.00 0.00 0.00 0.00 0.00 
0.00 0.00 0.00 0.00 0.00 0.00 0.00 0.00 0.00 0.00 0.00 0.00 0.00 0.00 0.00 0.00 0.00 0.00 0.00 0.00 
0.00 0.00 0.00 0.00 0.00 0.00 0.00 0.00 0.00 0.00 0.00 0.00 0.00 0.00 0.00 0.00 0.00 0.00 0.00 0.00 
0.00 0.00 0.00 0.00 0.00 0.00 0.00 0.00 0.00 0.00 0.00 0.00 0.00 0.00 0.00 0.00 0.00 0.00 0.00 0.00 
0.00 0.00 0.00 0.00 0.00 0.00 0.00 0.00 0.00 0.00 0.00 0.00 0.00 0.00 0.00 0.00 0.00 0.00 0.00 0.00 
0.00 0.00 0.00 0.00 0.00 0.00 0.00 0.00 0.00 0.00 0.00 0.00 0.00 0.00 0.00 0.00 0.00 0.00 0.00 0.00 
0.00 0.00 0.00 0.00 0.00 0.00 0.00 0.00 0.00 0.00 0.00 0.00 0.00 0.00 0.00 0.00 0.00 0.00 0.00 0.00 
0.00 0.00 0.00 0.00 0.00 0.00 0.00 0.00 0.00 0.00 0.00 0.00 0.00 0.00 0.00 0.00 0.00 0.00 0.00 0.00 
0.00 0.00 0.00 0.00 0.00 0.00 0.00 0.00 0.00 0.00 0.00 0.00 0.00 0.00 0.00 0.00 0.00 0.00 0.00 0.00 
0.00 0.00 0.00 0.00 0.00 0.00 0.00 0.00 0.00 0.00 0.00 0.00 0.00 0.00 0.00 0.00 0.00 0.00 0.00 0.00 
0.00 0.00 0.00 0.00 0.00 0.00 0.00 0.00 0.00 0.00 0.00 0.00 0.00 0.00 0.00 0.00 0.00 0.00 0.00 0.00 
0.00 0.00 0.00 0.00 0.00 0.00 0.00 0.00 0.00 0.00 0.00 0.00 0.00 0.00 0.00 0.00 0.00 0.00 0.00 0.00 
0.00 0.00 0.00 0.00 0.00 0.00 0.00 0.00 0.00 0.00 0.00 0.00 0.00 0.00 0.00 0.00 0.00 0.00 0.00 0.00 
0.00 0.00 0.00 0.00 0.00 0.00 0.00 0.00 0.00 0.00 0.00 0.00 0.00 0.00 0.00 0.00 0.00 0.00 0.00 0.00 
0.00 0.00 0.00 0.00 0.00 0.00 0.00 0.00 0.00 0.00 0.00 0.00 0.00 0.00 0.00 0.00 0.00 0.00 0.00 0.00 
0.00 0.00 0.00 0.00 0.00 0.00 0.00 0.00 0.00 0.00 0.00 0.00 0.00 0.00 0.00 0.00 0.00 0.00 0.00 0.00 
0.00 0.00 0.00 0.00 0.00 0.00 0.00 0.00 0.00 0.00 0.00 0.00 0.00 0.00 0.00 0.00 0.00 0.00 0.00 0.00 
0.00 0.00 0.00 0.00 0.00 0.00 0.00 0.00 0.00 0.00 0.00 0.00 0.00 0.00 0.00 0.00 0.00 0.00 0.00 0.00 
0.00 0.00 0.00 0.00 0.00 0.00 0.00 0.00 0.00 0.00 0.00 0.00 0.00 0.00 0.00 0.00 0.00 0.00 0.00 0.00 
0.00 0.00 0.00 0.00 0.00 0.00 0.00 0.00 0.00 0.00 0.00 0.00 0.00 0.00 0.00 0.00 0.00 0.00 0.00 0.00 
0.00 0.00 0.00 0.00 0.00 0.00 0.00 0.00 0.00 0.00 0.00 0.00 0.00 0.00 0.00 0.00 0.00 0.00 0.00 0.00 
0.00 0.00 0.00 0.00 0.00 0.00 0.00 0.00 0.00 0.00 0.00 0.00 0.00 0.00 0.00 0.00 0.00 0.00 0.00 0.00 
0.00 0.00 0.00 0.00 0.00 0.00 0.00 0.00 0.00 0.00 0.00 0.00 0.00 0.00 0.00 0.00 0.00 0.00 0.00 0.00 
0.00 0.00 0.00 0.00 0.00 0.00 0.00 0.00 0.00 0.00 0.00 0.00 0.00 0.00 0.00 0.00 0.00 0.00 0.00 0.00 
0.00 0.00 0.00 0.00 0.00 0.00 0.00 0.00 0.00 0.00 0.00 0.00 0.00 0.00 0.00 0.00 0.00 0.00 0.00 0.00 
0.00 0.00 0.00 0.00 0.00 0.00 0.00 0.00 0.00 0.00 0.00 0.00 0.00 0.00 0.00 0.00 0.00 0.00 0.00 0.00 
0.00 0.00 0.00 0.00 0.00 0.00 0.00 0.00 0.00 0.00 0.00 0.00 0.00 0.00 0.00 0.00 0.00 0.00 0.00 0.00 
0.00 0.00 0.00 0.00 0.00 0.00 0.00 0.00 0.00 0.00 0.00 0.00 0.00 0.00 0.00 0.00 0.00 0.00 0.00 0.00 
0.00 0.00 0.00 0.00 0.00 0.00 0.00 0.00 0.00 0.00 0.00 0.00 0.00 0.00 0.00 0.00 0.00 0.00 0.00 0.00 
0.00 0.00 0.00 0.00 0.00 0.00 0.00 0.00 0.00 0.00 0.00 0.00 0.00 0.00 0.00 0.00 0.00 0.00 0.00 0.00 
0.00 0.00 0.00 0.00 0.00 0.00 0.00 0.00 0.00 0.00 0.00 0.00 0.00 0.00 0.00 0.00 0.00 0.00 0.00 0.00 
0.00 0.00 0.00 0.00 0.00 0.00 0.00 0.00 0.00 0.00 0.00 0.00 0.00 0.00 0.00 0.00 0.00 0.00 0.00 0.00 
0.00 0.00 0.00 0.00 0.00 0.00 0.00 0.00 0.00 0.00 0.00 0.00 0.00 0.00 0.00 0.00 0.00 0.00 0.00 0.00 
0.00 0.00 0.00 0.00 0.00 0.00 0.00 0.00 0.00 0.00 0.00 0.00 0.00 0.00 0.00 0.00 0.00 0.00 0.00 0.00 
0.00 0.00 0.00 0.00 0.00 0.00 0.00 0.00 0.00 0.00 0.00 0.00 0.00 0.00 0.00 0.00 0.00 0.00 0.00 0.00 
0.00 0.00 0.00 0.00 0.00 0.00 0.00 0.00 0.00 0.00 0.00 0.00 0.00 0.00 0.00 0.00 0.00 0.00 0.00 0.00 
0.00 0.00 0.00 0.00 0.00 0.00 0.00 0.00 0.00 0.00 0.00 0.00 0.00 0.00 0.00 0.00 0.00 0.00 0.00 0.00 
0.00 0.00 0.00 0.00 0.00 0.00 0.00 0.00 0.00 0.00 0.00 0.00 0.00 0.00 0.00 0.00 0.00 0.00 0.00 0.00 
0.00 0.00 0.00 0.00 0.00 0.00 0.00 0.00 0.00 0.00 0.00 0.00 0.00 0.00 0.00 0.00 0.00 0.00 0.00 0.00 
0.00 0.00 0.00 0.00 0.00 0.00 0.00 0.00 0.00 0.00 0.00 0.00 0.00 0.00 0.00 0.00 0.00 0.00 0.00 0.00 
0.00 0.00 0.00 0.00 0.00 0.00 0.00 0.00 0.00 0.00 0.00 0.00 0.00 0.00 0.00 0.00 0.00 0.00 0.00 0.00 
0.00 0.00 0.00 0.00 0.00 0.00 0.00 0.00 0.00 0.00 0.00 0.00 0.00 0.00 0.00 0.00 0.00 0.00 0.00 0.00 
0.00 0.00 0.00 0.00 0.00 0.00 0.00 0.00 0.00 0.00 0.00 0.00 0.00 0.00 0.00 0.00 0.00 0.00 0.00 0.00 
0.00 0.00 0.00 0.00 0.00 0.00 0.00 0.00 0.00 0.00 0.00 0.00 0.00 0.00 0.00 0.00 0.00 0.00 0.00 0.00 
0.00 0.00 0.00 0.00 0.00 0.00 0.00 0.00 0.00 0.00 0.00 0.00 0.00 0.00 0.00 0.00 0.00 0.00 0.00 0.00 
0.00 0.00 0.00 0.00 0.00 0.00 0.00 0.00 0.00 0.00 0.00 0.00 0.00 0.00 0.00 0.00 0.00 0.00 0.00 0.00 
0.00 0.00 0.00 0.00 0.00 0.00 0.00 0.00 0.00 0.00 0.00 0.00 0.00 0.00 0.00 0.00 0.00 0.00 0.00 0.00 
0.00 0.00 0.00 0.00 0.00 0.00 0.00 0.00 0.00 0.00 0.00 0.00 0.00 0.00 0.00 0.00 0.00 0.00 0.00 0.00 
0.00 0.00 0.00 0.00 0.00 0.00 0.00 0.00 0.00 0.00 0.00 0.00 0.00 0.00 0.00 0.00 0.00 0.00 0.00 0.00 
0.00 0.00 0.00 0.00 0.00 0.00 0.00 0.00 0.00 0.00 0.00 0.00 0.00 0.00 0.00 0.00 0.00 0.00 0.00 0.00 
0.00 0.00 0.00 0.00 0.00 0.00 0.00 0.00 0.00 0.00 0.00 0.00 0.00 0.00 0.00 0.00 0.00 0.00 0.00 0.00 
0.00 0.00 0.00 0.00 0.00 0.00 0.00 0.00 0.00 0.00 0.00 0.00 0.00 0.00 0.00 0.00 0.00 0.00 0.00 0.00 
0.00 0.00 0.00 0.00 0.00 0.00 0.00 0.00 0.00 0.00 0.00 0.00 0.00 0.00 0.00 0.00 0.00 0.00 0.00 0.00 
0.00 0.00 0.00 0.00 0.00 0.00 0.00 0.00 0.00 0.00 0.00 0.00 0.00 0.00 0.00 0.00 0.00 0.00 0.00 0.00 
0.00 0.00 0.00 0.00 0.00 0.00 0.00 0.00 0.00 0.00 0.00 0.00 0.00 0.00 0.00 0.00 0.00 0.00 0.00 0.00 
0.00 0.00 0.00 0.00 0.00 0.00 0.00 0.00 0.00 0.00 0.00 0.00 0.00 0.00 0.00 0.00 0.00 0.00 0.00 0.00 
0.00 0.00 0.00 0.00 0.00 0.00 0.00 0.00 0.00 0.00 0.00 0.00 0.00 0.00 0.00 0.00 0.00 0.00 0.00 0.00 
0.00 0.00 0.00 0.00 0.00 0.00 0.00 0.00 0.00 0.00 0.00 0.00 0.00 0.00 0.00 0.00 0.00 0.00 0.00 0.00 
0.00 0.00 0.00 0.00 0.00 0.00 0.00 0.00 0.00 0.00 0.00 0.00 0.00 0.00 0.00 0.00 0.00 0.00 0.00 0.00 
0.00 0.00 0.00 0.00 0.00 0.00 0.00 0.00 0.00 0.00 0.00 0.00 0.00 0.00 0.00 0.00 0.00 0.00 0.00 0.00 
0.00 0.00 0.00 0.00 0.00 0.00 0.00 0.00 0.00 0.00 0.00 0.00 0.00 0.00 0.00 0.00 0.00 0.00 0.00 0.00 
0.00 0.00 0.00 0.00 0.00 0.00 0.00 0.00 0.00 0.00 0.00 0.00 0.00 0.00 0.00 0.00 0.00 0.00 0.00 0.00 
0.00 0.00 0.00 0.00 0.00 0.00 0.00 0.00 0.00 0.00 0.00 0.00 0.00 0.00 0.00 0.00 0.00 0.00 0.00 0.00 
0.00 0.00 0.00 0.00 0.00 0.00 0.00 0.00 0.00 0.00 0.00 0.00 0.00 0.00 0.00 0.00 0.00 0.00 0.00 0.00 
0.00 0.00 0.00 0.00 0.00 0.00 0.00 0.00 0.00 0.00 0.00 0.00 0.00 0.00 0.00 0.00 0.00 0.00 0.00 0.00 
0.00 0.00 0.00 0.00 0.00 0.00 0.00 0.00 0.00 0.00 0.00 0.00 0.00 0.00 0.00 0.00 0.00 0.00 0.00 0.00 
0.00 0.00 0.00 0.00 0.00 0.00 0.00 0.00 0.00 0.00 0.00 0.00 0.00 0.00 0.00 0.00 0.00 0.00 0.00 0.00 
0.00 0.00 0.00 0.00 0.00 0.00 0.00 0.00 0.00 0.00 0.00 0.00 0.00 0.00 0.00 0.00 0.00 0.00 0.00 0.00 
end   dump: w
==END   DUMP_ARRAYS==
==BEGIN DUMP_ARRAYS==
begin dump: w
7767.71 465938464.00 512389280.00 590480512.00 675560896.00 764031104.00 854563968.00 945434432.00 1036531008.00 1129062144.00 1220407424.00 1313420544.00 1405784704.00 1498614784.00 1591250560.00 1683829376.00 1775898880.00 1869752576.00 1962597376.00 2055580800.00 
2147278464.00 2241834752.00 2334589952.00 2427776000.00 2520254720.00 2612107520.00 2706932480.00 2799953408.00 2893044992.00 2986568960.00 3078709760.00 3171756288.00 3263415808.00 3358670080.00 3451847936.00 3544737792.00 3637740800.00 3731132160.00 3824244992.00 3917497600.00 
4008016128.00 4103908864.00 4197007104.00 4289308928.00 4383428096.00 4476488704.00 4570117632.00 4662778880.00 4755017728.00 4849304576.00 4939023360.00 5035592192.00 5128885760.00 5222162944.00 5314856448.00 5408217088.00 5501119488.00 5594696192.00 5688573952.00 5781423616.00 
5873063936.00 5967353856.00 6060395008.00 6154643456.00 6244970496.00 6339921408.00 6433370624.00 6526738432.00 6619834880.00 6713813504.00 6805681664.00 6899068928.00 6992165376.00 7086137856.00 7178710016.00 7270583296.00 7365368832.00 7459061248.00 7551913984.00 7645219840.00 
7732861440.00 7831633408.00 7924741120.00 8017976320.00 8111027712.00 8203781120.00 8297137664.00 8391774208.00 8483611136.00 8577627136.00 8669872128.00 8764132352.00 8856839168.00 8947976192.00 9043240960.00 9136071680.00 9227563008.00 9322935296.00 9416194048.00 9509221376.00 
9595655168.00 9695642624.00 9788844032.00 9881955328.00 9974993920.00 10068161536.00 10161872896.00 10255110144.00 10347501568.00 10441521152.00 10534032384.00 10627261440.00 10720075776.00 10814779392.00 10907238400.00 11000485888.00 11094049792.00 11187012608.00 11280516096.00 11373601792.00 
11464092672.00 11559675904.00 11653150720.00 11746152448.00 11839293440.00 11924046848.00 12026375168.00 12120684544.00 12210294784.00 12302816256.00 12398348288.00 12492039168.00 12585178112.00 12678368256.00 12771847168.00 12864757760.00 12957749248.00 13051658240.00 13146097664.00 13238203392.00 
13329756160.00 13424179200.00 13517133824.00 13611551744.00 13702950912.00 13796960256.00 13890606080.00 13983420416.00 14075833344.00 14170344448.00 14259854336.00 14356996096.00 14449271808.00 14542359552.00 14636897280.00 14729065472.00 14822417408.00 14915990528.00 15008961536.00 15102178304.00 
15184284672.00 15288778752.00 15381855232.00 15474966528.00 15568159744.00 15661283328.00 15754543104.00 15848509440.00 15940722688.00 16033173504.00 16126801920.00 16220849152.00 16313582592.00 16407105536.00 16502332416.00 16592095232.00 16685913088.00 16780872704.00 16873383936.00 16966287360.00 
17058386944.00 17153150976.00 17247111168.00 17338931200.00 17432225792.00 17525647360.00 17617985536.00 17712287744.00 17805244416.00 17898764288.00 17990922240.00 18085433344.00 18176294912.00 18271694848.00 18364790784.00 18457348096.00 18551035904.00 18644367360.00 18737186816.00 18830336000.00 
18910203904.00 19017117696.00 19110144000.00 19203825664.00 19296751616.00 19389538304.00 19483226112.00 19576739840.00 19668774912.00 19763122176.00 19855278080.00 19950028800.00 20042584064.00 20135915520.00 20229251072.00 20321972224.00 20414865408.00 20508895232.00 20601882624.00 20695105536.00 
20787122176.00 20882022400.00 20973594624.00 21068699648.00 21159290880.00 21252950016.00 21347907584.00 21441087488.00 21534019584.00 21627447296.00 21720076288.00 21813696512.00 21906679808.00 21999435776.00 22093258752.00 22185457664.00 22280146944.00 22373222400.00 22466344960.00 22559821824.00 
22647357440.00 22746374144.00 22839191552.00 22932768768.00 23025549312.00 23118985216.00 23211988992.00 23305523200.00 23398000640.00 23491504128.00 23567456256.00 23678574592.00 23771549696.00 23864731648.00 23958560768.00 24050808832.00 24142206976.00 24237510656.00 24329291776.00 24424658944.00 
24515899392.00 24610641920.00 24703404032.00 24796790784.00 24889542656.00 24982880256.00 25075916800.00 25170923520.00 25262989312.00 25356249088.00 25448865792.00 25542451200.00 25634834432.00 25729437696.00 25822816256.00 25913745408.00 26009272320.00 26101995520.00 26195212288.00 26287747072.00 
26378876928.00 26474948608.00 26567872512.00 26661167104.00 26754011136.00 26846801920.00 26942461952.00 27034787840.00 27125346304.00 27220736000.00 27313315840.00 27407403008.00 27500105728.00 27593674752.00 27686533120.00 27779561472.00 27872286720.00 27966535680.00 28059633664.00 28152690688.00 
28239058944.00 28339107840.00 28432545792.00 28524957696.00 28617803776.00 28711626752.00 28804820992.00 28897941504.00 28993286144.00 29085276160.00 29177735168.00 29271447552.00 29364162560.00 29457813504.00 29551175680.00 29644144640.00 29737572352.00 29830768640.00 29924012032.00 30016991232.00 
30099245056.00 30203904000.00 30296762368.00 30390185984.00 30482900992.00 30574858240.00 30669613056.00 30762932224.00 30855731200.00 30948960256.00 31041845248.00 31135524864.00 31228395520.00 31320428544.00 31416342528.00 31508727808.00 31601053696.00 31695534080.00 31787794432.00 31883130880.00 
31973449728.00 32067999744.00 32161075200.00 32254859264.00 32347080704.00 32440645632.00 32534016000.00 32627159040.00 32721250304.00 32814415872.00 32903573504.00 33000306688.00 33091164160.00 33187905536.00 33280126976.00 33372694528.00 33466015744.00 33559420928.00 33652555776.00 33746364416.00 
33836345344.00 33932132352.00 34025246720.00 34117595136.00 34213906432.00 34305474560.00 34398396416.00 34492063744.00 34583973888.00 34677915648.00 34770792448.00 34864607232.00 34957152256.00 35051098112.00 35144232960.00 35228618752.00 35330142208.00 35423895552.00 35517091840.00 35610394624.00 
35702087680.00 35801182208.00 35889938432.00 35983716352.00 36074311680.00 36169416704.00 36262907904.00 36355158016.00 36449087488.00 36542574592.00 36634943488.00 36729118720.00 36821413888.00 36915306496.00 37008420864.00 37101281280.00 37194563584.00 37288062976.00 37380907008.00 37473697792.00 
37539966976.00 37661855744.00 37754548224.00 37847879680.00 37940613120.00 38033670144.00 38127239168.00 38220623872.00 38313123840.00 38407053312.00 38499393536.00 38593556480.00 38686375936.00 38779637760.00 38873407488.00 38965972992.00 39057272832.00 39152791552.00 39246016512.00 39338946560.00 
39430856704.00 39520792576.00 39618850816.00 39711997952.00 39804719104.00 39896702976.00 39991595008.00 40084865024.00 40177782784.00 40271527936.00 40363925504.00 40457682944.00 40549830656.00 40644370432.00 40737329152.00 40830488576.00 40923557888.00 41017229312.00 41110093824.00 41202925568.00 
41293815808.00 41389744128.00 41482969088.00 41575931904.00 41666867200.00 41764605952.00 41856790528.00 41949601792.00 42040610816.00 42136313856.00 42225676288.00 42322292736.00 42415300608.00 42508779520.00 42601791488.00 42694905856.00 42787807232.00 42881040384.00 42974351360.00 43066535936.00 
43159781376.00 43254202368.00 43347628032.00 43440979968.00 43532992512.00 43626561536.00 43720011776.00 43813277696.00 43906519040.00 44000051200.00 44092239872.00 44187172864.00 44279451648.00 44373037056.00 44466262016.00 44557795328.00 44652232704.00 44745728000.00 44839219200.00 44932243456.00 
45014392832.00 45118599168.00 45212008448.00 45305147392.00 45398167552.00 45491806208.00 45585137664.00 45678129152.00 45770936320.00 45864697856.00 45957189632.00 46050910208.00 46143922176.00 46237364224.00 46330425344.00 46423371776.00 46515748864.00 46609870848.00 46702907392.00 46795415552.00 
46855241728.00 46984454144.00 47076880384.00 47170535424.00 47262715904.00 47356018688.00 47449239552.00 47542235136.00 47635906560.00 47728762880.00 47821561856.00 47915352064.00 48006459392.00 48102240256.00 48195047424.00 48287911936.00 48380641280.00 48474148864.00 48568102912.00 48661139456.00 
48751591424.00 48847290368.00 48941322240.00 49033895936.00 49126993920.00 49218785280.00 49313558528.00 49407115264.00 49499045888.00 49593249792.00 49685753856.00 49779838976.00 49872453632.00 49964888064.00 50059866112.00 50152468480.00 50245357568.00 50339086336.00 50432000000.00 50524966912.00 
50617303040.00 50712043520.00 50805022720.00 50898468864.00 50989408256.00 51084210176.00 51178344448.00 51270578176.00 51364532224.00 51455950848.00 51547426816.00 51643977728.00 51737219072.00 51830984704.00 51923775488.00 52016619520.00 52110090240.00 52203749376.00 52296257536.00 52389728256.00 
52477497344.00 52576325632.00 52669665280.00 52762714112.00 52855492608.00 52948774912.00 53042012160.00 53135384576.00 53227905024.00 53321293824.00 53413392384.00 53504221184.00 53604790272.00 53695934464.00 53788966912.00 53880193024.00 53972848640.00 54068277248.00 54161244160.00 54254764032.00 
54346403840.00 54440435712.00 54534139904.00 54627561472.00 54720045056.00 54813372416.00 54907117568.00 54999969792.00 55092920320.00 55186620416.00 55279075328.00 55372988416.00 55465078784.00 55559745536.00 55652491264.00 55745429504.00 55838998528.00 55930929152.00 56025255936.00 56118509568.00 
56198012928.00 56305274880.00 56398258176.00 56491560960.00 56584671232.00 56677625856.00 56769826816.00 56864223232.00 56955568128.00 57051176960.00 57143357440.00 57237307392.00 57330229248.00 57423659008.00 57516662784.00 57608564736.00 57703747584.00 57796902912.00 57889996800.00 57982943232.00 
58075070464.00 58169200640.00 58262503424.00 58356109312.00 58448064512.00 58533900288.00 58635702272.00 58728861696.00 58821931008.00 58915393536.00 59007848448.00 59101294592.00 59194986496.00 59288535040.00 59381272576.00 59474608128.00 59567644672.00 59660931072.00 59754115072.00 59847409664.00 
59929583616.00 60033953792.00 60127625216.00 60220456960.00 60313313280.00 60405948416.00 60500041728.00 60592996352.00 60685881344.00 60779663360.00 60869427200.00 60965761024.00 61059121152.00 61151899648.00 61245755392.00 61338660864.00 61431054336.00 61524881408.00 61618216960.00 61711450112.00 
61803487232.00 61897920512.00 61991022592.00 62084222976.00 62176620544.00 62269448192.00 62360588288.00 62465376256.00 62552547328.00 62645223424.00 62737457152.00 62831120384.00 62922043392.00 63017385984.00 63110569984.00 63201959936.00 63296438272.00 63390240768.00 63483957248.00 63576408064.00 
63666905088.00 63763087360.00 63856046080.00 63949979648.00 64042225664.00 64135372800.00 64229072896.00 64322224128.00 64414257152.00 64508854272.00 64601395200.00 64695205888.00 64788078592.00 64881340416.00 64974462976.00 65067397120.00 65161043968.00 65254481920.00 65347756032.00 65440555008.00 
65527078912.00 65626976256.00 65720332288.00 65813536768.00 65904508928.00 65999515648.00 66095898624.00 66186813440.00 66279710720.00 66373115904.00 66465574912.00 66559049728.00 66652172288.00 66745798656.00 66838601728.00 66932101120.00 67025264640.00 67119026176.00 67212910592.00 67305140224.00 
67392847872.00 67491479552.00 67584606208.00 67677900800.00 67770855424.00 67862437888.00 67957071872.00 68048117760.00 68144623616.00 68237656064.00 68330139648.00 68423979008.00 68516773888.00 68610351104.00 68703485952.00 68796522496.00 68887773184.00 68983627776.00 69076213760.00 69169250304.00 
69261328384.00 69356429312.00 69449080832.00 69542363136.00 69634949120.00 69728509952.00 69821980672.00 69915402240.00 70008381440.00 70101090304.00 70177439744.00 70288482304.00 70380445696.00 70474866688.00 70567854080.00 70660874240.00 70753976320.00 70847733760.00 70940565504.00 71033929728.00 
71124402176.00 71220264960.00 71315718144.00 71406428160.00 71499595776.00 71592976384.00 71687299072.00 71779590144.00 71870660608.00 71965491200.00 72058806272.00 72152432640.00 72245846016.00 72338857984.00 72431616000.00 72523743232.00 72617918464.00 72711880704.00 72805130240.00 72898166784.00 
72990031872.00 73084526592.00 73177817088.00 73271140352.00 73363062784.00 73457098752.00 73550626816.00 73644015616.00 73736921088.00 73830473728.00 73922797568.00 74016702464.00 74109370368.00 74202750976.00 74295885824.00 74388889600.00 74481983488.00 74575200256.00 74667630592.00 74759061504.00 
74800021504.00 74952785920.00 75044036608.00 75136729088.00 75229429760.00 75322384384.00 75415896064.00 75508596736.00 75601543168.00 75696226304.00 75787681792.00 75881955328.00 75974451200.00 76067373056.00 76161163264.00 76254240768.00 76346572800.00 76440748032.00 76533817344.00 76627320832.00 
76719177728.00 76813606912.00 76906995712.00 76999958528.00 77092962304.00 77184679936.00 77279576064.00 77372522496.00 77466238976.00 77559414784.00 77651935232.00 77745774592.00 77836836864.00 77931839488.00 78025605120.00 78118412288.00 78211874816.00 78304878592.00 78398308352.00 78491525120.00 
78582054912.00 78677901312.00 78768857088.00 78864744448.00 78957330432.00 79050432512.00 79143911424.00 79237128192.00 79329296384.00 79423823872.00 79513468928.00 79609495552.00 79703277568.00 79796387840.00 79889907712.00 79982690304.00 80075513856.00 80166371328.00 80263184384.00 80355999744.00 
80448012288.00 80542629888.00 80635535360.00 80729022464.00 80819855360.00 80915480576.00 81008812032.00 81102184448.00 81194696704.00 81287946240.00 81381089280.00 81474723840.00 81567367168.00 81661067264.00 81754218496.00 81838702592.00 81940406272.00 82033426432.00 82125938688.00 82220318720.00 
82308014080.00 82406637568.00 82499821568.00 82592948224.00 82686287872.00 82779316224.00 82872680448.00 82965577728.00 83057549312.00 83162898432.00 83246080000.00 83339886592.00 83432300544.00 83525730304.00 83618635776.00 83711827968.00 83803095040.00 83898335232.00 83992428544.00 84084883456.00 
84171112448.00 84271308800.00 84364484608.00 84457447424.00 84550508544.00 84643930112.00 84737376256.00 84830552064.00 84923572224.00 85014937600.00 85109694464.00 85203542016.00 85295521792.00 85389729792.00 85482708992.00 85575999488.00 85669019648.00 85763022848.00 85855272960.00 85949317120.00 
86039461888.00 86135357440.00 86228344832.00 86314868736.00 86415474688.00 86507044864.00 86601908224.00 86695010304.00 86786039808.00 86881329152.00 86973792256.00 87067656192.00 87160610816.00 87253770240.00 87347372032.00 87440293888.00 87533223936.00 87627169792.00 87720222720.00 87813316608.00 
87905173504.00 87998078976.00 88093360128.00 88186470400.00 88278581248.00 88372600832.00 88466096128.00 88559386624.00 88652480512.00 88745459712.00 88835432448.00 88932163584.00 89024389120.00 89118916608.00 89211772928.00 89304727552.00 89398067200.00 89491341312.00 89584631808.00 89677766656.00 
89759866880.00 89864503296.00 89956950016.00 90051600384.00 90143776768.00 90236755968.00 90330505216.00 90423328768.00 90516381696.00 90609909760.00 90702733312.00 90796433408.00 90889682944.00 90985291776.00 91076198400.00 91167612928.00 91261575168.00 91355734016.00 91449114624.00 91542003712.00 
91634122752.00 91728257024.00 91821752320.00 91915108352.00 92007587840.00 92101099520.00 92194463744.00 92286590976.00 92380766208.00 92473917440.00 92566593536.00 92660695040.00 92751437824.00 92846596096.00 92939747328.00 93032456192.00 93125574656.00 93218742272.00 93310631936.00 93400989696.00 
93430153216.00 93598892032.00 93689151488.00 93781540864.00 93874012160.00 93966974976.00 94060429312.00 94153891840.00 94245486592.00 94338818048.00 94432092160.00 94526865408.00 94618583040.00 94712455168.00 94805262336.00 94898462720.00 94991491072.00 95085617152.00 95178055680.00 95271313408.00 
95363268608.00 95457730560.00 95551004672.00 95644196864.00 95735357440.00 95829008384.00 95924068352.00 96016580608.00 96110141440.00 96203661312.00 96296042496.00 96389914624.00 96482361344.00 96576577536.00 96669302784.00 96762601472.00 96855793664.00 96945831936.00 97042554880.00 97136050176.00 
97223352320.00 97322196992.00 97414864896.00 97508302848.00 97601961984.00 97694728192.00 97787944960.00 97881571328.00 97974132736.00 98067832832.00 98157617152.00 98254135296.00 98347040768.00 98441314304.00 98534170624.00 98627133440.00 98718310400.00 98813984768.00 98906701824.00 99000287232.00 
99091914752.00 99186229248.00 99279708160.00 99372793856.00 99465502720.00 99558850560.00 99651985408.00 99746881536.00 99839115264.00 99932569600.00 100024852480.00 100118708224.00 100210786304.00 100304764928.00 100398260224.00 100489846784.00 100584374272.00 100679843840.00 100770906112.00 100864524288.00 
100954857472.00 101050056704.00 101144141824.00 101237063680.00 101330149376.00 101423431680.00 101516935168.00 101610168320.00 101701001216.00 101795815424.00 101888491520.00 101991473152.00 102076735488.00 102169706496.00 102262530048.00 102355804160.00 102448881664.00 102542565376.00 102634815488.00 102728925184.00 
102815080448.00 102915317760.00 103008329728.00 103101538304.00 103194099712.00 103287832576.00 103381401600.00 103474561024.00 103567564800.00 103660830720.00 103753465856.00 103844913152.00 103940415488.00 104033886208.00 104127209472.00 104220008448.00 104313159680.00 104406884352.00 104499707904.00 104593170432.00 
104675237888.00 104779571200.00 104873091072.00 104966307840.00 105059065856.00 105143918592.00 105245597696.00 105338937344.00 105431375872.00 105525248000.00 105617899520.00 105711828992.00 105804423168.00 105898000384.00 105991282688.00 106084204544.00 106176724992.00 106271039488.00 106364035072.00 106457055232.00 
106548854784.00 106642972672.00 106735042560.00 106843725824.00 106924924928.00 107017494528.00 107110621184.00 107203788800.00 107296718848.00 107390107648.00 107479793664.00 107576557568.00 107667439616.00 107762810880.00 107856158720.00 107948982272.00 108042272768.00 108135473152.00 108229500928.00 108322021376.00 
108412649472.00 108508372992.00 108601483264.00 108695355392.00 108787875840.00 108880953344.00 108974497792.00 109068050432.00 109160038400.00 109254066176.00 109346709504.00 109440933888.00 109533773824.00 109627195392.00 109720150016.00 109811621888.00 109905739776.00 110000504832.00 110093213696.00 110186725376.00 
110278270976.00 110372945920.00 110466220032.00 110559133696.00 110650302464.00 110744944640.00 110839046144.00 110932312064.00 111024988160.00 111118180352.00 111211175936.00 111304900608.00 111397617664.00 111492923392.00 111583870976.00 111677554688.00 111770730496.00 111864086528.00 111957229568.00 112050077696.00 
112116039680.00 112238125056.00 112330883072.00 112423272448.00 112516923392.00 112610025472.00 112703365120.00 112796680192.00 112889274368.00 112982720512.00 113075666944.00 113168629760.00 113261936640.00 113356251136.00 113448861696.00 113541988352.00 113633304576.00 113728389120.00 113822203904.00 113915092992.00 
114006999040.00 114101379072.00 114194538496.00 114288009216.00 114380857344.00 114472894464.00 114567528448.00 114661367808.00 114753773568.00 114847178752.00 114939330560.00 115036176384.00 115126411264.00 115220480000.00 115313287168.00 115406471168.00 115499827200.00 115593224192.00 115685900288.00 115779633152.00 
115869990912.00 115965943808.00 116058980352.00 116152549376.00 116245331968.00 116338679808.00 116432273408.00 116525211648.00 116616126464.00 116711481344.00 116787470336.00 116898512896.00 116991385600.00 117083594752.00 117177835520.00 117271142400.00 117363892224.00 117457051648.00 117550727168.00 117643853824.00 
117735899136.00 117830352896.00 117923291136.00 118015254528.00 118109241344.00 118203269120.00 118296576000.00 118389866496.00 118482616320.00 118576275456.00 118668828672.00 118762414080.00 118855131136.00 118949552128.00 119042236416.00 119133880320.00 119228489728.00 119322435584.00 119415095296.00 119508426752.00 
119590477824.00 119694835712.00 119787757568.00 119879499776.00 119974363136.00 120067284992.00 120161239040.00 120254152704.00 120346648576.00 120440365056.00 120532852736.00 120626618368.00 120719958016.00 120813371392.00 120905777152.00 120999591936.00 121092071424.00 121185878016.00 121279119360.00 121372631040.00 
121458950144.00 121559121920.00 121652011008.00 121745399808.00 121838166016.00 121931661312.00 122024771584.00 122118242304.00 122211434496.00 122304282624.00 122397327360.00 122491191296.00 122582122496.00 122677682176.00 122770358272.00 122863378432.00 122956881920.00 123050254336.00 123143323648.00 123236810752.00 
123327029248.00 123423023104.00 123515863040.00 123609415680.00 123702190080.00 123793678336.00 123888484352.00 123981447168.00 124073304064.00 124167258112.00 124259033088.00 124351610880.00 124441419776.00 124511436800.00 124650962944.00 124734676992.00 124825354240.00 124917989376.00 125010395136.00 125103423488.00 
125195149312.00 125289340928.00 125382352896.00 125475708928.00 125566459904.00 125661503488.00 125754900480.00 125848223744.00 125941243904.00 126034231296.00 126124113920.00 126221426688.00 126313406464.00 126407507968.00 126500241408.00 126593343488.00 126686945280.00 126779727872.00 126872977408.00 126966620160.00 
127054053376.00 127153274880.00 127245869056.00 127339307008.00 127432253440.00 127525445632.00 127618949120.00 127711969280.00 127804743680.00 127898640384.00 127991005184.00 128084901888.00 128178077696.00 128271515648.00 128364273664.00 128449069056.00 128548872192.00 128643760128.00 128737525760.00 128830504960.00 
128922591232.00 129017266176.00 129110392832.00 129203568640.00 129296154624.00 129389936640.00 129483087872.00 129576509440.00 129669332992.00 129762951168.00 129855217664.00 129948655616.00 130041544704.00 130135711744.00 130228985856.00 130321825792.00 130415304704.00 130508603392.00 130601598976.00 130694782976.00 
130774392832.00 130881544192.00 130974588928.00 131068198912.00 131160817664.00 131253813248.00 131347472384.00 131440820224.00 131531702272.00 131626950656.00 131719626752.00 131812999168.00 131907952640.00 132000243712.00 132093321216.00 132186300416.00 132279156736.00 132373069824.00 132466335744.00 132559323136.00 
132651245568.00 132745494528.00 132838809600.00 132932124672.00 133024407552.00 133116952576.00 133211709440.00 133304844288.00 133397340160.00 133492695040.00 133584445440.00 133678063616.00 133770797056.00 133864587264.00 133958369280.00 134050553856.00 134144376832.00 134237609984.00 134330441728.00 134423691264.00 
134505873408.00 134610796544.00 134703226880.00 134796435456.00 134889537536.00 134982795264.00 135076118528.00 135169581056.00 135262003200.00 135355809792.00 135445389312.00 135542734848.00 135635083264.00 135728635904.00 135820566528.00 135916699648.00 136007909376.00 136102084608.00 136194998272.00 136288305152.00 
136379924480.00 136474746880.00 136567816192.00 136660770816.00 136753872896.00 136847220736.00 136940576768.00 137034121216.00 137126805504.00 137220513792.00 137312968704.00 137406636032.00 137497853952.00 137592782848.00 137687121920.00 137778167808.00 137872867328.00 137966141440.00 138059038720.00 138153295872.00 
138243014656.00 138338746368.00 138432249856.00 138525425664.00 138618388480.00 138711302144.00 138805116928.00 138898276352.00 138990256128.00 139084496896.00 139177132032.00 139270995968.00 139363975168.00 139457413120.00 139551145984.00 139643748352.00 139736678400.00 139829886976.00 139922915328.00 140015697920.00 
140075483136.00 140204867584.00 140297109504.00 140390268928.00 140481101824.00 140576391168.00 140669763584.00 140762824704.00 140855869440.00 140949192704.00 141041958912.00 141135544320.00 141228277760.00 141321830400.00 141415235584.00 141508149248.00 141601406976.00 141694418944.00 141787987968.00 141882540032.00 
141968982016.00 142067597312.00 142160658432.00 142253899776.00 142348369920.00 142439284736.00 142533656576.00 142627061760.00 142719778816.00 142813331456.00 142906343424.00 143000043520.00 143093350400.00 143186427904.00 143279570944.00 143372533760.00 143463677952.00 143559032832.00 143651258368.00 143746646016.00 
143837904896.00 143932473344.00 144025403392.00 144119037952.00 144211394560.00 144304734208.00 144397991936.00 144491511808.00 144584392704.00 144677928960.00 144767582208.00 144862576640.00 144956342272.00 145050746880.00 145143808000.00 145236426752.00 145330585600.00 145423630336.00 145517035520.00 145610293248.00 
145700536320.00 145798758400.00 145889705984.00 145982914560.00 146075828224.00 146168414208.00 146262818816.00 146354995200.00 146446663680.00 146542215168.00 146634768384.00 146728763392.00 146821955584.00 146914885632.00 147008192512.00 147099860992.00 147194626048.00 147287949312.00 147381747712.00 147475742720.00 
147566428160.00 147660767232.00 147754106880.00 147847249920.00 147939524608.00 148033683456.00 148126662656.00 148220116992.00 148313096192.00 148406042624.00 148499038208.00 148592885760.00 148685537280.00 148779270144.00 148872396800.00 148964966400.00 149058174976.00 149151236096.00 149243854848.00 149335244800.00 
149376352256.00 149528985600.00 149620211712.00 149713125376.00 149805645824.00 149898608640.00 149991981056.00 150085124096.00 150177923072.00 150271492096.00 150363881472.00 150457548800.00 150551134208.00 150644506624.00 150736453632.00 150830170112.00 150922756096.00 151014948864.00 151110582272.00 151202381824.00 
151295180800.00 151389814784.00 151483301888.00 151575855104.00 151668932608.00 151754342400.00 151855710208.00 151949115392.00 152042078208.00 152135548928.00 152228511744.00 152322015232.00 152412995584.00 152508547072.00 152601591808.00 152694292480.00 152787451904.00 152881577984.00 152974393344.00 153067831296.00 
153158303744.00 153252003840.00 153347293184.00 153440829440.00 153533513728.00 153626755072.00 153719914496.00 153808011264.00 153906102272.00 154000015360.00 154089652224.00 154186366976.00 154279411712.00 154373111808.00 154465730560.00 154558562304.00 154652114944.00 154745815040.00 154838712320.00 154932297728.00 
155024064512.00 155118272512.00 155211890688.00 155304837120.00 155395784704.00 155490811904.00 155583692800.00 155679735808.00 155771289600.00 155864727552.00 155957018624.00 156051095552.00 156143632384.00 156236824576.00 156330278912.00 156421898240.00 156516630528.00 156610248704.00 156703260672.00 156795387904.00 
156884254720.00 156982968320.00 157076193280.00 157169483776.00 157261250560.00 157355769856.00 157449191424.00 157542268928.00 157634953216.00 157729030144.00 157821108224.00 157914923008.00 158007738368.00 158101864448.00 158194745344.00 158287953920.00 158378983424.00 158477189120.00 158567366656.00 158661214208.00 
158747279360.00 158847565824.00 158940233728.00 159034064896.00 159126503424.00 159220236288.00 159313018880.00 159405834240.00 159499698176.00 159592742912.00 159685394432.00 159779078144.00 159870976000.00 159964708864.00 160052559872.00 160154746880.00 160246562816.00 160339427328.00 160432521216.00 160524992512.00 
160616218624.00 160712163328.00 160805273600.00 160898154496.00 160991215616.00 161082900480.00 161178009600.00 161271054336.00 161362132992.00 161457471488.00 161550450688.00 161644691456.00 161737293824.00 161830289408.00 161923956736.00 162016919552.00 162109702144.00 162203254784.00 162296446976.00 162388393984.00 
162481995776.00 162576171008.00 162669690880.00 162762539008.00 162855010304.00 162948743168.00 163042131968.00 163135438848.00 163228385280.00 163321708544.00 163397648384.00 163508240384.00 163601268736.00 163695050752.00 163787784192.00 163880943616.00 163973758976.00 164066836480.00 164160913408.00 164254171136.00 
164336189440.00 164440195072.00 164533698560.00 164627234816.00 164719886336.00 164813422592.00 164906729472.00 164999888896.00 165092524032.00 165186076672.00 165279219712.00 165373444096.00 165465751552.00 165559009280.00 165652070400.00 165743345664.00 165837094912.00 165930909696.00 166030409728.00 166119571456.00 
166211026944.00 166305054720.00 166398476288.00 166491701248.00 166584238080.00 166677708800.00 166771245056.00 166864322560.00 166957252608.00 167050625024.00 167143604224.00 167236927488.00 167328251904.00 167422541824.00 167516831744.00 167609745408.00 167703314432.00 167796441088.00 167889649664.00 167982825472.00 
168062124032.00 168169586688.00 168262729728.00 168355938304.00 168449212416.00 168542044160.00 168635269120.00 168728756224.00 168820768768.00 168914993152.00 169007857664.00 169101361152.00 169194749952.00 169287991296.00 169381265408.00 169473966080.00 169566945280.00 169660235776.00 169749921792.00 169848307712.00 
169939533824.00 170033938432.00 170127425536.00 170220093440.00 170311434240.00 170404888576.00 170499571712.00 170593042432.00 170686087168.00 170780049408.00 170872455168.00 170966106112.00 171058511872.00 171152211968.00 171245780992.00 171338530816.00 171431608320.00 171525275648.00 171618910208.00 171711627264.00 
171799363584.00 171897782272.00 171991203840.00 172084379648.00 172177571840.00 172270305280.00 172360663040.00 172458082304.00 172550488064.00 172644073472.00 172733677568.00 172830507008.00 172923502592.00 173016809472.00 173109952512.00 173202735104.00 173294305280.00 173388857344.00 173483016192.00 173576060928.00 
173668073472.00 173762707456.00 173855129600.00 173947584512.00 174041497600.00 174135001088.00 174228045824.00 174322925568.00 174414954496.00 174508867584.00 174600912896.00 174695497728.00 174786969600.00 174880964608.00 174974287872.00 175058993152.00 175160770560.00 175254028288.00 175347073024.00 175440068608.00 
175530917888.00 175626813440.00 175719251968.00 175813885952.00 175906537472.00 175999467520.00 176092872704.00 176186359808.00 176277225472.00 176373219328.00 176465330176.00 176559423488.00 176652238848.00 176745021440.00 176838524928.00 176932585472.00 177024942080.00 177118527488.00 177211424768.00 177305796608.00 
177391239168.00 177492213760.00 177584521216.00 177677598720.00 177769693184.00 177864654848.00 177957453824.00 178051153920.00 178143723520.00 178236801024.00 178329632768.00 178423496704.00 178516131840.00 178605817856.00 178703106048.00 178796036096.00 178889588736.00 178982764544.00 179075858432.00 179168985088.00 
179250954240.00 179355795456.00 179448823808.00 179541557248.00 179634831360.00 179726614528.00 179823296512.00 179914440704.00 180007518208.00 180101545984.00 180193902592.00 180284817408.00 180380893184.00 180474167296.00 180567064576.00 180660109312.00 180752941056.00 180847067136.00 180940275712.00 181033287680.00 
181125283840.00 181219753984.00 181312880640.00 181406957568.00 181499248640.00 181592604672.00 181687156736.00 181779431424.00 181872181248.00 181965783040.00 182055370752.00 182151397376.00 182243147776.00 182338322432.00 182431760384.00 182524624896.00 182617980928.00 182711484416.00 182804316160.00 182897885184.00 
182988275712.00 183084056576.00 183177265152.00 183270883328.00 183363813376.00 183456907264.00 183550083072.00 183643684864.00 183735484416.00 183829725184.00 183922360320.00 184014848000.00 184109137920.00 184202379264.00 184295047168.00 184387190784.00 184481808384.00 184574427136.00 184667881472.00 184761843712.00 
184853413888.00 184948277248.00 185041518592.00 185133973504.00 185225281536.00 185320357888.00 185413206016.00 185506562048.00 185599410176.00 185692798976.00 185784975360.00 185878806528.00 185971195904.00 186064470016.00 186157170688.00 186249363456.00 186341507072.00 186432667648.00 186522189824.00 186603765760.00 
186580123648.00 186836828160.00 186918289408.00 187007975424.00 187098791936.00 187190886400.00 187283357696.00 187376041984.00 187468316672.00 187561476096.00 187654062080.00 187747844096.00 187840823296.00 187934179328.00 188027338752.00 188119810048.00 188211068928.00 188306669568.00 188399190016.00 188492513280.00 
188584525824.00 188678832128.00 188772564992.00 188866248704.00 188957851648.00 189049815040.00 189145219072.00 189237788672.00 189331079168.00 189425745920.00 189516857344.00 189610672128.00 189703061504.00 189797007360.00 189890527232.00 189983113216.00 190076502016.00 190169923584.00 190263115776.00 190356488192.00 
190446829568.00 190542938112.00 190636146688.00 190728814592.00 190822203392.00 190915346432.00 191008800768.00 191102271488.00 191192956928.00 191288983552.00 191378259968.00 191474827264.00 191568035840.00 191661506560.00 191753388032.00 191847546880.00 191940624384.00 192033734656.00 192127385600.00 192220577792.00 
192312262656.00 192407011328.00 192500039680.00 192593657856.00 192685555712.00 192779780096.00 192873349120.00 192966262784.00 193059028992.00 193155874816.00 193245364224.00 193338998784.00 193431748608.00 193526398976.00 193617133568.00 193710653440.00 193805156352.00 193898872832.00 193991753728.00 194084798464.00 
194166734848.00 194271641600.00 194364686336.00 194457976832.00 194550759424.00 194643951616.00 194737258496.00 194834759680.00 194923659264.00 195017211904.00 195109683200.00 195203940352.00 195296411648.00 195389505536.00 195483025408.00 195575496704.00 195668688896.00 195762880512.00 195855794176.00 195948265472.00 
196035575808.00 196134682624.00 196228759552.00 196322115584.00 196414750720.00 196507402240.00 196601675776.00 196695326720.00 196788174848.00 196881301504.00 196974051328.00 197067358208.00 197159010304.00 197254086656.00 197347524608.00 197440552960.00 197533696000.00 197626822656.00 197721096192.00 197813829632.00 
197904007168.00 198000459776.00 198093144064.00 198186287104.00 198279659520.00 198364037120.00 198466224128.00 198559760384.00 198651428864.00 198745358336.00 198838484992.00 198931824640.00 199025213440.00 199117553664.00 199212466176.00 199305117696.00 199397933056.00 199492665344.00 199585251328.00 199677870080.00 
199769915392.00 199864352768.00 199957610496.00 200051572736.00 200141946880.00 200237023232.00 200330264576.00 200423718912.00 200516632576.00 200610054144.00 200699887616.00 200796651520.00 200889008128.00 200982429696.00 201079947264.00 201169747968.00 201262579712.00 201356230656.00 201449308160.00 201542565888.00 
201630105600.00 201728557056.00 201821650944.00 201915662336.00 202008559616.00 202101424128.00 202194354176.00 202288594944.00 202380820480.00 202474274816.00 202567254016.00 202660691968.00 202754293760.00 202847453184.00 202940809216.00 203032150016.00 203124801536.00 203220140032.00 203313152000.00 203406524416.00 
203498242048.00 203592384512.00 203690639360.00 203780407296.00 203872600064.00 203966103552.00 204059164672.00 204152651776.00 204245467136.00 204339019776.00 204431441920.00 204525535232.00 204617646080.00 204711854080.00 204805144576.00 204897681408.00 204990971904.00 205084393472.00 205177847808.00 205271023616.00 
205350436864.00 205457653760.00 205550632960.00 205644054528.00 205736738816.00 205830127616.00 205923336192.00 206017953792.00 206108114944.00 206203633664.00 206295842816.00 206389575680.00 206482817024.00 206576173056.00 206669348864.00 206762278912.00 206855290880.00 206949171200.00 207041806336.00 207135588352.00 
207226896384.00 207321235456.00 207410036736.00 207510011904.00 207601352704.00 207693512704.00 207788212224.00 207881437184.00 207974449152.00 208067166208.00 208160243712.00 208254255104.00 208346873856.00 208440524800.00 208534011904.00 208626597888.00 208720134144.00 208813752320.00 208906649600.00 209000284160.00 
209081876480.00 209186291712.00 209279696896.00 209373741056.00 209466359808.00 209559027712.00 209652629504.00 209745575936.00 209838211072.00 209931993088.00 210008129536.00 210118705152.00 210211667968.00 210305122304.00 210398576640.00 210490949632.00 210583388160.00 210677923840.00 210770771968.00 210864291840.00 
210955993088.00 211052183552.00 211143950336.00 211237355520.00 211329957888.00 211423166464.00 211516506112.00 211610255360.00 211702956032.00 211796148224.00 211888848896.00 211982860288.00 212074233856.00 212169408512.00 212262846464.00 212354187264.00 212448886784.00 212542341120.00 212635140096.00 212728512512.00 
212819066880.00 212915486720.00 213007925248.00 213100969984.00 213193572352.00 213285388288.00 213387657216.00 213475868672.00 213567700992.00 213661433856.00 213753954304.00 213847736320.00 213940879360.00 214034546688.00 214127050752.00 214220062720.00 214312927232.00 214406643712.00 214500360192.00 214592995328.00 
214679486464.00 214779543552.00 214873030656.00 214963519488.00 215057170432.00 215151902720.00 215245651968.00 215338778624.00 215432396800.00 215525621760.00 215618256896.00 215711744000.00 215804805120.00 215898210304.00 215991336960.00 216084201472.00 216179195904.00 216270831616.00 216364269568.00 216457527296.00 
216545083392.00 216645107712.00 216737054720.00 216830459904.00 216923455488.00 217015107584.00 217110380544.00 217203605504.00 217296076800.00 217389596672.00 217482248192.00 217575866368.00 217668698112.00 217760727040.00 217856409600.00 217949143040.00 218040254464.00 218135724032.00 218228506624.00 218322255872.00 
218414022656.00 218508312576.00 218601766912.00 218694909952.00 218787577856.00 218881523712.00 218974781440.00 219067432960.00 219161051136.00 219254259712.00 219343667200.00 219440300032.00 219532410880.00 219632189440.00 219720450048.00 219813396480.00 219906228224.00 219999617024.00 220093120512.00 220188901376.00 
220276539392.00 220372877312.00 220466069504.00 220559081472.00 220652486656.00 220745760768.00 220838772736.00 220932390912.00 221023371264.00 221118791680.00 221210918912.00 221304832000.00 221398122496.00 221491363840.00 221584916480.00 221669081088.00 221770334208.00 221864394752.00 221956997120.00 222050746368.00 
222142464000.00 222237999104.00 222330011648.00 222425464832.00 222515494912.00 222609620992.00 222703714304.00 222796283904.00 222888919040.00 222983110656.00 223075237888.00 223169118208.00 223261638656.00 223355404288.00 223448481792.00 223541297152.00 223634472960.00 223727271936.00 223820333056.00 223911559168.00 
223952404480.00 224105168896.00 224196395008.00 224289193984.00 224381927424.00 224474824704.00 224567869440.00 224661372928.00 224753991680.00 224847675392.00 224940490752.00 225034452992.00 225127251968.00 225220493312.00 225313865728.00 225406238720.00 225499021312.00 225593491456.00 225686323200.00 225779777536.00 
225871544320.00 225965047808.00 226058797056.00 226152497152.00 226245246976.00 226337357824.00 226432204800.00 226525741056.00 226618163200.00 226712174592.00 226804613120.00 226898624512.00 226989260800.00 227085385728.00 227177660416.00 227271819264.00 227364257792.00 227457646592.00 227550412800.00 227641802752.00 
227734159360.00 227830415360.00 227923460096.00 228016537600.00 228109123584.00 228203577344.00 228296392704.00 228389732352.00 228482170880.00 228578000896.00 228666048512.00 228762566656.00 228855857152.00 228949049344.00 229042356224.00 229135073280.00 229228134400.00 229321637888.00 229414912000.00 229508153344.00 
229599936512.00 229693734912.00 229788991488.00 229881511936.00 229972443136.00 230067257344.00 230160875520.00 230254313472.00 230346670080.00 230440337408.00 230533283840.00 230627082240.00 230719782912.00 230813581312.00 230906773504.00 230998065152.00 231091814400.00 231186874368.00 231279509504.00 231372914688.00 
231460487168.00 231558086656.00 231652294656.00 231745994752.00 231838613504.00 231932002304.00 232025440256.00 232118943744.00 232211300352.00 232305442816.00 232397717504.00 232491057152.00 232584495104.00 232677670912.00 232770813952.00 232863744000.00 232954609664.00 233050554368.00 233143107584.00 233235742720.00 
233295446016.00 233425059840.00 233517629440.00 233610592256.00 233702948864.00 233796501504.00 233889218560.00 233983082496.00 234076061696.00 234169532416.00 234262298624.00 234356195328.00 234447994880.00 234542202880.00 234635444224.00 234728587264.00 234821468160.00 234915135488.00 235008262144.00 235101732864.00 
235192238080.00 235287330816.00 235381424128.00 235474190336.00 235567562752.00 235659247616.00 235753324544.00 235847614464.00 235938627584.00 236033769472.00 236126781440.00 236220104704.00 236313034752.00 236406472704.00 236499894272.00 236592889856.00 236685983744.00 236780027904.00 236872515584.00 236965543936.00 
237057785856.00 237152305152.00 237245497344.00 237338460160.00 237430325248.00 237523304448.00 237619724288.00 237711982592.00 237805305856.00 237897826304.00 237988380672.00 238084456448.00 238177533952.00 238271004672.00 238364557312.00 238457012224.00 238550745088.00 238644068352.00 238737063936.00 238829666304.00 
238912749568.00 239017033728.00 239110111232.00 239203008512.00 239295758336.00 239389114368.00 239481962496.00 239575990272.00 239668854784.00 239762489344.00 239855075328.00 239947874304.00 240042770432.00 240135864320.00 240228909056.00 240320446464.00 240414130176.00 240508387328.00 240601415680.00 240695492608.00 
240786489344.00 240881287168.00 240974348288.00 241067589632.00 241160421376.00 241253810176.00 241347248128.00 241440227328.00 241532092416.00 241627545600.00 241719689216.00 241813848064.00 241904680960.00 241999773696.00 242093096960.00 242186158080.00 242279284736.00 242372558848.00 242465751040.00 242559057920.00 
242638651392.00 242745671680.00 242839044096.00 242931662848.00 243024723968.00 243118178304.00 243211255808.00 243304726528.00 243397033984.00 243491782656.00 243583942656.00 243677577216.00 243770490880.00 243863863296.00 243957415936.00 244050083840.00 244143751168.00 244236845056.00 244329840640.00 244423360512.00 
244515438592.00 244610318336.00 244703035392.00 244796669952.00 244887306240.00 244973961216.00 245075886080.00 245168996352.00 245262041088.00 245355724800.00 245448015872.00 245542125568.00 245635072000.00 245728641024.00 245821292544.00 245914566656.00 246007906304.00 246101245952.00 246194503680.00 246287417344.00 
246375317504.00 246474047488.00 246567387136.00 246660956160.00 246753165312.00 246846455808.00 246939893760.00 247033020416.00 247126310912.00 247219257344.00 247309451264.00 247406018560.00 247498850304.00 247592206336.00 247685496832.00 247778279424.00 247869702144.00 247965171712.00 248058118144.00 248150966272.00 
248242700288.00 248337055744.00 248429838336.00 248522539008.00 248614436864.00 248705024000.00 248789352448.00 248929107968.00 248998903808.00 249089015808.00 249180438528.00 249273466880.00 249365004288.00 249458900992.00 249552175104.00 249643548672.00 249737953280.00 249830801408.00 249924943872.00 250017480704.00 
250108133376.00 250203668480.00 250297008128.00 250390511616.00 250483163136.00 250576666624.00 250670235648.00 250762903552.00 250854031360.00 250949599232.00 251042037760.00 251136229376.00 251228700672.00 251322368000.00 251415576576.00 251508310016.00 251601633280.00 251695202304.00 251788066816.00 251881521152.00 
251967815680.00 252068052992.00 252161277952.00 252254650368.00 252346400768.00 252440543232.00 252534407168.00 252627091456.00 252719939584.00 252813950976.00 252906455040.00 253000482816.00 253093003264.00 253186473984.00 253279191040.00 253372858368.00 253465673728.00 253561077760.00 253652598784.00 253745577984.00 
253827842048.00 253932240896.00 254025547776.00 254118248448.00 254211637248.00 254303436800.00 254398283776.00 254490902528.00 254584373248.00 254678286336.00 254770511872.00 254864392192.00 254957486080.00 255050547200.00 255143870464.00 255236898816.00 255329157120.00 255425134592.00 255517147136.00 255610159104.00 
255701958656.00 255796527104.00 255889850368.00 255983468544.00 256075628544.00 256168935424.00 256262717440.00 256356958208.00 256448446464.00 256541917184.00 256618217472.00 256728793088.00 256820002816.00 256915357696.00 257008041984.00 257101185024.00 257194426368.00 257287979008.00 257381236736.00 257474625536.00 
257564852224.00 257660796928.00 257754415104.00 257847525376.00 257940455424.00 258033598464.00 258127052800.00 258220081152.00 258312011776.00 258404433920.00 258500067328.00 258593390592.00 258686140416.00 258779365376.00 258872770560.00 258964324352.00 259058761728.00 259152609280.00 259245867008.00 259339141120.00 
259430580224.00 259525443584.00 259618209792.00 259712516096.00 259803054080.00 259897786368.00 259991388160.00 260084252672.00 260178132992.00 260271734784.00 260363763712.00 260457807872.00 260550148096.00 260643815424.00 260737007616.00 260829839360.00 260923310080.00 261017174016.00 261109661696.00 261202493440.00 
261268701184.00 261390548992.00 261483298816.00 261576146944.00 261669601280.00 261762318336.00 261856526336.00 261947441152.00 262041534464.00 262135742464.00 262228262912.00 262322094080.00 262415056896.00 262508363776.00 262601605120.00 262695354368.00 262785859584.00 262881558528.00 262974111744.00 263067762688.00 
263159775232.00 263254081536.00 263347027968.00 263440220160.00 263533723648.00 263625392128.00 263720370176.00 263813300224.00 263906525184.00 263999651840.00 264092499968.00 264186494976.00 264278343680.00 264372617216.00 264466153472.00 264559034368.00 264652275712.00 264745172992.00 264838971392.00 264932294656.00 
265022554112.00 265118466048.00 265211166720.00 265305161728.00 265397780480.00 265490857984.00 265584181248.00 265677733888.00 265768910848.00 265863970816.00 265953853440.00 266050519040.00 266143744000.00 266236870656.00 266329767936.00 266422648832.00 266514890752.00 266597203968.00 266705190912.00 266797514752.00 
266889068544.00 266983325696.00 267076354048.00 267169660928.00 267261722624.00 267355504640.00 267449270272.00 267542626304.00 267635752960.00 267728879616.00 267821531136.00 267915460608.00 268007981056.00 268101484544.00 268194906112.00 268279037952.00 268381028352.00 268474449920.00 268567461888.00 268661080064.00 
268743016448.00 268847415296.00 268940804096.00 269033701376.00 269126680576.00 269220003840.00 269313114112.00 269406846976.00 269499138048.00 269595836416.00 269685948416.00 269779763200.00 269872496640.00 269966114816.00 270058881024.00 270152040448.00 270244118528.00 270339014656.00 270432124928.00 270524907520.00 
270611496960.00 270711701504.00 270805778432.00 270898069504.00 270990966784.00 271084060672.00 271177924608.00 271270756352.00 271363260416.00 271449473024.00 271550922752.00 271644803072.00 271735308288.00 271830253568.00 271923707904.00 272016588800.00 272109944832.00 272203235328.00 272296312832.00 272390324224.00 
272479977472.00 272575954944.00 272669343744.00 272760930304.00 272855891968.00 272947331072.00 273042112512.00 273135763456.00 273227628544.00 273321705472.00 273414307840.00 273508089856.00 273601003520.00 273693556736.00 273788436480.00 273881120768.00 273973903360.00 274067488768.00 274160746496.00 274254495744.00 
274345951232.00 274439880704.00 274533744640.00 274626674688.00 274717949952.00 274813009920.00 274906513408.00 274999279616.00 275093192704.00 275186122752.00 275276300288.00 275372507136.00 275465404416.00 275559153664.00 275652214784.00 275745341440.00 275838402560.00 275932282880.00 276025540608.00 276118437888.00 
276206288896.00 276304527360.00 276397719552.00 276494712832.00 276584464384.00 276677328896.00 276770881536.00 276864073728.00 276957134848.00 277050720256.00 277143158784.00 277236809728.00 277330231296.00 277423980544.00 277516582912.00 277608071168.00 277700837376.00 277796421632.00 277889286144.00 277982740480.00 
278074294272.00 278169026560.00 278262120448.00 278355017728.00 278448177152.00 278541205504.00 278634954752.00 278728048640.00 278821535744.00 278913810432.00 279007330304.00 279101767680.00 279193452544.00 279286546432.00 279379935232.00 279472996352.00 279566057472.00 279658954752.00 279751327744.00 279841538048.00 
279870865408.00 280039718912.00 280129568768.00 280222040064.00 280314740736.00 280407277568.00 280500764672.00 280594022400.00 280684855296.00 280779882496.00 280872714240.00 280966463488.00 281059426304.00 281153929216.00 281245908992.00 281338937344.00 281432064000.00 281525551104.00 281618644992.00 281711935488.00 
281803849728.00 281898713088.00 281991643136.00 282084802560.00 282176782336.00 282269712384.00 282364084224.00 282455408640.00 282550534144.00 282644054016.00 282736197632.00 282830667776.00 282923171840.00 283017019392.00 283109883904.00 283203502080.00 283295940608.00 283388903424.00 283483635712.00 283575877632.00 
283658158080.00 283762688000.00 283855781888.00 283949137920.00 284041773056.00 284135194624.00 284228648960.00 284321644544.00 284415262720.00 284508651520.00 284598206464.00 284695396352.00 284787507200.00 284881321984.00 284974350336.00 285067345920.00 285159686144.00 285254189056.00 285347053568.00 285442539520.00 
285532880896.00 285627056128.00 285720117248.00 285813276672.00 285906403328.00 285999333376.00 286093180928.00 286187061248.00 286279761920.00 286372986880.00 286465359872.00 286559305728.00 286649843712.00 286745329664.00 286838325248.00 286929682432.00 287024381952.00 287125569536.00 287212240896.00 287305465856.00 
287395545088.00 287491129344.00 287584944128.00 287677415424.00 287771099136.00 287863799808.00 287958171648.00 288050675712.00 288142721024.00 288236961792.00 288329596928.00 288425672704.00 288516538368.00 288610091008.00 288703381504.00 288795721728.00 288889143296.00 288983121920.00 289076150272.00 289169375232.00 
289255325696.00 289355825152.00 289448198144.00 289541980160.00 289632944128.00 289728233472.00 289821720576.00 289915240448.00 290007973888.00 290100969472.00 290193145856.00 290278014976.00 290381594624.00 290475147264.00 290567585792.00 290660483072.00 290754068480.00 290847686656.00 290940551168.00 291034071040.00 
291121463296.00 291220226048.00 291314434048.00 291407462400.00 291499671552.00 291584376832.00 291686187008.00 291779510272.00 291872178176.00 291965763584.00 292058398720.00 292152705024.00 292245569536.00 292338597888.00 292431691776.00 292524654592.00 292616437760.00 292711825408.00 292804493312.00 292898177024.00 
292989894656.00 293084659712.00 293177491456.00 293274288128.00 293364236288.00 293457231872.00 293550948352.00 293644238848.00 293736873984.00 293830983680.00 293920112640.00 294016614400.00 294109085696.00 294203686912.00 294296551424.00 294389317632.00 294483001344.00 294575964160.00 294671777792.00 294762545152.00 
294853115904.00 294948634624.00 295042121728.00 295135772672.00 295228702720.00 295321403392.00 295415119872.00 295508705280.00 295599472640.00 295694598144.00 295787233280.00 295881539584.00 295973847040.00 296067956736.00 296160624640.00 296252342272.00 296346681344.00 296440659968.00 296533590016.00 296626946048.00 
296718729216.00 296812904448.00 296906588160.00 296999387136.00 297091792896.00 297185738752.00 297279258624.00 297373171712.00 297465479168.00 297558867968.00 297651306496.00 297744269312.00 297837887488.00 297931702272.00 298024599552.00 298117824512.00 298210885632.00 298304077824.00 298396286976.00 298487971840.00 
298529062912.00 298681696256.00 298772791296.00 298865197056.00 298958323712.00 299051220992.00 299144445952.00 299237703680.00 299330535424.00 299424186368.00 299516592128.00 299609980928.00 299703205888.00 299796332544.00 299889852416.00 299982946304.00 300075253760.00 300169625600.00 300262719488.00 300356108288.00 
300447629312.00 300542197760.00 300634767360.00 300728123392.00 300821446656.00 300913295360.00 301008912384.00 301101973504.00 301194182656.00 301288620032.00 301380665344.00 301475266560.00 301565444096.00 301661192192.00 301753171968.00 301847052288.00 301940670464.00 302034321408.00 302124859392.00 302220279808.00 
302310424576.00 302406270976.00 302499921920.00 302592622592.00 302686404608.00 302779203584.00 302872559616.00 302966112256.00 303057862656.00 303151742976.00 303228420096.00 303339700224.00 303431680000.00 303524904960.00 303617998848.00 303711322112.00 303804350464.00 303898427392.00 303990833152.00 304083992576.00 
304176627712.00 304271228928.00 304364224512.00 304456892416.00 304548347904.00 304643375104.00 304737026048.00 304829890560.00 304923049984.00 305016471552.00 305108877312.00 305202921472.00 305294934016.00 305392549888.00 305483513856.00 305574445056.00 305669275648.00 305762533376.00 305855725568.00 305948950528.00 
306036670464.00 306135334912.00 306227478528.00 306321489920.00 306415173632.00 306507907072.00 306601590784.00 306694553600.00 306787483648.00 306881331200.00 306973736960.00 307067584512.00 307160481792.00 307253772288.00 307344441344.00 307440386048.00 307531808768.00 307627065344.00 307719733248.00 307813580800.00 
307899465728.00 307999834112.00 308092665856.00 308186152960.00 308278657024.00 308372602880.00 308465958912.00 308559216640.00 308652015616.00 308745142272.00 308838039552.00 308931887104.00 309024620544.00 309118304256.00 309211561984.00 309304492032.00 309397585920.00 309490581504.00 309584396288.00 309677228032.00 
309768323072.00 309864431616.00 309956411392.00 310050455552.00 310143811584.00 310235136000.00 310329933824.00 310423552000.00 310513958912.00 310609477632.00 310701785088.00 310795534336.00 310887546880.00 310975397888.00 311079960576.00 311170433024.00 311263100928.00 311356588032.00 311449583616.00 311542808576.00 
311634395136.00 311729291264.00 311822778368.00 311915741184.00 312007655424.00 312101437440.00 312194170880.00 312288575488.00 312380915712.00 312474599424.00 312564088832.00 312661213184.00 312753913856.00 312847695872.00 312940625920.00 313033883648.00 313126551552.00 313220071424.00 313312772096.00 313406750720.00 
313488801792.00 313593233408.00 313686294528.00 313779585024.00 313872515072.00 313965412352.00 314059096064.00 314151632896.00 314244366336.00 314339295232.00 314431504384.00 314525188096.00 314618183680.00 314711605248.00 314804731904.00 314889273344.00 314990231552.00 315084603392.00 315177730048.00 315271053312.00 
315362770944.00 315457372160.00 315550334976.00 315643854848.00 315735605248.00 315831222272.00 315923759104.00 316017082368.00 316109848576.00 316202811392.00 316296003584.00 316389130240.00 316480684032.00 316576464896.00 316670377984.00 316762062848.00 316855255040.00 316949168128.00 317042294784.00 317134995456.00 
317214654464.00 317322035200.00 317415063552.00 317509599232.00 317601349632.00 317694181376.00 317788028928.00 317880958976.00 317973430272.00 318067507200.00 318160240640.00 318253826048.00 318346985472.00 318440505344.00 318533500928.00 318626856960.00 318719590400.00 318812913664.00 318905647104.00 318999658496.00 
319091474432.00 319186075648.00 319279202304.00 319372099584.00 319463817216.00 319557074944.00 319651577856.00 319744409600.00 319834914816.00 319936167936.00 320025886720.00 320119242752.00 320211451904.00 320305266688.00 320398229504.00 320491126784.00 320584515584.00 320678395904.00 320770998272.00 320864288768.00 
320952238080.00 321050804224.00 321143930880.00 321236926464.00 321330053120.00 321423441920.00 321516699648.00 321609629696.00 321702526976.00 321796341760.00 321885929472.00 321984397312.00 322075688960.00 322169733120.00 322262237184.00 322355920896.00 322446917632.00 322542338048.00 322635169792.00 322728394752.00 
322820800512.00 322915729408.00 323008462848.00 323101523968.00 323193995264.00 323287285760.00 323380805632.00 323476127744.00 323567648768.00 323660546048.00 323753607168.00 323847225344.00 323939434496.00 324033511424.00 324127326208.00 324218388480.00 324312727552.00 324406542336.00 324498784256.00 324593418240.00 
324683563008.00 324779147264.00 324872339456.00 324966187008.00 325059706880.00 325152112640.00 325245435904.00 325338169344.00 325429919744.00 325525045248.00 325617713152.00 325711527936.00 325804490752.00 325897977856.00 325991137280.00 326083903488.00 326176866304.00 326269992960.00 326363709440.00 326455885824.00 
326515818496.00 326644924416.00 326737428480.00 326830653440.00 326922895360.00 327016775680.00 327110197248.00 327203454976.00 327296122880.00 327389544448.00 327482343424.00 327576223744.00 327668334592.00 327762542592.00 327855472640.00 327948140544.00 328042381312.00 328135409664.00 328228470784.00 328321957888.00 
328403943424.00 328508440576.00 328601174016.00 328694726656.00 328787853312.00 328879636480.00 328974434304.00 329067462656.00 329160425472.00 329253421056.00 329347497984.00 329440657408.00 329533521920.00 329627369472.00 329720463360.00 329813688320.00 329905602560.00 330000007168.00 330092642304.00 330186424320.00 
330278469632.00 330373955584.00 330466131968.00 330559225856.00 330651893760.00 330745085952.00 330838343680.00 330932092928.00 331024433152.00 331118575616.00 331207507968.00 331304337408.00 331395497984.00 331491147776.00 331583946752.00 331675107328.00 331773083648.00 331864506368.00 331957501952.00 332050399232.00 
332141494272.00 332237537280.00 332330631168.00 332423299072.00 332516753408.00 332609617920.00 332703399936.00 332795969536.00 332888440832.00 332982616064.00 333075415040.00 333168771072.00 333262684160.00 333355941888.00 333448675328.00 333540261888.00 333634437120.00 333728841728.00 333821509632.00 333919813632.00 
334007074816.00 334101512192.00 334194835456.00 334287994880.00 334378926080.00 334473854976.00 334566686720.00 334660894720.00 334753660928.00 334846853120.00 334940078080.00 335033532416.00 335126560768.00 335219884032.00 335313436672.00 335406628864.00 335499526144.00 335592914944.00 335685648384.00 335778643968.00 
335844573184.00 335966601216.00 336059269120.00 336152100864.00 336245719040.00 336338714624.00 336432431104.00 336525393920.00 336618061824.00 336711385088.00 336804380672.00 336898097152.00 336990961664.00 337085399040.00 337177378816.00 337270603776.00 337361960960.00 337456693248.00 337550180352.00 337639571456.00 
337735876608.00 337830281216.00 337923014656.00 338016567296.00 338109693952.00 338194923520.00 338296111104.00 338389598208.00 338482855936.00 338575720448.00 338668847104.00 338762399744.00 338854576128.00 338948423680.00 339041845248.00 339134316544.00 339226263552.00 339323092992.00 339415269376.00 339508297728.00 
339598606336.00 339694125056.00 339787907072.00 339880935424.00 339974193152.00 340067254272.00 340160249856.00 340252753920.00 340345126912.00 340440449024.00 340530200576.00 340626276352.00 340718911488.00 340812988416.00 340906606592.00 340999274496.00 341092204544.00 341185757184.00 341279211520.00 341372534784.00 
341464743936.00 341557051392.00 341652635648.00 341745106944.00 341837217792.00 341931720704.00 342024617984.00 342120333312.00 342211657728.00 342305439744.00 342397288448.00 342491660288.00 342583967744.00 342677454848.00 342771138560.00 342862299136.00 342957424640.00 343050354688.00 343143579648.00 343236968448.00 
343319379968.00 343423156224.00 343516643328.00 343609540608.00 343702634496.00 343796056064.00 343889412096.00 343982604288.00 344075304960.00 344168890368.00 344261656576.00 344355307520.00 344446664704.00 344542642176.00 344635408384.00 344728436736.00 344820678656.00 344915640320.00 345007915008.00 345101664256.00 
345187713024.00 345287983104.00 345380847616.00 345474072576.00 345567264768.00 345660719104.00 345753976832.00 345846611968.00 345939574784.00 346032963584.00 346126221312.00 346219839488.00 346310737920.00 346405797888.00 346498007040.00 346593394688.00 346686095360.00 346779287552.00 346872315904.00 346965540864.00 
347056144384.00 347152678912.00 347245674496.00 347338702848.00 347430289408.00 347523317760.00 347617263616.00 347711209472.00 347803811840.00 347898118144.00 347990949888.00 348084436992.00 348177006592.00 348269477888.00 348364308480.00 348457107456.00 348550037504.00 348643131392.00 348737273856.00 348829974528.00 
348921888768.00 349015867392.00 349111123968.00 349203267584.00 349294493696.00 349388963840.00 349482188800.00 349576069120.00 349668573184.00 349762289664.00 349838278656.00 349949067264.00 350041800704.00 350135189504.00 350228316160.00 350321049600.00 350414569472.00 350508154880.00 350601117696.00 350694703104.00 
350782128128.00 350880923648.00 350974115840.00 351067570176.00 351159943168.00 351254872064.00 351347376128.00 351441223680.00 351532974080.00 351626821632.00 351719489536.00 351813009408.00 351906070528.00 351999524864.00 352092651520.00 352184401920.00 352276709376.00 352372064256.00 352466698240.00 352558448640.00 
352650887168.00 352745324544.00 352838516736.00 352931676160.00 353024573440.00 353117732864.00 353211219968.00 353304805376.00 353397374976.00 353490272256.00 353583792128.00 353677770752.00 353769881600.00 353863794688.00 353957117952.00 354050146304.00 354143076352.00 354236891136.00 354330181632.00 354423504896.00 
354502443008.00 354610806784.00 354703310848.00 354796208128.00 354889367552.00 354983084032.00 355075489792.00 355168911360.00 355259842560.00 355354935296.00 355448094720.00 355541712896.00 355634806784.00 355728621568.00 355822764032.00 355914383360.00 356007739392.00 356102012928.00 356193599488.00 356287348736.00 
356379820032.00 356474290176.00 356566925312.00 356659593216.00 356752654336.00 356845027328.00 356937728000.00 357033967616.00 357126242304.00 357219729408.00 357312135168.00 357407457280.00 357498716160.00 357592268800.00 357685723136.00 357778980864.00 357872173056.00 357965660160.00 358058885120.00 358151847936.00 
358233636864.00 358338658304.00 358431391744.00 358524616704.00 358617874432.00 358711001088.00 358803243008.00 358898204672.00 358989987840.00 359083343872.00 359173718016.00 359269859328.00 359364263936.00 359456899072.00 359549698048.00 359643054080.00 359735296000.00 359829012480.00 359923056640.00 360016478208.00 
360108359680.00 360202403840.00 360294547456.00 360388820992.00 360481619968.00 360575369216.00 360668364800.00 360761917440.00 360854749184.00 360948760576.00 361040740352.00 361137405952.00 361225551872.00 361319792640.00 361414230016.00 361499361280.00 361600909312.00 361694560256.00 361787260928.00 361880846336.00 
361970925568.00 362066837504.00 362159341568.00 362254041088.00 362345824256.00 362439409664.00 362533421056.00 362625794048.00 362718429184.00 362813194240.00 362905337856.00 362999087104.00 363093065728.00 363185569792.00 363279122432.00 363371528192.00 363464359936.00 363558731776.00 363651596288.00 363744493568.00 
363831164928.00 363931959296.00 364023742464.00 364117786624.00 364208783360.00 364303908864.00 364397297664.00 364492521472.00 364583223296.00 364676874240.00 364769181696.00 364862701568.00 364955959296.00 365048823808.00 365143457792.00 365236944896.00 365329022976.00 365422575616.00 365515341824.00 365608763392.00 
365696647168.00 365795540992.00 365888503808.00 365981532160.00 366074822656.00 366166769664.00 366262157312.00 366354333696.00 366447493120.00 366541307904.00 366633648128.00 366726873088.00 366820524032.00 366913683456.00 367007236096.00 367100297216.00 367191228416.00 367285764096.00 367379611648.00 367472869376.00 
367564652544.00 367659352064.00 367751954432.00 367845834752.00 367938306048.00 368031825920.00 368125247488.00 368218636288.00 368310681600.00 368405053440.00 368494575616.00 368591306752.00 368683941888.00 368778117120.00 368870653952.00 368963387392.00 369056677888.00 369151574016.00 369243619328.00 369336713216.00 
369427185664.00 369523228672.00 369616486400.00 369709776896.00 369802772480.00 369894883328.00 369988403200.00 370082316288.00 370172952576.00 370268536832.00 370360942592.00 370453938176.00 370547064832.00 370640519168.00 370733547520.00 370825134080.00 370919571456.00 371013255168.00 371105955840.00 371198492672.00 
371290570752.00 371385106432.00 371478298624.00 371570900992.00 371663044608.00 371756433408.00 371849297920.00 371942227968.00 372034273280.00 372127694848.00 372219117568.00 372311425024.00 372403109888.00 372495319040.00 372586053632.00 372675903488.00 372764737536.00 372849967104.00 372927528960.00 372974452736.00 
end   dump: w
==END   DUMP_ARRAYS==
Time in seconds = 0.081040
