Sender: LSF System <lsfadmin@polus-c3-ib.bmc.hpc.cs.msu.ru>
Subject: Job 494135: <./extra.o> in cluster <MSUCluster> Done

Job <./extra.o> was submitted from host <polus-ib.bmc.hpc.cs.msu.ru> by user <edu-cmc-skpod19-328-11> in cluster <MSUCluster> at Fri Nov 29 23:41:33 2019
Job was executed on host(s) <polus-c3-ib.bmc.hpc.cs.msu.ru>, in queue <short>, as user <edu-cmc-skpod19-328-11> in cluster <MSUCluster> at Fri Nov 29 23:41:43 2019
</home_edu/edu-cmc-skpod19-328/edu-cmc-skpod19-328-11> was used as the home directory.
</home_edu/edu-cmc-skpod19-328/edu-cmc-skpod19-328-11/dep_gemver> was used as the working directory.
Started at Fri Nov 29 23:41:43 2019
Terminated at Fri Nov 29 23:41:46 2019
Results reported at Fri Nov 29 23:41:46 2019

Your job looked like:

------------------------------------------------------------
# LSBATCH: User input
./extra.o
------------------------------------------------------------

Successfully completed.

Resource usage summary:

    CPU time :                                   12.28 sec.
    Max Memory :                                 82 MB
    Average Memory :                             56.00 MB
    Total Requested Memory :                     -
    Delta Memory :                               -
    Max Swap :                                   -
    Max Processes :                              3
    Max Threads :                                131
    Run time :                                   2 sec.
    Turnaround time :                            13 sec.

The output (if any) follows:

==BEGIN DUMP_ARRAYS==
begin dump: w
0.00 0.00 0.00 0.00 0.00 0.00 0.00 0.00 0.00 0.00 0.00 0.00 0.00 0.00 0.00 0.00 0.00 0.00 0.00 0.00 
0.00 0.00 0.00 0.00 0.00 0.00 0.00 0.00 0.00 0.00 0.00 0.00 0.00 0.00 0.00 0.00 0.00 0.00 0.00 0.00 
0.00 0.00 0.00 0.00 0.00 0.00 0.00 0.00 0.00 0.00 0.00 0.00 0.00 0.00 0.00 0.00 0.00 0.00 0.00 0.00 
0.00 0.00 0.00 0.00 0.00 0.00 0.00 0.00 0.00 0.00 0.00 0.00 0.00 0.00 0.00 0.00 0.00 0.00 0.00 0.00 
0.00 0.00 0.00 0.00 0.00 0.00 0.00 0.00 0.00 0.00 0.00 0.00 0.00 0.00 0.00 0.00 0.00 0.00 0.00 0.00 
0.00 0.00 0.00 0.00 0.00 0.00 0.00 0.00 0.00 0.00 0.00 0.00 0.00 0.00 0.00 0.00 0.00 0.00 0.00 0.00 
0.00 0.00 0.00 0.00 0.00 0.00 0.00 0.00 0.00 0.00 0.00 0.00 0.00 0.00 0.00 0.00 0.00 0.00 0.00 0.00 
0.00 0.00 0.00 0.00 0.00 0.00 0.00 0.00 0.00 0.00 0.00 0.00 0.00 0.00 0.00 0.00 0.00 0.00 0.00 0.00 
0.00 0.00 0.00 0.00 0.00 0.00 0.00 0.00 0.00 0.00 0.00 0.00 0.00 0.00 0.00 0.00 0.00 0.00 0.00 0.00 
0.00 0.00 0.00 0.00 0.00 0.00 0.00 0.00 0.00 0.00 0.00 0.00 0.00 0.00 0.00 0.00 0.00 0.00 0.00 0.00 
0.00 0.00 0.00 0.00 0.00 0.00 0.00 0.00 0.00 0.00 0.00 0.00 0.00 0.00 0.00 0.00 0.00 0.00 0.00 0.00 
0.00 0.00 0.00 0.00 0.00 0.00 0.00 0.00 0.00 0.00 0.00 0.00 0.00 0.00 0.00 0.00 0.00 0.00 0.00 0.00 
0.00 0.00 0.00 0.00 0.00 0.00 0.00 0.00 0.00 0.00 0.00 0.00 0.00 0.00 0.00 0.00 0.00 0.00 0.00 0.00 
0.00 0.00 0.00 0.00 0.00 0.00 0.00 0.00 0.00 0.00 0.00 0.00 0.00 0.00 0.00 0.00 0.00 0.00 0.00 0.00 
0.00 0.00 0.00 0.00 0.00 0.00 0.00 0.00 0.00 0.00 0.00 0.00 0.00 0.00 0.00 0.00 0.00 0.00 0.00 0.00 
0.00 0.00 0.00 0.00 0.00 0.00 0.00 0.00 0.00 0.00 0.00 0.00 0.00 0.00 0.00 0.00 0.00 0.00 0.00 0.00 
0.00 0.00 0.00 0.00 0.00 0.00 0.00 0.00 0.00 0.00 0.00 0.00 0.00 0.00 0.00 0.00 0.00 0.00 0.00 0.00 
0.00 0.00 0.00 0.00 0.00 0.00 0.00 0.00 0.00 0.00 0.00 0.00 0.00 0.00 0.00 0.00 0.00 0.00 0.00 0.00 
0.00 0.00 0.00 0.00 0.00 0.00 0.00 0.00 0.00 0.00 0.00 0.00 0.00 0.00 0.00 0.00 0.00 0.00 0.00 0.00 
0.00 0.00 0.00 0.00 0.00 0.00 0.00 0.00 0.00 0.00 0.00 0.00 0.00 0.00 0.00 0.00 0.00 0.00 0.00 0.00 
0.00 0.00 0.00 0.00 0.00 0.00 0.00 0.00 0.00 0.00 0.00 0.00 0.00 0.00 0.00 0.00 0.00 0.00 0.00 0.00 
0.00 0.00 0.00 0.00 0.00 0.00 0.00 0.00 0.00 0.00 0.00 0.00 0.00 0.00 0.00 0.00 0.00 0.00 0.00 0.00 
0.00 0.00 0.00 0.00 0.00 0.00 0.00 0.00 0.00 0.00 0.00 0.00 0.00 0.00 0.00 0.00 0.00 0.00 0.00 0.00 
0.00 0.00 0.00 0.00 0.00 0.00 0.00 0.00 0.00 0.00 0.00 0.00 0.00 0.00 0.00 0.00 0.00 0.00 0.00 0.00 
0.00 0.00 0.00 0.00 0.00 0.00 0.00 0.00 0.00 0.00 0.00 0.00 0.00 0.00 0.00 0.00 0.00 0.00 0.00 0.00 
0.00 0.00 0.00 0.00 0.00 0.00 0.00 0.00 0.00 0.00 0.00 0.00 0.00 0.00 0.00 0.00 0.00 0.00 0.00 0.00 
0.00 0.00 0.00 0.00 0.00 0.00 0.00 0.00 0.00 0.00 0.00 0.00 0.00 0.00 0.00 0.00 0.00 0.00 0.00 0.00 
0.00 0.00 0.00 0.00 0.00 0.00 0.00 0.00 0.00 0.00 0.00 0.00 0.00 0.00 0.00 0.00 0.00 0.00 0.00 0.00 
0.00 0.00 0.00 0.00 0.00 0.00 0.00 0.00 0.00 0.00 0.00 0.00 0.00 0.00 0.00 0.00 0.00 0.00 0.00 0.00 
0.00 0.00 0.00 0.00 0.00 0.00 0.00 0.00 0.00 0.00 0.00 0.00 0.00 0.00 0.00 0.00 0.00 0.00 0.00 0.00 
0.00 0.00 0.00 0.00 0.00 0.00 0.00 0.00 0.00 0.00 0.00 0.00 0.00 0.00 0.00 0.00 0.00 0.00 0.00 0.00 
0.00 0.00 0.00 0.00 0.00 0.00 0.00 0.00 0.00 0.00 0.00 0.00 0.00 0.00 0.00 0.00 0.00 0.00 0.00 0.00 
0.00 0.00 0.00 0.00 0.00 0.00 0.00 0.00 0.00 0.00 0.00 0.00 0.00 0.00 0.00 0.00 0.00 0.00 0.00 0.00 
0.00 0.00 0.00 0.00 0.00 0.00 0.00 0.00 0.00 0.00 0.00 0.00 0.00 0.00 0.00 0.00 0.00 0.00 0.00 0.00 
0.00 0.00 0.00 0.00 0.00 0.00 0.00 0.00 0.00 0.00 0.00 0.00 0.00 0.00 0.00 0.00 0.00 0.00 0.00 0.00 
0.00 0.00 0.00 0.00 0.00 0.00 0.00 0.00 0.00 0.00 0.00 0.00 0.00 0.00 0.00 0.00 0.00 0.00 0.00 0.00 
0.00 0.00 0.00 0.00 0.00 0.00 0.00 0.00 0.00 0.00 0.00 0.00 0.00 0.00 0.00 0.00 0.00 0.00 0.00 0.00 
0.00 0.00 0.00 0.00 0.00 0.00 0.00 0.00 0.00 0.00 0.00 0.00 0.00 0.00 0.00 0.00 0.00 0.00 0.00 0.00 
0.00 0.00 0.00 0.00 0.00 0.00 0.00 0.00 0.00 0.00 0.00 0.00 0.00 0.00 0.00 0.00 0.00 0.00 0.00 0.00 
0.00 0.00 0.00 0.00 0.00 0.00 0.00 0.00 0.00 0.00 0.00 0.00 0.00 0.00 0.00 0.00 0.00 0.00 0.00 0.00 
0.00 0.00 0.00 0.00 0.00 0.00 0.00 0.00 0.00 0.00 0.00 0.00 0.00 0.00 0.00 0.00 0.00 0.00 0.00 0.00 
0.00 0.00 0.00 0.00 0.00 0.00 0.00 0.00 0.00 0.00 0.00 0.00 0.00 0.00 0.00 0.00 0.00 0.00 0.00 0.00 
0.00 0.00 0.00 0.00 0.00 0.00 0.00 0.00 0.00 0.00 0.00 0.00 0.00 0.00 0.00 0.00 0.00 0.00 0.00 0.00 
0.00 0.00 0.00 0.00 0.00 0.00 0.00 0.00 0.00 0.00 0.00 0.00 0.00 0.00 0.00 0.00 0.00 0.00 0.00 0.00 
0.00 0.00 0.00 0.00 0.00 0.00 0.00 0.00 0.00 0.00 0.00 0.00 0.00 0.00 0.00 0.00 0.00 0.00 0.00 0.00 
0.00 0.00 0.00 0.00 0.00 0.00 0.00 0.00 0.00 0.00 0.00 0.00 0.00 0.00 0.00 0.00 0.00 0.00 0.00 0.00 
0.00 0.00 0.00 0.00 0.00 0.00 0.00 0.00 0.00 0.00 0.00 0.00 0.00 0.00 0.00 0.00 0.00 0.00 0.00 0.00 
0.00 0.00 0.00 0.00 0.00 0.00 0.00 0.00 0.00 0.00 0.00 0.00 0.00 0.00 0.00 0.00 0.00 0.00 0.00 0.00 
0.00 0.00 0.00 0.00 0.00 0.00 0.00 0.00 0.00 0.00 0.00 0.00 0.00 0.00 0.00 0.00 0.00 0.00 0.00 0.00 
0.00 0.00 0.00 0.00 0.00 0.00 0.00 0.00 0.00 0.00 0.00 0.00 0.00 0.00 0.00 0.00 0.00 0.00 0.00 0.00 
0.00 0.00 0.00 0.00 0.00 0.00 0.00 0.00 0.00 0.00 0.00 0.00 0.00 0.00 0.00 0.00 0.00 0.00 0.00 0.00 
0.00 0.00 0.00 0.00 0.00 0.00 0.00 0.00 0.00 0.00 0.00 0.00 0.00 0.00 0.00 0.00 0.00 0.00 0.00 0.00 
0.00 0.00 0.00 0.00 0.00 0.00 0.00 0.00 0.00 0.00 0.00 0.00 0.00 0.00 0.00 0.00 0.00 0.00 0.00 0.00 
0.00 0.00 0.00 0.00 0.00 0.00 0.00 0.00 0.00 0.00 0.00 0.00 0.00 0.00 0.00 0.00 0.00 0.00 0.00 0.00 
0.00 0.00 0.00 0.00 0.00 0.00 0.00 0.00 0.00 0.00 0.00 0.00 0.00 0.00 0.00 0.00 0.00 0.00 0.00 0.00 
0.00 0.00 0.00 0.00 0.00 0.00 0.00 0.00 0.00 0.00 0.00 0.00 0.00 0.00 0.00 0.00 0.00 0.00 0.00 0.00 
0.00 0.00 0.00 0.00 0.00 0.00 0.00 0.00 0.00 0.00 0.00 0.00 0.00 0.00 0.00 0.00 0.00 0.00 0.00 0.00 
0.00 0.00 0.00 0.00 0.00 0.00 0.00 0.00 0.00 0.00 0.00 0.00 0.00 0.00 0.00 0.00 0.00 0.00 0.00 0.00 
0.00 0.00 0.00 0.00 0.00 0.00 0.00 0.00 0.00 0.00 0.00 0.00 0.00 0.00 0.00 0.00 0.00 0.00 0.00 0.00 
0.00 0.00 0.00 0.00 0.00 0.00 0.00 0.00 0.00 0.00 0.00 0.00 0.00 0.00 0.00 0.00 0.00 0.00 0.00 0.00 
0.00 0.00 0.00 0.00 0.00 0.00 0.00 0.00 0.00 0.00 0.00 0.00 0.00 0.00 0.00 0.00 0.00 0.00 0.00 0.00 
0.00 0.00 0.00 0.00 0.00 0.00 0.00 0.00 0.00 0.00 0.00 0.00 0.00 0.00 0.00 0.00 0.00 0.00 0.00 0.00 
0.00 0.00 0.00 0.00 0.00 0.00 0.00 0.00 0.00 0.00 0.00 0.00 0.00 0.00 0.00 0.00 0.00 0.00 0.00 0.00 
0.00 0.00 0.00 0.00 0.00 0.00 0.00 0.00 0.00 0.00 0.00 0.00 0.00 0.00 0.00 0.00 0.00 0.00 0.00 0.00 
0.00 0.00 0.00 0.00 0.00 0.00 0.00 0.00 0.00 0.00 0.00 0.00 0.00 0.00 0.00 0.00 0.00 0.00 0.00 0.00 
0.00 0.00 0.00 0.00 0.00 0.00 0.00 0.00 0.00 0.00 0.00 0.00 0.00 0.00 0.00 0.00 0.00 0.00 0.00 0.00 
0.00 0.00 0.00 0.00 0.00 0.00 0.00 0.00 0.00 0.00 0.00 0.00 0.00 0.00 0.00 0.00 0.00 0.00 0.00 0.00 
0.00 0.00 0.00 0.00 0.00 0.00 0.00 0.00 0.00 0.00 0.00 0.00 0.00 0.00 0.00 0.00 0.00 0.00 0.00 0.00 
0.00 0.00 0.00 0.00 0.00 0.00 0.00 0.00 0.00 0.00 0.00 0.00 0.00 0.00 0.00 0.00 0.00 0.00 0.00 0.00 
0.00 0.00 0.00 0.00 0.00 0.00 0.00 0.00 0.00 0.00 0.00 0.00 0.00 0.00 0.00 0.00 0.00 0.00 0.00 0.00 
0.00 0.00 0.00 0.00 0.00 0.00 0.00 0.00 0.00 0.00 0.00 0.00 0.00 0.00 0.00 0.00 0.00 0.00 0.00 0.00 
0.00 0.00 0.00 0.00 0.00 0.00 0.00 0.00 0.00 0.00 0.00 0.00 0.00 0.00 0.00 0.00 0.00 0.00 0.00 0.00 
0.00 0.00 0.00 0.00 0.00 0.00 0.00 0.00 0.00 0.00 0.00 0.00 0.00 0.00 0.00 0.00 0.00 0.00 0.00 0.00 
0.00 0.00 0.00 0.00 0.00 0.00 0.00 0.00 0.00 0.00 0.00 0.00 0.00 0.00 0.00 0.00 0.00 0.00 0.00 0.00 
0.00 0.00 0.00 0.00 0.00 0.00 0.00 0.00 0.00 0.00 0.00 0.00 0.00 0.00 0.00 0.00 0.00 0.00 0.00 0.00 
0.00 0.00 0.00 0.00 0.00 0.00 0.00 0.00 0.00 0.00 0.00 0.00 0.00 0.00 0.00 0.00 0.00 0.00 0.00 0.00 
0.00 0.00 0.00 0.00 0.00 0.00 0.00 0.00 0.00 0.00 0.00 0.00 0.00 0.00 0.00 0.00 0.00 0.00 0.00 0.00 
0.00 0.00 0.00 0.00 0.00 0.00 0.00 0.00 0.00 0.00 0.00 0.00 0.00 0.00 0.00 0.00 0.00 0.00 0.00 0.00 
0.00 0.00 0.00 0.00 0.00 0.00 0.00 0.00 0.00 0.00 0.00 0.00 0.00 0.00 0.00 0.00 0.00 0.00 0.00 0.00 
0.00 0.00 0.00 0.00 0.00 0.00 0.00 0.00 0.00 0.00 0.00 0.00 0.00 0.00 0.00 0.00 0.00 0.00 0.00 0.00 
0.00 0.00 0.00 0.00 0.00 0.00 0.00 0.00 0.00 0.00 0.00 0.00 0.00 0.00 0.00 0.00 0.00 0.00 0.00 0.00 
0.00 0.00 0.00 0.00 0.00 0.00 0.00 0.00 0.00 0.00 0.00 0.00 0.00 0.00 0.00 0.00 0.00 0.00 0.00 0.00 
0.00 0.00 0.00 0.00 0.00 0.00 0.00 0.00 0.00 0.00 0.00 0.00 0.00 0.00 0.00 0.00 0.00 0.00 0.00 0.00 
0.00 0.00 0.00 0.00 0.00 0.00 0.00 0.00 0.00 0.00 0.00 0.00 0.00 0.00 0.00 0.00 0.00 0.00 0.00 0.00 
0.00 0.00 0.00 0.00 0.00 0.00 0.00 0.00 0.00 0.00 0.00 0.00 0.00 0.00 0.00 0.00 0.00 0.00 0.00 0.00 
0.00 0.00 0.00 0.00 0.00 0.00 0.00 0.00 0.00 0.00 0.00 0.00 0.00 0.00 0.00 0.00 0.00 0.00 0.00 0.00 
0.00 0.00 0.00 0.00 0.00 0.00 0.00 0.00 0.00 0.00 0.00 0.00 0.00 0.00 0.00 0.00 0.00 0.00 0.00 0.00 
0.00 0.00 0.00 0.00 0.00 0.00 0.00 0.00 0.00 0.00 0.00 0.00 0.00 0.00 0.00 0.00 0.00 0.00 0.00 0.00 
0.00 0.00 0.00 0.00 0.00 0.00 0.00 0.00 0.00 0.00 0.00 0.00 0.00 0.00 0.00 0.00 0.00 0.00 0.00 0.00 
0.00 0.00 0.00 0.00 0.00 0.00 0.00 0.00 0.00 0.00 0.00 0.00 0.00 0.00 0.00 0.00 0.00 0.00 0.00 0.00 
0.00 0.00 0.00 0.00 0.00 0.00 0.00 0.00 0.00 0.00 0.00 0.00 0.00 0.00 0.00 0.00 0.00 0.00 0.00 0.00 
0.00 0.00 0.00 0.00 0.00 0.00 0.00 0.00 0.00 0.00 0.00 0.00 0.00 0.00 0.00 0.00 0.00 0.00 0.00 0.00 
0.00 0.00 0.00 0.00 0.00 0.00 0.00 0.00 0.00 0.00 0.00 0.00 0.00 0.00 0.00 0.00 0.00 0.00 0.00 0.00 
0.00 0.00 0.00 0.00 0.00 0.00 0.00 0.00 0.00 0.00 0.00 0.00 0.00 0.00 0.00 0.00 0.00 0.00 0.00 0.00 
0.00 0.00 0.00 0.00 0.00 0.00 0.00 0.00 0.00 0.00 0.00 0.00 0.00 0.00 0.00 0.00 0.00 0.00 0.00 0.00 
0.00 0.00 0.00 0.00 0.00 0.00 0.00 0.00 0.00 0.00 0.00 0.00 0.00 0.00 0.00 0.00 0.00 0.00 0.00 0.00 
0.00 0.00 0.00 0.00 0.00 0.00 0.00 0.00 0.00 0.00 0.00 0.00 0.00 0.00 0.00 0.00 0.00 0.00 0.00 0.00 
0.00 0.00 0.00 0.00 0.00 0.00 0.00 0.00 0.00 0.00 0.00 0.00 0.00 0.00 0.00 0.00 0.00 0.00 0.00 0.00 
0.00 0.00 0.00 0.00 0.00 0.00 0.00 0.00 0.00 0.00 0.00 0.00 0.00 0.00 0.00 0.00 0.00 0.00 0.00 0.00 
0.00 0.00 0.00 0.00 0.00 0.00 0.00 0.00 0.00 0.00 0.00 0.00 0.00 0.00 0.00 0.00 0.00 0.00 0.00 0.00 
0.00 0.00 0.00 0.00 0.00 0.00 0.00 0.00 0.00 0.00 0.00 0.00 0.00 0.00 0.00 0.00 0.00 0.00 0.00 0.00 
0.00 0.00 0.00 0.00 0.00 0.00 0.00 0.00 0.00 0.00 0.00 0.00 0.00 0.00 0.00 0.00 0.00 0.00 0.00 0.00 
0.00 0.00 0.00 0.00 0.00 0.00 0.00 0.00 0.00 0.00 0.00 0.00 0.00 0.00 0.00 0.00 0.00 0.00 0.00 0.00 
0.00 0.00 0.00 0.00 0.00 0.00 0.00 0.00 0.00 0.00 0.00 0.00 0.00 0.00 0.00 0.00 0.00 0.00 0.00 0.00 
0.00 0.00 0.00 0.00 0.00 0.00 0.00 0.00 0.00 0.00 0.00 0.00 0.00 0.00 0.00 0.00 0.00 0.00 0.00 0.00 
0.00 0.00 0.00 0.00 0.00 0.00 0.00 0.00 0.00 0.00 0.00 0.00 0.00 0.00 0.00 0.00 0.00 0.00 0.00 0.00 
0.00 0.00 0.00 0.00 0.00 0.00 0.00 0.00 0.00 0.00 0.00 0.00 0.00 0.00 0.00 0.00 0.00 0.00 0.00 0.00 
0.00 0.00 0.00 0.00 0.00 0.00 0.00 0.00 0.00 0.00 0.00 0.00 0.00 0.00 0.00 0.00 0.00 0.00 0.00 0.00 
0.00 0.00 0.00 0.00 0.00 0.00 0.00 0.00 0.00 0.00 0.00 0.00 0.00 0.00 0.00 0.00 0.00 0.00 0.00 0.00 
0.00 0.00 0.00 0.00 0.00 0.00 0.00 0.00 0.00 0.00 0.00 0.00 0.00 0.00 0.00 0.00 0.00 0.00 0.00 0.00 
0.00 0.00 0.00 0.00 0.00 0.00 0.00 0.00 0.00 0.00 0.00 0.00 0.00 0.00 0.00 0.00 0.00 0.00 0.00 0.00 
0.00 0.00 0.00 0.00 0.00 0.00 0.00 0.00 0.00 0.00 0.00 0.00 0.00 0.00 0.00 0.00 0.00 0.00 0.00 0.00 
0.00 0.00 0.00 0.00 0.00 0.00 0.00 0.00 0.00 0.00 0.00 0.00 0.00 0.00 0.00 0.00 0.00 0.00 0.00 0.00 
0.00 0.00 0.00 0.00 0.00 0.00 0.00 0.00 0.00 0.00 0.00 0.00 0.00 0.00 0.00 0.00 0.00 0.00 0.00 0.00 
0.00 0.00 0.00 0.00 0.00 0.00 0.00 0.00 0.00 0.00 0.00 0.00 0.00 0.00 0.00 0.00 0.00 0.00 0.00 0.00 
0.00 0.00 0.00 0.00 0.00 0.00 0.00 0.00 0.00 0.00 0.00 0.00 0.00 0.00 0.00 0.00 0.00 0.00 0.00 0.00 
0.00 0.00 0.00 0.00 0.00 0.00 0.00 0.00 0.00 0.00 0.00 0.00 0.00 0.00 0.00 0.00 0.00 0.00 0.00 0.00 
0.00 0.00 0.00 0.00 0.00 0.00 0.00 0.00 0.00 0.00 0.00 0.00 0.00 0.00 0.00 0.00 0.00 0.00 0.00 0.00 
0.00 0.00 0.00 0.00 0.00 0.00 0.00 0.00 0.00 0.00 0.00 0.00 0.00 0.00 0.00 0.00 0.00 0.00 0.00 0.00 
0.00 0.00 0.00 0.00 0.00 0.00 0.00 0.00 0.00 0.00 0.00 0.00 0.00 0.00 0.00 0.00 0.00 0.00 0.00 0.00 
0.00 0.00 0.00 0.00 0.00 0.00 0.00 0.00 0.00 0.00 0.00 0.00 0.00 0.00 0.00 0.00 0.00 0.00 0.00 0.00 
0.00 0.00 0.00 0.00 0.00 0.00 0.00 0.00 0.00 0.00 0.00 0.00 0.00 0.00 0.00 0.00 0.00 0.00 0.00 0.00 
0.00 0.00 0.00 0.00 0.00 0.00 0.00 0.00 0.00 0.00 0.00 0.00 0.00 0.00 0.00 0.00 0.00 0.00 0.00 0.00 
0.00 0.00 0.00 0.00 0.00 0.00 0.00 0.00 0.00 0.00 0.00 0.00 0.00 0.00 0.00 0.00 0.00 0.00 0.00 0.00 
0.00 0.00 0.00 0.00 0.00 0.00 0.00 0.00 0.00 0.00 0.00 0.00 0.00 0.00 0.00 0.00 0.00 0.00 0.00 0.00 
0.00 0.00 0.00 0.00 0.00 0.00 0.00 0.00 0.00 0.00 0.00 0.00 0.00 0.00 0.00 0.00 0.00 0.00 0.00 0.00 
0.00 0.00 0.00 0.00 0.00 0.00 0.00 0.00 0.00 0.00 0.00 0.00 0.00 0.00 0.00 0.00 0.00 0.00 0.00 0.00 
0.00 0.00 0.00 0.00 0.00 0.00 0.00 0.00 0.00 0.00 0.00 0.00 0.00 0.00 0.00 0.00 0.00 0.00 0.00 0.00 
0.00 0.00 0.00 0.00 0.00 0.00 0.00 0.00 0.00 0.00 0.00 0.00 0.00 0.00 0.00 0.00 0.00 0.00 0.00 0.00 
0.00 0.00 0.00 0.00 0.00 0.00 0.00 0.00 0.00 0.00 0.00 0.00 0.00 0.00 0.00 0.00 0.00 0.00 0.00 0.00 
0.00 0.00 0.00 0.00 0.00 0.00 0.00 0.00 0.00 0.00 0.00 0.00 0.00 0.00 0.00 0.00 0.00 0.00 0.00 0.00 
0.00 0.00 0.00 0.00 0.00 0.00 0.00 0.00 0.00 0.00 0.00 0.00 0.00 0.00 0.00 0.00 0.00 0.00 0.00 0.00 
0.00 0.00 0.00 0.00 0.00 0.00 0.00 0.00 0.00 0.00 0.00 0.00 0.00 0.00 0.00 0.00 0.00 0.00 0.00 0.00 
0.00 0.00 0.00 0.00 0.00 0.00 0.00 0.00 0.00 0.00 0.00 0.00 0.00 0.00 0.00 0.00 0.00 0.00 0.00 0.00 
0.00 0.00 0.00 0.00 0.00 0.00 0.00 0.00 0.00 0.00 0.00 0.00 0.00 0.00 0.00 0.00 0.00 0.00 0.00 0.00 
0.00 0.00 0.00 0.00 0.00 0.00 0.00 0.00 0.00 0.00 0.00 0.00 0.00 0.00 0.00 0.00 0.00 0.00 0.00 0.00 
0.00 0.00 0.00 0.00 0.00 0.00 0.00 0.00 0.00 0.00 0.00 0.00 0.00 0.00 0.00 0.00 0.00 0.00 0.00 0.00 
0.00 0.00 0.00 0.00 0.00 0.00 0.00 0.00 0.00 0.00 0.00 0.00 0.00 0.00 0.00 0.00 0.00 0.00 0.00 0.00 
0.00 0.00 0.00 0.00 0.00 0.00 0.00 0.00 0.00 0.00 0.00 0.00 0.00 0.00 0.00 0.00 0.00 0.00 0.00 0.00 
0.00 0.00 0.00 0.00 0.00 0.00 0.00 0.00 0.00 0.00 0.00 0.00 0.00 0.00 0.00 0.00 0.00 0.00 0.00 0.00 
0.00 0.00 0.00 0.00 0.00 0.00 0.00 0.00 0.00 0.00 0.00 0.00 0.00 0.00 0.00 0.00 0.00 0.00 0.00 0.00 
0.00 0.00 0.00 0.00 0.00 0.00 0.00 0.00 0.00 0.00 0.00 0.00 0.00 0.00 0.00 0.00 0.00 0.00 0.00 0.00 
0.00 0.00 0.00 0.00 0.00 0.00 0.00 0.00 0.00 0.00 0.00 0.00 0.00 0.00 0.00 0.00 0.00 0.00 0.00 0.00 
0.00 0.00 0.00 0.00 0.00 0.00 0.00 0.00 0.00 0.00 0.00 0.00 0.00 0.00 0.00 0.00 0.00 0.00 0.00 0.00 
0.00 0.00 0.00 0.00 0.00 0.00 0.00 0.00 0.00 0.00 0.00 0.00 0.00 0.00 0.00 0.00 0.00 0.00 0.00 0.00 
0.00 0.00 0.00 0.00 0.00 0.00 0.00 0.00 0.00 0.00 0.00 0.00 0.00 0.00 0.00 0.00 0.00 0.00 0.00 0.00 
0.00 0.00 0.00 0.00 0.00 0.00 0.00 0.00 0.00 0.00 0.00 0.00 0.00 0.00 0.00 0.00 0.00 0.00 0.00 0.00 
0.00 0.00 0.00 0.00 0.00 0.00 0.00 0.00 0.00 0.00 0.00 0.00 0.00 0.00 0.00 0.00 0.00 0.00 0.00 0.00 
0.00 0.00 0.00 0.00 0.00 0.00 0.00 0.00 0.00 0.00 0.00 0.00 0.00 0.00 0.00 0.00 0.00 0.00 0.00 0.00 
0.00 0.00 0.00 0.00 0.00 0.00 0.00 0.00 0.00 0.00 0.00 0.00 0.00 0.00 0.00 0.00 0.00 0.00 0.00 0.00 
0.00 0.00 0.00 0.00 0.00 0.00 0.00 0.00 0.00 0.00 0.00 0.00 0.00 0.00 0.00 0.00 0.00 0.00 0.00 0.00 
0.00 0.00 0.00 0.00 0.00 0.00 0.00 0.00 0.00 0.00 0.00 0.00 0.00 0.00 0.00 0.00 0.00 0.00 0.00 0.00 
0.00 0.00 0.00 0.00 0.00 0.00 0.00 0.00 0.00 0.00 0.00 0.00 0.00 0.00 0.00 0.00 0.00 0.00 0.00 0.00 
0.00 0.00 0.00 0.00 0.00 0.00 0.00 0.00 0.00 0.00 0.00 0.00 0.00 0.00 0.00 0.00 0.00 0.00 0.00 0.00 
0.00 0.00 0.00 0.00 0.00 0.00 0.00 0.00 0.00 0.00 0.00 0.00 0.00 0.00 0.00 0.00 0.00 0.00 0.00 0.00 
0.00 0.00 0.00 0.00 0.00 0.00 0.00 0.00 0.00 0.00 0.00 0.00 0.00 0.00 0.00 0.00 0.00 0.00 0.00 0.00 
0.00 0.00 0.00 0.00 0.00 0.00 0.00 0.00 0.00 0.00 0.00 0.00 0.00 0.00 0.00 0.00 0.00 0.00 0.00 0.00 
0.00 0.00 0.00 0.00 0.00 0.00 0.00 0.00 0.00 0.00 0.00 0.00 0.00 0.00 0.00 0.00 0.00 0.00 0.00 0.00 
0.00 0.00 0.00 0.00 0.00 0.00 0.00 0.00 0.00 0.00 0.00 0.00 0.00 0.00 0.00 0.00 0.00 0.00 0.00 0.00 
0.00 0.00 0.00 0.00 0.00 0.00 0.00 0.00 0.00 0.00 0.00 0.00 0.00 0.00 0.00 0.00 0.00 0.00 0.00 0.00 
0.00 0.00 0.00 0.00 0.00 0.00 0.00 0.00 0.00 0.00 0.00 0.00 0.00 0.00 0.00 0.00 0.00 0.00 0.00 0.00 
0.00 0.00 0.00 0.00 0.00 0.00 0.00 0.00 0.00 0.00 0.00 0.00 0.00 0.00 0.00 0.00 0.00 0.00 0.00 0.00 
0.00 0.00 0.00 0.00 0.00 0.00 0.00 0.00 0.00 0.00 0.00 0.00 0.00 0.00 0.00 0.00 0.00 0.00 0.00 0.00 
0.00 0.00 0.00 0.00 0.00 0.00 0.00 0.00 0.00 0.00 0.00 0.00 0.00 0.00 0.00 0.00 0.00 0.00 0.00 0.00 
0.00 0.00 0.00 0.00 0.00 0.00 0.00 0.00 0.00 0.00 0.00 0.00 0.00 0.00 0.00 0.00 0.00 0.00 0.00 0.00 
0.00 0.00 0.00 0.00 0.00 0.00 0.00 0.00 0.00 0.00 0.00 0.00 0.00 0.00 0.00 0.00 0.00 0.00 0.00 0.00 
0.00 0.00 0.00 0.00 0.00 0.00 0.00 0.00 0.00 0.00 0.00 0.00 0.00 0.00 0.00 0.00 0.00 0.00 0.00 0.00 
0.00 0.00 0.00 0.00 0.00 0.00 0.00 0.00 0.00 0.00 0.00 0.00 0.00 0.00 0.00 0.00 0.00 0.00 0.00 0.00 
0.00 0.00 0.00 0.00 0.00 0.00 0.00 0.00 0.00 0.00 0.00 0.00 0.00 0.00 0.00 0.00 0.00 0.00 0.00 0.00 
0.00 0.00 0.00 0.00 0.00 0.00 0.00 0.00 0.00 0.00 0.00 0.00 0.00 0.00 0.00 0.00 0.00 0.00 0.00 0.00 
0.00 0.00 0.00 0.00 0.00 0.00 0.00 0.00 0.00 0.00 0.00 0.00 0.00 0.00 0.00 0.00 0.00 0.00 0.00 0.00 
0.00 0.00 0.00 0.00 0.00 0.00 0.00 0.00 0.00 0.00 0.00 0.00 0.00 0.00 0.00 0.00 0.00 0.00 0.00 0.00 
0.00 0.00 0.00 0.00 0.00 0.00 0.00 0.00 0.00 0.00 0.00 0.00 0.00 0.00 0.00 0.00 0.00 0.00 0.00 0.00 
0.00 0.00 0.00 0.00 0.00 0.00 0.00 0.00 0.00 0.00 0.00 0.00 0.00 0.00 0.00 0.00 0.00 0.00 0.00 0.00 
0.00 0.00 0.00 0.00 0.00 0.00 0.00 0.00 0.00 0.00 0.00 0.00 0.00 0.00 0.00 0.00 0.00 0.00 0.00 0.00 
0.00 0.00 0.00 0.00 0.00 0.00 0.00 0.00 0.00 0.00 0.00 0.00 0.00 0.00 0.00 0.00 0.00 0.00 0.00 0.00 
0.00 0.00 0.00 0.00 0.00 0.00 0.00 0.00 0.00 0.00 0.00 0.00 0.00 0.00 0.00 0.00 0.00 0.00 0.00 0.00 
0.00 0.00 0.00 0.00 0.00 0.00 0.00 0.00 0.00 0.00 0.00 0.00 0.00 0.00 0.00 0.00 0.00 0.00 0.00 0.00 
0.00 0.00 0.00 0.00 0.00 0.00 0.00 0.00 0.00 0.00 0.00 0.00 0.00 0.00 0.00 0.00 0.00 0.00 0.00 0.00 
0.00 0.00 0.00 0.00 0.00 0.00 0.00 0.00 0.00 0.00 0.00 0.00 0.00 0.00 0.00 0.00 0.00 0.00 0.00 0.00 
0.00 0.00 0.00 0.00 0.00 0.00 0.00 0.00 0.00 0.00 0.00 0.00 0.00 0.00 0.00 0.00 0.00 0.00 0.00 0.00 
0.00 0.00 0.00 0.00 0.00 0.00 0.00 0.00 0.00 0.00 0.00 0.00 0.00 0.00 0.00 0.00 0.00 0.00 0.00 0.00 
0.00 0.00 0.00 0.00 0.00 0.00 0.00 0.00 0.00 0.00 0.00 0.00 0.00 0.00 0.00 0.00 0.00 0.00 0.00 0.00 
0.00 0.00 0.00 0.00 0.00 0.00 0.00 0.00 0.00 0.00 0.00 0.00 0.00 0.00 0.00 0.00 0.00 0.00 0.00 0.00 
0.00 0.00 0.00 0.00 0.00 0.00 0.00 0.00 0.00 0.00 0.00 0.00 0.00 0.00 0.00 0.00 0.00 0.00 0.00 0.00 
0.00 0.00 0.00 0.00 0.00 0.00 0.00 0.00 0.00 0.00 0.00 0.00 0.00 0.00 0.00 0.00 0.00 0.00 0.00 0.00 
0.00 0.00 0.00 0.00 0.00 0.00 0.00 0.00 0.00 0.00 0.00 0.00 0.00 0.00 0.00 0.00 0.00 0.00 0.00 0.00 
0.00 0.00 0.00 0.00 0.00 0.00 0.00 0.00 0.00 0.00 0.00 0.00 0.00 0.00 0.00 0.00 0.00 0.00 0.00 0.00 
0.00 0.00 0.00 0.00 0.00 0.00 0.00 0.00 0.00 0.00 0.00 0.00 0.00 0.00 0.00 0.00 0.00 0.00 0.00 0.00 
0.00 0.00 0.00 0.00 0.00 0.00 0.00 0.00 0.00 0.00 0.00 0.00 0.00 0.00 0.00 0.00 0.00 0.00 0.00 0.00 
0.00 0.00 0.00 0.00 0.00 0.00 0.00 0.00 0.00 0.00 0.00 0.00 0.00 0.00 0.00 0.00 0.00 0.00 0.00 0.00 
0.00 0.00 0.00 0.00 0.00 0.00 0.00 0.00 0.00 0.00 0.00 0.00 0.00 0.00 0.00 0.00 0.00 0.00 0.00 0.00 
0.00 0.00 0.00 0.00 0.00 0.00 0.00 0.00 0.00 0.00 0.00 0.00 0.00 0.00 0.00 0.00 0.00 0.00 0.00 0.00 
0.00 0.00 0.00 0.00 0.00 0.00 0.00 0.00 0.00 0.00 0.00 0.00 0.00 0.00 0.00 0.00 0.00 0.00 0.00 0.00 
0.00 0.00 0.00 0.00 0.00 0.00 0.00 0.00 0.00 0.00 0.00 0.00 0.00 0.00 0.00 0.00 0.00 0.00 0.00 0.00 
0.00 0.00 0.00 0.00 0.00 0.00 0.00 0.00 0.00 0.00 0.00 0.00 0.00 0.00 0.00 0.00 0.00 0.00 0.00 0.00 
0.00 0.00 0.00 0.00 0.00 0.00 0.00 0.00 0.00 0.00 0.00 0.00 0.00 0.00 0.00 0.00 0.00 0.00 0.00 0.00 
0.00 0.00 0.00 0.00 0.00 0.00 0.00 0.00 0.00 0.00 0.00 0.00 0.00 0.00 0.00 0.00 0.00 0.00 0.00 0.00 
0.00 0.00 0.00 0.00 0.00 0.00 0.00 0.00 0.00 0.00 0.00 0.00 0.00 0.00 0.00 0.00 0.00 0.00 0.00 0.00 
0.00 0.00 0.00 0.00 0.00 0.00 0.00 0.00 0.00 0.00 0.00 0.00 0.00 0.00 0.00 0.00 0.00 0.00 0.00 0.00 
end   dump: w
==END   DUMP_ARRAYS==
==BEGIN DUMP_ARRAYS==
begin dump: w
7788.73 467199456.00 513812032.00 591853760.00 677434880.00 766160064.00 856718400.00 948007616.00 1039328128.00 1132023040.00 1223857280.00 1317040768.00 1409641472.00 1502636544.00 1595512704.00 1688328448.00 1780522496.00 1874812288.00 1967754496.00 2061040768.00 
2153115392.00 2247889408.00 2340991232.00 2434403072.00 2527090432.00 2619179776.00 2714186752.00 2807278848.00 2900826112.00 2994494976.00 3086921728.00 3180297472.00 3272058112.00 3367571712.00 3461210112.00 3554238976.00 3647535616.00 3741164032.00 3834552064.00 3928168704.00 
4018865408.00 4114939648.00 4208270848.00 4300870144.00 4395219968.00 4488526848.00 4582456832.00 4675388928.00 4767775744.00 4862456832.00 4952355840.00 5049212416.00 5142724096.00 5236204544.00 5329176064.00 5422710272.00 5515943936.00 5609806336.00 5703871488.00 5796977152.00 
5888890880.00 5983494144.00 6076735488.00 6171196928.00 6261780480.00 6357048320.00 6450712576.00 6544270336.00 6637641728.00 6731999744.00 6823995392.00 6917733376.00 7011086336.00 7105201152.00 7198064640.00 7290250752.00 7385303040.00 7479225856.00 7572318208.00 7665891840.00 
7753741824.00 7852668928.00 7946080256.00 8039553024.00 8132899840.00 8225913344.00 8319560192.00 8414466048.00 8506479616.00 8600791040.00 8693242880.00 8787825664.00 8880753664.00 8972125184.00 9067650048.00 9160739840.00 9252450304.00 9348045824.00 9441554432.00 9534864384.00 
9621536768.00 9721782272.00 9815254016.00 9908630528.00 10001949696.00 10095336448.00 10189284352.00 10282769408.00 10375387136.00 10469637120.00 10562438144.00 10655995904.00 10749014016.00 10844011520.00 10936699904.00 11030164480.00 11123985408.00 11217223680.00 11311026176.00 11404345344.00 
11495044096.00 11590947840.00 11684689920.00 11777892352.00 11871300608.00 11956203520.00 12058793984.00 12153492480.00 12243293184.00 12335992832.00 12431790080.00 12525797376.00 12619168768.00 12712608768.00 12806359040.00 12899457024.00 12992736256.00 13086931968.00 13181657088.00 13273971712.00 
13365743616.00 13460474880.00 13553686528.00 13648327680.00 13739937792.00 13834152960.00 13928099840.00 14021174272.00 14113879040.00 14208578560.00 14298394624.00 14395783168.00 14488316928.00 14581659648.00 14676439040.00 14768829440.00 14862496768.00 14956272640.00 15049506816.00 15142985728.00 
15225349120.00 15330089984.00 15423419392.00 15516804096.00 15610189824.00 15703612416.00 15797067776.00 15891315712.00 15983746048.00 16076466176.00 16170415104.00 16264651776.00 16357686272.00 16451450880.00 16546970624.00 16636907520.00 16730984448.00 16826212352.00 16918999040.00 17012147200.00 
17104486400.00 17199560704.00 17293758464.00 17385859072.00 17479364608.00 17572995072.00 17665591296.00 17760178176.00 17853390848.00 17947201536.00 18039531520.00 18134358016.00 18225428480.00 18321076224.00 18414430208.00 18507208704.00 18601129984.00 18694737920.00 18787805184.00 18881196032.00 
18961287168.00 19068502016.00 19161815040.00 19255730176.00 19348883456.00 19441948672.00 19535888384.00 19629684736.00 19721957376.00 19816536064.00 19908876288.00 20003938304.00 20096786432.00 20190339072.00 20283908096.00 20376899584.00 20470032384.00 20564381696.00 20657592320.00 20751048704.00 
20843290624.00 20938426368.00 21030330368.00 21125675008.00 21216473088.00 21310396416.00 21405620224.00 21499052032.00 21592229888.00 21685903360.00 21778808832.00 21872740352.00 21965885440.00 22058905600.00 22152941568.00 22245406720.00 22340405248.00 22433615872.00 22527006720.00 22620796928.00 
22708580352.00 22807906304.00 22900918272.00 22994737152.00 23087837184.00 23181455360.00 23274715136.00 23368495104.00 23461203968.00 23555059712.00 23631147008.00 23742511104.00 23835777024.00 23929305088.00 24023330816.00 24115826688.00 24207482880.00 24303013888.00 24395089920.00 24490678272.00 
24582191104.00 24677197824.00 24770201600.00 24863825920.00 24956848128.00 25050376192.00 25143683072.00 25238956032.00 25331322880.00 25424828416.00 25517623296.00 25611444224.00 25704144896.00 25798957056.00 25892591616.00 25983844352.00 26079559680.00 26172551168.00 26266073088.00 26358812672.00 
26450202624.00 26546577408.00 26639695872.00 26733262848.00 26826326016.00 26919413760.00 27015276544.00 27107860480.00 27198672896.00 27294322688.00 27387146240.00 27481501696.00 27574472704.00 27668252672.00 27761324032.00 27854710784.00 27947620352.00 28042123264.00 28135385088.00 28228794368.00 
28315406336.00 28415709184.00 28509413376.00 28602064896.00 28695148544.00 28789319680.00 28882688000.00 28976078848.00 29071673344.00 29163864064.00 29256620032.00 29350608896.00 29443604480.00 29537466368.00 29631119360.00 29724276736.00 29817956352.00 29911406592.00 30004914176.00 30098116608.00 
30180669440.00 30285559808.00 30378694656.00 30472339456.00 30565369856.00 30657513472.00 30752526336.00 30846083072.00 30939176960.00 31032649728.00 31125800960.00 31219728384.00 31312803840.00 31405101056.00 31501283328.00 31593936896.00 31686486016.00 31781206016.00 31873691648.00 31969333248.00 
32059893760.00 32154654720.00 32248004608.00 32342110208.00 32434589696.00 32528435200.00 32621957120.00 32715360256.00 32809762816.00 32903165952.00 32992512000.00 33089611776.00 33180706816.00 33277685760.00 33370091520.00 33462931456.00 33556510720.00 33650231296.00 33743513600.00 33837576192.00 
33927786496.00 34023876608.00 34117322752.00 34209818624.00 34306420736.00 34398261248.00 34491478016.00 34585362432.00 34677547008.00 34771693568.00 34864787456.00 34958884864.00 35051712512.00 35145879552.00 35239284736.00 35323936768.00 35425730560.00 35519725568.00 35613175808.00 35706703872.00 
35798634496.00 35897962496.00 35987062784.00 36080963584.00 36171853824.00 36267192320.00 36360986624.00 36453470208.00 36547649536.00 36641443840.00 36733984768.00 36828442624.00 36921094144.00 37015113728.00 37108576256.00 37201600512.00 37295108096.00 37388873728.00 37481926656.00 37575004160.00 
37641502720.00 37763731456.00 37856624640.00 37950152704.00 38043234304.00 38136573952.00 38230429696.00 38323982336.00 38416715776.00 38510886912.00 38603485184.00 38697877504.00 38790963200.00 38884499456.00 38978531328.00 39071326208.00 39162941440.00 39258632192.00 39352127488.00 39445241856.00 
39537405952.00 39627640832.00 39726030848.00 39819444224.00 39912394752.00 40004575232.00 40099745792.00 40193228800.00 40286461952.00 40380411904.00 40473071616.00 40567095296.00 40659447808.00 40754266112.00 40847462400.00 40940859392.00 41034190848.00 41128148992.00 41221316608.00 41314320384.00 
41405542400.00 41501741056.00 41595080704.00 41688371200.00 41779605504.00 41877544960.00 41969995776.00 42063093760.00 42154291200.00 42250309632.00 42339901440.00 42436775936.00 42530033664.00 42623766528.00 42716966912.00 42810359808.00 42903498752.00 42996998144.00 43090636800.00 43182977024.00 
43276554240.00 43371073536.00 43464925184.00 43558449152.00 43650744320.00 43744616448.00 43838246912.00 43931729920.00 44025241600.00 44119080960.00 44211503104.00 44306710528.00 44399157248.00 44493004800.00 44586393600.00 44678283264.00 44772990976.00 44866732032.00 44960477184.00 45053784064.00 
45136199680.00 45240590336.00 45334335488.00 45427699712.00 45520916480.00 45614878720.00 45708361728.00 45801656320.00 45894803456.00 45988683776.00 46081490944.00 46175465472.00 46268694528.00 46362431488.00 46455676928.00 46548905984.00 46641516544.00 46735855616.00 46829191168.00 46921932800.00 
46981820416.00 47111614464.00 47204208640.00 47298080768.00 47390466048.00 47484112896.00 47577608192.00 47670841344.00 47764742144.00 47857811456.00 47950901248.00 48044953600.00 48136310784.00 48232300544.00 48325431296.00 48418545664.00 48511508480.00 48605229056.00 48699453440.00 48792801280.00 
48883458048.00 48979378176.00 49073729536.00 49166520320.00 49259851776.00 49351913472.00 49446895616.00 49540673536.00 49632927744.00 49727291392.00 49820147712.00 49914527744.00 50007330816.00 50100121600.00 50195169280.00 50288107520.00 50381316096.00 50475175936.00 50568437760.00 50661609472.00 
50754224128.00 50849251328.00 50942394368.00 51036147712.00 51127263232.00 51222310912.00 51316768768.00 51409203200.00 51503501312.00 51595157504.00 51686932480.00 51783663616.00 51877068800.00 51971162112.00 52064186368.00 52157296640.00 52251058176.00 52344893440.00 52437708800.00 52531372032.00 
52619444224.00 52718534656.00 52812144640.00 52905435136.00 52998463488.00 53091921920.00 53185441792.00 53279080448.00 53371858944.00 53465427968.00 53557895168.00 53648863232.00 53749813248.00 53841203200.00 53934358528.00 54026002432.00 54118789120.00 54214557696.00 54307688448.00 54401458176.00 
54493331456.00 54587723776.00 54681702400.00 54775345152.00 54868049920.00 54961668096.00 55055622144.00 55148744704.00 55241859072.00 55335874560.00 55428616192.00 55522816000.00 55615045632.00 55709970432.00 55803031552.00 55896272896.00 55989972992.00 56082190336.00 56176766976.00 56270278656.00 
56350040064.00 56457560064.00 56550813696.00 56644362240.00 56737738752.00 56830906368.00 56923389952.00 57017999360.00 57109553152.00 57205559296.00 57297993728.00 57392123904.00 57485299712.00 57578962944.00 57672261632.00 57764376576.00 57859923968.00 57953275904.00 58046533632.00 58139791360.00 
58232160256.00 58326618112.00 58420113408.00 58513969152.00 58606206976.00 58692186112.00 58794283008.00 58887725056.00 58981072896.00 59074654208.00 59167440896.00 59261169664.00 59355136000.00 59448872960.00 59541905408.00 59635445760.00 59728744448.00 59822309376.00 59915743232.00 60009246720.00 
60091715584.00 60196311040.00 60290211840.00 60383350784.00 60476436480.00 60569292800.00 60663640064.00 60756869120.00 60850065408.00 60944089088.00 61034033152.00 61130739712.00 61224275968.00 61317414912.00 61411467264.00 61504552960.00 61597282304.00 61691285504.00 61784924160.00 61878304768.00 
61970653184.00 62065324032.00 62158671872.00 62252187648.00 62344765440.00 62437871616.00 62529224704.00 62634373120.00 62721728512.00 62814695424.00 62907179008.00 63001112576.00 63092232192.00 63187906560.00 63281197056.00 63372898304.00 63467606016.00 63561781248.00 63655690240.00 63748382720.00 
63839178752.00 63935594496.00 64028737536.00 64123011072.00 64215519232.00 64308891648.00 64402821120.00 64496181248.00 64588500992.00 64683421696.00 64776175616.00 64870195200.00 64963280896.00 65056874496.00 65150255104.00 65243430912.00 65337331712.00 65431019520.00 65524477952.00 65617477632.00 
65704284160.00 65804505088.00 65898131456.00 65991516160.00 66082893824.00 66177986560.00 66274721792.00 66365849600.00 66458976256.00 66552655872.00 66645327872.00 66739113984.00 66832347136.00 66926362624.00 67019493376.00 67113168896.00 67206541312.00 67300683776.00 67394723840.00 67487264768.00 
67575091200.00 67673985024.00 67767418880.00 67860955136.00 67954176000.00 68046057472.00 68140830720.00 68232204288.00 68328976384.00 68422160384.00 68514955264.00 68608991232.00 68702113792.00 68795973632.00 68889378816.00 68982538240.00 69074149376.00 69170118656.00 69263040512.00 69356388352.00 
69448671232.00 69544017920.00 69636980736.00 69730451456.00 69823291392.00 69917081600.00 70010871808.00 70104547328.00 70197657600.00 70290800640.00 70367297536.00 70478602240.00 70570868736.00 70665453568.00 70758776832.00 70851969024.00 70945374208.00 71039369216.00 71132569600.00 71226064896.00 
71316815872.00 71412826112.00 71508484096.00 71599587328.00 71693082624.00 71786643456.00 71881170944.00 71973707776.00 72065097728.00 72160165888.00 72253693952.00 72347680768.00 72441323520.00 72534556672.00 72627585024.00 72720031744.00 72814379008.00 72908611584.00 73002123264.00 73095356416.00 
73187483648.00 73282199552.00 73375776768.00 73469386752.00 73561628672.00 73655820288.00 73749528576.00 73843204096.00 73936363520.00 74030145536.00 74122772480.00 74216808448.00 74309697536.00 74403471360.00 74496794624.00 74590158848.00 74683441152.00 74776936448.00 74869653504.00 74961313792.00 
75002454016.00 75155611648.00 75247181824.00 75339972608.00 75432902656.00 75526176768.00 75619901440.00 75712856064.00 75806130176.00 75900960768.00 75992768512.00 76087230464.00 76180078592.00 76273098752.00 76367142912.00 76460548096.00 76552970240.00 76647612416.00 76740829184.00 76834611200.00 
76926541824.00 77021372416.00 77115064320.00 77208313856.00 77301506048.00 77393592320.00 77488644096.00 77581811712.00 77675700224.00 77769162752.00 77861978112.00 77955981312.00 78047453184.00 78142701568.00 78236647424.00 78329798656.00 78423334912.00 78516846592.00 78610284544.00 78703902720.00 
78794440704.00 78890713088.00 78981849088.00 79078113280.00 79171067904.00 79264268288.00 79358083072.00 79451414528.00 79543951360.00 79638642688.00 79728648192.00 79824871424.00 79918915584.00 80012328960.00 80105914368.00 80199049216.00 80292093952.00 80383066112.00 80480223232.00 80573333504.00 
80665616384.00 80760373248.00 80853639168.00 80947339264.00 81038467072.00 81134297088.00 81227915264.00 81321574400.00 81414406144.00 81507753984.00 81601257472.00 81695096832.00 81788026880.00 81881964544.00 81975304192.00 82060042240.00 82162040832.00 82255233024.00 82348105728.00 82442706944.00 
82530721792.00 82629591040.00 82723028992.00 82816303104.00 82909732864.00 83003146240.00 83096764416.00 83189891072.00 83282272256.00 83387817984.00 83471335424.00 83565264896.00 83657998336.00 83751559168.00 83844890624.00 83938213888.00 84029767680.00 84125433856.00 84219641856.00 84312342528.00 
84398825472.00 84499300352.00 84592705536.00 84685914112.00 84779220992.00 84872724480.00 84966531072.00 85060009984.00 85153169408.00 85244944384.00 85339971584.00 85434007552.00 85526290432.00 85620695040.00 85714026496.00 85807439872.00 85900902400.00 85994962944.00 86087401472.00 86181732352.00 
86272303104.00 86368436224.00 86461595648.00 86548324352.00 86649389056.00 86741000192.00 86836076544.00 86929555456.00 87020756992.00 87116357632.00 87209164800.00 87303258112.00 87396384768.00 87489781760.00 87583604736.00 87676633088.00 87769882624.00 87864221696.00 87957438464.00 88050884608.00 
88143020032.00 88236269568.00 88331714560.00 88425062400.00 88517451776.00 88611594240.00 88705392640.00 88799019008.00 88892235776.00 88985509888.00 89075752960.00 89172762624.00 89265266688.00 89360039936.00 89453117440.00 89546285056.00 89639927808.00 89733537792.00 89827065856.00 89920438272.00 
90002898944.00 90107518976.00 90200301568.00 90295328768.00 90387636224.00 90480852992.00 90574864384.00 90668007424.00 90761207808.00 90855063552.00 90948296704.00 91042127872.00 91135459328.00 91231412224.00 91322507264.00 91414233088.00 91508465664.00 91602886656.00 91696373760.00 91789557760.00 
91882053632.00 91976499200.00 92070117376.00 92163719168.00 92256632832.00 92350283776.00 92443983872.00 92536135680.00 92630532096.00 92724101120.00 92817145856.00 92911190016.00 93002350592.00 93097877504.00 93191077888.00 93284188160.00 93377576960.00 93470834688.00 93563052032.00 93653622784.00 
93682860032.00 93852262400.00 93942636544.00 94035361792.00 94128054272.00 94221115392.00 94314864640.00 94408589312.00 94500380672.00 94593867776.00 94687625216.00 94782431232.00 94874451968.00 94968750080.00 95061704704.00 95155273728.00 95248359424.00 95342665728.00 95435563008.00 95529123840.00 
95621324800.00 95715885056.00 95809429504.00 95903064064.00 95994355712.00 96088170496.00 96183377920.00 96276283392.00 96370204672.00 96463994880.00 96556605440.00 96650756096.00 96743497728.00 96837894144.00 96930660352.00 97024344064.00 97117863936.00 97208221696.00 97305190400.00 97398808576.00 
97486356480.00 97585389568.00 97678376960.00 97771913216.00 97865867264.00 97959026688.00 98052579328.00 98146410496.00 98239209472.00 98333147136.00 98423103488.00 98520047616.00 98612977664.00 98707636224.00 98800541696.00 98893848576.00 98985345024.00 99081404416.00 99174277120.00 99268141056.00 
99359891456.00 99454746624.00 99548250112.00 99641565184.00 99734593536.00 99828236288.00 99921551360.00 100016914432.00 100109082624.00 100202831872.00 100295450624.00 100389642240.00 100481974272.00 100576247808.00 100669743104.00 100761608192.00 100856438784.00 100952088576.00 101043527680.00 101137301504.00 
101228060672.00 101323366400.00 101417746432.00 101510979584.00 101604253696.00 101697855488.00 101791547392.00 101885124608.00 101976113152.00 102071287808.00 102164029440.00 102267371520.00 102352855040.00 102446096384.00 102539051008.00 102632685568.00 102726082560.00 102819979264.00 102912516096.00 103006838784.00 
103093231616.00 103193714688.00 103286898688.00 103380475904.00 103473127424.00 103567417344.00 103661002752.00 103754514432.00 103847796736.00 103941423104.00 104034050048.00 104125915136.00 104221753344.00 104315207680.00 104408875008.00 104502050816.00 104595496960.00 104689098752.00 104782249984.00 104876179456.00 
104958476288.00 105062916096.00 105156812800.00 105250201600.00 105343279104.00 105428254720.00 105530327040.00 105623879680.00 105716580352.00 105810649088.00 105903611904.00 105997737984.00 106090651648.00 106184663040.00 106277871616.00 106371358720.00 106463895552.00 106558406656.00 106651656192.00 106745217024.00 
106837180416.00 106931609600.00 107023695872.00 107132878848.00 107214077952.00 107306950656.00 107400314880.00 107493662720.00 107586945024.00 107680514048.00 107770593280.00 107867668480.00 107958738944.00 108054536192.00 108147933184.00 108241059840.00 108334563328.00 108427935744.00 108522053632.00 108615131136.00 
108705759232.00 108801900544.00 108895330304.00 108989317120.00 109082288128.00 109175431168.00 109269344256.00 109363175424.00 109455343616.00 109549748224.00 109642645504.00 109736960000.00 109830086656.00 109923794944.00 110017126400.00 110108901376.00 110202945536.00 110298038272.00 110391189504.00 110484717568.00 
110576754688.00 110671429632.00 110765113344.00 110858223616.00 110949531648.00 111044403200.00 111138889728.00 111232434176.00 111325536256.00 111418802176.00 111512043520.00 111605866496.00 111699066880.00 111794593792.00 111885729792.00 111979659264.00 112073089024.00 112166739968.00 112259973120.00 112353042432.00 
112419536896.00 112541777920.00 112634789888.00 112727408640.00 112821215232.00 112914677760.00 113008246784.00 113101783040.00 113194704896.00 113288454144.00 113381466112.00 113474789376.00 113568129024.00 113662869504.00 113755791360.00 113849147392.00 113940635648.00 114035941376.00 114130108416.00 114223349760.00 
114315673600.00 114410258432.00 114503458816.00 114597298176.00 114690228224.00 114782576640.00 114877497344.00 114971549696.00 115064209408.00 115157901312.00 115250397184.00 115347382272.00 115437887488.00 115532136448.00 115625304064.00 115718676480.00 115812270080.00 115905970176.00 115998777344.00 116092837888.00 
116183457792.00 116279795712.00 116373151744.00 116466712576.00 116559675392.00 116653285376.00 116747157504.00 116840382464.00 116931878912.00 117027274752.00 117103542272.00 117214699520.00 117307834368.00 117400354816.00 117494890496.00 117588402176.00 117681520640.00 117774901248.00 117868617728.00 117962137600.00 
118054313984.00 118149046272.00 118242254848.00 118334537728.00 118428753920.00 118522945536.00 118616547328.00 118710140928.00 118803070976.00 118897238016.00 118989799424.00 119083556864.00 119176658944.00 119271473152.00 119364337664.00 119456030720.00 119551008768.00 119645257728.00 119737892864.00 119831879680.00 
119913938944.00 120018714624.00 120111783936.00 120203821056.00 120299003904.00 120392212480.00 120486215680.00 120579407872.00 120672174080.00 120766144512.00 120858812416.00 120952979456.00 121046491136.00 121140183040.00 121232932864.00 121326886912.00 121419522048.00 121513697280.00 121607340032.00 121701040128.00 
121787424768.00 121888104448.00 121981116416.00 122074677248.00 122167681024.00 122261725184.00 122354876416.00 122448510976.00 122541924352.00 122635386880.00 122728382464.00 122822500352.00 122913775616.00 123009646592.00 123102445568.00 123195826176.00 123289378816.00 123383095296.00 123476475904.00 123570192384.00 
123660599296.00 123757051904.00 123850022912.00 123943714816.00 124036702208.00 124128649216.00 124223602688.00 124316811264.00 124409004032.00 124503064576.00 124595118080.00 124688023552.00 124777955328.00 124848209920.00 124988055552.00 125071949824.00 125163110400.00 125255843840.00 125348667392.00 125441966080.00 
125533765632.00 125628375040.00 125721591808.00 125815087104.00 125906247680.00 126001487872.00 126095122432.00 126188617728.00 126281826304.00 126375288832.00 126465425408.00 126562918400.00 126655102976.00 126749392896.00 126842667008.00 126935891968.00 127029690368.00 127122825216.00 127216238592.00 127310053376.00 
127397773312.00 127497125888.00 127590285312.00 127683788800.00 127777046528.00 127870353408.00 127964364800.00 128057458688.00 128150470656.00 128244711424.00 128337403904.00 128431431680.00 128524886016.00 128618364928.00 128711639040.00 128796606464.00 128896598016.00 128991772672.00 129085759488.00 129178902528.00 
129271406592.00 129366425600.00 129459560448.00 129553047552.00 129645969408.00 129740095488.00 129833418752.00 129927118848.00 130020229120.00 130113945600.00 130206760960.00 130300239872.00 130393399296.00 130487803904.00 130581405696.00 130674376704.00 130768125952.00 130861727744.00 130954895360.00 131048439808.00 
131128082432.00 131235414016.00 131328909312.00 131422756864.00 131515834368.00 131609018368.00 131702824960.00 131796410368.00 131887579136.00 131983130624.00 132075970560.00 132169596928.00 132264738816.00 132357300224.00 132450705408.00 132543938560.00 132637122560.00 132731060224.00 132824571904.00 132917723136.00 
133010096128.00 133104533504.00 133198381056.00 133291868160.00 133384077312.00 133477122048.00 133572026368.00 133665677312.00 133758320640.00 133853724672.00 133945720832.00 134039830528.00 134132596736.00 134226878464.00 134320955392.00 134413230080.00 134507331584.00 134600728576.00 134693896192.00 134787227648.00 
134869753856.00 134974963712.00 135067623424.00 135161126912.00 135254401024.00 135347978240.00 135441399808.00 135535263744.00 135627997184.00 135722246144.00 135812071424.00 135909302272.00 136002019328.00 136095637504.00 136187977728.00 136284241920.00 136375959552.00 136470224896.00 136563417088.00 136656830464.00 
136748924928.00 136843862016.00 136937209856.00 137030656000.00 137123790848.00 137217253376.00 137310961664.00 137404940288.00 137498034176.00 137591586816.00 137684402176.00 137778479104.00 137869918208.00 137964994560.00 138059579392.00 138150854656.00 138245718016.00 138339467264.00 138432495616.00 138526982144.00 
138617061376.00 138712891392.00 138806771712.00 138900406272.00 138993434624.00 139086774272.00 139180605440.00 139273977856.00 139366400000.00 139460689920.00 139553538048.00 139647713280.00 139741118464.00 139834753024.00 139928600576.00 140021415936.00 140114509824.00 140208324608.00 140301631488.00 140394414080.00 
140454313984.00 140584173568.00 140676808704.00 140769787904.00 140861194240.00 140956712960.00 141050134528.00 141143703552.00 141236748288.00 141330579456.00 141423443968.00 141517078528.00 141610352640.00 141704200192.00 141797720064.00 141890928640.00 141984759808.00 142077919232.00 142171717632.00 142266368000.00 
142353203200.00 142452178944.00 142545371136.00 142638776320.00 142733312000.00 142824439808.00 142919204864.00 143012855808.00 143105982464.00 143199797248.00 143292973056.00 143386836992.00 143480504320.00 143573778432.00 143667183616.00 143760310272.00 143851831296.00 143947546624.00 144040001536.00 144135372800.00 
144227074048.00 144322035712.00 144415080448.00 144508796928.00 144601743360.00 144695164928.00 144788684800.00 144882352128.00 144975429632.00 145069473792.00 145159454720.00 145254301696.00 145348640768.00 145443307520.00 145536548864.00 145629380608.00 145723932672.00 145817174016.00 145910480896.00 146004148224.00 
146094653440.00 146193301504.00 146284396544.00 146378031104.00 146470944768.00 146563858432.00 146658525184.00 146750963712.00 146843156480.00 146938806272.00 147031588864.00 147125714944.00 147219070976.00 147312295936.00 147405815808.00 147497746432.00 147592626176.00 147686408192.00 147780255744.00 147874627584.00 
147965493248.00 148060356608.00 148153827328.00 148247052288.00 148339507200.00 148434239488.00 148527464448.00 148621148160.00 148714225664.00 148807647232.00 148900872192.00 148994850816.00 149087764480.00 149181808640.00 149275279360.00 149368061952.00 149461417984.00 149554774016.00 149647736832.00 149739356160.00 
149780414464.00 149933572096.00 150025175040.00 150118268928.00 150211100672.00 150304243712.00 150397747200.00 150491283456.00 150584147968.00 150677831680.00 150770778112.00 150864904192.00 150958407680.00 151051960320.00 151144480768.00 151238311936.00 151331078144.00 151423631360.00 151519313920.00 151611621376.00 
151704584192.00 151799513088.00 151893245952.00 151986143232.00 152079482880.00 152164532224.00 152266457088.00 152360140800.00 152453431296.00 152547262464.00 152640258048.00 152734040064.00 152825315328.00 152921194496.00 153014534144.00 153107562496.00 153200672768.00 153295159296.00 153388236800.00 153481789440.00 
153572573184.00 153666519040.00 153762119680.00 153855918080.00 153949175808.00 154042335232.00 154135920640.00 154224295936.00 154322370560.00 154416627712.00 154506559488.00 154603552768.00 154696646656.00 154790871040.00 154883588096.00 154976649216.00 155070480384.00 155164344320.00 155257634816.00 155351531520.00 
155443429376.00 155537948672.00 155631616000.00 155725266944.00 155816427520.00 155911536640.00 156004810752.00 156100820992.00 156192686080.00 156286386176.00 156378923008.00 156473180160.00 156565929984.00 156659793920.00 156753264640.00 156845342720.00 156940140544.00 157033611264.00 157127114752.00 157219717120.00 
157308485632.00 157407526912.00 157501194240.00 157594796032.00 157686661120.00 157781639168.00 157875175424.00 157968367616.00 158061477888.00 158155735040.00 158248206336.00 158342152192.00 158435295232.00 158529257472.00 158622597120.00 158716264448.00 158807474176.00 158906122240.00 158996398080.00 159090245632.00 
159176802304.00 159277170688.00 159370166272.00 159464128512.00 159557058560.00 159650775040.00 159744196608.00 159837061120.00 159931170816.00 160024690688.00 160117407744.00 160211468288.00 160303677440.00 160397328384.00 160485785600.00 160588021760.00 160680050688.00 160773357568.00 160866582528.00 160959217664.00 
161050689536.00 161147043840.00 161240072192.00 161333510144.00 161426866176.00 161518944256.00 161613922304.00 161707458560.00 161798766592.00 161894416384.00 161987346432.00 162081783808.00 162174533632.00 162268463104.00 162361884672.00 162455207936.00 162548400128.00 162642034688.00 162735423488.00 162827943936.00 
162921365504.00 163016114176.00 163109634048.00 163203022848.00 163295510528.00 163389603840.00 163483271168.00 163576856576.00 163670130688.00 163763191808.00 163839524864.00 163950952448.00 164043685888.00 164137795584.00 164230807552.00 164324474880.00 164417454080.00 164510744576.00 164605067264.00 164698472448.00 
164780949504.00 164884824064.00 164978917376.00 165072535552.00 165165449216.00 165259165696.00 165352718336.00 165446369280.00 165539332096.00 165632933888.00 165726142464.00 165820661760.00 165913231360.00 166007062528.00 166100107264.00 166192021504.00 166286049280.00 166379438080.00 166479593472.00 166568902656.00 
166660685824.00 166754926592.00 166848708608.00 166942048256.00 167034830848.00 167128514560.00 167222116352.00 167315521536.00 167409106944.00 167502725120.00 167595687936.00 167689469952.00 167780974592.00 167875608576.00 167970078720.00 168063270912.00 168157102080.00 168250310656.00 168344076288.00 168437284864.00 
168516993024.00 168624455680.00 168717844480.00 168811577344.00 168905031680.00 168997896192.00 169091497984.00 169185312768.00 169277587456.00 169371828224.00 169464954880.00 169558949888.00 169652387840.00 169745760256.00 169839378432.00 169932521472.00 170025566208.00 170119495680.00 170209230848.00 170307731456.00 
170399285248.00 170494017536.00 170587488256.00 170680942592.00 170772070400.00 170866212864.00 170960748544.00 171054628864.00 171148066816.00 171241947136.00 171334385664.00 171428790272.00 171521572864.00 171614961664.00 171709087744.00 171802279936.00 171895472128.00 171989336064.00 172083036160.00 172176293888.00 
172264161280.00 172362743808.00 172456378368.00 172549750784.00 172643336192.00 172736200704.00 172827017216.00 172924583936.00 173017563136.00 173111197696.00 173201014784.00 173297991680.00 173391495168.00 173485015040.00 173578387456.00 173671464960.00 173763182592.00 173858144256.00 173952335872.00 174045593600.00 
174137950208.00 174232666112.00 174325792768.00 174418264064.00 174512504832.00 174606090240.00 174699200512.00 174794653696.00 174887026688.00 174980907008.00 175073296384.00 175167897600.00 175259713536.00 175353856000.00 175447785472.00 175532621824.00 175634497536.00 175728164864.00 175821471744.00 175914762240.00 
176005873664.00 176101998592.00 176194453504.00 176289464320.00 176382443520.00 176475635712.00 176569171968.00 176662904832.00 176754098176.00 176850567168.00 176942596096.00 177036935168.00 177130078208.00 177223303168.00 177316904960.00 177411407872.00 177503944704.00 177597726720.00 177691033600.00 177785389056.00 
177870962688.00 177972445184.00 178064867328.00 178158157824.00 178250629120.00 178345951232.00 178438881280.00 178532876288.00 178625511424.00 178718769152.00 178811994112.00 178906054656.00 178999050240.00 179089145856.00 179186663424.00 179279757312.00 179373785088.00 179467157504.00 179560333312.00 179653754880.00 
179736346624.00 179841122304.00 179934167040.00 180027244544.00 180120764416.00 180213039104.00 180309901312.00 180401045504.00 180494827520.00 180588642304.00 180681408512.00 180772388864.00 180868988928.00 180962361344.00 181055782912.00 181149122560.00 181241823232.00 181336293376.00 181429829632.00 181523136512.00 
181615624192.00 181710209024.00 181803384832.00 181897953280.00 181990277120.00 182083764224.00 182178725888.00 182270935040.00 182364127232.00 182457974784.00 182547939328.00 182644703232.00 182736207872.00 182831415296.00 182924951552.00 183018471424.00 183111860224.00 183205609472.00 183299080192.00 183392534528.00 
183483416576.00 183579197440.00 183672799232.00 183766777856.00 183859675136.00 183953391616.00 184046567424.00 184140316672.00 184232738816.00 184327307264.00 184419860480.00 184512610304.00 184607375360.00 184701042688.00 184793694208.00 184886231040.00 184980668416.00 185073762304.00 185167527936.00 185261522944.00 
185353846784.00 185448415232.00 185542230016.00 185634865152.00 185726205952.00 185821855744.00 185914949632.00 186008322048.00 186101465088.00 186195197952.00 186287685632.00 186381582336.00 186474266624.00 186568015872.00 186660634624.00 186753236992.00 186845609984.00 186937147392.00 187026849792.00 187108556800.00 
187085094912.00 187342405632.00 187424030720.00 187513520128.00 187605041152.00 187697201152.00 187790016512.00 187882962944.00 187975565312.00 188069085184.00 188161818624.00 188255682560.00 188348940288.00 188442312704.00 188535783424.00 188628893696.00 188720381952.00 188816162816.00 188908601344.00 189002743808.00 
189095018496.00 189189406720.00 189283024896.00 189377167360.00 189468983296.00 189561356288.00 189657219072.00 189750083584.00 189843390464.00 189938024448.00 190029676544.00 190123835392.00 190216142848.00 190310268928.00 190404296704.00 190496931840.00 190590894080.00 190684168192.00 190778048512.00 190871797760.00 
190962122752.00 191058264064.00 191151751168.00 191245074432.00 191338643456.00 191431933952.00 191525994496.00 191619072000.00 191710461952.00 191806177280.00 191896174592.00 191993004032.00 192086212608.00 192179798016.00 192271990784.00 192366493696.00 192459833344.00 192553009152.00 192647348224.00 192740655104.00 
192832667648.00 192927842304.00 193021067264.00 193114652672.00 193206992896.00 193301561344.00 193395113984.00 193488470016.00 193581334528.00 193678508032.00 193768357888.00 193862418432.00 193955282944.00 194049572864.00 194141077504.00 194234548224.00 194329722880.00 194423504896.00 194516582400.00 194609676288.00 
194692530176.00 194797174784.00 194890252288.00 194983821312.00 195076980736.00 195170369536.00 195263922176.00 195361931264.00 195450961920.00 195544875008.00 195637624832.00 195732029440.00 195824795648.00 195918217216.00 196011900928.00 196104323072.00 196197777408.00 196292804608.00 196386127872.00 196478468096.00 
196565811200.00 196665475072.00 196759764992.00 196853186560.00 196946083840.00 197039063040.00 197133598720.00 197227560960.00 197320310784.00 197413683200.00 197506990080.00 197600559104.00 197692489728.00 197788057600.00 197881757696.00 197974736896.00 198068158464.00 198161465344.00 198256066560.00 198349078528.00 
198439714816.00 198535970816.00 198629261312.00 198722633728.00 198815989760.00 198901039104.00 199002947584.00 199096778752.00 199189184512.00 199282868224.00 199376420864.00 199470186496.00 199563689984.00 199656095744.00 199751516160.00 199844298752.00 199937343488.00 200032419840.00 200124989440.00 200218296320.00 
200310259712.00 200405204992.00 200498790400.00 200592785408.00 200683651072.00 200779087872.00 200872361984.00 200966242304.00 201058926592.00 201152806912.00 201243033600.00 201339781120.00 201432530944.00 201526018048.00 201623846912.00 201713762304.00 201807167488.00 201901064192.00 201994567680.00 202088120320.00 
202175823872.00 202274652160.00 202367729664.00 202461544448.00 202555080704.00 202648076288.00 202741694464.00 202835755008.00 202928275456.00 203022139392.00 203115298816.00 203208802304.00 203302846464.00 203396153344.00 203490050048.00 203581472768.00 203674271744.00 203770068992.00 203863228416.00 203957043200.00 
204048908288.00 204143329280.00 204241534976.00 204331548672.00 204424151040.00 204517818368.00 204611289088.00 204705071104.00 204797968384.00 204892094464.00 204984500224.00 205078986752.00 205171195904.00 205265616896.00 205359333376.00 205452394496.00 205545652224.00 205639729152.00 205732855808.00 205826211840.00 
205905969152.00 206013710336.00 206106771456.00 206200356864.00 206293417984.00 206386921472.00 206480769024.00 206575288320.00 206665662464.00 206761574400.00 206853963776.00 206948040704.00 207041658880.00 207135227904.00 207228583936.00 207321759744.00 207414902784.00 207508914176.00 207602040832.00 207696101376.00 
207787458560.00 207881895936.00 207971205120.00 208071524352.00 208163127296.00 208255631360.00 208350265344.00 208443817984.00 208537042944.00 208630333440.00 208723542016.00 208818028544.00 208910516224.00 209004445696.00 209097883648.00 209190780928.00 209284644864.00 209378508800.00 209471832064.00 209565777920.00 
209647894528.00 209752424448.00 209845649408.00 209940234240.00 210033197056.00 210126045184.00 210219859968.00 210312921088.00 210406064128.00 210500059136.00 210576130048.00 210687508480.00 210780553216.00 210874286080.00 210967560192.00 211060703232.00 211153289216.00 211248119808.00 211341213696.00 211434733568.00 
211526959104.00 211623247872.00 211715096576.00 211808796672.00 211901693952.00 211995230208.00 212088782848.00 212182433792.00 212275494912.00 212369014784.00 212462305280.00 212556464128.00 212647788544.00 212743421952.00 212836745216.00 212928380928.00 213023703040.00 213117632512.00 213210742784.00 213303967744.00 
213394784256.00 213491695616.00 213584379904.00 213677572096.00 213770338304.00 213862367232.00 213965144064.00 214053502976.00 214145335296.00 214239428608.00 214331981824.00 214426599424.00 214519365632.00 214613524480.00 214706405376.00 214799515648.00 214892806144.00 214986719232.00 215080402944.00 215173726208.00 
215260266496.00 215360520192.00 215454302208.00 215544758272.00 215638966272.00 215734124544.00 215828283392.00 215921672192.00 216015028224.00 216108662784.00 216201592832.00 216295145472.00 216388550656.00 216482562048.00 216575655936.00 216668717056.00 216763580416.00 216856444928.00 216949637120.00 217043238912.00 
217131139072.00 217231278080.00 217323372544.00 217417252864.00 217510150144.00 217602555904.00 217697566720.00 217791315968.00 217883754496.00 217977733120.00 218070614016.00 218164428800.00 218258014208.00 218349928448.00 218446151680.00 218538737664.00 218630324224.00 218725679104.00 218819117056.00 218913144832.00 
219004764160.00 219099643904.00 219193163776.00 219286536192.00 219379433472.00 219473854464.00 219566948352.00 219660238848.00 219753955328.00 219847344128.00 219937669120.00 220034367488.00 220126576640.00 220226699264.00 220314943488.00 220407939072.00 220501426176.00 220595109888.00 220688531456.00 220784410624.00 
220872884224.00 220969107456.00 221062201344.00 221155753984.00 221249667072.00 221342760960.00 221436116992.00 221529784320.00 221621043200.00 221716922368.00 221809147904.00 221903667200.00 221996875776.00 222090674176.00 222184488960.00 222268915712.00 222370496512.00 222464688128.00 222557618176.00 222651351040.00 
222743560192.00 222839685120.00 222931337216.00 223027347456.00 223117574144.00 223212027904.00 223306252288.00 223398658048.00 223491997696.00 223586025472.00 223678873600.00 223773032448.00 223865634816.00 223959793664.00 224053362688.00 224146178048.00 224239550464.00 224332660736.00 224425623552.00 224517210112.00 
224558497792.00 224711704576.00 224803225600.00 224896237568.00 224989003776.00 225082163200.00 225175388160.00 225268973568.00 225362198528.00 225455898624.00 225548877824.00 225643184128.00 225736556544.00 225830043648.00 225923317760.00 226016165888.00 226109145088.00 226203615232.00 226297020416.00 226390573056.00 
226482634752.00 226576138240.00 226670379008.00 226764603392.00 226857107456.00 226949775360.00 227044999168.00 227138224128.00 227231416320.00 227325313024.00 227418308608.00 227512238080.00 227603415040.00 227700293632.00 227792338944.00 227886186496.00 227979214848.00 228073046016.00 228166500352.00 228257824768.00 
228350869504.00 228446994432.00 228540284928.00 228633722880.00 228726407168.00 228821090304.00 228914233344.00 229007835136.00 229100273664.00 229196120064.00 229284659200.00 229381570560.00 229475057664.00 229568479232.00 229662244864.00 229755076608.00 229848104960.00 229942329344.00 230035767296.00 230129041408.00 
230221578240.00 230315311104.00 230411075584.00 230503661568.00 230594854912.00 230689964032.00 230783352832.00 230877118464.00 230969835520.00 231064027136.00 231156908032.00 231251329024.00 231344259072.00 231437910016.00 231531495424.00 231623098368.00 231717208064.00 231812104192.00 231905198080.00 231998734336.00 
232086650880.00 232184823808.00 232279080960.00 232373223424.00 232465907712.00 232559083520.00 232652947456.00 232746811392.00 232839364608.00 232934014976.00 233026273280.00 233120350208.00 233213673472.00 233307176960.00 233400467456.00 233493692416.00 233585803264.00 233680830464.00 233774055424.00 233866477568.00 
233926836224.00 234056335360.00 234149298176.00 234242686976.00 234335272960.00 234428923904.00 234522034176.00 234616193024.00 234709745664.00 234803150848.00 234896015360.00 234990141440.00 235082711040.00 235176640512.00 235270144000.00 235363844096.00 235457036288.00 235550736384.00 235643977728.00 235737858048.00 
235828510720.00 235923800064.00 236018073600.00 236111101952.00 236204621824.00 236296650752.00 236391268352.00 236485738496.00 236576735232.00 236672385024.00 236765462528.00 236859228160.00 236952469504.00 237046104064.00 237139640320.00 237232783360.00 237326221312.00 237420412928.00 237513621504.00 237607206912.00 
237699383296.00 237794230272.00 237887406080.00 237980598272.00 238072872960.00 238165852160.00 238262681600.00 238355234816.00 238448427008.00 238541619200.00 238631911424.00 238728839168.00 238821933056.00 238915698688.00 239009349632.00 239102459904.00 239196192768.00 239289778176.00 239383150592.00 239476015104.00 
239558819840.00 239663857664.00 239757115392.00 239850389504.00 239943254016.00 240037347328.00 240129867776.00 240224387072.00 240317284352.00 240411197440.00 240503881728.00 240597368832.00 240692068352.00 240785260544.00 240878714880.00 240970383360.00 241064607744.00 241159356416.00 241252466688.00 241346248704.00 
241437900800.00 241533140992.00 241626415104.00 241719836672.00 241812930560.00 241906581504.00 241999888384.00 242093637632.00 242185601024.00 242281529344.00 242373885952.00 242467717120.00 242558910464.00 242654642176.00 242747965440.00 242841305088.00 242934972416.00 243028066304.00 243121864704.00 243215089664.00 
243294633984.00 243402653696.00 243496026112.00 243589185536.00 243682394112.00 243776028672.00 243869057024.00 243963248640.00 244055293952.00 244150403072.00 244242874368.00 244336951296.00 244430127104.00 244523532288.00 244617330688.00 244710080512.00 244803944448.00 244897857536.00 244991098880.00 245084602368.00 
245177122816.00 245271855104.00 245364867072.00 245459206144.00 245550071808.00 245637054464.00 245739225088.00 245832335360.00 245925445632.00 246019440640.00 246112075776.00 246206251008.00 246299099136.00 246393225216.00 246486286336.00 246580117504.00 246673604608.00 246767124480.00 246860660736.00 246954131456.00 
247042015232.00 247140859904.00 247234396160.00 247328145408.00 247420977152.00 247514267648.00 247608262656.00 247701602304.00 247794745344.00 247888035840.00 247978655744.00 248075517952.00 248168693760.00 248262311936.00 248355848192.00 248448794624.00 248540266496.00 248635670528.00 248729174016.00 248822513664.00 
248914264064.00 249009094656.00 249102303232.00 249195233280.00 249286918144.00 249378275328.00 249462620160.00 249602654208.00 249672744960.00 249762758656.00 249854394368.00 249948094464.00 250039631872.00 250134118400.00 250227163136.00 250318897152.00 250413842432.00 250506952704.00 250600898560.00 250694041600.00 
250784710656.00 250880557056.00 250974601216.00 251068055552.00 251161051136.00 251254456320.00 251348041728.00 251441414144.00 251533148160.00 251628388352.00 251720974336.00 251815723008.00 251908505600.00 252002877440.00 252095856640.00 252188672000.00 252281995264.00 252376301568.00 252469379072.00 252563079168.00 
252649324544.00 252749791232.00 252843622400.00 252936863744.00 253029253120.00 253123313664.00 253217832960.00 253310648320.00 253404037120.00 253498064896.00 253590798336.00 253684629504.00 253777739776.00 253871751168.00 253964697600.00 254058086400.00 254151589888.00 254247043072.00 254339088384.00 254432231424.00 
254514495488.00 254619156480.00 254712709120.00 254805688320.00 254899290112.00 254991613952.00 255086542848.00 255179456512.00 255273189376.00 255367348224.00 255459639296.00 255553847296.00 255647416320.00 255740706816.00 255834095616.00 255927566336.00 256020021248.00 256116555776.00 256208519168.00 256301760512.00 
256393674752.00 256488341504.00 256582303744.00 256676184064.00 256768688128.00 256861995008.00 256955858944.00 257050689536.00 257142685696.00 257236353024.00 257312555008.00 257423474688.00 257514782720.00 257610399744.00 257703526400.00 257797128192.00 257890533376.00 257984413696.00 258077753344.00 258171174912.00 
258261876736.00 258357641216.00 258451849216.00 258545025024.00 258638102528.00 258731655168.00 258825617408.00 258918842368.00 259011067904.00 259103555584.00 259199614976.00 259292905472.00 259386245120.00 259479568384.00 259573366784.00 259665166336.00 259759652864.00 259853647872.00 259947053056.00 260040785920.00 
260132896768.00 260227678208.00 260320559104.00 260415029248.00 260505944064.00 260600922112.00 260695097344.00 260788109312.00 260882235392.00 260976050176.00 261068210176.00 261162598400.00 261255249920.00 261349031936.00 261442486272.00 261535645696.00 261629345792.00 261723406336.00 261816172544.00 261909151744.00 
261975621632.00 262097731584.00 262190628864.00 262284001280.00 262377635840.00 262470434816.00 262565068800.00 262656229376.00 262750535680.00 262844874752.00 262937722880.00 263032029184.00 263124959232.00 263218544640.00 263312048128.00 263405748224.00 263496957952.00 263592542208.00 263685799936.00 263779434496.00 
263871463424.00 263965966336.00 264059682816.00 264153088000.00 264247033856.00 264338767872.00 264433418240.00 264527200256.00 264620572672.00 264713977856.00 264807088128.00 264901312512.00 264993718272.00 265087827968.00 265181446144.00 265274982400.00 265368190976.00 265461858304.00 265555361792.00 265649143808.00 
265739599872.00 265835806720.00 265928507392.00 266022846464.00 266116022272.00 266209509376.00 266302750720.00 266396450816.00 266487906304.00 266583048192.00 266673422336.00 266770350080.00 266863591424.00 266957144064.00 267050680320.00 267143266304.00 267235852288.00 267318018048.00 267427037184.00 267519475712.00 
267611111424.00 267705614336.00 267799019520.00 267892310016.00 267985027072.00 268079104000.00 268172935168.00 268266487808.00 268359729152.00 268453003264.00 268545933312.00 268640010240.00 268733448192.00 268827082752.00 268920799232.00 269004963840.00 269107298304.00 269200818176.00 269293846528.00 269387759616.00 
269470269440.00 269574701056.00 269668302848.00 269761527808.00 269854785536.00 269948436480.00 270041677824.00 270135672832.00 270228291584.00 270325006336.00 270415544320.00 270509588480.00 270602862592.00 270696431616.00 270789771264.00 270882930688.00 270975598592.00 271070330880.00 271163965440.00 271257239552.00 
271343779840.00 271444262912.00 271538274304.00 271630843904.00 271723872256.00 271817637888.00 271911469056.00 272004956160.00 272097558528.00 272183443456.00 272285843456.00 272379658240.00 272470540288.00 272565714944.00 272659234816.00 272752771072.00 272846028800.00 272939745280.00 273032970240.00 273127653376.00 
273217339392.00 273313611776.00 273407295488.00 273498816512.00 273594007552.00 273686167552.00 273780981760.00 273874731008.00 273966858240.00 274061443072.00 274153750528.00 274248007680.00 274341265408.00 274433916928.00 274529648640.00 274622283776.00 274715492352.00 274809323520.00 274902319104.00 274996494336.00 
275088343040.00 275182518272.00 275276529664.00 275369328640.00 275461472256.00 275556433920.00 275650215936.00 275743309824.00 275837517824.00 275931299840.00 276020887552.00 276117913600.00 276210810880.00 276304592896.00 276397981696.00 276491304960.00 276584628224.00 276679262208.00 276772552704.00 276865384448.00 
276953726976.00 277051932672.00 277145583616.00 277243068416.00 277332885504.00 277425913856.00 277519990784.00 277613051904.00 277706506240.00 277800419328.00 277893120000.00 277987000320.00 278080651264.00 278174695424.00 278267297792.00 278359343104.00 278452207616.00 278548021248.00 278641049600.00 278734864384.00 
278826713088.00 278921674752.00 279015161856.00 279108026368.00 279201546240.00 279295229952.00 279389143040.00 279482204160.00 279575986176.00 279668391936.00 279762108416.00 279856939008.00 279948558336.00 280042340352.00 280136056832.00 280229216256.00 280322670592.00 280415764480.00 280508268544.00 280598839296.00 
280628035584.00 280797478912.00 280887689216.00 280980127744.00 281073025024.00 281166381056.00 281259540480.00 281353420800.00 281444188160.00 281539739648.00 281632899072.00 281726877696.00 281819545600.00 281914605568.00 282006847488.00 282100367360.00 282193199104.00 282287308800.00 282380730368.00 282474250240.00 
282566361088.00 282661257216.00 282754285568.00 282848100352.00 282940211200.00 283033698304.00 283128332288.00 283219230720.00 283315011584.00 283408465920.00 283501363200.00 283595931648.00 283688763392.00 283782971392.00 283876032512.00 283969617920.00 284063006720.00 284156067840.00 284250603520.00 284343336960.00 
284425879552.00 284530573312.00 284623699968.00 284717318144.00 284810444800.00 284903899136.00 284997582848.00 285091037184.00 285184819200.00 285278306304.00 285368188928.00 285465509888.00 285558276096.00 285651828736.00 285745774592.00 285838770176.00 285931503616.00 286026137600.00 286118969344.00 286214356992.00 
286305517568.00 286400053248.00 286493081600.00 286586798080.00 286680088576.00 286773411840.00 286867259392.00 286961139712.00 287053873152.00 287147720704.00 287240454144.00 287334793216.00 287425855488.00 287521243136.00 287614631936.00 287706415104.00 287801212928.00 287902433280.00 287988842496.00 288082362368.00 
288173228032.00 288269139968.00 288363184128.00 288455983104.00 288549601280.00 288642662400.00 288736641024.00 288830324736.00 288922566656.00 289016905728.00 289109508096.00 289206140928.00 289297137664.00 289390821376.00 289484079104.00 289577435136.00 289670758400.00 289765163008.00 289858224128.00 289951416320.00 
290038054912.00 290138750976.00 290231025664.00 290325528576.00 290416852992.00 290511781888.00 290605727744.00 290699608064.00 290792472576.00 290885599232.00 290978201600.00 291063005184.00 291167502336.00 291261054976.00 291353886720.00 291447308288.00 291540566016.00 291634642944.00 291728064512.00 291821223936.00 
291908911104.00 292008132608.00 292102766592.00 292195532800.00 292288233472.00 292373626880.00 292475437056.00 292569186304.00 292661985280.00 292755832832.00 292848271360.00 292943069184.00 293035966464.00 293129224192.00 293222711296.00 293315903488.00 293408276480.00 293503303680.00 293597380608.00 293690048512.00 
293782519808.00 293877448704.00 293970608128.00 294067306496.00 294157713408.00 294251266048.00 294344982528.00 294438633472.00 294531530752.00 294625837056.00 294715424768.00 294812024832.00 294904692736.00 294999097344.00 295092813824.00 295185907712.00 295279558656.00 295373340672.00 295468859392.00 295559987200.00 
295651115008.00 295746961408.00 295840284672.00 295934197760.00 296027160576.00 296120582144.00 296214069248.00 296308244480.00 296398848000.00 296494563328.00 296587821056.00 296681373696.00 296774664192.00 296869036032.00 296962228224.00 297054076928.00 297148579840.00 297242591232.00 297335750656.00 297429630976.00 
297521643520.00 297616441344.00 297709862912.00 297803415552.00 297895690240.00 297989996544.00 298083614720.00 298177462272.00 298270359552.00 298363715584.00 298456842240.00 298549837824.00 298643783680.00 298738122752.00 298830757888.00 298923950080.00 299017371648.00 299110891520.00 299203821568.00 299295145984.00 
299336302592.00 299489722368.00 299581243392.00 299674140672.00 299767234560.00 299860295680.00 299953913856.00 300047400960.00 300140265472.00 300234178560.00 300326846464.00 300421087232.00 300514246656.00 300607635456.00 300701417472.00 300794937344.00 300887146496.00 300981878784.00 301075333120.00 301168918528.00 
301260406784.00 301355630592.00 301448429568.00 301542408192.00 301635633152.00 301727875072.00 301823361024.00 301916487680.00 302009221120.00 302102773760.00 302195539968.00 302290796544.00 302381268992.00 302477410304.00 302569652224.00 302663892992.00 302757380096.00 302851489792.00 302942388224.00 303037874176.00 
303128608768.00 303224881152.00 303318532096.00 303411494912.00 303505244160.00 303598338048.00 303692316672.00 303785246720.00 303877783552.00 303972286464.00 304048472064.00 304160210944.00 304252583936.00 304346497024.00 304440082432.00 304533241856.00 304626434048.00 304720543744.00 304813670400.00 304906993664.00 
304999661568.00 305094524928.00 305187651584.00 305280679936.00 305372266496.00 305467916288.00 305561731072.00 305654890496.00 305748279296.00 305841995776.00 305934893056.00 306028445696.00 306120785920.00 306218762240.00 306309758976.00 306401443840.00 306496045056.00 306590089216.00 306682822656.00 306776440832.00 
306864750592.00 306963709952.00 307056017408.00 307150520320.00 307243581440.00 307337134080.00 307431145472.00 307524698112.00 307617595392.00 307711672320.00 307804176384.00 307898384384.00 307991347200.00 308085161984.00 308176191488.00 308272365568.00 308363886592.00 308459372544.00 308552499200.00 308646084608.00 
308732592128.00 308833681408.00 308926316544.00 309019836416.00 309112832000.00 309207105536.00 309300494336.00 309393915904.00 309487337472.00 309580759040.00 309673689088.00 309767897088.00 309860171776.00 309954543616.00 310048129024.00 310141517824.00 310234972160.00 310327869440.00 310421946368.00 310515204096.00 
310606135296.00 310702440448.00 310795272192.00 310889021440.00 310982770688.00 311074324480.00 311169679360.00 311263002624.00 311354720256.00 311449878528.00 311542448128.00 311636000768.00 311729094656.00 311816716288.00 311921442816.00 312012472320.00 312105009152.00 312198856704.00 312292245504.00 312385765376.00 
312477548544.00 312572706816.00 312665767936.00 312759549952.00 312851398656.00 312945934336.00 313039323136.00 313133629440.00 313226133504.00 313320275968.00 313409929216.00 313507086336.00 313599426560.00 313694126080.00 313786892288.00 313881001984.00 313973932032.00 314067615744.00 314160447488.00 314254524416.00 
314336837632.00 314441695232.00 314534985728.00 314628702208.00 314722156544.00 314814889984.00 314908966912.00 315002159104.00 315094532096.00 315189723136.00 315282161664.00 315376173056.00 315469529088.00 315563474944.00 315656634368.00 315741143040.00 315842428928.00 315937062912.00 316030550016.00 316124430336.00 
316216377344.00 316311109632.00 316404301824.00 316497821696.00 316590096384.00 316685975552.00 316778446848.00 316872130560.00 316964896768.00 317058875392.00 317151674368.00 317245390848.00 317337141248.00 317432922112.00 317527621632.00 317619437568.00 317712596992.00 317806804992.00 317899735040.00 317993517056.00 
318073307136.00 318180720640.00 318273617920.00 318368579584.00 318460592128.00 318553980928.00 318647402496.00 318740987904.00 318833721344.00 318928158720.00 319020990464.00 319115100160.00 319208423424.00 319302041600.00 319395201024.00 319488884736.00 319581978624.00 319676055552.00 319768985600.00 319863128064.00 
319955271680.00 320049774592.00 320142737408.00 320236224512.00 320327680000.00 320421396480.00 320516358144.00 320609910784.00 320700809216.00 320802062336.00 320892010496.00 320985530368.00 321077870592.00 321171816448.00 321265434624.00 321358299136.00 321452146688.00 321545306112.00 321638563840.00 321732313088.00 
321820327936.00 321919451136.00 322013331456.00 322105966592.00 322199322624.00 322293104640.00 322386755584.00 322479718400.00 322573205504.00 322667380736.00 322757165056.00 322856124416.00 322947252224.00 323041492992.00 323134029824.00 323228008448.00 323319234560.00 323414589440.00 323508273152.00 323601727488.00 
323694133248.00 323789225984.00 323882254336.00 323975708672.00 324068343808.00 324162387968.00 324255547392.00 324350574592.00 324443176960.00 324536500224.00 324629757952.00 324723343360.00 324815519744.00 324910186496.00 325003706368.00 325095489536.00 325190516736.00 325284757504.00 325377425408.00 325471535104.00 
325562007552.00 325658116096.00 325751472128.00 325845483520.00 325938544640.00 326031507456.00 326125420544.00 326218678272.00 326310199296.00 326405488640.00 326498615296.00 326593380352.00 326685687808.00 326780485632.00 326872989696.00 326965755904.00 327059537920.00 327152861184.00 327246217216.00 327339409408.00 
327398916096.00 327529201664.00 327621869568.00 327715192832.00 327806943232.00 327901380608.00 327994998784.00 328088551424.00 328181907456.00 328275689472.00 328368357376.00 328462106624.00 328555069440.00 328649244672.00 328742371328.00 328835334144.00 328929509376.00 329023160320.00 329116450816.00 329210265600.00 
329292414976.00 329397370880.00 329489973248.00 329583788032.00 329677570048.00 329768960000.00 329864806400.00 329958129664.00 330050764800.00 330144448512.00 330238164992.00 330332012544.00 330425303040.00 330519379968.00 330612441088.00 330705829888.00 330797809664.00 330892541952.00 330985275392.00 331080073216.00 
331171692544.00 331267932160.00 331360010240.00 331453923328.00 331546296320.00 331640078336.00 331733696512.00 331827347456.00 331920080896.00 332014223360.00 332104040448.00 332201066496.00 332292325376.00 332387549184.00 332480643072.00 332572590080.00 332671090688.00 332762480640.00 332855607296.00 332948930560.00 
333039796224.00 333136625664.00 333229293568.00 333322747904.00 333416529920.00 333509361664.00 333603373056.00 333697122304.00 333788807168.00 333883899904.00 333976502272.00 334070317056.00 334163935232.00 334257946624.00 334350909440.00 334443118592.00 334537883648.00 334631370752.00 334724857856.00 334823227392.00 
334910849024.00 335005646848.00 335098806272.00 335192096768.00 335283978240.00 335379267584.00 335472099328.00 335566274560.00 335659597824.00 335753084928.00 335846014976.00 335939993600.00 336032792576.00 336126869504.00 336220258304.00 336313778176.00 336407461888.00 336500162560.00 336594075648.00 336686874624.00 
336753393664.00 336875683840.00 336968613888.00 337062035456.00 337155194880.00 337248845824.00 337342562304.00 337435623424.00 337528520704.00 337622401024.00 337715724288.00 337809768448.00 337903157248.00 337997365248.00 338089869312.00 338183258112.00 338274287616.00 338369642496.00 338463162368.00 338553044992.00 
338649513984.00 338744246272.00 338837405696.00 338930860032.00 339024347136.00 339109675008.00 339211386880.00 339305005056.00 339399049216.00 339491946496.00 339584974848.00 339679281152.00 339771228160.00 339865698304.00 339959283712.00 340051984384.00 340144259072.00 340241121280.00 340333297664.00 340426784768.00 
340517486592.00 340613562368.00 340707606528.00 340801028096.00 340894056448.00 340987150336.00 341080670208.00 341173207040.00 341265907712.00 341361491968.00 341451374592.00 341547352064.00 341640544256.00 341735374848.00 341828534272.00 341921857536.00 342015541248.00 342108864512.00 342202810368.00 342296330240.00 
342388146176.00 342481436672.00 342577250304.00 342670114816.00 342762586112.00 342856269824.00 342949593088.00 343045734400.00 343137583104.00 343231430656.00 343323934720.00 343418273792.00 343510777856.00 343604953088.00 343698407424.00 343790092288.00 343885152256.00 343978770432.00 344071995392.00 344165285888.00 
344247959552.00 344352653312.00 344445943808.00 344539332608.00 344632655872.00 344726306816.00 344819826688.00 344913444864.00 345006505984.00 345100156928.00 345192792064.00 345287294976.00 345378422784.00 345474891776.00 345568247808.00 345661243392.00 345754075136.00 345849135104.00 345941606400.00 346035421184.00 
346121273344.00 346221969408.00 346315587584.00 346408812544.00 346502168576.00 346595491840.00 346689830912.00 346782728192.00 346876084224.00 346969571328.00 347062665216.00 347156840448.00 347248197632.00 347343290368.00 347435532288.00 347530821632.00 347624308736.00 347717697536.00 347810955264.00 347904409600.00 
347995275264.00 348092170240.00 348184641536.00 348278325248.00 348370927616.00 348463726592.00 348558000128.00 348652109824.00 348745039872.00 348839641088.00 348931850240.00 349025959936.00 349119315968.00 349211852800.00 349307240448.00 349400137728.00 349493526528.00 349586915328.00 349680697344.00 349773758464.00 
349866065920.00 349960437760.00 350055661568.00 350148001792.00 350238769152.00 350334648320.00 350427545600.00 350521950208.00 350614847488.00 350708367360.00 350784946176.00 350895702016.00 350988730368.00 351082676224.00 351176163328.00 351268798464.00 351362875392.00 351456231424.00 351549849600.00 351643107328.00 
351731220480.00 351829753856.00 351923568640.00 352017350656.00 352110018560.00 352205307904.00 352297975808.00 352392642560.00 352484196352.00 352578043904.00 352670973952.00 352765214720.00 352858144768.00 352951828480.00 353045250048.00 353137524736.00 353229537280.00 353325187072.00 353421000704.00 353512488960.00 
353605091328.00 353699201024.00 353793081344.00 353886797824.00 353979858944.00 354073411584.00 354166898688.00 354260320256.00 354353676288.00 354446508032.00 354541568000.00 354634366976.00 354726838272.00 354821111808.00 354914566144.00 355008577536.00 355101704192.00 355195355136.00 355289366528.00 355382525952.00 
355461660672.00 355570253824.00 355663183872.00 355756081152.00 355849240576.00 355943055360.00 356036116480.00 356129701888.00 356220534784.00 356316676096.00 356410032128.00 356503814144.00 356597202944.00 356690788352.00 356785487872.00 356877598720.00 356970659840.00 357064835072.00 357157208064.00 357251219456.00 
357343887360.00 357439307776.00 357531942912.00 357624381440.00 357718065152.00 357810700288.00 357903761408.00 357999640576.00 358092603392.00 358186221568.00 358278955008.00 358374014976.00 358466420736.00 358560006144.00 358653820928.00 358746554368.00 358840107008.00 358934577152.00 359027408896.00 359120699392.00 
359203045376.00 359308165120.00 359400931328.00 359494582272.00 359588003840.00 359681720320.00 359774191616.00 359869317120.00 359961460736.00 360054980608.00 360145321984.00 360242184192.00 360336457728.00 360429649920.00 360522809344.00 360616624128.00 360708767744.00 360803041280.00 360896790528.00 360990474240.00 
361082683392.00 361177055232.00 361269231616.00 361363996672.00 361456730112.00 361550872576.00 361644720128.00 361738633216.00 361831202816.00 361925050368.00 362018111488.00 362114940928.00 362203217920.00 362297688064.00 362391863296.00 362477813760.00 362579853312.00 362673242112.00 362766434304.00 362859954176.00 
362950393856.00 363046699008.00 363139891200.00 363233869824.00 363326406656.00 363420352512.00 363514068992.00 363606573056.00 363699961856.00 363795054592.00 363887034368.00 363981275136.00 364074958848.00 364168183808.00 364261507072.00 364354961408.00 364447858688.00 364542328832.00 364635619328.00 364728942592.00 
364815515648.00 364916047872.00 365009141760.00 365102596096.00 365194444800.00 365289439232.00 365383221248.00 365479165952.00 365569605632.00 365663223808.00 365756350464.00 365849935872.00 365943422976.00 366036811776.00 366131183616.00 366224179200.00 366317666304.00 366411546624.00 366504509440.00 366598160384.00 
366686208000.00 366784708608.00 366878425088.00 366971748352.00 367065071616.00 367157149696.00 367252865024.00 367345762304.00 367438462976.00 367532539904.00 367626256384.00 367718858752.00 367813066752.00 367906881536.00 368000040960.00 368093265920.00 368184852480.00 368279715840.00 368374153216.00 368467214336.00 
368559620096.00 368654057472.00 368746627072.00 368841555968.00 368933961728.00 369027350528.00 369121591296.00 369214717952.00 369307320320.00 369401593856.00 369492164608.00 369588305920.00 369681039360.00 369775575040.00 369868963840.00 369961828352.00 370055184384.00 370150146048.00 370242322432.00 370336301056.00 
370427002880.00 370522554368.00 370616369152.00 370710052864.00 370802884608.00 370895814656.00 370989629440.00 371083444224.00 371174244352.00 371271008256.00 371362922496.00 371457032192.00 371550158848.00 371643613184.00 371736281088.00 371828326400.00 371922731008.00 372016218112.00 372109541376.00 372202930176.00 
372295073792.00 372389478400.00 372482998272.00 372576124928.00 372668235776.00 372762279936.00 372855177216.00 372947615744.00 373040644096.00 373134065664.00 373226012672.00 373318713344.00 373410693120.00 373502705664.00 373593997312.00 373683912704.00 373773500416.00 373859090432.00 373937209344.00 373983772672.00 
end   dump: w
==END   DUMP_ARRAYS==
Time in seconds = 0.066293
