Sender: LSF System <lsfadmin@polus-c4-ib.bmc.hpc.cs.msu.ru>
Subject: Job 494286: <./extra.o> in cluster <MSUCluster> Done

Job <./extra.o> was submitted from host <polus-ib.bmc.hpc.cs.msu.ru> by user <edu-cmc-skpod19-328-11> in cluster <MSUCluster> at Fri Nov 29 23:42:35 2019
Job was executed on host(s) <7*polus-c4-ib.bmc.hpc.cs.msu.ru>, in queue <short>, as user <edu-cmc-skpod19-328-11> in cluster <MSUCluster> at Fri Nov 29 23:44:35 2019
                            <2*polus-c3-ib.bmc.hpc.cs.msu.ru>
</home_edu/edu-cmc-skpod19-328/edu-cmc-skpod19-328-11> was used as the home directory.
</home_edu/edu-cmc-skpod19-328/edu-cmc-skpod19-328-11/dep_gemver> was used as the working directory.
Started at Fri Nov 29 23:44:35 2019
Terminated at Fri Nov 29 23:44:36 2019
Results reported at Fri Nov 29 23:44:36 2019

Your job looked like:

------------------------------------------------------------
# LSBATCH: User input
./extra.o
------------------------------------------------------------

Successfully completed.

Resource usage summary:

    CPU time :                                   10.26 sec.
    Max Memory :                                 1 MB
    Average Memory :                             1.00 MB
    Total Requested Memory :                     -
    Delta Memory :                               -
    Max Swap :                                   -
    Max Processes :                              1
    Max Threads :                                1
    Run time :                                   0 sec.
    Turnaround time :                            121 sec.

The output (if any) follows:

==BEGIN DUMP_ARRAYS==
begin dump: w
0.00 0.00 0.00 0.00 0.00 0.00 0.00 0.00 0.00 0.00 0.00 0.00 0.00 0.00 0.00 0.00 0.00 0.00 0.00 0.00 
0.00 0.00 0.00 0.00 0.00 0.00 0.00 0.00 0.00 0.00 0.00 0.00 0.00 0.00 0.00 0.00 0.00 0.00 0.00 0.00 
0.00 0.00 0.00 0.00 0.00 0.00 0.00 0.00 0.00 0.00 0.00 0.00 0.00 0.00 0.00 0.00 0.00 0.00 0.00 0.00 
0.00 0.00 0.00 0.00 0.00 0.00 0.00 0.00 0.00 0.00 0.00 0.00 0.00 0.00 0.00 0.00 0.00 0.00 0.00 0.00 
0.00 0.00 0.00 0.00 0.00 0.00 0.00 0.00 0.00 0.00 0.00 0.00 0.00 0.00 0.00 0.00 0.00 0.00 0.00 0.00 
0.00 0.00 0.00 0.00 0.00 0.00 0.00 0.00 0.00 0.00 0.00 0.00 0.00 0.00 0.00 0.00 0.00 0.00 0.00 0.00 
0.00 0.00 0.00 0.00 0.00 0.00 0.00 0.00 0.00 0.00 0.00 0.00 0.00 0.00 0.00 0.00 0.00 0.00 0.00 0.00 
0.00 0.00 0.00 0.00 0.00 0.00 0.00 0.00 0.00 0.00 0.00 0.00 0.00 0.00 0.00 0.00 0.00 0.00 0.00 0.00 
0.00 0.00 0.00 0.00 0.00 0.00 0.00 0.00 0.00 0.00 0.00 0.00 0.00 0.00 0.00 0.00 0.00 0.00 0.00 0.00 
0.00 0.00 0.00 0.00 0.00 0.00 0.00 0.00 0.00 0.00 0.00 0.00 0.00 0.00 0.00 0.00 0.00 0.00 0.00 0.00 
0.00 0.00 0.00 0.00 0.00 0.00 0.00 0.00 0.00 0.00 0.00 0.00 0.00 0.00 0.00 0.00 0.00 0.00 0.00 0.00 
0.00 0.00 0.00 0.00 0.00 0.00 0.00 0.00 0.00 0.00 0.00 0.00 0.00 0.00 0.00 0.00 0.00 0.00 0.00 0.00 
0.00 0.00 0.00 0.00 0.00 0.00 0.00 0.00 0.00 0.00 0.00 0.00 0.00 0.00 0.00 0.00 0.00 0.00 0.00 0.00 
0.00 0.00 0.00 0.00 0.00 0.00 0.00 0.00 0.00 0.00 0.00 0.00 0.00 0.00 0.00 0.00 0.00 0.00 0.00 0.00 
0.00 0.00 0.00 0.00 0.00 0.00 0.00 0.00 0.00 0.00 0.00 0.00 0.00 0.00 0.00 0.00 0.00 0.00 0.00 0.00 
0.00 0.00 0.00 0.00 0.00 0.00 0.00 0.00 0.00 0.00 0.00 0.00 0.00 0.00 0.00 0.00 0.00 0.00 0.00 0.00 
0.00 0.00 0.00 0.00 0.00 0.00 0.00 0.00 0.00 0.00 0.00 0.00 0.00 0.00 0.00 0.00 0.00 0.00 0.00 0.00 
0.00 0.00 0.00 0.00 0.00 0.00 0.00 0.00 0.00 0.00 0.00 0.00 0.00 0.00 0.00 0.00 0.00 0.00 0.00 0.00 
0.00 0.00 0.00 0.00 0.00 0.00 0.00 0.00 0.00 0.00 0.00 0.00 0.00 0.00 0.00 0.00 0.00 0.00 0.00 0.00 
0.00 0.00 0.00 0.00 0.00 0.00 0.00 0.00 0.00 0.00 0.00 0.00 0.00 0.00 0.00 0.00 0.00 0.00 0.00 0.00 
0.00 0.00 0.00 0.00 0.00 0.00 0.00 0.00 0.00 0.00 0.00 0.00 0.00 0.00 0.00 0.00 0.00 0.00 0.00 0.00 
0.00 0.00 0.00 0.00 0.00 0.00 0.00 0.00 0.00 0.00 0.00 0.00 0.00 0.00 0.00 0.00 0.00 0.00 0.00 0.00 
0.00 0.00 0.00 0.00 0.00 0.00 0.00 0.00 0.00 0.00 0.00 0.00 0.00 0.00 0.00 0.00 0.00 0.00 0.00 0.00 
0.00 0.00 0.00 0.00 0.00 0.00 0.00 0.00 0.00 0.00 0.00 0.00 0.00 0.00 0.00 0.00 0.00 0.00 0.00 0.00 
0.00 0.00 0.00 0.00 0.00 0.00 0.00 0.00 0.00 0.00 0.00 0.00 0.00 0.00 0.00 0.00 0.00 0.00 0.00 0.00 
0.00 0.00 0.00 0.00 0.00 0.00 0.00 0.00 0.00 0.00 0.00 0.00 0.00 0.00 0.00 0.00 0.00 0.00 0.00 0.00 
0.00 0.00 0.00 0.00 0.00 0.00 0.00 0.00 0.00 0.00 0.00 0.00 0.00 0.00 0.00 0.00 0.00 0.00 0.00 0.00 
0.00 0.00 0.00 0.00 0.00 0.00 0.00 0.00 0.00 0.00 0.00 0.00 0.00 0.00 0.00 0.00 0.00 0.00 0.00 0.00 
0.00 0.00 0.00 0.00 0.00 0.00 0.00 0.00 0.00 0.00 0.00 0.00 0.00 0.00 0.00 0.00 0.00 0.00 0.00 0.00 
0.00 0.00 0.00 0.00 0.00 0.00 0.00 0.00 0.00 0.00 0.00 0.00 0.00 0.00 0.00 0.00 0.00 0.00 0.00 0.00 
0.00 0.00 0.00 0.00 0.00 0.00 0.00 0.00 0.00 0.00 0.00 0.00 0.00 0.00 0.00 0.00 0.00 0.00 0.00 0.00 
0.00 0.00 0.00 0.00 0.00 0.00 0.00 0.00 0.00 0.00 0.00 0.00 0.00 0.00 0.00 0.00 0.00 0.00 0.00 0.00 
0.00 0.00 0.00 0.00 0.00 0.00 0.00 0.00 0.00 0.00 0.00 0.00 0.00 0.00 0.00 0.00 0.00 0.00 0.00 0.00 
0.00 0.00 0.00 0.00 0.00 0.00 0.00 0.00 0.00 0.00 0.00 0.00 0.00 0.00 0.00 0.00 0.00 0.00 0.00 0.00 
0.00 0.00 0.00 0.00 0.00 0.00 0.00 0.00 0.00 0.00 0.00 0.00 0.00 0.00 0.00 0.00 0.00 0.00 0.00 0.00 
0.00 0.00 0.00 0.00 0.00 0.00 0.00 0.00 0.00 0.00 0.00 0.00 0.00 0.00 0.00 0.00 0.00 0.00 0.00 0.00 
0.00 0.00 0.00 0.00 0.00 0.00 0.00 0.00 0.00 0.00 0.00 0.00 0.00 0.00 0.00 0.00 0.00 0.00 0.00 0.00 
0.00 0.00 0.00 0.00 0.00 0.00 0.00 0.00 0.00 0.00 0.00 0.00 0.00 0.00 0.00 0.00 0.00 0.00 0.00 0.00 
0.00 0.00 0.00 0.00 0.00 0.00 0.00 0.00 0.00 0.00 0.00 0.00 0.00 0.00 0.00 0.00 0.00 0.00 0.00 0.00 
0.00 0.00 0.00 0.00 0.00 0.00 0.00 0.00 0.00 0.00 0.00 0.00 0.00 0.00 0.00 0.00 0.00 0.00 0.00 0.00 
0.00 0.00 0.00 0.00 0.00 0.00 0.00 0.00 0.00 0.00 0.00 0.00 0.00 0.00 0.00 0.00 0.00 0.00 0.00 0.00 
0.00 0.00 0.00 0.00 0.00 0.00 0.00 0.00 0.00 0.00 0.00 0.00 0.00 0.00 0.00 0.00 0.00 0.00 0.00 0.00 
0.00 0.00 0.00 0.00 0.00 0.00 0.00 0.00 0.00 0.00 0.00 0.00 0.00 0.00 0.00 0.00 0.00 0.00 0.00 0.00 
0.00 0.00 0.00 0.00 0.00 0.00 0.00 0.00 0.00 0.00 0.00 0.00 0.00 0.00 0.00 0.00 0.00 0.00 0.00 0.00 
0.00 0.00 0.00 0.00 0.00 0.00 0.00 0.00 0.00 0.00 0.00 0.00 0.00 0.00 0.00 0.00 0.00 0.00 0.00 0.00 
0.00 0.00 0.00 0.00 0.00 0.00 0.00 0.00 0.00 0.00 0.00 0.00 0.00 0.00 0.00 0.00 0.00 0.00 0.00 0.00 
0.00 0.00 0.00 0.00 0.00 0.00 0.00 0.00 0.00 0.00 0.00 0.00 0.00 0.00 0.00 0.00 0.00 0.00 0.00 0.00 
0.00 0.00 0.00 0.00 0.00 0.00 0.00 0.00 0.00 0.00 0.00 0.00 0.00 0.00 0.00 0.00 0.00 0.00 0.00 0.00 
0.00 0.00 0.00 0.00 0.00 0.00 0.00 0.00 0.00 0.00 0.00 0.00 0.00 0.00 0.00 0.00 0.00 0.00 0.00 0.00 
0.00 0.00 0.00 0.00 0.00 0.00 0.00 0.00 0.00 0.00 0.00 0.00 0.00 0.00 0.00 0.00 0.00 0.00 0.00 0.00 
0.00 0.00 0.00 0.00 0.00 0.00 0.00 0.00 0.00 0.00 0.00 0.00 0.00 0.00 0.00 0.00 0.00 0.00 0.00 0.00 
0.00 0.00 0.00 0.00 0.00 0.00 0.00 0.00 0.00 0.00 0.00 0.00 0.00 0.00 0.00 0.00 0.00 0.00 0.00 0.00 
0.00 0.00 0.00 0.00 0.00 0.00 0.00 0.00 0.00 0.00 0.00 0.00 0.00 0.00 0.00 0.00 0.00 0.00 0.00 0.00 
0.00 0.00 0.00 0.00 0.00 0.00 0.00 0.00 0.00 0.00 0.00 0.00 0.00 0.00 0.00 0.00 0.00 0.00 0.00 0.00 
0.00 0.00 0.00 0.00 0.00 0.00 0.00 0.00 0.00 0.00 0.00 0.00 0.00 0.00 0.00 0.00 0.00 0.00 0.00 0.00 
0.00 0.00 0.00 0.00 0.00 0.00 0.00 0.00 0.00 0.00 0.00 0.00 0.00 0.00 0.00 0.00 0.00 0.00 0.00 0.00 
0.00 0.00 0.00 0.00 0.00 0.00 0.00 0.00 0.00 0.00 0.00 0.00 0.00 0.00 0.00 0.00 0.00 0.00 0.00 0.00 
0.00 0.00 0.00 0.00 0.00 0.00 0.00 0.00 0.00 0.00 0.00 0.00 0.00 0.00 0.00 0.00 0.00 0.00 0.00 0.00 
0.00 0.00 0.00 0.00 0.00 0.00 0.00 0.00 0.00 0.00 0.00 0.00 0.00 0.00 0.00 0.00 0.00 0.00 0.00 0.00 
0.00 0.00 0.00 0.00 0.00 0.00 0.00 0.00 0.00 0.00 0.00 0.00 0.00 0.00 0.00 0.00 0.00 0.00 0.00 0.00 
0.00 0.00 0.00 0.00 0.00 0.00 0.00 0.00 0.00 0.00 0.00 0.00 0.00 0.00 0.00 0.00 0.00 0.00 0.00 0.00 
0.00 0.00 0.00 0.00 0.00 0.00 0.00 0.00 0.00 0.00 0.00 0.00 0.00 0.00 0.00 0.00 0.00 0.00 0.00 0.00 
0.00 0.00 0.00 0.00 0.00 0.00 0.00 0.00 0.00 0.00 0.00 0.00 0.00 0.00 0.00 0.00 0.00 0.00 0.00 0.00 
0.00 0.00 0.00 0.00 0.00 0.00 0.00 0.00 0.00 0.00 0.00 0.00 0.00 0.00 0.00 0.00 0.00 0.00 0.00 0.00 
0.00 0.00 0.00 0.00 0.00 0.00 0.00 0.00 0.00 0.00 0.00 0.00 0.00 0.00 0.00 0.00 0.00 0.00 0.00 0.00 
0.00 0.00 0.00 0.00 0.00 0.00 0.00 0.00 0.00 0.00 0.00 0.00 0.00 0.00 0.00 0.00 0.00 0.00 0.00 0.00 
0.00 0.00 0.00 0.00 0.00 0.00 0.00 0.00 0.00 0.00 0.00 0.00 0.00 0.00 0.00 0.00 0.00 0.00 0.00 0.00 
0.00 0.00 0.00 0.00 0.00 0.00 0.00 0.00 0.00 0.00 0.00 0.00 0.00 0.00 0.00 0.00 0.00 0.00 0.00 0.00 
0.00 0.00 0.00 0.00 0.00 0.00 0.00 0.00 0.00 0.00 0.00 0.00 0.00 0.00 0.00 0.00 0.00 0.00 0.00 0.00 
0.00 0.00 0.00 0.00 0.00 0.00 0.00 0.00 0.00 0.00 0.00 0.00 0.00 0.00 0.00 0.00 0.00 0.00 0.00 0.00 
0.00 0.00 0.00 0.00 0.00 0.00 0.00 0.00 0.00 0.00 0.00 0.00 0.00 0.00 0.00 0.00 0.00 0.00 0.00 0.00 
0.00 0.00 0.00 0.00 0.00 0.00 0.00 0.00 0.00 0.00 0.00 0.00 0.00 0.00 0.00 0.00 0.00 0.00 0.00 0.00 
0.00 0.00 0.00 0.00 0.00 0.00 0.00 0.00 0.00 0.00 0.00 0.00 0.00 0.00 0.00 0.00 0.00 0.00 0.00 0.00 
0.00 0.00 0.00 0.00 0.00 0.00 0.00 0.00 0.00 0.00 0.00 0.00 0.00 0.00 0.00 0.00 0.00 0.00 0.00 0.00 
0.00 0.00 0.00 0.00 0.00 0.00 0.00 0.00 0.00 0.00 0.00 0.00 0.00 0.00 0.00 0.00 0.00 0.00 0.00 0.00 
0.00 0.00 0.00 0.00 0.00 0.00 0.00 0.00 0.00 0.00 0.00 0.00 0.00 0.00 0.00 0.00 0.00 0.00 0.00 0.00 
0.00 0.00 0.00 0.00 0.00 0.00 0.00 0.00 0.00 0.00 0.00 0.00 0.00 0.00 0.00 0.00 0.00 0.00 0.00 0.00 
0.00 0.00 0.00 0.00 0.00 0.00 0.00 0.00 0.00 0.00 0.00 0.00 0.00 0.00 0.00 0.00 0.00 0.00 0.00 0.00 
0.00 0.00 0.00 0.00 0.00 0.00 0.00 0.00 0.00 0.00 0.00 0.00 0.00 0.00 0.00 0.00 0.00 0.00 0.00 0.00 
0.00 0.00 0.00 0.00 0.00 0.00 0.00 0.00 0.00 0.00 0.00 0.00 0.00 0.00 0.00 0.00 0.00 0.00 0.00 0.00 
0.00 0.00 0.00 0.00 0.00 0.00 0.00 0.00 0.00 0.00 0.00 0.00 0.00 0.00 0.00 0.00 0.00 0.00 0.00 0.00 
0.00 0.00 0.00 0.00 0.00 0.00 0.00 0.00 0.00 0.00 0.00 0.00 0.00 0.00 0.00 0.00 0.00 0.00 0.00 0.00 
0.00 0.00 0.00 0.00 0.00 0.00 0.00 0.00 0.00 0.00 0.00 0.00 0.00 0.00 0.00 0.00 0.00 0.00 0.00 0.00 
0.00 0.00 0.00 0.00 0.00 0.00 0.00 0.00 0.00 0.00 0.00 0.00 0.00 0.00 0.00 0.00 0.00 0.00 0.00 0.00 
0.00 0.00 0.00 0.00 0.00 0.00 0.00 0.00 0.00 0.00 0.00 0.00 0.00 0.00 0.00 0.00 0.00 0.00 0.00 0.00 
0.00 0.00 0.00 0.00 0.00 0.00 0.00 0.00 0.00 0.00 0.00 0.00 0.00 0.00 0.00 0.00 0.00 0.00 0.00 0.00 
0.00 0.00 0.00 0.00 0.00 0.00 0.00 0.00 0.00 0.00 0.00 0.00 0.00 0.00 0.00 0.00 0.00 0.00 0.00 0.00 
0.00 0.00 0.00 0.00 0.00 0.00 0.00 0.00 0.00 0.00 0.00 0.00 0.00 0.00 0.00 0.00 0.00 0.00 0.00 0.00 
0.00 0.00 0.00 0.00 0.00 0.00 0.00 0.00 0.00 0.00 0.00 0.00 0.00 0.00 0.00 0.00 0.00 0.00 0.00 0.00 
0.00 0.00 0.00 0.00 0.00 0.00 0.00 0.00 0.00 0.00 0.00 0.00 0.00 0.00 0.00 0.00 0.00 0.00 0.00 0.00 
0.00 0.00 0.00 0.00 0.00 0.00 0.00 0.00 0.00 0.00 0.00 0.00 0.00 0.00 0.00 0.00 0.00 0.00 0.00 0.00 
0.00 0.00 0.00 0.00 0.00 0.00 0.00 0.00 0.00 0.00 0.00 0.00 0.00 0.00 0.00 0.00 0.00 0.00 0.00 0.00 
0.00 0.00 0.00 0.00 0.00 0.00 0.00 0.00 0.00 0.00 0.00 0.00 0.00 0.00 0.00 0.00 0.00 0.00 0.00 0.00 
0.00 0.00 0.00 0.00 0.00 0.00 0.00 0.00 0.00 0.00 0.00 0.00 0.00 0.00 0.00 0.00 0.00 0.00 0.00 0.00 
0.00 0.00 0.00 0.00 0.00 0.00 0.00 0.00 0.00 0.00 0.00 0.00 0.00 0.00 0.00 0.00 0.00 0.00 0.00 0.00 
0.00 0.00 0.00 0.00 0.00 0.00 0.00 0.00 0.00 0.00 0.00 0.00 0.00 0.00 0.00 0.00 0.00 0.00 0.00 0.00 
0.00 0.00 0.00 0.00 0.00 0.00 0.00 0.00 0.00 0.00 0.00 0.00 0.00 0.00 0.00 0.00 0.00 0.00 0.00 0.00 
0.00 0.00 0.00 0.00 0.00 0.00 0.00 0.00 0.00 0.00 0.00 0.00 0.00 0.00 0.00 0.00 0.00 0.00 0.00 0.00 
0.00 0.00 0.00 0.00 0.00 0.00 0.00 0.00 0.00 0.00 0.00 0.00 0.00 0.00 0.00 0.00 0.00 0.00 0.00 0.00 
0.00 0.00 0.00 0.00 0.00 0.00 0.00 0.00 0.00 0.00 0.00 0.00 0.00 0.00 0.00 0.00 0.00 0.00 0.00 0.00 
0.00 0.00 0.00 0.00 0.00 0.00 0.00 0.00 0.00 0.00 0.00 0.00 0.00 0.00 0.00 0.00 0.00 0.00 0.00 0.00 
0.00 0.00 0.00 0.00 0.00 0.00 0.00 0.00 0.00 0.00 0.00 0.00 0.00 0.00 0.00 0.00 0.00 0.00 0.00 0.00 
0.00 0.00 0.00 0.00 0.00 0.00 0.00 0.00 0.00 0.00 0.00 0.00 0.00 0.00 0.00 0.00 0.00 0.00 0.00 0.00 
0.00 0.00 0.00 0.00 0.00 0.00 0.00 0.00 0.00 0.00 0.00 0.00 0.00 0.00 0.00 0.00 0.00 0.00 0.00 0.00 
0.00 0.00 0.00 0.00 0.00 0.00 0.00 0.00 0.00 0.00 0.00 0.00 0.00 0.00 0.00 0.00 0.00 0.00 0.00 0.00 
0.00 0.00 0.00 0.00 0.00 0.00 0.00 0.00 0.00 0.00 0.00 0.00 0.00 0.00 0.00 0.00 0.00 0.00 0.00 0.00 
0.00 0.00 0.00 0.00 0.00 0.00 0.00 0.00 0.00 0.00 0.00 0.00 0.00 0.00 0.00 0.00 0.00 0.00 0.00 0.00 
0.00 0.00 0.00 0.00 0.00 0.00 0.00 0.00 0.00 0.00 0.00 0.00 0.00 0.00 0.00 0.00 0.00 0.00 0.00 0.00 
0.00 0.00 0.00 0.00 0.00 0.00 0.00 0.00 0.00 0.00 0.00 0.00 0.00 0.00 0.00 0.00 0.00 0.00 0.00 0.00 
0.00 0.00 0.00 0.00 0.00 0.00 0.00 0.00 0.00 0.00 0.00 0.00 0.00 0.00 0.00 0.00 0.00 0.00 0.00 0.00 
0.00 0.00 0.00 0.00 0.00 0.00 0.00 0.00 0.00 0.00 0.00 0.00 0.00 0.00 0.00 0.00 0.00 0.00 0.00 0.00 
0.00 0.00 0.00 0.00 0.00 0.00 0.00 0.00 0.00 0.00 0.00 0.00 0.00 0.00 0.00 0.00 0.00 0.00 0.00 0.00 
0.00 0.00 0.00 0.00 0.00 0.00 0.00 0.00 0.00 0.00 0.00 0.00 0.00 0.00 0.00 0.00 0.00 0.00 0.00 0.00 
0.00 0.00 0.00 0.00 0.00 0.00 0.00 0.00 0.00 0.00 0.00 0.00 0.00 0.00 0.00 0.00 0.00 0.00 0.00 0.00 
0.00 0.00 0.00 0.00 0.00 0.00 0.00 0.00 0.00 0.00 0.00 0.00 0.00 0.00 0.00 0.00 0.00 0.00 0.00 0.00 
0.00 0.00 0.00 0.00 0.00 0.00 0.00 0.00 0.00 0.00 0.00 0.00 0.00 0.00 0.00 0.00 0.00 0.00 0.00 0.00 
0.00 0.00 0.00 0.00 0.00 0.00 0.00 0.00 0.00 0.00 0.00 0.00 0.00 0.00 0.00 0.00 0.00 0.00 0.00 0.00 
0.00 0.00 0.00 0.00 0.00 0.00 0.00 0.00 0.00 0.00 0.00 0.00 0.00 0.00 0.00 0.00 0.00 0.00 0.00 0.00 
0.00 0.00 0.00 0.00 0.00 0.00 0.00 0.00 0.00 0.00 0.00 0.00 0.00 0.00 0.00 0.00 0.00 0.00 0.00 0.00 
0.00 0.00 0.00 0.00 0.00 0.00 0.00 0.00 0.00 0.00 0.00 0.00 0.00 0.00 0.00 0.00 0.00 0.00 0.00 0.00 
0.00 0.00 0.00 0.00 0.00 0.00 0.00 0.00 0.00 0.00 0.00 0.00 0.00 0.00 0.00 0.00 0.00 0.00 0.00 0.00 
0.00 0.00 0.00 0.00 0.00 0.00 0.00 0.00 0.00 0.00 0.00 0.00 0.00 0.00 0.00 0.00 0.00 0.00 0.00 0.00 
0.00 0.00 0.00 0.00 0.00 0.00 0.00 0.00 0.00 0.00 0.00 0.00 0.00 0.00 0.00 0.00 0.00 0.00 0.00 0.00 
0.00 0.00 0.00 0.00 0.00 0.00 0.00 0.00 0.00 0.00 0.00 0.00 0.00 0.00 0.00 0.00 0.00 0.00 0.00 0.00 
0.00 0.00 0.00 0.00 0.00 0.00 0.00 0.00 0.00 0.00 0.00 0.00 0.00 0.00 0.00 0.00 0.00 0.00 0.00 0.00 
0.00 0.00 0.00 0.00 0.00 0.00 0.00 0.00 0.00 0.00 0.00 0.00 0.00 0.00 0.00 0.00 0.00 0.00 0.00 0.00 
0.00 0.00 0.00 0.00 0.00 0.00 0.00 0.00 0.00 0.00 0.00 0.00 0.00 0.00 0.00 0.00 0.00 0.00 0.00 0.00 
0.00 0.00 0.00 0.00 0.00 0.00 0.00 0.00 0.00 0.00 0.00 0.00 0.00 0.00 0.00 0.00 0.00 0.00 0.00 0.00 
0.00 0.00 0.00 0.00 0.00 0.00 0.00 0.00 0.00 0.00 0.00 0.00 0.00 0.00 0.00 0.00 0.00 0.00 0.00 0.00 
0.00 0.00 0.00 0.00 0.00 0.00 0.00 0.00 0.00 0.00 0.00 0.00 0.00 0.00 0.00 0.00 0.00 0.00 0.00 0.00 
0.00 0.00 0.00 0.00 0.00 0.00 0.00 0.00 0.00 0.00 0.00 0.00 0.00 0.00 0.00 0.00 0.00 0.00 0.00 0.00 
0.00 0.00 0.00 0.00 0.00 0.00 0.00 0.00 0.00 0.00 0.00 0.00 0.00 0.00 0.00 0.00 0.00 0.00 0.00 0.00 
0.00 0.00 0.00 0.00 0.00 0.00 0.00 0.00 0.00 0.00 0.00 0.00 0.00 0.00 0.00 0.00 0.00 0.00 0.00 0.00 
0.00 0.00 0.00 0.00 0.00 0.00 0.00 0.00 0.00 0.00 0.00 0.00 0.00 0.00 0.00 0.00 0.00 0.00 0.00 0.00 
0.00 0.00 0.00 0.00 0.00 0.00 0.00 0.00 0.00 0.00 0.00 0.00 0.00 0.00 0.00 0.00 0.00 0.00 0.00 0.00 
0.00 0.00 0.00 0.00 0.00 0.00 0.00 0.00 0.00 0.00 0.00 0.00 0.00 0.00 0.00 0.00 0.00 0.00 0.00 0.00 
0.00 0.00 0.00 0.00 0.00 0.00 0.00 0.00 0.00 0.00 0.00 0.00 0.00 0.00 0.00 0.00 0.00 0.00 0.00 0.00 
0.00 0.00 0.00 0.00 0.00 0.00 0.00 0.00 0.00 0.00 0.00 0.00 0.00 0.00 0.00 0.00 0.00 0.00 0.00 0.00 
0.00 0.00 0.00 0.00 0.00 0.00 0.00 0.00 0.00 0.00 0.00 0.00 0.00 0.00 0.00 0.00 0.00 0.00 0.00 0.00 
0.00 0.00 0.00 0.00 0.00 0.00 0.00 0.00 0.00 0.00 0.00 0.00 0.00 0.00 0.00 0.00 0.00 0.00 0.00 0.00 
0.00 0.00 0.00 0.00 0.00 0.00 0.00 0.00 0.00 0.00 0.00 0.00 0.00 0.00 0.00 0.00 0.00 0.00 0.00 0.00 
0.00 0.00 0.00 0.00 0.00 0.00 0.00 0.00 0.00 0.00 0.00 0.00 0.00 0.00 0.00 0.00 0.00 0.00 0.00 0.00 
0.00 0.00 0.00 0.00 0.00 0.00 0.00 0.00 0.00 0.00 0.00 0.00 0.00 0.00 0.00 0.00 0.00 0.00 0.00 0.00 
0.00 0.00 0.00 0.00 0.00 0.00 0.00 0.00 0.00 0.00 0.00 0.00 0.00 0.00 0.00 0.00 0.00 0.00 0.00 0.00 
0.00 0.00 0.00 0.00 0.00 0.00 0.00 0.00 0.00 0.00 0.00 0.00 0.00 0.00 0.00 0.00 0.00 0.00 0.00 0.00 
0.00 0.00 0.00 0.00 0.00 0.00 0.00 0.00 0.00 0.00 0.00 0.00 0.00 0.00 0.00 0.00 0.00 0.00 0.00 0.00 
0.00 0.00 0.00 0.00 0.00 0.00 0.00 0.00 0.00 0.00 0.00 0.00 0.00 0.00 0.00 0.00 0.00 0.00 0.00 0.00 
0.00 0.00 0.00 0.00 0.00 0.00 0.00 0.00 0.00 0.00 0.00 0.00 0.00 0.00 0.00 0.00 0.00 0.00 0.00 0.00 
0.00 0.00 0.00 0.00 0.00 0.00 0.00 0.00 0.00 0.00 0.00 0.00 0.00 0.00 0.00 0.00 0.00 0.00 0.00 0.00 
0.00 0.00 0.00 0.00 0.00 0.00 0.00 0.00 0.00 0.00 0.00 0.00 0.00 0.00 0.00 0.00 0.00 0.00 0.00 0.00 
0.00 0.00 0.00 0.00 0.00 0.00 0.00 0.00 0.00 0.00 0.00 0.00 0.00 0.00 0.00 0.00 0.00 0.00 0.00 0.00 
0.00 0.00 0.00 0.00 0.00 0.00 0.00 0.00 0.00 0.00 0.00 0.00 0.00 0.00 0.00 0.00 0.00 0.00 0.00 0.00 
0.00 0.00 0.00 0.00 0.00 0.00 0.00 0.00 0.00 0.00 0.00 0.00 0.00 0.00 0.00 0.00 0.00 0.00 0.00 0.00 
0.00 0.00 0.00 0.00 0.00 0.00 0.00 0.00 0.00 0.00 0.00 0.00 0.00 0.00 0.00 0.00 0.00 0.00 0.00 0.00 
0.00 0.00 0.00 0.00 0.00 0.00 0.00 0.00 0.00 0.00 0.00 0.00 0.00 0.00 0.00 0.00 0.00 0.00 0.00 0.00 
0.00 0.00 0.00 0.00 0.00 0.00 0.00 0.00 0.00 0.00 0.00 0.00 0.00 0.00 0.00 0.00 0.00 0.00 0.00 0.00 
0.00 0.00 0.00 0.00 0.00 0.00 0.00 0.00 0.00 0.00 0.00 0.00 0.00 0.00 0.00 0.00 0.00 0.00 0.00 0.00 
0.00 0.00 0.00 0.00 0.00 0.00 0.00 0.00 0.00 0.00 0.00 0.00 0.00 0.00 0.00 0.00 0.00 0.00 0.00 0.00 
0.00 0.00 0.00 0.00 0.00 0.00 0.00 0.00 0.00 0.00 0.00 0.00 0.00 0.00 0.00 0.00 0.00 0.00 0.00 0.00 
0.00 0.00 0.00 0.00 0.00 0.00 0.00 0.00 0.00 0.00 0.00 0.00 0.00 0.00 0.00 0.00 0.00 0.00 0.00 0.00 
0.00 0.00 0.00 0.00 0.00 0.00 0.00 0.00 0.00 0.00 0.00 0.00 0.00 0.00 0.00 0.00 0.00 0.00 0.00 0.00 
0.00 0.00 0.00 0.00 0.00 0.00 0.00 0.00 0.00 0.00 0.00 0.00 0.00 0.00 0.00 0.00 0.00 0.00 0.00 0.00 
0.00 0.00 0.00 0.00 0.00 0.00 0.00 0.00 0.00 0.00 0.00 0.00 0.00 0.00 0.00 0.00 0.00 0.00 0.00 0.00 
0.00 0.00 0.00 0.00 0.00 0.00 0.00 0.00 0.00 0.00 0.00 0.00 0.00 0.00 0.00 0.00 0.00 0.00 0.00 0.00 
0.00 0.00 0.00 0.00 0.00 0.00 0.00 0.00 0.00 0.00 0.00 0.00 0.00 0.00 0.00 0.00 0.00 0.00 0.00 0.00 
0.00 0.00 0.00 0.00 0.00 0.00 0.00 0.00 0.00 0.00 0.00 0.00 0.00 0.00 0.00 0.00 0.00 0.00 0.00 0.00 
0.00 0.00 0.00 0.00 0.00 0.00 0.00 0.00 0.00 0.00 0.00 0.00 0.00 0.00 0.00 0.00 0.00 0.00 0.00 0.00 
0.00 0.00 0.00 0.00 0.00 0.00 0.00 0.00 0.00 0.00 0.00 0.00 0.00 0.00 0.00 0.00 0.00 0.00 0.00 0.00 
0.00 0.00 0.00 0.00 0.00 0.00 0.00 0.00 0.00 0.00 0.00 0.00 0.00 0.00 0.00 0.00 0.00 0.00 0.00 0.00 
0.00 0.00 0.00 0.00 0.00 0.00 0.00 0.00 0.00 0.00 0.00 0.00 0.00 0.00 0.00 0.00 0.00 0.00 0.00 0.00 
0.00 0.00 0.00 0.00 0.00 0.00 0.00 0.00 0.00 0.00 0.00 0.00 0.00 0.00 0.00 0.00 0.00 0.00 0.00 0.00 
0.00 0.00 0.00 0.00 0.00 0.00 0.00 0.00 0.00 0.00 0.00 0.00 0.00 0.00 0.00 0.00 0.00 0.00 0.00 0.00 
0.00 0.00 0.00 0.00 0.00 0.00 0.00 0.00 0.00 0.00 0.00 0.00 0.00 0.00 0.00 0.00 0.00 0.00 0.00 0.00 
0.00 0.00 0.00 0.00 0.00 0.00 0.00 0.00 0.00 0.00 0.00 0.00 0.00 0.00 0.00 0.00 0.00 0.00 0.00 0.00 
0.00 0.00 0.00 0.00 0.00 0.00 0.00 0.00 0.00 0.00 0.00 0.00 0.00 0.00 0.00 0.00 0.00 0.00 0.00 0.00 
0.00 0.00 0.00 0.00 0.00 0.00 0.00 0.00 0.00 0.00 0.00 0.00 0.00 0.00 0.00 0.00 0.00 0.00 0.00 0.00 
0.00 0.00 0.00 0.00 0.00 0.00 0.00 0.00 0.00 0.00 0.00 0.00 0.00 0.00 0.00 0.00 0.00 0.00 0.00 0.00 
0.00 0.00 0.00 0.00 0.00 0.00 0.00 0.00 0.00 0.00 0.00 0.00 0.00 0.00 0.00 0.00 0.00 0.00 0.00 0.00 
0.00 0.00 0.00 0.00 0.00 0.00 0.00 0.00 0.00 0.00 0.00 0.00 0.00 0.00 0.00 0.00 0.00 0.00 0.00 0.00 
0.00 0.00 0.00 0.00 0.00 0.00 0.00 0.00 0.00 0.00 0.00 0.00 0.00 0.00 0.00 0.00 0.00 0.00 0.00 0.00 
0.00 0.00 0.00 0.00 0.00 0.00 0.00 0.00 0.00 0.00 0.00 0.00 0.00 0.00 0.00 0.00 0.00 0.00 0.00 0.00 
0.00 0.00 0.00 0.00 0.00 0.00 0.00 0.00 0.00 0.00 0.00 0.00 0.00 0.00 0.00 0.00 0.00 0.00 0.00 0.00 
0.00 0.00 0.00 0.00 0.00 0.00 0.00 0.00 0.00 0.00 0.00 0.00 0.00 0.00 0.00 0.00 0.00 0.00 0.00 0.00 
0.00 0.00 0.00 0.00 0.00 0.00 0.00 0.00 0.00 0.00 0.00 0.00 0.00 0.00 0.00 0.00 0.00 0.00 0.00 0.00 
0.00 0.00 0.00 0.00 0.00 0.00 0.00 0.00 0.00 0.00 0.00 0.00 0.00 0.00 0.00 0.00 0.00 0.00 0.00 0.00 
0.00 0.00 0.00 0.00 0.00 0.00 0.00 0.00 0.00 0.00 0.00 0.00 0.00 0.00 0.00 0.00 0.00 0.00 0.00 0.00 
0.00 0.00 0.00 0.00 0.00 0.00 0.00 0.00 0.00 0.00 0.00 0.00 0.00 0.00 0.00 0.00 0.00 0.00 0.00 0.00 
0.00 0.00 0.00 0.00 0.00 0.00 0.00 0.00 0.00 0.00 0.00 0.00 0.00 0.00 0.00 0.00 0.00 0.00 0.00 0.00 
0.00 0.00 0.00 0.00 0.00 0.00 0.00 0.00 0.00 0.00 0.00 0.00 0.00 0.00 0.00 0.00 0.00 0.00 0.00 0.00 
0.00 0.00 0.00 0.00 0.00 0.00 0.00 0.00 0.00 0.00 0.00 0.00 0.00 0.00 0.00 0.00 0.00 0.00 0.00 0.00 
0.00 0.00 0.00 0.00 0.00 0.00 0.00 0.00 0.00 0.00 0.00 0.00 0.00 0.00 0.00 0.00 0.00 0.00 0.00 0.00 
0.00 0.00 0.00 0.00 0.00 0.00 0.00 0.00 0.00 0.00 0.00 0.00 0.00 0.00 0.00 0.00 0.00 0.00 0.00 0.00 
0.00 0.00 0.00 0.00 0.00 0.00 0.00 0.00 0.00 0.00 0.00 0.00 0.00 0.00 0.00 0.00 0.00 0.00 0.00 0.00 
0.00 0.00 0.00 0.00 0.00 0.00 0.00 0.00 0.00 0.00 0.00 0.00 0.00 0.00 0.00 0.00 0.00 0.00 0.00 0.00 
0.00 0.00 0.00 0.00 0.00 0.00 0.00 0.00 0.00 0.00 0.00 0.00 0.00 0.00 0.00 0.00 0.00 0.00 0.00 0.00 
0.00 0.00 0.00 0.00 0.00 0.00 0.00 0.00 0.00 0.00 0.00 0.00 0.00 0.00 0.00 0.00 0.00 0.00 0.00 0.00 
0.00 0.00 0.00 0.00 0.00 0.00 0.00 0.00 0.00 0.00 0.00 0.00 0.00 0.00 0.00 0.00 0.00 0.00 0.00 0.00 
0.00 0.00 0.00 0.00 0.00 0.00 0.00 0.00 0.00 0.00 0.00 0.00 0.00 0.00 0.00 0.00 0.00 0.00 0.00 0.00 
0.00 0.00 0.00 0.00 0.00 0.00 0.00 0.00 0.00 0.00 0.00 0.00 0.00 0.00 0.00 0.00 0.00 0.00 0.00 0.00 
0.00 0.00 0.00 0.00 0.00 0.00 0.00 0.00 0.00 0.00 0.00 0.00 0.00 0.00 0.00 0.00 0.00 0.00 0.00 0.00 
end   dump: w
==END   DUMP_ARRAYS==
==BEGIN DUMP_ARRAYS==
begin dump: w
7743.45 464482816.00 510778144.00 588415424.00 673460160.00 761690944.00 851627712.00 942589760.00 1033313280.00 1125417472.00 1216580480.00 1309328256.00 1401373568.00 1493836928.00 1586391936.00 1678622848.00 1770349056.00 1863904128.00 1956406016.00 2049140096.00 
2140705024.00 2234819840.00 2327378944.00 2420218624.00 2512352768.00 2603901184.00 2698381824.00 2791005952.00 2883985408.00 2977114368.00 3069053440.00 3161887488.00 3253118976.00 3348131840.00 3441035264.00 3533542912.00 3626340608.00 3719467264.00 3812304128.00 3905239552.00 
3995442688.00 4091067904.00 4183865856.00 4275869696.00 4369621504.00 4462407168.00 4555796480.00 4648191488.00 4740228096.00 4834026496.00 4923504640.00 5019776000.00 5112747008.00 5205784064.00 5298236928.00 5391198720.00 5483912192.00 5577205248.00 5670724096.00 5763379712.00 
5854751744.00 5948778496.00 6041473536.00 6135362560.00 6225451520.00 6320168960.00 6413362176.00 6506249728.00 6599161856.00 6692930560.00 6784311808.00 6877491712.00 6970380288.00 7064006656.00 7156271104.00 7247905792.00 7342340608.00 7435812352.00 7528322560.00 7621315584.00 
7708676608.00 7807102976.00 7899950080.00 7992942080.00 8085678592.00 8178165760.00 8271132672.00 8365534208.00 8457092096.00 8550845440.00 8642765824.00 8736753664.00 8829131776.00 8920036352.00 9015014400.00 9107564544.00 9198752768.00 9293852672.00 9386720256.00 9479392256.00 
9565611008.00 9665312768.00 9758193664.00 9851015168.00 9943798784.00 10036661248.00 10130079744.00 10222984192.00 10315147264.00 10408843264.00 10501088256.00 10594017280.00 10686571520.00 10780992512.00 10873151488.00 10966085632.00 11059352576.00 11152061440.00 11245299712.00 11338079232.00 
11428229120.00 11523537920.00 11616730112.00 11709427712.00 11802359808.00 11886778368.00 11988808704.00 12082873344.00 12172180480.00 12264356864.00 12359567360.00 12453002240.00 12545867776.00 12638769152.00 12731941888.00 12824592384.00 12917272576.00 13010886656.00 13105062912.00 13196831744.00 
13288084480.00 13382288384.00 13474978816.00 13569042432.00 13660154880.00 13753802752.00 13847247872.00 13939752960.00 14031856640.00 14126055424.00 14215304192.00 14312182784.00 14404112384.00 14496931840.00 14591187968.00 14683038720.00 14776125440.00 14869379072.00 14962134016.00 15055009792.00 
15136850944.00 15241018368.00 15333796864.00 15426654208.00 15519469568.00 15612361728.00 15705338880.00 15798965248.00 15890915328.00 15983030272.00 16076444672.00 16170135552.00 16262615040.00 16355822592.00 16450771968.00 16540241920.00 16633750528.00 16728450048.00 16820672512.00 16913290240.00 
17005122560.00 17099602944.00 17193220096.00 17284835328.00 17377744896.00 17470885888.00 17562945536.00 17656944640.00 17749663744.00 17842886656.00 17934780416.00 18028974080.00 18119493632.00 18214604800.00 18307465216.00 18399715328.00 18493048832.00 18586107904.00 18678626304.00 18771466240.00 
18851063808.00 18957688832.00 19050418176.00 19143874560.00 19236460544.00 19328958464.00 19422361600.00 19515541504.00 19607361536.00 19701374976.00 19793238016.00 19887695872.00 19980005376.00 20073021440.00 20166049792.00 20258494464.00 20351121408.00 20444827648.00 20537501696.00 20630448128.00 
20722169856.00 20816726016.00 20908075008.00 21002870784.00 21093203968.00 21186582528.00 21281253376.00 21374070784.00 21466728448.00 21559922688.00 21652234240.00 21745618944.00 21838249984.00 21930700800.00 22024261632.00 22116190208.00 22210584576.00 22303315968.00 22396119040.00 22489317376.00 
22576607232.00 22675353600.00 22767802368.00 22861117440.00 22953664512.00 23046735872.00 23139434496.00 23232712704.00 23324909568.00 23418159104.00 23493804032.00 23604609024.00 23697278976.00 23790231552.00 23883718656.00 23975710720.00 24066838528.00 24161755136.00 24253267968.00 24348381184.00 
24439365632.00 24533788672.00 24626257920.00 24719364096.00 24811829248.00 24904853504.00 24997609472.00 25092339712.00 25184147456.00 25277108224.00 25369380864.00 25462624256.00 25554728960.00 25649074176.00 25742192640.00 25832828928.00 25928060928.00 26020452352.00 26113415168.00 26205624320.00 
26296479744.00 26392262656.00 26484938752.00 26577897472.00 26670446592.00 26762993664.00 26858315776.00 26950369280.00 27040632832.00 27135729664.00 27227953152.00 27321790464.00 27414241280.00 27507482624.00 27600011264.00 27692787712.00 27785250816.00 27879184384.00 27971958784.00 28064774144.00 
28150845440.00 28250603520.00 28343734272.00 28435886080.00 28528379904.00 28622039040.00 28714821632.00 28807696384.00 28902742016.00 28994406400.00 29086605312.00 29180020736.00 29272465408.00 29365843968.00 29458925568.00 29551523840.00 29644705792.00 29737611264.00 29830516736.00 29923198976.00 
30005250048.00 30109579264.00 30202134528.00 30295296000.00 30387689472.00 30479333376.00 30573805568.00 30666858496.00 30759315456.00 30852296704.00 30944913408.00 31038279680.00 31130865664.00 31222595584.00 31318183936.00 31410348032.00 31502315520.00 31596505088.00 31688491008.00 31783528448.00 
31873579008.00 31967784960.00 32060571648.00 32154103808.00 32246061056.00 32339382272.00 32432363520.00 32525256704.00 32619040768.00 32711952384.00 32800765952.00 32897329152.00 32987850752.00 33084284928.00 33176186880.00 33268453376.00 33361534976.00 33454616576.00 33547436032.00 33640960000.00 
33730625536.00 33826179072.00 33919049728.00 34011023360.00 34107011072.00 34198349824.00 34290997248.00 34384396288.00 34475966464.00 34569596928.00 34662137856.00 34755723264.00 34847969280.00 34941636608.00 35034398720.00 35118632960.00 35219845120.00 35313270784.00 35406184448.00 35499147264.00 
35590606848.00 35689336832.00 35777912832.00 35871260672.00 35961589760.00 36056391680.00 36149637120.00 36241616896.00 36335263744.00 36428476416.00 36520488960.00 36614352896.00 36706476032.00 36800036864.00 36892901376.00 36985442304.00 37078376448.00 37171650560.00 37264076800.00 37356646400.00 
37422768128.00 37544271872.00 37636669440.00 37729632256.00 37822140416.00 37914898432.00 38008225792.00 38101266432.00 38193451008.00 38287151104.00 38379118592.00 38473043968.00 38565560320.00 38658523136.00 38751977472.00 38844293120.00 38935343104.00 39030493184.00 39123439616.00 39216054272.00 
39307689984.00 39397289984.00 39495147520.00 39587991552.00 39680503808.00 39772127232.00 39866667008.00 39959638016.00 40052367360.00 40145723392.00 40237842432.00 40331321344.00 40423124992.00 40517455872.00 40610136064.00 40702906368.00 40795676672.00 40889106432.00 40981745664.00 41074216960.00 
41164881920.00 41260515328.00 41353314304.00 41446068224.00 41536761856.00 41634209792.00 41726033920.00 41818595328.00 41909305344.00 42004709376.00 42093809664.00 42190139392.00 42282893312.00 42376019968.00 42468704256.00 42561576960.00 42654162944.00 42747142144.00 42840145920.00 42931982336.00 
43024973824.00 43118997504.00 43212324864.00 43305275392.00 43396997120.00 43490365440.00 43583430656.00 43676471296.00 43769417728.00 43862622208.00 43954491392.00 44049203200.00 44141146112.00 44234436608.00 44327329792.00 44418662400.00 44512784384.00 44605980672.00 44699213824.00 44791951360.00 
44873842688.00 44977635328.00 45070819328.00 45163683840.00 45256306688.00 45349736448.00 45442760704.00 45535473664.00 45627977728.00 45721419776.00 45813567488.00 45907050496.00 45999788032.00 46093086720.00 46185734144.00 46278443008.00 46370529280.00 46464299008.00 46557057024.00 46649241600.00 
46708781056.00 46837833728.00 46929936384.00 47023132672.00 47115010048.00 47208087552.00 47301099520.00 47393783808.00 47487172608.00 47579680768.00 47672197120.00 47765766144.00 47856562176.00 47951941632.00 48044449792.00 48137089024.00 48229531648.00 48322826240.00 48416452608.00 48509198336.00 
48599396352.00 48694747136.00 48788541440.00 48880783360.00 48973590528.00 49065046016.00 49159462912.00 49252757504.00 49344430080.00 49438334976.00 49530593280.00 49624416256.00 49716723712.00 49808908288.00 49903509504.00 49995902976.00 50088439808.00 50181926912.00 50274533376.00 50367131648.00 
50459242496.00 50553679872.00 50646372352.00 50739507200.00 50830114816.00 50924625920.00 51018473472.00 51110481920.00 51204157440.00 51295281152.00 51386458112.00 51482750976.00 51575623680.00 51669053440.00 51761586176.00 51854094336.00 51947376640.00 52040687616.00 52132937728.00 52226105344.00 
52313690112.00 52412133376.00 52505206784.00 52597972992.00 52690464768.00 52783398912.00 52876275712.00 52969394176.00 53061652480.00 53154758656.00 53246640128.00 53337088000.00 53437464576.00 53528289280.00 53620891648.00 53711929344.00 53804253184.00 53899485184.00 53992071168.00 54085300224.00 
54176645120.00 54270484480.00 54363783168.00 54456983552.00 54549200896.00 54642184192.00 54735626240.00 54828249088.00 54920871936.00 55014318080.00 55106396160.00 55200108544.00 55291863040.00 55386226688.00 55478779904.00 55571374080.00 55664537600.00 55756279808.00 55850336256.00 55943233536.00 
56022487040.00 56129400832.00 56222121984.00 56315133952.00 56407945216.00 56500633600.00 56592535552.00 56686641152.00 56777588736.00 56873046016.00 56964947968.00 57058578432.00 57151172608.00 57244319744.00 57337036800.00 57428684800.00 57523552256.00 57616470016.00 57709215744.00 57801904128.00 
57893744640.00 57987596288.00 58080604160.00 58173874176.00 58265571328.00 58350940160.00 58452594688.00 58545381376.00 58638184448.00 58731323392.00 58823548928.00 58916827136.00 59010129920.00 59103395840.00 59195850752.00 59288846336.00 59381518336.00 59474608128.00 59567538176.00 59660472320.00 
59742380032.00 59846451200.00 59939880960.00 60032397312.00 60124893184.00 60217356288.00 60311040000.00 60403773440.00 60496371712.00 60589916160.00 60679335936.00 60775350272.00 60868423680.00 60960993280.00 61054517248.00 61147107328.00 61239218176.00 61332770816.00 61425827840.00 61518704640.00 
61610500096.00 61704675328.00 61797326848.00 61890387968.00 61982478336.00 62075031552.00 62165815296.00 62270283776.00 62357278720.00 62449655808.00 62541496320.00 62634860544.00 62725484544.00 62820601856.00 62913449984.00 63004557312.00 63098777600.00 63192322048.00 63285657600.00 63377879040.00 
63468138496.00 63563927552.00 63656574976.00 63750279168.00 63842275328.00 63935111168.00 64028499968.00 64121323520.00 64213053440.00 64307429376.00 64399671296.00 64493232128.00 64585715712.00 64678813696.00 64771604480.00 64864215040.00 64957513728.00 65050787840.00 65143701504.00 65236180992.00 
65322299392.00 65422086144.00 65515163648.00 65608019968.00 65698713600.00 65793449984.00 65889452032.00 65980145664.00 66072752128.00 66165809152.00 66257956864.00 66351169536.00 66443984896.00 66537369600.00 66629931008.00 66723045376.00 66815938560.00 66909442048.00 67003019264.00 67094876160.00 
67182317568.00 67280629760.00 67373621248.00 67466506240.00 67559309312.00 67650621440.00 67744829440.00 67835600896.00 67931725824.00 68024496128.00 68116697088.00 68210233344.00 68302811136.00 68396097536.00 68489007104.00 68581564416.00 68672577536.00 68768120832.00 68860411904.00 68953251840.00 
69045018624.00 69139775488.00 69232238592.00 69325094912.00 69417426944.00 69510766592.00 69603975168.00 69697118208.00 69789630464.00 69882109952.00 69958320128.00 70069002240.00 70160678912.00 70254714880.00 70347489280.00 70440214528.00 70533013504.00 70626533376.00 70719143936.00 70812139520.00 
70902259712.00 70997909504.00 71092928512.00 71183368192.00 71276322816.00 71369392128.00 71463403520.00 71555391488.00 71646232576.00 71740792832.00 71833780224.00 71927136256.00 72020156416.00 72112939008.00 72205426688.00 72297324544.00 72391213056.00 72484782080.00 72577867776.00 72670568448.00 
72762097664.00 72856199168.00 72949301248.00 73042337792.00 73134096384.00 73227714560.00 73320996864.00 73414008832.00 73506701312.00 73599836160.00 73691922432.00 73785532416.00 73877807104.00 73971089408.00 74063937536.00 74156556288.00 74249289728.00 74342309888.00 74434437120.00 74525630464.00 
74566574080.00 74718715904.00 74809753600.00 74902044672.00 74994475008.00 75087101952.00 75180425216.00 75272855552.00 75365498880.00 75459837952.00 75551031296.00 75644968960.00 75737276416.00 75829788672.00 75923275776.00 76016107520.00 76108120064.00 76202139648.00 76294864896.00 76388016128.00 
76479348736.00 76573704192.00 76666822656.00 76759572480.00 76852256768.00 76943843328.00 77038264320.00 77130891264.00 77224198144.00 77317120000.00 77409525760.00 77503037440.00 77593845760.00 77688381440.00 77781942272.00 77874446336.00 77967491072.00 78060412928.00 78153424896.00 78246461440.00 
78336573440.00 78432124928.00 78522695680.00 78618411008.00 78710898688.00 78803599360.00 78896775168.00 78989705216.00 79081734144.00 79175901184.00 79265251328.00 79360999424.00 79454380032.00 79547342848.00 79640256512.00 79732932608.00 79825461248.00 79915941888.00 80012320768.00 80105078784.00 
80196665344.00 80291012608.00 80383672320.00 80476782592.00 80567476224.00 80662822912.00 80755761152.00 80848838656.00 80941195264.00 81033977856.00 81126875136.00 81220214784.00 81312653312.00 81406001152.00 81498955776.00 81583013888.00 81684676608.00 81777278976.00 81869496320.00 81963696128.00 
82051006464.00 82149343232.00 82242158592.00 82335014912.00 82428010496.00 82520809472.00 82613878784.00 82706464768.00 82798329856.00 82903015424.00 82986156032.00 83079585792.00 83171852288.00 83264905216.00 83357564928.00 83450281984.00 83541327872.00 83636338688.00 83730137088.00 83822288896.00 
83908255744.00 84008173568.00 84101046272.00 84193665024.00 84286480384.00 84379566080.00 84472676352.00 84565557248.00 84658323456.00 84749328384.00 84843896832.00 84937375744.00 85029142528.00 85123039232.00 85215780864.00 85308702720.00 85401657344.00 85495275520.00 85587140608.00 85680840704.00 
85770797056.00 85866446848.00 85958975488.00 86045392896.00 86145794048.00 86236913664.00 86331375616.00 86424305664.00 86514900992.00 86610018304.00 86702333952.00 86795780096.00 86888357888.00 86981361664.00 87074627584.00 87167115264.00 87259856896.00 87353548800.00 87446134784.00 87539113984.00 
87630594048.00 87723515904.00 87818338304.00 87911055360.00 88003035136.00 88096571392.00 88189763584.00 88282906624.00 88375590912.00 88468234240.00 88558116864.00 88654323712.00 88746409984.00 88840716288.00 88933236736.00 89025748992.00 89118924800.00 89212026880.00 89304924160.00 89397837824.00 
89479651328.00 89583738880.00 89675972608.00 89770401792.00 89862316032.00 89955024896.00 90048454656.00 90141048832.00 90233634816.00 90327048192.00 90419666944.00 90512998400.00 90605715456.00 90701266944.00 90791682048.00 90882981888.00 90976591872.00 91070406656.00 91163459584.00 91255922688.00 
91347836928.00 91441856512.00 91534934016.00 91628019712.00 91720433664.00 91813462016.00 91906719744.00 91998552064.00 92092260352.00 92185214976.00 92277604352.00 92371247104.00 92461891584.00 92556656640.00 92649496576.00 92742008832.00 92834709504.00 92927582208.00 93019176960.00 93109313536.00 
93138321408.00 93306732544.00 93396582400.00 93488758784.00 93580984320.00 93673357312.00 93766582272.00 93859782656.00 93951057920.00 94044225536.00 94137155584.00 94231642112.00 94323089408.00 94416732160.00 94509137920.00 94602158080.00 94694924288.00 94788542464.00 94880882688.00 94973919232.00 
95065473024.00 95159525376.00 95252627456.00 95345393664.00 95436390400.00 95529705472.00 95624298496.00 95716761600.00 95809904640.00 95903326208.00 95995437056.00 96089014272.00 96181116928.00 96275013632.00 96367427584.00 96460423168.00 96553508864.00 96643072000.00 96739467264.00 96832692224.00 
96919789568.00 97018134528.00 97110646784.00 97203707904.00 97297113088.00 97389649920.00 97482637312.00 97575821312.00 97668227072.00 97761558528.00 97851006976.00 97947418624.00 98039857152.00 98133811200.00 98226225152.00 98319122432.00 98410045440.00 98505490432.00 98597822464.00 98691129344.00 
98782420992.00 98876579840.00 98969690112.00 99062538240.00 99154903040.00 99247980544.00 99340664832.00 99435380736.00 99527172096.00 99620397056.00 99712606208.00 99806044160.00 99897786368.00 99991715840.00 100084785152.00 100176044032.00 100270350336.00 100365393920.00 100456218624.00 100549459968.00 
100639514624.00 100734500864.00 100828266496.00 100921016320.00 101013692416.00 101106679808.00 101199847424.00 101292900352.00 101383430144.00 101477949440.00 101570338816.00 101672927232.00 101757927424.00 101850537984.00 101943115776.00 102036168704.00 102128902144.00 102222249984.00 102314205184.00 102408077312.00 
102494011392.00 102593937408.00 102686580736.00 102779559936.00 102871826432.00 102965379072.00 103058571264.00 103151435776.00 103244161024.00 103337205760.00 103429275648.00 103520583680.00 103615840256.00 103708934144.00 103802036224.00 103894581248.00 103987585024.00 104080752640.00 104173379584.00 104266612736.00 
104348303360.00 104452472832.00 104545468416.00 104638332928.00 104731156480.00 104815484928.00 104917065728.00 105009979392.00 105102049280.00 105195700224.00 105288007680.00 105381666816.00 105473957888.00 105567330304.00 105660252160.00 105752887296.00 105845055488.00 105939042304.00 106031824896.00 106124705792.00 
106216095744.00 106310189056.00 106401685504.00 106509991936.00 106590961664.00 106683342848.00 106776174592.00 106868883456.00 106961682432.00 107054653440.00 107144019968.00 107240505344.00 107331166208.00 107426283520.00 107519467520.00 107611758592.00 107704901632.00 107797839872.00 107891400704.00 107983765504.00 
108073943040.00 108169699328.00 108262400000.00 108355846144.00 108448276480.00 108540870656.00 108634161152.00 108727623680.00 108819111936.00 108912959488.00 109005266944.00 109099147264.00 109191634944.00 109284794368.00 109377642496.00 109468721152.00 109562413056.00 109656965120.00 109749649408.00 109842554880.00 
109933936640.00 110028185600.00 110121418752.00 110213750784.00 110304837632.00 110398963712.00 110492811264.00 110585929728.00 110678482944.00 110771281920.00 110863917056.00 110957223936.00 111049859072.00 111144828928.00 111235375104.00 111328845824.00 111421759488.00 111514828800.00 111607521280.00 111700000768.00 
111765856256.00 111887613952.00 111980126208.00 112072253440.00 112165388288.00 112258170880.00 112351420416.00 112444350464.00 112536739840.00 112629907456.00 112722493440.00 112815153152.00 112908124160.00 113002160128.00 113094647808.00 113187569664.00 113278476288.00 113373085696.00 113466810368.00 113559420928.00 
113651064832.00 113745002496.00 113837965312.00 113931091968.00 114023563264.00 114115272704.00 114209931264.00 114303205376.00 114395430912.00 114488557568.00 114580365312.00 114676948992.00 114766921728.00 114860539904.00 114953314304.00 115046031360.00 115139018752.00 115232235520.00 115324493824.00 115418136576.00 
115508117504.00 115603865600.00 115696697344.00 115789832192.00 115882270720.00 115975258112.00 116068655104.00 116161224704.00 116252033024.00 116346994688.00 116422754304.00 116533452800.00 116626202624.00 116718018560.00 116811882496.00 116904968192.00 116997193728.00 117090205696.00 117183586304.00 117276598272.00 
117368209408.00 117462384640.00 117555134464.00 117646770176.00 117740437504.00 117834063872.00 117927190528.00 118020194304.00 118112583680.00 118206038016.00 118298271744.00 118391414784.00 118483910656.00 118578233344.00 118670516224.00 118761865216.00 118856212480.00 118949666816.00 119042097152.00 119135338496.00 
119216939008.00 119321067520.00 119413587968.00 119505051648.00 119599800320.00 119692378112.00 119785832448.00 119878565888.00 119970693120.00 120064106496.00 120156405760.00 120249794560.00 120342994944.00 120436203520.00 120528412672.00 120621801472.00 120713789440.00 120807456768.00 120900345856.00 120993660928.00 
121079635968.00 121179537408.00 121272131584.00 121365086208.00 121457647616.00 121550798848.00 121643556864.00 121736904704.00 121829834752.00 121922469888.00 122015047680.00 122108690432.00 122199302144.00 122294599680.00 122387120128.00 122479845376.00 122572849152.00 122666098688.00 122758815744.00 122852106240.00 
122941906944.00 123037483008.00 123130281984.00 123223425024.00 123315904512.00 123407196160.00 123501543424.00 123594219520.00 123685896192.00 123779571712.00 123870961664.00 123963187200.00 124052643840.00 124122529792.00 124261597184.00 124345073664.00 124435628032.00 124527837184.00 124620152832.00 124712648704.00 
124804038656.00 124898181120.00 124990693376.00 125083762688.00 125174341632.00 125269065728.00 125362085888.00 125455376384.00 125547831296.00 125640859648.00 125730316288.00 125827104768.00 125919027200.00 126012825600.00 126105296896.00 126198079488.00 126291247104.00 126383931392.00 126476861440.00 126570086400.00 
126657429504.00 126756126720.00 126848557056.00 126941683712.00 127034269696.00 127127191552.00 127220596736.00 127313207296.00 127405654016.00 127499321344.00 127591481344.00 127684911104.00 127777865728.00 127871033344.00 127963537408.00 128047857664.00 128147292160.00 128242098176.00 128335503360.00 128428105728.00 
128520036352.00 128614359040.00 128707321856.00 128800145408.00 128892264448.00 128985939968.00 129078804480.00 129172029440.00 129264500736.00 129357864960.00 129449844736.00 129542881280.00 129635467264.00 129729306624.00 129822375936.00 129914642432.00 130007949312.00 130101051392.00 130193670144.00 130286632960.00 
130365784064.00 130472558592.00 130565693440.00 130658803712.00 130751356928.00 130844016640.00 130937446400.00 131030261760.00 131120971776.00 131215794176.00 131308371968.00 131401531392.00 131496017920.00 131587858432.00 131680862208.00 131773497344.00 131866124288.00 131959595008.00 132052557824.00 132145184768.00 
132237123584.00 132330897408.00 132424040448.00 132517060608.00 132608966656.00 132701224960.00 132795785216.00 132888502272.00 132980768768.00 133075779584.00 133167136768.00 133260632064.00 133353103360.00 133446516736.00 133540151296.00 133632016384.00 133725437952.00 133818261504.00 133910880256.00 134003818496.00 
134085820416.00 134190456832.00 134282584064.00 134375432192.00 134468427776.00 134561218560.00 134654181376.00 134747471872.00 134839738368.00 134933250048.00 135022641152.00 135119323136.00 135211581440.00 135304568832.00 135396474880.00 135492026368.00 135583039488.00 135677075456.00 135769694208.00 135862640640.00 
135954219008.00 136048623616.00 136141168640.00 136234057728.00 136326668288.00 136419827712.00 136512733184.00 136606203904.00 136698748928.00 136791859200.00 136883896320.00 136977719296.00 137068240896.00 137163243520.00 137257148416.00 137347858432.00 137442115584.00 137535422464.00 137627910144.00 137721856000.00 
137811312640.00 137906733056.00 137999859712.00 138092937216.00 138185474048.00 138278338560.00 138371727360.00 138464411648.00 138556309504.00 138650189824.00 138742513664.00 138836164608.00 138928963584.00 139021811712.00 139115479040.00 139207458816.00 139300110336.00 139393449984.00 139485904896.00 139578425344.00 
139637882880.00 139767054336.00 139858984960.00 139951800320.00 140042469376.00 140137250816.00 140230410240.00 140323422208.00 140415909888.00 140509200384.00 140601327616.00 140694519808.00 140787318784.00 140880510976.00 140973637632.00 141066289152.00 141159251968.00 141251985408.00 141345406976.00 141439418368.00 
141525794816.00 141624180736.00 141716996096.00 141809795072.00 141903675392.00 141994213376.00 142088339456.00 142181564416.00 142274166784.00 142367342592.00 142459912192.00 142553776128.00 142646542336.00 142739292160.00 142832123904.00 142924906496.00 143015755776.00 143110864896.00 143202795520.00 143297708032.00 
143388688384.00 143483125760.00 143575646208.00 143668936704.00 143760932864.00 143854206976.00 143946956800.00 144040181760.00 144132734976.00 144226041856.00 144315662336.00 144410165248.00 144503848960.00 144597893120.00 144690561024.00 144782852096.00 144876945408.00 144969711616.00 145062428672.00 145155588096.00 
145245470720.00 145343414272.00 145434165248.00 145527046144.00 145619550208.00 145712021504.00 145806000128.00 145897832448.00 145989730304.00 146084757504.00 146176851968.00 146270633984.00 146363449344.00 146456182784.00 146549047296.00 146640551936.00 146734907392.00 146828001280.00 146921259008.00 147015008256.00 
147105464320.00 147199623168.00 147292553216.00 147385516032.00 147477413888.00 147571376128.00 147664191488.00 147757121536.00 147849838592.00 147942588416.00 148035305472.00 148128874496.00 148221050880.00 148314701824.00 148407599104.00 148499890176.00 148592721920.00 148685488128.00 148777746432.00 148868874240.00 
148909948928.00 149062205440.00 149153005568.00 149245755392.00 149337980928.00 149430452224.00 149523496960.00 149616443392.00 149708849152.00 149802401792.00 149894512640.00 149987819520.00 150081077248.00 150174220288.00 150266003456.00 150359277568.00 150451568640.00 150543581184.00 150638723072.00 150730326016.00 
150822731776.00 150917120000.00 151010164736.00 151102783488.00 151195303936.00 151279960064.00 151381327872.00 151474552832.00 151567548416.00 151660560384.00 151752998912.00 151846322176.00 151936958464.00 152032329728.00 152125128704.00 152217534464.00 152310267904.00 152404230144.00 152496717824.00 152589811712.00 
152679890944.00 152773214208.00 152868323328.00 152961449984.00 153054216192.00 153146949632.00 153239994368.00 153327927296.00 153425510400.00 153519423488.00 153608683520.00 153704775680.00 153797541888.00 153890865152.00 153983533056.00 154075660288.00 154168983552.00 154262323200.00 154355220480.00 154448592896.00 
154540048384.00 154633895936.00 154727170048.00 154819985408.00 154910851072.00 155005206528.00 155097759744.00 155193868288.00 155285143552.00 155377827840.00 155469873152.00 155563655168.00 155655815168.00 155748958208.00 155841921024.00 155933671424.00 156027846656.00 156120989696.00 156214067200.00 156305702912.00 
156394225664.00 156492709888.00 156585771008.00 156678635520.00 156770058240.00 156864430080.00 156957360128.00 157050241024.00 157142810624.00 157236396032.00 157328441344.00 157421748224.00 157514481664.00 157607985152.00 157700734976.00 157793648640.00 157884612608.00 157982507008.00 158072504320.00 158165794816.00 
158251466752.00 158351310848.00 158443880448.00 158537449472.00 158629691392.00 158722785280.00 158815764480.00 158908088320.00 159001346048.00 159094489088.00 159186747392.00 159280267264.00 159371706368.00 159465046016.00 159552913408.00 159654723584.00 159746080768.00 159838666752.00 159931547648.00 160023756800.00 
160114425856.00 160210190336.00 160302940160.00 160395657216.00 160488407040.00 160579796992.00 160674496512.00 160767508480.00 160858259456.00 160953335808.00 161046151168.00 161139736576.00 161231962112.00 161325023232.00 161418264576.00 161510899712.00 161603567616.00 161696694272.00 161789476864.00 161881145344.00 
161974370304.00 162068316160.00 162161590272.00 162254209024.00 162346352640.00 162440118272.00 162532868096.00 162625945600.00 162718793728.00 162811658240.00 162887221248.00 162997878784.00 163090415616.00 163183804416.00 163276341248.00 163369091072.00 163461758976.00 163554492416.00 163648372736.00 163741106176.00 
163822977024.00 163926654976.00 164019945472.00 164112859136.00 164205527040.00 164298686464.00 164391763968.00 164484694016.00 164577050624.00 164670406656.00 164762730496.00 164856889344.00 164949000192.00 165042372608.00 165134761984.00 165225873408.00 165319393280.00 165412519936.00 165511823360.00 165600624640.00 
165691883520.00 165786075136.00 165878759424.00 165971673088.00 166064259072.00 166157025280.00 166250217472.00 166343393280.00 166435979264.00 166529138688.00 166621364224.00 166714540032.00 166805782528.00 166899908608.00 166993592320.00 167086391296.00 167179747328.00 167272333312.00 167365492736.00 167458160640.00 
167537491968.00 167644561408.00 167737163776.00 167830110208.00 167923154944.00 168015609856.00 168108752896.00 168201994240.00 168293777408.00 168387526656.00 168479997952.00 168573386752.00 168666382336.00 168759246848.00 168852144128.00 168944861184.00 169037316096.00 169130541056.00 169219588096.00 169317679104.00 
169408757760.00 169503096832.00 169595944960.00 169688645632.00 169779396608.00 169872637952.00 169967009792.00 170060349440.00 170153213952.00 170246717440.00 170338385920.00 170432249856.00 170524426240.00 170617618432.00 170711302144.00 170803593216.00 170896326656.00 170989813760.00 171082825728.00 171175641088.00 
171262787584.00 171361124352.00 171454152704.00 171546820608.00 171639750656.00 171732271104.00 171822514176.00 171919638528.00 172011552768.00 172105007104.00 172194480128.00 172290605056.00 172383584256.00 172476366848.00 172569575424.00 172661833728.00 172752928768.00 172847349760.00 172941049856.00 173034094592.00 
173125664768.00 173220020224.00 173312425984.00 173404520448.00 173498138624.00 173590970368.00 173683867648.00 173778567168.00 173870530560.00 173964099584.00 174055555072.00 174149894144.00 174241071104.00 174335066112.00 174427865088.00 174512259072.00 174613446656.00 174706786304.00 174799699968.00 174892302336.00 
174982791168.00 175078408192.00 175170732032.00 175264923648.00 175357149184.00 175449784320.00 175542894592.00 175636086784.00 175726903296.00 175822684160.00 175914090496.00 176007970816.00 176100573184.00 176193191936.00 176286334976.00 176380084224.00 176472211456.00 176565354496.00 176657956864.00 176752050176.00 
176837378048.00 176938123264.00 177030053888.00 177122689024.00 177214472192.00 177309188096.00 177401839616.00 177495080960.00 177587224576.00 177679826944.00 177772642304.00 177866309632.00 177958666240.00 178048204800.00 178145247232.00 178237964288.00 178330894336.00 178424004608.00 178516672512.00 178609471488.00 
178691571712.00 178795528192.00 178888163328.00 178980847616.00 179073875968.00 179165396992.00 179261964288.00 179352633344.00 179445530624.00 179538968576.00 179631341568.00 179721682944.00 179817742336.00 179910426624.00 180003291136.00 180096040960.00 180188545024.00 180282294272.00 180375224320.00 180467957760.00 
180559888384.00 180653981696.00 180746813440.00 180840398848.00 180932460544.00 181025538048.00 181119647744.00 181211480064.00 181304229888.00 181397520384.00 181486862336.00 181583036416.00 181674016768.00 181768814592.00 181861695488.00 181954592768.00 182047653888.00 182141075456.00 182233497600.00 182326329344.00 
182416736256.00 182512353280.00 182605185024.00 182698393600.00 182790963200.00 182883893248.00 182976905216.00 183070228480.00 183161733120.00 183255810048.00 183347904512.00 183440080896.00 183534419968.00 183627153408.00 183719788544.00 183811194880.00 183905599488.00 183997825024.00 184091279360.00 184184913920.00 
184276418560.00 184370528256.00 184463671296.00 184555880448.00 184646746112.00 184741576704.00 184834179072.00 184927567872.00 185019891712.00 185112936448.00 185204752384.00 185298321408.00 185390153728.00 185483378688.00 185575735296.00 185667649536.00 185759465472.00 185850576896.00 185939640320.00 186020986880.00 
185997295616.00 186253230080.00 186334625792.00 186423607296.00 186514472960.00 186606157824.00 186698661888.00 186790920192.00 186883031040.00 186975879168.00 187068203008.00 187161444352.00 187253915648.00 187347025920.00 187439841280.00 187532279808.00 187623407616.00 187718598656.00 187810824192.00 187903967232.00 
187995635712.00 188089696256.00 188182921216.00 188276424704.00 188367863808.00 188459384832.00 188554592256.00 188646948864.00 188739469312.00 188834299904.00 188925280256.00 189018505216.00 189110845440.00 189204529152.00 189297606656.00 189389864960.00 189483171840.00 189575987200.00 189669277696.00 189761896448.00 
189852008448.00 189947854848.00 190040719360.00 190133600256.00 190226268160.00 190319067136.00 190412177408.00 190505435136.00 190596202496.00 190691442688.00 190780538880.00 190876876800.00 190969757696.00 191062736896.00 191154618368.00 191248334848.00 191340937216.00 191434096640.00 191527469056.00 191620497408.00 
191712002048.00 191806652416.00 191899271168.00 191992168448.00 192083591168.00 192177815552.00 192270843904.00 192363855872.00 192456294400.00 192552845312.00 192641941504.00 192735346688.00 192828145664.00 192921960448.00 193012416512.00 193105625088.00 193200095232.00 193293549568.00 193385791488.00 193478803456.00 
193560952832.00 193665236992.00 193757626368.00 193850376192.00 193942978560.00 194035875840.00 194129051648.00 194226208768.00 194314928128.00 194408153088.00 194500509696.00 194594406400.00 194686550016.00 194779234304.00 194872475648.00 194964406272.00 195057729536.00 195151626240.00 195244195840.00 195336667136.00 
195423404032.00 195522347008.00 195616112640.00 195708944384.00 195801595904.00 195893886976.00 195987701760.00 196081074176.00 196173283328.00 196266409984.00 196358914048.00 196451844096.00 196543447040.00 196638507008.00 196731289600.00 196823842816.00 196916822016.00 197009686528.00 197103566848.00 197195907072.00 
197286035456.00 197381898240.00 197474484224.00 197567479808.00 197660459008.00 197744771072.00 197846482944.00 197939658752.00 198031147008.00 198124503040.00 198217367552.00 198310428672.00 198403588096.00 198495748096.00 198590234624.00 198682492928.00 198775341056.00 198870007808.00 198961725440.00 199054344192.00 
199146291200.00 199240237056.00 199333216256.00 199426998272.00 199516913664.00 199611957248.00 199704739840.00 199797768192.00 199890452480.00 199983775744.00 200073068544.00 200169422848.00 200262057984.00 200355004416.00 200451866624.00 200541454336.00 200634105856.00 200727445504.00 200820228096.00 200913420288.00 
201000386560.00 201099001856.00 201191374848.00 201284763648.00 201377759232.00 201470312448.00 201563193344.00 201656795136.00 201749086208.00 201842016256.00 201934635008.00 202027679744.00 202121035776.00 202213752832.00 202307174400.00 202398023680.00 202490396672.00 202585505792.00 202678091776.00 202771398656.00 
202863017984.00 202956521472.00 203054366720.00 203143725056.00 203236048896.00 203329175552.00 203421974528.00 203515297792.00 203607490560.00 203701026816.00 203793039360.00 203886886912.00 203978473472.00 204072288256.00 204165578752.00 204258197504.00 204350947328.00 204444205056.00 204537036800.00 204629999616.00 
204709134336.00 204816056320.00 204908740608.00 205001785344.00 205094060032.00 205187219456.00 205280575488.00 205374750720.00 205464420352.00 205559545856.00 205651542016.00 205745012736.00 205838024704.00 205931266048.00 206024015872.00 206116618240.00 206209318912.00 206302822400.00 206395342848.00 206488748032.00 
206579810304.00 206673838080.00 206762278912.00 206861713408.00 206952873984.00 207044902912.00 207139684352.00 207232122880.00 207324872704.00 207417589760.00 207510355968.00 207603761152.00 207696347136.00 207789752320.00 207882797056.00 207975088128.00 208068575232.00 208161619968.00 208254353408.00 208347545600.00 
208429088768.00 208533127168.00 208626139136.00 208719659008.00 208812113920.00 208904273920.00 208997842944.00 209090396160.00 209183096832.00 209276633088.00 209352179712.00 209462460416.00 209555619840.00 209648500736.00 209741299712.00 209833852928.00 209925849088.00 210020122624.00 210112462848.00 210206081024.00 
210297159680.00 210393038848.00 210484756480.00 210577981440.00 210669862912.00 210763104256.00 210856067072.00 210949160960.00 211041599488.00 211134447616.00 211227017216.00 211320963072.00 211411779584.00 211506839552.00 211599736832.00 211690946560.00 211785367552.00 211878707200.00 211971440640.00 212064239616.00 
212154269696.00 212250378240.00 212342915072.00 212435386368.00 212527939584.00 212619247616.00 212721434624.00 212809367552.00 212900610048.00 212993998848.00 213086404608.00 213179826176.00 213272690688.00 213366046720.00 213458321408.00 213550923776.00 213643804672.00 213737275392.00 213830205440.00 213922955264.00 
214008840192.00 214108635136.00 214201417728.00 214292070400.00 214385426432.00 214479814656.00 214573694976.00 214666461184.00 214759899136.00 214852567040.00 214944645120.00 215037952000.00 215130734592.00 215224385536.00 215316905984.00 215409508352.00 215503896576.00 215595630592.00 215688593408.00 215781752832.00 
215869325312.00 215968464896.00 216060510208.00 216153440256.00 216246124544.00 216337727488.00 216432246784.00 216525291520.00 216617598976.00 216710725632.00 216803033088.00 216896602112.00 216989024256.00 217080643584.00 217176735744.00 217268469760.00 217359417344.00 217454542848.00 217547063296.00 217640681472.00 
217731743744.00 217825918976.00 217919258624.00 218012008448.00 218104217600.00 218197819392.00 218290831360.00 218383335424.00 218476658688.00 218569457664.00 218659078144.00 218755219456.00 218846904320.00 218946404352.00 219034451968.00 219126857728.00 219220000768.00 219312635904.00 219405844480.00 219500953600.00 
219589017600.00 219684569088.00 219777400832.00 219870347264.00 219963817984.00 220056256512.00 220149071872.00 220242477056.00 220332900352.00 220427943936.00 220519890944.00 220613574656.00 220706635776.00 220799762432.00 220892823552.00 220976971776.00 221077929984.00 221171679232.00 221264150528.00 221357342720.00 
221448912896.00 221543989248.00 221635624960.00 221730914304.00 221820813312.00 221914578944.00 222008541184.00 222100160512.00 222192959488.00 222286495744.00 222378672128.00 222472470528.00 222564728832.00 222657708032.00 222750883840.00 222843322368.00 222936170496.00 223028543488.00 223120916480.00 223212208128.00 
223253168128.00 223405457408.00 223496503296.00 223588581376.00 223681462272.00 223773900800.00 223866814464.00 223959891968.00 224052035584.00 224145391616.00 224237649920.00 224331513856.00 224424181760.00 224517292032.00 224610107392.00 224702496768.00 224794755072.00 224888864768.00 224981647360.00 225074675712.00 
225166163968.00 225259307008.00 225352695808.00 225446412288.00 225538260992.00 225630552064.00 225725087744.00 225818574848.00 225910620160.00 226003894272.00 226096267264.00 226189475840.00 226280488960.00 226376384512.00 226468380672.00 226561785856.00 226654355456.00 226747383808.00 226840100864.00 226931179520.00 
227023470592.00 227119153152.00 227211591680.00 227304964096.00 227397206016.00 227490709504.00 227583541248.00 227676274688.00 227768270848.00 227864444928.00 227951738880.00 228048240640.00 228141252608.00 228234018816.00 228326866944.00 228419780608.00 228512251904.00 228605476864.00 228698750976.00 228791189504.00 
228882939904.00 228976640000.00 229071618048.00 229163679744.00 229254250496.00 229349048320.00 229442109440.00 229535088640.00 229627543552.00 229721079808.00 229813010432.00 229907185664.00 229999165440.00 230092898304.00 230185648128.00 230276317184.00 230370213888.00 230464684032.00 230557417472.00 230650396672.00 
230737543168.00 230834651136.00 230928908288.00 231022313472.00 231114833920.00 231207665664.00 231300546560.00 231393837056.00 231485816832.00 231579926528.00 231671513088.00 231765278720.00 231858094080.00 231951187968.00 232043888640.00 232136507392.00 232227733504.00 232322695168.00 232415232000.00 232507441152.00 
232566882304.00 232695906304.00 232788393984.00 232881012736.00 232973500416.00 233066037248.00 233159163904.00 233252618240.00 233345286144.00 233438412800.00 233530523648.00 233624109056.00 233715695616.00 233809903616.00 233902473216.00 233995649024.00 234088366080.00 234181689344.00 234274439168.00 234367696896.00 
234457808896.00 234552705024.00 234646306816.00 234738810880.00 234831953920.00 234923393024.00 235017125888.00 235111055360.00 235201691648.00 235296653312.00 235388928000.00 235482415104.00 235575296000.00 235668242432.00 235761418240.00 235853938688.00 235946704896.00 236040421376.00 236132712448.00 236225953792.00 
236317376512.00 236411617280.00 236504530944.00 236597018624.00 236689113088.00 236781617152.00 236877676544.00 236969738240.00 237062733824.00 237154811904.00 237244956672.00 237341278208.00 237433782272.00 237527154688.00 237619986432.00 237712539648.00 237805633536.00 237898940416.00 237991739392.00 238084096000.00 
238166294528.00 238270709760.00 238363279360.00 238456143872.00 238548205568.00 238641922048.00 238733934592.00 238827864064.00 238920417280.00 239013380096.00 239106048000.00 239198699520.00 239293169664.00 239385575424.00 239478587392.00 239569666048.00 239663235072.00 239757262848.00 239850176512.00 239943434240.00 
240034643968.00 240129130496.00 240221405184.00 240315105280.00 240407183360.00 240500686848.00 240593485824.00 240686596096.00 240778215424.00 240873144320.00 240965074944.00 241058562048.00 241149149184.00 241244012544.00 241336942592.00 241429757952.00 241522589696.00 241615339520.00 241708826624.00 241801625600.00 
241880530944.00 241987862528.00 242080464896.00 242173444096.00 242265931776.00 242359140352.00 242451595264.00 242545033216.00 242636914688.00 242731499520.00 242822922240.00 242916655104.00 243009306624.00 243102433280.00 243195559936.00 243287982080.00 243381256192.00 243474366464.00 243566903296.00 243659915264.00 
243751632896.00 243846496256.00 243938885632.00 244032421888.00 244122763264.00 244209139712.00 244310638592.00 244403503104.00 244496039936.00 244589330432.00 244681605120.00 244775223296.00 244867497984.00 244961181696.00 245053702144.00 245146632192.00 245239529472.00 245332918272.00 245425881088.00 245518532608.00 
245605957632.00 245704179712.00 245797224448.00 245890482176.00 245982724096.00 246075621376.00 246168748032.00 246261612544.00 246354608128.00 246446915584.00 246537224192.00 246633381888.00 246726230016.00 246819274752.00 246912073728.00 247004708864.00 247095885824.00 247190814720.00 247283482624.00 247376134144.00 
247467573248.00 247561617408.00 247653761024.00 247746625536.00 247837720576.00 247928340480.00 248012668928.00 248151834624.00 248221450240.00 248311185408.00 248402198528.00 248494997504.00 248586567680.00 248680103936.00 248772526080.00 248863686656.00 248958255104.00 249051103232.00 249144049664.00 249236799488.00 
249327108096.00 249422577664.00 249515704320.00 249608519680.00 249700859904.00 249794232320.00 249887096832.00 249979486208.00 250070597632.00 250165837824.00 250258096128.00 250352058368.00 250444398592.00 250537426944.00 250630602752.00 250722877440.00 250815610880.00 250909065216.00 251001864192.00 251094810624.00 
251181039616.00 251280670720.00 251373748224.00 251466792960.00 251558379520.00 251652145152.00 251745894400.00 251838316544.00 251930836992.00 252024373248.00 252117024768.00 252210135040.00 252302475264.00 252395896832.00 252488515584.00 252581593088.00 252674015232.00 252769320960.00 252860841984.00 252953329664.00 
253035593728.00 253139222528.00 253232431104.00 253324705792.00 253417717760.00 253509058560.00 253603790848.00 253696032768.00 253789437952.00 253882875904.00 253975166976.00 254068359168.00 254161321984.00 254254415872.00 254347247616.00 254439866368.00 254531993600.00 254627659776.00 254719262720.00 254812045312.00 
254903910400.00 254998003712.00 255090475008.00 255184044032.00 255276072960.00 255369183232.00 255462490112.00 255556665344.00 255647907840.00 255740772352.00 255816613888.00 255927779328.00 256017694720.00 256113295360.00 256205701120.00 256298532864.00 256391626752.00 256484605952.00 256577667072.00 256670416896.00 
256760545280.00 256856244224.00 256949714944.00 257042382848.00 257135067136.00 257227784192.00 257321058304.00 257413824512.00 257505607680.00 257597538304.00 257692860416.00 257786101760.00 257878605824.00 257970765824.00 258064531456.00 258155593728.00 258249867264.00 258343321600.00 258436399104.00 258529411072.00 
258620669952.00 258714910720.00 258807267328.00 258901213184.00 258991554560.00 259086221312.00 259179331584.00 259272327168.00 259365814272.00 259459121152.00 259550691328.00 259644571648.00 259736436736.00 259829858304.00 259922788352.00 260015538176.00 260108500992.00 260202168320.00 260294262784.00 260386619392.00 
260452646912.00 260574085120.00 260666638336.00 260759633920.00 260852482048.00 260945264640.00 261038735360.00 261129420800.00 261223153664.00 261317246976.00 261409243136.00 261502812160.00 261595545600.00 261688377344.00 261781422080.00 261874860032.00 261965381632.00 262060605440.00 262152994816.00 262245892096.00 
262338035712.00 262431768576.00 262525009920.00 262617284608.00 262710935552.00 262802227200.00 262896500736.00 262989660160.00 263082426368.00 263175127040.00 263267778560.00 263361593344.00 263453048832.00 263547125760.00 263639875584.00 263733100544.00 263825768448.00 263918436352.00 264012021760.00 264105050112.00 
264194998272.00 264290467840.00 264382939136.00 264476622848.00 264568897536.00 264662007808.00 264754855936.00 264848293888.00 264938962944.00 265033629696.00 265123414016.00 265219588096.00 265312436224.00 265405399040.00 265498132480.00 265590734848.00 265682452480.00 265764093952.00 265872343040.00 265964175360.00 
266055467008.00 266149691392.00 266242424832.00 266335420416.00 266427498496.00 266520739840.00 266614013952.00 266706845696.00 266800300032.00 266892722176.00 266985324544.00 267078942720.00 267171282944.00 267264327680.00 267357536256.00 267441782784.00 267543019520.00 267636047872.00 267728781312.00 267821973504.00 
267903647744.00 268007653376.00 268101042176.00 268193841152.00 268286771200.00 268379176960.00 268472057856.00 268565446656.00 268657426432.00 268753518592.00 268843548672.00 268937134080.00 269029720064.00 269123059712.00 269215842304.00 269308313600.00 269400473600.00 269494927360.00 269587841024.00 269680607232.00 
269766590464.00 269866516480.00 269959725056.00 270051868672.00 270144356352.00 270237745152.00 270330953728.00 270423818240.00 270516240384.00 270601273344.00 270702624768.00 270796193792.00 270886699008.00 270981382144.00 271074508800.00 271167242240.00 271260237824.00 271353577472.00 271446163456.00 271539748864.00 
271629238272.00 271724986368.00 271818129408.00 271909060608.00 272003514368.00 272095002624.00 272189423616.00 272282681344.00 272374382592.00 272468279296.00 272560537600.00 272653926400.00 272746561536.00 272838901760.00 272933355520.00 273025957888.00 273118429184.00 273211949056.00 273304666112.00 273397612544.00 
273489330176.00 273583030272.00 273676468224.00 273768955904.00 273860018176.00 273954766848.00 274048057344.00 274140315648.00 274234064896.00 274327158784.00 274416386048.00 274512871424.00 274605047808.00 274698403840.00 274791514112.00 274884165632.00 274976768000.00 275070615552.00 275163676672.00 275256475648.00 
275343704064.00 275441745920.00 275534938112.00 275631308800.00 275720503296.00 275813203968.00 275906953216.00 275999358976.00 276091994112.00 276185415680.00 276277690368.00 276371013632.00 276464205824.00 276557889536.00 276649771008.00 276741423104.00 276833533952.00 276929019904.00 277021622272.00 277115076608.00 
277206204416.00 277300674560.00 277393440768.00 277485977600.00 277578776576.00 277671673856.00 277764931584.00 277857665024.00 277951021056.00 278042345472.00 278135668736.00 278230368256.00 278321332224.00 278414655488.00 278507651072.00 278600220672.00 278693085184.00 278785490944.00 278877765632.00 278967746560.00 
278996746240.00 279165108224.00 279255318528.00 279346839552.00 279439343616.00 279531913216.00 279624941568.00 279717838848.00 279808442368.00 279903240192.00 279995547648.00 280089460736.00 280181866496.00 280276172800.00 280367890432.00 280460427264.00 280553029632.00 280646385664.00 280739315712.00 280832507904.00 
280923865088.00 281018302464.00 281110839296.00 281203802112.00 281295814656.00 281387958272.00 281482592256.00 281573392384.00 281668321280.00 281761447936.00 281853558784.00 281947439104.00 282039648256.00 282133135360.00 282225803264.00 282318831616.00 282411696128.00 282503741440.00 282598047744.00 282690748416.00 
282772865024.00 282876805120.00 282969571328.00 283062468608.00 283155234816.00 283248033792.00 283341389824.00 283433697280.00 283526889472.00 283619950592.00 283709341696.00 283805810688.00 283898249216.00 283991506944.00 284084502528.00 284177006592.00 284269772800.00 284363292672.00 284456255488.00 284550660096.00 
284641001472.00 284735111168.00 284828139520.00 284920938496.00 285013671936.00 285106667520.00 285199826944.00 285292855296.00 285385457664.00 285478584320.00 285571121152.00 285664018432.00 285755015168.00 285850402816.00 285943070720.00 286034460672.00 286128340992.00 286228905984.00 286315118592.00 286408048640.00 
286498029568.00 286593449984.00 286687232000.00 286779015168.00 286872403968.00 286964940800.00 287058362368.00 287151390720.00 287243108352.00 287337283584.00 287429197824.00 287524978688.00 287615680512.00 287709134848.00 287801737216.00 287894405120.00 287987040256.00 288080691200.00 288172965888.00 288266027008.00 
288352567296.00 288452182016.00 288544030720.00 288638009344.00 288728809472.00 288823443456.00 288916897792.00 289009696768.00 289102233600.00 289194704896.00 289286815744.00 289371258880.00 289475100672.00 289568096256.00 289660338176.00 289753235456.00 289845936128.00 289939685376.00 290032156672.00 290125053952.00 
290212413440.00 290310651904.00 290404728832.00 290497200128.00 290589442048.00 290673754112.00 290775367680.00 290868133888.00 290960801792.00 291054387200.00 291146498048.00 291240181760.00 291332947968.00 291425681408.00 291518349312.00 291611148288.00 291702538240.00 291797303296.00 291890495488.00 291983228928.00 
292074979328.00 292169351168.00 292262215680.00 292358586368.00 292448174080.00 292541038592.00 292634132480.00 292726996992.00 292819632128.00 292913152000.00 293002477568.00 293098356736.00 293190434816.00 293285036032.00 293377605632.00 293470175232.00 293563367424.00 293655642112.00 293751160832.00 293842092032.00 
293932531712.00 294027886592.00 294120554496.00 294213943296.00 294306086912.00 294399180800.00 294492340224.00 294585892864.00 294675873792.00 294771130368.00 294863536128.00 294956793856.00 295049527296.00 295143571456.00 295235649536.00 295327170560.00 295421214720.00 295514898432.00 295607271424.00 295700267008.00 
295792279552.00 295886585856.00 295979646976.00 296072380416.00 296164032512.00 296257781760.00 296350941184.00 296444428288.00 296536768512.00 296629534720.00 296722268160.00 296814870528.00 296908062720.00 297001451520.00 297093988352.00 297186787328.00 297279553536.00 297372450816.00 297464561664.00 297555722240.00 
297596616704.00 297748922368.00 297839853568.00 297932062720.00 298024665088.00 298117398528.00 298210557952.00 298303488000.00 298395697152.00 298488987648.00 298581327872.00 298674749440.00 298767155200.00 298860478464.00 298952916992.00 299046141952.00 299138416640.00 299232296960.00 299325390848.00 299418419200.00 
299509743616.00 299603820544.00 299696488448.00 299789516800.00 299882250240.00 299973672960.00 300068929536.00 300161695744.00 300253806592.00 300347326464.00 300439535616.00 300534071296.00 300623888384.00 300718686208.00 300810960896.00 300904775680.00 300997705728.00 301091028992.00 301181272064.00 301276561408.00 
301366804480.00 301462519808.00 301555286016.00 301647757312.00 301741015040.00 301833945088.00 301926776832.00 302019674112.00 302111457280.00 302205173760.00 302280835072.00 302392049664.00 302484160512.00 302577090560.00 302670544896.00 302762917888.00 302856208384.00 302949498880.00 303041937408.00 303134474240.00 
303226650624.00 303321120768.00 303413821440.00 303506620416.00 303597453312.00 303692611584.00 303785410560.00 303878144000.00 303971303424.00 304064233472.00 304156213248.00 304250028032.00 304341712896.00 304438837248.00 304529473536.00 304620404736.00 304714383360.00 304807870464.00 304900833280.00 304993697792.00 
305081090048.00 305179492352.00 305271406592.00 305365221376.00 305458020352.00 305550655488.00 305644077056.00 305737007104.00 305829543936.00 305923358720.00 306015174656.00 306108432384.00 306201427968.00 306294226944.00 306384961536.00 306480447488.00 306571509760.00 306666209280.00 306759270400.00 306852265984.00 
306938281984.00 307037896704.00 307130466304.00 307223920640.00 307315703808.00 307409682432.00 307502448640.00 307595673600.00 307688308736.00 307781238784.00 307873415168.00 307967328256.00 308058816512.00 308152893440.00 308245856256.00 308338950144.00 308431421440.00 308523827200.00 308617445376.00 308710604800.00 
308800946176.00 308896563200.00 308988739584.00 309082193920.00 309175287808.00 309266350080.00 309360918528.00 309453881344.00 309544452096.00 309639413760.00 309731655680.00 309825077248.00 309916794880.00 310004187136.00 310108356608.00 310198566912.00 310291398656.00 310383837184.00 310476701696.00 310569467904.00 
310661251072.00 310755852288.00 310848618496.00 310941483008.00 311033069568.00 311126589440.00 311219453952.00 311313498112.00 311405510656.00 311498899456.00 311588159488.00 311684562944.00 311777034240.00 311870488576.00 311963320320.00 312056512512.00 312149344256.00 312242176000.00 312334680064.00 312428068864.00 
312509595648.00 312613732352.00 312706629632.00 312799592448.00 312892751872.00 312984993792.00 313078513664.00 313171247104.00 313263292416.00 313358057472.00 313449676800.00 313543262208.00 313635766272.00 313728958464.00 313821691904.00 313906167808.00 314006765568.00 314100547584.00 314193543168.00 314286637056.00 
314378027008.00 314472202240.00 314564968448.00 314657832960.00 314749878272.00 314845233152.00 314937016320.00 315030503424.00 315122778112.00 315215839232.00 315308048384.00 315401273344.00 315492630528.00 315587493888.00 315681767424.00 315773124608.00 315866185728.00 315959279616.00 316052275200.00 316145041408.00 
316223979520.00 316331130880.00 316423569408.00 316518105088.00 316609593344.00 316702523392.00 316795682816.00 316888055808.00 316980396032.00 317074178048.00 317166649344.00 317259939840.00 317353099264.00 317446258688.00 317538336768.00 317631594496.00 317723967488.00 317817356288.00 317910450176.00 318003609600.00 
318095130624.00 318189240320.00 318282072064.00 318375133184.00 318465507328.00 318559125504.00 318653464576.00 318746099712.00 318836473856.00 318936973312.00 319026298880.00 319119654912.00 319211569152.00 319304826880.00 319397920768.00 319490621440.00 319583682560.00 319676317696.00 319769116672.00 319862243328.00 
319949701120.00 320048234496.00 320140902400.00 320233832448.00 320326500352.00 320419594240.00 320512557056.00 320605487104.00 320697958400.00 320791707648.00 320880869376.00 320979140608.00 321069613056.00 321163722752.00 321255800832.00 321349320704.00 321439760384.00 321534820352.00 321627914240.00 321720713216.00 
321812725760.00 321907064832.00 321999765504.00 322092728320.00 322185134080.00 322278359040.00 322370666496.00 322465497088.00 322557247488.00 322649587712.00 322742517760.00 322836103168.00 322928050176.00 323021930496.00 323114958848.00 323206119424.00 323300196352.00 323393486848.00 323485859840.00 323579871232.00 
323670081536.00 323765338112.00 323857743872.00 323951788032.00 324044423168.00 324136763392.00 324229464064.00 324322328576.00 324413325312.00 324508385280.00 324600856576.00 324695031808.00 324786814976.00 324880728064.00 324972838912.00 325065736192.00 325158240256.00 325251039232.00 325344296960.00 325436473344.00 
325496111104.00 325625446400.00 325716934656.00 325810225152.00 325902008320.00 325995462656.00 326088523776.00 326181519360.00 326274318336.00 326367150080.00 326459654144.00 326553042944.00 326645415936.00 326738935808.00 326831308800.00 326924107776.00 327017857024.00 327110524928.00 327203553280.00 327296811008.00 
327378305024.00 327482408960.00 327575273472.00 327668465664.00 327761133568.00 327852851200.00 327946731520.00 328040153088.00 328132100096.00 328225456128.00 328318320640.00 328411774976.00 328504705024.00 328597897216.00 328691122176.00 328783593472.00 328875311104.00 328969355264.00 329062121472.00 329155477504.00 
329246670848.00 329342451712.00 329434103808.00 329526902784.00 329619079168.00 329711976448.00 329805365248.00 329898229760.00 329990799360.00 330084089856.00 330173513728.00 330269786112.00 330361044992.00 330455875584.00 330548477952.00 330639966208.00 330737352704.00 330828382208.00 330920591360.00 331013619712.00 
331104124928.00 331200397312.00 331292966912.00 331385077760.00 331478401024.00 331571167232.00 331664261120.00 331756797952.00 331849367552.00 331942985728.00 332035358720.00 332128976896.00 332221382656.00 332315000832.00 332407504896.00 332498894848.00 332592873472.00 332686163968.00 332778962944.00 332876972032.00 
332963938304.00 333058506752.00 333151010816.00 333243908096.00 333334773760.00 333429571584.00 333522305024.00 333615792128.00 333708591104.00 333801390080.00 333893599232.00 333987151872.00 334080049152.00 334173175808.00 334265810944.00 334359035904.00 334452129792.00 334544535552.00 334637334528.00 334730067968.00 
334795866112.00 334917599232.00 335010234368.00 335102476288.00 335195406336.00 335288205312.00 335380938752.00 335474098176.00 335567060992.00 335660089344.00 335752462336.00 335845949440.00 335938617344.00 336032792576.00 336124772352.00 336217309184.00 336308731904.00 336403038208.00 336496361472.00 336584966144.00 
336681304064.00 336775118848.00 336867753984.00 336961339392.00 337053515776.00 337138352128.00 337239769088.00 337332928512.00 337425825792.00 337518886912.00 337610604544.00 337704878080.00 337795874816.00 337890410496.00 337983307776.00 338075287552.00 338166775808.00 338263375872.00 338355060736.00 338448416768.00 
338537971712.00 338633162752.00 338726879232.00 338819842048.00 338912477184.00 339005440000.00 339098271744.00 339189727232.00 339281870848.00 339376898048.00 339466780672.00 339562823680.00 339655032832.00 339749273600.00 339841712128.00 339934674944.00 340027310080.00 340120469504.00 340213956608.00 340306886656.00 
340398571520.00 340490715136.00 340585709568.00 340678213632.00 340769996800.00 340863713280.00 340956086272.00 341051834368.00 341142962176.00 341235826688.00 341328101376.00 341422047232.00 341514256384.00 341607448576.00 341700608000.00 341791637504.00 341886042112.00 341979201536.00 342072131584.00 342164668416.00 
342246752256.00 342351151104.00 342444113920.00 342536781824.00 342629679104.00 342722379776.00 342815440896.00 342908600320.00 343000940544.00 343094689792.00 343186407424.00 343280156672.00 343371251712.00 343466672128.00 343559471104.00 343652204544.00 343743660032.00 343838162944.00 343930535936.00 344023891968.00 
344109907968.00 344209752064.00 344302125056.00 344395087872.00 344488280064.00 344580947968.00 344674172928.00 344766939136.00 344859869184.00 344952242176.00 345045336064.00 345139183616.00 345229361152.00 345324224512.00 345415942144.00 345510838272.00 345603506176.00 345696305152.00 345789333504.00 345882066944.00 
345972670464.00 346068189184.00 346160824320.00 346253754368.00 346345734144.00 346438500352.00 346532413440.00 346625540096.00 346717782016.00 346811629568.00 346903609344.00 346996899840.00 347089534976.00 347182071808.00 347276509184.00 347369308160.00 347461713920.00 347554971648.00 347648360448.00 347740274688.00 
347832385536.00 347925872640.00 348020834304.00 348112912384.00 348203024384.00 348298018816.00 348390555648.00 348484075520.00 348576612352.00 348669640704.00 348745891840.00 348856156160.00 348948529152.00 349041950720.00 349134684160.00 349226663936.00 349320511488.00 349413277696.00 349506600960.00 349598875648.00 
349687087104.00 349785128960.00 349877895168.00 349971054592.00 350063656960.00 350157275136.00 350250434560.00 350343462912.00 350434918400.00 350528765952.00 350621040640.00 350714429440.00 350807621632.00 350900682752.00 350992826368.00 351084642304.00 351177113600.00 351271419904.00 351366283264.00 351457443840.00 
351549423616.00 351643729920.00 351736463360.00 351829622784.00 351922323456.00 352015548416.00 352108183552.00 352201506816.00 352294043648.00 352386383872.00 352479903744.00 352572702720.00 352664879104.00 352758431744.00 352851525632.00 352945176576.00 353037516800.00 353130479616.00 353223933952.00 353316864000.00 
353395572736.00 353502396416.00 353596014592.00 353687994368.00 353781088256.00 353874051072.00 353966981120.00 354059911168.00 354150711296.00 354245345280.00 354338111488.00 354431205376.00 354524102656.00 354617491456.00 354711142400.00 354802958336.00 354895429632.00 354989932544.00 355080142848.00 355174907904.00 
355266494464.00 355361128448.00 355453796352.00 355545972736.00 355638607872.00 355731079168.00 355823157248.00 355918446592.00 356011081728.00 356103913472.00 356196614144.00 356291018752.00 356382474240.00 356475338752.00 356568989696.00 356661526528.00 356754456576.00 356847812608.00 356940808192.00 357033508864.00 
357115461632.00 357219336192.00 357311676416.00 357404737536.00 357497700352.00 357590990848.00 357682774016.00 357777145856.00 357869355008.00 357962317824.00 358051905536.00 358148341760.00 358242156544.00 358334758912.00 358427131904.00 358520029184.00 358611976192.00 358705299456.00 358799015936.00 358891880448.00 
358983598080.00 359077576704.00 359169032192.00 359263043584.00 359356071936.00 359449329664.00 359542292480.00 359635877888.00 359727890432.00 359821574144.00 359913652224.00 360009891840.00 360098103296.00 360191295488.00 360284848128.00 360370241536.00 360471429120.00 360565342208.00 360657289216.00 360750776320.00 
360840822784.00 360936407040.00 361029271552.00 361122430976.00 361214476288.00 361307602944.00 361400795136.00 361493331968.00 361585442816.00 361680273408.00 361772122112.00 361865576448.00 361958440960.00 362051534848.00 362144137216.00 362236903424.00 362329473024.00 362423255040.00 362515824640.00 362609016832.00 
362695196672.00 362795237376.00 362887544832.00 362980671488.00 363071569920.00 363166466048.00 363259199488.00 363354750976.00 363444404224.00 363537760256.00 363630329856.00 363723489280.00 363816157184.00 363908759552.00 364003065856.00 364095668224.00 364188237824.00 364281495552.00 364374130688.00 364467585024.00 
364554715136.00 364653084672.00 364745555968.00 364838912000.00 364931514368.00 365023264768.00 365117702144.00 365210599424.00 365302841344.00 365397016576.00 365488340992.00 365581303808.00 365675151360.00 365768081408.00 365861142528.00 365953744896.00 366045102080.00 366138753024.00 366232600576.00 366325334016.00 
366416920576.00 366510604288.00 366603173888.00 366696628224.00 366789525504.00 366882390016.00 366975713280.00 367068610560.00 367161376768.00 367254667264.00 367343534080.00 367440330752.00 367532310528.00 367626158080.00 367718334464.00 367811592192.00 367904161792.00 367998500864.00 368090284032.00 368182984704.00 
368273981440.00 368368975872.00 368462266368.00 368554967040.00 368647667712.00 368740564992.00 368833200128.00 368925704192.00 369016995840.00 369112547328.00 369203937280.00 369297260544.00 369390059520.00 369483546624.00 369576017920.00 369667112960.00 369761124352.00 369854251008.00 369946886144.00 370039750656.00 
370130780160.00 370225250304.00 370317950976.00 370410553344.00 370501713920.00 370595037184.00 370687737856.00 370780995584.00 370872647680.00 370965053440.00 371056377856.00 371148816384.00 371240534016.00 371332317184.00 371422265344.00 371512508416.00 371600556032.00 371686047744.00 371763183616.00 371809648640.00 
end   dump: w
==END   DUMP_ARRAYS==
Time in seconds = 0.095145
