Sender: LSF System <lsfadmin@polus-c4-ib.bmc.hpc.cs.msu.ru>
Subject: Job 494194: <./extra.o> in cluster <MSUCluster> Done

Job <./extra.o> was submitted from host <polus-ib.bmc.hpc.cs.msu.ru> by user <edu-cmc-skpod19-328-11> in cluster <MSUCluster> at Fri Nov 29 23:41:34 2019
Job was executed on host(s) <4*polus-c4-ib.bmc.hpc.cs.msu.ru>, in queue <short>, as user <edu-cmc-skpod19-328-11> in cluster <MSUCluster> at Fri Nov 29 23:42:41 2019
</home_edu/edu-cmc-skpod19-328/edu-cmc-skpod19-328-11> was used as the home directory.
</home_edu/edu-cmc-skpod19-328/edu-cmc-skpod19-328-11/dep_gemver> was used as the working directory.
Started at Fri Nov 29 23:42:41 2019
Terminated at Fri Nov 29 23:42:43 2019
Results reported at Fri Nov 29 23:42:43 2019

Your job looked like:

------------------------------------------------------------
# LSBATCH: User input
./extra.o
------------------------------------------------------------

Successfully completed.

Resource usage summary:

    CPU time :                                   17.64 sec.
    Max Memory :                                 1 MB
    Average Memory :                             1.00 MB
    Total Requested Memory :                     -
    Delta Memory :                               -
    Max Swap :                                   -
    Max Processes :                              1
    Max Threads :                                1
    Run time :                                   1 sec.
    Turnaround time :                            69 sec.

The output (if any) follows:

==BEGIN DUMP_ARRAYS==
begin dump: w
0.00 0.00 0.00 0.00 0.00 0.00 0.00 0.00 0.00 0.00 0.00 0.00 0.00 0.00 0.00 0.00 0.00 0.00 0.00 0.00 
0.00 0.00 0.00 0.00 0.00 0.00 0.00 0.00 0.00 0.00 0.00 0.00 0.00 0.00 0.00 0.00 0.00 0.00 0.00 0.00 
0.00 0.00 0.00 0.00 0.00 0.00 0.00 0.00 0.00 0.00 0.00 0.00 0.00 0.00 0.00 0.00 0.00 0.00 0.00 0.00 
0.00 0.00 0.00 0.00 0.00 0.00 0.00 0.00 0.00 0.00 0.00 0.00 0.00 0.00 0.00 0.00 0.00 0.00 0.00 0.00 
0.00 0.00 0.00 0.00 0.00 0.00 0.00 0.00 0.00 0.00 0.00 0.00 0.00 0.00 0.00 0.00 0.00 0.00 0.00 0.00 
0.00 0.00 0.00 0.00 0.00 0.00 0.00 0.00 0.00 0.00 0.00 0.00 0.00 0.00 0.00 0.00 0.00 0.00 0.00 0.00 
0.00 0.00 0.00 0.00 0.00 0.00 0.00 0.00 0.00 0.00 0.00 0.00 0.00 0.00 0.00 0.00 0.00 0.00 0.00 0.00 
0.00 0.00 0.00 0.00 0.00 0.00 0.00 0.00 0.00 0.00 0.00 0.00 0.00 0.00 0.00 0.00 0.00 0.00 0.00 0.00 
0.00 0.00 0.00 0.00 0.00 0.00 0.00 0.00 0.00 0.00 0.00 0.00 0.00 0.00 0.00 0.00 0.00 0.00 0.00 0.00 
0.00 0.00 0.00 0.00 0.00 0.00 0.00 0.00 0.00 0.00 0.00 0.00 0.00 0.00 0.00 0.00 0.00 0.00 0.00 0.00 
0.00 0.00 0.00 0.00 0.00 0.00 0.00 0.00 0.00 0.00 0.00 0.00 0.00 0.00 0.00 0.00 0.00 0.00 0.00 0.00 
0.00 0.00 0.00 0.00 0.00 0.00 0.00 0.00 0.00 0.00 0.00 0.00 0.00 0.00 0.00 0.00 0.00 0.00 0.00 0.00 
0.00 0.00 0.00 0.00 0.00 0.00 0.00 0.00 0.00 0.00 0.00 0.00 0.00 0.00 0.00 0.00 0.00 0.00 0.00 0.00 
0.00 0.00 0.00 0.00 0.00 0.00 0.00 0.00 0.00 0.00 0.00 0.00 0.00 0.00 0.00 0.00 0.00 0.00 0.00 0.00 
0.00 0.00 0.00 0.00 0.00 0.00 0.00 0.00 0.00 0.00 0.00 0.00 0.00 0.00 0.00 0.00 0.00 0.00 0.00 0.00 
0.00 0.00 0.00 0.00 0.00 0.00 0.00 0.00 0.00 0.00 0.00 0.00 0.00 0.00 0.00 0.00 0.00 0.00 0.00 0.00 
0.00 0.00 0.00 0.00 0.00 0.00 0.00 0.00 0.00 0.00 0.00 0.00 0.00 0.00 0.00 0.00 0.00 0.00 0.00 0.00 
0.00 0.00 0.00 0.00 0.00 0.00 0.00 0.00 0.00 0.00 0.00 0.00 0.00 0.00 0.00 0.00 0.00 0.00 0.00 0.00 
0.00 0.00 0.00 0.00 0.00 0.00 0.00 0.00 0.00 0.00 0.00 0.00 0.00 0.00 0.00 0.00 0.00 0.00 0.00 0.00 
0.00 0.00 0.00 0.00 0.00 0.00 0.00 0.00 0.00 0.00 0.00 0.00 0.00 0.00 0.00 0.00 0.00 0.00 0.00 0.00 
0.00 0.00 0.00 0.00 0.00 0.00 0.00 0.00 0.00 0.00 0.00 0.00 0.00 0.00 0.00 0.00 0.00 0.00 0.00 0.00 
0.00 0.00 0.00 0.00 0.00 0.00 0.00 0.00 0.00 0.00 0.00 0.00 0.00 0.00 0.00 0.00 0.00 0.00 0.00 0.00 
0.00 0.00 0.00 0.00 0.00 0.00 0.00 0.00 0.00 0.00 0.00 0.00 0.00 0.00 0.00 0.00 0.00 0.00 0.00 0.00 
0.00 0.00 0.00 0.00 0.00 0.00 0.00 0.00 0.00 0.00 0.00 0.00 0.00 0.00 0.00 0.00 0.00 0.00 0.00 0.00 
0.00 0.00 0.00 0.00 0.00 0.00 0.00 0.00 0.00 0.00 0.00 0.00 0.00 0.00 0.00 0.00 0.00 0.00 0.00 0.00 
0.00 0.00 0.00 0.00 0.00 0.00 0.00 0.00 0.00 0.00 0.00 0.00 0.00 0.00 0.00 0.00 0.00 0.00 0.00 0.00 
0.00 0.00 0.00 0.00 0.00 0.00 0.00 0.00 0.00 0.00 0.00 0.00 0.00 0.00 0.00 0.00 0.00 0.00 0.00 0.00 
0.00 0.00 0.00 0.00 0.00 0.00 0.00 0.00 0.00 0.00 0.00 0.00 0.00 0.00 0.00 0.00 0.00 0.00 0.00 0.00 
0.00 0.00 0.00 0.00 0.00 0.00 0.00 0.00 0.00 0.00 0.00 0.00 0.00 0.00 0.00 0.00 0.00 0.00 0.00 0.00 
0.00 0.00 0.00 0.00 0.00 0.00 0.00 0.00 0.00 0.00 0.00 0.00 0.00 0.00 0.00 0.00 0.00 0.00 0.00 0.00 
0.00 0.00 0.00 0.00 0.00 0.00 0.00 0.00 0.00 0.00 0.00 0.00 0.00 0.00 0.00 0.00 0.00 0.00 0.00 0.00 
0.00 0.00 0.00 0.00 0.00 0.00 0.00 0.00 0.00 0.00 0.00 0.00 0.00 0.00 0.00 0.00 0.00 0.00 0.00 0.00 
0.00 0.00 0.00 0.00 0.00 0.00 0.00 0.00 0.00 0.00 0.00 0.00 0.00 0.00 0.00 0.00 0.00 0.00 0.00 0.00 
0.00 0.00 0.00 0.00 0.00 0.00 0.00 0.00 0.00 0.00 0.00 0.00 0.00 0.00 0.00 0.00 0.00 0.00 0.00 0.00 
0.00 0.00 0.00 0.00 0.00 0.00 0.00 0.00 0.00 0.00 0.00 0.00 0.00 0.00 0.00 0.00 0.00 0.00 0.00 0.00 
0.00 0.00 0.00 0.00 0.00 0.00 0.00 0.00 0.00 0.00 0.00 0.00 0.00 0.00 0.00 0.00 0.00 0.00 0.00 0.00 
0.00 0.00 0.00 0.00 0.00 0.00 0.00 0.00 0.00 0.00 0.00 0.00 0.00 0.00 0.00 0.00 0.00 0.00 0.00 0.00 
0.00 0.00 0.00 0.00 0.00 0.00 0.00 0.00 0.00 0.00 0.00 0.00 0.00 0.00 0.00 0.00 0.00 0.00 0.00 0.00 
0.00 0.00 0.00 0.00 0.00 0.00 0.00 0.00 0.00 0.00 0.00 0.00 0.00 0.00 0.00 0.00 0.00 0.00 0.00 0.00 
0.00 0.00 0.00 0.00 0.00 0.00 0.00 0.00 0.00 0.00 0.00 0.00 0.00 0.00 0.00 0.00 0.00 0.00 0.00 0.00 
0.00 0.00 0.00 0.00 0.00 0.00 0.00 0.00 0.00 0.00 0.00 0.00 0.00 0.00 0.00 0.00 0.00 0.00 0.00 0.00 
0.00 0.00 0.00 0.00 0.00 0.00 0.00 0.00 0.00 0.00 0.00 0.00 0.00 0.00 0.00 0.00 0.00 0.00 0.00 0.00 
0.00 0.00 0.00 0.00 0.00 0.00 0.00 0.00 0.00 0.00 0.00 0.00 0.00 0.00 0.00 0.00 0.00 0.00 0.00 0.00 
0.00 0.00 0.00 0.00 0.00 0.00 0.00 0.00 0.00 0.00 0.00 0.00 0.00 0.00 0.00 0.00 0.00 0.00 0.00 0.00 
0.00 0.00 0.00 0.00 0.00 0.00 0.00 0.00 0.00 0.00 0.00 0.00 0.00 0.00 0.00 0.00 0.00 0.00 0.00 0.00 
0.00 0.00 0.00 0.00 0.00 0.00 0.00 0.00 0.00 0.00 0.00 0.00 0.00 0.00 0.00 0.00 0.00 0.00 0.00 0.00 
0.00 0.00 0.00 0.00 0.00 0.00 0.00 0.00 0.00 0.00 0.00 0.00 0.00 0.00 0.00 0.00 0.00 0.00 0.00 0.00 
0.00 0.00 0.00 0.00 0.00 0.00 0.00 0.00 0.00 0.00 0.00 0.00 0.00 0.00 0.00 0.00 0.00 0.00 0.00 0.00 
0.00 0.00 0.00 0.00 0.00 0.00 0.00 0.00 0.00 0.00 0.00 0.00 0.00 0.00 0.00 0.00 0.00 0.00 0.00 0.00 
0.00 0.00 0.00 0.00 0.00 0.00 0.00 0.00 0.00 0.00 0.00 0.00 0.00 0.00 0.00 0.00 0.00 0.00 0.00 0.00 
0.00 0.00 0.00 0.00 0.00 0.00 0.00 0.00 0.00 0.00 0.00 0.00 0.00 0.00 0.00 0.00 0.00 0.00 0.00 0.00 
0.00 0.00 0.00 0.00 0.00 0.00 0.00 0.00 0.00 0.00 0.00 0.00 0.00 0.00 0.00 0.00 0.00 0.00 0.00 0.00 
0.00 0.00 0.00 0.00 0.00 0.00 0.00 0.00 0.00 0.00 0.00 0.00 0.00 0.00 0.00 0.00 0.00 0.00 0.00 0.00 
0.00 0.00 0.00 0.00 0.00 0.00 0.00 0.00 0.00 0.00 0.00 0.00 0.00 0.00 0.00 0.00 0.00 0.00 0.00 0.00 
0.00 0.00 0.00 0.00 0.00 0.00 0.00 0.00 0.00 0.00 0.00 0.00 0.00 0.00 0.00 0.00 0.00 0.00 0.00 0.00 
0.00 0.00 0.00 0.00 0.00 0.00 0.00 0.00 0.00 0.00 0.00 0.00 0.00 0.00 0.00 0.00 0.00 0.00 0.00 0.00 
0.00 0.00 0.00 0.00 0.00 0.00 0.00 0.00 0.00 0.00 0.00 0.00 0.00 0.00 0.00 0.00 0.00 0.00 0.00 0.00 
0.00 0.00 0.00 0.00 0.00 0.00 0.00 0.00 0.00 0.00 0.00 0.00 0.00 0.00 0.00 0.00 0.00 0.00 0.00 0.00 
0.00 0.00 0.00 0.00 0.00 0.00 0.00 0.00 0.00 0.00 0.00 0.00 0.00 0.00 0.00 0.00 0.00 0.00 0.00 0.00 
0.00 0.00 0.00 0.00 0.00 0.00 0.00 0.00 0.00 0.00 0.00 0.00 0.00 0.00 0.00 0.00 0.00 0.00 0.00 0.00 
0.00 0.00 0.00 0.00 0.00 0.00 0.00 0.00 0.00 0.00 0.00 0.00 0.00 0.00 0.00 0.00 0.00 0.00 0.00 0.00 
0.00 0.00 0.00 0.00 0.00 0.00 0.00 0.00 0.00 0.00 0.00 0.00 0.00 0.00 0.00 0.00 0.00 0.00 0.00 0.00 
0.00 0.00 0.00 0.00 0.00 0.00 0.00 0.00 0.00 0.00 0.00 0.00 0.00 0.00 0.00 0.00 0.00 0.00 0.00 0.00 
0.00 0.00 0.00 0.00 0.00 0.00 0.00 0.00 0.00 0.00 0.00 0.00 0.00 0.00 0.00 0.00 0.00 0.00 0.00 0.00 
0.00 0.00 0.00 0.00 0.00 0.00 0.00 0.00 0.00 0.00 0.00 0.00 0.00 0.00 0.00 0.00 0.00 0.00 0.00 0.00 
0.00 0.00 0.00 0.00 0.00 0.00 0.00 0.00 0.00 0.00 0.00 0.00 0.00 0.00 0.00 0.00 0.00 0.00 0.00 0.00 
0.00 0.00 0.00 0.00 0.00 0.00 0.00 0.00 0.00 0.00 0.00 0.00 0.00 0.00 0.00 0.00 0.00 0.00 0.00 0.00 
0.00 0.00 0.00 0.00 0.00 0.00 0.00 0.00 0.00 0.00 0.00 0.00 0.00 0.00 0.00 0.00 0.00 0.00 0.00 0.00 
0.00 0.00 0.00 0.00 0.00 0.00 0.00 0.00 0.00 0.00 0.00 0.00 0.00 0.00 0.00 0.00 0.00 0.00 0.00 0.00 
0.00 0.00 0.00 0.00 0.00 0.00 0.00 0.00 0.00 0.00 0.00 0.00 0.00 0.00 0.00 0.00 0.00 0.00 0.00 0.00 
0.00 0.00 0.00 0.00 0.00 0.00 0.00 0.00 0.00 0.00 0.00 0.00 0.00 0.00 0.00 0.00 0.00 0.00 0.00 0.00 
0.00 0.00 0.00 0.00 0.00 0.00 0.00 0.00 0.00 0.00 0.00 0.00 0.00 0.00 0.00 0.00 0.00 0.00 0.00 0.00 
0.00 0.00 0.00 0.00 0.00 0.00 0.00 0.00 0.00 0.00 0.00 0.00 0.00 0.00 0.00 0.00 0.00 0.00 0.00 0.00 
0.00 0.00 0.00 0.00 0.00 0.00 0.00 0.00 0.00 0.00 0.00 0.00 0.00 0.00 0.00 0.00 0.00 0.00 0.00 0.00 
0.00 0.00 0.00 0.00 0.00 0.00 0.00 0.00 0.00 0.00 0.00 0.00 0.00 0.00 0.00 0.00 0.00 0.00 0.00 0.00 
0.00 0.00 0.00 0.00 0.00 0.00 0.00 0.00 0.00 0.00 0.00 0.00 0.00 0.00 0.00 0.00 0.00 0.00 0.00 0.00 
0.00 0.00 0.00 0.00 0.00 0.00 0.00 0.00 0.00 0.00 0.00 0.00 0.00 0.00 0.00 0.00 0.00 0.00 0.00 0.00 
0.00 0.00 0.00 0.00 0.00 0.00 0.00 0.00 0.00 0.00 0.00 0.00 0.00 0.00 0.00 0.00 0.00 0.00 0.00 0.00 
0.00 0.00 0.00 0.00 0.00 0.00 0.00 0.00 0.00 0.00 0.00 0.00 0.00 0.00 0.00 0.00 0.00 0.00 0.00 0.00 
0.00 0.00 0.00 0.00 0.00 0.00 0.00 0.00 0.00 0.00 0.00 0.00 0.00 0.00 0.00 0.00 0.00 0.00 0.00 0.00 
0.00 0.00 0.00 0.00 0.00 0.00 0.00 0.00 0.00 0.00 0.00 0.00 0.00 0.00 0.00 0.00 0.00 0.00 0.00 0.00 
0.00 0.00 0.00 0.00 0.00 0.00 0.00 0.00 0.00 0.00 0.00 0.00 0.00 0.00 0.00 0.00 0.00 0.00 0.00 0.00 
0.00 0.00 0.00 0.00 0.00 0.00 0.00 0.00 0.00 0.00 0.00 0.00 0.00 0.00 0.00 0.00 0.00 0.00 0.00 0.00 
0.00 0.00 0.00 0.00 0.00 0.00 0.00 0.00 0.00 0.00 0.00 0.00 0.00 0.00 0.00 0.00 0.00 0.00 0.00 0.00 
0.00 0.00 0.00 0.00 0.00 0.00 0.00 0.00 0.00 0.00 0.00 0.00 0.00 0.00 0.00 0.00 0.00 0.00 0.00 0.00 
0.00 0.00 0.00 0.00 0.00 0.00 0.00 0.00 0.00 0.00 0.00 0.00 0.00 0.00 0.00 0.00 0.00 0.00 0.00 0.00 
0.00 0.00 0.00 0.00 0.00 0.00 0.00 0.00 0.00 0.00 0.00 0.00 0.00 0.00 0.00 0.00 0.00 0.00 0.00 0.00 
0.00 0.00 0.00 0.00 0.00 0.00 0.00 0.00 0.00 0.00 0.00 0.00 0.00 0.00 0.00 0.00 0.00 0.00 0.00 0.00 
0.00 0.00 0.00 0.00 0.00 0.00 0.00 0.00 0.00 0.00 0.00 0.00 0.00 0.00 0.00 0.00 0.00 0.00 0.00 0.00 
0.00 0.00 0.00 0.00 0.00 0.00 0.00 0.00 0.00 0.00 0.00 0.00 0.00 0.00 0.00 0.00 0.00 0.00 0.00 0.00 
0.00 0.00 0.00 0.00 0.00 0.00 0.00 0.00 0.00 0.00 0.00 0.00 0.00 0.00 0.00 0.00 0.00 0.00 0.00 0.00 
0.00 0.00 0.00 0.00 0.00 0.00 0.00 0.00 0.00 0.00 0.00 0.00 0.00 0.00 0.00 0.00 0.00 0.00 0.00 0.00 
0.00 0.00 0.00 0.00 0.00 0.00 0.00 0.00 0.00 0.00 0.00 0.00 0.00 0.00 0.00 0.00 0.00 0.00 0.00 0.00 
0.00 0.00 0.00 0.00 0.00 0.00 0.00 0.00 0.00 0.00 0.00 0.00 0.00 0.00 0.00 0.00 0.00 0.00 0.00 0.00 
0.00 0.00 0.00 0.00 0.00 0.00 0.00 0.00 0.00 0.00 0.00 0.00 0.00 0.00 0.00 0.00 0.00 0.00 0.00 0.00 
0.00 0.00 0.00 0.00 0.00 0.00 0.00 0.00 0.00 0.00 0.00 0.00 0.00 0.00 0.00 0.00 0.00 0.00 0.00 0.00 
0.00 0.00 0.00 0.00 0.00 0.00 0.00 0.00 0.00 0.00 0.00 0.00 0.00 0.00 0.00 0.00 0.00 0.00 0.00 0.00 
0.00 0.00 0.00 0.00 0.00 0.00 0.00 0.00 0.00 0.00 0.00 0.00 0.00 0.00 0.00 0.00 0.00 0.00 0.00 0.00 
0.00 0.00 0.00 0.00 0.00 0.00 0.00 0.00 0.00 0.00 0.00 0.00 0.00 0.00 0.00 0.00 0.00 0.00 0.00 0.00 
0.00 0.00 0.00 0.00 0.00 0.00 0.00 0.00 0.00 0.00 0.00 0.00 0.00 0.00 0.00 0.00 0.00 0.00 0.00 0.00 
0.00 0.00 0.00 0.00 0.00 0.00 0.00 0.00 0.00 0.00 0.00 0.00 0.00 0.00 0.00 0.00 0.00 0.00 0.00 0.00 
0.00 0.00 0.00 0.00 0.00 0.00 0.00 0.00 0.00 0.00 0.00 0.00 0.00 0.00 0.00 0.00 0.00 0.00 0.00 0.00 
0.00 0.00 0.00 0.00 0.00 0.00 0.00 0.00 0.00 0.00 0.00 0.00 0.00 0.00 0.00 0.00 0.00 0.00 0.00 0.00 
0.00 0.00 0.00 0.00 0.00 0.00 0.00 0.00 0.00 0.00 0.00 0.00 0.00 0.00 0.00 0.00 0.00 0.00 0.00 0.00 
0.00 0.00 0.00 0.00 0.00 0.00 0.00 0.00 0.00 0.00 0.00 0.00 0.00 0.00 0.00 0.00 0.00 0.00 0.00 0.00 
0.00 0.00 0.00 0.00 0.00 0.00 0.00 0.00 0.00 0.00 0.00 0.00 0.00 0.00 0.00 0.00 0.00 0.00 0.00 0.00 
0.00 0.00 0.00 0.00 0.00 0.00 0.00 0.00 0.00 0.00 0.00 0.00 0.00 0.00 0.00 0.00 0.00 0.00 0.00 0.00 
0.00 0.00 0.00 0.00 0.00 0.00 0.00 0.00 0.00 0.00 0.00 0.00 0.00 0.00 0.00 0.00 0.00 0.00 0.00 0.00 
0.00 0.00 0.00 0.00 0.00 0.00 0.00 0.00 0.00 0.00 0.00 0.00 0.00 0.00 0.00 0.00 0.00 0.00 0.00 0.00 
0.00 0.00 0.00 0.00 0.00 0.00 0.00 0.00 0.00 0.00 0.00 0.00 0.00 0.00 0.00 0.00 0.00 0.00 0.00 0.00 
0.00 0.00 0.00 0.00 0.00 0.00 0.00 0.00 0.00 0.00 0.00 0.00 0.00 0.00 0.00 0.00 0.00 0.00 0.00 0.00 
0.00 0.00 0.00 0.00 0.00 0.00 0.00 0.00 0.00 0.00 0.00 0.00 0.00 0.00 0.00 0.00 0.00 0.00 0.00 0.00 
0.00 0.00 0.00 0.00 0.00 0.00 0.00 0.00 0.00 0.00 0.00 0.00 0.00 0.00 0.00 0.00 0.00 0.00 0.00 0.00 
0.00 0.00 0.00 0.00 0.00 0.00 0.00 0.00 0.00 0.00 0.00 0.00 0.00 0.00 0.00 0.00 0.00 0.00 0.00 0.00 
0.00 0.00 0.00 0.00 0.00 0.00 0.00 0.00 0.00 0.00 0.00 0.00 0.00 0.00 0.00 0.00 0.00 0.00 0.00 0.00 
0.00 0.00 0.00 0.00 0.00 0.00 0.00 0.00 0.00 0.00 0.00 0.00 0.00 0.00 0.00 0.00 0.00 0.00 0.00 0.00 
0.00 0.00 0.00 0.00 0.00 0.00 0.00 0.00 0.00 0.00 0.00 0.00 0.00 0.00 0.00 0.00 0.00 0.00 0.00 0.00 
0.00 0.00 0.00 0.00 0.00 0.00 0.00 0.00 0.00 0.00 0.00 0.00 0.00 0.00 0.00 0.00 0.00 0.00 0.00 0.00 
0.00 0.00 0.00 0.00 0.00 0.00 0.00 0.00 0.00 0.00 0.00 0.00 0.00 0.00 0.00 0.00 0.00 0.00 0.00 0.00 
0.00 0.00 0.00 0.00 0.00 0.00 0.00 0.00 0.00 0.00 0.00 0.00 0.00 0.00 0.00 0.00 0.00 0.00 0.00 0.00 
0.00 0.00 0.00 0.00 0.00 0.00 0.00 0.00 0.00 0.00 0.00 0.00 0.00 0.00 0.00 0.00 0.00 0.00 0.00 0.00 
0.00 0.00 0.00 0.00 0.00 0.00 0.00 0.00 0.00 0.00 0.00 0.00 0.00 0.00 0.00 0.00 0.00 0.00 0.00 0.00 
0.00 0.00 0.00 0.00 0.00 0.00 0.00 0.00 0.00 0.00 0.00 0.00 0.00 0.00 0.00 0.00 0.00 0.00 0.00 0.00 
0.00 0.00 0.00 0.00 0.00 0.00 0.00 0.00 0.00 0.00 0.00 0.00 0.00 0.00 0.00 0.00 0.00 0.00 0.00 0.00 
0.00 0.00 0.00 0.00 0.00 0.00 0.00 0.00 0.00 0.00 0.00 0.00 0.00 0.00 0.00 0.00 0.00 0.00 0.00 0.00 
0.00 0.00 0.00 0.00 0.00 0.00 0.00 0.00 0.00 0.00 0.00 0.00 0.00 0.00 0.00 0.00 0.00 0.00 0.00 0.00 
0.00 0.00 0.00 0.00 0.00 0.00 0.00 0.00 0.00 0.00 0.00 0.00 0.00 0.00 0.00 0.00 0.00 0.00 0.00 0.00 
0.00 0.00 0.00 0.00 0.00 0.00 0.00 0.00 0.00 0.00 0.00 0.00 0.00 0.00 0.00 0.00 0.00 0.00 0.00 0.00 
0.00 0.00 0.00 0.00 0.00 0.00 0.00 0.00 0.00 0.00 0.00 0.00 0.00 0.00 0.00 0.00 0.00 0.00 0.00 0.00 
0.00 0.00 0.00 0.00 0.00 0.00 0.00 0.00 0.00 0.00 0.00 0.00 0.00 0.00 0.00 0.00 0.00 0.00 0.00 0.00 
0.00 0.00 0.00 0.00 0.00 0.00 0.00 0.00 0.00 0.00 0.00 0.00 0.00 0.00 0.00 0.00 0.00 0.00 0.00 0.00 
0.00 0.00 0.00 0.00 0.00 0.00 0.00 0.00 0.00 0.00 0.00 0.00 0.00 0.00 0.00 0.00 0.00 0.00 0.00 0.00 
0.00 0.00 0.00 0.00 0.00 0.00 0.00 0.00 0.00 0.00 0.00 0.00 0.00 0.00 0.00 0.00 0.00 0.00 0.00 0.00 
0.00 0.00 0.00 0.00 0.00 0.00 0.00 0.00 0.00 0.00 0.00 0.00 0.00 0.00 0.00 0.00 0.00 0.00 0.00 0.00 
0.00 0.00 0.00 0.00 0.00 0.00 0.00 0.00 0.00 0.00 0.00 0.00 0.00 0.00 0.00 0.00 0.00 0.00 0.00 0.00 
0.00 0.00 0.00 0.00 0.00 0.00 0.00 0.00 0.00 0.00 0.00 0.00 0.00 0.00 0.00 0.00 0.00 0.00 0.00 0.00 
0.00 0.00 0.00 0.00 0.00 0.00 0.00 0.00 0.00 0.00 0.00 0.00 0.00 0.00 0.00 0.00 0.00 0.00 0.00 0.00 
0.00 0.00 0.00 0.00 0.00 0.00 0.00 0.00 0.00 0.00 0.00 0.00 0.00 0.00 0.00 0.00 0.00 0.00 0.00 0.00 
0.00 0.00 0.00 0.00 0.00 0.00 0.00 0.00 0.00 0.00 0.00 0.00 0.00 0.00 0.00 0.00 0.00 0.00 0.00 0.00 
0.00 0.00 0.00 0.00 0.00 0.00 0.00 0.00 0.00 0.00 0.00 0.00 0.00 0.00 0.00 0.00 0.00 0.00 0.00 0.00 
0.00 0.00 0.00 0.00 0.00 0.00 0.00 0.00 0.00 0.00 0.00 0.00 0.00 0.00 0.00 0.00 0.00 0.00 0.00 0.00 
0.00 0.00 0.00 0.00 0.00 0.00 0.00 0.00 0.00 0.00 0.00 0.00 0.00 0.00 0.00 0.00 0.00 0.00 0.00 0.00 
0.00 0.00 0.00 0.00 0.00 0.00 0.00 0.00 0.00 0.00 0.00 0.00 0.00 0.00 0.00 0.00 0.00 0.00 0.00 0.00 
0.00 0.00 0.00 0.00 0.00 0.00 0.00 0.00 0.00 0.00 0.00 0.00 0.00 0.00 0.00 0.00 0.00 0.00 0.00 0.00 
0.00 0.00 0.00 0.00 0.00 0.00 0.00 0.00 0.00 0.00 0.00 0.00 0.00 0.00 0.00 0.00 0.00 0.00 0.00 0.00 
0.00 0.00 0.00 0.00 0.00 0.00 0.00 0.00 0.00 0.00 0.00 0.00 0.00 0.00 0.00 0.00 0.00 0.00 0.00 0.00 
0.00 0.00 0.00 0.00 0.00 0.00 0.00 0.00 0.00 0.00 0.00 0.00 0.00 0.00 0.00 0.00 0.00 0.00 0.00 0.00 
0.00 0.00 0.00 0.00 0.00 0.00 0.00 0.00 0.00 0.00 0.00 0.00 0.00 0.00 0.00 0.00 0.00 0.00 0.00 0.00 
0.00 0.00 0.00 0.00 0.00 0.00 0.00 0.00 0.00 0.00 0.00 0.00 0.00 0.00 0.00 0.00 0.00 0.00 0.00 0.00 
0.00 0.00 0.00 0.00 0.00 0.00 0.00 0.00 0.00 0.00 0.00 0.00 0.00 0.00 0.00 0.00 0.00 0.00 0.00 0.00 
0.00 0.00 0.00 0.00 0.00 0.00 0.00 0.00 0.00 0.00 0.00 0.00 0.00 0.00 0.00 0.00 0.00 0.00 0.00 0.00 
0.00 0.00 0.00 0.00 0.00 0.00 0.00 0.00 0.00 0.00 0.00 0.00 0.00 0.00 0.00 0.00 0.00 0.00 0.00 0.00 
0.00 0.00 0.00 0.00 0.00 0.00 0.00 0.00 0.00 0.00 0.00 0.00 0.00 0.00 0.00 0.00 0.00 0.00 0.00 0.00 
0.00 0.00 0.00 0.00 0.00 0.00 0.00 0.00 0.00 0.00 0.00 0.00 0.00 0.00 0.00 0.00 0.00 0.00 0.00 0.00 
0.00 0.00 0.00 0.00 0.00 0.00 0.00 0.00 0.00 0.00 0.00 0.00 0.00 0.00 0.00 0.00 0.00 0.00 0.00 0.00 
0.00 0.00 0.00 0.00 0.00 0.00 0.00 0.00 0.00 0.00 0.00 0.00 0.00 0.00 0.00 0.00 0.00 0.00 0.00 0.00 
0.00 0.00 0.00 0.00 0.00 0.00 0.00 0.00 0.00 0.00 0.00 0.00 0.00 0.00 0.00 0.00 0.00 0.00 0.00 0.00 
0.00 0.00 0.00 0.00 0.00 0.00 0.00 0.00 0.00 0.00 0.00 0.00 0.00 0.00 0.00 0.00 0.00 0.00 0.00 0.00 
0.00 0.00 0.00 0.00 0.00 0.00 0.00 0.00 0.00 0.00 0.00 0.00 0.00 0.00 0.00 0.00 0.00 0.00 0.00 0.00 
0.00 0.00 0.00 0.00 0.00 0.00 0.00 0.00 0.00 0.00 0.00 0.00 0.00 0.00 0.00 0.00 0.00 0.00 0.00 0.00 
0.00 0.00 0.00 0.00 0.00 0.00 0.00 0.00 0.00 0.00 0.00 0.00 0.00 0.00 0.00 0.00 0.00 0.00 0.00 0.00 
0.00 0.00 0.00 0.00 0.00 0.00 0.00 0.00 0.00 0.00 0.00 0.00 0.00 0.00 0.00 0.00 0.00 0.00 0.00 0.00 
0.00 0.00 0.00 0.00 0.00 0.00 0.00 0.00 0.00 0.00 0.00 0.00 0.00 0.00 0.00 0.00 0.00 0.00 0.00 0.00 
0.00 0.00 0.00 0.00 0.00 0.00 0.00 0.00 0.00 0.00 0.00 0.00 0.00 0.00 0.00 0.00 0.00 0.00 0.00 0.00 
0.00 0.00 0.00 0.00 0.00 0.00 0.00 0.00 0.00 0.00 0.00 0.00 0.00 0.00 0.00 0.00 0.00 0.00 0.00 0.00 
0.00 0.00 0.00 0.00 0.00 0.00 0.00 0.00 0.00 0.00 0.00 0.00 0.00 0.00 0.00 0.00 0.00 0.00 0.00 0.00 
0.00 0.00 0.00 0.00 0.00 0.00 0.00 0.00 0.00 0.00 0.00 0.00 0.00 0.00 0.00 0.00 0.00 0.00 0.00 0.00 
0.00 0.00 0.00 0.00 0.00 0.00 0.00 0.00 0.00 0.00 0.00 0.00 0.00 0.00 0.00 0.00 0.00 0.00 0.00 0.00 
0.00 0.00 0.00 0.00 0.00 0.00 0.00 0.00 0.00 0.00 0.00 0.00 0.00 0.00 0.00 0.00 0.00 0.00 0.00 0.00 
0.00 0.00 0.00 0.00 0.00 0.00 0.00 0.00 0.00 0.00 0.00 0.00 0.00 0.00 0.00 0.00 0.00 0.00 0.00 0.00 
0.00 0.00 0.00 0.00 0.00 0.00 0.00 0.00 0.00 0.00 0.00 0.00 0.00 0.00 0.00 0.00 0.00 0.00 0.00 0.00 
0.00 0.00 0.00 0.00 0.00 0.00 0.00 0.00 0.00 0.00 0.00 0.00 0.00 0.00 0.00 0.00 0.00 0.00 0.00 0.00 
0.00 0.00 0.00 0.00 0.00 0.00 0.00 0.00 0.00 0.00 0.00 0.00 0.00 0.00 0.00 0.00 0.00 0.00 0.00 0.00 
0.00 0.00 0.00 0.00 0.00 0.00 0.00 0.00 0.00 0.00 0.00 0.00 0.00 0.00 0.00 0.00 0.00 0.00 0.00 0.00 
0.00 0.00 0.00 0.00 0.00 0.00 0.00 0.00 0.00 0.00 0.00 0.00 0.00 0.00 0.00 0.00 0.00 0.00 0.00 0.00 
0.00 0.00 0.00 0.00 0.00 0.00 0.00 0.00 0.00 0.00 0.00 0.00 0.00 0.00 0.00 0.00 0.00 0.00 0.00 0.00 
0.00 0.00 0.00 0.00 0.00 0.00 0.00 0.00 0.00 0.00 0.00 0.00 0.00 0.00 0.00 0.00 0.00 0.00 0.00 0.00 
0.00 0.00 0.00 0.00 0.00 0.00 0.00 0.00 0.00 0.00 0.00 0.00 0.00 0.00 0.00 0.00 0.00 0.00 0.00 0.00 
0.00 0.00 0.00 0.00 0.00 0.00 0.00 0.00 0.00 0.00 0.00 0.00 0.00 0.00 0.00 0.00 0.00 0.00 0.00 0.00 
0.00 0.00 0.00 0.00 0.00 0.00 0.00 0.00 0.00 0.00 0.00 0.00 0.00 0.00 0.00 0.00 0.00 0.00 0.00 0.00 
0.00 0.00 0.00 0.00 0.00 0.00 0.00 0.00 0.00 0.00 0.00 0.00 0.00 0.00 0.00 0.00 0.00 0.00 0.00 0.00 
0.00 0.00 0.00 0.00 0.00 0.00 0.00 0.00 0.00 0.00 0.00 0.00 0.00 0.00 0.00 0.00 0.00 0.00 0.00 0.00 
0.00 0.00 0.00 0.00 0.00 0.00 0.00 0.00 0.00 0.00 0.00 0.00 0.00 0.00 0.00 0.00 0.00 0.00 0.00 0.00 
0.00 0.00 0.00 0.00 0.00 0.00 0.00 0.00 0.00 0.00 0.00 0.00 0.00 0.00 0.00 0.00 0.00 0.00 0.00 0.00 
0.00 0.00 0.00 0.00 0.00 0.00 0.00 0.00 0.00 0.00 0.00 0.00 0.00 0.00 0.00 0.00 0.00 0.00 0.00 0.00 
0.00 0.00 0.00 0.00 0.00 0.00 0.00 0.00 0.00 0.00 0.00 0.00 0.00 0.00 0.00 0.00 0.00 0.00 0.00 0.00 
0.00 0.00 0.00 0.00 0.00 0.00 0.00 0.00 0.00 0.00 0.00 0.00 0.00 0.00 0.00 0.00 0.00 0.00 0.00 0.00 
0.00 0.00 0.00 0.00 0.00 0.00 0.00 0.00 0.00 0.00 0.00 0.00 0.00 0.00 0.00 0.00 0.00 0.00 0.00 0.00 
0.00 0.00 0.00 0.00 0.00 0.00 0.00 0.00 0.00 0.00 0.00 0.00 0.00 0.00 0.00 0.00 0.00 0.00 0.00 0.00 
0.00 0.00 0.00 0.00 0.00 0.00 0.00 0.00 0.00 0.00 0.00 0.00 0.00 0.00 0.00 0.00 0.00 0.00 0.00 0.00 
0.00 0.00 0.00 0.00 0.00 0.00 0.00 0.00 0.00 0.00 0.00 0.00 0.00 0.00 0.00 0.00 0.00 0.00 0.00 0.00 
0.00 0.00 0.00 0.00 0.00 0.00 0.00 0.00 0.00 0.00 0.00 0.00 0.00 0.00 0.00 0.00 0.00 0.00 0.00 0.00 
0.00 0.00 0.00 0.00 0.00 0.00 0.00 0.00 0.00 0.00 0.00 0.00 0.00 0.00 0.00 0.00 0.00 0.00 0.00 0.00 
0.00 0.00 0.00 0.00 0.00 0.00 0.00 0.00 0.00 0.00 0.00 0.00 0.00 0.00 0.00 0.00 0.00 0.00 0.00 0.00 
0.00 0.00 0.00 0.00 0.00 0.00 0.00 0.00 0.00 0.00 0.00 0.00 0.00 0.00 0.00 0.00 0.00 0.00 0.00 0.00 
0.00 0.00 0.00 0.00 0.00 0.00 0.00 0.00 0.00 0.00 0.00 0.00 0.00 0.00 0.00 0.00 0.00 0.00 0.00 0.00 
0.00 0.00 0.00 0.00 0.00 0.00 0.00 0.00 0.00 0.00 0.00 0.00 0.00 0.00 0.00 0.00 0.00 0.00 0.00 0.00 
0.00 0.00 0.00 0.00 0.00 0.00 0.00 0.00 0.00 0.00 0.00 0.00 0.00 0.00 0.00 0.00 0.00 0.00 0.00 0.00 
0.00 0.00 0.00 0.00 0.00 0.00 0.00 0.00 0.00 0.00 0.00 0.00 0.00 0.00 0.00 0.00 0.00 0.00 0.00 0.00 
0.00 0.00 0.00 0.00 0.00 0.00 0.00 0.00 0.00 0.00 0.00 0.00 0.00 0.00 0.00 0.00 0.00 0.00 0.00 0.00 
end   dump: w
==END   DUMP_ARRAYS==
==BEGIN DUMP_ARRAYS==
begin dump: w
7743.43 464481856.00 511041664.00 588273280.00 673481280.00 761818880.00 851652224.00 942463872.00 1033313152.00 1125436288.00 1216817536.00 1309491712.00 1401397376.00 1494028160.00 1586304512.00 1678479872.00 1770408448.00 1864104320.00 1956420352.00 2049071232.00 
2140660224.00 2234899712.00 2327418368.00 2420295424.00 2512436480.00 2603924224.00 2698468352.00 2791201536.00 2884002048.00 2977183488.00 3069053184.00 3161869824.00 3253301248.00 3348213248.00 3441174016.00 3533699840.00 3626390784.00 3719449088.00 3812262656.00 3905317632.00 
3995549696.00 4091070720.00 4183915008.00 4275974400.00 4369734144.00 4462460416.00 4555883008.00 4648286208.00 4740235264.00 4834149376.00 4923637248.00 5019892736.00 5112804352.00 5205931008.00 5298290688.00 5391255552.00 5483977216.00 5577311744.00 5670799872.00 5763369984.00 
5854691328.00 5948839936.00 6041448448.00 6135407616.00 6225589760.00 6320232960.00 6413350912.00 6506350592.00 6599183360.00 6692919296.00 6784403968.00 6877479936.00 6970407936.00 7063977984.00 7156254208.00 7247886848.00 7342384128.00 7435815936.00 7528381952.00 7621342720.00 
7708706304.00 7807197696.00 7900019200.00 7992926208.00 8085695488.00 8178162688.00 8271241728.00 8365555712.00 8457081856.00 8550872064.00 8642757632.00 8736831488.00 8829193216.00 8920053760.00 9014991872.00 9107512320.00 9198723072.00 9293822976.00 9386747904.00 9479489536.00 
9565647872.00 9665289216.00 9758210048.00 9851105280.00 9943819264.00 10036658176.00 10130069504.00 10222954496.00 10315123712.00 10408886272.00 10501109760.00 10594073600.00 10686572544.00 10780984320.00 10873218048.00 10966102016.00 11059377152.00 11152048128.00 11245296640.00 11338102784.00 
11428194304.00 11523586048.00 11616732160.00 11709468672.00 11802309632.00 11886727168.00 11988818944.00 12082900992.00 12172212224.00 12264342528.00 12359600128.00 12453011456.00 12545855488.00 12638726144.00 12731933696.00 12824529920.00 12917255168.00 13010898944.00 13105105920.00 13196864512.00 
13288143872.00 13382288384.00 13474972672.00 13569067008.00 13660170240.00 13753800704.00 13847223296.00 13939779584.00 14031858688.00 14126050304.00 14215279616.00 14312175616.00 14404122624.00 14496958464.00 14591197184.00 14683021312.00 14776099840.00 14869404672.00 14962048000.00 15055010816.00 
15136844800.00 15241005056.00 15333822464.00 15426655232.00 15519497216.00 15612441600.00 15705285632.00 15798956032.00 15890933760.00 15983054848.00 16076435456.00 16170164224.00 16262643712.00 16355812352.00 16450800640.00 16540219392.00 16633765888.00 16728461312.00 16820683776.00 16913327104.00 
17005051904.00 17099580416.00 17193256960.00 17284788224.00 17377783808.00 17470871552.00 17562931200.00 17656936448.00 17749673984.00 17842872320.00 17934708736.00 18028916736.00 18119464960.00 18214592512.00 18307420160.00 18399719424.00 18493016064.00 18586103808.00 18678654976.00 18771460096.00 
18851096576.00 18957719552.00 19050407936.00 19143833600.00 19236472832.00 19328980992.00 19422363648.00 19515604992.00 19607310336.00 19701377024.00 19793227776.00 19887720448.00 19979993088.00 20072968192.00 20165988352.00 20258502656.00 20351066112.00 20444870656.00 20537503744.00 20630470656.00 
20722145280.00 20816730112.00 20908107776.00 21002872832.00 21093158912.00 21186498560.00 21281216512.00 21374101504.00 21466705920.00 21559855104.00 21652207616.00 21745596416.00 21838276608.00 21930653696.00 22024198144.00 22116141056.00 22210553856.00 22303262720.00 22396108800.00 22489278464.00 
22576556032.00 22675273728.00 22767855616.00 22861092864.00 22953644032.00 23046719488.00 23139428352.00 23232649216.00 23324839936.00 23418105856.00 23493820416.00 23604523008.00 23697274880.00 23790213120.00 23883737088.00 23975686144.00 24066752512.00 24161755136.00 24253261824.00 24348295168.00 
24439314432.00 24533757952.00 24626208768.00 24719319040.00 24811790336.00 24904818688.00 24997564416.00 25092278272.00 25184102400.00 25277077504.00 25369362432.00 25462605824.00 25554724864.00 25648973824.00 25742067712.00 25832785920.00 25928011776.00 26020413440.00 26113406976.00 26205612032.00 
26296444928.00 26392182784.00 26484887552.00 26577850368.00 26670405632.00 26762936320.00 26858289152.00 26950301696.00 27040571392.00 27135711232.00 27227940864.00 27321731072.00 27414185984.00 27507431424.00 27599970304.00 27692775424.00 27785168896.00 27879077888.00 27971909632.00 28064700416.00 
28150822912.00 28250529792.00 28343705600.00 28435822592.00 28528304128.00 28621930496.00 28714792960.00 28807663616.00 28902676480.00 28994377728.00 29086511104.00 29179996160.00 29272383488.00 29365825536.00 29458892800.00 29551474688.00 29644587008.00 29737515008.00 29830438912.00 29923174400.00 
30005207040.00 30109534208.00 30202058752.00 30295226368.00 30387644416.00 30479271936.00 30573760512.00 30666811392.00 30759262208.00 30852270080.00 30944868352.00 31038205952.00 31130738688.00 31222519808.00 31318147072.00 31410270208.00 31502274560.00 31596480512.00 31688398848.00 31783458816.00 
31873544192.00 31967774720.00 32060553216.00 32154064896.00 32246036480.00 32339304448.00 32432302080.00 32525166592.00 32618964992.00 32711872512.00 32800704512.00 32897239040.00 32987789312.00 33084207104.00 33176137728.00 33268391936.00 33361432576.00 33454579712.00 33547341824.00 33640871936.00 
33730484224.00 33826093056.00 33919002624.00 34010976256.00 34106972160.00 34198231040.00 34290925568.00 34384281600.00 34475905024.00 34569531392.00 34662068224.00 34755657728.00 34847936512.00 34941538304.00 35034329088.00 35118542848.00 35219828736.00 35313238016.00 35406163968.00 35499114496.00 
35590512640.00 35689246720.00 35777855488.00 35871248384.00 35961532416.00 36056313856.00 36149551104.00 36241555456.00 36335210496.00 36428419072.00 36520472576.00 36614336512.00 36706381824.00 36799913984.00 36892839936.00 36985319424.00 37078294528.00 37171544064.00 37264015360.00 37356597248.00 
37422657536.00 37544161280.00 37636620288.00 37729538048.00 37822038016.00 37914832896.00 38008152064.00 38101245952.00 38193360896.00 38286991360.00 38379032576.00 38472962048.00 38565498880.00 38658416640.00 38751956992.00 38844215296.00 38935199744.00 39030448128.00 39123320832.00 39215996928.00 
39307636736.00 39397240832.00 39495028736.00 39587905536.00 39680348160.00 39772102656.00 39866531840.00 39959547904.00 40052191232.00 40145727488.00 40237785088.00 40331247616.00 40423084032.00 40517353472.00 40610091008.00 40702791680.00 40795623424.00 40888991744.00 40981655552.00 41074118656.00 
41164746752.00 41260392448.00 41353248768.00 41445949440.00 41536618496.00 41634037760.00 41725988864.00 41818554368.00 41909182464.00 42004660224.00 42093666304.00 42190036992.00 42282831872.00 42375880704.00 42468646912.00 42561454080.00 42654052352.00 42747006976.00 42840018944.00 42931867648.00 
43024920576.00 43118903296.00 43212201984.00 43305230336.00 43396984832.00 43490271232.00 43583315968.00 43676344320.00 43769327616.00 43862503424.00 43954450432.00 44049055744.00 44141043712.00 44234317824.00 44327211008.00 44418473984.00 44512706560.00 44605902848.00 44699058176.00 44791709696.00 
44873719808.00 44977586176.00 45070622720.00 45163589632.00 45256269824.00 45349703680.00 45442625536.00 45535391744.00 45627920384.00 45721337856.00 45813542912.00 45906935808.00 45999665152.00 46092873728.00 46185586688.00 46278242304.00 46370373632.00 46464208896.00 46556913664.00 46649126912.00 
46708686848.00 46837702656.00 46929850368.00 47023124480.00 47114993664.00 47207968768.00 47301033984.00 47393648640.00 47487057920.00 47579602944.00 47672094720.00 47765647360.00 47856414720.00 47951892480.00 48044371968.00 48136970240.00 48229347328.00 48322641920.00 48416280576.00 48509091840.00 
48599252992.00 48694562816.00 48788365312.00 48880619520.00 48973459456.00 49064935424.00 49159376896.00 49252581376.00 49344311296.00 49438179328.00 49530515456.00 49624248320.00 49716584448.00 49808809984.00 49903443968.00 49995706368.00 50088382464.00 50181824512.00 50274406400.00 50366971904.00 
50459144192.00 50553524224.00 50646261760.00 50739343360.00 50830004224.00 50924560384.00 51018354688.00 51110326272.00 51204018176.00 51295105024.00 51386335232.00 51482595328.00 51575517184.00 51668951040.00 51761512448.00 51854045184.00 51947237376.00 52040491008.00 52132724736.00 52225990656.00 
52313501696.00 52412051456.00 52505063424.00 52597764096.00 52690329600.00 52783292416.00 52876181504.00 52969308160.00 53061562368.00 53154566144.00 53246484480.00 53336965120.00 53437210624.00 53528113152.00 53620842496.00 53711814656.00 53804154880.00 53899354112.00 53992017920.00 54085124096.00 
54176489472.00 54270279680.00 54363693056.00 54456778752.00 54549012480.00 54642098176.00 54735486976.00 54828093440.00 54920675328.00 55014187008.00 55106236416.00 55199948800.00 55291645952.00 55386095616.00 55478624256.00 55571267584.00 55664480256.00 55756156928.00 55850168320.00 55943077888.00 
56022384640.00 56129228800.00 56222023680.00 56315031552.00 56407830528.00 56500555776.00 56592375808.00 56686497792.00 56777506816.00 56872873984.00 56964718592.00 57058381824.00 57151029248.00 57244102656.00 57336958976.00 57428496384.00 57523433472.00 57616281600.00 57709043712.00 57801736192.00 
57893580800.00 57987461120.00 58080456704.00 58173718528.00 58265460736.00 58350837760.00 58452488192.00 58545250304.00 58638036992.00 58731163648.00 58823426048.00 58916589568.00 59009974272.00 59103236096.00 59195613184.00 59288768512.00 59381428224.00 59474526208.00 59567378432.00 59660316672.00 
59742318592.00 59846336512.00 59939684352.00 60032253952.00 60124758016.00 60217143296.00 60310917120.00 60403568640.00 60496179200.00 60589711360.00 60679110656.00 60775260160.00 60868214784.00 60960862208.00 61054296064.00 61146943488.00 61239025664.00 61332582400.00 61425651712.00 61518495744.00 
61610373120.00 61704425472.00 61797224448.00 61890260992.00 61982261248.00 62074818560.00 62165663744.00 62270156800.00 62357086208.00 62449422336.00 62541385728.00 62634733568.00 62725406720.00 62820360192.00 62913351680.00 63004454912.00 63098597376.00 63192244224.00 63285489664.00 63377743872.00 
63468007424.00 63563784192.00 63656398848.00 63750131712.00 63842197504.00 63934967808.00 64028332032.00 64121180160.00 64212963328.00 64307240960.00 64399511552.00 64493006848.00 64585494528.00 64678600704.00 64771354624.00 64864075776.00 64957304832.00 65050583040.00 65143521280.00 65235939328.00 
65322168320.00 65421873152.00 65514983424.00 65607839744.00 65698533376.00 65793220608.00 65889312768.00 65979936768.00 66072551424.00 66165665792.00 66257862656.00 66350977024.00 66443763712.00 66537185280.00 66629791744.00 66722922496.00 66815688704.00 66909270016.00 67002847232.00 67094769664.00 
67182092288.00 67280490496.00 67373375488.00 67466424320.00 67559120896.00 67650502656.00 67744600064.00 67835465728.00 67931627520.00 68024332288.00 68116516864.00 68210073600.00 68302667776.00 68395839488.00 68488790016.00 68581429248.00 68672421888.00 68767891456.00 68860215296.00 68953079808.00 
69044797440.00 69139628032.00 69232050176.00 69324972032.00 69417263104.00 69510561792.00 69603737600.00 69696905216.00 69789409280.00 69881962496.00 69958123520.00 70068772864.00 70160506880.00 70254526464.00 70347309056.00 70439944192.00 70532833280.00 70626222080.00 70718988288.00 70811877376.00 
70902087680.00 70997671936.00 71092731904.00 71183196160.00 71276191744.00 71369203712.00 71463247872.00 71555227648.00 71645978624.00 71740506112.00 71833583616.00 71926964224.00 72020066304.00 72112709632.00 72205271040.00 72297168896.00 72391016448.00 72484659200.00 72577744896.00 72670322688.00 
72761933824.00 72856125440.00 72949211136.00 73042149376.00 73133809664.00 73227436032.00 73320751104.00 73413804032.00 73506545664.00 73599713280.00 73691611136.00 73785360384.00 73877635072.00 73970737152.00 74063699968.00 74156335104.00 74249175040.00 74342203392.00 74434289664.00 74525368320.00 
74566197248.00 74718568448.00 74809565184.00 74901782528.00 74994270208.00 75086970880.00 75180105728.00 75272609792.00 75365220352.00 75459674112.00 75550900224.00 75644796928.00 75737128960.00 75829567488.00 75923193856.00 76015869952.00 76107931648.00 76201852928.00 76294619136.00 76387762176.00 
76479225856.00 76573458432.00 76666617856.00 76759384064.00 76852035584.00 76943548416.00 77037993984.00 77130670080.00 77224075264.00 77316882432.00 77409214464.00 77502808064.00 77593509888.00 77688258560.00 77781786624.00 77874249728.00 77967319040.00 78060339200.00 78153302016.00 78246232064.00 
78336376832.00 78431805440.00 78522572800.00 78618263552.00 78710562816.00 78803279872.00 78896619520.00 78989443072.00 79081439232.00 79175598080.00 79265071104.00 79360688128.00 79454044160.00 79547179008.00 79640051712.00 79732776960.00 79825149952.00 79915597824.00 80012296192.00 80104865792.00 
80196542464.00 80290709504.00 80383475712.00 80476635136.00 80567205888.00 80662544384.00 80755597312.00 80848658432.00 80941080576.00 81033789440.00 81126735872.00 81220124672.00 81312407552.00 81405779968.00 81498677248.00 81583005696.00 81684381696.00 81777106944.00 81869250560.00 81963311104.00 
82050654208.00 82149130240.00 82241937408.00 82334728192.00 82427723776.00 82520399872.00 82613501952.00 82706276352.00 82797944832.00 82902941696.00 82985893888.00 83079282688.00 83171647488.00 83264708608.00 83357327360.00 83450134528.00 83541024768.00 83636084736.00 83729915904.00 83822084096.00 
83907928064.00 84007813120.00 84100800512.00 84193484800.00 84286291968.00 84379369472.00 84472438784.00 84565442560.00 84658003968.00 84749172736.00 84843700224.00 84937187328.00 85028954112.00 85122768896.00 85215518720.00 85308538880.00 85401288704.00 85495005184.00 85586722816.00 85680644096.00 
85770625024.00 85866094592.00 85958770688.00 86045138944.00 86145433600.00 86236643328.00 86331080704.00 86424068096.00 86514827264.00 86609788928.00 86701850624.00 86795575296.00 86888079360.00 86980919296.00 87074308096.00 87166902272.00 87259521024.00 87353294848.00 87445970944.00 87538728960.00 
87630430208.00 87723180032.00 87818084352.00 87910809600.00 88002682880.00 88096333824.00 88189534208.00 88282669056.00 88375246848.00 88468103168.00 88557780992.00 88654192640.00 88746221568.00 88840372224.00 88932974592.00 89025552384.00 89118629888.00 89211822080.00 89304473600.00 89397600256.00 
89479471104.00 89583583232.00 89675767808.00 89770098688.00 89861988352.00 89954713600.00 90048159744.00 90140696576.00 90233446400.00 90326687744.00 90419339264.00 90512687104.00 90605477888.00 90700996608.00 90791452672.00 90882695168.00 90976403456.00 91070201856.00 91163279360.00 91255816192.00 
91347697664.00 91441659904.00 91534639104.00 91627700224.00 91720122368.00 91813257216.00 91906269184.00 91998199808.00 92092030976.00 92184879104.00 92277243904.00 92370960384.00 92461547520.00 92556378112.00 92649234432.00 92741648384.00 92834537472.00 92927344640.00 93018972160.00 93108985856.00 
93138059264.00 93306339328.00 93396254720.00 93488365568.00 93580713984.00 93673316352.00 93766361088.00 93859577856.00 93950853120.00 94043979776.00 94136786944.00 94231404544.00 94322909184.00 94416363520.00 94508974080.00 94601854976.00 94694637568.00 94788304896.00 94880530432.00 94973599744.00 
95065268224.00 95159181312.00 95252275200.00 95345270784.00 95436054528.00 95529385984.00 95624151040.00 95716442112.00 95809601536.00 95902973952.00 95995011072.00 96088743936.00 96180805632.00 96274653184.00 96367099904.00 96460193792.00 96553017344.00 96642801664.00 96739287040.00 96832421888.00 
96919519232.00 97017937920.00 97110384640.00 97203412992.00 97296769024.00 97389330432.00 97482350592.00 97575559168.00 97667915776.00 97761230848.00 97850941440.00 97947172864.00 98039554048.00 98133671936.00 98225963008.00 98318688256.00 98409725952.00 98505236480.00 98597535744.00 98690932736.00 
98782208000.00 98876235776.00 98969329664.00 99062194176.00 99154534400.00 99247734784.00 99340402688.00 99435151360.00 99527000064.00 99620118528.00 99712245760.00 99805683712.00 99897614336.00 99991371776.00 100084473856.00 100175675392.00 100270047232.00 100365058048.00 100455907328.00 100549271552.00 
100639350784.00 100734156800.00 100827955200.00 100920795136.00 101013594112.00 101106335744.00 101199396864.00 101292687360.00 101383225344.00 101477646336.00 101569880064.00 101672665088.00 101757632512.00 101850365952.00 101942853632.00 102035890176.00 102128640000.00 102221946880.00 102313934848.00 102407798784.00 
102493732864.00 102593634304.00 102686310400.00 102779273216.00 102871457792.00 102965125120.00 103058276352.00 103151050752.00 103243898880.00 103336861696.00 103429087232.00 103520247808.00 103615512576.00 103708712960.00 103801561088.00 103894286336.00 103987118080.00 104080424960.00 104172945408.00 104266301440.00 
104348082176.00 104452046848.00 104545140736.00 104638013440.00 104730722304.00 104815190016.00 104916656128.00 105009684480.00 105101885440.00 105195266048.00 105287753728.00 105381339136.00 105473687552.00 105567043584.00 105659858944.00 105752690688.00 105844924416.00 105938763776.00 106031456256.00 106124394496.00 
106215915520.00 106309730304.00 106401439744.00 106509737984.00 106590461952.00 106682933248.00 106775724032.00 106868498432.00 106961346560.00 107054530560.00 107143790592.00 107240382464.00 107330871296.00 107426021376.00 107519049728.00 107611504640.00 107704500224.00 107797389312.00 107891015680.00 107983560704.00 
108073721856.00 108169297920.00 108261990400.00 108355526656.00 108447883264.00 108540682240.00 108633825280.00 108727066624.00 108818833408.00 108912680960.00 109004988416.00 109098680320.00 109191364608.00 109284433920.00 109377224704.00 109468483584.00 109562150912.00 109656686592.00 109749182464.00 109842276352.00 
109933576192.00 110027898880.00 110120902656.00 110213554176.00 110304468992.00 110398660608.00 110492516352.00 110585577472.00 110678065152.00 110770954240.00 110863589376.00 110956838912.00 111049539584.00 111144468480.00 111235203072.00 111328501760.00 111421399040.00 111514394624.00 111607218176.00 111699615744.00 
111765610496.00 111887245312.00 111979675648.00 112071860224.00 112165126144.00 112257933312.00 112351051776.00 112444096512.00 112536436736.00 112629571584.00 112722313216.00 112814981120.00 112907796480.00 113001914368.00 113094434816.00 113187061760.00 113278263296.00 113372708864.00 113466368000.00 113559126016.00 
113650679808.00 113744756736.00 113837457408.00 113930731520.00 114023251968.00 114115100672.00 114209431552.00 114302935040.00 114395258880.00 114488205312.00 114579996672.00 114676473856.00 114766528512.00 114860318720.00 114952880128.00 115045654528.00 115138625536.00 115231956992.00 115324174336.00 115417686016.00 
115507830784.00 115603513344.00 115696369664.00 115789414400.00 115881984000.00 115974946816.00 116068171776.00 116160880640.00 116251770880.00 116346626048.00 116422320128.00 116533133312.00 116625899520.00 116717633536.00 116811497472.00 116904550400.00 116996964352.00 117089869824.00 117183193088.00 117276073984.00 
117367848960.00 117461999616.00 117554692096.00 117646491648.00 117740101632.00 117833711616.00 117926764544.00 118019743744.00 118112149504.00 118205661184.00 118297968640.00 118391013376.00 118483591168.00 118577790976.00 118670196736.00 118761398272.00 118855770112.00 118949412864.00 119041654784.00 119134961664.00 
119216685056.00 119320666112.00 119413268480.00 119504773120.00 119599390720.00 119692075008.00 119785570304.00 119878180864.00 119970430976.00 120063827968.00 120156110848.00 120249524224.00 120342601728.00 120435818496.00 120527929344.00 120621260800.00 120713461760.00 120807022592.00 120899993600.00 120993325056.00 
121079185408.00 121179070464.00 121271754752.00 121364873216.00 121457369088.00 121550610432.00 121643360256.00 121736593408.00 121829343232.00 121922125824.00 122014769152.00 122108207104.00 122199007232.00 122294206464.00 122386718720.00 122479443968.00 122572595200.00 122665459712.00 122758430720.00 122851745792.00 
122941612032.00 123037097984.00 123129757696.00 123222982656.00 123315527680.00 123406843904.00 123501199360.00 123593883648.00 123685437440.00 123778957312.00 123870535680.00 123962941440.00 124052250624.00 124122193920.00 124261351424.00 124344819712.00 124435054592.00 124527460352.00 124619726848.00 124712337408.00 
124803702784.00 124897673216.00 124990464000.00 125083361280.00 125173874688.00 125268910080.00 125361774592.00 125454884864.00 125547544576.00 125640441856.00 125729955840.00 125826891776.00 125918601216.00 126012432384.00 126105075712.00 126197702656.00 126290829312.00 126383390720.00 126476492800.00 126569766912.00 
126657077248.00 126755659776.00 126848163840.00 126941167616.00 127034032128.00 127126683648.00 127220105216.00 127312904192.00 127405342720.00 127498756096.00 127591104512.00 127684517888.00 127777300480.00 127870566400.00 127963168768.00 128047497216.00 128146964480.00 128241672192.00 128335069184.00 128427769856.00 
128519659520.00 128613908480.00 128706822144.00 128799629312.00 128891994112.00 128985571328.00 129078353920.00 129171488768.00 129264099328.00 129357357056.00 129449451520.00 129542471680.00 129634902016.00 129728995328.00 129822105600.00 129914421248.00 130007580672.00 130100822016.00 130193252352.00 130286051328.00 
130365480960.00 130472255488.00 130565308416.00 130658631680.00 130751021056.00 130843770880.00 130937012224.00 131029909504.00 131120578560.00 131215450112.00 131307880448.00 131400949760.00 131495501824.00 131587620864.00 131680403456.00 131773128704.00 131865640960.00 131959103488.00 132052066304.00 132144840704.00 
132236746752.00 132330668032.00 132423696384.00 132516675584.00 132608581632.00 132700708864.00 132795301888.00 132888043520.00 132980400128.00 133075476480.00 133166964736.00 133260279808.00 133352480768.00 133446057984.00 133539577856.00 133631655936.00 133725036544.00 133817786368.00 133910454272.00 134003515392.00 
134085189632.00 134189998080.00 134282289152.00 134375194624.00 134467911680.00 134560841728.00 134653812736.00 134747029504.00 134839410688.00 134932955136.00 135022272512.00 135118954496.00 135211196416.00 135304183808.00 135396073472.00 135491813376.00 135582760960.00 135676592128.00 135769358336.00 135862165504.00 
135953702912.00 136048132096.00 136140955648.00 136233590784.00 136326291456.00 136419336192.00 136512356352.00 136605786112.00 136698445824.00 136791392256.00 136883617792.00 136977260544.00 137067913216.00 137162727424.00 137256779776.00 137347440640.00 137441460224.00 137534996480.00 137627500544.00 137721315328.00 
137810853888.00 137906274304.00 137999613952.00 138092511232.00 138185244672.00 138277847040.00 138371350528.00 138464165888.00 138555867136.00 138649829376.00 138742054912.00 138835492864.00 138928390144.00 139021434880.00 139114790912.00 139207032832.00 139299618816.00 139392843776.00 139485429760.00 139578081280.00 
139637440512.00 139766595584.00 139858460672.00 139951374336.00 140042010624.00 140136808448.00 140229984256.00 140322865152.00 140415385600.00 140508725248.00 140600901632.00 140694142976.00 140786892800.00 140880150528.00 140973129728.00 141065715712.00 141158924288.00 141251657728.00 141344931840.00 141438844928.00 
141525286912.00 141623721984.00 141716488192.00 141809221632.00 141903282176.00 141993869312.00 142088077312.00 142181072896.00 142273593344.00 142367031296.00 142459600896.00 142553268224.00 142646018048.00 142738882560.00 142831779840.00 142924382208.00 143015264256.00 143110242304.00 143202205696.00 143297314816.00 
143388295168.00 143482765312.00 143575203840.00 143668445184.00 143760785408.00 143853666304.00 143946596352.00 144039854080.00 144132407296.00 144225746944.00 144315236352.00 144409591808.00 144503390208.00 144597417984.00 144690184192.00 144782442496.00 144876453888.00 144969138176.00 145061986304.00 145154998272.00 
145245061120.00 145342840832.00 145433640960.00 145526767616.00 145619255296.00 145711480832.00 145805524992.00 145897537536.00 145989091328.00 146084298752.00 146176294912.00 146270076928.00 146363072512.00 146455560192.00 146548703232.00 146640142336.00 146734448640.00 146827329536.00 146920751104.00 147014483968.00 
147105021952.00 147199164416.00 147292291072.00 147384975360.00 147477069824.00 147571032064.00 147663421440.00 147756744704.00 147849330688.00 147942113280.00 148034781184.00 148128432128.00 148220788736.00 148314243072.00 148407189504.00 148499267584.00 148592164864.00 148685078528.00 148777320448.00 148868628480.00 
148909260800.00 149061713920.00 149152563200.00 149245476864.00 149337505792.00 149430042624.00 149522972672.00 149616099328.00 149708242944.00 149801517056.00 149893906432.00 149987426304.00 150080569344.00 150173728768.00 150265511936.00 150358851584.00 150451044352.00 150543040512.00 150638231552.00 150729719808.00 
150822305792.00 150916562944.00 151009656832.00 151102111744.00 151194894336.00 151279763456.00 151380951040.00 151474257920.00 151567056896.00 151659921408.00 151752556544.00 151845879808.00 151936630784.00 152031772672.00 152124686336.00 152217075712.00 152309989376.00 152403804160.00 152496259072.00 152589369344.00 
152679497728.00 152772902912.00 152868012032.00 152961171456.00 153053741056.00 153146408960.00 153239617536.00 153327337472.00 153425018880.00 153518702592.00 153608175616.00 153704497152.00 153796853760.00 153890357248.00 153983041536.00 154075201536.00 154168524800.00 154261929984.00 154354679808.00 154448134144.00 
154539409408.00 154633420800.00 154726465536.00 154819510272.00 154910146560.00 155004928000.00 155097382912.00 155192868864.00 155284537344.00 155377434624.00 155469627392.00 155563048960.00 155655553024.00 155748614144.00 155841691648.00 155933114368.00 156027518976.00 156120399872.00 156213379072.00 156305358848.00 
156393816064.00 156492333056.00 156584968192.00 156678111232.00 156769632256.00 156863971328.00 156956983296.00 157049618432.00 157142253568.00 157235855360.00 157327818752.00 157421158400.00 157513924608.00 157607559168.00 157700210688.00 157793370112.00 157883990016.00 157981655040.00 158071865344.00 158165008384.00 
158251057152.00 158350934016.00 158443388928.00 158536941568.00 158629068800.00 158722375680.00 158815404032.00 158907711488.00 159000903680.00 159093964800.00 159186305024.00 159279693824.00 159371247616.00 159464488960.00 159552290816.00 159654019072.00 159745572864.00 159838519296.00 159930925056.00 160023166976.00 
160114016256.00 160209764352.00 160302497792.00 160395296768.00 160488013824.00 160579665920.00 160674004992.00 160766935040.00 160857800704.00 160952975360.00 161045479424.00 161139081216.00 161231601664.00 161324597248.00 161417756672.00 161510309888.00 161603092480.00 161696186368.00 161788952576.00 161880915968.00 
161973846016.00 162067972096.00 162161328128.00 162253815808.00 162345844736.00 162439413760.00 162532524032.00 162625454080.00 162718236672.00 162811166720.00 162886877184.00 162997174272.00 163089891328.00 163183230976.00 163275800576.00 163368730624.00 163461169152.00 163554246656.00 163647815680.00 163740631040.00 
163822534656.00 163926130688.00 164019388416.00 164112482304.00 164205101056.00 164298047488.00 164390993920.00 164484186112.00 164576624640.00 164669702144.00 164761993216.00 164856496128.00 164948279296.00 165041569792.00 165134237696.00 165225496576.00 165318852608.00 165412110336.00 165511561216.00 165600067584.00 
165691457536.00 165785288704.00 165878317056.00 165971247104.00 166063652864.00 166156615680.00 166249742336.00 166342819840.00 166435454976.00 166528434176.00 166621052928.00 166714146816.00 166805307392.00 166899499008.00 166993182720.00 167085899776.00 167179288576.00 167271776256.00 167364820992.00 167457832960.00 
167536754688.00 167643971584.00 167736573952.00 167829798912.00 167922499584.00 168015347712.00 168108244992.00 168201388032.00 168293122048.00 168386953216.00 168479637504.00 168572731392.00 168665628672.00 168758788096.00 168851783680.00 168944107520.00 169036890112.00 169130049536.00 169219260416.00 169317220352.00 
169408495616.00 169502310400.00 169595338752.00 169688088576.00 169778872320.00 169872457728.00 169966485504.00 170059874304.00 170152574976.00 170246111232.00 170338271232.00 170432036864.00 170523721728.00 170617143296.00 170710515712.00 170803036160.00 170895720448.00 170989043712.00 171082514432.00 171175002112.00 
171262427136.00 171360485376.00 171453349888.00 171546050560.00 171639259136.00 171731812352.00 171821744128.00 171919114240.00 172011208704.00 172104482816.00 172193792000.00 172290277376.00 172383010816.00 172475908096.00 172568821760.00 172661522432.00 172752666624.00 172846891008.00 172940738560.00 173033422848.00 
173125107712.00 173219299328.00 173311721472.00 173403914240.00 173497483264.00 173590544384.00 173683163136.00 173778075648.00 173869826048.00 173963460608.00 174055211008.00 174149320704.00 174240497664.00 174334345216.00 174427389952.00 174511702016.00 174613102592.00 174706196480.00 174798946304.00 174891778048.00 
174982201344.00 175077851136.00 175169945600.00 175264284672.00 175356510208.00 175449227264.00 175542321152.00 175635611648.00 175726231552.00 175821996032.00 175913385984.00 176007462912.00 176099901440.00 176192700416.00 176285761536.00 176379576320.00 176471490560.00 176564682752.00 176657580032.00 176751476736.00 
176836771840.00 176937271296.00 177029300224.00 177122410496.00 177213980672.00 177308729344.00 177401151488.00 177494441984.00 177586716672.00 177679548416.00 177772085248.00 177865555968.00 177957896192.00 178047631360.00 178144804864.00 178237227008.00 178330140672.00 178423414784.00 178516131840.00 178608750592.00 
178690998272.00 178795233280.00 178887770112.00 178980372480.00 179073253376.00 179164872704.00 179261145088.00 179351896064.00 179445022720.00 179538739200.00 179630587904.00 179720945664.00 179817218048.00 179910082560.00 180002684928.00 180095385600.00 180188037120.00 180281606144.00 180374683648.00 180467449856.00 
180559282176.00 180653260800.00 180746027008.00 180839923712.00 180931821568.00 181024964608.00 181119172608.00 181210824704.00 181303492608.00 181396996096.00 181486469120.00 181582364672.00 181673459712.00 181768077312.00 181861285888.00 181953921024.00 182047178752.00 182140354560.00 182233202688.00 182325903360.00 
182416228352.00 182511714304.00 182604627968.00 182698000384.00 182790471680.00 182883581952.00 182976217088.00 183069491200.00 183161126912.00 183255367680.00 183347560448.00 183439638528.00 183533551616.00 183626940416.00 183719149568.00 183810654208.00 183904993280.00 183997120512.00 184090853376.00 184184258560.00 
184275566592.00 184369938432.00 184462671872.00 184555405312.00 184646107136.00 184740855808.00 184833654784.00 184926846976.00 185019285504.00 185112412160.00 185204424704.00 185297715200.00 185389793280.00 185483165696.00 185575227392.00 185666945024.00 185758859264.00 185850216448.00 185938919424.00 186020315136.00 
185997033472.00 186253033472.00 186334167040.00 186423263232.00 186513965056.00 186605748224.00 186697859072.00 186790330368.00 186882457600.00 186975567872.00 187067547648.00 187161051136.00 187253456896.00 187346452480.00 187439513600.00 187531493376.00 187622670336.00 187717877760.00 187810168832.00 187903033344.00 
187994898432.00 188089008128.00 188182396928.00 188276097024.00 188367126528.00 188459040768.00 188554199040.00 188646211584.00 188739026944.00 188833775616.00 188924444672.00 189017849856.00 189110255616.00 189203693568.00 189296771072.00 189389111296.00 189482254336.00 189575102464.00 189668556800.00 189761617920.00 
189851451392.00 189947166720.00 190040064000.00 190132846592.00 190225678336.00 190318510080.00 190411751424.00 190504878080.00 190595432448.00 190690689024.00 190779883520.00 190876188672.00 190969249792.00 191062376448.00 191154028544.00 191247532032.00 191340445696.00 191433359360.00 191526780928.00 191619743744.00 
191711117312.00 191805702144.00 191898402816.00 191991382016.00 192083099648.00 192177274880.00 192270204928.00 192363200512.00 192455753728.00 192552222720.00 192641433600.00 192734789632.00 192827113472.00 192921206784.00 193011646464.00 193104887808.00 193199620096.00 193292681216.00 193385365504.00 193477967872.00 
193560051712.00 193664385024.00 193757003776.00 193849819136.00 193942585344.00 194035548160.00 194128576512.00 194225553408.00 194314108928.00 194407776256.00 194499723264.00 194593636352.00 194686025728.00 194778906624.00 194872016896.00 194963980288.00 195057172480.00 195151151104.00 195243524096.00 195335733248.00 
195422666752.00 195521822720.00 195615637504.00 195708518400.00 195800580096.00 195893035008.00 195987537920.00 196080467968.00 196172873728.00 196265689088.00 196358373376.00 196451172352.00 196542775296.00 196637671424.00 196730683392.00 196823236608.00 196916248576.00 197009031168.00 197102862336.00 197195382784.00 
197285675008.00 197381505024.00 197473992704.00 197566889984.00 197659688960.00 197743984640.00 197845762048.00 197939101696.00 198030524416.00 198123700224.00 198216695808.00 198309953536.00 198403031040.00 198495387648.00 198589644800.00 198682132480.00 198774800384.00 198869172224.00 198961053696.00 199053754368.00 
199145586688.00 199239942144.00 199332397056.00 199426097152.00 199516340224.00 199611465728.00 199704150016.00 199797129216.00 199889747968.00 199982989312.00 200072380416.00 200169046016.00 200261353472.00 200354349056.00 200451096576.00 200540553216.00 200633532416.00 200726708224.00 200819621888.00 200912584704.00 
200999731200.00 201098297344.00 201190588416.00 201284222976.00 201377153024.00 201469722624.00 201562701824.00 201656107008.00 201748234240.00 201841147904.00 201933848576.00 202027220992.00 202120085504.00 202213244928.00 202306715648.00 202397630464.00 202489872384.00 202585112576.00 202677567488.00 202770726912.00 
202862231552.00 202955997184.00 203053907968.00 203143430144.00 203235426304.00 203328290816.00 203421220864.00 203514150912.00 203606966272.00 203700273152.00 203792613376.00 203886100480.00 203977981952.00 204071665664.00 204164808704.00 204257378304.00 204350111744.00 204443435008.00 204536332288.00 204629229568.00 
204708593664.00 204815433728.00 204908183552.00 205001097216.00 205093650432.00 205186531328.00 205280051200.00 205373980672.00 205463830528.00 205559201792.00 205650968576.00 205744308224.00 205837352960.00 205930430464.00 206023245824.00 206115913728.00 206208581632.00 206302068736.00 206394769408.00 206487945216.00 
206579318784.00 206673149952.00 206761771008.00 206861271040.00 206952333312.00 207044526080.00 207138635776.00 207231549440.00 207324184576.00 207416918016.00 207509815296.00 207603318784.00 207695757312.00 207789015040.00 207881781248.00 207974580224.00 208067428352.00 208160702464.00 208253698048.00 208347267072.00 
208428466176.00 208532471808.00 208625303552.00 208719069184.00 208811606016.00 208903864320.00 208997072896.00 209090068480.00 209182605312.00 209276174336.00 209351393280.00 209461821440.00 209554587648.00 209647747072.00 209740890112.00 209833033728.00 209925308416.00 210019467264.00 210111758336.00 210205245440.00 
210296750080.00 210392367104.00 210484002816.00 210577080320.00 210669387776.00 210762285056.00 210855395328.00 210949013504.00 211041206272.00 211134201856.00 211226656768.00 211320225792.00 211411009536.00 211506118656.00 211599212544.00 211690274816.00 211784794112.00 211878068224.00 211970981888.00 212063420416.00 
212153843712.00 212250066944.00 212341915648.00 212434747392.00 212527202304.00 212618559488.00 212720713728.00 212808531968.00 212899594240.00 212993523712.00 213085667328.00 213179285504.00 213271560192.00 213365473280.00 213457764352.00 213550268416.00 213643231232.00 213736407040.00 213829713920.00 213922152448.00 
214008332288.00 214108160000.00 214201188352.00 214291480576.00 214384787456.00 214479355904.00 214572875776.00 214665461760.00 214758998016.00 214852009984.00 214944055296.00 215037411328.00 215129964544.00 215223664640.00 215316054016.00 215408869376.00 215503126528.00 215595106304.00 215688036352.00 215780966400.00 
215868555264.00 215967973376.00 216059740160.00 216152752128.00 216245207040.00 216336809984.00 216431411200.00 216524587008.00 216616894464.00 216710070272.00 216802279424.00 216895635456.00 216988303360.00 217080119296.00 217175588864.00 217267847168.00 217358598144.00 217453690880.00 217546539008.00 217639927808.00 
217731350528.00 217825148928.00 217918128128.00 218011140096.00 218103480320.00 218197164032.00 218290061312.00 218382745600.00 218475675648.00 218568900608.00 218658193408.00 218754646016.00 218846314496.00 218945847296.00 219033862144.00 219126267904.00 219218935808.00 219312193536.00 219405123584.00 219500462080.00 
219588263936.00 219684175872.00 219776843776.00 219869446144.00 219962949632.00 220055486464.00 220148514816.00 220241608704.00 220332195840.00 220427223040.00 220519383040.00 220613165056.00 220705931264.00 220799172608.00 220892004352.00 220976218112.00 221077471232.00 221171122176.00 221263396864.00 221356457984.00 
221448093696.00 221543497728.00 221634723840.00 221730045952.00 221820207104.00 221913858048.00 222007558144.00 222099537920.00 222192123904.00 222285676544.00 222377820160.00 222471651328.00 222563975168.00 222657150976.00 222749769728.00 222842634240.00 222935465984.00 223028068352.00 223120539648.00 223211716608.00 
223252611072.00 223404654592.00 223495618560.00 223587893248.00 223680315392.00 223772999680.00 223865913344.00 223959089152.00 224051642368.00 224144834560.00 224237158400.00 224330956800.00 224423444480.00 224516472832.00 224609353728.00 224701923328.00 224794017792.00 224888274944.00 224980893696.00 225074053120.00 
225165770752.00 225258749952.00 225352646656.00 225445822464.00 225537769472.00 225629716480.00 225724383232.00 225817624576.00 225909964800.00 226003140608.00 226095579136.00 226189328384.00 226279866368.00 226375729152.00 226467512320.00 226561359872.00 226653274112.00 226746368000.00 226839625728.00 226930327552.00 
227022405632.00 227117940736.00 227211001856.00 227304308736.00 227396452352.00 227490136064.00 227582754816.00 227675897856.00 227767828480.00 227863314432.00 227951296512.00 228047618048.00 228140154880.00 228233461760.00 228326277120.00 228418863104.00 228511809536.00 228604739584.00 228697948160.00 228790353920.00 
228882071552.00 228975820800.00 229070667776.00 229162778624.00 229253627904.00 229348474880.00 229441437696.00 229534482432.00 229626544128.00 229720064000.00 229812371456.00 229906202624.00 229998624768.00 230092095488.00 230185091072.00 230275874816.00 230369574912.00 230463815680.00 230556401664.00 230649577472.00 
230736756736.00 230834421760.00 230928302080.00 231021723648.00 231113834496.00 231206731776.00 231299923968.00 231393198080.00 231485079552.00 231579140096.00 231670988800.00 231764410368.00 231857143808.00 231950499840.00 232042889216.00 232135999488.00 232226881536.00 232321859584.00 232414625792.00 232506818560.00 
232566030336.00 232694890496.00 232787722240.00 232880128000.00 232972632064.00 233065414656.00 233157984256.00 233251618816.00 233344385024.00 233437773824.00 233529753600.00 233623371776.00 233715253248.00 233808969728.00 233901490176.00 233994878976.00 234087645184.00 234180919296.00 234273570816.00 234366910464.00 
234456809472.00 234552016896.00 234645700608.00 234738139136.00 234831249408.00 234922377216.00 235016257536.00 235110187008.00 235200888832.00 235296014336.00 235388289024.00 235481939968.00 235574607872.00 235667619840.00 235760566272.00 235853070336.00 235945918464.00 236039356416.00 236132270080.00 236225150976.00 
236316868608.00 236411092992.00 236503597056.00 236596592640.00 236688556032.00 236781092864.00 236877168640.00 236968755200.00 237061652480.00 237154516992.00 237244055552.00 237340082176.00 237432930304.00 237526269952.00 237619265536.00 237712031744.00 237804896256.00 237897908224.00 237990969344.00 238083276800.00 
238165737472.00 238269923328.00 238362296320.00 238455455744.00 238547779584.00 238641184768.00 238733524992.00 238827077632.00 238919876608.00 239012823040.00 239105163264.00 239197732864.00 239292596224.00 239385214976.00 239477997568.00 239568912384.00 239662383104.00 239756689408.00 239849422848.00 239942664192.00 
240033939456.00 240128327680.00 240220864512.00 240314023936.00 240406462464.00 240499720192.00 240592994304.00 240685465600.00 240777068544.00 240872439808.00 240964075520.00 241057873920.00 241148346368.00 241243422720.00 241336074240.00 241429004288.00 241521786880.00 241614782464.00 241707925504.00 241800888320.00 
241879760896.00 241987256320.00 242079678464.00 242172772352.00 242265440256.00 242358255616.00 242451087360.00 242543951872.00 242636062720.00 242730975232.00 242822430720.00 242916032512.00 243008667648.00 243101843456.00 243194724352.00 243287277568.00 243380355072.00 243473399808.00 243566084096.00 243659292672.00 
243751010304.00 243845627904.00 243938115584.00 244031438848.00 244122157056.00 244208271360.00 244309868544.00 244402700288.00 244495400960.00 244588544000.00 244680933376.00 244774207488.00 244867317760.00 244960542720.00 245052637184.00 245146091520.00 245238874112.00 245331918848.00 245425160192.00 245517516800.00 
245605220352.00 245703491584.00 245796667392.00 245889581056.00 245981888512.00 246074949632.00 246168010752.00 246260744192.00 246353756160.00 246446325760.00 246536323072.00 246632792064.00 246725443584.00 246818373632.00 246911238144.00 247003971584.00 247094935552.00 247189880832.00 247282614272.00 247375462400.00 
247466639360.00 247560765440.00 247653203968.00 247745921024.00 247836884992.00 247928094720.00 248011653120.00 248151048192.00 248220499968.00 248310104064.00 248401231872.00 248494276608.00 248585601024.00 248679514112.00 248771854336.00 248863309824.00 248957501440.00 249050398720.00 249143427072.00 249236111360.00 
249326092288.00 249421594624.00 249514819584.00 249607667712.00 249700352000.00 249793445888.00 249886539776.00 249978945536.00 250069712896.00 250165329920.00 250257506304.00 250351042560.00 250443333632.00 250536525824.00 250629849088.00 250722287616.00 250815201280.00 250908704768.00 251001241600.00 251094204416.00 
251180220416.00 251279785984.00 251373207552.00 251466186752.00 251557527552.00 251651407872.00 251745107968.00 251837743104.00 251930460160.00 252023635968.00 252115795968.00 252209397760.00 252301721600.00 252394684416.00 252487483392.00 252580560896.00 252673474560.00 252768223232.00 252860088320.00 252952690688.00 
253034446848.00 253138141184.00 253231579136.00 253323935744.00 253416914944.00 253508616192.00 253603086336.00 253695639552.00 253788880896.00 253882105856.00 253973970944.00 254067638272.00 254160519168.00 254253367296.00 254346379264.00 254438916096.00 254531338240.00 254626709504.00 254718345216.00 254811029504.00 
254902845440.00 254997364736.00 255089737728.00 255183323136.00 255275286528.00 255367970816.00 255461670912.00 255555518464.00 255647350784.00 255739904000.00 255815778304.00 255926403072.00 256017121280.00 256112246784.00 256204865536.00 256297697280.00 256390922240.00 256483606528.00 256577044480.00 256669745152.00 
256760119296.00 256855621632.00 256948731904.00 257041514496.00 257134084096.00 257226932224.00 257320271872.00 257412743168.00 257504772096.00 257596915712.00 257692073984.00 257784889344.00 257877704704.00 257970094080.00 258063482880.00 258154840064.00 258248949760.00 258342436864.00 258435530752.00 258528641024.00 
258619850752.00 258714025984.00 258806530048.00 258900410368.00 258990571520.00 259085615104.00 259178921984.00 259271163904.00 259365011456.00 259458203648.00 259549839360.00 259643719680.00 259735879680.00 259829022720.00 259921952768.00 260014718976.00 260107452416.00 260201447424.00 260293181440.00 260386095104.00 
260451680256.00 260573364224.00 260665573376.00 260758781952.00 260851777536.00 260944396288.00 261037981696.00 261128749056.00 261222514688.00 261316362240.00 261408686080.00 261502402560.00 261594873856.00 261687574528.00 261780520960.00 261874040832.00 261964414976.00 262059704320.00 262152257536.00 262245220352.00 
262336872448.00 262430949376.00 262523682816.00 262616416256.00 262710149120.00 262801686528.00 262895943680.00 262988890112.00 263081607168.00 263174438912.00 263267090432.00 263360708608.00 263452229632.00 263546191872.00 263639252992.00 263732183040.00 263824801792.00 263917617152.00 264011169792.00 264103936000.00 
264194211840.00 264289681408.00 264382005248.00 264475574272.00 264568520704.00 264661123072.00 264754020352.00 264847245312.00 264937947136.00 265033072640.00 265122496512.00 265218670592.00 265311420416.00 265404317696.00 265497313280.00 265589587968.00 265681682432.00 265763405824.00 265871835136.00 265963749376.00 
266054795264.00 266148921344.00 266241572864.00 266334355456.00 266426368000.00 266519937024.00 266613030912.00 266706075648.00 266798891008.00 266891886592.00 266984243200.00 267077812224.00 267170332672.00 267263344640.00 267356012544.00 267440668672.00 267542052864.00 267635212288.00 267727863808.00 267821219840.00 
267902828544.00 268006998016.00 268100190208.00 268192579584.00 268285607936.00 268378275840.00 268471681024.00 268564856832.00 268656607232.00 268752977920.00 268842827776.00 268936364032.00 269029064704.00 269121961984.00 269214793728.00 269307346944.00 269400047616.00 269493993472.00 269586989056.00 269679460352.00 
269765541888.00 269865402368.00 269959069696.00 270050902016.00 270143602688.00 270236844032.00 270330544128.00 270422999040.00 270515208192.00 270600765440.00 270702100480.00 270795472896.00 270885814272.00 270980481024.00 271073525760.00 271166095360.00 271259336704.00 271352512512.00 271445147648.00 271539027968.00 
271628451840.00 271723954176.00 271817277440.00 271908208640.00 272002695168.00 272093904896.00 272188588032.00 272281911296.00 272373678080.00 272467427328.00 272559669248.00 272653320192.00 272745611264.00 272838180864.00 272932847616.00 273024974848.00 273117839360.00 273211080704.00 273303748608.00 273396891648.00 
273488412672.00 273582473216.00 273675452416.00 273768120320.00 273859198976.00 273953865728.00 274046910464.00 274139545600.00 274233507840.00 274326159360.00 274415714304.00 274512117760.00 274604294144.00 274697748480.00 274790678528.00 274883346432.00 274975850496.00 275069632512.00 275162660864.00 275255197696.00 
275342884864.00 275440599040.00 275533594624.00 275630358528.00 275719454720.00 275812417536.00 275906035712.00 275998605312.00 276091600896.00 276184629248.00 276276543488.00 276370423808.00 276463386624.00 276556808192.00 276649115648.00 276740571136.00 276832747520.00 276927938560.00 277020672000.00 277113929728.00 
277205254144.00 277299757056.00 277392588800.00 277484961792.00 277577465856.00 277670625280.00 277764243456.00 277856747520.00 277949874176.00 278041690112.00 278135242752.00 278229450752.00 278320545792.00 278413901824.00 278506504192.00 278599598080.00 278691905536.00 278785064960.00 278876651520.00 278966534144.00 
278995697664.00 279164092416.00 279254269952.00 279345758208.00 279438262272.00 279530995712.00 279623991296.00 279716954112.00 279807492096.00 279902289920.00 279994597376.00 280088444928.00 280181047296.00 280275091456.00 280366481408.00 280459673600.00 280551882752.00 280645500928.00 280738430976.00 280831623168.00 
280922619904.00 281017286656.00 281109561344.00 281203146752.00 281294635008.00 281387040768.00 281481674752.00 281572245504.00 281667108864.00 281760497664.00 281852477440.00 281946685440.00 282038861824.00 282132348928.00 282224721920.00 282317881344.00 282410909696.00 282503086080.00 282597261312.00 282689994752.00 
282771456000.00 282875527168.00 282968195072.00 283061321728.00 283154055168.00 283246723072.00 283339882496.00 283432943616.00 283526332416.00 283619393536.00 283708522496.00 283805155328.00 283897364480.00 283990327296.00 284083585024.00 284176187392.00 284268363776.00 284362375168.00 284455141376.00 284550168576.00 
284640477184.00 284734455808.00 284827385856.00 284920184832.00 285012590592.00 285105946624.00 285198843904.00 285292003328.00 285384605696.00 285477797888.00 285569875968.00 285663297536.00 285754294272.00 285848928256.00 285941956608.00 286033182720.00 286127259648.00 286228054016.00 286314037248.00 286406836224.00 
286497374208.00 286592761856.00 286686806016.00 286778228736.00 286871453696.00 286964219904.00 287057149952.00 287150604288.00 287242059776.00 287336005632.00 287428116480.00 287524192256.00 287614631936.00 287707889664.00 287800885248.00 287893389312.00 287986188288.00 288080068608.00 288172507136.00 288264945664.00 
288351584256.00 288451231744.00 288543113216.00 288637255680.00 288727728128.00 288822788096.00 288915783680.00 289008386048.00 289100922880.00 289193852928.00 289285767168.00 289370374144.00 289474117632.00 289566949376.00 289659486208.00 289752121344.00 289845018624.00 289938309120.00 290031042560.00 290124136448.00 
290211463168.00 290309701632.00 290403844096.00 290495954944.00 290588688384.00 290673033216.00 290774745088.00 290867609600.00 290959851520.00 291053207552.00 291145023488.00 291239297024.00 291331670016.00 291424501760.00 291517497344.00 291610329088.00 291701751808.00 291796353024.00 291889381376.00 291982409728.00 
292074029056.00 292167974912.00 292261036032.00 292357865472.00 292447256576.00 292540022784.00 292632952832.00 292725915648.00 292818812928.00 292912726016.00 293001527296.00 293097373696.00 293189648384.00 293283692544.00 293376196608.00 293469356032.00 293562482688.00 293655183360.00 293750505472.00 293841633280.00 
293931483136.00 294027001856.00 294119997440.00 294213058560.00 294305595392.00 294398394368.00 294491455488.00 294584811520.00 294675349504.00 294770704384.00 294862946304.00 294955974656.00 295048445952.00 295142752256.00 295234830336.00 295326220288.00 295420166144.00 295513849856.00 295606484992.00 295699709952.00 
295791263744.00 295885176832.00 295978598400.00 296071692288.00 296163147776.00 296256831488.00 296350056448.00 296443281408.00 296535851008.00 296628486144.00 296720924672.00 296813494272.00 296906686464.00 297000697856.00 297092677632.00 297185705984.00 297278504960.00 297371631616.00 297463775232.00 297554608128.00 
297595043840.00 297747742720.00 297838936064.00 297930850304.00 298023714816.00 298116284416.00 298209738752.00 298302472192.00 298394550272.00 298487873536.00 298580312064.00 298673668096.00 298766204928.00 298859462656.00 298952261632.00 299045519360.00 299137269760.00 299230953472.00 299323719680.00 299417206784.00 
299508531200.00 299602968576.00 299695833088.00 299788599296.00 299881201664.00 299972657152.00 300067946496.00 300160417792.00 300252692480.00 300346310656.00 300438487040.00 300532662272.00 300622938112.00 300718161920.00 300810076160.00 300903825408.00 300996755456.00 301090209792.00 301180059648.00 301275611136.00 
301365526528.00 301461340160.00 301554532352.00 301646938112.00 301739999232.00 301832896512.00 301925728256.00 302018822144.00 302110572544.00 302204518400.00 302280474624.00 302391164928.00 302483505152.00 302576074752.00 302669824000.00 302762065920.00 302855290880.00 302948089856.00 303040790528.00 303134048256.00 
303225765888.00 303320006656.00 303412805632.00 303505178624.00 303596175360.00 303691071488.00 303784263680.00 303877357568.00 303970222080.00 304063447040.00 304155197440.00 304248815616.00 304340729856.00 304437788672.00 304528588800.00 304619487232.00 304713465856.00 304806821888.00 304899883008.00 304992911360.00 
305080139776.00 305178836992.00 305270292480.00 305363615744.00 305457168384.00 305549541376.00 305643257856.00 305736122368.00 305828921344.00 305922310144.00 306014060544.00 306107482112.00 306200346624.00 306293342208.00 306384076800.00 306479267840.00 306570428416.00 306665324544.00 306758221824.00 306851381248.00 
306937102336.00 307037372416.00 307129384960.00 307222675456.00 307314655232.00 307408699392.00 307501531136.00 307594559488.00 307687424000.00 307780255744.00 307872661504.00 307965755392.00 308058030080.00 308151615488.00 308244807680.00 308337967104.00 308430700544.00 308523171840.00 308617019392.00 308709228544.00 
308800061440.00 308895416320.00 308987723776.00 309081309184.00 309173944320.00 309265596416.00 309359673344.00 309452898304.00 309543534592.00 309638529024.00 309730476032.00 309823897600.00 309915516928.00 310002810880.00 310106914816.00 310197911552.00 310290186240.00 310382493696.00 310475685888.00 310568779776.00 
310660300800.00 310754639872.00 310847537152.00 310940729344.00 311032348672.00 311125540864.00 311218700288.00 311312318464.00 311404822528.00 311497916416.00 311587274752.00 311683612672.00 311776116736.00 311869440000.00 311961976832.00 312055398400.00 312148230144.00 312241061888.00 312333369344.00 312427151360.00 
312508743680.00 312612716544.00 312705908736.00 312798969856.00 312891146240.00 312983846912.00 313077530624.00 313170100224.00 313262243840.00 313356419072.00 313448890368.00 313542017024.00 313634553856.00 313727844352.00 313820512256.00 313905020928.00 314005651456.00 314099204096.00 314192494592.00 314285621248.00 
314377207808.00 314471710720.00 314563657728.00 314656915456.00 314748928000.00 314844119040.00 314936066048.00 315028832256.00 315121762304.00 315214823424.00 315307524096.00 315400323072.00 315491385344.00 315587166208.00 315680587776.00 315772305408.00 315864612864.00 315958165504.00 316050800640.00 316144353280.00 
316222963712.00 316329885696.00 316422979584.00 316517023744.00 316608151552.00 316701638656.00 316794339328.00 316887367680.00 316979314688.00 317073424384.00 317165797376.00 317259186176.00 317352542208.00 317445111808.00 317537615872.00 317630611456.00 317723213824.00 317816373248.00 317909368832.00 318002823168.00 
318094114816.00 318188290048.00 318280826880.00 318374019072.00 318464786432.00 318558208000.00 318652186624.00 318745280512.00 318835556352.00 318936121344.00 319025283072.00 319118868480.00 319210422272.00 319304105984.00 319396970496.00 319489605632.00 319582339072.00 319675203584.00 319767642112.00 319861194752.00 
319948619776.00 320046891008.00 320140083200.00 320232587264.00 320325910528.00 320418676736.00 320511705088.00 320603979776.00 320697073664.00 320790757376.00 320880246784.00 320978026496.00 321068728320.00 321162739712.00 321254653952.00 321348108288.00 321438842880.00 321533706240.00 321627127808.00 321720057856.00 
321811578880.00 321906311168.00 321998356480.00 322091483136.00 322183823360.00 322277277696.00 322370043904.00 322464415744.00 322556198912.00 322648932352.00 322741501952.00 322834890752.00 322926968832.00 323020587008.00 323114139648.00 323204808704.00 323299311616.00 323392602112.00 323485073408.00 323578527744.00 
323668377600.00 323764224000.00 323856629760.00 323950313472.00 324043538432.00 324136140800.00 324228612096.00 324321411072.00 324412571648.00 324508024832.00 324599480320.00 324693917696.00 324785668096.00 324879450112.00 324971954176.00 325064982528.00 325157552128.00 325250154496.00 325342986240.00 325435490304.00 
325494964224.00 325623906304.00 325715951616.00 325809012736.00 325900926976.00 325993889792.00 326087639040.00 326180274176.00 326273236992.00 326366298112.00 326458671104.00 326551896064.00 326644334592.00 326738051072.00 326830817280.00 326923091968.00 327016873984.00 327109935104.00 327202078720.00 327295729664.00 
327376994304.00 327481458688.00 327574126592.00 327667482624.00 327760084992.00 327851016192.00 327945781248.00 328038612992.00 328130953216.00 328224112640.00 328317173760.00 328410497024.00 328503263232.00 328596946944.00 328689778688.00 328782348288.00 328874164224.00 328967913472.00 329061040128.00 329154265088.00 
329245687808.00 329341501440.00 329433251840.00 329526018048.00 329618030592.00 329711190016.00 329804480512.00 329897639936.00 329990176768.00 330083368960.00 330172694528.00 330268409856.00 330359275520.00 330454597632.00 330547331072.00 330638491648.00 330736271360.00 330827235328.00 330919903232.00 331012931584.00 
331102879744.00 331199152128.00 331291426816.00 331384127488.00 331477385216.00 331569922048.00 331663278080.00 331755814912.00 331847991296.00 331942100992.00 332033884160.00 332127240192.00 332220432384.00 332313231360.00 332406587392.00 332497551360.00 332592119808.00 332685312000.00 332777979904.00 332876054528.00 
332963020800.00 333057490944.00 333149700096.00 333242728448.00 333333692416.00 333428785152.00 333521223680.00 333614546944.00 333707542528.00 333800210432.00 333893009408.00 333986529280.00 334079197184.00 334172192768.00 334264598528.00 334357430272.00 334450688000.00 334543224832.00 334636580864.00 334728822784.00 
334794489856.00 334916976640.00 335009087488.00 335101460480.00 335194456064.00 335287320576.00 335380447232.00 335473541120.00 335565848576.00 335659139072.00 335751806976.00 335844999168.00 335937961984.00 336031744000.00 336123330560.00 336215834624.00 336307257344.00 336401989632.00 336494886912.00 336583950336.00 
336680157184.00 336773578752.00 336867328000.00 336959602688.00 337052467200.00 337137696768.00 337238589440.00 337331748864.00 337424875520.00 337517445120.00 337609785344.00 337703862272.00 337795121152.00 337888673792.00 337982095360.00 338074566656.00 338165792768.00 338261966848.00 338354110464.00 338447040512.00 
338537283584.00 338632245248.00 338725502976.00 338818596864.00 338911166464.00 339004162048.00 339096600576.00 339188875264.00 339280920576.00 339376078848.00 339466092544.00 339561218048.00 339653951488.00 339748093952.00 339840565248.00 339933528064.00 340026621952.00 340119093248.00 340212514816.00 340305313792.00 
340397359104.00 340489502720.00 340584693760.00 340676771840.00 340768751616.00 340862468096.00 340955299840.00 341050949632.00 341142175744.00 341234778112.00 341327151104.00 341420965888.00 341512945664.00 341606301696.00 341699428352.00 341790556160.00 341885222912.00 341977759744.00 342071181312.00 342163685376.00 
342246064128.00 342350200832.00 342442737664.00 342535667712.00 342628007936.00 342721101824.00 342813736960.00 342907846656.00 342999597056.00 343093280768.00 343185260544.00 343278878720.00 343369908224.00 343465132032.00 343558291456.00 343650795520.00 343743168512.00 343837343744.00 343929618432.00 344022024192.00 
344108007424.00 344208801792.00 344301109248.00 344394170368.00 344486903808.00 344580194304.00 344673288192.00 344765726720.00 344858394624.00 344951652352.00 345044123648.00 345137643520.00 345228312576.00 345322913792.00 345414598656.00 345509527552.00 345602654208.00 345695748096.00 345788252160.00 345880788992.00 
345971294208.00 346067861504.00 346159448064.00 346252967936.00 346344620032.00 346436993024.00 346531004416.00 346624393216.00 346716143616.00 346811072512.00 346902724608.00 346996408320.00 347088551936.00 347180761088.00 347275264000.00 347367866368.00 347460304896.00 347553660928.00 347647049728.00 347739455488.00 
347831795712.00 347925053440.00 348019818496.00 348111208448.00 348201910272.00 348296773632.00 348389244928.00 348482994176.00 348575825920.00 348668362752.00 348744581120.00 348855566336.00 348947578880.00 349040771072.00 349133930496.00 349225811968.00 349318905856.00 349412261888.00 349505388544.00 349597794304.00 
349685809152.00 349784014848.00 349876715520.00 349969743872.00 350062542848.00 350156455936.00 350248894464.00 350342709248.00 350433804288.00 350527684608.00 350619762688.00 350713610240.00 350805884928.00 350899404800.00 350992007168.00 351083692032.00 351175311360.00 351270830080.00 351365201920.00 351456231424.00 
351548178432.00 351642517504.00 351735513088.00 351828475904.00 351920914432.00 352014073856.00 352107069440.00 352200392704.00 352292995072.00 352385335296.00 352478658560.00 352572145664.00 352664027136.00 352757547008.00 352850345984.00 352943407104.00 353036173312.00 353129267200.00 353222721536.00 353315815424.00 
353394655232.00 353501806592.00 353594081280.00 353686945792.00 353779679232.00 353872805888.00 353965735936.00 354058600448.00 354149597184.00 354244067328.00 354337193984.00 354430746624.00 354523250688.00 354616705024.00 354709897216.00 354801844224.00 354894249984.00 354988228608.00 355079946240.00 355173826560.00 
355265478656.00 355359883264.00 355452420096.00 355544989696.00 355637035008.00 355729604608.00 355822632960.00 355917070336.00 356010393600.00 356102963200.00 356195467264.00 356289970176.00 356381327360.00 356474486784.00 356568203264.00 356660412416.00 356753145856.00 356846698496.00 356939104256.00 357032034304.00 
357114314752.00 357218353152.00 357311283200.00 357403983872.00 357496815616.00 357589778432.00 357681823744.00 357776523264.00 357867618304.00 357960941568.00 358050856960.00 358147391488.00 358240681984.00 358333710336.00 358425722880.00 358518652928.00 358610960384.00 358704087040.00 358798196736.00 358890536960.00 
358982254592.00 359076593664.00 359167819776.00 359262552064.00 359354990592.00 359448215552.00 359541178368.00 359634698240.00 359727136768.00 359819968512.00 359912538112.00 360009039872.00 360096563200.00 360190541824.00 360283897856.00 360368734208.00 360470511616.00 360563343360.00 360656306176.00 360749367296.00 
360839610368.00 360935129088.00 361027731456.00 361120792576.00 361213231104.00 361306554368.00 361399877632.00 361491922944.00 361584427008.00 361679126528.00 361770778624.00 361863905280.00 361957785600.00 362050453504.00 362142859264.00 362236051456.00 362328195072.00 362422239232.00 362514939904.00 362608033792.00 
362694148096.00 362793664512.00 362886692864.00 362979721216.00 363070062592.00 363164794880.00 363257987072.00 363352784896.00 363443748864.00 363536580608.00 363628855296.00 363722276864.00 363815206912.00 363907514368.00 364001722368.00 364094455808.00 364187320320.00 364280152064.00 364372951040.00 364466143232.00 
364553437184.00 364652134400.00 364744736768.00 364837568512.00 364930367488.00 365022085120.00 365116948480.00 365209223168.00 365302153216.00 365395869696.00 365487521792.00 365580353536.00 365673250816.00 365766967296.00 365859864576.00 365952663552.00 366043299840.00 366137638912.00 366231814144.00 366324678656.00 
366416199680.00 366509654016.00 366602223616.00 366696169472.00 366788083712.00 366881767424.00 366974861312.00 367067037696.00 367160066048.00 367253291008.00 367342518272.00 367439183872.00 367531098112.00 367624880128.00 367716663296.00 367810347008.00 367903277056.00 367997091840.00 368088973312.00 368182329344.00 
368272244736.00 368367796224.00 368460759040.00 368553820160.00 368646160384.00 368738697216.00 368832053248.00 368924753920.00 369015455744.00 369111433216.00 369202593792.00 369295785984.00 369388617728.00 369482268672.00 369574707200.00 369665966080.00 369759584256.00 369853005824.00 369945378816.00 370038308864.00 
370130124800.00 370224300032.00 370316509184.00 370408816640.00 370500861952.00 370593988608.00 370686951424.00 370779226112.00 370871042048.00 370964267008.00 371055230976.00 371147964416.00 371238666240.00 371330416640.00 371421511680.00 371510902784.00 371599245312.00 371685326848.00 371762397184.00 371808829440.00 
end   dump: w
==END   DUMP_ARRAYS==
Time in seconds = 0.140080
