Sender: LSF System <lsfadmin@polus-c2-ib.bmc.hpc.cs.msu.ru>
Subject: Job 494150: <./extra.o> in cluster <MSUCluster> Done

Job <./extra.o> was submitted from host <polus-ib.bmc.hpc.cs.msu.ru> by user <edu-cmc-skpod19-328-11> in cluster <MSUCluster> at Fri Nov 29 23:41:33 2019
Job was executed on host(s) <2*polus-c2-ib.bmc.hpc.cs.msu.ru>, in queue <short>, as user <edu-cmc-skpod19-328-11> in cluster <MSUCluster> at Fri Nov 29 23:42:04 2019
</home_edu/edu-cmc-skpod19-328/edu-cmc-skpod19-328-11> was used as the home directory.
</home_edu/edu-cmc-skpod19-328/edu-cmc-skpod19-328-11/dep_gemver> was used as the working directory.
Started at Fri Nov 29 23:42:04 2019
Terminated at Fri Nov 29 23:42:06 2019
Results reported at Fri Nov 29 23:42:06 2019

Your job looked like:

------------------------------------------------------------
# LSBATCH: User input
./extra.o
------------------------------------------------------------

Successfully completed.

Resource usage summary:

    CPU time :                                   13.64 sec.
    Max Memory :                                 86 MB
    Average Memory :                             57.67 MB
    Total Requested Memory :                     -
    Delta Memory :                               -
    Max Swap :                                   -
    Max Processes :                              3
    Max Threads :                                163
    Run time :                                   1 sec.
    Turnaround time :                            33 sec.

The output (if any) follows:

==BEGIN DUMP_ARRAYS==
begin dump: w
0.00 0.00 0.00 0.00 0.00 0.00 0.00 0.00 0.00 0.00 0.00 0.00 0.00 0.00 0.00 0.00 0.00 0.00 0.00 0.00 
0.00 0.00 0.00 0.00 0.00 0.00 0.00 0.00 0.00 0.00 0.00 0.00 0.00 0.00 0.00 0.00 0.00 0.00 0.00 0.00 
0.00 0.00 0.00 0.00 0.00 0.00 0.00 0.00 0.00 0.00 0.00 0.00 0.00 0.00 0.00 0.00 0.00 0.00 0.00 0.00 
0.00 0.00 0.00 0.00 0.00 0.00 0.00 0.00 0.00 0.00 0.00 0.00 0.00 0.00 0.00 0.00 0.00 0.00 0.00 0.00 
0.00 0.00 0.00 0.00 0.00 0.00 0.00 0.00 0.00 0.00 0.00 0.00 0.00 0.00 0.00 0.00 0.00 0.00 0.00 0.00 
0.00 0.00 0.00 0.00 0.00 0.00 0.00 0.00 0.00 0.00 0.00 0.00 0.00 0.00 0.00 0.00 0.00 0.00 0.00 0.00 
0.00 0.00 0.00 0.00 0.00 0.00 0.00 0.00 0.00 0.00 0.00 0.00 0.00 0.00 0.00 0.00 0.00 0.00 0.00 0.00 
0.00 0.00 0.00 0.00 0.00 0.00 0.00 0.00 0.00 0.00 0.00 0.00 0.00 0.00 0.00 0.00 0.00 0.00 0.00 0.00 
0.00 0.00 0.00 0.00 0.00 0.00 0.00 0.00 0.00 0.00 0.00 0.00 0.00 0.00 0.00 0.00 0.00 0.00 0.00 0.00 
0.00 0.00 0.00 0.00 0.00 0.00 0.00 0.00 0.00 0.00 0.00 0.00 0.00 0.00 0.00 0.00 0.00 0.00 0.00 0.00 
0.00 0.00 0.00 0.00 0.00 0.00 0.00 0.00 0.00 0.00 0.00 0.00 0.00 0.00 0.00 0.00 0.00 0.00 0.00 0.00 
0.00 0.00 0.00 0.00 0.00 0.00 0.00 0.00 0.00 0.00 0.00 0.00 0.00 0.00 0.00 0.00 0.00 0.00 0.00 0.00 
0.00 0.00 0.00 0.00 0.00 0.00 0.00 0.00 0.00 0.00 0.00 0.00 0.00 0.00 0.00 0.00 0.00 0.00 0.00 0.00 
0.00 0.00 0.00 0.00 0.00 0.00 0.00 0.00 0.00 0.00 0.00 0.00 0.00 0.00 0.00 0.00 0.00 0.00 0.00 0.00 
0.00 0.00 0.00 0.00 0.00 0.00 0.00 0.00 0.00 0.00 0.00 0.00 0.00 0.00 0.00 0.00 0.00 0.00 0.00 0.00 
0.00 0.00 0.00 0.00 0.00 0.00 0.00 0.00 0.00 0.00 0.00 0.00 0.00 0.00 0.00 0.00 0.00 0.00 0.00 0.00 
0.00 0.00 0.00 0.00 0.00 0.00 0.00 0.00 0.00 0.00 0.00 0.00 0.00 0.00 0.00 0.00 0.00 0.00 0.00 0.00 
0.00 0.00 0.00 0.00 0.00 0.00 0.00 0.00 0.00 0.00 0.00 0.00 0.00 0.00 0.00 0.00 0.00 0.00 0.00 0.00 
0.00 0.00 0.00 0.00 0.00 0.00 0.00 0.00 0.00 0.00 0.00 0.00 0.00 0.00 0.00 0.00 0.00 0.00 0.00 0.00 
0.00 0.00 0.00 0.00 0.00 0.00 0.00 0.00 0.00 0.00 0.00 0.00 0.00 0.00 0.00 0.00 0.00 0.00 0.00 0.00 
0.00 0.00 0.00 0.00 0.00 0.00 0.00 0.00 0.00 0.00 0.00 0.00 0.00 0.00 0.00 0.00 0.00 0.00 0.00 0.00 
0.00 0.00 0.00 0.00 0.00 0.00 0.00 0.00 0.00 0.00 0.00 0.00 0.00 0.00 0.00 0.00 0.00 0.00 0.00 0.00 
0.00 0.00 0.00 0.00 0.00 0.00 0.00 0.00 0.00 0.00 0.00 0.00 0.00 0.00 0.00 0.00 0.00 0.00 0.00 0.00 
0.00 0.00 0.00 0.00 0.00 0.00 0.00 0.00 0.00 0.00 0.00 0.00 0.00 0.00 0.00 0.00 0.00 0.00 0.00 0.00 
0.00 0.00 0.00 0.00 0.00 0.00 0.00 0.00 0.00 0.00 0.00 0.00 0.00 0.00 0.00 0.00 0.00 0.00 0.00 0.00 
0.00 0.00 0.00 0.00 0.00 0.00 0.00 0.00 0.00 0.00 0.00 0.00 0.00 0.00 0.00 0.00 0.00 0.00 0.00 0.00 
0.00 0.00 0.00 0.00 0.00 0.00 0.00 0.00 0.00 0.00 0.00 0.00 0.00 0.00 0.00 0.00 0.00 0.00 0.00 0.00 
0.00 0.00 0.00 0.00 0.00 0.00 0.00 0.00 0.00 0.00 0.00 0.00 0.00 0.00 0.00 0.00 0.00 0.00 0.00 0.00 
0.00 0.00 0.00 0.00 0.00 0.00 0.00 0.00 0.00 0.00 0.00 0.00 0.00 0.00 0.00 0.00 0.00 0.00 0.00 0.00 
0.00 0.00 0.00 0.00 0.00 0.00 0.00 0.00 0.00 0.00 0.00 0.00 0.00 0.00 0.00 0.00 0.00 0.00 0.00 0.00 
0.00 0.00 0.00 0.00 0.00 0.00 0.00 0.00 0.00 0.00 0.00 0.00 0.00 0.00 0.00 0.00 0.00 0.00 0.00 0.00 
0.00 0.00 0.00 0.00 0.00 0.00 0.00 0.00 0.00 0.00 0.00 0.00 0.00 0.00 0.00 0.00 0.00 0.00 0.00 0.00 
0.00 0.00 0.00 0.00 0.00 0.00 0.00 0.00 0.00 0.00 0.00 0.00 0.00 0.00 0.00 0.00 0.00 0.00 0.00 0.00 
0.00 0.00 0.00 0.00 0.00 0.00 0.00 0.00 0.00 0.00 0.00 0.00 0.00 0.00 0.00 0.00 0.00 0.00 0.00 0.00 
0.00 0.00 0.00 0.00 0.00 0.00 0.00 0.00 0.00 0.00 0.00 0.00 0.00 0.00 0.00 0.00 0.00 0.00 0.00 0.00 
0.00 0.00 0.00 0.00 0.00 0.00 0.00 0.00 0.00 0.00 0.00 0.00 0.00 0.00 0.00 0.00 0.00 0.00 0.00 0.00 
0.00 0.00 0.00 0.00 0.00 0.00 0.00 0.00 0.00 0.00 0.00 0.00 0.00 0.00 0.00 0.00 0.00 0.00 0.00 0.00 
0.00 0.00 0.00 0.00 0.00 0.00 0.00 0.00 0.00 0.00 0.00 0.00 0.00 0.00 0.00 0.00 0.00 0.00 0.00 0.00 
0.00 0.00 0.00 0.00 0.00 0.00 0.00 0.00 0.00 0.00 0.00 0.00 0.00 0.00 0.00 0.00 0.00 0.00 0.00 0.00 
0.00 0.00 0.00 0.00 0.00 0.00 0.00 0.00 0.00 0.00 0.00 0.00 0.00 0.00 0.00 0.00 0.00 0.00 0.00 0.00 
0.00 0.00 0.00 0.00 0.00 0.00 0.00 0.00 0.00 0.00 0.00 0.00 0.00 0.00 0.00 0.00 0.00 0.00 0.00 0.00 
0.00 0.00 0.00 0.00 0.00 0.00 0.00 0.00 0.00 0.00 0.00 0.00 0.00 0.00 0.00 0.00 0.00 0.00 0.00 0.00 
0.00 0.00 0.00 0.00 0.00 0.00 0.00 0.00 0.00 0.00 0.00 0.00 0.00 0.00 0.00 0.00 0.00 0.00 0.00 0.00 
0.00 0.00 0.00 0.00 0.00 0.00 0.00 0.00 0.00 0.00 0.00 0.00 0.00 0.00 0.00 0.00 0.00 0.00 0.00 0.00 
0.00 0.00 0.00 0.00 0.00 0.00 0.00 0.00 0.00 0.00 0.00 0.00 0.00 0.00 0.00 0.00 0.00 0.00 0.00 0.00 
0.00 0.00 0.00 0.00 0.00 0.00 0.00 0.00 0.00 0.00 0.00 0.00 0.00 0.00 0.00 0.00 0.00 0.00 0.00 0.00 
0.00 0.00 0.00 0.00 0.00 0.00 0.00 0.00 0.00 0.00 0.00 0.00 0.00 0.00 0.00 0.00 0.00 0.00 0.00 0.00 
0.00 0.00 0.00 0.00 0.00 0.00 0.00 0.00 0.00 0.00 0.00 0.00 0.00 0.00 0.00 0.00 0.00 0.00 0.00 0.00 
0.00 0.00 0.00 0.00 0.00 0.00 0.00 0.00 0.00 0.00 0.00 0.00 0.00 0.00 0.00 0.00 0.00 0.00 0.00 0.00 
0.00 0.00 0.00 0.00 0.00 0.00 0.00 0.00 0.00 0.00 0.00 0.00 0.00 0.00 0.00 0.00 0.00 0.00 0.00 0.00 
0.00 0.00 0.00 0.00 0.00 0.00 0.00 0.00 0.00 0.00 0.00 0.00 0.00 0.00 0.00 0.00 0.00 0.00 0.00 0.00 
0.00 0.00 0.00 0.00 0.00 0.00 0.00 0.00 0.00 0.00 0.00 0.00 0.00 0.00 0.00 0.00 0.00 0.00 0.00 0.00 
0.00 0.00 0.00 0.00 0.00 0.00 0.00 0.00 0.00 0.00 0.00 0.00 0.00 0.00 0.00 0.00 0.00 0.00 0.00 0.00 
0.00 0.00 0.00 0.00 0.00 0.00 0.00 0.00 0.00 0.00 0.00 0.00 0.00 0.00 0.00 0.00 0.00 0.00 0.00 0.00 
0.00 0.00 0.00 0.00 0.00 0.00 0.00 0.00 0.00 0.00 0.00 0.00 0.00 0.00 0.00 0.00 0.00 0.00 0.00 0.00 
0.00 0.00 0.00 0.00 0.00 0.00 0.00 0.00 0.00 0.00 0.00 0.00 0.00 0.00 0.00 0.00 0.00 0.00 0.00 0.00 
0.00 0.00 0.00 0.00 0.00 0.00 0.00 0.00 0.00 0.00 0.00 0.00 0.00 0.00 0.00 0.00 0.00 0.00 0.00 0.00 
0.00 0.00 0.00 0.00 0.00 0.00 0.00 0.00 0.00 0.00 0.00 0.00 0.00 0.00 0.00 0.00 0.00 0.00 0.00 0.00 
0.00 0.00 0.00 0.00 0.00 0.00 0.00 0.00 0.00 0.00 0.00 0.00 0.00 0.00 0.00 0.00 0.00 0.00 0.00 0.00 
0.00 0.00 0.00 0.00 0.00 0.00 0.00 0.00 0.00 0.00 0.00 0.00 0.00 0.00 0.00 0.00 0.00 0.00 0.00 0.00 
0.00 0.00 0.00 0.00 0.00 0.00 0.00 0.00 0.00 0.00 0.00 0.00 0.00 0.00 0.00 0.00 0.00 0.00 0.00 0.00 
0.00 0.00 0.00 0.00 0.00 0.00 0.00 0.00 0.00 0.00 0.00 0.00 0.00 0.00 0.00 0.00 0.00 0.00 0.00 0.00 
0.00 0.00 0.00 0.00 0.00 0.00 0.00 0.00 0.00 0.00 0.00 0.00 0.00 0.00 0.00 0.00 0.00 0.00 0.00 0.00 
0.00 0.00 0.00 0.00 0.00 0.00 0.00 0.00 0.00 0.00 0.00 0.00 0.00 0.00 0.00 0.00 0.00 0.00 0.00 0.00 
0.00 0.00 0.00 0.00 0.00 0.00 0.00 0.00 0.00 0.00 0.00 0.00 0.00 0.00 0.00 0.00 0.00 0.00 0.00 0.00 
0.00 0.00 0.00 0.00 0.00 0.00 0.00 0.00 0.00 0.00 0.00 0.00 0.00 0.00 0.00 0.00 0.00 0.00 0.00 0.00 
0.00 0.00 0.00 0.00 0.00 0.00 0.00 0.00 0.00 0.00 0.00 0.00 0.00 0.00 0.00 0.00 0.00 0.00 0.00 0.00 
0.00 0.00 0.00 0.00 0.00 0.00 0.00 0.00 0.00 0.00 0.00 0.00 0.00 0.00 0.00 0.00 0.00 0.00 0.00 0.00 
0.00 0.00 0.00 0.00 0.00 0.00 0.00 0.00 0.00 0.00 0.00 0.00 0.00 0.00 0.00 0.00 0.00 0.00 0.00 0.00 
0.00 0.00 0.00 0.00 0.00 0.00 0.00 0.00 0.00 0.00 0.00 0.00 0.00 0.00 0.00 0.00 0.00 0.00 0.00 0.00 
0.00 0.00 0.00 0.00 0.00 0.00 0.00 0.00 0.00 0.00 0.00 0.00 0.00 0.00 0.00 0.00 0.00 0.00 0.00 0.00 
0.00 0.00 0.00 0.00 0.00 0.00 0.00 0.00 0.00 0.00 0.00 0.00 0.00 0.00 0.00 0.00 0.00 0.00 0.00 0.00 
0.00 0.00 0.00 0.00 0.00 0.00 0.00 0.00 0.00 0.00 0.00 0.00 0.00 0.00 0.00 0.00 0.00 0.00 0.00 0.00 
0.00 0.00 0.00 0.00 0.00 0.00 0.00 0.00 0.00 0.00 0.00 0.00 0.00 0.00 0.00 0.00 0.00 0.00 0.00 0.00 
0.00 0.00 0.00 0.00 0.00 0.00 0.00 0.00 0.00 0.00 0.00 0.00 0.00 0.00 0.00 0.00 0.00 0.00 0.00 0.00 
0.00 0.00 0.00 0.00 0.00 0.00 0.00 0.00 0.00 0.00 0.00 0.00 0.00 0.00 0.00 0.00 0.00 0.00 0.00 0.00 
0.00 0.00 0.00 0.00 0.00 0.00 0.00 0.00 0.00 0.00 0.00 0.00 0.00 0.00 0.00 0.00 0.00 0.00 0.00 0.00 
0.00 0.00 0.00 0.00 0.00 0.00 0.00 0.00 0.00 0.00 0.00 0.00 0.00 0.00 0.00 0.00 0.00 0.00 0.00 0.00 
0.00 0.00 0.00 0.00 0.00 0.00 0.00 0.00 0.00 0.00 0.00 0.00 0.00 0.00 0.00 0.00 0.00 0.00 0.00 0.00 
0.00 0.00 0.00 0.00 0.00 0.00 0.00 0.00 0.00 0.00 0.00 0.00 0.00 0.00 0.00 0.00 0.00 0.00 0.00 0.00 
0.00 0.00 0.00 0.00 0.00 0.00 0.00 0.00 0.00 0.00 0.00 0.00 0.00 0.00 0.00 0.00 0.00 0.00 0.00 0.00 
0.00 0.00 0.00 0.00 0.00 0.00 0.00 0.00 0.00 0.00 0.00 0.00 0.00 0.00 0.00 0.00 0.00 0.00 0.00 0.00 
0.00 0.00 0.00 0.00 0.00 0.00 0.00 0.00 0.00 0.00 0.00 0.00 0.00 0.00 0.00 0.00 0.00 0.00 0.00 0.00 
0.00 0.00 0.00 0.00 0.00 0.00 0.00 0.00 0.00 0.00 0.00 0.00 0.00 0.00 0.00 0.00 0.00 0.00 0.00 0.00 
0.00 0.00 0.00 0.00 0.00 0.00 0.00 0.00 0.00 0.00 0.00 0.00 0.00 0.00 0.00 0.00 0.00 0.00 0.00 0.00 
0.00 0.00 0.00 0.00 0.00 0.00 0.00 0.00 0.00 0.00 0.00 0.00 0.00 0.00 0.00 0.00 0.00 0.00 0.00 0.00 
0.00 0.00 0.00 0.00 0.00 0.00 0.00 0.00 0.00 0.00 0.00 0.00 0.00 0.00 0.00 0.00 0.00 0.00 0.00 0.00 
0.00 0.00 0.00 0.00 0.00 0.00 0.00 0.00 0.00 0.00 0.00 0.00 0.00 0.00 0.00 0.00 0.00 0.00 0.00 0.00 
0.00 0.00 0.00 0.00 0.00 0.00 0.00 0.00 0.00 0.00 0.00 0.00 0.00 0.00 0.00 0.00 0.00 0.00 0.00 0.00 
0.00 0.00 0.00 0.00 0.00 0.00 0.00 0.00 0.00 0.00 0.00 0.00 0.00 0.00 0.00 0.00 0.00 0.00 0.00 0.00 
0.00 0.00 0.00 0.00 0.00 0.00 0.00 0.00 0.00 0.00 0.00 0.00 0.00 0.00 0.00 0.00 0.00 0.00 0.00 0.00 
0.00 0.00 0.00 0.00 0.00 0.00 0.00 0.00 0.00 0.00 0.00 0.00 0.00 0.00 0.00 0.00 0.00 0.00 0.00 0.00 
0.00 0.00 0.00 0.00 0.00 0.00 0.00 0.00 0.00 0.00 0.00 0.00 0.00 0.00 0.00 0.00 0.00 0.00 0.00 0.00 
0.00 0.00 0.00 0.00 0.00 0.00 0.00 0.00 0.00 0.00 0.00 0.00 0.00 0.00 0.00 0.00 0.00 0.00 0.00 0.00 
0.00 0.00 0.00 0.00 0.00 0.00 0.00 0.00 0.00 0.00 0.00 0.00 0.00 0.00 0.00 0.00 0.00 0.00 0.00 0.00 
0.00 0.00 0.00 0.00 0.00 0.00 0.00 0.00 0.00 0.00 0.00 0.00 0.00 0.00 0.00 0.00 0.00 0.00 0.00 0.00 
0.00 0.00 0.00 0.00 0.00 0.00 0.00 0.00 0.00 0.00 0.00 0.00 0.00 0.00 0.00 0.00 0.00 0.00 0.00 0.00 
0.00 0.00 0.00 0.00 0.00 0.00 0.00 0.00 0.00 0.00 0.00 0.00 0.00 0.00 0.00 0.00 0.00 0.00 0.00 0.00 
0.00 0.00 0.00 0.00 0.00 0.00 0.00 0.00 0.00 0.00 0.00 0.00 0.00 0.00 0.00 0.00 0.00 0.00 0.00 0.00 
0.00 0.00 0.00 0.00 0.00 0.00 0.00 0.00 0.00 0.00 0.00 0.00 0.00 0.00 0.00 0.00 0.00 0.00 0.00 0.00 
0.00 0.00 0.00 0.00 0.00 0.00 0.00 0.00 0.00 0.00 0.00 0.00 0.00 0.00 0.00 0.00 0.00 0.00 0.00 0.00 
0.00 0.00 0.00 0.00 0.00 0.00 0.00 0.00 0.00 0.00 0.00 0.00 0.00 0.00 0.00 0.00 0.00 0.00 0.00 0.00 
0.00 0.00 0.00 0.00 0.00 0.00 0.00 0.00 0.00 0.00 0.00 0.00 0.00 0.00 0.00 0.00 0.00 0.00 0.00 0.00 
0.00 0.00 0.00 0.00 0.00 0.00 0.00 0.00 0.00 0.00 0.00 0.00 0.00 0.00 0.00 0.00 0.00 0.00 0.00 0.00 
0.00 0.00 0.00 0.00 0.00 0.00 0.00 0.00 0.00 0.00 0.00 0.00 0.00 0.00 0.00 0.00 0.00 0.00 0.00 0.00 
0.00 0.00 0.00 0.00 0.00 0.00 0.00 0.00 0.00 0.00 0.00 0.00 0.00 0.00 0.00 0.00 0.00 0.00 0.00 0.00 
0.00 0.00 0.00 0.00 0.00 0.00 0.00 0.00 0.00 0.00 0.00 0.00 0.00 0.00 0.00 0.00 0.00 0.00 0.00 0.00 
0.00 0.00 0.00 0.00 0.00 0.00 0.00 0.00 0.00 0.00 0.00 0.00 0.00 0.00 0.00 0.00 0.00 0.00 0.00 0.00 
0.00 0.00 0.00 0.00 0.00 0.00 0.00 0.00 0.00 0.00 0.00 0.00 0.00 0.00 0.00 0.00 0.00 0.00 0.00 0.00 
0.00 0.00 0.00 0.00 0.00 0.00 0.00 0.00 0.00 0.00 0.00 0.00 0.00 0.00 0.00 0.00 0.00 0.00 0.00 0.00 
0.00 0.00 0.00 0.00 0.00 0.00 0.00 0.00 0.00 0.00 0.00 0.00 0.00 0.00 0.00 0.00 0.00 0.00 0.00 0.00 
0.00 0.00 0.00 0.00 0.00 0.00 0.00 0.00 0.00 0.00 0.00 0.00 0.00 0.00 0.00 0.00 0.00 0.00 0.00 0.00 
0.00 0.00 0.00 0.00 0.00 0.00 0.00 0.00 0.00 0.00 0.00 0.00 0.00 0.00 0.00 0.00 0.00 0.00 0.00 0.00 
0.00 0.00 0.00 0.00 0.00 0.00 0.00 0.00 0.00 0.00 0.00 0.00 0.00 0.00 0.00 0.00 0.00 0.00 0.00 0.00 
0.00 0.00 0.00 0.00 0.00 0.00 0.00 0.00 0.00 0.00 0.00 0.00 0.00 0.00 0.00 0.00 0.00 0.00 0.00 0.00 
0.00 0.00 0.00 0.00 0.00 0.00 0.00 0.00 0.00 0.00 0.00 0.00 0.00 0.00 0.00 0.00 0.00 0.00 0.00 0.00 
0.00 0.00 0.00 0.00 0.00 0.00 0.00 0.00 0.00 0.00 0.00 0.00 0.00 0.00 0.00 0.00 0.00 0.00 0.00 0.00 
0.00 0.00 0.00 0.00 0.00 0.00 0.00 0.00 0.00 0.00 0.00 0.00 0.00 0.00 0.00 0.00 0.00 0.00 0.00 0.00 
0.00 0.00 0.00 0.00 0.00 0.00 0.00 0.00 0.00 0.00 0.00 0.00 0.00 0.00 0.00 0.00 0.00 0.00 0.00 0.00 
0.00 0.00 0.00 0.00 0.00 0.00 0.00 0.00 0.00 0.00 0.00 0.00 0.00 0.00 0.00 0.00 0.00 0.00 0.00 0.00 
0.00 0.00 0.00 0.00 0.00 0.00 0.00 0.00 0.00 0.00 0.00 0.00 0.00 0.00 0.00 0.00 0.00 0.00 0.00 0.00 
0.00 0.00 0.00 0.00 0.00 0.00 0.00 0.00 0.00 0.00 0.00 0.00 0.00 0.00 0.00 0.00 0.00 0.00 0.00 0.00 
0.00 0.00 0.00 0.00 0.00 0.00 0.00 0.00 0.00 0.00 0.00 0.00 0.00 0.00 0.00 0.00 0.00 0.00 0.00 0.00 
0.00 0.00 0.00 0.00 0.00 0.00 0.00 0.00 0.00 0.00 0.00 0.00 0.00 0.00 0.00 0.00 0.00 0.00 0.00 0.00 
0.00 0.00 0.00 0.00 0.00 0.00 0.00 0.00 0.00 0.00 0.00 0.00 0.00 0.00 0.00 0.00 0.00 0.00 0.00 0.00 
0.00 0.00 0.00 0.00 0.00 0.00 0.00 0.00 0.00 0.00 0.00 0.00 0.00 0.00 0.00 0.00 0.00 0.00 0.00 0.00 
0.00 0.00 0.00 0.00 0.00 0.00 0.00 0.00 0.00 0.00 0.00 0.00 0.00 0.00 0.00 0.00 0.00 0.00 0.00 0.00 
0.00 0.00 0.00 0.00 0.00 0.00 0.00 0.00 0.00 0.00 0.00 0.00 0.00 0.00 0.00 0.00 0.00 0.00 0.00 0.00 
0.00 0.00 0.00 0.00 0.00 0.00 0.00 0.00 0.00 0.00 0.00 0.00 0.00 0.00 0.00 0.00 0.00 0.00 0.00 0.00 
0.00 0.00 0.00 0.00 0.00 0.00 0.00 0.00 0.00 0.00 0.00 0.00 0.00 0.00 0.00 0.00 0.00 0.00 0.00 0.00 
0.00 0.00 0.00 0.00 0.00 0.00 0.00 0.00 0.00 0.00 0.00 0.00 0.00 0.00 0.00 0.00 0.00 0.00 0.00 0.00 
0.00 0.00 0.00 0.00 0.00 0.00 0.00 0.00 0.00 0.00 0.00 0.00 0.00 0.00 0.00 0.00 0.00 0.00 0.00 0.00 
0.00 0.00 0.00 0.00 0.00 0.00 0.00 0.00 0.00 0.00 0.00 0.00 0.00 0.00 0.00 0.00 0.00 0.00 0.00 0.00 
0.00 0.00 0.00 0.00 0.00 0.00 0.00 0.00 0.00 0.00 0.00 0.00 0.00 0.00 0.00 0.00 0.00 0.00 0.00 0.00 
0.00 0.00 0.00 0.00 0.00 0.00 0.00 0.00 0.00 0.00 0.00 0.00 0.00 0.00 0.00 0.00 0.00 0.00 0.00 0.00 
0.00 0.00 0.00 0.00 0.00 0.00 0.00 0.00 0.00 0.00 0.00 0.00 0.00 0.00 0.00 0.00 0.00 0.00 0.00 0.00 
0.00 0.00 0.00 0.00 0.00 0.00 0.00 0.00 0.00 0.00 0.00 0.00 0.00 0.00 0.00 0.00 0.00 0.00 0.00 0.00 
0.00 0.00 0.00 0.00 0.00 0.00 0.00 0.00 0.00 0.00 0.00 0.00 0.00 0.00 0.00 0.00 0.00 0.00 0.00 0.00 
0.00 0.00 0.00 0.00 0.00 0.00 0.00 0.00 0.00 0.00 0.00 0.00 0.00 0.00 0.00 0.00 0.00 0.00 0.00 0.00 
0.00 0.00 0.00 0.00 0.00 0.00 0.00 0.00 0.00 0.00 0.00 0.00 0.00 0.00 0.00 0.00 0.00 0.00 0.00 0.00 
0.00 0.00 0.00 0.00 0.00 0.00 0.00 0.00 0.00 0.00 0.00 0.00 0.00 0.00 0.00 0.00 0.00 0.00 0.00 0.00 
0.00 0.00 0.00 0.00 0.00 0.00 0.00 0.00 0.00 0.00 0.00 0.00 0.00 0.00 0.00 0.00 0.00 0.00 0.00 0.00 
0.00 0.00 0.00 0.00 0.00 0.00 0.00 0.00 0.00 0.00 0.00 0.00 0.00 0.00 0.00 0.00 0.00 0.00 0.00 0.00 
0.00 0.00 0.00 0.00 0.00 0.00 0.00 0.00 0.00 0.00 0.00 0.00 0.00 0.00 0.00 0.00 0.00 0.00 0.00 0.00 
0.00 0.00 0.00 0.00 0.00 0.00 0.00 0.00 0.00 0.00 0.00 0.00 0.00 0.00 0.00 0.00 0.00 0.00 0.00 0.00 
0.00 0.00 0.00 0.00 0.00 0.00 0.00 0.00 0.00 0.00 0.00 0.00 0.00 0.00 0.00 0.00 0.00 0.00 0.00 0.00 
0.00 0.00 0.00 0.00 0.00 0.00 0.00 0.00 0.00 0.00 0.00 0.00 0.00 0.00 0.00 0.00 0.00 0.00 0.00 0.00 
0.00 0.00 0.00 0.00 0.00 0.00 0.00 0.00 0.00 0.00 0.00 0.00 0.00 0.00 0.00 0.00 0.00 0.00 0.00 0.00 
0.00 0.00 0.00 0.00 0.00 0.00 0.00 0.00 0.00 0.00 0.00 0.00 0.00 0.00 0.00 0.00 0.00 0.00 0.00 0.00 
0.00 0.00 0.00 0.00 0.00 0.00 0.00 0.00 0.00 0.00 0.00 0.00 0.00 0.00 0.00 0.00 0.00 0.00 0.00 0.00 
0.00 0.00 0.00 0.00 0.00 0.00 0.00 0.00 0.00 0.00 0.00 0.00 0.00 0.00 0.00 0.00 0.00 0.00 0.00 0.00 
0.00 0.00 0.00 0.00 0.00 0.00 0.00 0.00 0.00 0.00 0.00 0.00 0.00 0.00 0.00 0.00 0.00 0.00 0.00 0.00 
0.00 0.00 0.00 0.00 0.00 0.00 0.00 0.00 0.00 0.00 0.00 0.00 0.00 0.00 0.00 0.00 0.00 0.00 0.00 0.00 
0.00 0.00 0.00 0.00 0.00 0.00 0.00 0.00 0.00 0.00 0.00 0.00 0.00 0.00 0.00 0.00 0.00 0.00 0.00 0.00 
0.00 0.00 0.00 0.00 0.00 0.00 0.00 0.00 0.00 0.00 0.00 0.00 0.00 0.00 0.00 0.00 0.00 0.00 0.00 0.00 
0.00 0.00 0.00 0.00 0.00 0.00 0.00 0.00 0.00 0.00 0.00 0.00 0.00 0.00 0.00 0.00 0.00 0.00 0.00 0.00 
0.00 0.00 0.00 0.00 0.00 0.00 0.00 0.00 0.00 0.00 0.00 0.00 0.00 0.00 0.00 0.00 0.00 0.00 0.00 0.00 
0.00 0.00 0.00 0.00 0.00 0.00 0.00 0.00 0.00 0.00 0.00 0.00 0.00 0.00 0.00 0.00 0.00 0.00 0.00 0.00 
0.00 0.00 0.00 0.00 0.00 0.00 0.00 0.00 0.00 0.00 0.00 0.00 0.00 0.00 0.00 0.00 0.00 0.00 0.00 0.00 
0.00 0.00 0.00 0.00 0.00 0.00 0.00 0.00 0.00 0.00 0.00 0.00 0.00 0.00 0.00 0.00 0.00 0.00 0.00 0.00 
0.00 0.00 0.00 0.00 0.00 0.00 0.00 0.00 0.00 0.00 0.00 0.00 0.00 0.00 0.00 0.00 0.00 0.00 0.00 0.00 
0.00 0.00 0.00 0.00 0.00 0.00 0.00 0.00 0.00 0.00 0.00 0.00 0.00 0.00 0.00 0.00 0.00 0.00 0.00 0.00 
0.00 0.00 0.00 0.00 0.00 0.00 0.00 0.00 0.00 0.00 0.00 0.00 0.00 0.00 0.00 0.00 0.00 0.00 0.00 0.00 
0.00 0.00 0.00 0.00 0.00 0.00 0.00 0.00 0.00 0.00 0.00 0.00 0.00 0.00 0.00 0.00 0.00 0.00 0.00 0.00 
0.00 0.00 0.00 0.00 0.00 0.00 0.00 0.00 0.00 0.00 0.00 0.00 0.00 0.00 0.00 0.00 0.00 0.00 0.00 0.00 
0.00 0.00 0.00 0.00 0.00 0.00 0.00 0.00 0.00 0.00 0.00 0.00 0.00 0.00 0.00 0.00 0.00 0.00 0.00 0.00 
0.00 0.00 0.00 0.00 0.00 0.00 0.00 0.00 0.00 0.00 0.00 0.00 0.00 0.00 0.00 0.00 0.00 0.00 0.00 0.00 
0.00 0.00 0.00 0.00 0.00 0.00 0.00 0.00 0.00 0.00 0.00 0.00 0.00 0.00 0.00 0.00 0.00 0.00 0.00 0.00 
0.00 0.00 0.00 0.00 0.00 0.00 0.00 0.00 0.00 0.00 0.00 0.00 0.00 0.00 0.00 0.00 0.00 0.00 0.00 0.00 
0.00 0.00 0.00 0.00 0.00 0.00 0.00 0.00 0.00 0.00 0.00 0.00 0.00 0.00 0.00 0.00 0.00 0.00 0.00 0.00 
0.00 0.00 0.00 0.00 0.00 0.00 0.00 0.00 0.00 0.00 0.00 0.00 0.00 0.00 0.00 0.00 0.00 0.00 0.00 0.00 
0.00 0.00 0.00 0.00 0.00 0.00 0.00 0.00 0.00 0.00 0.00 0.00 0.00 0.00 0.00 0.00 0.00 0.00 0.00 0.00 
0.00 0.00 0.00 0.00 0.00 0.00 0.00 0.00 0.00 0.00 0.00 0.00 0.00 0.00 0.00 0.00 0.00 0.00 0.00 0.00 
0.00 0.00 0.00 0.00 0.00 0.00 0.00 0.00 0.00 0.00 0.00 0.00 0.00 0.00 0.00 0.00 0.00 0.00 0.00 0.00 
0.00 0.00 0.00 0.00 0.00 0.00 0.00 0.00 0.00 0.00 0.00 0.00 0.00 0.00 0.00 0.00 0.00 0.00 0.00 0.00 
0.00 0.00 0.00 0.00 0.00 0.00 0.00 0.00 0.00 0.00 0.00 0.00 0.00 0.00 0.00 0.00 0.00 0.00 0.00 0.00 
0.00 0.00 0.00 0.00 0.00 0.00 0.00 0.00 0.00 0.00 0.00 0.00 0.00 0.00 0.00 0.00 0.00 0.00 0.00 0.00 
0.00 0.00 0.00 0.00 0.00 0.00 0.00 0.00 0.00 0.00 0.00 0.00 0.00 0.00 0.00 0.00 0.00 0.00 0.00 0.00 
0.00 0.00 0.00 0.00 0.00 0.00 0.00 0.00 0.00 0.00 0.00 0.00 0.00 0.00 0.00 0.00 0.00 0.00 0.00 0.00 
0.00 0.00 0.00 0.00 0.00 0.00 0.00 0.00 0.00 0.00 0.00 0.00 0.00 0.00 0.00 0.00 0.00 0.00 0.00 0.00 
0.00 0.00 0.00 0.00 0.00 0.00 0.00 0.00 0.00 0.00 0.00 0.00 0.00 0.00 0.00 0.00 0.00 0.00 0.00 0.00 
0.00 0.00 0.00 0.00 0.00 0.00 0.00 0.00 0.00 0.00 0.00 0.00 0.00 0.00 0.00 0.00 0.00 0.00 0.00 0.00 
0.00 0.00 0.00 0.00 0.00 0.00 0.00 0.00 0.00 0.00 0.00 0.00 0.00 0.00 0.00 0.00 0.00 0.00 0.00 0.00 
0.00 0.00 0.00 0.00 0.00 0.00 0.00 0.00 0.00 0.00 0.00 0.00 0.00 0.00 0.00 0.00 0.00 0.00 0.00 0.00 
0.00 0.00 0.00 0.00 0.00 0.00 0.00 0.00 0.00 0.00 0.00 0.00 0.00 0.00 0.00 0.00 0.00 0.00 0.00 0.00 
0.00 0.00 0.00 0.00 0.00 0.00 0.00 0.00 0.00 0.00 0.00 0.00 0.00 0.00 0.00 0.00 0.00 0.00 0.00 0.00 
0.00 0.00 0.00 0.00 0.00 0.00 0.00 0.00 0.00 0.00 0.00 0.00 0.00 0.00 0.00 0.00 0.00 0.00 0.00 0.00 
0.00 0.00 0.00 0.00 0.00 0.00 0.00 0.00 0.00 0.00 0.00 0.00 0.00 0.00 0.00 0.00 0.00 0.00 0.00 0.00 
0.00 0.00 0.00 0.00 0.00 0.00 0.00 0.00 0.00 0.00 0.00 0.00 0.00 0.00 0.00 0.00 0.00 0.00 0.00 0.00 
0.00 0.00 0.00 0.00 0.00 0.00 0.00 0.00 0.00 0.00 0.00 0.00 0.00 0.00 0.00 0.00 0.00 0.00 0.00 0.00 
0.00 0.00 0.00 0.00 0.00 0.00 0.00 0.00 0.00 0.00 0.00 0.00 0.00 0.00 0.00 0.00 0.00 0.00 0.00 0.00 
0.00 0.00 0.00 0.00 0.00 0.00 0.00 0.00 0.00 0.00 0.00 0.00 0.00 0.00 0.00 0.00 0.00 0.00 0.00 0.00 
0.00 0.00 0.00 0.00 0.00 0.00 0.00 0.00 0.00 0.00 0.00 0.00 0.00 0.00 0.00 0.00 0.00 0.00 0.00 0.00 
0.00 0.00 0.00 0.00 0.00 0.00 0.00 0.00 0.00 0.00 0.00 0.00 0.00 0.00 0.00 0.00 0.00 0.00 0.00 0.00 
0.00 0.00 0.00 0.00 0.00 0.00 0.00 0.00 0.00 0.00 0.00 0.00 0.00 0.00 0.00 0.00 0.00 0.00 0.00 0.00 
0.00 0.00 0.00 0.00 0.00 0.00 0.00 0.00 0.00 0.00 0.00 0.00 0.00 0.00 0.00 0.00 0.00 0.00 0.00 0.00 
0.00 0.00 0.00 0.00 0.00 0.00 0.00 0.00 0.00 0.00 0.00 0.00 0.00 0.00 0.00 0.00 0.00 0.00 0.00 0.00 
0.00 0.00 0.00 0.00 0.00 0.00 0.00 0.00 0.00 0.00 0.00 0.00 0.00 0.00 0.00 0.00 0.00 0.00 0.00 0.00 
0.00 0.00 0.00 0.00 0.00 0.00 0.00 0.00 0.00 0.00 0.00 0.00 0.00 0.00 0.00 0.00 0.00 0.00 0.00 0.00 
0.00 0.00 0.00 0.00 0.00 0.00 0.00 0.00 0.00 0.00 0.00 0.00 0.00 0.00 0.00 0.00 0.00 0.00 0.00 0.00 
end   dump: w
==END   DUMP_ARRAYS==
==BEGIN DUMP_ARRAYS==
begin dump: w
7881.44 472759744.00 519808320.00 599007808.00 685680576.00 775421376.00 866951232.00 959422208.00 1051940288.00 1145752576.00 1238694912.00 1332856064.00 1426492672.00 1520764928.00 1614703744.00 1708698880.00 1802123136.00 1897350528.00 1991554688.00 2085785216.00 
2179074816.00 2274912768.00 2368993792.00 2463615232.00 2557390592.00 2650512896.00 2746766336.00 2841158912.00 2935476224.00 3030460416.00 3123970048.00 3218465792.00 3311337728.00 3407981056.00 3502585088.00 3596816384.00 3691160064.00 3785988352.00 3880419072.00 3975108864.00 
4066908928.00 4164150528.00 4258684160.00 4352265728.00 4447773696.00 4542237696.00 4637229568.00 4731239424.00 4824855552.00 4920512000.00 5011558912.00 5109489152.00 5204160512.00 5298815488.00 5392922112.00 5487566336.00 5581850624.00 5676762112.00 5772059648.00 5866321408.00 
5959278592.00 6054941696.00 6149320192.00 6244980736.00 6336622592.00 6433014784.00 6527750656.00 6622465024.00 6716877312.00 6812369408.00 6905466880.00 7000285696.00 7094787584.00 7190096896.00 7284059648.00 7377293312.00 7473382400.00 7568542720.00 7662716928.00 7757410816.00 
7846258176.00 7946447872.00 8040951296.00 8135554560.00 8229963776.00 8324150272.00 8418785792.00 8514831360.00 8608037888.00 8703376384.00 8796990464.00 8892659712.00 8986736640.00 9079195648.00 9175833600.00 9270047744.00 9362853888.00 9459612672.00 9554201600.00 9648612352.00 
9736332288.00 9837752320.00 9932359680.00 10026845184.00 10121237504.00 10215784448.00 10310789120.00 10405419008.00 10499122176.00 10594548736.00 10688478208.00 10783100928.00 10877195264.00 10973280256.00 11067099136.00 11161732096.00 11256647680.00 11351023616.00 11445927936.00 11540314112.00 
11632112640.00 11729165312.00 11824009216.00 11918340096.00 12012819456.00 12098783232.00 12202680320.00 12298415104.00 12389300224.00 12483098624.00 12580045824.00 12675100672.00 12769584128.00 12864175104.00 12959026176.00 13053312000.00 13147614208.00 13242939392.00 13338778624.00 13432240128.00 
13525131264.00 13620959232.00 13715273728.00 13811023872.00 13903761408.00 13999092736.00 14094156800.00 14188338176.00 14282107904.00 14378012672.00 14468815872.00 14567421952.00 14661007360.00 14755508224.00 14851408896.00 14944926720.00 15039623168.00 15134558208.00 15228914688.00 15323506688.00 
15406827520.00 15512822784.00 15607237632.00 15701739520.00 15796247552.00 15890803712.00 15985345536.00 16080715776.00 16174283776.00 16268101632.00 16363168768.00 16458508288.00 16552624128.00 16647521280.00 16744124416.00 16835182592.00 16930386944.00 17026736128.00 17120631808.00 17214881792.00 
17308375040.00 17404491776.00 17499852800.00 17593051136.00 17687701504.00 17782425600.00 17876148224.00 17971812352.00 18066137088.00 18161080320.00 18254522368.00 18350417920.00 18442594304.00 18539433984.00 18633891840.00 18727796736.00 18822754304.00 18917482496.00 19011700736.00 19106265088.00 
19187226624.00 19295729664.00 19390146560.00 19485216768.00 19579451392.00 19673620480.00 19768696832.00 19863570432.00 19956959232.00 20052647936.00 20146153472.00 20242343936.00 20336234496.00 20430927872.00 20525580288.00 20619681792.00 20713916416.00 20809402368.00 20903692288.00 20998320128.00 
21091645440.00 21187870720.00 21280907264.00 21377341440.00 21469257728.00 21564307456.00 21660653568.00 21755211776.00 21849448448.00 21944313856.00 22038290432.00 22133295104.00 22227638272.00 22321709056.00 22416920576.00 22510477312.00 22606589952.00 22700941312.00 22795413504.00 22890311680.00 
22979112960.00 23079589888.00 23173758976.00 23268681728.00 23362891776.00 23457660928.00 23552030720.00 23646959616.00 23740727296.00 23835648000.00 23912738816.00 24025407488.00 24119781376.00 24214370304.00 24309547008.00 24403159040.00 24495917056.00 24592545792.00 24685678592.00 24782456832.00 
24875028480.00 24971126784.00 25065248768.00 25160050688.00 25254131712.00 25348833280.00 25443233792.00 25539655680.00 25633116160.00 25727723520.00 25821628416.00 25916561408.00 26010345472.00 26106304512.00 26201001984.00 26293334016.00 26390265856.00 26484365312.00 26578991104.00 26672838656.00 
26765254656.00 26862759936.00 26957096960.00 27051710464.00 27145897984.00 27240091648.00 27337101312.00 27430809600.00 27522684928.00 27619452928.00 27713396736.00 27808854016.00 27902918656.00 27997849600.00 28092000256.00 28186480640.00 28280514560.00 28376193024.00 28470568960.00 28565061632.00 
28652695552.00 28754194432.00 28849016832.00 28942798848.00 29036896256.00 29132212224.00 29226729472.00 29321207808.00 29417936896.00 29511282688.00 29605097472.00 29700200448.00 29794299904.00 29889306624.00 29984028672.00 30078314496.00 30173143040.00 30267682816.00 30362261504.00 30456662016.00 
30540142592.00 30646286336.00 30740533248.00 30835329024.00 30929401856.00 31022645248.00 31118823424.00 31213520896.00 31307651072.00 31402301440.00 31496544256.00 31591571456.00 31685769216.00 31779137536.00 31876505600.00 31970254848.00 32063883264.00 32159789056.00 32253351936.00 32350105600.00 
32441792512.00 32537677824.00 32632055808.00 32727322624.00 32820946944.00 32915810304.00 33010546688.00 33105047552.00 33200494592.00 33295020032.00 33385431040.00 33483737088.00 33575882752.00 33674002432.00 33767557120.00 33861496832.00 33956222976.00 34050969600.00 34145454080.00 34240638976.00 
34331910144.00 34429112320.00 34523635712.00 34617323520.00 34715013120.00 34808016896.00 34902257664.00 34997252096.00 35090522112.00 35185803264.00 35280044032.00 35375247360.00 35469152256.00 35564486656.00 35658956800.00 35744612352.00 35847614464.00 35942715392.00 36037283840.00 36131934208.00 
36224999424.00 36325441536.00 36415647744.00 36510703616.00 36602613760.00 36699136000.00 36794007552.00 36887633920.00 36982919168.00 37077819392.00 37171462144.00 37266980864.00 37360783360.00 37455953920.00 37550465024.00 37644681216.00 37739278336.00 37834215424.00 37928370176.00 38022545408.00 
38089785344.00 38213484544.00 38307495936.00 38402088960.00 38496313344.00 38590783488.00 38685683712.00 38780395520.00 38874234880.00 38969520128.00 39063236608.00 39158800384.00 39252992000.00 39347560448.00 39442771968.00 39536676864.00 39629381632.00 39726186496.00 39820775424.00 39915081728.00 
40008331264.00 40099524608.00 40199168000.00 40293617664.00 40387686400.00 40481050624.00 40577306624.00 40671834112.00 40766185472.00 40861327360.00 40955043840.00 41050230784.00 41143713792.00 41239707648.00 41333968896.00 41428484096.00 41522880512.00 41617907712.00 41712230400.00 41806286848.00 
41898618880.00 41995911168.00 42090471424.00 42184818688.00 42277130240.00 42376179712.00 42469740544.00 42564071424.00 42656288768.00 42753486848.00 42844094464.00 42942160896.00 43036499968.00 43131322368.00 43225694208.00 43320135680.00 43414487040.00 43509096448.00 43603853312.00 43697291264.00 
43791917056.00 43887558656.00 43982503936.00 44077166592.00 44170518528.00 44265521152.00 44360298496.00 44454879232.00 44549611520.00 44644458496.00 44737945600.00 44834267136.00 44927901696.00 45022851072.00 45117353984.00 45210275840.00 45306175488.00 45401063424.00 45495914496.00 45590294528.00 
45673623552.00 45779341312.00 45874184192.00 45968633856.00 46063022080.00 46158053376.00 46252716032.00 46347042816.00 46441267200.00 46536404992.00 46630211584.00 46725283840.00 46819655680.00 46914592768.00 47008923648.00 47103254528.00 47196946432.00 47292456960.00 47386820608.00 47480680448.00 
47541235712.00 47672623104.00 47766388736.00 47861264384.00 47954845696.00 48049516544.00 48144183296.00 48238465024.00 48333524992.00 48427761664.00 48521900032.00 48617144320.00 48709562368.00 48806633472.00 48900796416.00 48995196928.00 49089056768.00 49184133120.00 49279320064.00 49373765632.00 
49465520128.00 49562644480.00 49658032128.00 49751982080.00 49846452224.00 49939623936.00 50035666944.00 50130558976.00 50223898624.00 50319491072.00 50413395968.00 50508861440.00 50602868736.00 50696675328.00 50792927232.00 50886897664.00 50981179392.00 51076263936.00 51170566144.00 51264847872.00 
51358601216.00 51454672896.00 51549028352.00 51643834368.00 51736035328.00 51832311808.00 51927818240.00 52021452800.00 52116643840.00 52209467392.00 52302340096.00 52400324608.00 52494934016.00 52589965312.00 52684161024.00 52778352640.00 52873232384.00 52968136704.00 53062082560.00 53156978688.00 
53246001152.00 53346316288.00 53440954368.00 53535371264.00 53629595648.00 53724196864.00 53818691584.00 53913485312.00 54007345152.00 54102134784.00 54195613696.00 54287724544.00 54389850112.00 54482272256.00 54576631808.00 54669250560.00 54763307008.00 54860128256.00 54954369024.00 55049220096.00 
55142240256.00 55237697536.00 55332757504.00 55427514368.00 55521386496.00 55616098304.00 55711195136.00 55805472768.00 55899652096.00 55994744832.00 56088559616.00 56183930880.00 56277188608.00 56373284864.00 56467505152.00 56561827840.00 56656662528.00 56750006272.00 56845791232.00 56940322816.00 
57020973056.00 57129779200.00 57224122368.00 57318846464.00 57413324800.00 57507663872.00 57601236992.00 57696964608.00 57789480960.00 57886679040.00 57980215296.00 58075463680.00 58169769984.00 58264485888.00 58358906880.00 58452226048.00 58548813824.00 58643316736.00 58737741824.00 58832056320.00 
58925506560.00 59021025280.00 59115790336.00 59210702848.00 59304042496.00 59390996480.00 59494354944.00 59588894720.00 59683237888.00 59777998848.00 59871928320.00 59966844928.00 60061855744.00 60156760064.00 60250841088.00 60345532416.00 60439887872.00 60534607872.00 60629200896.00 60723691520.00 
60807225344.00 60913119232.00 61008084992.00 61102362624.00 61196541952.00 61290569728.00 61386002432.00 61480275968.00 61574582272.00 61669683200.00 61760720896.00 61858557952.00 61953249280.00 62047416320.00 62142627840.00 62236893184.00 62330667008.00 62425944064.00 62520586240.00 62615097344.00 
62708584448.00 62804312064.00 62898774016.00 62993375232.00 63087136768.00 63181348864.00 63273713664.00 63380107264.00 63468650496.00 63562514432.00 63656132608.00 63751135232.00 63843479552.00 63940247552.00 64034770944.00 64127533056.00 64223338496.00 64318627840.00 64413564928.00 64507428864.00 
64599273472.00 64696791040.00 64791060480.00 64886439936.00 64980054016.00 65074626560.00 65169637376.00 65264242688.00 65357664256.00 65453494272.00 65547382784.00 65642545152.00 65736777728.00 65831522304.00 65925988352.00 66020270080.00 66115174400.00 66210074624.00 66304634880.00 66398818304.00 
66486575104.00 66587947008.00 66682814464.00 66777272320.00 66869673984.00 66965979136.00 67063791616.00 67156013056.00 67250356224.00 67345055744.00 67438919680.00 67533725696.00 67628204032.00 67723116544.00 67817418752.00 67912257536.00 68006764544.00 68101914624.00 68197154816.00 68290678784.00 
68379598848.00 68479729664.00 68574298112.00 68668936192.00 68763303936.00 68856299520.00 68952203264.00 69044625408.00 69142454272.00 69236826112.00 69330845696.00 69425872896.00 69520162816.00 69615001600.00 69709570048.00 69803843584.00 69896462336.00 69993709568.00 70087680000.00 70182232064.00 
70275547136.00 70372040704.00 70466068480.00 70560620544.00 70654640128.00 70749577216.00 70844375040.00 70939213824.00 71033446400.00 71127662592.00 71205076992.00 71317823488.00 71411007488.00 71506829312.00 71601225728.00 71695532032.00 71790108672.00 71885193216.00 71979458560.00 72074067968.00 
72165801984.00 72263163904.00 72359952384.00 72452046848.00 72546574336.00 72641265664.00 72737112064.00 72830615552.00 72923086848.00 73019310080.00 73114025984.00 73208979456.00 73303793664.00 73398214656.00 73492299776.00 73585844224.00 73681330176.00 73776644096.00 73871433728.00 73965666304.00 
74058858496.00 74154721280.00 74249388032.00 74344022016.00 74437476352.00 74532691968.00 74627620864.00 74722402304.00 74816684032.00 74911555584.00 75005272064.00 75100520448.00 75194458112.00 75289329664.00 75383922688.00 75478130688.00 75572576256.00 75667431424.00 75760967680.00 75853701120.00 
75895422976.00 76050341888.00 76143034368.00 76236914688.00 76331032576.00 76425363456.00 76520185856.00 76614410240.00 76708708352.00 76804718592.00 76897673216.00 76993110016.00 77086973952.00 77181288448.00 77276413952.00 77370859520.00 77464518656.00 77560160256.00 77654507520.00 77749362688.00 
77842440192.00 77938409472.00 78033133568.00 78127464448.00 78221844480.00 78315102208.00 78411145216.00 78505492480.00 78600552448.00 78695088128.00 78788984832.00 78884175872.00 78976737280.00 79072993280.00 79168167936.00 79262375936.00 79357001728.00 79451561984.00 79546335232.00 79640936448.00 
79732686848.00 79829999616.00 79922216960.00 80019611648.00 80113606656.00 80208027648.00 80302858240.00 80397443072.00 80490995712.00 80586948608.00 80677912576.00 80775380992.00 80870432768.00 80964960256.00 81059651584.00 81153884160.00 81247985664.00 81340211200.00 81438367744.00 81532690432.00 
81626054656.00 81721950208.00 81816330240.00 81911054336.00 82003369984.00 82100289536.00 82195021824.00 82289598464.00 82383650816.00 82478243840.00 82572804096.00 82667749376.00 82761768960.00 82856779776.00 82951249920.00 83037093888.00 83140288512.00 83234660352.00 83328573440.00 83424231424.00 
83513237504.00 83613450240.00 83707822080.00 83802447872.00 83896918016.00 83991461888.00 84086112256.00 84180443136.00 84273799168.00 84380581888.00 84465115136.00 84560035840.00 84654055424.00 84748664832.00 84843159552.00 84937588736.00 85030232064.00 85126914048.00 85222440960.00 85316206592.00 
85403566080.00 85505261568.00 85599879168.00 85694169088.00 85788540928.00 85883330560.00 85978112000.00 86072721408.00 86167044096.00 86259818496.00 86355968000.00 86451183616.00 86544465920.00 86640066560.00 86734495744.00 86829129728.00 86923722752.00 87018864640.00 87112327168.00 87207813120.00 
87299424256.00 87396696064.00 87490904064.00 87578968064.00 87680851968.00 87773585408.00 87869980672.00 87964491776.00 88056709120.00 88153448448.00 88247328768.00 88342618112.00 88436932608.00 88531460096.00 88626290688.00 88720556032.00 88814936064.00 88910249984.00 89004687360.00 89099288576.00 
89192316928.00 89286705152.00 89383329792.00 89477636096.00 89571188736.00 89666658304.00 89761497088.00 89856188416.00 89950576640.00 90044891136.00 90136248320.00 90234445824.00 90328014848.00 90423762944.00 90518102016.00 90612391936.00 90707083264.00 90801782784.00 90896433152.00 90990944256.00 
91074387968.00 91180269568.00 91274174464.00 91370274816.00 91463876608.00 91558060032.00 91653193728.00 91747434496.00 91841814528.00 91936718848.00 92031057920.00 92126076928.00 92220522496.00 92317663232.00 92409659392.00 92502614016.00 92597903360.00 92693454848.00 92788113408.00 92882362368.00 
92975947776.00 93071392768.00 93166215168.00 93260890112.00 93354999808.00 93449666560.00 93544562688.00 93637976064.00 93733453824.00 93827956736.00 93922172928.00 94017355776.00 94109614080.00 94206164992.00 94300626944.00 94394646528.00 94489239552.00 94583627776.00 94676877312.00 94768586752.00 
94798102528.00 94969544704.00 95061172224.00 95154774016.00 95248637952.00 95342813184.00 95437660160.00 95532630016.00 95625510912.00 95720259584.00 95814656000.00 95911018496.00 96004169728.00 96099344384.00 96193388544.00 96288153600.00 96382402560.00 96477888512.00 96571826176.00 96666296320.00 
96759808000.00 96855433216.00 96949993472.00 97044766720.00 97137172480.00 97232101376.00 97328496640.00 97422467072.00 97517330432.00 97612398592.00 97706270720.00 97801437184.00 97894948864.00 97990688768.00 98084823040.00 98179432448.00 98274091008.00 98365464576.00 98463432704.00 98558394368.00 
98646892544.00 98747056128.00 98841362432.00 98935963648.00 99031056384.00 99125264384.00 99219865600.00 99314941952.00 99408797696.00 99503661056.00 99594911744.00 99692929024.00 99787071488.00 99882811392.00 99976691712.00 100071268352.00 100163731456.00 100260978688.00 100354949120.00 100450033664.00 
100542898176.00 100638605312.00 100733411328.00 100827840512.00 100921966592.00 101016731648.00 101111119872.00 101207408640.00 101300977664.00 101395832832.00 101489459200.00 101584666624.00 101678120960.00 101773524992.00 101868281856.00 101961220096.00 102057197568.00 102154035200.00 102246531072.00 102341500928.00 
102433095680.00 102529654784.00 102625083392.00 102719602688.00 102814015488.00 102908469248.00 103003381760.00 103098130432.00 103190142976.00 103286464512.00 103380353024.00 103484874752.00 103571472384.00 103665729536.00 103759921152.00 103854612480.00 103948886016.00 104043929600.00 104137580544.00 104233148416.00 
104320655360.00 104422375424.00 104516567040.00 104611225600.00 104705155072.00 104800411648.00 104895143936.00 104989630464.00 105084108800.00 105178742784.00 105272582144.00 105365520384.00 105462308864.00 105557098496.00 105651740672.00 105746227200.00 105840721920.00 105935495168.00 106029883392.00 106124623872.00 
106208100352.00 106313867264.00 106408648704.00 106503094272.00 106597449728.00 106683424768.00 106786627584.00 106881449984.00 106975084544.00 107070373888.00 107164327936.00 107259641856.00 107353563136.00 107448737792.00 107543166976.00 107637514240.00 107731329024.00 107827142656.00 107921408000.00 108015960064.00 
108109004800.00 108204654592.00 108297936896.00 108408111104.00 108490571776.00 108584378368.00 108678864896.00 108773588992.00 108867821568.00 108962480128.00 109053657088.00 109151723520.00 109244055552.00 109340827648.00 109435437056.00 109529653248.00 109624410112.00 109718814720.00 109814104064.00 109908058112.00 
109999996928.00 110097186816.00 110191755264.00 110286913536.00 110380728320.00 110475206656.00 110570143744.00 110665048064.00 110758363136.00 110853873664.00 110947893248.00 111043321856.00 111137628160.00 111232335872.00 111326806016.00 111419637760.00 111514968064.00 111611150336.00 111705333760.00 111800074240.00 
111892963328.00 111988957184.00 112083861504.00 112178094080.00 112270467072.00 112366411776.00 112461733888.00 112556597248.00 112650887168.00 112745283584.00 112839483392.00 112934535168.00 113028874240.00 113125490688.00 113217822720.00 113312784384.00 113407467520.00 113502076928.00 113596530688.00 113690607616.00 
113757659136.00 113881612288.00 113975599104.00 114069504000.00 114164260864.00 114259050496.00 114353692672.00 114448154624.00 114542247936.00 114637094912.00 114731393024.00 114825691136.00 114920382464.00 115016040448.00 115110010880.00 115204489216.00 115297140736.00 115393486848.00 115488915456.00 115583180800.00 
115676545024.00 115772014592.00 115866558464.00 115961536512.00 116055539712.00 116148887552.00 116245037056.00 116340342784.00 116434034688.00 116528955392.00 116622295040.00 116720640000.00 116812079104.00 116907540480.00 117001822208.00 117096357888.00 117190967296.00 117285863424.00 117379817472.00 117475016704.00 
117566668800.00 117664120832.00 117758664704.00 117853249536.00 117947580416.00 118042042368.00 118137053184.00 118231310336.00 118323838976.00 118420324352.00 118497566720.00 118610182144.00 118704283648.00 118798114816.00 118893608960.00 118988333056.00 119082336256.00 119176929280.00 119271768064.00 119366492160.00 
119459717120.00 119555727360.00 119650205696.00 119743217664.00 119838654464.00 119933976576.00 120028676096.00 120123482112.00 120217427968.00 120312504320.00 120406376448.00 120501239808.00 120595349504.00 120691204096.00 120785207296.00 120878178304.00 120974098432.00 121069371392.00 121163481088.00 121258278912.00 
121341476864.00 121447514112.00 121541713920.00 121634897920.00 121731137536.00 121825402880.00 121920618496.00 122014793728.00 122108878848.00 122203971584.00 122297761792.00 122392772608.00 122487554048.00 122582351872.00 122676191232.00 122771357696.00 122865082368.00 122960347136.00 123054891008.00 123149926400.00 
123237236736.00 123339063296.00 123433369600.00 123527888896.00 123622137856.00 123716943872.00 123811561472.00 123906400256.00 124001009664.00 124095250432.00 124189376512.00 124284657664.00 124377006080.00 124474023936.00 124568100864.00 124662374400.00 124757229568.00 124852027392.00 124946415616.00 125041393664.00 
125132980224.00 125230153728.00 125324410880.00 125419315200.00 125513400320.00 125606371328.00 125702455296.00 125796818944.00 125890052096.00 125985193984.00 126078394368.00 126172430336.00 126263156736.00 126334509056.00 126476148736.00 126561067008.00 126653120512.00 126746968064.00 126840750080.00 126935089152.00 
127028305920.00 127123947520.00 127218106368.00 127312928768.00 127405039616.00 127501565952.00 127596331008.00 127691046912.00 127785197568.00 127879856128.00 127970967552.00 128069599232.00 128162971648.00 128258482176.00 128352616448.00 128447004672.00 128541925376.00 128635969536.00 128730644480.00 128825827328.00 
128914448384.00 129015013376.00 129109032960.00 129203798016.00 129298137088.00 129392631808.00 129487650816.00 129581850624.00 129675993088.00 129771200512.00 129865244672.00 129960378368.00 130054832128.00 130149490688.00 130244075520.00 130329796608.00 130431254528.00 130527379456.00 130622439424.00 130716524544.00 
130810224640.00 130906415104.00 131000696832.00 131095429120.00 131189243904.00 131284410368.00 131379093504.00 131473907712.00 131568115712.00 131662954496.00 131756703744.00 131851468800.00 131945619456.00 132041261056.00 132136009728.00 132229963776.00 132324728832.00 132419657728.00 132513882112.00 132608393216.00 
132689059840.00 132798136320.00 132892229632.00 132987191296.00 133081554944.00 133175705600.00 133270691840.00 133365448704.00 133457600512.00 133554200576.00 133648285696.00 133742993408.00 133839224832.00 133932916736.00 134027436032.00 134121693184.00 134216171520.00 134311215104.00 134405955584.00 134500089856.00 
134593634304.00 134689210368.00 134783942656.00 134878707712.00 134972235776.00 135066058752.00 135162028032.00 135256686592.00 135350599680.00 135447306240.00 135540375552.00 135635484672.00 135729520640.00 135824670720.00 135919738880.00 136013488128.00 136108523520.00 136202788864.00 136297242624.00 136392032256.00 
136475197440.00 136581726208.00 136675565568.00 136770240512.00 136864579584.00 136959254528.00 137053814784.00 137148579840.00 137242574848.00 137337765888.00 137428803584.00 137527164928.00 137621094400.00 137715728384.00 137809281024.00 137906782208.00 137999237120.00 138094870528.00 138189209600.00 138283679744.00 
138377035776.00 138472947712.00 138567368704.00 138661986304.00 138756194304.00 138850877440.00 138945495040.00 139040653312.00 139134746624.00 139229462528.00 139323408384.00 139418566656.00 139510972416.00 139607523328.00 139703320576.00 139795546112.00 139891408896.00 139986386944.00 140080545792.00 140175966208.00 
140267012096.00 140364333056.00 140459474944.00 140553682944.00 140648202240.00 140742524928.00 140837453824.00 140931956736.00 141025476608.00 141121011712.00 141214859264.00 141310050304.00 141404553216.00 141499351040.00 141594411008.00 141688455168.00 141782532096.00 141877166080.00 141971521536.00 142065860608.00 
142126153728.00 142257733632.00 142351548416.00 142445969408.00 142537981952.00 142634532864.00 142729527296.00 142823751680.00 142918156288.00 143013281792.00 143106998272.00 143201665024.00 143296217088.00 143391064064.00 143485894656.00 143580233728.00 143674736640.00 143769206784.00 143864102912.00 143959851008.00 
144047587328.00 144147808256.00 144242343936.00 144336797696.00 144432611328.00 144524820480.00 144620568576.00 144715268096.00 144809328640.00 144904323072.00 144998449152.00 145093935104.00 145188716544.00 145282859008.00 145377411072.00 145471848448.00 145564352512.00 145660854272.00 145754734592.00 145851236352.00 
145944051712.00 146040111104.00 146134253568.00 146229035008.00 146323046400.00 146417680384.00 146512363520.00 146607030272.00 146701549568.00 146796314624.00 146887524352.00 146983550976.00 147078823936.00 147174653952.00 147268993024.00 147362971648.00 147458801664.00 147552894976.00 147647594496.00 147742359552.00 
147833946112.00 147933495296.00 148025802752.00 148120633344.00 148214562816.00 148308639744.00 148404256768.00 148497858560.00 148591263744.00 148687699968.00 148781760512.00 148877033472.00 148971651072.00 149065891840.00 149160722432.00 149253701632.00 149349793792.00 149444542464.00 149539373056.00 149634695168.00 
149726953472.00 149822521344.00 149917368320.00 150012035072.00 150105571328.00 150201090048.00 150295560192.00 150390210560.00 150484729856.00 150579101696.00 150673211392.00 150768730112.00 150862544896.00 150957637632.00 151052435456.00 151146348544.00 151240671232.00 151335010304.00 151428988928.00 151521722368.00 
151563468800.00 151718281216.00 151811096576.00 151905271808.00 151999201280.00 152093638656.00 152188076032.00 152282677248.00 152376754176.00 152471781376.00 152565743616.00 152660492288.00 152755388416.00 152850481152.00 152943738880.00 153038749696.00 153132662784.00 153226280960.00 153323208704.00 153416187904.00 
153510707200.00 153606471680.00 153701302272.00 153795575808.00 153889521664.00 153975947264.00 154079117312.00 154173898752.00 154268434432.00 154363117568.00 154457423872.00 154552139776.00 154644643840.00 154741473280.00 154836140032.00 154930151424.00 155024490496.00 155120107520.00 155214184448.00 155309113344.00 
155400814592.00 155495989248.00 155592605696.00 155687403520.00 155781496832.00 155876098048.00 155970650112.00 156060073984.00 156159557632.00 156254961664.00 156346138624.00 156443983872.00 156538093568.00 156633300992.00 156727443456.00 156821389312.00 156916432896.00 157011476480.00 157106028544.00 157200924672.00 
157293838336.00 157389438976.00 157484367872.00 157578805248.00 157671260160.00 157767516160.00 157861724160.00 157959176192.00 158052483072.00 158146822144.00 158240636928.00 158335844352.00 158429626368.00 158524653568.00 158619238400.00 158712299520.00 158808539136.00 158903107584.00 158997725184.00 159091376128.00 
159181275136.00 159281397760.00 159376048128.00 159470649344.00 159563890688.00 159659868160.00 159754649600.00 159849103360.00 159943262208.00 160038584320.00 160131940352.00 160227180544.00 160321323008.00 160416727040.00 160510984192.00 160605552640.00 160698073088.00 160797474816.00 160889421824.00 160984252416.00 
161071661056.00 161173438464.00 161267531776.00 161362558976.00 161456553984.00 161551433728.00 161645953024.00 161739915264.00 161834795008.00 161929412608.00 162023440384.00 162118828032.00 162211938304.00 162306850816.00 162396160000.00 162499624960.00 162592800768.00 162687320064.00 162781446144.00 162875654144.00 
162967945216.00 163065430016.00 163159687168.00 163253977088.00 163348594688.00 163441623040.00 163537813504.00 163632267264.00 163724902400.00 163821453312.00 163915907072.00 164011048960.00 164105355264.00 164199907328.00 164294656000.00 164388995072.00 164483301376.00 164577968128.00 164672782336.00 164766220288.00 
164860788736.00 164956405760.00 165051432960.00 165145559040.00 165239455744.00 165334810624.00 165429198848.00 165523996672.00 165618286592.00 165712953344.00 165790285824.00 165902368768.00 165996494848.00 166091767808.00 166186057728.00 166280577024.00 166374686720.00 166469173248.00 166564413440.00 166659014656.00 
166742474752.00 166847922176.00 166942883840.00 167037337600.00 167131693056.00 167226408960.00 167321092096.00 167415939072.00 167509934080.00 167604764672.00 167698825216.00 167794753536.00 167888371712.00 167983235072.00 168077574144.00 168170520576.00 168265334784.00 168360132608.00 168461254656.00 168551563264.00 
168644427776.00 168740241408.00 168834760704.00 168929116160.00 169023307776.00 169118236672.00 169213018112.00 169307619328.00 169401925632.00 169496510464.00 169590751232.00 169685549056.00 169778298880.00 169874046976.00 169969680384.00 170063822848.00 170159063040.00 170253221888.00 170347823104.00 170442440704.00 
170523066368.00 170632003584.00 170726309888.00 170820845568.00 170915741696.00 171009867776.00 171104468992.00 171199463424.00 171292622848.00 171388420096.00 171482382336.00 171577229312.00 171671961600.00 171766710272.00 171861377024.00 171955421184.00 172049793024.00 172144443392.00 172235292672.00 172334956544.00 
172427771904.00 172523388928.00 172618235904.00 172712443904.00 172804784128.00 172900057088.00 172995805184.00 173091061760.00 173185368064.00 173280329728.00 173374029824.00 173469450240.00 173563461632.00 173658013696.00 173753188352.00 173847183360.00 173941719040.00 174036729856.00 174131396608.00 174225866752.00 
174314782720.00 174414708736.00 174509490176.00 174603796480.00 174698381312.00 174792736768.00 174884339712.00 174983282688.00 175076917248.00 175171895296.00 175262957568.00 175360950272.00 175455617024.00 175549841408.00 175644491776.00 175738748928.00 175831580672.00 175927640064.00 176022913024.00 176117448704.00 
176210739200.00 176306438144.00 176400842752.00 176494723072.00 176589996032.00 176684531712.00 176778919936.00 176875356160.00 176968794112.00 177063821312.00 177157357568.00 177253335040.00 177346035712.00 177441554432.00 177536319488.00 177622335488.00 177725341696.00 177820024832.00 177914609664.00 178009292800.00 
178100748288.00 178198413312.00 178292015104.00 178387959808.00 178482036736.00 178576605184.00 178670977024.00 178765922304.00 178858180608.00 178955665408.00 179048972288.00 179144540160.00 179238567936.00 179333087232.00 179427639296.00 179523272704.00 179616727040.00 179712000000.00 179806076928.00 179901906944.00 
179988267008.00 180091060224.00 180184924160.00 180279099392.00 180372570112.00 180469071872.00 180562984960.00 180658241536.00 180751876096.00 180846280704.00 180940652544.00 181035958272.00 181129773056.00 181221097472.00 181319794688.00 181413969920.00 181508603904.00 181603549184.00 181697789952.00 181792292864.00 
181875867648.00 181982117888.00 182076162048.00 182170320896.00 182265053184.00 182358228992.00 182456238080.00 182548627456.00 182643392512.00 182738354176.00 182832136192.00 182924345344.00 183022026752.00 183116546048.00 183211163648.00 183305420800.00 183399432192.00 183494868992.00 183589765120.00 183684186112.00 
183777509376.00 183873077248.00 183967744000.00 184063115264.00 184156700672.00 184251531264.00 184347410432.00 184440848384.00 184534974464.00 184630034432.00 184721063936.00 184818532352.00 184911446016.00 185008111616.00 185102614528.00 185197002752.00 185291767808.00 185386811392.00 185480822784.00 185575407616.00 
185667534848.00 185764495360.00 185859096576.00 185954107392.00 186048331776.00 186142932992.00 186237403136.00 186332381184.00 186425524224.00 186521452544.00 186615316480.00 186709213184.00 186804862976.00 186899578880.00 186993573888.00 187087044608.00 187182907392.00 187276935168.00 187371651072.00 187467005952.00 
187560165376.00 187656273920.00 187750678528.00 187844771840.00 187937423360.00 188033499136.00 188128182272.00 188222783488.00 188317040640.00 188411609088.00 188505128960.00 188600287232.00 188694282240.00 188788867072.00 188882616320.00 188976103424.00 189069656064.00 189162602496.00 189252976640.00 189335945216.00 
189312040960.00 189572071424.00 189655318528.00 189745790976.00 189838327808.00 189931569152.00 190025515008.00 190119428096.00 190213144576.00 190307893248.00 190401757184.00 190496915456.00 190590976000.00 190685675520.00 190780260352.00 190874107904.00 190966808576.00 191063572480.00 191157747712.00 191252152320.00 
191345623040.00 191441600512.00 191536332800.00 191631523840.00 191724716032.00 191817924608.00 191914622976.00 192008814592.00 192103006208.00 192199409664.00 192291897344.00 192386957312.00 192480608256.00 192576077824.00 192670924800.00 192764624896.00 192859586560.00 192954236928.00 193049034752.00 193143717888.00 
193235419136.00 193332674560.00 193427308544.00 193521713152.00 193616166912.00 193710784512.00 193805402112.00 193900380160.00 193992458240.00 194089500672.00 194180366336.00 194278293504.00 194372796416.00 194467659776.00 194560802816.00 194656452608.00 194750709760.00 194845442048.00 194940567552.00 195035185152.00 
195128377344.00 195224518656.00 195318824960.00 195413557248.00 195506421760.00 195602448384.00 195697278976.00 195791798272.00 195885973504.00 195984031744.00 196074602496.00 196169793536.00 196263968768.00 196359700480.00 196452122624.00 196547018752.00 196642996224.00 196737794048.00 196832133120.00 196926324736.00 
197009899520.00 197116035072.00 197210259456.00 197305090048.00 197399445504.00 197493850112.00 197588516864.00 197687459840.00 197777489920.00 197872353280.00 197966610432.00 198062260224.00 198155845632.00 198250151936.00 198345162752.00 198438797312.00 198533791744.00 198629441536.00 198723551232.00 198817120256.00 
198905806848.00 199006486528.00 199101956096.00 199196606464.00 199290535936.00 199384334336.00 199480459264.00 199575273472.00 199668891648.00 199763918848.00 199858044928.00 199952777216.00 200045821952.00 200142454784.00 200237006848.00 200331313152.00 200426012672.00 200520302592.00 200616132608.00 200709996544.00 
200801910784.00 200899395584.00 200993849344.00 201088237568.00 201182658560.00 201268609024.00 201371680768.00 201466822656.00 201560178688.00 201655058432.00 201749561344.00 201844457472.00 201939025920.00 202032775168.00 202129047552.00 202223337472.00 202317561856.00 202413834240.00 202507386880.00 202601725952.00 
202694770688.00 202791043072.00 202885038080.00 202980638720.00 203072454656.00 203169038336.00 203263672320.00 203358388224.00 203452366848.00 203547328512.00 203638505472.00 203736383488.00 203830345728.00 203925241856.00 204023971840.00 204115099648.00 204209258496.00 204304580608.00 204398919680.00 204493684736.00 
204582256640.00 204682444800.00 204776488960.00 204871647232.00 204966150144.00 205060440064.00 205155057664.00 205250347008.00 205344047104.00 205438795776.00 205533118464.00 205627768832.00 205722943488.00 205817528320.00 205912457216.00 206004781056.00 206098907136.00 206196015104.00 206289977344.00 206384873472.00 
206477721600.00 206573305856.00 206672904192.00 206763655168.00 206857863168.00 206952267776.00 207046836224.00 207141601280.00 207236087808.00 207330934784.00 207424864256.00 207520202752.00 207613427712.00 207708782592.00 207803629568.00 207898001408.00 207992356864.00 208087564288.00 208181870592.00 208276471808.00 
208356999168.00 208466132992.00 208560521216.00 208654974976.00 208748920832.00 208843603968.00 208938745856.00 209034477568.00 209125933056.00 209222696960.00 209316364288.00 209411653632.00 209506091008.00 209600708608.00 209695113216.00 209789648896.00 209883856896.00 209979146240.00 210073452544.00 210168135680.00 
210261049344.00 210356600832.00 210446893056.00 210548047872.00 210640715776.00 210734465024.00 210830589952.00 210925223936.00 211019644928.00 211113508864.00 211208323072.00 211303251968.00 211397394432.00 211492470784.00 211587088384.00 211681280000.00 211776339968.00 211870924800.00 211965149184.00 212060553216.00 
212143456256.00 212249149440.00 212343799808.00 212439171072.00 212533329920.00 212627161088.00 212722106368.00 212816478208.00 212910637056.00 213005910016.00 213082865664.00 213195407360.00 213289500672.00 213384232960.00 213479178240.00 213572714496.00 213666693120.00 213762899968.00 213856862208.00 213951823872.00 
214044950528.00 214142222336.00 214235611136.00 214330032128.00 214424240128.00 214518988800.00 214613426176.00 214708420608.00 214802382848.00 214897491968.00 214991372288.00 215086825472.00 215178969088.00 215276027904.00 215370383360.00 215463198720.00 215559651328.00 215654400000.00 215748689920.00 215843028992.00 
215934894080.00 216033017856.00 216126816256.00 216221073408.00 216315002880.00 216407916544.00 216511987712.00 216601460736.00 216694472704.00 216789630976.00 216883593216.00 216978751488.00 217073123328.00 217168347136.00 217262489600.00 217356402688.00 217451216896.00 217545850880.00 217640550400.00 217735233536.00 
217822969856.00 217924108288.00 218019086336.00 218110607360.00 218206011392.00 218302103552.00 218397114368.00 218491650048.00 218586775552.00 218681147392.00 218774962176.00 218870038528.00 218964541440.00 219059699712.00 219153629184.00 219247706112.00 219344125952.00 219437580288.00 219532099584.00 219626979328.00 
219715895296.00 219817000960.00 219910144000.00 220005253120.00 220099575808.00 220192800768.00 220289236992.00 220383690752.00 220477554688.00 220572598272.00 220666593280.00 220761604096.00 220855861248.00 220948987904.00 221046358016.00 221140271104.00 221232955392.00 221329342464.00 221423927296.00 221518938112.00 
221611802624.00 221707452416.00 221802201088.00 221896949760.00 221990879232.00 222086561792.00 222180622336.00 222275059712.00 222369873920.00 222464262144.00 222555275264.00 222653202432.00 222746722304.00 222848090112.00 222937628672.00 223031705600.00 223126192128.00 223221268480.00 223315460096.00 223412191232.00 
223502041088.00 223599345664.00 223693684736.00 223788449792.00 223883296768.00 223977619456.00 224072204288.00 224166854656.00 224259211264.00 224355876864.00 224449724416.00 224545193984.00 224639549440.00 224734183424.00 224829194240.00 224914440192.00 225018003456.00 225112997888.00 225207107584.00 225302003712.00 
225394802688.00 225492025344.00 225585184768.00 225681981440.00 225773830144.00 225869348864.00 225964539904.00 226057961472.00 226152677376.00 226247737344.00 226341453824.00 226436677632.00 226530738176.00 226625404928.00 226720235520.00 226814377984.00 226908798976.00 227002728448.00 227097313280.00 227189735424.00 
227231334400.00 227386474496.00 227479339008.00 227573186560.00 227667410944.00 227761602560.00 227855810560.00 227950592000.00 228044652544.00 228139794432.00 228233887744.00 228329291776.00 228423450624.00 228518084608.00 228612571136.00 228706828288.00 228800692224.00 228896456704.00 228990713856.00 229085724672.00 
229178736640.00 229273452544.00 229368545280.00 229464014848.00 229557567488.00 229651021824.00 229747507200.00 229842468864.00 229936349184.00 230031261696.00 230125207552.00 230220349440.00 230312886272.00 230410518528.00 230503841792.00 230599147520.00 230693126144.00 230787792896.00 230882557952.00 230974734336.00 
231069057024.00 231166083072.00 231260553216.00 231355580416.00 231449051136.00 231544815616.00 231639285760.00 231733772288.00 231827341312.00 231924678656.00 232013856768.00 232112029696.00 232206401536.00 232301510656.00 232395964416.00 232490139648.00 232584265728.00 232679145472.00 232774090752.00 232868462592.00 
232961982464.00 233056845824.00 233153593344.00 233247178752.00 233339420672.00 233435971584.00 233530589184.00 233625272320.00 233719595008.00 233814196224.00 233908486144.00 234003988480.00 234097819648.00 234193043456.00 234287677440.00 234380247040.00 234475257856.00 234571481088.00 234666000384.00 234760437760.00 
234849435648.00 234948476928.00 235044159488.00 235139170304.00 235233345536.00 235327717376.00 235422367744.00 235517296640.00 235611226112.00 235706417152.00 235800068096.00 235895193600.00 235989712896.00 236084281344.00 236178751488.00 236273287168.00 236366069760.00 236462718976.00 236556959744.00 236650512384.00 
236711264256.00 236842680320.00 236936691712.00 237030948864.00 237124583424.00 237219610624.00 237313998848.00 237409042432.00 237503381504.00 237598244864.00 237692076032.00 237787447296.00 237880655872.00 237976469504.00 238070710272.00 238165622784.00 238259814400.00 238354694144.00 238449344512.00 238544158720.00 
238635663360.00 238732361728.00 238827651072.00 238921940992.00 239016640512.00 239109554176.00 239205040128.00 239300624384.00 239392702464.00 239489581056.00 239583838208.00 239678750720.00 239773237248.00 239867691008.00 239962734592.00 240056860672.00 240151609344.00 240246620160.00 240340746240.00 240435232768.00 
240528605184.00 240624713728.00 240719069184.00 240813457408.00 240906862592.00 241001103360.00 241098768384.00 241192452096.00 241286840320.00 241381261312.00 241472847872.00 241570578432.00 241664393216.00 241759780864.00 241854398464.00 241948672000.00 242043518976.00 242138152960.00 242232557568.00 242326618112.00 
242410651648.00 242516639744.00 242611142656.00 242705154048.00 242799493120.00 242894340096.00 242988662784.00 243083558912.00 243177832448.00 243272892416.00 243366821888.00 243460931584.00 243557302272.00 243651788800.00 243745882112.00 243838926848.00 243934167040.00 244029685760.00 244124598272.00 244219265024.00 
244312031232.00 244408139776.00 244502577152.00 244597440512.00 244691075072.00 244786085888.00 244880736256.00 244975452160.00 245068627968.00 245165473792.00 245258747904.00 245354070016.00 245446426624.00 245542993920.00 245637578752.00 245731950592.00 245826371584.00 245921153024.00 246015901696.00 246110470144.00 
246190948352.00 246300344320.00 246394306560.00 246488891392.00 246583050240.00 246677995520.00 246772203520.00 246867181568.00 246960701440.00 247056908288.00 247150280704.00 247245275136.00 247339941888.00 247434493952.00 247529226240.00 247623254016.00 247718297600.00 247812931584.00 247907598336.00 248002052096.00 
248095113216.00 248191516672.00 248285659136.00 248380719104.00 248472846336.00 248560893952.00 248664358912.00 248758648832.00 248853102592.00 248947949568.00 249041698816.00 249136840704.00 249231278080.00 249326665728.00 249420726272.00 249514950656.00 249609961472.00 249704529920.00 249799000064.00 249893339136.00 
249982779392.00 250082836480.00 250177306624.00 250272382976.00 250365984768.00 250460897280.00 250555596800.00 250649640960.00 250744406016.00 250838646784.00 250930315264.00 251028733952.00 251122876416.00 251217379328.00 251311996928.00 251406254080.00 251498872832.00 251595538432.00 251689959424.00 251784462336.00 
251877343232.00 251973124096.00 252067266560.00 252161474560.00 252254126080.00 252346777600.00 252432089088.00 252573581312.00 252644818944.00 252736110592.00 252828794880.00 252923117568.00 253016309760.00 253111664640.00 253205495808.00 253298606080.00 253394468864.00 253489119232.00 253583638528.00 253678354432.00 
253769924608.00 253867048960.00 253961994240.00 254056349696.00 254150688768.00 254245437440.00 254340153344.00 254434492416.00 254526865408.00 254623678464.00 254717509632.00 254813126656.00 254907072512.00 255001935872.00 255096848384.00 255191023616.00 255285477376.00 255380176896.00 255474761728.00 255569068032.00 
255656853504.00 255758516224.00 255853346816.00 255948144640.00 256041369600.00 256136773632.00 256232292352.00 256325959680.00 256420282368.00 256515555328.00 256609271808.00 256704872448.00 256798818304.00 256893452288.00 256987365376.00 257082523648.00 257176551424.00 257273708544.00 257366687744.00 257460994048.00 
257544142848.00 257650163712.00 257744764928.00 257838776320.00 257933656064.00 258026700800.00 258122792960.00 258216837120.00 258311897088.00 258407022592.00 258500689920.00 258595880960.00 258690367488.00 258785247232.00 258879356928.00 258973712384.00 259067658240.00 259164995584.00 259257958400.00 259352461312.00 
259445915648.00 259542007808.00 259636248576.00 259731406848.00 259825025024.00 259919691776.00 260014669824.00 260110286848.00 260203577344.00 260298145792.00 260375543808.00 260488151040.00 260580425728.00 260676845568.00 260771282944.00 260865949696.00 260960485376.00 261055004672.00 261149556736.00 261244534784.00 
261336023040.00 261433180160.00 261528436736.00 261622398976.00 261717000192.00 261811503104.00 261906448384.00 262001049600.00 262094192640.00 262187761664.00 262284787712.00 262379667456.00 262473842688.00 262568001536.00 262663094272.00 262756024320.00 262851624960.00 262946816000.00 263041581056.00 263136296960.00 
263229440000.00 263325368320.00 263419314176.00 263514816512.00 263606534144.00 263703281664.00 263798423552.00 263892320256.00 263987871744.00 264082653184.00 264175534080.00 264271183872.00 264364965888.00 264459878400.00 264554479616.00 264649080832.00 264743714816.00 264838889472.00 264932622336.00 265026797568.00 
265093922816.00 265217949696.00 265312108544.00 265406201856.00 265500360704.00 265595207680.00 265690513408.00 265782935552.00 265878667264.00 265973710848.00 266067492864.00 266163126272.00 266257006592.00 266351722496.00 266446503936.00 266541350912.00 266633281536.00 266730323968.00 266824564736.00 266919362560.00 
267012751360.00 267108024320.00 267202478080.00 267296915456.00 267392401408.00 267485282304.00 267581341696.00 267675877376.00 267770396672.00 267865030656.00 267959009280.00 268054642688.00 268147982336.00 268243353600.00 268338413568.00 268432769024.00 268527452160.00 268621561856.00 268716605440.00 268810960896.00 
268903088128.00 269000163328.00 269094256640.00 269189496832.00 269283622912.00 269378404352.00 269473038336.00 269567574016.00 269659914240.00 269756694528.00 269847953408.00 269945765888.00 270039842816.00 270135296000.00 270229356544.00 270323253248.00 270416887808.00 270500364288.00 270610300928.00 270703771648.00 
270796587008.00 270892367872.00 270987165696.00 271081275392.00 271174942720.00 271270215680.00 271364898816.00 271459647488.00 271554330624.00 271648866304.00 271742877696.00 271837970432.00 271931981824.00 272026943488.00 272121249792.00 272207151104.00 272310255616.00 272405430272.00 272499818496.00 272594583552.00 
272677421056.00 272783589376.00 272878354432.00 272973004800.00 273067229184.00 273161453568.00 273256366080.00 273351524352.00 273444765696.00 273542709248.00 273634705408.00 273729568768.00 273823711232.00 273918853120.00 274012700672.00 274107547648.00 274200903680.00 274296881152.00 274391482368.00 274486263808.00 
274573869056.00 274675286016.00 274770329600.00 274864340992.00 274958581760.00 275053215744.00 275148308480.00 275242876928.00 275336462336.00 275423559680.00 275526877184.00 275621904384.00 275713359872.00 275810189312.00 275905249280.00 275998965760.00 276094189568.00 276188659712.00 276283195392.00 276378550272.00 
276469743616.00 276566835200.00 276662059008.00 276754333696.00 276850802688.00 276943831040.00 277039841280.00 277134475264.00 277227798528.00 277323841536.00 277417656320.00 277512552448.00 277606662144.00 277701001216.00 277797142528.00 277891317760.00 277985525760.00 278080389120.00 278174728192.00 278269657088.00 
278362685440.00 278458400768.00 278553296896.00 278647767040.00 278740271104.00 278836641792.00 278931374080.00 279025254400.00 279121166336.00 279215439872.00 279306764288.00 279404478464.00 279498752000.00 279593648128.00 279688511488.00 279782588416.00 279876861952.00 279972118528.00 280066555904.00 280161189888.00 
280250155008.00 280350130176.00 280444600320.00 280543166464.00 280634130432.00 280727945216.00 280823103488.00 280918261760.00 281012076544.00 281106939904.00 281201246208.00 281296011264.00 281390219264.00 281485967360.00 281579651072.00 281672810496.00 281766887424.00 281863913472.00 281958088704.00 282052886528.00 
282145685504.00 282241859584.00 282336329728.00 282430537728.00 282525237248.00 282619772928.00 282714963968.00 282809171968.00 282903740416.00 282997522432.00 283092418560.00 283187904512.00 283280769024.00 283375468544.00 283470331904.00 283564965888.00 283659567104.00 283753873408.00 283847262208.00 283938881536.00 
283968110592.00 284139716608.00 284231565312.00 284324691968.00 284418998272.00 284513107968.00 284607643648.00 284702474240.00 284794093568.00 284891217920.00 284985065472.00 285080256512.00 285174693888.00 285270376448.00 285363568640.00 285458169856.00 285552508928.00 285647699968.00 285742137344.00 285836967936.00 
285929897984.00 286026039296.00 286119886848.00 286214455296.00 286308368384.00 286402150400.00 286498521088.00 286590795776.00 286687428608.00 286782128128.00 286876205056.00 286971658240.00 287065440256.00 287161090048.00 287255101440.00 287349669888.00 287444041728.00 287537889280.00 287633833984.00 287727910912.00 
287811174400.00 287917375488.00 288011681792.00 288106676224.00 288200589312.00 288294993920.00 288390381568.00 288484458496.00 288579420160.00 288673628160.00 288765214720.00 288863453184.00 288957267968.00 289052524544.00 289146830848.00 289241071616.00 289334788096.00 289430503424.00 289524482048.00 289621442560.00 
289712963584.00 289809039360.00 289903345664.00 289997946880.00 290092646400.00 290187083776.00 290281816064.00 290376876032.00 290470821888.00 290565652480.00 290659860480.00 290754789376.00 290847457280.00 290943762432.00 291038167040.00 291131359232.00 291226976256.00 291329441792.00 291417063424.00 291511664640.00 
291603611648.00 291700637696.00 291795992576.00 291889348608.00 291984375808.00 292078878720.00 292173840384.00 292268670976.00 292361895936.00 292457185280.00 292551262208.00 292648648704.00 292740857856.00 292835328000.00 292930256896.00 293024628736.00 293118836736.00 293214388224.00 293308235776.00 293403164672.00 
293490688000.00 293592367104.00 293686050816.00 293781667840.00 293873844224.00 293970477056.00 294065242112.00 294159417344.00 294253756416.00 294348259328.00 294441680896.00 294527729664.00 294633865216.00 294728138752.00 294821986304.00 294916489216.00 295010992128.00 295106281472.00 295200522240.00 295294828544.00 
295384154112.00 295483932672.00 295579320320.00 295673593856.00 295767638016.00 295853850624.00 295956905984.00 296051802112.00 296145551360.00 296240480256.00 296334491648.00 296430370816.00 296524185600.00 296618295296.00 296713486336.00 296807530496.00 296900624384.00 296997322752.00 297091858432.00 297186459648.00 
297279553536.00 297375924224.00 297469739008.00 297568534528.00 297659531264.00 297753837568.00 297848471552.00 297943334912.00 298037706752.00 298133389312.00 298223599616.00 298321674240.00 298415456256.00 298511007744.00 298605510656.00 298699948032.00 298794254336.00 298888658944.00 298985816064.00 299078156288.00 
299169939456.00 299267162112.00 299361665024.00 299457183744.00 299550867456.00 299645698048.00 299740299264.00 299835260928.00 299927339008.00 300023971840.00 300117950464.00 300213534720.00 300307480576.00 300402966528.00 300496683008.00 300590170112.00 300685393920.00 300780814336.00 300875120640.00 300970246144.00 
301063110656.00 301159284736.00 301253951488.00 301348093952.00 301441712128.00 301537067008.00 301631864832.00 301727350784.00 301821165568.00 301915176960.00 302009384960.00 302103396352.00 302198521856.00 302294171648.00 302387855360.00 302482358272.00 302577156096.00 302671298560.00 302765211648.00 302857781248.00 
302899658752.00 303054684160.00 303147548672.00 303241232384.00 303335571456.00 303429877760.00 303524413440.00 303619244032.00 303712796672.00 303807823872.00 303901933568.00 303996469248.00 304091070464.00 304185737216.00 304280895488.00 304375300096.00 304468951040.00 304564371456.00 304658677760.00 304753868800.00 
304846766080.00 304942120960.00 305036722176.00 305131683840.00 305226088448.00 305319444480.00 305416142848.00 305510350848.00 305604362240.00 305699225600.00 305793105920.00 305888854016.00 305980801024.00 306077696000.00 306171478016.00 306266636288.00 306361499648.00 306456002560.00 306548113408.00 306645401600.00 
306737250304.00 306834374656.00 306928648192.00 307023085568.00 307117948928.00 307212222464.00 307307446272.00 307401785344.00 307495108608.00 307590594560.00 307667861504.00 307780747264.00 307874529280.00 307969327104.00 308063633408.00 308158431232.00 308252966912.00 308347666432.00 308441907200.00 308536311808.00 
308630487040.00 308726267904.00 308820508672.00 308914618368.00 309007187968.00 309103820800.00 309198618624.00 309293481984.00 309387919360.00 309482520576.00 309575909376.00 309671362560.00 309764685824.00 309863776256.00 309955919872.00 310048817152.00 310144761856.00 310239330304.00 310333997056.00 310428467200.00 
310517465088.00 310617702400.00 310710894592.00 310806511616.00 310901047296.00 310995779584.00 311090610176.00 311185276928.00 311279288320.00 311374708736.00 311468490752.00 311563321344.00 311657398272.00 311752196096.00 311844405248.00 311941791744.00 312034164736.00 312131026944.00 312225366016.00 312320360448.00 
312407916544.00 312509759488.00 312603705344.00 312698437632.00 312792023040.00 312887377920.00 312982175744.00 313076645888.00 313171214336.00 313265520640.00 313359630336.00 313454854144.00 313548898304.00 313644351488.00 313738821632.00 313833291776.00 313927925760.00 314022002688.00 314117390336.00 314211565568.00 
314303709184.00 314401193984.00 314494746624.00 314589609984.00 314684571648.00 314777468928.00 314873315328.00 314968342528.00 315060781056.00 315157184512.00 315250835456.00 315345436672.00 315439349760.00 315528282112.00 315634679808.00 315726495744.00 315820474368.00 315915075584.00 316009381888.00 316103917568.00 
316196945920.00 316293152768.00 316387491840.00 316482289664.00 316575449088.00 316670935040.00 316765962240.00 316861186048.00 316954836992.00 317049667584.00 317140467712.00 317238607872.00 317332881408.00 317428105216.00 317522280448.00 317617209344.00 317711450112.00 317805789184.00 317900488704.00 317995483136.00 
318078582784.00 318184292352.00 318279319552.00 318373855232.00 318468096000.00 318562435072.00 318657331200.00 318751768576.00 318845353984.00 318941331456.00 319035113472.00 319130173440.00 319224414208.00 319319343104.00 319413878784.00 319499829248.00 319602425856.00 319697649664.00 319792185344.00 319887015936.00 
319979978752.00 320075988992.00 320170754048.00 320264798208.00 320358645760.00 320455245824.00 320549388288.00 320643694592.00 320738131968.00 320832765952.00 320926711808.00 321021739008.00 321114603520.00 321211695104.00 321307115520.00 321399980032.00 321494843392.00 321589248000.00 321684078592.00 321778679808.00 
321858600960.00 321968406528.00 322062778368.00 322158264320.00 322251423744.00 322345959424.00 322440757248.00 322535325696.00 322629271552.00 322724560896.00 322818539520.00 322913599488.00 323008167936.00 323102900224.00 323196878848.00 323291512832.00 323386048512.00 323480682496.00 323575578624.00 323670540288.00 
323763240960.00 323859218432.00 323954081792.00 324048289792.00 324140793856.00 324235296768.00 324331634688.00 324426006528.00 324518019072.00 324620484608.00 324711415808.00 324806115328.00 324899930112.00 324994859008.00 325089853440.00 325183471616.00 325278072832.00 325372674048.00 325467308032.00 325561942016.00 
325651202048.00 325751406592.00 325846237184.00 325940150272.00 326034391040.00 326129319936.00 326223495168.00 326318161920.00 326412140544.00 326508052480.00 326599147520.00 326699122688.00 326791364608.00 326886916096.00 326980239360.00 327075168256.00 327168131072.00 327264632832.00 327358808064.00 327453638656.00 
327547191296.00 327643201536.00 327737507840.00 327832305664.00 327925923840.00 328020656128.00 328115093504.00 328211857408.00 328304918528.00 328399355904.00 328493793280.00 328588787712.00 328682340352.00 328777826304.00 328872263680.00 328965554176.00 329061433344.00 329156329472.00 329250275328.00 329345531904.00 
329436889088.00 329534439424.00 329628581888.00 329724035072.00 329818734592.00 329912582144.00 330007543808.00 330101620736.00 330194616320.00 330291052544.00 330385195008.00 330480418816.00 330574594048.00 330669752320.00 330763632640.00 330858430464.00 330952376320.00 331046813696.00 331141709824.00 331235753984.00 
331296276480.00 331427971072.00 331521359872.00 331616059392.00 331708989440.00 331804377088.00 331899142144.00 331993743360.00 332088147968.00 332182814720.00 332276662272.00 332372279296.00 332466290688.00 332561088512.00 332655788032.00 332749602816.00 332844728320.00 332939657216.00 333034323968.00 333128826880.00 
333212123136.00 333317963776.00 333412237312.00 333507461120.00 333601898496.00 333694402560.00 333790609408.00 333885571072.00 333979549696.00 334073954304.00 334168981504.00 334263943168.00 334358347776.00 334453342208.00 334548074496.00 334642315264.00 334735704064.00 334831386624.00 334925561856.00 335020982272.00 
335113650176.00 335211069440.00 335304458240.00 335399124992.00 335493070848.00 335587835904.00 335682797568.00 335777038336.00 335871606784.00 335966535680.00 336057171968.00 336154951680.00 336247881728.00 336344416256.00 336438329344.00 336531587072.00 336630677504.00 336723279872.00 336817717248.00 336912580608.00 
337004036096.00 337101881344.00 337196285952.00 337290330112.00 337384964096.00 337479434240.00 337573838848.00 337668734976.00 337762353152.00 337857970176.00 337952243712.00 338046877696.00 338141806592.00 338236604416.00 338330845184.00 338423709696.00 338519785472.00 338614845440.00 338708955136.00 338808504320.00 
338897108992.00 338993152000.00 339087261696.00 339181928448.00 339274661888.00 339371032576.00 339465699328.00 339560628224.00 339654705152.00 339749437440.00 339843940352.00 339939328000.00 340033437696.00 340128202752.00 340222181376.00 340316815360.00 340411416576.00 340506050560.00 340600651776.00 340694630400.00 
340761575424.00 340885831680.00 340979744768.00 341074313216.00 341168848896.00 341262958592.00 341357690880.00 341452193792.00 341546631168.00 341641527296.00 341735702528.00 341830565888.00 341925036032.00 342020587520.00 342114107392.00 342208872448.00 342300917760.00 342397517824.00 342492676096.00 342582689792.00 
342680993792.00 342776610816.00 342870917120.00 342965846016.00 343059660800.00 343146201088.00 343249158144.00 343343792128.00 343439245312.00 343533518848.00 343626907648.00 343722721280.00 343815389184.00 343911301120.00 344006000640.00 344099684352.00 344193138688.00 344291180544.00 344384307200.00 344479072256.00 
344570855424.00 344667553792.00 344762843136.00 344857214976.00 344951750656.00 345046286336.00 345140658176.00 345234374656.00 345327665152.00 345424986112.00 345516277760.00 345613467648.00 345707544576.00 345803620352.00 345897730048.00 345992036352.00 346086834176.00 346180812800.00 346275872768.00 346370736128.00 
346463731712.00 346558562304.00 346654965760.00 346748616704.00 346842857472.00 346937884672.00 347031666688.00 347128758272.00 347221983232.00 347316912128.00 347410497536.00 347506212864.00 347599962112.00 347694628864.00 347789393920.00 347882061824.00 347978498048.00 348073230336.00 348167602176.00 348261646336.00 
348345925632.00 348451438592.00 348546007040.00 348640837632.00 348734947328.00 348829646848.00 348923756544.00 349018554368.00 349112827904.00 349208150016.00 349301899264.00 349397450752.00 349489627136.00 349587439616.00 349681418240.00 349775560704.00 349869441024.00 349965451264.00 350059397120.00 350153801728.00 
350242013184.00 350343200768.00 350437900288.00 350532206592.00 350627102720.00 350721245184.00 350816075776.00 350910742528.00 351005048832.00 351099617280.00 351193661440.00 351288983552.00 351381028864.00 351477301248.00 351571017728.00 351667683328.00 351761989632.00 351856820224.00 351950831616.00 352045432832.00 
352137543680.00 352235585536.00 352328777728.00 352424067072.00 352517881856.00 352611434496.00 352707215360.00 352802111488.00 352895860736.00 352991838208.00 353085521920.00 353180712960.00 353274986496.00 353368702976.00 353464844288.00 353558691840.00 353653391360.00 353748582400.00 353842790400.00 353937293312.00 
354030387200.00 354125676544.00 354222342144.00 354315501568.00 354408398848.00 354504605696.00 354598617088.00 354693611520.00 354788245504.00 354882453504.00 354960244736.00 355072573440.00 355166978048.00 355261546496.00 355355885568.00 355450159104.00 355544956928.00 355639459840.00 355734552576.00 355829317632.00 
355917594624.00 356018126848.00 356113055744.00 356207624192.00 356301340672.00 356397613056.00 356491001856.00 356586782720.00 356679647232.00 356775034880.00 356869079040.00 356963975168.00 357058183168.00 357153701888.00 357247451136.00 357340839936.00 357434589184.00 357530828800.00 357627822080.00 357720522752.00 
357814042624.00 357910282240.00 358004457472.00 358098894848.00 358193397760.00 358287802368.00 358382764032.00 358477594624.00 358571704320.00 358665846784.00 358760710144.00 358855671808.00 358949126144.00 359044448256.00 359139475456.00 359233683456.00 359328153600.00 359423180800.00 359518535680.00 359612645376.00 
359692959744.00 359801978880.00 359896317952.00 359990788096.00 360085389312.00 360179564544.00 360274264064.00 360369127424.00 360461565952.00 360557903872.00 360652439552.00 360747433984.00 360841543680.00 360936505344.00 361032351744.00 361124790272.00 361219457024.00 361315401728.00 361408626688.00 361503916032.00 
361597534208.00 361693609984.00 361787588608.00 361881468928.00 361975808000.00 362069852160.00 362164060160.00 362260889600.00 362355687424.00 362449993728.00 362543677440.00 362640113664.00 362733207552.00 362827776000.00 362923163648.00 363016912896.00 363111612416.00 363206737920.00 363301208064.00 363395612672.00 
363478974464.00 363584552960.00 363679547392.00 363773919232.00 363868192768.00 363962957824.00 364056870912.00 364153143296.00 364246269952.00 364341067776.00 364432687104.00 364530237440.00 364625887232.00 364720390144.00 364814008320.00 364908642304.00 365003079680.00 365097156608.00 365192740864.00 365287178240.00 
365380599808.00 365476118528.00 365569638400.00 365665812480.00 365759561728.00 365854883840.00 365949321216.00 366044086272.00 366138720256.00 366233157632.00 366327136256.00 366425505792.00 366514667520.00 366610219008.00 366705344512.00 366791917568.00 366895464448.00 366990196736.00 367084306432.00 367178776576.00 
367270821888.00 367368175616.00 367462285312.00 367557476352.00 367651422208.00 367746154496.00 367841050624.00 367934898176.00 368029204480.00 368125575168.00 368218865664.00 368313434112.00 368408821760.00 368502833152.00 368597467136.00 368691773440.00 368785981440.00 368881401856.00 368975740928.00 369070964736.00 
369158193152.00 369259839488.00 369354113024.00 369449336832.00 369541185536.00 369637916672.00 369732485120.00 369829183488.00 369920868352.00 370015797248.00 370110038016.00 370205097984.00 370299338752.00 370393612288.00 370489262080.00 370583339008.00 370677481472.00 370772639744.00 370866946048.00 370962202624.00 
371051167744.00 371150946304.00 371245252608.00 371340017664.00 371434651648.00 371527680000.00 371624345600.00 371717996544.00 371812630528.00 371907919872.00 372001406976.00 372095614976.00 372190806016.00 372286062592.00 372380696576.00 372474773504.00 372567474176.00 372663156736.00 372758806528.00 372853047296.00 
372946698240.00 373042315264.00 373136261120.00 373231353856.00 373325529088.00 373420490752.00 373515255808.00 373609824256.00 373703835648.00 373799354368.00 373889925120.00 373988032512.00 374081552384.00 374177169408.00 374271344640.00 374365454336.00 374460252160.00 374556426240.00 374649880576.00 374744678400.00 
374835970048.00 374933553152.00 375028023296.00 375122165760.00 375216537600.00 375311302656.00 375405674496.00 375500046336.00 375592812544.00 375689674752.00 375783030784.00 375877730304.00 375972233216.00 376067227648.00 376161697792.00 376254693376.00 376349982720.00 376444944384.00 376539545600.00 376633982976.00 
376726814720.00 376822792192.00 376916377600.00 377011142656.00 377104400384.00 377199165440.00 377293635584.00 377387712512.00 377481232384.00 377576194048.00 377668468736.00 377762971648.00 377855377408.00 377949159424.00 378041270272.00 378132430848.00 378222018560.00 378309115904.00 378387988480.00 378435731456.00 
end   dump: w
==END   DUMP_ARRAYS==
Time in seconds = 0.188490
