Sender: LSF System <lsfadmin@polus-c4-ib.bmc.hpc.cs.msu.ru>
Subject: Job 494254: <./extra.o> in cluster <MSUCluster> Done

Job <./extra.o> was submitted from host <polus-ib.bmc.hpc.cs.msu.ru> by user <edu-cmc-skpod19-328-11> in cluster <MSUCluster> at Fri Nov 29 23:42:34 2019
Job was executed on host(s) <7*polus-c4-ib.bmc.hpc.cs.msu.ru>, in queue <short>, as user <edu-cmc-skpod19-328-11> in cluster <MSUCluster> at Fri Nov 29 23:43:40 2019
</home_edu/edu-cmc-skpod19-328/edu-cmc-skpod19-328-11> was used as the home directory.
</home_edu/edu-cmc-skpod19-328/edu-cmc-skpod19-328-11/dep_gemver> was used as the working directory.
Started at Fri Nov 29 23:43:40 2019
Terminated at Fri Nov 29 23:43:41 2019
Results reported at Fri Nov 29 23:43:41 2019

Your job looked like:

------------------------------------------------------------
# LSBATCH: User input
./extra.o
------------------------------------------------------------

Successfully completed.

Resource usage summary:

    CPU time :                                   10.32 sec.
    Max Memory :                                 1 MB
    Average Memory :                             1.00 MB
    Total Requested Memory :                     -
    Delta Memory :                               -
    Max Swap :                                   -
    Max Processes :                              1
    Max Threads :                                1
    Run time :                                   1 sec.
    Turnaround time :                            67 sec.

The output (if any) follows:

==BEGIN DUMP_ARRAYS==
begin dump: w
0.00 0.00 0.00 0.00 0.00 0.00 0.00 0.00 0.00 0.00 0.00 0.00 0.00 0.00 0.00 0.00 0.00 0.00 0.00 0.00 
0.00 0.00 0.00 0.00 0.00 0.00 0.00 0.00 0.00 0.00 0.00 0.00 0.00 0.00 0.00 0.00 0.00 0.00 0.00 0.00 
0.00 0.00 0.00 0.00 0.00 0.00 0.00 0.00 0.00 0.00 0.00 0.00 0.00 0.00 0.00 0.00 0.00 0.00 0.00 0.00 
0.00 0.00 0.00 0.00 0.00 0.00 0.00 0.00 0.00 0.00 0.00 0.00 0.00 0.00 0.00 0.00 0.00 0.00 0.00 0.00 
0.00 0.00 0.00 0.00 0.00 0.00 0.00 0.00 0.00 0.00 0.00 0.00 0.00 0.00 0.00 0.00 0.00 0.00 0.00 0.00 
0.00 0.00 0.00 0.00 0.00 0.00 0.00 0.00 0.00 0.00 0.00 0.00 0.00 0.00 0.00 0.00 0.00 0.00 0.00 0.00 
0.00 0.00 0.00 0.00 0.00 0.00 0.00 0.00 0.00 0.00 0.00 0.00 0.00 0.00 0.00 0.00 0.00 0.00 0.00 0.00 
0.00 0.00 0.00 0.00 0.00 0.00 0.00 0.00 0.00 0.00 0.00 0.00 0.00 0.00 0.00 0.00 0.00 0.00 0.00 0.00 
0.00 0.00 0.00 0.00 0.00 0.00 0.00 0.00 0.00 0.00 0.00 0.00 0.00 0.00 0.00 0.00 0.00 0.00 0.00 0.00 
0.00 0.00 0.00 0.00 0.00 0.00 0.00 0.00 0.00 0.00 0.00 0.00 0.00 0.00 0.00 0.00 0.00 0.00 0.00 0.00 
0.00 0.00 0.00 0.00 0.00 0.00 0.00 0.00 0.00 0.00 0.00 0.00 0.00 0.00 0.00 0.00 0.00 0.00 0.00 0.00 
0.00 0.00 0.00 0.00 0.00 0.00 0.00 0.00 0.00 0.00 0.00 0.00 0.00 0.00 0.00 0.00 0.00 0.00 0.00 0.00 
0.00 0.00 0.00 0.00 0.00 0.00 0.00 0.00 0.00 0.00 0.00 0.00 0.00 0.00 0.00 0.00 0.00 0.00 0.00 0.00 
0.00 0.00 0.00 0.00 0.00 0.00 0.00 0.00 0.00 0.00 0.00 0.00 0.00 0.00 0.00 0.00 0.00 0.00 0.00 0.00 
0.00 0.00 0.00 0.00 0.00 0.00 0.00 0.00 0.00 0.00 0.00 0.00 0.00 0.00 0.00 0.00 0.00 0.00 0.00 0.00 
0.00 0.00 0.00 0.00 0.00 0.00 0.00 0.00 0.00 0.00 0.00 0.00 0.00 0.00 0.00 0.00 0.00 0.00 0.00 0.00 
0.00 0.00 0.00 0.00 0.00 0.00 0.00 0.00 0.00 0.00 0.00 0.00 0.00 0.00 0.00 0.00 0.00 0.00 0.00 0.00 
0.00 0.00 0.00 0.00 0.00 0.00 0.00 0.00 0.00 0.00 0.00 0.00 0.00 0.00 0.00 0.00 0.00 0.00 0.00 0.00 
0.00 0.00 0.00 0.00 0.00 0.00 0.00 0.00 0.00 0.00 0.00 0.00 0.00 0.00 0.00 0.00 0.00 0.00 0.00 0.00 
0.00 0.00 0.00 0.00 0.00 0.00 0.00 0.00 0.00 0.00 0.00 0.00 0.00 0.00 0.00 0.00 0.00 0.00 0.00 0.00 
0.00 0.00 0.00 0.00 0.00 0.00 0.00 0.00 0.00 0.00 0.00 0.00 0.00 0.00 0.00 0.00 0.00 0.00 0.00 0.00 
0.00 0.00 0.00 0.00 0.00 0.00 0.00 0.00 0.00 0.00 0.00 0.00 0.00 0.00 0.00 0.00 0.00 0.00 0.00 0.00 
0.00 0.00 0.00 0.00 0.00 0.00 0.00 0.00 0.00 0.00 0.00 0.00 0.00 0.00 0.00 0.00 0.00 0.00 0.00 0.00 
0.00 0.00 0.00 0.00 0.00 0.00 0.00 0.00 0.00 0.00 0.00 0.00 0.00 0.00 0.00 0.00 0.00 0.00 0.00 0.00 
0.00 0.00 0.00 0.00 0.00 0.00 0.00 0.00 0.00 0.00 0.00 0.00 0.00 0.00 0.00 0.00 0.00 0.00 0.00 0.00 
0.00 0.00 0.00 0.00 0.00 0.00 0.00 0.00 0.00 0.00 0.00 0.00 0.00 0.00 0.00 0.00 0.00 0.00 0.00 0.00 
0.00 0.00 0.00 0.00 0.00 0.00 0.00 0.00 0.00 0.00 0.00 0.00 0.00 0.00 0.00 0.00 0.00 0.00 0.00 0.00 
0.00 0.00 0.00 0.00 0.00 0.00 0.00 0.00 0.00 0.00 0.00 0.00 0.00 0.00 0.00 0.00 0.00 0.00 0.00 0.00 
0.00 0.00 0.00 0.00 0.00 0.00 0.00 0.00 0.00 0.00 0.00 0.00 0.00 0.00 0.00 0.00 0.00 0.00 0.00 0.00 
0.00 0.00 0.00 0.00 0.00 0.00 0.00 0.00 0.00 0.00 0.00 0.00 0.00 0.00 0.00 0.00 0.00 0.00 0.00 0.00 
0.00 0.00 0.00 0.00 0.00 0.00 0.00 0.00 0.00 0.00 0.00 0.00 0.00 0.00 0.00 0.00 0.00 0.00 0.00 0.00 
0.00 0.00 0.00 0.00 0.00 0.00 0.00 0.00 0.00 0.00 0.00 0.00 0.00 0.00 0.00 0.00 0.00 0.00 0.00 0.00 
0.00 0.00 0.00 0.00 0.00 0.00 0.00 0.00 0.00 0.00 0.00 0.00 0.00 0.00 0.00 0.00 0.00 0.00 0.00 0.00 
0.00 0.00 0.00 0.00 0.00 0.00 0.00 0.00 0.00 0.00 0.00 0.00 0.00 0.00 0.00 0.00 0.00 0.00 0.00 0.00 
0.00 0.00 0.00 0.00 0.00 0.00 0.00 0.00 0.00 0.00 0.00 0.00 0.00 0.00 0.00 0.00 0.00 0.00 0.00 0.00 
0.00 0.00 0.00 0.00 0.00 0.00 0.00 0.00 0.00 0.00 0.00 0.00 0.00 0.00 0.00 0.00 0.00 0.00 0.00 0.00 
0.00 0.00 0.00 0.00 0.00 0.00 0.00 0.00 0.00 0.00 0.00 0.00 0.00 0.00 0.00 0.00 0.00 0.00 0.00 0.00 
0.00 0.00 0.00 0.00 0.00 0.00 0.00 0.00 0.00 0.00 0.00 0.00 0.00 0.00 0.00 0.00 0.00 0.00 0.00 0.00 
0.00 0.00 0.00 0.00 0.00 0.00 0.00 0.00 0.00 0.00 0.00 0.00 0.00 0.00 0.00 0.00 0.00 0.00 0.00 0.00 
0.00 0.00 0.00 0.00 0.00 0.00 0.00 0.00 0.00 0.00 0.00 0.00 0.00 0.00 0.00 0.00 0.00 0.00 0.00 0.00 
0.00 0.00 0.00 0.00 0.00 0.00 0.00 0.00 0.00 0.00 0.00 0.00 0.00 0.00 0.00 0.00 0.00 0.00 0.00 0.00 
0.00 0.00 0.00 0.00 0.00 0.00 0.00 0.00 0.00 0.00 0.00 0.00 0.00 0.00 0.00 0.00 0.00 0.00 0.00 0.00 
0.00 0.00 0.00 0.00 0.00 0.00 0.00 0.00 0.00 0.00 0.00 0.00 0.00 0.00 0.00 0.00 0.00 0.00 0.00 0.00 
0.00 0.00 0.00 0.00 0.00 0.00 0.00 0.00 0.00 0.00 0.00 0.00 0.00 0.00 0.00 0.00 0.00 0.00 0.00 0.00 
0.00 0.00 0.00 0.00 0.00 0.00 0.00 0.00 0.00 0.00 0.00 0.00 0.00 0.00 0.00 0.00 0.00 0.00 0.00 0.00 
0.00 0.00 0.00 0.00 0.00 0.00 0.00 0.00 0.00 0.00 0.00 0.00 0.00 0.00 0.00 0.00 0.00 0.00 0.00 0.00 
0.00 0.00 0.00 0.00 0.00 0.00 0.00 0.00 0.00 0.00 0.00 0.00 0.00 0.00 0.00 0.00 0.00 0.00 0.00 0.00 
0.00 0.00 0.00 0.00 0.00 0.00 0.00 0.00 0.00 0.00 0.00 0.00 0.00 0.00 0.00 0.00 0.00 0.00 0.00 0.00 
0.00 0.00 0.00 0.00 0.00 0.00 0.00 0.00 0.00 0.00 0.00 0.00 0.00 0.00 0.00 0.00 0.00 0.00 0.00 0.00 
0.00 0.00 0.00 0.00 0.00 0.00 0.00 0.00 0.00 0.00 0.00 0.00 0.00 0.00 0.00 0.00 0.00 0.00 0.00 0.00 
0.00 0.00 0.00 0.00 0.00 0.00 0.00 0.00 0.00 0.00 0.00 0.00 0.00 0.00 0.00 0.00 0.00 0.00 0.00 0.00 
0.00 0.00 0.00 0.00 0.00 0.00 0.00 0.00 0.00 0.00 0.00 0.00 0.00 0.00 0.00 0.00 0.00 0.00 0.00 0.00 
0.00 0.00 0.00 0.00 0.00 0.00 0.00 0.00 0.00 0.00 0.00 0.00 0.00 0.00 0.00 0.00 0.00 0.00 0.00 0.00 
0.00 0.00 0.00 0.00 0.00 0.00 0.00 0.00 0.00 0.00 0.00 0.00 0.00 0.00 0.00 0.00 0.00 0.00 0.00 0.00 
0.00 0.00 0.00 0.00 0.00 0.00 0.00 0.00 0.00 0.00 0.00 0.00 0.00 0.00 0.00 0.00 0.00 0.00 0.00 0.00 
0.00 0.00 0.00 0.00 0.00 0.00 0.00 0.00 0.00 0.00 0.00 0.00 0.00 0.00 0.00 0.00 0.00 0.00 0.00 0.00 
0.00 0.00 0.00 0.00 0.00 0.00 0.00 0.00 0.00 0.00 0.00 0.00 0.00 0.00 0.00 0.00 0.00 0.00 0.00 0.00 
0.00 0.00 0.00 0.00 0.00 0.00 0.00 0.00 0.00 0.00 0.00 0.00 0.00 0.00 0.00 0.00 0.00 0.00 0.00 0.00 
0.00 0.00 0.00 0.00 0.00 0.00 0.00 0.00 0.00 0.00 0.00 0.00 0.00 0.00 0.00 0.00 0.00 0.00 0.00 0.00 
0.00 0.00 0.00 0.00 0.00 0.00 0.00 0.00 0.00 0.00 0.00 0.00 0.00 0.00 0.00 0.00 0.00 0.00 0.00 0.00 
0.00 0.00 0.00 0.00 0.00 0.00 0.00 0.00 0.00 0.00 0.00 0.00 0.00 0.00 0.00 0.00 0.00 0.00 0.00 0.00 
0.00 0.00 0.00 0.00 0.00 0.00 0.00 0.00 0.00 0.00 0.00 0.00 0.00 0.00 0.00 0.00 0.00 0.00 0.00 0.00 
0.00 0.00 0.00 0.00 0.00 0.00 0.00 0.00 0.00 0.00 0.00 0.00 0.00 0.00 0.00 0.00 0.00 0.00 0.00 0.00 
0.00 0.00 0.00 0.00 0.00 0.00 0.00 0.00 0.00 0.00 0.00 0.00 0.00 0.00 0.00 0.00 0.00 0.00 0.00 0.00 
0.00 0.00 0.00 0.00 0.00 0.00 0.00 0.00 0.00 0.00 0.00 0.00 0.00 0.00 0.00 0.00 0.00 0.00 0.00 0.00 
0.00 0.00 0.00 0.00 0.00 0.00 0.00 0.00 0.00 0.00 0.00 0.00 0.00 0.00 0.00 0.00 0.00 0.00 0.00 0.00 
0.00 0.00 0.00 0.00 0.00 0.00 0.00 0.00 0.00 0.00 0.00 0.00 0.00 0.00 0.00 0.00 0.00 0.00 0.00 0.00 
0.00 0.00 0.00 0.00 0.00 0.00 0.00 0.00 0.00 0.00 0.00 0.00 0.00 0.00 0.00 0.00 0.00 0.00 0.00 0.00 
0.00 0.00 0.00 0.00 0.00 0.00 0.00 0.00 0.00 0.00 0.00 0.00 0.00 0.00 0.00 0.00 0.00 0.00 0.00 0.00 
0.00 0.00 0.00 0.00 0.00 0.00 0.00 0.00 0.00 0.00 0.00 0.00 0.00 0.00 0.00 0.00 0.00 0.00 0.00 0.00 
0.00 0.00 0.00 0.00 0.00 0.00 0.00 0.00 0.00 0.00 0.00 0.00 0.00 0.00 0.00 0.00 0.00 0.00 0.00 0.00 
0.00 0.00 0.00 0.00 0.00 0.00 0.00 0.00 0.00 0.00 0.00 0.00 0.00 0.00 0.00 0.00 0.00 0.00 0.00 0.00 
0.00 0.00 0.00 0.00 0.00 0.00 0.00 0.00 0.00 0.00 0.00 0.00 0.00 0.00 0.00 0.00 0.00 0.00 0.00 0.00 
0.00 0.00 0.00 0.00 0.00 0.00 0.00 0.00 0.00 0.00 0.00 0.00 0.00 0.00 0.00 0.00 0.00 0.00 0.00 0.00 
0.00 0.00 0.00 0.00 0.00 0.00 0.00 0.00 0.00 0.00 0.00 0.00 0.00 0.00 0.00 0.00 0.00 0.00 0.00 0.00 
0.00 0.00 0.00 0.00 0.00 0.00 0.00 0.00 0.00 0.00 0.00 0.00 0.00 0.00 0.00 0.00 0.00 0.00 0.00 0.00 
0.00 0.00 0.00 0.00 0.00 0.00 0.00 0.00 0.00 0.00 0.00 0.00 0.00 0.00 0.00 0.00 0.00 0.00 0.00 0.00 
0.00 0.00 0.00 0.00 0.00 0.00 0.00 0.00 0.00 0.00 0.00 0.00 0.00 0.00 0.00 0.00 0.00 0.00 0.00 0.00 
0.00 0.00 0.00 0.00 0.00 0.00 0.00 0.00 0.00 0.00 0.00 0.00 0.00 0.00 0.00 0.00 0.00 0.00 0.00 0.00 
0.00 0.00 0.00 0.00 0.00 0.00 0.00 0.00 0.00 0.00 0.00 0.00 0.00 0.00 0.00 0.00 0.00 0.00 0.00 0.00 
0.00 0.00 0.00 0.00 0.00 0.00 0.00 0.00 0.00 0.00 0.00 0.00 0.00 0.00 0.00 0.00 0.00 0.00 0.00 0.00 
0.00 0.00 0.00 0.00 0.00 0.00 0.00 0.00 0.00 0.00 0.00 0.00 0.00 0.00 0.00 0.00 0.00 0.00 0.00 0.00 
0.00 0.00 0.00 0.00 0.00 0.00 0.00 0.00 0.00 0.00 0.00 0.00 0.00 0.00 0.00 0.00 0.00 0.00 0.00 0.00 
0.00 0.00 0.00 0.00 0.00 0.00 0.00 0.00 0.00 0.00 0.00 0.00 0.00 0.00 0.00 0.00 0.00 0.00 0.00 0.00 
0.00 0.00 0.00 0.00 0.00 0.00 0.00 0.00 0.00 0.00 0.00 0.00 0.00 0.00 0.00 0.00 0.00 0.00 0.00 0.00 
0.00 0.00 0.00 0.00 0.00 0.00 0.00 0.00 0.00 0.00 0.00 0.00 0.00 0.00 0.00 0.00 0.00 0.00 0.00 0.00 
0.00 0.00 0.00 0.00 0.00 0.00 0.00 0.00 0.00 0.00 0.00 0.00 0.00 0.00 0.00 0.00 0.00 0.00 0.00 0.00 
0.00 0.00 0.00 0.00 0.00 0.00 0.00 0.00 0.00 0.00 0.00 0.00 0.00 0.00 0.00 0.00 0.00 0.00 0.00 0.00 
0.00 0.00 0.00 0.00 0.00 0.00 0.00 0.00 0.00 0.00 0.00 0.00 0.00 0.00 0.00 0.00 0.00 0.00 0.00 0.00 
0.00 0.00 0.00 0.00 0.00 0.00 0.00 0.00 0.00 0.00 0.00 0.00 0.00 0.00 0.00 0.00 0.00 0.00 0.00 0.00 
0.00 0.00 0.00 0.00 0.00 0.00 0.00 0.00 0.00 0.00 0.00 0.00 0.00 0.00 0.00 0.00 0.00 0.00 0.00 0.00 
0.00 0.00 0.00 0.00 0.00 0.00 0.00 0.00 0.00 0.00 0.00 0.00 0.00 0.00 0.00 0.00 0.00 0.00 0.00 0.00 
0.00 0.00 0.00 0.00 0.00 0.00 0.00 0.00 0.00 0.00 0.00 0.00 0.00 0.00 0.00 0.00 0.00 0.00 0.00 0.00 
0.00 0.00 0.00 0.00 0.00 0.00 0.00 0.00 0.00 0.00 0.00 0.00 0.00 0.00 0.00 0.00 0.00 0.00 0.00 0.00 
0.00 0.00 0.00 0.00 0.00 0.00 0.00 0.00 0.00 0.00 0.00 0.00 0.00 0.00 0.00 0.00 0.00 0.00 0.00 0.00 
0.00 0.00 0.00 0.00 0.00 0.00 0.00 0.00 0.00 0.00 0.00 0.00 0.00 0.00 0.00 0.00 0.00 0.00 0.00 0.00 
0.00 0.00 0.00 0.00 0.00 0.00 0.00 0.00 0.00 0.00 0.00 0.00 0.00 0.00 0.00 0.00 0.00 0.00 0.00 0.00 
0.00 0.00 0.00 0.00 0.00 0.00 0.00 0.00 0.00 0.00 0.00 0.00 0.00 0.00 0.00 0.00 0.00 0.00 0.00 0.00 
0.00 0.00 0.00 0.00 0.00 0.00 0.00 0.00 0.00 0.00 0.00 0.00 0.00 0.00 0.00 0.00 0.00 0.00 0.00 0.00 
0.00 0.00 0.00 0.00 0.00 0.00 0.00 0.00 0.00 0.00 0.00 0.00 0.00 0.00 0.00 0.00 0.00 0.00 0.00 0.00 
0.00 0.00 0.00 0.00 0.00 0.00 0.00 0.00 0.00 0.00 0.00 0.00 0.00 0.00 0.00 0.00 0.00 0.00 0.00 0.00 
0.00 0.00 0.00 0.00 0.00 0.00 0.00 0.00 0.00 0.00 0.00 0.00 0.00 0.00 0.00 0.00 0.00 0.00 0.00 0.00 
0.00 0.00 0.00 0.00 0.00 0.00 0.00 0.00 0.00 0.00 0.00 0.00 0.00 0.00 0.00 0.00 0.00 0.00 0.00 0.00 
0.00 0.00 0.00 0.00 0.00 0.00 0.00 0.00 0.00 0.00 0.00 0.00 0.00 0.00 0.00 0.00 0.00 0.00 0.00 0.00 
0.00 0.00 0.00 0.00 0.00 0.00 0.00 0.00 0.00 0.00 0.00 0.00 0.00 0.00 0.00 0.00 0.00 0.00 0.00 0.00 
0.00 0.00 0.00 0.00 0.00 0.00 0.00 0.00 0.00 0.00 0.00 0.00 0.00 0.00 0.00 0.00 0.00 0.00 0.00 0.00 
0.00 0.00 0.00 0.00 0.00 0.00 0.00 0.00 0.00 0.00 0.00 0.00 0.00 0.00 0.00 0.00 0.00 0.00 0.00 0.00 
0.00 0.00 0.00 0.00 0.00 0.00 0.00 0.00 0.00 0.00 0.00 0.00 0.00 0.00 0.00 0.00 0.00 0.00 0.00 0.00 
0.00 0.00 0.00 0.00 0.00 0.00 0.00 0.00 0.00 0.00 0.00 0.00 0.00 0.00 0.00 0.00 0.00 0.00 0.00 0.00 
0.00 0.00 0.00 0.00 0.00 0.00 0.00 0.00 0.00 0.00 0.00 0.00 0.00 0.00 0.00 0.00 0.00 0.00 0.00 0.00 
0.00 0.00 0.00 0.00 0.00 0.00 0.00 0.00 0.00 0.00 0.00 0.00 0.00 0.00 0.00 0.00 0.00 0.00 0.00 0.00 
0.00 0.00 0.00 0.00 0.00 0.00 0.00 0.00 0.00 0.00 0.00 0.00 0.00 0.00 0.00 0.00 0.00 0.00 0.00 0.00 
0.00 0.00 0.00 0.00 0.00 0.00 0.00 0.00 0.00 0.00 0.00 0.00 0.00 0.00 0.00 0.00 0.00 0.00 0.00 0.00 
0.00 0.00 0.00 0.00 0.00 0.00 0.00 0.00 0.00 0.00 0.00 0.00 0.00 0.00 0.00 0.00 0.00 0.00 0.00 0.00 
0.00 0.00 0.00 0.00 0.00 0.00 0.00 0.00 0.00 0.00 0.00 0.00 0.00 0.00 0.00 0.00 0.00 0.00 0.00 0.00 
0.00 0.00 0.00 0.00 0.00 0.00 0.00 0.00 0.00 0.00 0.00 0.00 0.00 0.00 0.00 0.00 0.00 0.00 0.00 0.00 
0.00 0.00 0.00 0.00 0.00 0.00 0.00 0.00 0.00 0.00 0.00 0.00 0.00 0.00 0.00 0.00 0.00 0.00 0.00 0.00 
0.00 0.00 0.00 0.00 0.00 0.00 0.00 0.00 0.00 0.00 0.00 0.00 0.00 0.00 0.00 0.00 0.00 0.00 0.00 0.00 
0.00 0.00 0.00 0.00 0.00 0.00 0.00 0.00 0.00 0.00 0.00 0.00 0.00 0.00 0.00 0.00 0.00 0.00 0.00 0.00 
0.00 0.00 0.00 0.00 0.00 0.00 0.00 0.00 0.00 0.00 0.00 0.00 0.00 0.00 0.00 0.00 0.00 0.00 0.00 0.00 
0.00 0.00 0.00 0.00 0.00 0.00 0.00 0.00 0.00 0.00 0.00 0.00 0.00 0.00 0.00 0.00 0.00 0.00 0.00 0.00 
0.00 0.00 0.00 0.00 0.00 0.00 0.00 0.00 0.00 0.00 0.00 0.00 0.00 0.00 0.00 0.00 0.00 0.00 0.00 0.00 
0.00 0.00 0.00 0.00 0.00 0.00 0.00 0.00 0.00 0.00 0.00 0.00 0.00 0.00 0.00 0.00 0.00 0.00 0.00 0.00 
0.00 0.00 0.00 0.00 0.00 0.00 0.00 0.00 0.00 0.00 0.00 0.00 0.00 0.00 0.00 0.00 0.00 0.00 0.00 0.00 
0.00 0.00 0.00 0.00 0.00 0.00 0.00 0.00 0.00 0.00 0.00 0.00 0.00 0.00 0.00 0.00 0.00 0.00 0.00 0.00 
0.00 0.00 0.00 0.00 0.00 0.00 0.00 0.00 0.00 0.00 0.00 0.00 0.00 0.00 0.00 0.00 0.00 0.00 0.00 0.00 
0.00 0.00 0.00 0.00 0.00 0.00 0.00 0.00 0.00 0.00 0.00 0.00 0.00 0.00 0.00 0.00 0.00 0.00 0.00 0.00 
0.00 0.00 0.00 0.00 0.00 0.00 0.00 0.00 0.00 0.00 0.00 0.00 0.00 0.00 0.00 0.00 0.00 0.00 0.00 0.00 
0.00 0.00 0.00 0.00 0.00 0.00 0.00 0.00 0.00 0.00 0.00 0.00 0.00 0.00 0.00 0.00 0.00 0.00 0.00 0.00 
0.00 0.00 0.00 0.00 0.00 0.00 0.00 0.00 0.00 0.00 0.00 0.00 0.00 0.00 0.00 0.00 0.00 0.00 0.00 0.00 
0.00 0.00 0.00 0.00 0.00 0.00 0.00 0.00 0.00 0.00 0.00 0.00 0.00 0.00 0.00 0.00 0.00 0.00 0.00 0.00 
0.00 0.00 0.00 0.00 0.00 0.00 0.00 0.00 0.00 0.00 0.00 0.00 0.00 0.00 0.00 0.00 0.00 0.00 0.00 0.00 
0.00 0.00 0.00 0.00 0.00 0.00 0.00 0.00 0.00 0.00 0.00 0.00 0.00 0.00 0.00 0.00 0.00 0.00 0.00 0.00 
0.00 0.00 0.00 0.00 0.00 0.00 0.00 0.00 0.00 0.00 0.00 0.00 0.00 0.00 0.00 0.00 0.00 0.00 0.00 0.00 
0.00 0.00 0.00 0.00 0.00 0.00 0.00 0.00 0.00 0.00 0.00 0.00 0.00 0.00 0.00 0.00 0.00 0.00 0.00 0.00 
0.00 0.00 0.00 0.00 0.00 0.00 0.00 0.00 0.00 0.00 0.00 0.00 0.00 0.00 0.00 0.00 0.00 0.00 0.00 0.00 
0.00 0.00 0.00 0.00 0.00 0.00 0.00 0.00 0.00 0.00 0.00 0.00 0.00 0.00 0.00 0.00 0.00 0.00 0.00 0.00 
0.00 0.00 0.00 0.00 0.00 0.00 0.00 0.00 0.00 0.00 0.00 0.00 0.00 0.00 0.00 0.00 0.00 0.00 0.00 0.00 
0.00 0.00 0.00 0.00 0.00 0.00 0.00 0.00 0.00 0.00 0.00 0.00 0.00 0.00 0.00 0.00 0.00 0.00 0.00 0.00 
0.00 0.00 0.00 0.00 0.00 0.00 0.00 0.00 0.00 0.00 0.00 0.00 0.00 0.00 0.00 0.00 0.00 0.00 0.00 0.00 
0.00 0.00 0.00 0.00 0.00 0.00 0.00 0.00 0.00 0.00 0.00 0.00 0.00 0.00 0.00 0.00 0.00 0.00 0.00 0.00 
0.00 0.00 0.00 0.00 0.00 0.00 0.00 0.00 0.00 0.00 0.00 0.00 0.00 0.00 0.00 0.00 0.00 0.00 0.00 0.00 
0.00 0.00 0.00 0.00 0.00 0.00 0.00 0.00 0.00 0.00 0.00 0.00 0.00 0.00 0.00 0.00 0.00 0.00 0.00 0.00 
0.00 0.00 0.00 0.00 0.00 0.00 0.00 0.00 0.00 0.00 0.00 0.00 0.00 0.00 0.00 0.00 0.00 0.00 0.00 0.00 
0.00 0.00 0.00 0.00 0.00 0.00 0.00 0.00 0.00 0.00 0.00 0.00 0.00 0.00 0.00 0.00 0.00 0.00 0.00 0.00 
0.00 0.00 0.00 0.00 0.00 0.00 0.00 0.00 0.00 0.00 0.00 0.00 0.00 0.00 0.00 0.00 0.00 0.00 0.00 0.00 
0.00 0.00 0.00 0.00 0.00 0.00 0.00 0.00 0.00 0.00 0.00 0.00 0.00 0.00 0.00 0.00 0.00 0.00 0.00 0.00 
0.00 0.00 0.00 0.00 0.00 0.00 0.00 0.00 0.00 0.00 0.00 0.00 0.00 0.00 0.00 0.00 0.00 0.00 0.00 0.00 
0.00 0.00 0.00 0.00 0.00 0.00 0.00 0.00 0.00 0.00 0.00 0.00 0.00 0.00 0.00 0.00 0.00 0.00 0.00 0.00 
0.00 0.00 0.00 0.00 0.00 0.00 0.00 0.00 0.00 0.00 0.00 0.00 0.00 0.00 0.00 0.00 0.00 0.00 0.00 0.00 
0.00 0.00 0.00 0.00 0.00 0.00 0.00 0.00 0.00 0.00 0.00 0.00 0.00 0.00 0.00 0.00 0.00 0.00 0.00 0.00 
0.00 0.00 0.00 0.00 0.00 0.00 0.00 0.00 0.00 0.00 0.00 0.00 0.00 0.00 0.00 0.00 0.00 0.00 0.00 0.00 
0.00 0.00 0.00 0.00 0.00 0.00 0.00 0.00 0.00 0.00 0.00 0.00 0.00 0.00 0.00 0.00 0.00 0.00 0.00 0.00 
0.00 0.00 0.00 0.00 0.00 0.00 0.00 0.00 0.00 0.00 0.00 0.00 0.00 0.00 0.00 0.00 0.00 0.00 0.00 0.00 
0.00 0.00 0.00 0.00 0.00 0.00 0.00 0.00 0.00 0.00 0.00 0.00 0.00 0.00 0.00 0.00 0.00 0.00 0.00 0.00 
0.00 0.00 0.00 0.00 0.00 0.00 0.00 0.00 0.00 0.00 0.00 0.00 0.00 0.00 0.00 0.00 0.00 0.00 0.00 0.00 
0.00 0.00 0.00 0.00 0.00 0.00 0.00 0.00 0.00 0.00 0.00 0.00 0.00 0.00 0.00 0.00 0.00 0.00 0.00 0.00 
0.00 0.00 0.00 0.00 0.00 0.00 0.00 0.00 0.00 0.00 0.00 0.00 0.00 0.00 0.00 0.00 0.00 0.00 0.00 0.00 
0.00 0.00 0.00 0.00 0.00 0.00 0.00 0.00 0.00 0.00 0.00 0.00 0.00 0.00 0.00 0.00 0.00 0.00 0.00 0.00 
0.00 0.00 0.00 0.00 0.00 0.00 0.00 0.00 0.00 0.00 0.00 0.00 0.00 0.00 0.00 0.00 0.00 0.00 0.00 0.00 
0.00 0.00 0.00 0.00 0.00 0.00 0.00 0.00 0.00 0.00 0.00 0.00 0.00 0.00 0.00 0.00 0.00 0.00 0.00 0.00 
0.00 0.00 0.00 0.00 0.00 0.00 0.00 0.00 0.00 0.00 0.00 0.00 0.00 0.00 0.00 0.00 0.00 0.00 0.00 0.00 
0.00 0.00 0.00 0.00 0.00 0.00 0.00 0.00 0.00 0.00 0.00 0.00 0.00 0.00 0.00 0.00 0.00 0.00 0.00 0.00 
0.00 0.00 0.00 0.00 0.00 0.00 0.00 0.00 0.00 0.00 0.00 0.00 0.00 0.00 0.00 0.00 0.00 0.00 0.00 0.00 
0.00 0.00 0.00 0.00 0.00 0.00 0.00 0.00 0.00 0.00 0.00 0.00 0.00 0.00 0.00 0.00 0.00 0.00 0.00 0.00 
0.00 0.00 0.00 0.00 0.00 0.00 0.00 0.00 0.00 0.00 0.00 0.00 0.00 0.00 0.00 0.00 0.00 0.00 0.00 0.00 
0.00 0.00 0.00 0.00 0.00 0.00 0.00 0.00 0.00 0.00 0.00 0.00 0.00 0.00 0.00 0.00 0.00 0.00 0.00 0.00 
0.00 0.00 0.00 0.00 0.00 0.00 0.00 0.00 0.00 0.00 0.00 0.00 0.00 0.00 0.00 0.00 0.00 0.00 0.00 0.00 
0.00 0.00 0.00 0.00 0.00 0.00 0.00 0.00 0.00 0.00 0.00 0.00 0.00 0.00 0.00 0.00 0.00 0.00 0.00 0.00 
0.00 0.00 0.00 0.00 0.00 0.00 0.00 0.00 0.00 0.00 0.00 0.00 0.00 0.00 0.00 0.00 0.00 0.00 0.00 0.00 
0.00 0.00 0.00 0.00 0.00 0.00 0.00 0.00 0.00 0.00 0.00 0.00 0.00 0.00 0.00 0.00 0.00 0.00 0.00 0.00 
0.00 0.00 0.00 0.00 0.00 0.00 0.00 0.00 0.00 0.00 0.00 0.00 0.00 0.00 0.00 0.00 0.00 0.00 0.00 0.00 
0.00 0.00 0.00 0.00 0.00 0.00 0.00 0.00 0.00 0.00 0.00 0.00 0.00 0.00 0.00 0.00 0.00 0.00 0.00 0.00 
0.00 0.00 0.00 0.00 0.00 0.00 0.00 0.00 0.00 0.00 0.00 0.00 0.00 0.00 0.00 0.00 0.00 0.00 0.00 0.00 
0.00 0.00 0.00 0.00 0.00 0.00 0.00 0.00 0.00 0.00 0.00 0.00 0.00 0.00 0.00 0.00 0.00 0.00 0.00 0.00 
0.00 0.00 0.00 0.00 0.00 0.00 0.00 0.00 0.00 0.00 0.00 0.00 0.00 0.00 0.00 0.00 0.00 0.00 0.00 0.00 
0.00 0.00 0.00 0.00 0.00 0.00 0.00 0.00 0.00 0.00 0.00 0.00 0.00 0.00 0.00 0.00 0.00 0.00 0.00 0.00 
0.00 0.00 0.00 0.00 0.00 0.00 0.00 0.00 0.00 0.00 0.00 0.00 0.00 0.00 0.00 0.00 0.00 0.00 0.00 0.00 
0.00 0.00 0.00 0.00 0.00 0.00 0.00 0.00 0.00 0.00 0.00 0.00 0.00 0.00 0.00 0.00 0.00 0.00 0.00 0.00 
0.00 0.00 0.00 0.00 0.00 0.00 0.00 0.00 0.00 0.00 0.00 0.00 0.00 0.00 0.00 0.00 0.00 0.00 0.00 0.00 
0.00 0.00 0.00 0.00 0.00 0.00 0.00 0.00 0.00 0.00 0.00 0.00 0.00 0.00 0.00 0.00 0.00 0.00 0.00 0.00 
0.00 0.00 0.00 0.00 0.00 0.00 0.00 0.00 0.00 0.00 0.00 0.00 0.00 0.00 0.00 0.00 0.00 0.00 0.00 0.00 
0.00 0.00 0.00 0.00 0.00 0.00 0.00 0.00 0.00 0.00 0.00 0.00 0.00 0.00 0.00 0.00 0.00 0.00 0.00 0.00 
0.00 0.00 0.00 0.00 0.00 0.00 0.00 0.00 0.00 0.00 0.00 0.00 0.00 0.00 0.00 0.00 0.00 0.00 0.00 0.00 
0.00 0.00 0.00 0.00 0.00 0.00 0.00 0.00 0.00 0.00 0.00 0.00 0.00 0.00 0.00 0.00 0.00 0.00 0.00 0.00 
0.00 0.00 0.00 0.00 0.00 0.00 0.00 0.00 0.00 0.00 0.00 0.00 0.00 0.00 0.00 0.00 0.00 0.00 0.00 0.00 
0.00 0.00 0.00 0.00 0.00 0.00 0.00 0.00 0.00 0.00 0.00 0.00 0.00 0.00 0.00 0.00 0.00 0.00 0.00 0.00 
0.00 0.00 0.00 0.00 0.00 0.00 0.00 0.00 0.00 0.00 0.00 0.00 0.00 0.00 0.00 0.00 0.00 0.00 0.00 0.00 
0.00 0.00 0.00 0.00 0.00 0.00 0.00 0.00 0.00 0.00 0.00 0.00 0.00 0.00 0.00 0.00 0.00 0.00 0.00 0.00 
0.00 0.00 0.00 0.00 0.00 0.00 0.00 0.00 0.00 0.00 0.00 0.00 0.00 0.00 0.00 0.00 0.00 0.00 0.00 0.00 
0.00 0.00 0.00 0.00 0.00 0.00 0.00 0.00 0.00 0.00 0.00 0.00 0.00 0.00 0.00 0.00 0.00 0.00 0.00 0.00 
0.00 0.00 0.00 0.00 0.00 0.00 0.00 0.00 0.00 0.00 0.00 0.00 0.00 0.00 0.00 0.00 0.00 0.00 0.00 0.00 
0.00 0.00 0.00 0.00 0.00 0.00 0.00 0.00 0.00 0.00 0.00 0.00 0.00 0.00 0.00 0.00 0.00 0.00 0.00 0.00 
0.00 0.00 0.00 0.00 0.00 0.00 0.00 0.00 0.00 0.00 0.00 0.00 0.00 0.00 0.00 0.00 0.00 0.00 0.00 0.00 
0.00 0.00 0.00 0.00 0.00 0.00 0.00 0.00 0.00 0.00 0.00 0.00 0.00 0.00 0.00 0.00 0.00 0.00 0.00 0.00 
0.00 0.00 0.00 0.00 0.00 0.00 0.00 0.00 0.00 0.00 0.00 0.00 0.00 0.00 0.00 0.00 0.00 0.00 0.00 0.00 
0.00 0.00 0.00 0.00 0.00 0.00 0.00 0.00 0.00 0.00 0.00 0.00 0.00 0.00 0.00 0.00 0.00 0.00 0.00 0.00 
0.00 0.00 0.00 0.00 0.00 0.00 0.00 0.00 0.00 0.00 0.00 0.00 0.00 0.00 0.00 0.00 0.00 0.00 0.00 0.00 
0.00 0.00 0.00 0.00 0.00 0.00 0.00 0.00 0.00 0.00 0.00 0.00 0.00 0.00 0.00 0.00 0.00 0.00 0.00 0.00 
0.00 0.00 0.00 0.00 0.00 0.00 0.00 0.00 0.00 0.00 0.00 0.00 0.00 0.00 0.00 0.00 0.00 0.00 0.00 0.00 
end   dump: w
==END   DUMP_ARRAYS==
==BEGIN DUMP_ARRAYS==
begin dump: w
7807.60 468330752.00 515157152.00 593320320.00 679074880.00 768112896.00 858769984.00 950284800.00 1042040448.00 1134832768.00 1226870656.00 1320366208.00 1413028608.00 1506304256.00 1599492224.00 1692524672.00 1785087872.00 1879419264.00 1972717696.00 2066157952.00 
2158404608.00 2253381632.00 2346742528.00 2440512512.00 2533242880.00 2625547520.00 2720826880.00 2814368000.00 2907918336.00 3001915136.00 3094582784.00 3188144896.00 3280198656.00 3375937792.00 3469614080.00 3562866688.00 3656483328.00 3750356736.00 3843900928.00 3937746688.00 
4028685568.00 4124928768.00 4218660352.00 4311391232.00 4405970432.00 4499464704.00 4593647104.00 4686760448.00 4779467264.00 4874213888.00 4964342272.00 5061469696.00 5155322368.00 5249075712.00 5342289408.00 5435929088.00 5529410048.00 5623452160.00 5717773824.00 5811116544.00 
5903284736.00 5998109696.00 6091572224.00 6186253824.00 6277140992.00 6372640256.00 6466454016.00 6560236032.00 6653840896.00 6748414464.00 6840526848.00 6934551552.00 7028196352.00 7122541568.00 7215616512.00 7307979776.00 7403228160.00 7497455616.00 7590748160.00 7684529152.00 
7772592640.00 7871800832.00 7965411840.00 8059185152.00 8152742912.00 8245930496.00 8339763200.00 8434926592.00 8527208448.00 8621691904.00 8714405888.00 8809230336.00 8902345728.00 8993956864.00 9089721344.00 9183035392.00 9275025408.00 9370870784.00 9464593408.00 9558068224.00 
9644946432.00 9745367040.00 9839100928.00 9932740608.00 10026279936.00 10119890944.00 10214063104.00 10307746816.00 10400640000.00 10495093760.00 10588122112.00 10681909248.00 10775146496.00 10870345728.00 10963321856.00 11057079296.00 11151043584.00 11244527616.00 11338534912.00 11432055808.00 
11522994176.00 11619146752.00 11713096704.00 11806503936.00 11900116992.00 11985254400.00 12088152064.00 12183029760.00 12273132544.00 12366005248.00 12462084096.00 12556222464.00 12649801728.00 12743480320.00 12837456896.00 12930802688.00 13024272384.00 13118705664.00 13213659136.00 13306238976.00 
13398196224.00 13493144576.00 13586633728.00 13681457152.00 13773349888.00 13867800576.00 13961912320.00 14055247872.00 14148133888.00 14243113984.00 14333077504.00 14430767104.00 14523482112.00 14617097216.00 14712123392.00 14804712448.00 14898562048.00 14992609280.00 15086064640.00 15179729920.00 
15262318592.00 15367325696.00 15460846592.00 15554472960.00 15648072704.00 15741766656.00 15835448320.00 15929866240.00 16022562816.00 16115535872.00 16209642496.00 16304154624.00 16397394944.00 16491398144.00 16587120640.00 16677308416.00 16771599360.00 16867074048.00 16960033792.00 17053421568.00 
17145997312.00 17241305088.00 17335744512.00 17428025344.00 17521811456.00 17615667200.00 17708507136.00 17803241472.00 17896738816.00 17990731776.00 18083328000.00 18178375680.00 18269661184.00 18365577216.00 18459125760.00 18552170496.00 18646261760.00 18740099072.00 18833405952.00 18927058944.00 
19007326208.00 19114749952.00 19208294400.00 19302498304.00 19395831808.00 19489101824.00 19583295488.00 19677265920.00 19769796608.00 19864655872.00 19957243904.00 20052498432.00 20145600512.00 20239325184.00 20333099008.00 20426342400.00 20519708672.00 20614285312.00 20707710976.00 20801404928.00 
20893876224.00 20989278208.00 21081407488.00 21176915968.00 21267957760.00 21362126848.00 21457573888.00 21551249408.00 21644648448.00 21738575872.00 21831667712.00 21925781504.00 22019229696.00 22112419840.00 22206736384.00 22299383808.00 22394619904.00 22488098816.00 22581696512.00 22675648512.00 
22763634688.00 22863273984.00 22956494848.00 23050532864.00 23143843840.00 23237693440.00 23331196928.00 23425187840.00 23518146560.00 23612160000.00 23688488960.00 23800156160.00 23893655552.00 23987333120.00 24081610752.00 24174350336.00 24266203136.00 24361984000.00 24454266880.00 24550100992.00 
24641808384.00 24737032192.00 24830273536.00 24924168192.00 25017380864.00 25111185408.00 25204731904.00 25300252672.00 25392771072.00 25486477312.00 25579532288.00 25673592832.00 25766524928.00 25861556224.00 25955434496.00 26046853120.00 26142824448.00 26236047360.00 26329761792.00 26422773760.00 
26514331648.00 26610909184.00 26704322560.00 26798077952.00 26891384832.00 26984742912.00 27080833024.00 27173632000.00 27264659456.00 27360481280.00 27453573120.00 27548141568.00 27641364480.00 27735382016.00 27828692992.00 27922233344.00 28015376384.00 28110184448.00 28203724800.00 28297263104.00 
28384081920.00 28484663296.00 28578560000.00 28671449088.00 28764727296.00 28859129856.00 28952729600.00 29046378496.00 29142218752.00 29234638848.00 29327570944.00 29421783040.00 29514987520.00 29609121792.00 29702971392.00 29796296704.00 29890293760.00 29983969280.00 30077669376.00 30171150336.00 
30253867008.00 30359027712.00 30452350976.00 30546257920.00 30639464448.00 30731882496.00 30827104256.00 30920884224.00 31014172672.00 31107891200.00 31201243136.00 31295434752.00 31388749824.00 31481192448.00 31577665536.00 31670558720.00 31763296256.00 31858292736.00 31950977024.00 32046888960.00 
32137662464.00 32232654848.00 32326213632.00 32420546560.00 32513259520.00 32607318016.00 32701067264.00 32794730496.00 32889305088.00 32982888448.00 33072513024.00 33169825792.00 33261105152.00 33358366720.00 33451022336.00 33544087552.00 33637885952.00 33731803136.00 33825374208.00 33919676416.00 
34010030080.00 34106384384.00 34200031232.00 34292815872.00 34389618688.00 34481672192.00 34575089664.00 34669223936.00 34761609216.00 34855981056.00 34949312512.00 35043704832.00 35136651264.00 35231133696.00 35324674048.00 35409575936.00 35511603200.00 35605815296.00 35699470336.00 35793248256.00 
35885441024.00 35985014784.00 36074328064.00 36168450048.00 36259500032.00 36355108864.00 36449103872.00 36541861888.00 36636278784.00 36730220544.00 36823056384.00 36917735424.00 37010604032.00 37104934912.00 37198516224.00 37291823104.00 37385510912.00 37479579648.00 37572829184.00 37666099200.00 
37732790272.00 37855260672.00 37948379136.00 38042210304.00 38135463936.00 38229020672.00 38323109888.00 38416896000.00 38509838336.00 38604271616.00 38697091072.00 38791753728.00 38885023744.00 38978772992.00 39073021952.00 39166087168.00 39257890816.00 39353839616.00 39447552000.00 39540936704.00 
39633321984.00 39723708416.00 39822323712.00 39915950080.00 40009142272.00 40101617664.00 40196943872.00 40290693120.00 40384073728.00 40478269440.00 40571158528.00 40665399296.00 40757997568.00 40853106688.00 40946573312.00 41040097280.00 41133682688.00 41227894784.00 41321254912.00 41414455296.00 
41505898496.00 41602301952.00 41695916032.00 41789423616.00 41880887296.00 41979064320.00 42071736320.00 42165063680.00 42256490496.00 42352685056.00 42442514432.00 42539614208.00 42633113600.00 42727133184.00 42820636672.00 42914160640.00 43007537152.00 43101290496.00 43195138048.00 43287695360.00 
43381481472.00 43476340736.00 43570282496.00 43664023552.00 43756584960.00 43850641408.00 43944529920.00 44038287360.00 44132007936.00 44225998848.00 44318662656.00 44414119936.00 44506775552.00 44600868864.00 44694478848.00 44786581504.00 44881539072.00 44975493120.00 45069500416.00 45162995712.00 
45245530112.00 45350281216.00 45444239360.00 45537845248.00 45631279104.00 45725433856.00 45819162624.00 45912653824.00 46006005760.00 46100168704.00 46193160192.00 46287372288.00 46380863488.00 46474821632.00 46568316928.00 46661709824.00 46754607104.00 46849175552.00 46942703616.00 47035629568.00 
47095754752.00 47225782272.00 47318712320.00 47412740096.00 47505371136.00 47599243264.00 47692857344.00 47786348544.00 47880556544.00 47973847040.00 48067092480.00 48161447936.00 48252944384.00 48349241344.00 48442548224.00 48535945216.00 48629043200.00 48723075072.00 48817504256.00 48911040512.00 
49001922560.00 49098121216.00 49192603648.00 49285734400.00 49379299328.00 49471549440.00 49566781440.00 49660731392.00 49753178112.00 49847799808.00 49940926464.00 50035519488.00 50128588800.00 50221580288.00 50316943360.00 50410016768.00 50503393280.00 50597605376.00 50690973696.00 50784391168.00 
50877251584.00 50972446720.00 51065888768.00 51159830528.00 51251273728.00 51346427904.00 51441156096.00 51533922304.00 51628285952.00 51720183808.00 51812159488.00 51909169152.00 52002893824.00 52097142784.00 52190420992.00 52283707392.00 52377735168.00 52471832576.00 52564799488.00 52658790400.00 
52747001856.00 52846321664.00 52940111872.00 53033697280.00 53126938624.00 53220618240.00 53314273280.00 53408219136.00 53501181952.00 53595095040.00 53687771136.00 53778968576.00 53880041472.00 53971668992.00 54065197056.00 54156947456.00 54249988096.00 54345945088.00 54439383040.00 54533312512.00 
54625476608.00 54719987712.00 54814113792.00 54908030976.00 55001051136.00 55094919168.00 55189049344.00 55282470912.00 55375843328.00 55470084096.00 55562936320.00 55657353216.00 55749767168.00 55844995072.00 55938355200.00 56031731712.00 56125673472.00 56218136576.00 56312938496.00 56406671360.00 
56486539264.00 56594366464.00 56687939584.00 56781656064.00 56875331584.00 56968695808.00 57061339136.00 57156145152.00 57247932416.00 57344163840.00 57436835840.00 57531219968.00 57624600576.00 57718452224.00 57812021248.00 57904476160.00 58000146432.00 58093735936.00 58187284480.00 58280677376.00 
58373304320.00 58467942400.00 58561679360.00 58655797248.00 58748219392.00 58834313216.00 58936762368.00 59030392832.00 59123994624.00 59217813504.00 59310809088.00 59404746752.00 59499012096.00 59593011200.00 59686248448.00 59780026368.00 59873484800.00 59967320064.00 60060946432.00 60154728448.00 
60237312000.00 60342222848.00 60436307968.00 60529729536.00 60623028224.00 60716154880.00 60810670080.00 60904157184.00 60997513216.00 61091799040.00 61182001152.00 61278887936.00 61372682240.00 61465931776.00 61560246272.00 61653647360.00 61746458624.00 61840838656.00 61934665728.00 62028259328.00 
62120861696.00 62215794688.00 62309285888.00 62403039232.00 62495854592.00 62589153280.00 62680776704.00 62786195456.00 62873849856.00 62966951936.00 63059636224.00 63153733632.00 63245135872.00 63341039616.00 63434653696.00 63526514688.00 63621423104.00 63715786752.00 63809945600.00 63902867456.00 
63993851904.00 64090546176.00 64183971840.00 64278319104.00 64371105792.00 64464723968.00 64558891008.00 64652587008.00 64745046016.00 64840081408.00 64933154816.00 65027510272.00 65120694272.00 65214611456.00 65308176384.00 65401556992.00 65495683072.00 65589587968.00 65683279872.00 65776533504.00 
65863479296.00 65963933696.00 66057842688.00 66151534592.00 66242945024.00 66338414592.00 66435301376.00 66526683136.00 66620121088.00 66713866240.00 66806910976.00 66900779008.00 66994380800.00 67088527360.00 67181891584.00 67275821056.00 67369467904.00 67463729152.00 67558072320.00 67650727936.00 
67738791936.00 67837964288.00 67931705344.00 68025450496.00 68118843392.00 68211015680.00 68306055168.00 68397539328.00 68494532608.00 68588077056.00 68681060352.00 68775256064.00 68868644864.00 68962705408.00 69056290816.00 69149720576.00 69241470976.00 69337767936.00 69430812672.00 69524455424.00 
69616943104.00 69712560128.00 69805842432.00 69899468800.00 69992497152.00 70086565888.00 70180560896.00 70274490368.00 70367731712.00 70461046784.00 70537846784.00 70649454592.00 70741884928.00 70836682752.00 70930243584.00 71023714304.00 71117365248.00 71211581440.00 71304921088.00 71398670336.00 
71489634304.00 71585931264.00 71681843200.00 71773085696.00 71866777600.00 71960551424.00 72055398400.00 72148066304.00 72239636480.00 72334942208.00 72428855296.00 72522874880.00 72616820736.00 72710332416.00 72803532800.00 72896208896.00 72990859264.00 73085280256.00 73178996736.00 73272541184.00 
73364815872.00 73459810304.00 73553559552.00 73647423488.00 73739927552.00 73834233856.00 73928359936.00 74022199296.00 74115563520.00 74209542144.00 74302341120.00 74396794880.00 74489765888.00 74583851008.00 74677411840.00 74770833408.00 74864394240.00 74958159872.00 75050991616.00 75142905856.00 
75184242688.00 75337687040.00 75429347328.00 75522621440.00 75615723520.00 75709177856.00 75803131904.00 75896340480.00 75989778432.00 76085035008.00 76176916480.00 76271624192.00 76364660736.00 76457975808.00 76552249344.00 76645744640.00 76738600960.00 76833300480.00 76926861312.00 77020823552.00 
77113081856.00 77207986176.00 77301964800.00 77395435520.00 77488758784.00 77581156352.00 77676396544.00 77769793536.00 77864001536.00 77957578752.00 78050672640.00 78145003520.00 78236516352.00 78331977728.00 78426243072.00 78519656448.00 78613389312.00 78706933760.00 78800855040.00 78894604288.00 
78985584640.00 79081897984.00 79173255168.00 79269675008.00 79362785280.00 79456305152.00 79550275584.00 79643942912.00 79736766464.00 79831793664.00 79921831936.00 80018366464.00 80112443392.00 80206307328.00 80300048384.00 80393437184.00 80486629376.00 80578002944.00 80675209216.00 80768688128.00 
80860987392.00 80956145664.00 81049518080.00 81143480320.00 81234870272.00 81330806784.00 81424793600.00 81518559232.00 81611702272.00 81705377792.00 81798979584.00 81893097472.00 81986199552.00 82080292864.00 82174050304.00 82258903040.00 82361204736.00 82454708224.00 82547621888.00 82642567168.00 
82730672128.00 82829844480.00 82923487232.00 83017031680.00 83110666240.00 83204325376.00 83298156544.00 83391504384.00 83484155904.00 83589922816.00 83673620480.00 83767664640.00 83860799488.00 83954573312.00 84047896576.00 84141662208.00 84233322496.00 84329267200.00 84423680000.00 84516634624.00 
84603396096.00 84703903744.00 84797677568.00 84891131904.00 84984553472.00 85078458368.00 85172510720.00 85266210816.00 85359656960.00 85451390976.00 85546696704.00 85640994816.00 85733466112.00 85828173824.00 85921726464.00 86015336448.00 86109061120.00 86203359232.00 86296150016.00 86390611968.00 
86481272832.00 86577741824.00 86671196160.00 86758023168.00 86859218944.00 86951190528.00 87046512640.00 87140261888.00 87231594496.00 87327432704.00 87420370944.00 87514808320.00 87608188928.00 87701880832.00 87795793920.00 87889231872.00 87982538752.00 88077058048.00 88170496000.00 88264269824.00 
88356626432.00 88450146304.00 88545828864.00 88639242240.00 88731901952.00 88826339328.00 88920367104.00 89014165504.00 89107587072.00 89201164288.00 89291595776.00 89388793856.00 89481510912.00 89576538112.00 89669935104.00 89763282944.00 89857179648.00 89950937088.00 90044710912.00 90138394624.00 
90220896256.00 90325909504.00 90418978816.00 90514038784.00 90606706688.00 90700070912.00 90794385408.00 90887585792.00 90981220352.00 91075108864.00 91168620544.00 91262754816.00 91356282880.00 91452555264.00 91543781376.00 91635695616.00 91730198528.00 91824881664.00 91918680064.00 92012044288.00 
92104597504.00 92199190528.00 92293160960.00 92386910208.00 92480045056.00 92574138368.00 92667904000.00 92760457216.00 92855042048.00 92948668416.00 93041909760.00 93136347136.00 93227712512.00 93323321344.00 93416964096.00 93510164480.00 93603725312.00 93697269760.00 93789782016.00 93880582144.00 
93909827584.00 94079606784.00 94170365952.00 94263091200.00 94356217856.00 94449410048.00 94543323136.00 94637441024.00 94729396224.00 94823194624.00 94916968448.00 95012323328.00 95104368640.00 95198806016.00 95291981824.00 95385862144.00 95479349248.00 95573663744.00 95666790400.00 95760523264.00 
95852879872.00 95947898880.00 96041689088.00 96135225344.00 96226967552.00 96321077248.00 96416538624.00 96509550592.00 96603652096.00 96697597952.00 96790568960.00 96884908032.00 96977788928.00 97072447488.00 97165606912.00 97259470848.00 97353211904.00 97443569664.00 97540923392.00 97634828288.00 
97722556416.00 97821868032.00 97915019264.00 98008702976.00 98102878208.00 98196283392.00 98290155520.00 98384166912.00 98477268992.00 98571386880.00 98661679104.00 98758647808.00 98851913728.00 98946760704.00 99039985664.00 99133587456.00 99225051136.00 99321348096.00 99414564864.00 99508682752.00 
99600719872.00 99695665152.00 99789488128.00 99883114496.00 99976298496.00 100070170624.00 100163690496.00 100259143680.00 100351680512.00 100445683712.00 100538441728.00 100632813568.00 100725374976.00 100819910656.00 100913782784.00 101005901824.00 101100863488.00 101196677120.00 101288280064.00 101382414336.00 
101473296384.00 101569044480.00 101663408128.00 101756887040.00 101850505216.00 101944164352.00 102038052864.00 102131998720.00 102223347712.00 102318489600.00 102411468800.00 102515105792.00 102600884224.00 102694215680.00 102787596288.00 102881271808.00 102974930944.00 103069048832.00 103161733120.00 103256301568.00 
103343136768.00 103443816448.00 103537098752.00 103630987264.00 103723941888.00 103818231808.00 103912292352.00 104005853184.00 104099381248.00 104193146880.00 104286158848.00 104378155008.00 104474263552.00 104568078336.00 104661917696.00 104755249152.00 104848793600.00 104942862336.00 105036316672.00 105130131456.00 
105212805120.00 105317621760.00 105411559424.00 105505177600.00 105598574592.00 105683812352.00 105785999360.00 105879937024.00 105972711424.00 106067001344.00 106160144384.00 106254573568.00 106347626496.00 106441818112.00 106535387136.00 106628964352.00 106721796096.00 106816593920.00 106910113792.00 107003772928.00 
107095973888.00 107190599680.00 107283095552.00 107392319488.00 107473920000.00 107566956544.00 107660533760.00 107754192896.00 107847745536.00 107941486592.00 108031655936.00 108128919552.00 108220309504.00 108316213248.00 108409946112.00 108503113728.00 108597002240.00 108690759680.00 108785106944.00 108878184448.00 
108969172992.00 109065592832.00 109159129088.00 109253419008.00 109346390016.00 109439983616.00 109533995008.00 109628170240.00 109720428544.00 109815193600.00 109908279296.00 110002831360.00 110096138240.00 110189854720.00 110283595776.00 110375616512.00 110470103040.00 110565302272.00 110658748416.00 110752464896.00 
110844542976.00 110939709440.00 111033376768.00 111126904832.00 111218434048.00 111313526784.00 111407988736.00 111501844480.00 111595266048.00 111688843264.00 111782166528.00 111876366336.00 111969681408.00 112065478656.00 112156753920.00 112251011072.00 112344678400.00 112438525952.00 112531906560.00 112625131520.00 
112691658752.00 112814383104.00 112907608064.00 113000587264.00 113094705152.00 113188274176.00 113281974272.00 113375748096.00 113469095936.00 113562902528.00 113656274944.00 113749729280.00 113843363840.00 113938309120.00 114031304704.00 114125135872.00 114216706048.00 114312339456.00 114406703104.00 114500001792.00 
114592505856.00 114687262720.00 114781044736.00 114874793984.00 114968092672.00 115060588544.00 115155787776.00 115250126848.00 115342942208.00 115436953600.00 115529646080.00 115626868736.00 115717455872.00 115812065280.00 115905363968.00 115999080448.00 116092846080.00 116186775552.00 116279812096.00 116374028288.00 
116465016832.00 116561469440.00 116654964736.00 116748861440.00 116842266624.00 116935884800.00 117029986304.00 117123465216.00 117215059968.00 117310775296.00 117387141120.00 117498732544.00 117592080384.00 117684805632.00 117779464192.00 117873147904.00 117966520320.00 118060138496.00 118154231808.00 118247825408.00 
118340337664.00 118435414016.00 118528720896.00 118621282304.00 118715662336.00 118810025984.00 118904111104.00 118997860352.00 119091011584.00 119185104896.00 119278190592.00 119371980800.00 119465320448.00 119560257536.00 119653523456.00 119745593344.00 119840751616.00 119934918656.00 120028266496.00 120122195968.00 
120204419072.00 120309415936.00 120402714624.00 120495087616.00 120590458880.00 120683732992.00 120778145792.00 120871608320.00 120964546560.00 121058795520.00 121151750144.00 121245982720.00 121339879424.00 121433899008.00 121526763520.00 121620897792.00 121713680384.00 121808027648.00 121901809664.00 121995894784.00 
122082590720.00 122183368704.00 122276741120.00 122370539520.00 122463674368.00 122557775872.00 122651443200.00 122745274368.00 122838958080.00 122932486144.00 123025661952.00 123119861760.00 123211481088.00 123307671552.00 123400822784.00 123494268928.00 123588132864.00 123682127872.00 123775516672.00 123869650944.00 
123960369152.00 124056698880.00 124150104064.00 124244049920.00 124337217536.00 124429402112.00 124524609536.00 124617801728.00 124710354944.00 124804825088.00 124896944128.00 124990382080.00 125080100864.00 125150658560.00 125290987520.00 125375127552.00 125466427392.00 125559373824.00 125652361216.00 125745758208.00 
125837991936.00 125932781568.00 126026137600.00 126119919616.00 126211383296.00 126306729984.00 126400602112.00 126494400512.00 126587838464.00 126681489408.00 126771757056.00 126869528576.00 126962008064.00 127056732160.00 127149932544.00 127243509760.00 127337472000.00 127430770688.00 127524495360.00 127618457600.00 
127706480640.00 127805825024.00 127899336704.00 127993102336.00 128086728704.00 128180174848.00 128274284544.00 128367558656.00 128460980224.00 128555155456.00 128648282112.00 128742498304.00 128836231168.00 128930136064.00 129023655936.00 129108500480.00 129208918016.00 129304330240.00 129398497280.00 129491959808.00 
129584545792.00 129679654912.00 129773248512.00 129867022336.00 129959919616.00 130054242304.00 130148114432.00 130242002944.00 130335178752.00 130429173760.00 130522071040.00 130615943168.00 130709405696.00 130803834880.00 130897756160.00 130990809088.00 131084894208.00 131178708992.00 131272179712.00 131365732352.00 
131445661696.00 131553492992.00 131647037440.00 131741204480.00 131834413056.00 131927932928.00 132021944320.00 132115546112.00 132207108096.00 132302790656.00 132396056576.00 132489805824.00 132585193472.00 132677976064.00 132771520512.00 132865048576.00 132958543872.00 133052686336.00 133146476544.00 133239881728.00 
133332418560.00 133427093504.00 133520695296.00 133614673920.00 133707489280.00 133800411136.00 133895618560.00 133989335040.00 134082248704.00 134178062336.00 134270271488.00 134364479488.00 134457491456.00 134551928832.00 134646243328.00 134738903040.00 134833135616.00 134926827520.00 135020216320.00 135113834496.00 
135196442624.00 135301980160.00 135394893824.00 135488634880.00 135582187520.00 135675961344.00 135769563136.00 135863418880.00 135956602880.00 136050982912.00 136141029376.00 136238669824.00 136331665408.00 136425512960.00 136518107136.00 136614674432.00 136706203648.00 136800870400.00 136894373888.00 136987877376.00 
137080225792.00 137175441408.00 137268928512.00 137362784256.00 137455861760.00 137549824000.00 137643622400.00 137737846784.00 137831088128.00 137924902912.00 138017996800.00 138112417792.00 138203791360.00 138299441152.00 138394140672.00 138485481472.00 138580508672.00 138674651136.00 138767908864.00 138862706688.00 
138952654848.00 139048976384.00 139143118848.00 139236802560.00 139330273280.00 139423612928.00 139517919232.00 139611488256.00 139703975936.00 139798724608.00 139891736576.00 139985993728.00 140079579136.00 140173475840.00 140267667456.00 140360695808.00 140453904384.00 140548096000.00 140641239040.00 140734726144.00 
140794609664.00 140924895232.00 141017448448.00 141110886400.00 141202472960.00 141298089984.00 141391986688.00 141485637632.00 141579173888.00 141673070592.00 141766131712.00 141859880960.00 141953597440.00 142047444992.00 142141440000.00 142234714112.00 142328479744.00 142422065152.00 142515978240.00 142610923520.00 
142697955328.00 142797209600.00 142890844160.00 142984298496.00 143079227392.00 143170453504.00 143265431552.00 143359131648.00 143452389376.00 143546679296.00 143639986176.00 143734472704.00 143828107264.00 143921610752.00 144015114240.00 144108765184.00 144200286208.00 144296050688.00 144388882432.00 144484745216.00 
144576462848.00 144671768576.00 144764764160.00 144858890240.00 144951967744.00 145045684224.00 145139646464.00 145233477632.00 145326637056.00 145420615680.00 145510973440.00 145606344704.00 145700864000.00 145795612672.00 145889067008.00 145982193664.00 146076909568.00 146170511360.00 146264129536.00 146357944320.00 
146448875520.00 146547212288.00 146638716928.00 146732613632.00 146825904128.00 146918785024.00 147013894144.00 147106529280.00 147198771200.00 147294781440.00 147387580416.00 147482066944.00 147575898112.00 147669188608.00 147763101696.00 147855196160.00 147950419968.00 148044267520.00 148138098688.00 148232765440.00 
148324024320.00 148418789376.00 148512833536.00 148606320640.00 148699004928.00 148793753600.00 148887388160.00 148981121024.00 149074509824.00 149168242688.00 149261402112.00 149355806720.00 149448867840.00 149543272448.00 149636825088.00 149729918976.00 149823520768.00 149916942336.00 150010068992.00 150102097920.00 
150143188992.00 150296985600.00 150388588544.00 150482010112.00 150574792704.00 150668345344.00 150762225664.00 150855843840.00 150948888576.00 151042899968.00 151135993856.00 151230169088.00 151324082176.00 151417847808.00 151510482944.00 151604707328.00 151697522688.00 151790632960.00 151886577664.00 151978819584.00 
152072208384.00 152167251968.00 152261115904.00 152354291712.00 152447729664.00 152533155840.00 152635408384.00 152729239552.00 152823087104.00 152916754432.00 153010110464.00 153104236544.00 153195741184.00 153291325440.00 153385336832.00 153478578176.00 153572016128.00 153666387968.00 153759973376.00 153853640704.00 
153944670208.00 154038681600.00 154134462464.00 154228572160.00 154322059264.00 154415497216.00 154509312000.00 154597736448.00 154696318976.00 154790871040.00 154881064960.00 154978107392.00 155071348736.00 155165720576.00 155258945536.00 155351859200.00 155446247424.00 155540160512.00 155633860608.00 155727806464.00 
155820032000.00 155914862592.00 156008726528.00 156102377472.00 156193832960.00 156289286144.00 156382560256.00 156479143936.00 156570894336.00 156665036800.00 156757966848.00 156851994624.00 156945399808.00 157039181824.00 157132865536.00 157224992768.00 157320445952.00 157414227968.00 157507928064.00 157600497664.00 
157689823232.00 157788864512.00 157882580992.00 157976477696.00 158068850688.00 158163779584.00 158257528832.00 158351065088.00 158444404736.00 158538891264.00 158631411712.00 158725816320.00 158819008512.00 158913511424.00 159006965760.00 159100731392.00 159192219648.00 159290785792.00 159381798912.00 159475908608.00 
159562170368.00 159663243264.00 159756402688.00 159850512384.00 159943376896.00 160037568512.00 160131399680.00 160224526336.00 160318537728.00 160412172288.00 160505298944.00 160599605248.00 160691863552.00 160786071552.00 160874496000.00 160976945152.00 161069318144.00 161162821632.00 161256259584.00 161349009408.00 
161440710656.00 161537261568.00 161631043584.00 161724399616.00 161817772032.00 161910194176.00 162005549056.00 162099183616.00 162190934016.00 162286485504.00 162379939840.00 162474475520.00 162567487488.00 162661285888.00 162755264512.00 162848555008.00 162942189568.00 163035971584.00 163129819136.00 163222437888.00 
163316105216.00 163410673664.00 163504914432.00 163598188544.00 163691134976.00 163785408512.00 163879403520.00 163973005312.00 164066541568.00 164160192512.00 164236410880.00 164347822080.00 164441161728.00 164535255040.00 164628824064.00 164722475008.00 164815880192.00 164909219840.00 165003902976.00 165097521152.00 
165180309504.00 165284593664.00 165378473984.00 165472485376.00 165565808640.00 165659721728.00 165753339904.00 165846941696.00 165940199424.00 166034325504.00 166127616000.00 166222348288.00 166315278336.00 166409207808.00 166502727680.00 166594412544.00 166688751616.00 166782533632.00 166883000320.00 166972407808.00 
167064354816.00 167159037952.00 167252705280.00 167346356224.00 167439597568.00 167533428736.00 167627325440.00 167720927232.00 167814430720.00 167908442112.00 168001716224.00 168095514624.00 168187232256.00 168282324992.00 168377171968.00 168470495232.00 168564637696.00 168657960960.00 168751513600.00 168845279232.00 
168925265920.00 169033023488.00 169126428672.00 169220292608.00 169314140160.00 169407266816.00 169501163520.00 169595125760.00 169687531520.00 169782132736.00 169875439616.00 169969647616.00 170063675392.00 170157195264.00 170251091968.00 170344267776.00 170437672960.00 170531684352.00 170621566976.00 170720165888.00 
170812227584.00 170907009024.00 171000856576.00 171094360064.00 171185995776.00 171279859712.00 171374788608.00 171469176832.00 171562598400.00 171656806400.00 171749376000.00 171843960832.00 171936874496.00 172030738432.00 172125061120.00 172218105856.00 172311969792.00 172405981184.00 172499976192.00 172593233920.00 
172681232384.00 172780093440.00 172874514432.00 172967788544.00 173061554176.00 173154746368.00 173245382656.00 173343375360.00 173436321792.00 173530349568.00 173620527104.00 173717897216.00 173811466240.00 173905231872.00 173998899200.00 174092124160.00 174183956480.00 174279311360.00 174373666816.00 174467268608.00 
174559641600.00 174654472192.00 174747926528.00 174840922112.00 174935359488.00 175029207040.00 175122759680.00 175218016256.00 175310585856.00 175404711936.00 175497412608.00 175592538112.00 175684190208.00 175778545664.00 175872851968.00 175957704704.00 176060022784.00 176153968640.00 176247472128.00 176340959232.00 
176432300032.00 176528556032.00 176621731840.00 176716578816.00 176809885696.00 176903258112.00 176996876288.00 177090887680.00 177182212096.00 177278877696.00 177371348992.00 177465737216.00 177559240704.00 177652678656.00 177746493440.00 177841061888.00 177933516800.00 178027970560.00 178121637888.00 178216239104.00 
178301943808.00 178403491840.00 178496323584.00 178590023680.00 178682609664.00 178777849856.00 178870992896.00 178965233664.00 179058360320.00 179151683584.00 179245350912.00 179339575296.00 179432783872.00 179522961408.00 179620691968.00 179714031616.00 179807911936.00 179901726720.00 179995574272.00 180088930304.00 
180171620352.00 180276920320.00 180370079744.00 180463484928.00 180557299712.00 180649492480.00 180746665984.00 180838318080.00 180931985408.00 181026078720.00 181118943232.00 181210300416.00 181307195392.00 181400748032.00 181494317056.00 181587951616.00 181680979968.00 181775482880.00 181869101056.00 181962899456.00 
182055600128.00 182150365184.00 182243868672.00 182338207744.00 182431105024.00 182524952576.00 182620045312.00 182712582144.00 182806020096.00 182899933184.00 182990110720.00 183086972928.00 183178903552.00 183274323968.00 183368286208.00 183461609472.00 183555702784.00 183649468416.00 183743152128.00 183837097984.00 
183927783424.00 184024104960.00 184117739520.00 184211783680.00 184304992256.00 184399183872.00 184492441600.00 184586551296.00 184678694912.00 184773623808.00 184866553856.00 184959582208.00 185054543872.00 185148522496.00 185241387008.00 185333989376.00 185428901888.00 185521897472.00 185616089088.00 185710297088.00 
185802571776.00 185897762816.00 185991544832.00 186084343808.00 186176143360.00 186271956992.00 186365001728.00 186458882048.00 186552270848.00 186646249472.00 186738868224.00 186833321984.00 186926120960.00 187019804672.00 187112587264.00 187205697536.00 187298217984.00 187389968384.00 187479818240.00 187561836544.00 
187538243584.00 187796226048.00 187878080512.00 187967979520.00 188059353088.00 188151922688.00 188244967424.00 188338307072.00 188431122432.00 188524871680.00 188617670656.00 188711845888.00 188805251072.00 188899033088.00 188992536576.00 189085614080.00 189177282560.00 189273522176.00 189366583296.00 189460316160.00 
189552869376.00 189647716352.00 189742039040.00 189835935744.00 189928030208.00 190020534272.00 190116511744.00 190209638400.00 190302928896.00 190398267392.00 190490001408.00 190584455168.00 190677155840.00 190771511296.00 190865489920.00 190958616576.00 191052578816.00 191146262528.00 191239798784.00 191333777408.00 
191424626688.00 191520882688.00 191614959616.00 191708413952.00 191802032128.00 191895633920.00 191989383168.00 192083345408.00 192174866432.00 192270942208.00 192360972288.00 192458047488.00 192551616512.00 192645480448.00 192737722368.00 192832438272.00 192926154752.00 193019871232.00 193113915392.00 193207517184.00 
193299873792.00 193395097600.00 193488683008.00 193582301184.00 193675018240.00 193769586688.00 193863319552.00 193957429248.00 194050441216.00 194147516416.00 194237349888.00 194331918336.00 194425176064.00 194519810048.00 194611068928.00 194705244160.00 194800648192.00 194894446592.00 194987999232.00 195081289728.00 
195163848704.00 195269066752.00 195362521088.00 195456204800.00 195549331456.00 195643310080.00 195736862720.00 195834904576.00 195924099072.00 196018470912.00 196111564800.00 196206084096.00 196299358208.00 196392681472.00 196486692864.00 196579540992.00 196673404928.00 196768186368.00 196861526016.00 196954685440.00 
197041963008.00 197141643264.00 197236424704.00 197330059264.00 197423087616.00 197516247040.00 197611110400.00 197705433088.00 197798428672.00 197892128768.00 197985484800.00 198079348736.00 198171246592.00 198267011072.00 198360924160.00 198454345728.00 198548062208.00 198641467392.00 198736314368.00 198829162496.00 
198920454144.00 199016660992.00 199110197248.00 199204061184.00 199297613824.00 199382646784.00 199485046784.00 199579303936.00 199671578624.00 199765557248.00 199859552256.00 199953170432.00 200046936064.00 200139898880.00 200235401216.00 200328282112.00 200421801984.00 200517206016.00 200609873920.00 200703148032.00 
200795422720.00 200890974208.00 200984297472.00 201078636544.00 201169600512.00 201265414144.00 201358983168.00 201452847104.00 201546137600.00 201640312832.00 201730605056.00 201827483648.00 201920856064.00 202014425088.00 202112008192.00 202202595328.00 202295836672.00 202389979136.00 202483712000.00 202577428480.00 
202665328640.00 202764664832.00 202857873408.00 202952081408.00 203045584896.00 203139252224.00 203232542720.00 203327143936.00 203420057600.00 203514019840.00 203607080960.00 203701223424.00 203795136512.00 203888934912.00 203982798848.00 204074614784.00 204168085504.00 204263931904.00 204357025792.00 204450938880.00 
204543131648.00 204637831168.00 204736380928.00 204826607616.00 204919504896.00 205013352448.00 205106659328.00 205200818176.00 205294026752.00 205388300288.00 205481050112.00 205575716864.00 205668286464.00 205762822144.00 205856620544.00 205949943808.00 206043496448.00 206137720832.00 206230978560.00 206324940800.00 
206404993024.00 206512537600.00 206606155776.00 206700183552.00 206793031680.00 206887075840.00 206980939776.00 207075540992.00 207166226432.00 207262384128.00 207354822656.00 207449538560.00 207543369728.00 207637037056.00 207730409472.00 207823962112.00 207917236224.00 208011476992.00 208104947712.00 208199024640.00 
208290971648.00 208385687552.00 208475111424.00 208575479808.00 208667262976.00 208759832576.00 208855121920.00 208948838400.00 209042325504.00 209135599616.00 209229152256.00 209323540480.00 209416568832.00 209511022592.00 209604575232.00 209697947648.00 209791811584.00 209885904896.00 209979277312.00 210073403392.00 
210155732992.00 210260328448.00 210353913856.00 210448515072.00 210542133248.00 210634899456.00 210729058304.00 210822348800.00 210915835904.00 211010355200.00 211086245888.00 211197657088.00 211290898432.00 211384647680.00 211478806528.00 211572129792.00 211664797696.00 211759628288.00 211853099008.00 211947241472.00 
212039204864.00 212135641088.00 212228177920.00 212322123776.00 212414939136.00 212508721152.00 212602470400.00 212696629248.00 212789821440.00 212883406848.00 212976959488.00 213071249408.00 213162819584.00 213258764288.00 213352398848.00 213444526080.00 213539700736.00 213633679360.00 213727084544.00 213820669952.00 
213911601152.00 214008856576.00 214101590016.00 214195093504.00 214288039936.00 214380249088.00 214483402752.00 214572187648.00 214664019968.00 214758260736.00 214851420160.00 214945824768.00 215039016960.00 215133618176.00 215226384384.00 215319724032.00 215413719040.00 215507337216.00 215601512448.00 215694770176.00 
215781752832.00 215882383360.00 215975985152.00 216066867200.00 216161419264.00 216256970752.00 216350818304.00 216444518400.00 216538431488.00 216631754752.00 216725258240.00 216818941952.00 216912527360.00 217006800896.00 217100206080.00 217193496576.00 217289064448.00 217381502976.00 217475088384.00 217569017856.00 
217656967168.00 217757466624.00 217849937920.00 217943883776.00 218036961280.00 218129399808.00 218224869376.00 218318815232.00 218411548672.00 218505756672.00 218598883328.00 218693140480.00 218786430976.00 218878689280.00 218975338496.00 219068170240.00 219159658496.00 219255734272.00 219349139456.00 219443331072.00 
219535376384.00 219630321664.00 219723956224.00 219818000384.00 219910750208.00 220005236736.00 220098756608.00 220192342016.00 220286091264.00 220380069888.00 220470247424.00 220567158784.00 220659597312.00 220760113152.00 220848832512.00 220942155776.00 221035659264.00 221129392128.00 221223223296.00 221319479296.00 
221407805440.00 221504159744.00 221597925376.00 221691461632.00 221785669632.00 221878894592.00 221972660224.00 222066688000.00 222158012416.00 222253842432.00 222346690560.00 222441291776.00 222534778880.00 222628937728.00 222722572288.00 222807375872.00 222909153280.00 223003377664.00 223096700928.00 223190663168.00 
223283101696.00 223379324928.00 223471484928.00 223567380480.00 223658115072.00 223752765440.00 223847301120.00 223940132864.00 224033439744.00 224127942656.00 224220774400.00 224315113472.00 224408027136.00 224502235136.00 224596066304.00 224689274880.00 224782434304.00 224876085248.00 224968998912.00 225061273600.00 
225102364672.00 225256079360.00 225347551232.00 225440841728.00 225533984768.00 225627684864.00 225720795136.00 225814790144.00 225908342784.00 226002190336.00 226095316992.00 226189803520.00 226282979328.00 226376843264.00 226470559744.00 226563686400.00 226656894976.00 226751627264.00 226845147136.00 226939158528.00 
227031482368.00 227125035008.00 227219652608.00 227313532928.00 227406528512.00 227499442176.00 227594878976.00 227688660992.00 227781787648.00 227875831808.00 227969171456.00 228063346688.00 228154720256.00 228251418624.00 228344283136.00 228438605824.00 228531732480.00 228625334272.00 228718952448.00 228810653696.00 
228903698432.00 229000200192.00 229093572608.00 229187551232.00 229280874496.00 229375262720.00 229468520448.00 229562318848.00 229655199744.00 229751488512.00 229840093184.00 229936971776.00 230030606336.00 230124699648.00 230218481664.00 230311837696.00 230404898816.00 230499106816.00 230593200128.00 230686441472.00 
230779011072.00 230873137152.00 230969065472.00 231061684224.00 231153516544.00 231248494592.00 231342751744.00 231436402688.00 231529381888.00 231623606272.00 231716945920.00 231811448832.00 231904493568.00 231998832640.00 232092549120.00 232184070144.00 232278409216.00 232373633024.00 232466890752.00 232560787456.00 
232648638464.00 232747106304.00 232841707520.00 232936046592.00 233028894720.00 233123037184.00 233216638976.00 233310470144.00 233403613184.00 233498017792.00 233590571008.00 233684975616.00 233778462720.00 233872441344.00 233966075904.00 234059333632.00 234151198720.00 234247274496.00 234340515840.00 234433363968.00 
234493149184.00 234623549440.00 234716397568.00 234809966592.00 234903044096.00 234996711424.00 235090313216.00 235184668672.00 235278090240.00 235372249088.00 235464933376.00 235559583744.00 235651989504.00 235746443264.00 235839897600.00 235933712384.00 236027445248.00 236121194496.00 236214648832.00 236308807680.00 
236399427584.00 236495552512.00 236589907968.00 236683427840.00 236776783872.00 236869320704.00 236963790848.00 237058736128.00 237149896704.00 237245890560.00 237338624000.00 237433159680.00 237526581248.00 237620166656.00 237714194432.00 237807419392.00 237901250560.00 237995458560.00 238088962048.00 238182645760.00 
238274985984.00 238369849344.00 238463352832.00 238557315072.00 238649606144.00 238743158784.00 238839808000.00 238932393984.00 239026192384.00 239119056896.00 239210053632.00 239306997760.00 239400337408.00 239494561792.00 239588311040.00 239681503232.00 239775612928.00 239869280256.00 239963209728.00 240055795712.00 
240139124736.00 240244064256.00 240337633280.00 240431087616.00 240524410880.00 240618651648.00 240711614464.00 240806002688.00 240899325952.00 240993648640.00 241086513152.00 241179918336.00 241275469824.00 241368760320.00 241462296576.00 241554128896.00 241648451584.00 241743020032.00 241836785664.00 241930780672.00 
242022858752.00 242117967872.00 242211569664.00 242305007616.00 242398543872.00 242492506112.00 242586517504.00 242680184832.00 242772508672.00 242868027392.00 242960842752.00 243055230976.00 243146555392.00 243242172416.00 243335856128.00 243429441536.00 243522961408.00 243616874496.00 243710984192.00 243804487680.00 
243884294144.00 243992231936.00 244085784576.00 244179304448.00 244272857088.00 244366409728.00 244460060672.00 244554072064.00 244646445056.00 244742094848.00 244834533376.00 244928888832.00 245022523392.00 245116190720.00 245209907200.00 245303246848.00 245397061632.00 245490761728.00 245584560128.00 245678211072.00 
245770813440.00 245866168320.00 245959213056.00 246053715968.00 246144647168.00 246231924736.00 246334259200.00 246427975680.00 246521430016.00 246615523328.00 246708338688.00 246802448384.00 246896132096.00 246989864960.00 247083401216.00 247177019392.00 247270883328.00 247364829184.00 247458480128.00 247552229376.00 
247640358912.00 247739367424.00 247833378816.00 247927275520.00 248020025344.00 248113971200.00 248207867904.00 248301338624.00 248394776576.00 248488624128.00 248579522560.00 248676188160.00 248769806336.00 248863670272.00 248957173760.00 249050906624.00 249142460416.00 249237995520.00 249331777536.00 249425068032.00 
249517572096.00 249612419072.00 249705627648.00 249798688768.00 249890832384.00 249982353408.00 250066747392.00 250207158272.00 250277265408.00 250367754240.00 250459586560.00 250552975360.00 250645528576.00 250739736576.00 250833174528.00 250925268992.00 251020378112.00 251113897984.00 251207909376.00 251301511168.00 
251392409600.00 251488419840.00 251582545920.00 251675820032.00 251769241600.00 251863138304.00 251957067776.00 252050489344.00 252142305280.00 252237905920.00 252331016192.00 252425519104.00 252518727680.00 252612493312.00 252706373632.00 252799598592.00 252892839936.00 252987473920.00 253081026560.00 253174726656.00 
253261594624.00 253361930240.00 253456072704.00 253549707264.00 253642145792.00 253736435712.00 253831217152.00 253924065280.00 254017896448.00 254111907840.00 254204968960.00 254299111424.00 254392713216.00 254486380544.00 254579785728.00 254673616896.00 254767267840.00 254862819328.00 254955208704.00 255048433664.00 
255131189248.00 255235883008.00 255329615872.00 255423119360.00 255516786688.00 255609520128.00 255704416256.00 255797641216.00 255891783680.00 255985958912.00 256078479360.00 256172916736.00 256266616832.00 256360316928.00 256453640192.00 256547225600.00 256640221184.00 256736673792.00 256828948480.00 256922861568.00 
257014792192.00 257110114304.00 257203666944.00 257297858560.00 257390526464.00 257483898880.00 257578434560.00 257673084928.00 257765539840.00 257859190784.00 257935687680.00 258047279104.00 258138456064.00 258234433536.00 258327773184.00 258421489664.00 258515222528.00 258609168384.00 258702884864.00 258796437504.00 
258887303168.00 258983706624.00 259077980160.00 259171024896.00 259264856064.00 259358162944.00 259452485632.00 259545907200.00 259638394880.00 259731243008.00 259827269632.00 259920969728.00 260014620672.00 260107747328.00 260202184704.00 260294033408.00 260388978688.00 260483399680.00 260576919552.00 260670799872.00 
260762746880.00 260858101760.00 260951080960.00 261045747712.00 261136711680.00 261232394240.00 261326077952.00 261419728896.00 261513920512.00 261608177664.00 261700648960.00 261795020800.00 261888409600.00 261982076928.00 262075891712.00 262169346048.00 262262964224.00 262357417984.00 262450233344.00 262543540224.00 
262609993728.00 262732775424.00 262825918464.00 262919487488.00 263012974592.00 263106379776.00 263201030144.00 263292649472.00 263387332608.00 263481901056.00 263574487040.00 263669284864.00 263762231296.00 263856062464.00 263949959168.00 264043888640.00 264135016448.00 264231288832.00 264324235264.00 264418033664.00 
264510849024.00 264605433856.00 264699379712.00 264792670208.00 264886910976.00 264979382272.00 265074196480.00 265168060416.00 265261252608.00 265355051008.00 265448357888.00 265542778880.00 265635495936.00 265729654784.00 265823830016.00 265917284352.00 266011181056.00 266104537088.00 266198794240.00 266292314112.00 
266383441920.00 266479845376.00 266572906496.00 266667245568.00 266760306688.00 266854367232.00 266947919872.00 267041882112.00 267133452288.00 267228987392.00 267319246848.00 267416649728.00 267509776384.00 267603476480.00 267697160192.00 267790352384.00 267883069440.00 267965775872.00 268074647552.00 268167397376.00 
268259262464.00 268354256896.00 268447760384.00 268541870080.00 268633686016.00 268728336384.00 268822249472.00 268916146176.00 269009780736.00 269103349760.00 269196673024.00 269290799104.00 269384187904.00 269478215680.00 269572014080.00 269656735744.00 269758988288.00 269852753920.00 269946322944.00 270040432640.00 
270122778624.00 270227554304.00 270321680384.00 270415282176.00 270508883968.00 270602190848.00 270696087552.00 270789787648.00 270882766848.00 270979973120.00 271070806016.00 271164735488.00 271258189824.00 271352365056.00 271445557248.00 271539355648.00 271632105472.00 271727132672.00 271820783616.00 271914041344.00 
272000958464.00 272101818368.00 272196239360.00 272289038336.00 272382328832.00 272476225536.00 272570384384.00 272663527424.00 272756736000.00 272842899456.00 272945414144.00 273039589376.00 273130274816.00 273226072064.00 273319854080.00 273412997120.00 273506926592.00 273601036288.00 273694195712.00 273789075456.00 
273879121920.00 273975296000.00 274069372928.00 274161172480.00 274256642048.00 274348670976.00 274444304384.00 274538102784.00 274630311936.00 274725421056.00 274818318336.00 274912313344.00 275006029824.00 275098730496.00 275194183680.00 275287310336.00 275380797440.00 275474841600.00 275568197632.00 275662241792.00 
275754844160.00 275849412608.00 275943555072.00 276036648960.00 276128825344.00 276224049152.00 276318027776.00 276411252736.00 276505853952.00 276599865344.00 276689354752.00 276786315264.00 276879736832.00 276973879296.00 277067563008.00 277161213952.00 277254504448.00 277349367808.00 277442756608.00 277536145408.00 
277624029184.00 277723283456.00 277816868864.00 277914517504.00 278004334592.00 278097821696.00 278192324608.00 278285615104.00 278379266048.00 278473113600.00 278566109184.00 278660579328.00 278754557952.00 278848438272.00 278941171712.00 279033610240.00 279126933504.00 279222943744.00 279316332544.00 279410147328.00 
279502389248.00 279597481984.00 279690969088.00 279784357888.00 279877779456.00 279971627008.00 280065966080.00 280159125504.00 280253071360.00 280345706496.00 280439980032.00 280534777856.00 280626462720.00 280720670720.00 280814583808.00 280907841536.00 281001164800.00 281095045120.00 281187844096.00 281278742528.00 
281307381760.00 281477447680.00 281568182272.00 281660653568.00 281753419776.00 281847267328.00 281940819968.00 282034962432.00 282125828096.00 282221576192.00 282314801152.00 282409435136.00 282502660096.00 282597588992.00 282689830912.00 282783449088.00 282876936192.00 282970947584.00 283064664064.00 283158544384.00 
283250688000.00 283345944576.00 283439005696.00 283533213696.00 283626176512.00 283718877184.00 283814133760.00 283905327104.00 284001402880.00 284094955520.00 284188147712.00 284282683392.00 284375711744.00 284470018048.00 284563472384.00 284657319936.00 284750577664.00 284843933696.00 284938928128.00 285031890944.00 
285114466304.00 285219749888.00 285313269760.00 285406920704.00 285500407808.00 285594124288.00 285688004608.00 285781426176.00 285875601408.00 285969252352.00 286059429888.00 286156652544.00 286249844736.00 286343823360.00 286437605376.00 286531059712.00 286623662080.00 286718885888.00 286812110848.00 286907695104.00 
286998888448.00 287093817344.00 287187566592.00 287281053696.00 287374245888.00 287468224512.00 287561973760.00 287656181760.00 287749308416.00 287843254272.00 287936282624.00 288030883840.00 288121782272.00 288217628672.00 288311345152.00 288403456000.00 288498253824.00 288600096768.00 288686800896.00 288780451840.00 
288871088128.00 288967393280.00 289061994496.00 289154891776.00 289248509952.00 289342062592.00 289436205056.00 289529823232.00 289622425600.00 289717059584.00 289810055168.00 289906491392.00 289998176256.00 290092056576.00 290185674752.00 290278932480.00 290372419584.00 290466955264.00 290559787008.00 290653863936.00 
290740731904.00 290841493504.00 290934390784.00 291028434944.00 291120513024.00 291215900672.00 291309879296.00 291403530240.00 291496853504.00 291590307840.00 291682975744.00 291768238080.00 291872768000.00 291966451712.00 292059676672.00 292153163776.00 292247011328.00 292340989952.00 292434411520.00 292528291840.00 
292616470528.00 292715593728.00 292810031104.00 292903419904.00 292996415488.00 293081808896.00 293183848448.00 293277368320.00 293370691584.00 293464702976.00 293557436416.00 293652496384.00 293746049024.00 293839405056.00 293933154304.00 294026477568.00 294118588416.00 294214598656.00 294308282368.00 294401703936.00 
294494240768.00 294589497344.00 294682558464.00 294780076032.00 294870646784.00 294963871744.00 295057719296.00 295151861760.00 295245316096.00 295339687936.00 295429406720.00 295526039552.00 295619330048.00 295713898496.00 295807647744.00 295900905472.00 295994720256.00 296088141824.00 296184840192.00 296276066304.00 
296366866432.00 296463368192.00 296556658688.00 296651292672.00 296744419328.00 296838234112.00 296931950592.00 297025863680.00 297117253632.00 297213296640.00 297305931776.00 297400565760.00 297493528576.00 297587834880.00 297681387520.00 297773334528.00 297868066816.00 297962766336.00 298056253440.00 298149937152.00 
298242015232.00 298337075200.00 298431119360.00 298524704768.00 298617176064.00 298711678976.00 298805755904.00 298900029440.00 298992926720.00 299085824000.00 299179540480.00 299273027584.00 299367137280.00 299461640192.00 299554832384.00 299648319488.00 299741642752.00 299835654144.00 299928354816.00 300020367360.00 
300061720576.00 300215238656.00 300307087360.00 300399788032.00 300492980224.00 300586958848.00 300680314880.00 300773834752.00 300867256320.00 300961398784.00 301054459904.00 301148602368.00 301242155008.00 301335576576.00 301429522432.00 301523271680.00 301615906816.00 301710213120.00 301804257280.00 301898203136.00 
301990608896.00 302085767168.00 302178402304.00 302272610304.00 302366261248.00 302458601472.00 302554218496.00 302647443456.00 302740635648.00 302834778112.00 302927806464.00 303022899200.00 303114027008.00 303209840640.00 303302639616.00 303396519936.00 303490957312.00 303585099776.00 303676063744.00 303771811840.00 
303862841344.00 303959441408.00 304052830208.00 304146022400.00 304240394240.00 304333815808.00 304427696128.00 304521216000.00 304613916672.00 304708550656.00 304785031168.00 304896835584.00 304989962240.00 305083613184.00 305177264128.00 305270784000.00 305364566016.00 305458184192.00 305551998976.00 305645158400.00 
305738416128.00 305833541632.00 305927159808.00 306020417536.00 306112102400.00 306207195136.00 306301370368.00 306395414528.00 306489032704.00 306582814720.00 306675515392.00 306769952768.00 306862555136.00 306960334848.00 307051560960.00 307143770112.00 307238699008.00 307332644864.00 307426328576.00 307519913984.00 
307607863296.00 307707183104.00 307799556096.00 307894452224.00 307988070400.00 308081491968.00 308176322560.00 308269645824.00 308362641408.00 308457144320.00 308549779456.00 308644020224.00 308737540096.00 308831256576.00 308922679296.00 309019049984.00 309110898688.00 309206482944.00 309300035584.00 309394178048.00 
309480816640.00 309581676544.00 309674934272.00 309768388608.00 309861416960.00 309956050944.00 310049439744.00 310143025152.00 310237036544.00 310330523648.00 310423519232.00 310517760000.00 310610952192.00 310705225728.00 310798778368.00 310892625920.00 310986604544.00 311079829504.00 311173840896.00 311267688448.00 
311358455808.00 311455350784.00 311548018688.00 311641931776.00 311735943168.00 311828086784.00 311923113984.00 312016830464.00 312108744704.00 312204623872.00 312297095168.00 312391041024.00 312483676160.00 312571887616.00 312677007360.00 312768299008.00 312860999680.00 312955109376.00 313048596480.00 313142149120.00 
313234489344.00 313329876992.00 313423069184.00 313517244416.00 313609420800.00 313703497728.00 313797410816.00 313892110336.00 313984581632.00 314078855168.00 314169065472.00 314266157056.00 314359611392.00 314453557248.00 314547273728.00 314641350656.00 314734575616.00 314828423168.00 314921385984.00 315015856128.00 
315098497024.00 315203092480.00 315296677888.00 315390885888.00 315483979776.00 315577532416.00 315671740416.00 315764801536.00 315858452480.00 315953545216.00 316045787136.00 316140421120.00 316233449472.00 316327723008.00 316421046272.00 316506013696.00 316607692800.00 316702326784.00 316796043264.00 316890316800.00 
316982394880.00 317077454848.00 317170679808.00 317264396288.00 317356867584.00 317453041664.00 317546004480.00 317639196672.00 317732618240.00 317827088384.00 317919952896.00 318013997056.00 318105649152.00 318201364480.00 318296621056.00 318389092352.00 318482251776.00 318576558080.00 318670438400.00 318763958272.00 
318843453440.00 318951358464.00 319044747264.00 319139676160.00 319231721472.00 319325306880.00 319419219968.00 319513001984.00 319605702656.00 319700664320.00 319793463296.00 319887769600.00 319982141440.00 320075235328.00 320168624128.00 320262406144.00 320355926016.00 320450101248.00 320543686656.00 320638156800.00 
320729645056.00 320824705024.00 320918552576.00 321011613696.00 321103593472.00 321198161920.00 321292861440.00 321386545152.00 321477509120.00 321579089920.00 321668743168.00 321762983936.00 321856012288.00 321950154752.00 322043510784.00 322136342528.00 322230484992.00 322324070400.00 322417229824.00 322511699968.00 
322600075264.00 322699165696.00 322792914944.00 322886107136.00 322980118528.00 323073671168.00 323167354880.00 323261497344.00 323354427392.00 323449061376.00 323539009536.00 323637706752.00 323729424384.00 323824353280.00 323916824576.00 324011032576.00 324103012352.00 324198105088.00 324291821568.00 324385832960.00 
324478435328.00 324573560832.00 324666720256.00 324760469504.00 324853596160.00 324947345408.00 325040963584.00 325136580608.00 325229182976.00 325322735616.00 325415632896.00 325510168576.00 325602672640.00 325697273856.00 325791285248.00 325883297792.00 325978161152.00 326072303616.00 326165561344.00 326260293632.00 
326350602240.00 326447005696.00 326540034048.00 326634897408.00 326728253440.00 326821445632.00 326915227648.00 327008911360.00 327100858368.00 327196704768.00 327289405440.00 327384268800.00 327477493760.00 327571963904.00 327664861184.00 327758413824.00 327851802624.00 327945781248.00 328039071744.00 328132132864.00 
328191836160.00 328322514944.00 328415019008.00 328509423616.00 328601272320.00 328695840768.00 328789557248.00 328883306496.00 328976695296.00 329070804992.00 329163505664.00 329257713664.00 329351331840.00 329445310464.00 329538600960.00 329631956992.00 329726001152.00 329820307456.00 329913958400.00 330008035328.00 
330090184704.00 330195107840.00 330288431104.00 330382671872.00 330475765760.00 330567942144.00 330663460864.00 330756915200.00 330849976320.00 330943987712.00 331038162944.00 331131813888.00 331225563136.00 331319738368.00 331413127168.00 331507073024.00 331599577088.00 331694112768.00 331787436032.00 331881676800.00 
331974049792.00 332070944768.00 332162531328.00 332256739328.00 332349603840.00 332443090944.00 332537298944.00 332630949888.00 332724469760.00 332818448384.00 332908298240.00 333005881344.00 333097172992.00 333193084928.00 333286146048.00 333378551808.00 333476659200.00 333568540672.00 333662093312.00 333755777024.00 
333846511616.00 333943865344.00 334036926464.00 334130282496.00 334223966208.00 334317453312.00 334411300864.00 334505181184.00 334598078464.00 334692450304.00 334785609728.00 334879490048.00 334973042688.00 335067381760.00 335160737792.00 335253372928.00 335347515392.00 335442051072.00 335535505408.00 335634694144.00 
335722020864.00 335817211904.00 335910502400.00 336003956736.00 336095510528.00 336191356928.00 336284778496.00 336379183104.00 336472440832.00 336566419456.00 336659644416.00 336753295360.00 336846913536.00 336940597248.00 337034772480.00 337127800832.00 337222107136.00 337315823616.00 337409441792.00 337502830592.00 
337568923648.00 337691803648.00 337784864768.00 337878056960.00 337971675136.00 338065784832.00 338159370240.00 338253217792.00 338346573824.00 338440028160.00 338533711872.00 338627428352.00 338721603584.00 338816434176.00 338908610560.00 339002327040.00 339093946368.00 339189366784.00 339283378176.00 339373555712.00 
339469631488.00 339564691456.00 339658604544.00 339752255488.00 339845873664.00 339930644480.00 340032946176.00 340127121408.00 340221165568.00 340314292224.00 340407353344.00 340502380544.00 340594393088.00 340688994304.00 340783071232.00 340875345920.00 340968210432.00 341065072640.00 341157675008.00 341251751936.00 
341342355456.00 341438562304.00 341532672000.00 341625995264.00 341719711744.00 341813297152.00 341906882560.00 341999058944.00 342092546048.00 342188228608.00 342278701056.00 342375235584.00 342468263936.00 342563192832.00 342656942080.00 342750396416.00 342843981824.00 342937141248.00 343031611392.00 343125262336.00 
343217471488.00 343311122432.00 343406870528.00 343500193792.00 343592370176.00 343687200768.00 343780491264.00 343877189632.00 343968645120.00 344062623744.00 344155258880.00 344250384384.00 344343183360.00 344437358592.00 344531173376.00 344622792704.00 344718082048.00 344811634688.00 344905383936.00 344999067648.00 
345081413632.00 345186729984.00 345279954944.00 345374130176.00 345467289600.00 345560940544.00 345655050240.00 345748635648.00 345841827840.00 345936035840.00 346029031424.00 346123599872.00 346215153664.00 346311524352.00 346405208064.00 346498269184.00 346590838784.00 346686881792.00 346779090944.00 346873430016.00 
346960297984.00 347060568064.00 347153924096.00 347247968256.00 347341815808.00 347435073536.00 347529314304.00 347622768640.00 347716354048.00 347809644544.00 347903000576.00 347997667328.00 348089188352.00 348184412160.00 348277407744.00 348372926464.00 348466151424.00 348559835136.00 348653486080.00 348747071488.00 
348838297600.00 348935290880.00 349027794944.00 349121871872.00 349214638080.00 349307633664.00 349402333184.00 349496082432.00 349589438464.00 349684269056.00 349777297408.00 349871538176.00 349965189120.00 350057857024.00 350153146368.00 350246240256.00 350339366912.00 350434263040.00 350527160320.00 350620811264.00 
350713937920.00 350808145920.00 350903762944.00 350996004864.00 351087329280.00 351182684160.00 351276040192.00 351370575872.00 351464259584.00 351557844992.00 351634128896.00 351745671168.00 351838961664.00 351932448768.00 352026394624.00 352119652352.00 352213827584.00 352307380224.00 352401653760.00 352494714880.00 
352582991872.00 352682311680.00 352776257536.00 352869777408.00 352962805760.00 353058095104.00 353151221760.00 353245757440.00 353338294272.00 353432338432.00 353525366784.00 353619181568.00 353712963584.00 353806581760.00 353900363776.00 353992081408.00 354085568512.00 354181185536.00 354276442112.00 354368880640.00 
354461450240.00 354556805120.00 354650324992.00 354744008704.00 354837266432.00 354931245056.00 355025027072.00 355118383104.00 355211870208.00 355305750528.00 355399434240.00 355493347328.00 355585916928.00 355680944128.00 355774496768.00 355868442624.00 355961896960.00 356055154688.00 356149657600.00 356243439616.00 
356322508800.00 356430938112.00 356524621824.00 356617977856.00 356711628800.00 356805050368.00 356898897920.00 356992319488.00 357084168192.00 357179523072.00 357273501696.00 357367250944.00 357460738048.00 357554749440.00 357649350656.00 357741789184.00 357835341824.00 357929844736.00 358022086656.00 358117081088.00 
358209585152.00 358304808960.00 358397771776.00 358491160576.00 358584582144.00 358677577728.00 358770409472.00 358867140608.00 358960332800.00 359054016512.00 359146749952.00 359242268672.00 359334051840.00 359428227072.00 359522336768.00 359615758336.00 359709900800.00 359803617280.00 359897006080.00 359990558720.00 
360073756672.00 360178647040.00 360272101376.00 360365096960.00 360459075584.00 360552333312.00 360645885952.00 360740945920.00 360833974272.00 360927166464.00 361018097664.00 361115090944.00 361209528320.00 361302622208.00 361395945472.00 361489924096.00 361582788608.00 361676636160.00 361771401216.00 361865117696.00 
361956737024.00 362051633152.00 362144038912.00 362239098880.00 362332749824.00 362426204160.00 362520477696.00 362614554624.00 362707877888.00 362801856512.00 362894688256.00 362991943680.00 363080810496.00 363175149568.00 363269652480.00 363355439104.00 363457544192.00 363551490048.00 363644682240.00 363738857472.00 
363829559296.00 363925798912.00 364019548160.00 364113625088.00 364206161920.00 364300369920.00 364394446848.00 364487770112.00 364580569088.00 364676251648.00 364768821248.00 364863225856.00 364957302784.00 365050265600.00 365144014848.00 365237600256.00 365330923520.00 365425786880.00 365518618624.00 365612728320.00 
365699170304.00 365800062976.00 365892894720.00 365987201024.00 366079016960.00 366174371840.00 366267891712.00 366364327936.00 366455095296.00 366548746240.00 366642298880.00 366736474112.00 366829633536.00 366923087872.00 367017820160.00 367111733248.00 367204892672.00 367298674688.00 367392751616.00 367486205952.00 
367574220800.00 367673507840.00 367767093248.00 367860547584.00 367954591744.00 368046604288.00 368142385152.00 368235151360.00 368328343552.00 368423403520.00 368516694016.00 368609591296.00 368703995904.00 368797745152.00 368891527168.00 368984752128.00 369076011008.00 369171890176.00 369265868800.00 369360011264.00 
369452220416.00 369547116544.00 369639915520.00 369734287360.00 369827479552.00 369921884160.00 370015895552.00 370108334080.00 370202214400.00 370296520704.00 370386665472.00 370483724288.00 370575933440.00 370671452160.00 370764021760.00 370858229760.00 370951651328.00 371046907904.00 371138789376.00 371232997376.00 
371323994112.00 371420069888.00 371513982976.00 371607633920.00 371700957184.00 371794411520.00 371888095232.00 371981713408.00 372073103360.00 372170031104.00 372262174720.00 372355825664.00 372449443840.00 372544077824.00 372636811264.00 372728987648.00 372823490560.00 372917600256.00 373011120128.00 373104443392.00 
373196783616.00 373292105728.00 373385396224.00 373478785024.00 373570732032.00 373665267712.00 373758328832.00 373850865664.00 373944385536.00 374037610496.00 374130147328.00 374223372288.00 374315188224.00 374407888896.00 374499344384.00 374589390848.00 374678323200.00 374764634112.00 374842425344.00 374889414656.00 
end   dump: w
==END   DUMP_ARRAYS==
Time in seconds = 0.082320
