Sender: LSF System <lsfadmin@polus-c2-ib.bmc.hpc.cs.msu.ru>
Subject: Job 494351: <./extra.o> in cluster <MSUCluster> Done

Job <./extra.o> was submitted from host <polus-ib.bmc.hpc.cs.msu.ru> by user <edu-cmc-skpod19-328-11> in cluster <MSUCluster> at Fri Nov 29 23:43:35 2019
Job was executed on host(s) <12*polus-c2-ib.bmc.hpc.cs.msu.ru>, in queue <short>, as user <edu-cmc-skpod19-328-11> in cluster <MSUCluster> at Fri Nov 29 23:45:51 2019
</home_edu/edu-cmc-skpod19-328/edu-cmc-skpod19-328-11> was used as the home directory.
</home_edu/edu-cmc-skpod19-328/edu-cmc-skpod19-328-11/dep_gemver> was used as the working directory.
Started at Fri Nov 29 23:45:51 2019
Terminated at Fri Nov 29 23:45:53 2019
Results reported at Fri Nov 29 23:45:53 2019

Your job looked like:

------------------------------------------------------------
# LSBATCH: User input
./extra.o
------------------------------------------------------------

Successfully completed.

Resource usage summary:

    CPU time :                                   13.64 sec.
    Max Memory :                                 22 MB
    Average Memory :                             16.00 MB
    Total Requested Memory :                     -
    Delta Memory :                               -
    Max Swap :                                   -
    Max Processes :                              3
    Max Threads :                                4
    Run time :                                   2 sec.
    Turnaround time :                            138 sec.

The output (if any) follows:

==BEGIN DUMP_ARRAYS==
begin dump: w
0.00 0.00 0.00 0.00 0.00 0.00 0.00 0.00 0.00 0.00 0.00 0.00 0.00 0.00 0.00 0.00 0.00 0.00 0.00 0.00 
0.00 0.00 0.00 0.00 0.00 0.00 0.00 0.00 0.00 0.00 0.00 0.00 0.00 0.00 0.00 0.00 0.00 0.00 0.00 0.00 
0.00 0.00 0.00 0.00 0.00 0.00 0.00 0.00 0.00 0.00 0.00 0.00 0.00 0.00 0.00 0.00 0.00 0.00 0.00 0.00 
0.00 0.00 0.00 0.00 0.00 0.00 0.00 0.00 0.00 0.00 0.00 0.00 0.00 0.00 0.00 0.00 0.00 0.00 0.00 0.00 
0.00 0.00 0.00 0.00 0.00 0.00 0.00 0.00 0.00 0.00 0.00 0.00 0.00 0.00 0.00 0.00 0.00 0.00 0.00 0.00 
0.00 0.00 0.00 0.00 0.00 0.00 0.00 0.00 0.00 0.00 0.00 0.00 0.00 0.00 0.00 0.00 0.00 0.00 0.00 0.00 
0.00 0.00 0.00 0.00 0.00 0.00 0.00 0.00 0.00 0.00 0.00 0.00 0.00 0.00 0.00 0.00 0.00 0.00 0.00 0.00 
0.00 0.00 0.00 0.00 0.00 0.00 0.00 0.00 0.00 0.00 0.00 0.00 0.00 0.00 0.00 0.00 0.00 0.00 0.00 0.00 
0.00 0.00 0.00 0.00 0.00 0.00 0.00 0.00 0.00 0.00 0.00 0.00 0.00 0.00 0.00 0.00 0.00 0.00 0.00 0.00 
0.00 0.00 0.00 0.00 0.00 0.00 0.00 0.00 0.00 0.00 0.00 0.00 0.00 0.00 0.00 0.00 0.00 0.00 0.00 0.00 
0.00 0.00 0.00 0.00 0.00 0.00 0.00 0.00 0.00 0.00 0.00 0.00 0.00 0.00 0.00 0.00 0.00 0.00 0.00 0.00 
0.00 0.00 0.00 0.00 0.00 0.00 0.00 0.00 0.00 0.00 0.00 0.00 0.00 0.00 0.00 0.00 0.00 0.00 0.00 0.00 
0.00 0.00 0.00 0.00 0.00 0.00 0.00 0.00 0.00 0.00 0.00 0.00 0.00 0.00 0.00 0.00 0.00 0.00 0.00 0.00 
0.00 0.00 0.00 0.00 0.00 0.00 0.00 0.00 0.00 0.00 0.00 0.00 0.00 0.00 0.00 0.00 0.00 0.00 0.00 0.00 
0.00 0.00 0.00 0.00 0.00 0.00 0.00 0.00 0.00 0.00 0.00 0.00 0.00 0.00 0.00 0.00 0.00 0.00 0.00 0.00 
0.00 0.00 0.00 0.00 0.00 0.00 0.00 0.00 0.00 0.00 0.00 0.00 0.00 0.00 0.00 0.00 0.00 0.00 0.00 0.00 
0.00 0.00 0.00 0.00 0.00 0.00 0.00 0.00 0.00 0.00 0.00 0.00 0.00 0.00 0.00 0.00 0.00 0.00 0.00 0.00 
0.00 0.00 0.00 0.00 0.00 0.00 0.00 0.00 0.00 0.00 0.00 0.00 0.00 0.00 0.00 0.00 0.00 0.00 0.00 0.00 
0.00 0.00 0.00 0.00 0.00 0.00 0.00 0.00 0.00 0.00 0.00 0.00 0.00 0.00 0.00 0.00 0.00 0.00 0.00 0.00 
0.00 0.00 0.00 0.00 0.00 0.00 0.00 0.00 0.00 0.00 0.00 0.00 0.00 0.00 0.00 0.00 0.00 0.00 0.00 0.00 
0.00 0.00 0.00 0.00 0.00 0.00 0.00 0.00 0.00 0.00 0.00 0.00 0.00 0.00 0.00 0.00 0.00 0.00 0.00 0.00 
0.00 0.00 0.00 0.00 0.00 0.00 0.00 0.00 0.00 0.00 0.00 0.00 0.00 0.00 0.00 0.00 0.00 0.00 0.00 0.00 
0.00 0.00 0.00 0.00 0.00 0.00 0.00 0.00 0.00 0.00 0.00 0.00 0.00 0.00 0.00 0.00 0.00 0.00 0.00 0.00 
0.00 0.00 0.00 0.00 0.00 0.00 0.00 0.00 0.00 0.00 0.00 0.00 0.00 0.00 0.00 0.00 0.00 0.00 0.00 0.00 
0.00 0.00 0.00 0.00 0.00 0.00 0.00 0.00 0.00 0.00 0.00 0.00 0.00 0.00 0.00 0.00 0.00 0.00 0.00 0.00 
0.00 0.00 0.00 0.00 0.00 0.00 0.00 0.00 0.00 0.00 0.00 0.00 0.00 0.00 0.00 0.00 0.00 0.00 0.00 0.00 
0.00 0.00 0.00 0.00 0.00 0.00 0.00 0.00 0.00 0.00 0.00 0.00 0.00 0.00 0.00 0.00 0.00 0.00 0.00 0.00 
0.00 0.00 0.00 0.00 0.00 0.00 0.00 0.00 0.00 0.00 0.00 0.00 0.00 0.00 0.00 0.00 0.00 0.00 0.00 0.00 
0.00 0.00 0.00 0.00 0.00 0.00 0.00 0.00 0.00 0.00 0.00 0.00 0.00 0.00 0.00 0.00 0.00 0.00 0.00 0.00 
0.00 0.00 0.00 0.00 0.00 0.00 0.00 0.00 0.00 0.00 0.00 0.00 0.00 0.00 0.00 0.00 0.00 0.00 0.00 0.00 
0.00 0.00 0.00 0.00 0.00 0.00 0.00 0.00 0.00 0.00 0.00 0.00 0.00 0.00 0.00 0.00 0.00 0.00 0.00 0.00 
0.00 0.00 0.00 0.00 0.00 0.00 0.00 0.00 0.00 0.00 0.00 0.00 0.00 0.00 0.00 0.00 0.00 0.00 0.00 0.00 
0.00 0.00 0.00 0.00 0.00 0.00 0.00 0.00 0.00 0.00 0.00 0.00 0.00 0.00 0.00 0.00 0.00 0.00 0.00 0.00 
0.00 0.00 0.00 0.00 0.00 0.00 0.00 0.00 0.00 0.00 0.00 0.00 0.00 0.00 0.00 0.00 0.00 0.00 0.00 0.00 
0.00 0.00 0.00 0.00 0.00 0.00 0.00 0.00 0.00 0.00 0.00 0.00 0.00 0.00 0.00 0.00 0.00 0.00 0.00 0.00 
0.00 0.00 0.00 0.00 0.00 0.00 0.00 0.00 0.00 0.00 0.00 0.00 0.00 0.00 0.00 0.00 0.00 0.00 0.00 0.00 
0.00 0.00 0.00 0.00 0.00 0.00 0.00 0.00 0.00 0.00 0.00 0.00 0.00 0.00 0.00 0.00 0.00 0.00 0.00 0.00 
0.00 0.00 0.00 0.00 0.00 0.00 0.00 0.00 0.00 0.00 0.00 0.00 0.00 0.00 0.00 0.00 0.00 0.00 0.00 0.00 
0.00 0.00 0.00 0.00 0.00 0.00 0.00 0.00 0.00 0.00 0.00 0.00 0.00 0.00 0.00 0.00 0.00 0.00 0.00 0.00 
0.00 0.00 0.00 0.00 0.00 0.00 0.00 0.00 0.00 0.00 0.00 0.00 0.00 0.00 0.00 0.00 0.00 0.00 0.00 0.00 
0.00 0.00 0.00 0.00 0.00 0.00 0.00 0.00 0.00 0.00 0.00 0.00 0.00 0.00 0.00 0.00 0.00 0.00 0.00 0.00 
0.00 0.00 0.00 0.00 0.00 0.00 0.00 0.00 0.00 0.00 0.00 0.00 0.00 0.00 0.00 0.00 0.00 0.00 0.00 0.00 
0.00 0.00 0.00 0.00 0.00 0.00 0.00 0.00 0.00 0.00 0.00 0.00 0.00 0.00 0.00 0.00 0.00 0.00 0.00 0.00 
0.00 0.00 0.00 0.00 0.00 0.00 0.00 0.00 0.00 0.00 0.00 0.00 0.00 0.00 0.00 0.00 0.00 0.00 0.00 0.00 
0.00 0.00 0.00 0.00 0.00 0.00 0.00 0.00 0.00 0.00 0.00 0.00 0.00 0.00 0.00 0.00 0.00 0.00 0.00 0.00 
0.00 0.00 0.00 0.00 0.00 0.00 0.00 0.00 0.00 0.00 0.00 0.00 0.00 0.00 0.00 0.00 0.00 0.00 0.00 0.00 
0.00 0.00 0.00 0.00 0.00 0.00 0.00 0.00 0.00 0.00 0.00 0.00 0.00 0.00 0.00 0.00 0.00 0.00 0.00 0.00 
0.00 0.00 0.00 0.00 0.00 0.00 0.00 0.00 0.00 0.00 0.00 0.00 0.00 0.00 0.00 0.00 0.00 0.00 0.00 0.00 
0.00 0.00 0.00 0.00 0.00 0.00 0.00 0.00 0.00 0.00 0.00 0.00 0.00 0.00 0.00 0.00 0.00 0.00 0.00 0.00 
0.00 0.00 0.00 0.00 0.00 0.00 0.00 0.00 0.00 0.00 0.00 0.00 0.00 0.00 0.00 0.00 0.00 0.00 0.00 0.00 
0.00 0.00 0.00 0.00 0.00 0.00 0.00 0.00 0.00 0.00 0.00 0.00 0.00 0.00 0.00 0.00 0.00 0.00 0.00 0.00 
0.00 0.00 0.00 0.00 0.00 0.00 0.00 0.00 0.00 0.00 0.00 0.00 0.00 0.00 0.00 0.00 0.00 0.00 0.00 0.00 
0.00 0.00 0.00 0.00 0.00 0.00 0.00 0.00 0.00 0.00 0.00 0.00 0.00 0.00 0.00 0.00 0.00 0.00 0.00 0.00 
0.00 0.00 0.00 0.00 0.00 0.00 0.00 0.00 0.00 0.00 0.00 0.00 0.00 0.00 0.00 0.00 0.00 0.00 0.00 0.00 
0.00 0.00 0.00 0.00 0.00 0.00 0.00 0.00 0.00 0.00 0.00 0.00 0.00 0.00 0.00 0.00 0.00 0.00 0.00 0.00 
0.00 0.00 0.00 0.00 0.00 0.00 0.00 0.00 0.00 0.00 0.00 0.00 0.00 0.00 0.00 0.00 0.00 0.00 0.00 0.00 
0.00 0.00 0.00 0.00 0.00 0.00 0.00 0.00 0.00 0.00 0.00 0.00 0.00 0.00 0.00 0.00 0.00 0.00 0.00 0.00 
0.00 0.00 0.00 0.00 0.00 0.00 0.00 0.00 0.00 0.00 0.00 0.00 0.00 0.00 0.00 0.00 0.00 0.00 0.00 0.00 
0.00 0.00 0.00 0.00 0.00 0.00 0.00 0.00 0.00 0.00 0.00 0.00 0.00 0.00 0.00 0.00 0.00 0.00 0.00 0.00 
0.00 0.00 0.00 0.00 0.00 0.00 0.00 0.00 0.00 0.00 0.00 0.00 0.00 0.00 0.00 0.00 0.00 0.00 0.00 0.00 
0.00 0.00 0.00 0.00 0.00 0.00 0.00 0.00 0.00 0.00 0.00 0.00 0.00 0.00 0.00 0.00 0.00 0.00 0.00 0.00 
0.00 0.00 0.00 0.00 0.00 0.00 0.00 0.00 0.00 0.00 0.00 0.00 0.00 0.00 0.00 0.00 0.00 0.00 0.00 0.00 
0.00 0.00 0.00 0.00 0.00 0.00 0.00 0.00 0.00 0.00 0.00 0.00 0.00 0.00 0.00 0.00 0.00 0.00 0.00 0.00 
0.00 0.00 0.00 0.00 0.00 0.00 0.00 0.00 0.00 0.00 0.00 0.00 0.00 0.00 0.00 0.00 0.00 0.00 0.00 0.00 
0.00 0.00 0.00 0.00 0.00 0.00 0.00 0.00 0.00 0.00 0.00 0.00 0.00 0.00 0.00 0.00 0.00 0.00 0.00 0.00 
0.00 0.00 0.00 0.00 0.00 0.00 0.00 0.00 0.00 0.00 0.00 0.00 0.00 0.00 0.00 0.00 0.00 0.00 0.00 0.00 
0.00 0.00 0.00 0.00 0.00 0.00 0.00 0.00 0.00 0.00 0.00 0.00 0.00 0.00 0.00 0.00 0.00 0.00 0.00 0.00 
0.00 0.00 0.00 0.00 0.00 0.00 0.00 0.00 0.00 0.00 0.00 0.00 0.00 0.00 0.00 0.00 0.00 0.00 0.00 0.00 
0.00 0.00 0.00 0.00 0.00 0.00 0.00 0.00 0.00 0.00 0.00 0.00 0.00 0.00 0.00 0.00 0.00 0.00 0.00 0.00 
0.00 0.00 0.00 0.00 0.00 0.00 0.00 0.00 0.00 0.00 0.00 0.00 0.00 0.00 0.00 0.00 0.00 0.00 0.00 0.00 
0.00 0.00 0.00 0.00 0.00 0.00 0.00 0.00 0.00 0.00 0.00 0.00 0.00 0.00 0.00 0.00 0.00 0.00 0.00 0.00 
0.00 0.00 0.00 0.00 0.00 0.00 0.00 0.00 0.00 0.00 0.00 0.00 0.00 0.00 0.00 0.00 0.00 0.00 0.00 0.00 
0.00 0.00 0.00 0.00 0.00 0.00 0.00 0.00 0.00 0.00 0.00 0.00 0.00 0.00 0.00 0.00 0.00 0.00 0.00 0.00 
0.00 0.00 0.00 0.00 0.00 0.00 0.00 0.00 0.00 0.00 0.00 0.00 0.00 0.00 0.00 0.00 0.00 0.00 0.00 0.00 
0.00 0.00 0.00 0.00 0.00 0.00 0.00 0.00 0.00 0.00 0.00 0.00 0.00 0.00 0.00 0.00 0.00 0.00 0.00 0.00 
0.00 0.00 0.00 0.00 0.00 0.00 0.00 0.00 0.00 0.00 0.00 0.00 0.00 0.00 0.00 0.00 0.00 0.00 0.00 0.00 
0.00 0.00 0.00 0.00 0.00 0.00 0.00 0.00 0.00 0.00 0.00 0.00 0.00 0.00 0.00 0.00 0.00 0.00 0.00 0.00 
0.00 0.00 0.00 0.00 0.00 0.00 0.00 0.00 0.00 0.00 0.00 0.00 0.00 0.00 0.00 0.00 0.00 0.00 0.00 0.00 
0.00 0.00 0.00 0.00 0.00 0.00 0.00 0.00 0.00 0.00 0.00 0.00 0.00 0.00 0.00 0.00 0.00 0.00 0.00 0.00 
0.00 0.00 0.00 0.00 0.00 0.00 0.00 0.00 0.00 0.00 0.00 0.00 0.00 0.00 0.00 0.00 0.00 0.00 0.00 0.00 
0.00 0.00 0.00 0.00 0.00 0.00 0.00 0.00 0.00 0.00 0.00 0.00 0.00 0.00 0.00 0.00 0.00 0.00 0.00 0.00 
0.00 0.00 0.00 0.00 0.00 0.00 0.00 0.00 0.00 0.00 0.00 0.00 0.00 0.00 0.00 0.00 0.00 0.00 0.00 0.00 
0.00 0.00 0.00 0.00 0.00 0.00 0.00 0.00 0.00 0.00 0.00 0.00 0.00 0.00 0.00 0.00 0.00 0.00 0.00 0.00 
0.00 0.00 0.00 0.00 0.00 0.00 0.00 0.00 0.00 0.00 0.00 0.00 0.00 0.00 0.00 0.00 0.00 0.00 0.00 0.00 
0.00 0.00 0.00 0.00 0.00 0.00 0.00 0.00 0.00 0.00 0.00 0.00 0.00 0.00 0.00 0.00 0.00 0.00 0.00 0.00 
0.00 0.00 0.00 0.00 0.00 0.00 0.00 0.00 0.00 0.00 0.00 0.00 0.00 0.00 0.00 0.00 0.00 0.00 0.00 0.00 
0.00 0.00 0.00 0.00 0.00 0.00 0.00 0.00 0.00 0.00 0.00 0.00 0.00 0.00 0.00 0.00 0.00 0.00 0.00 0.00 
0.00 0.00 0.00 0.00 0.00 0.00 0.00 0.00 0.00 0.00 0.00 0.00 0.00 0.00 0.00 0.00 0.00 0.00 0.00 0.00 
0.00 0.00 0.00 0.00 0.00 0.00 0.00 0.00 0.00 0.00 0.00 0.00 0.00 0.00 0.00 0.00 0.00 0.00 0.00 0.00 
0.00 0.00 0.00 0.00 0.00 0.00 0.00 0.00 0.00 0.00 0.00 0.00 0.00 0.00 0.00 0.00 0.00 0.00 0.00 0.00 
0.00 0.00 0.00 0.00 0.00 0.00 0.00 0.00 0.00 0.00 0.00 0.00 0.00 0.00 0.00 0.00 0.00 0.00 0.00 0.00 
0.00 0.00 0.00 0.00 0.00 0.00 0.00 0.00 0.00 0.00 0.00 0.00 0.00 0.00 0.00 0.00 0.00 0.00 0.00 0.00 
0.00 0.00 0.00 0.00 0.00 0.00 0.00 0.00 0.00 0.00 0.00 0.00 0.00 0.00 0.00 0.00 0.00 0.00 0.00 0.00 
0.00 0.00 0.00 0.00 0.00 0.00 0.00 0.00 0.00 0.00 0.00 0.00 0.00 0.00 0.00 0.00 0.00 0.00 0.00 0.00 
0.00 0.00 0.00 0.00 0.00 0.00 0.00 0.00 0.00 0.00 0.00 0.00 0.00 0.00 0.00 0.00 0.00 0.00 0.00 0.00 
0.00 0.00 0.00 0.00 0.00 0.00 0.00 0.00 0.00 0.00 0.00 0.00 0.00 0.00 0.00 0.00 0.00 0.00 0.00 0.00 
0.00 0.00 0.00 0.00 0.00 0.00 0.00 0.00 0.00 0.00 0.00 0.00 0.00 0.00 0.00 0.00 0.00 0.00 0.00 0.00 
0.00 0.00 0.00 0.00 0.00 0.00 0.00 0.00 0.00 0.00 0.00 0.00 0.00 0.00 0.00 0.00 0.00 0.00 0.00 0.00 
0.00 0.00 0.00 0.00 0.00 0.00 0.00 0.00 0.00 0.00 0.00 0.00 0.00 0.00 0.00 0.00 0.00 0.00 0.00 0.00 
0.00 0.00 0.00 0.00 0.00 0.00 0.00 0.00 0.00 0.00 0.00 0.00 0.00 0.00 0.00 0.00 0.00 0.00 0.00 0.00 
0.00 0.00 0.00 0.00 0.00 0.00 0.00 0.00 0.00 0.00 0.00 0.00 0.00 0.00 0.00 0.00 0.00 0.00 0.00 0.00 
0.00 0.00 0.00 0.00 0.00 0.00 0.00 0.00 0.00 0.00 0.00 0.00 0.00 0.00 0.00 0.00 0.00 0.00 0.00 0.00 
0.00 0.00 0.00 0.00 0.00 0.00 0.00 0.00 0.00 0.00 0.00 0.00 0.00 0.00 0.00 0.00 0.00 0.00 0.00 0.00 
0.00 0.00 0.00 0.00 0.00 0.00 0.00 0.00 0.00 0.00 0.00 0.00 0.00 0.00 0.00 0.00 0.00 0.00 0.00 0.00 
0.00 0.00 0.00 0.00 0.00 0.00 0.00 0.00 0.00 0.00 0.00 0.00 0.00 0.00 0.00 0.00 0.00 0.00 0.00 0.00 
0.00 0.00 0.00 0.00 0.00 0.00 0.00 0.00 0.00 0.00 0.00 0.00 0.00 0.00 0.00 0.00 0.00 0.00 0.00 0.00 
0.00 0.00 0.00 0.00 0.00 0.00 0.00 0.00 0.00 0.00 0.00 0.00 0.00 0.00 0.00 0.00 0.00 0.00 0.00 0.00 
0.00 0.00 0.00 0.00 0.00 0.00 0.00 0.00 0.00 0.00 0.00 0.00 0.00 0.00 0.00 0.00 0.00 0.00 0.00 0.00 
0.00 0.00 0.00 0.00 0.00 0.00 0.00 0.00 0.00 0.00 0.00 0.00 0.00 0.00 0.00 0.00 0.00 0.00 0.00 0.00 
0.00 0.00 0.00 0.00 0.00 0.00 0.00 0.00 0.00 0.00 0.00 0.00 0.00 0.00 0.00 0.00 0.00 0.00 0.00 0.00 
0.00 0.00 0.00 0.00 0.00 0.00 0.00 0.00 0.00 0.00 0.00 0.00 0.00 0.00 0.00 0.00 0.00 0.00 0.00 0.00 
0.00 0.00 0.00 0.00 0.00 0.00 0.00 0.00 0.00 0.00 0.00 0.00 0.00 0.00 0.00 0.00 0.00 0.00 0.00 0.00 
0.00 0.00 0.00 0.00 0.00 0.00 0.00 0.00 0.00 0.00 0.00 0.00 0.00 0.00 0.00 0.00 0.00 0.00 0.00 0.00 
0.00 0.00 0.00 0.00 0.00 0.00 0.00 0.00 0.00 0.00 0.00 0.00 0.00 0.00 0.00 0.00 0.00 0.00 0.00 0.00 
0.00 0.00 0.00 0.00 0.00 0.00 0.00 0.00 0.00 0.00 0.00 0.00 0.00 0.00 0.00 0.00 0.00 0.00 0.00 0.00 
0.00 0.00 0.00 0.00 0.00 0.00 0.00 0.00 0.00 0.00 0.00 0.00 0.00 0.00 0.00 0.00 0.00 0.00 0.00 0.00 
0.00 0.00 0.00 0.00 0.00 0.00 0.00 0.00 0.00 0.00 0.00 0.00 0.00 0.00 0.00 0.00 0.00 0.00 0.00 0.00 
0.00 0.00 0.00 0.00 0.00 0.00 0.00 0.00 0.00 0.00 0.00 0.00 0.00 0.00 0.00 0.00 0.00 0.00 0.00 0.00 
0.00 0.00 0.00 0.00 0.00 0.00 0.00 0.00 0.00 0.00 0.00 0.00 0.00 0.00 0.00 0.00 0.00 0.00 0.00 0.00 
0.00 0.00 0.00 0.00 0.00 0.00 0.00 0.00 0.00 0.00 0.00 0.00 0.00 0.00 0.00 0.00 0.00 0.00 0.00 0.00 
0.00 0.00 0.00 0.00 0.00 0.00 0.00 0.00 0.00 0.00 0.00 0.00 0.00 0.00 0.00 0.00 0.00 0.00 0.00 0.00 
0.00 0.00 0.00 0.00 0.00 0.00 0.00 0.00 0.00 0.00 0.00 0.00 0.00 0.00 0.00 0.00 0.00 0.00 0.00 0.00 
0.00 0.00 0.00 0.00 0.00 0.00 0.00 0.00 0.00 0.00 0.00 0.00 0.00 0.00 0.00 0.00 0.00 0.00 0.00 0.00 
0.00 0.00 0.00 0.00 0.00 0.00 0.00 0.00 0.00 0.00 0.00 0.00 0.00 0.00 0.00 0.00 0.00 0.00 0.00 0.00 
0.00 0.00 0.00 0.00 0.00 0.00 0.00 0.00 0.00 0.00 0.00 0.00 0.00 0.00 0.00 0.00 0.00 0.00 0.00 0.00 
0.00 0.00 0.00 0.00 0.00 0.00 0.00 0.00 0.00 0.00 0.00 0.00 0.00 0.00 0.00 0.00 0.00 0.00 0.00 0.00 
0.00 0.00 0.00 0.00 0.00 0.00 0.00 0.00 0.00 0.00 0.00 0.00 0.00 0.00 0.00 0.00 0.00 0.00 0.00 0.00 
0.00 0.00 0.00 0.00 0.00 0.00 0.00 0.00 0.00 0.00 0.00 0.00 0.00 0.00 0.00 0.00 0.00 0.00 0.00 0.00 
0.00 0.00 0.00 0.00 0.00 0.00 0.00 0.00 0.00 0.00 0.00 0.00 0.00 0.00 0.00 0.00 0.00 0.00 0.00 0.00 
0.00 0.00 0.00 0.00 0.00 0.00 0.00 0.00 0.00 0.00 0.00 0.00 0.00 0.00 0.00 0.00 0.00 0.00 0.00 0.00 
0.00 0.00 0.00 0.00 0.00 0.00 0.00 0.00 0.00 0.00 0.00 0.00 0.00 0.00 0.00 0.00 0.00 0.00 0.00 0.00 
0.00 0.00 0.00 0.00 0.00 0.00 0.00 0.00 0.00 0.00 0.00 0.00 0.00 0.00 0.00 0.00 0.00 0.00 0.00 0.00 
0.00 0.00 0.00 0.00 0.00 0.00 0.00 0.00 0.00 0.00 0.00 0.00 0.00 0.00 0.00 0.00 0.00 0.00 0.00 0.00 
0.00 0.00 0.00 0.00 0.00 0.00 0.00 0.00 0.00 0.00 0.00 0.00 0.00 0.00 0.00 0.00 0.00 0.00 0.00 0.00 
0.00 0.00 0.00 0.00 0.00 0.00 0.00 0.00 0.00 0.00 0.00 0.00 0.00 0.00 0.00 0.00 0.00 0.00 0.00 0.00 
0.00 0.00 0.00 0.00 0.00 0.00 0.00 0.00 0.00 0.00 0.00 0.00 0.00 0.00 0.00 0.00 0.00 0.00 0.00 0.00 
0.00 0.00 0.00 0.00 0.00 0.00 0.00 0.00 0.00 0.00 0.00 0.00 0.00 0.00 0.00 0.00 0.00 0.00 0.00 0.00 
0.00 0.00 0.00 0.00 0.00 0.00 0.00 0.00 0.00 0.00 0.00 0.00 0.00 0.00 0.00 0.00 0.00 0.00 0.00 0.00 
0.00 0.00 0.00 0.00 0.00 0.00 0.00 0.00 0.00 0.00 0.00 0.00 0.00 0.00 0.00 0.00 0.00 0.00 0.00 0.00 
0.00 0.00 0.00 0.00 0.00 0.00 0.00 0.00 0.00 0.00 0.00 0.00 0.00 0.00 0.00 0.00 0.00 0.00 0.00 0.00 
0.00 0.00 0.00 0.00 0.00 0.00 0.00 0.00 0.00 0.00 0.00 0.00 0.00 0.00 0.00 0.00 0.00 0.00 0.00 0.00 
0.00 0.00 0.00 0.00 0.00 0.00 0.00 0.00 0.00 0.00 0.00 0.00 0.00 0.00 0.00 0.00 0.00 0.00 0.00 0.00 
0.00 0.00 0.00 0.00 0.00 0.00 0.00 0.00 0.00 0.00 0.00 0.00 0.00 0.00 0.00 0.00 0.00 0.00 0.00 0.00 
0.00 0.00 0.00 0.00 0.00 0.00 0.00 0.00 0.00 0.00 0.00 0.00 0.00 0.00 0.00 0.00 0.00 0.00 0.00 0.00 
0.00 0.00 0.00 0.00 0.00 0.00 0.00 0.00 0.00 0.00 0.00 0.00 0.00 0.00 0.00 0.00 0.00 0.00 0.00 0.00 
0.00 0.00 0.00 0.00 0.00 0.00 0.00 0.00 0.00 0.00 0.00 0.00 0.00 0.00 0.00 0.00 0.00 0.00 0.00 0.00 
0.00 0.00 0.00 0.00 0.00 0.00 0.00 0.00 0.00 0.00 0.00 0.00 0.00 0.00 0.00 0.00 0.00 0.00 0.00 0.00 
0.00 0.00 0.00 0.00 0.00 0.00 0.00 0.00 0.00 0.00 0.00 0.00 0.00 0.00 0.00 0.00 0.00 0.00 0.00 0.00 
0.00 0.00 0.00 0.00 0.00 0.00 0.00 0.00 0.00 0.00 0.00 0.00 0.00 0.00 0.00 0.00 0.00 0.00 0.00 0.00 
0.00 0.00 0.00 0.00 0.00 0.00 0.00 0.00 0.00 0.00 0.00 0.00 0.00 0.00 0.00 0.00 0.00 0.00 0.00 0.00 
0.00 0.00 0.00 0.00 0.00 0.00 0.00 0.00 0.00 0.00 0.00 0.00 0.00 0.00 0.00 0.00 0.00 0.00 0.00 0.00 
0.00 0.00 0.00 0.00 0.00 0.00 0.00 0.00 0.00 0.00 0.00 0.00 0.00 0.00 0.00 0.00 0.00 0.00 0.00 0.00 
0.00 0.00 0.00 0.00 0.00 0.00 0.00 0.00 0.00 0.00 0.00 0.00 0.00 0.00 0.00 0.00 0.00 0.00 0.00 0.00 
0.00 0.00 0.00 0.00 0.00 0.00 0.00 0.00 0.00 0.00 0.00 0.00 0.00 0.00 0.00 0.00 0.00 0.00 0.00 0.00 
0.00 0.00 0.00 0.00 0.00 0.00 0.00 0.00 0.00 0.00 0.00 0.00 0.00 0.00 0.00 0.00 0.00 0.00 0.00 0.00 
0.00 0.00 0.00 0.00 0.00 0.00 0.00 0.00 0.00 0.00 0.00 0.00 0.00 0.00 0.00 0.00 0.00 0.00 0.00 0.00 
0.00 0.00 0.00 0.00 0.00 0.00 0.00 0.00 0.00 0.00 0.00 0.00 0.00 0.00 0.00 0.00 0.00 0.00 0.00 0.00 
0.00 0.00 0.00 0.00 0.00 0.00 0.00 0.00 0.00 0.00 0.00 0.00 0.00 0.00 0.00 0.00 0.00 0.00 0.00 0.00 
0.00 0.00 0.00 0.00 0.00 0.00 0.00 0.00 0.00 0.00 0.00 0.00 0.00 0.00 0.00 0.00 0.00 0.00 0.00 0.00 
0.00 0.00 0.00 0.00 0.00 0.00 0.00 0.00 0.00 0.00 0.00 0.00 0.00 0.00 0.00 0.00 0.00 0.00 0.00 0.00 
0.00 0.00 0.00 0.00 0.00 0.00 0.00 0.00 0.00 0.00 0.00 0.00 0.00 0.00 0.00 0.00 0.00 0.00 0.00 0.00 
0.00 0.00 0.00 0.00 0.00 0.00 0.00 0.00 0.00 0.00 0.00 0.00 0.00 0.00 0.00 0.00 0.00 0.00 0.00 0.00 
0.00 0.00 0.00 0.00 0.00 0.00 0.00 0.00 0.00 0.00 0.00 0.00 0.00 0.00 0.00 0.00 0.00 0.00 0.00 0.00 
0.00 0.00 0.00 0.00 0.00 0.00 0.00 0.00 0.00 0.00 0.00 0.00 0.00 0.00 0.00 0.00 0.00 0.00 0.00 0.00 
0.00 0.00 0.00 0.00 0.00 0.00 0.00 0.00 0.00 0.00 0.00 0.00 0.00 0.00 0.00 0.00 0.00 0.00 0.00 0.00 
0.00 0.00 0.00 0.00 0.00 0.00 0.00 0.00 0.00 0.00 0.00 0.00 0.00 0.00 0.00 0.00 0.00 0.00 0.00 0.00 
0.00 0.00 0.00 0.00 0.00 0.00 0.00 0.00 0.00 0.00 0.00 0.00 0.00 0.00 0.00 0.00 0.00 0.00 0.00 0.00 
0.00 0.00 0.00 0.00 0.00 0.00 0.00 0.00 0.00 0.00 0.00 0.00 0.00 0.00 0.00 0.00 0.00 0.00 0.00 0.00 
0.00 0.00 0.00 0.00 0.00 0.00 0.00 0.00 0.00 0.00 0.00 0.00 0.00 0.00 0.00 0.00 0.00 0.00 0.00 0.00 
0.00 0.00 0.00 0.00 0.00 0.00 0.00 0.00 0.00 0.00 0.00 0.00 0.00 0.00 0.00 0.00 0.00 0.00 0.00 0.00 
0.00 0.00 0.00 0.00 0.00 0.00 0.00 0.00 0.00 0.00 0.00 0.00 0.00 0.00 0.00 0.00 0.00 0.00 0.00 0.00 
0.00 0.00 0.00 0.00 0.00 0.00 0.00 0.00 0.00 0.00 0.00 0.00 0.00 0.00 0.00 0.00 0.00 0.00 0.00 0.00 
0.00 0.00 0.00 0.00 0.00 0.00 0.00 0.00 0.00 0.00 0.00 0.00 0.00 0.00 0.00 0.00 0.00 0.00 0.00 0.00 
0.00 0.00 0.00 0.00 0.00 0.00 0.00 0.00 0.00 0.00 0.00 0.00 0.00 0.00 0.00 0.00 0.00 0.00 0.00 0.00 
0.00 0.00 0.00 0.00 0.00 0.00 0.00 0.00 0.00 0.00 0.00 0.00 0.00 0.00 0.00 0.00 0.00 0.00 0.00 0.00 
0.00 0.00 0.00 0.00 0.00 0.00 0.00 0.00 0.00 0.00 0.00 0.00 0.00 0.00 0.00 0.00 0.00 0.00 0.00 0.00 
0.00 0.00 0.00 0.00 0.00 0.00 0.00 0.00 0.00 0.00 0.00 0.00 0.00 0.00 0.00 0.00 0.00 0.00 0.00 0.00 
0.00 0.00 0.00 0.00 0.00 0.00 0.00 0.00 0.00 0.00 0.00 0.00 0.00 0.00 0.00 0.00 0.00 0.00 0.00 0.00 
0.00 0.00 0.00 0.00 0.00 0.00 0.00 0.00 0.00 0.00 0.00 0.00 0.00 0.00 0.00 0.00 0.00 0.00 0.00 0.00 
0.00 0.00 0.00 0.00 0.00 0.00 0.00 0.00 0.00 0.00 0.00 0.00 0.00 0.00 0.00 0.00 0.00 0.00 0.00 0.00 
0.00 0.00 0.00 0.00 0.00 0.00 0.00 0.00 0.00 0.00 0.00 0.00 0.00 0.00 0.00 0.00 0.00 0.00 0.00 0.00 
0.00 0.00 0.00 0.00 0.00 0.00 0.00 0.00 0.00 0.00 0.00 0.00 0.00 0.00 0.00 0.00 0.00 0.00 0.00 0.00 
0.00 0.00 0.00 0.00 0.00 0.00 0.00 0.00 0.00 0.00 0.00 0.00 0.00 0.00 0.00 0.00 0.00 0.00 0.00 0.00 
0.00 0.00 0.00 0.00 0.00 0.00 0.00 0.00 0.00 0.00 0.00 0.00 0.00 0.00 0.00 0.00 0.00 0.00 0.00 0.00 
0.00 0.00 0.00 0.00 0.00 0.00 0.00 0.00 0.00 0.00 0.00 0.00 0.00 0.00 0.00 0.00 0.00 0.00 0.00 0.00 
0.00 0.00 0.00 0.00 0.00 0.00 0.00 0.00 0.00 0.00 0.00 0.00 0.00 0.00 0.00 0.00 0.00 0.00 0.00 0.00 
0.00 0.00 0.00 0.00 0.00 0.00 0.00 0.00 0.00 0.00 0.00 0.00 0.00 0.00 0.00 0.00 0.00 0.00 0.00 0.00 
0.00 0.00 0.00 0.00 0.00 0.00 0.00 0.00 0.00 0.00 0.00 0.00 0.00 0.00 0.00 0.00 0.00 0.00 0.00 0.00 
0.00 0.00 0.00 0.00 0.00 0.00 0.00 0.00 0.00 0.00 0.00 0.00 0.00 0.00 0.00 0.00 0.00 0.00 0.00 0.00 
0.00 0.00 0.00 0.00 0.00 0.00 0.00 0.00 0.00 0.00 0.00 0.00 0.00 0.00 0.00 0.00 0.00 0.00 0.00 0.00 
0.00 0.00 0.00 0.00 0.00 0.00 0.00 0.00 0.00 0.00 0.00 0.00 0.00 0.00 0.00 0.00 0.00 0.00 0.00 0.00 
0.00 0.00 0.00 0.00 0.00 0.00 0.00 0.00 0.00 0.00 0.00 0.00 0.00 0.00 0.00 0.00 0.00 0.00 0.00 0.00 
0.00 0.00 0.00 0.00 0.00 0.00 0.00 0.00 0.00 0.00 0.00 0.00 0.00 0.00 0.00 0.00 0.00 0.00 0.00 0.00 
0.00 0.00 0.00 0.00 0.00 0.00 0.00 0.00 0.00 0.00 0.00 0.00 0.00 0.00 0.00 0.00 0.00 0.00 0.00 0.00 
0.00 0.00 0.00 0.00 0.00 0.00 0.00 0.00 0.00 0.00 0.00 0.00 0.00 0.00 0.00 0.00 0.00 0.00 0.00 0.00 
0.00 0.00 0.00 0.00 0.00 0.00 0.00 0.00 0.00 0.00 0.00 0.00 0.00 0.00 0.00 0.00 0.00 0.00 0.00 0.00 
0.00 0.00 0.00 0.00 0.00 0.00 0.00 0.00 0.00 0.00 0.00 0.00 0.00 0.00 0.00 0.00 0.00 0.00 0.00 0.00 
0.00 0.00 0.00 0.00 0.00 0.00 0.00 0.00 0.00 0.00 0.00 0.00 0.00 0.00 0.00 0.00 0.00 0.00 0.00 0.00 
0.00 0.00 0.00 0.00 0.00 0.00 0.00 0.00 0.00 0.00 0.00 0.00 0.00 0.00 0.00 0.00 0.00 0.00 0.00 0.00 
0.00 0.00 0.00 0.00 0.00 0.00 0.00 0.00 0.00 0.00 0.00 0.00 0.00 0.00 0.00 0.00 0.00 0.00 0.00 0.00 
end   dump: w
==END   DUMP_ARRAYS==
==BEGIN DUMP_ARRAYS==
begin dump: w
7723.82 463305504.00 509572064.00 586945856.00 671760192.00 759691008.00 849342400.00 940198912.00 1030666688.00 1122469760.00 1213612160.00 1306096512.00 1397665792.00 1490198144.00 1582365440.00 1674252544.00 1765828608.00 1859153792.00 1951464448.00 2043831552.00 
2135223424.00 2229141248.00 2321471744.00 2414188288.00 2506039808.00 2597361664.00 2691643136.00 2784035328.00 2876519680.00 2969492992.00 3061334784.00 3153865216.00 3244976128.00 3339612160.00 3432290816.00 3524499456.00 3617225984.00 3710013440.00 3802602496.00 3895382272.00 
3985296640.00 4080630016.00 4173289472.00 4265096192.00 4358638080.00 4451160064.00 4544290816.00 4636452352.00 4728173056.00 4821878784.00 4911089664.00 5007112704.00 5099848192.00 5192516608.00 5284874240.00 5377528832.00 5469912576.00 5563061248.00 5656294400.00 5748717056.00 
5839882752.00 5933644288.00 6026123264.00 6119835136.00 6209736704.00 6304180224.00 6397034496.00 6489774080.00 6582406144.00 6675892224.00 6767127552.00 6860029440.00 6952698880.00 7046017024.00 7138094592.00 7229458432.00 7323722752.00 7416932352.00 7509227008.00 7601985536.00 
7689104384.00 7787325440.00 7879889408.00 7972591104.00 8065139712.00 8157431808.00 8250299904.00 8344316416.00 8435705856.00 8529179136.00 8620839936.00 8714651648.00 8806800384.00 8897406976.00 8992082944.00 9084356608.00 9175412736.00 9270198272.00 9362973696.00 9455398912.00 
9541457920.00 9640745984.00 9733524480.00 9826073600.00 9918630912.00 10011227136.00 10104356864.00 10197067776.00 10289016832.00 10382400512.00 10474383360.00 10567169024.00 10659456000.00 10753607680.00 10845585408.00 10938287104.00 11031279616.00 11123704832.00 11216774144.00 11309325312.00 
11399289856.00 11494346752.00 11587298304.00 11679759360.00 11772332032.00 11856572416.00 11958394880.00 12052190208.00 12141328384.00 12233282560.00 12328283136.00 12421413888.00 12514017280.00 12606676992.00 12699636736.00 12792001536.00 12884444160.00 12977838080.00 13071826944.00 13163380736.00 
13254451200.00 13348333568.00 13440752640.00 13534573568.00 13625482240.00 13718883328.00 13812034560.00 13904377856.00 13996258304.00 14090194944.00 14179209216.00 14275908608.00 14367612928.00 14460194816.00 14554115072.00 14645827584.00 14738618368.00 14831692800.00 14924135424.00 15016771584.00 
15098487808.00 15202384896.00 15294918656.00 15387482112.00 15480087552.00 15572779008.00 15665477632.00 15758885888.00 15850588160.00 15942511616.00 16035677184.00 16129132544.00 16221396992.00 16314361856.00 16409058304.00 16498291712.00 16591582208.00 16686029824.00 16777999360.00 16870390784.00 
16961973248.00 17056238592.00 17149678592.00 17240975360.00 17333706752.00 17426583552.00 17518391296.00 17612128256.00 17704624128.00 17797627904.00 17889202176.00 17983240192.00 18073569280.00 18168414208.00 18261002240.00 18353008640.00 18446155776.00 18538946560.00 18631264256.00 18723913728.00 
18803326976.00 18909636608.00 19002114048.00 19095314432.00 19187648512.00 19279929344.00 19373090816.00 19466119168.00 19557629952.00 19651395584.00 19743006720.00 19837296640.00 19929319424.00 20022065152.00 20114825216.00 20207112192.00 20299497472.00 20392976384.00 20485367808.00 20578144256.00 
20669622272.00 20763942912.00 20855093248.00 20949667840.00 21039697920.00 21132832768.00 21227243520.00 21319905280.00 21412308992.00 21505189888.00 21597290496.00 21690494976.00 21782894592.00 21875025920.00 21968375808.00 22060068864.00 22154252288.00 22246746112.00 22339317760.00 22432303104.00 
22519341056.00 22617843712.00 22710093824.00 22803130368.00 22895476736.00 22988257280.00 23080820736.00 23173746688.00 23265648640.00 23358732288.00 23434285056.00 23544674304.00 23637147648.00 23729881088.00 23823171584.00 23914881024.00 24005777408.00 24100478976.00 24191778816.00 24286648320.00 
24377309184.00 24471533568.00 24563767296.00 24656654336.00 24748869632.00 24841658368.00 24934199296.00 25028687872.00 25120212992.00 25212956672.00 25304979456.00 25398016000.00 25489895424.00 25583958016.00 25676843008.00 25767284736.00 25862264832.00 25954459648.00 26047178752.00 26139150336.00 
26229766144.00 26325307392.00 26417692672.00 26510503936.00 26602747904.00 26695110656.00 26790164480.00 26881980416.00 26972006400.00 27066884096.00 27158906880.00 27252467712.00 27344676864.00 27437727744.00 27530000384.00 27622547456.00 27714736128.00 27808475136.00 27900989440.00 27993559040.00 
28079452160.00 28178948096.00 28271831040.00 28363714560.00 28456042496.00 28549400576.00 28641974272.00 28734642176.00 28829351936.00 28920836096.00 29012842496.00 29106059264.00 29198237696.00 29291343872.00 29384171520.00 29476569088.00 29569497088.00 29662181376.00 29754841088.00 29847322624.00 
29929160704.00 30033213440.00 30125543424.00 30218442752.00 30310664192.00 30402000896.00 30496249856.00 30589048832.00 30681313280.00 30774028288.00 30866405376.00 30959605760.00 31051878400.00 31143352320.00 31238782976.00 31330672640.00 31422406656.00 31516342272.00 31608094720.00 31702917120.00 
31792734208.00 31886716928.00 31979247616.00 32072544256.00 32164304896.00 32257310720.00 32350062592.00 32442724352.00 32536324096.00 32628936704.00 32717551616.00 32813862912.00 32904200192.00 33000366080.00 33092030464.00 33184043008.00 33276860416.00 33369757696.00 33462276096.00 33555654656.00 
33645088768.00 33740361728.00 33833029632.00 33924771840.00 34020481024.00 34111600640.00 34204067840.00 34297126912.00 34388574208.00 34481934336.00 34574278656.00 34667585536.00 34759573504.00 34853003264.00 34945536000.00 35029536768.00 35130503168.00 35223732224.00 35316367360.00 35409092608.00 
35500326912.00 35598815232.00 35687141376.00 35780321280.00 35870355456.00 35964928000.00 36057931776.00 36149678080.00 36243099648.00 36336046080.00 36427825152.00 36521553920.00 36613419008.00 36706639872.00 36799275008.00 36891652096.00 36984336384.00 37077315584.00 37169606656.00 37261852672.00 
37327835136.00 37449048064.00 37541208064.00 37633945600.00 37726187520.00 37818736640.00 37911818240.00 38004637696.00 38096551936.00 38189940736.00 38281805824.00 38375407616.00 38467751936.00 38560452608.00 38653714432.00 38745767936.00 38836563968.00 38931501056.00 39024173056.00 39116582912.00 
39207976960.00 39297359872.00 39394967552.00 39487528960.00 39579762688.00 39671279616.00 39765536768.00 39858262016.00 39950704640.00 40043888640.00 40135790592.00 40229027840.00 40320643072.00 40414666752.00 40507125760.00 40599715840.00 40692207616.00 40785391616.00 40877826048.00 40969994240.00 
41060433920.00 41155878912.00 41248448512.00 41340923904.00 41431449600.00 41528520704.00 41620254720.00 41712566272.00 41802973184.00 41898143744.00 41987026944.00 42083057664.00 42175655936.00 42268504064.00 42361036800.00 42453602304.00 42545987584.00 42638684160.00 42731515904.00 42823081984.00 
42915799040.00 43009679360.00 43102691328.00 43195408384.00 43286978560.00 43380011008.00 43472924672.00 43565645824.00 43658403840.00 43751411712.00 43843014656.00 43937419264.00 44029227008.00 44122226688.00 44214886400.00 44305965056.00 44399849472.00 44492845056.00 44585869312.00 44678287360.00 
44760014848.00 44863549440.00 44956504064.00 45049139200.00 45141585920.00 45234675712.00 45327560704.00 45419962368.00 45512335360.00 45605416960.00 45697392640.00 45790568448.00 45883117568.00 45976080384.00 46068559872.00 46161010688.00 46252826624.00 46346399744.00 46438957056.00 46530908160.00 
46590345216.00 46719037440.00 46810832896.00 46903873536.00 46995533824.00 47088390144.00 47181123584.00 47273558016.00 47366742016.00 47458975744.00 47551246336.00 47644631040.00 47735148544.00 47830323200.00 47922647040.00 48015020032.00 48107196416.00 48200245248.00 48293687296.00 48386232320.00 
48476012544.00 48571224064.00 48664719360.00 48756789248.00 48849354752.00 48940630016.00 49034821632.00 49127866368.00 49219231744.00 49312845824.00 49405030400.00 49498537984.00 49590611968.00 49682583552.00 49776906240.00 49869086720.00 49961455616.00 50054565888.00 50147012608.00 50239442944.00 
50331299840.00 50425417728.00 50517905408.00 50610835456.00 50701139968.00 50795474944.00 50889093120.00 50980864000.00 51074273280.00 51165118464.00 51256147968.00 51352100864.00 51444793344.00 51538026496.00 51630309376.00 51722629120.00 51815645184.00 51908677632.00 52000731136.00 52093702144.00 
52180897792.00 52279226368.00 52372045824.00 52464508928.00 52556820480.00 52649603072.00 52742230016.00 52835102720.00 52927053824.00 53019951104.00 53111590912.00 53201842176.00 53301882880.00 53392486400.00 53484998656.00 53575639040.00 53667778560.00 53762711552.00 53855162368.00 53948096512.00 
54039228416.00 54132805632.00 54225915904.00 54318829568.00 54410842112.00 54503591936.00 54596870144.00 54689153024.00 54781554688.00 54874722304.00 54966710272.00 55060054016.00 55151562752.00 55245754368.00 55338012672.00 55430438912.00 55523368960.00 55614902272.00 55708614656.00 55801274368.00 
55880355840.00 55986958336.00 56079536128.00 56172318720.00 56264966144.00 56357396480.00 56448958464.00 56542789632.00 56633634816.00 56728838144.00 56820412416.00 56913838080.00 57006211072.00 57099067392.00 57191649280.00 57283067904.00 57377611776.00 57470316544.00 57562824704.00 57655308288.00 
57746886656.00 57840529408.00 57933291520.00 58026315776.00 58117795840.00 58202935296.00 58304364544.00 58396975104.00 58489434112.00 58582441984.00 58674393088.00 58767310848.00 58860523520.00 58953420800.00 59045720064.00 59138465792.00 59230937088.00 59323768832.00 59416444928.00 59509207040.00 
59590893568.00 59694665728.00 59787776000.00 59880116224.00 59972501504.00 60064555008.00 60158083072.00 60250525696.00 60342960128.00 60436180992.00 60525404160.00 60621287424.00 60713988096.00 60806385664.00 60899614720.00 60992012288.00 61083877376.00 61177233408.00 61270061056.00 61362647040.00 
61454217216.00 61548093440.00 61640658944.00 61733433344.00 61825220608.00 61917569024.00 62008147968.00 62112452608.00 62199148544.00 62291218432.00 62382891008.00 62476009472.00 62566502400.00 62661308416.00 62753828864.00 62844801024.00 62938681344.00 63032070144.00 63125098496.00 63217135616.00 
63307186176.00 63402786816.00 63495155712.00 63588605952.00 63680327680.00 63772950528.00 63866019840.00 63958720512.00 64050245632.00 64144289792.00 64236343296.00 64329609216.00 64421814272.00 64514727936.00 64607281152.00 64699711488.00 64792850432.00 64885800960.00 64978391040.00 65070694400.00 
65156710400.00 65256017920.00 65348988928.00 65441533952.00 65532100608.00 65626501120.00 65722355712.00 65812721664.00 65905176576.00 65997963264.00 66089852928.00 66182905856.00 66275422208.00 66368565248.00 66460971008.00 66553806848.00 66646462464.00 66739761152.00 66833108992.00 66924654592.00 
67011862528.00 67110068224.00 67202588672.00 67295449088.00 67387944960.00 67478941696.00 67572989952.00 67663593472.00 67759464448.00 67851943936.00 67944058880.00 68037201920.00 68129607680.00 68222636032.00 68315222016.00 68407652352.00 68498456576.00 68593704960.00 68685877248.00 68778278912.00 
68869914624.00 68964384768.00 69056675840.00 69149335552.00 69241339904.00 69334482944.00 69427396608.00 69520252928.00 69612584960.00 69704974336.00 69780832256.00 69891301376.00 69982740480.00 70076538880.00 70169059328.00 70261506048.00 70354108416.00 70447390720.00 70539722752.00 70632497152.00 
70722371584.00 70817759232.00 70912638976.00 71002890240.00 71095623680.00 71188406272.00 71282212864.00 71373881344.00 71464427520.00 71558791168.00 71651532800.00 71744741376.00 71837630464.00 71930019840.00 72022286336.00 72113889280.00 72207581184.00 72300953600.00 72393793536.00 72486174720.00 
72577548288.00 72671592448.00 72764325888.00 72857010176.00 72948670464.00 73042034688.00 73134940160.00 73227788288.00 73320243200.00 73413181440.00 73505079296.00 73598369792.00 73690488832.00 73783451648.00 73875988480.00 73968508928.00 74061012992.00 74153779200.00 74245595136.00 74336608256.00 
74377347072.00 74529202176.00 74619985920.00 74712096768.00 74804379648.00 74896711680.00 74989723648.00 75081932800.00 75174297600.00 75268562944.00 75359420416.00 75453128704.00 75545116672.00 75637579776.00 75730722816.00 75823431680.00 75915051008.00 76008849408.00 76101345280.00 76194209792.00 
76285583360.00 76379529216.00 76472311808.00 76564963328.00 76657303552.00 76748611584.00 76842844160.00 76935233536.00 77028458496.00 77121044480.00 77213040640.00 77306429440.00 77397032960.00 77491453952.00 77584646144.00 77676961792.00 77769842688.00 77862395904.00 77955235840.00 78047985664.00 
78137876480.00 78233247744.00 78323671040.00 78419091456.00 78511177728.00 78603714560.00 78696652800.00 78789328896.00 78881038336.00 78974943232.00 79064104960.00 79159648256.00 79252717568.00 79345516544.00 79438307328.00 79530696704.00 79622930432.00 79713124352.00 79809437696.00 79901876224.00 
79993331712.00 80087351296.00 80179765248.00 80272769024.00 80363118592.00 80458170368.00 80551067648.00 80643874816.00 80735887360.00 80828432384.00 80921247744.00 81014333440.00 81106337792.00 81199546368.00 81292189696.00 81376100352.00 81477419008.00 81569898496.00 81661870080.00 81755717632.00 
81842757632.00 81941012480.00 82033680384.00 82126168064.00 82218909696.00 82311544832.00 82404294656.00 82496643072.00 82588246016.00 82692775936.00 82775605248.00 82868969472.00 82960859136.00 83053608960.00 83146162176.00 83238699008.00 83329351680.00 83424256000.00 83517792256.00 83609649152.00 
83695435776.00 83794993152.00 83887759360.00 83980181504.00 84072513536.00 84165541888.00 84258430976.00 84351074304.00 84443586560.00 84534435840.00 84628742144.00 84721983488.00 84813529088.00 84907048960.00 84999684096.00 85092376576.00 85185060864.00 85278433280.00 85369896960.00 85463531520.00 
85553233920.00 85648744448.00 85741043712.00 85827223552.00 85927190528.00 86018039808.00 86112370688.00 86205071360.00 86295560192.00 86390325248.00 86482239488.00 86575669248.00 86668009472.00 86760669184.00 86853632000.00 86946119680.00 87038517248.00 87131914240.00 87224459264.00 87317069824.00 
87408369664.00 87500832768.00 87595515904.00 87688077312.00 87779696640.00 87873191936.00 87966121984.00 88058986496.00 88151416832.00 88243920896.00 88333533184.00 88429510656.00 88521220096.00 88615321600.00 88707653632.00 88800018432.00 88892850176.00 88985673728.00 89078358016.00 89171075072.00 
89252700160.00 89356664832.00 89448579072.00 89542582272.00 89634373632.00 89726795776.00 89820004352.00 89912426496.00 90004897792.00 90097844224.00 90190200832.00 90283466752.00 90376052736.00 90471112704.00 90561372160.00 90652352512.00 90745929728.00 90839392256.00 90932289536.00 91024703488.00 
91116224512.00 91209981952.00 91302707200.00 91395579904.00 91487764480.00 91580686336.00 91673559040.00 91765112832.00 91858722816.00 91951325184.00 92043550720.00 92136947712.00 92227354624.00 92321873920.00 92414574592.00 92506734592.00 92599230464.00 92691988480.00 92783230976.00 92873056256.00 
92902121472.00 93070032896.00 93159735296.00 93251502080.00 93343506432.00 93435854848.00 93528858624.00 93621780480.00 93712793600.00 93805715456.00 93898465280.00 93992673280.00 94083956736.00 94177288192.00 94269480960.00 94362370048.00 94454554624.00 94548041728.00 94640160768.00 94733017088.00 
94824366080.00 94918172672.00 95011135488.00 95103672320.00 95194251264.00 95287484416.00 95381807104.00 95473909760.00 95567020032.00 95660040192.00 95751921664.00 95845212160.00 95937249280.00 96030720000.00 96122986496.00 96215662592.00 96308510720.00 96398016512.00 96494116864.00 96587153408.00 
96673923072.00 96772014080.00 96864305152.00 96957259776.00 97050296320.00 97142620160.00 97235476480.00 97328455680.00 97420492800.00 97513635840.00 97602961408.00 97698938880.00 97791188992.00 97884946432.00 97977188352.00 98069766144.00 98160410624.00 98255544320.00 98347704320.00 98440765440.00 
98532065280.00 98625724416.00 98718588928.00 98811314176.00 98903506944.00 98996281344.00 99088834560.00 99183353856.00 99274727424.00 99367780352.00 99459612672.00 99552837632.00 99644522496.00 99738140672.00 99830882304.00 99921977344.00 100015964160.00 100110811136.00 100201488384.00 100294467584.00 
100384399360.00 100478992384.00 100572495872.00 100665073664.00 100757577728.00 100850212864.00 100943167488.00 101036179456.00 101126160384.00 101220737024.00 101312765952.00 101415010304.00 101499895808.00 101592285184.00 101684584448.00 101777293312.00 101869854720.00 101963030528.00 102054658048.00 102148341760.00 
102234038272.00 102333710336.00 102426050560.00 102519005184.00 102610845696.00 102704119808.00 102797139968.00 102889734144.00 102982361088.00 103075086336.00 103167074304.00 103257939968.00 103353106432.00 103445831680.00 103538745344.00 103631093760.00 103723728896.00 103816732672.00 103909154816.00 104002027520.00 
104083808256.00 104187478016.00 104280399872.00 104373010432.00 104465408000.00 104549646336.00 104650792960.00 104743649280.00 104835555328.00 104928870400.00 105021079552.00 105114443776.00 105206366208.00 105299640320.00 105392291840.00 105484623872.00 105576620032.00 105670377472.00 105762897920.00 105855623168.00 
105946734592.00 106040377344.00 106131914752.00 106239975424.00 106320551936.00 106412769280.00 106505256960.00 106597941248.00 106690322432.00 106783334400.00 106872250368.00 106968596480.00 107058978816.00 107153899520.00 107246616576.00 107338883072.00 107431641088.00 107524300800.00 107617763328.00 107709833216.00 
107799814144.00 107895373824.00 107987746816.00 108081086464.00 108173115392.00 108265684992.00 108358582272.00 108451733504.00 108543148032.00 108636790784.00 108728893440.00 108822216704.00 108914679808.00 109007527936.00 109100204032.00 109191118848.00 109284548608.00 109378764800.00 109471162368.00 109564018688.00 
109655171072.00 109749059584.00 109842063360.00 109934305280.00 110024884224.00 110119051264.00 110212595712.00 110305370112.00 110397751296.00 110490361856.00 110582726656.00 110675869696.00 110768201728.00 110862925824.00 110953340928.00 111046426624.00 111138996224.00 111231918080.00 111324340224.00 111416770560.00 
111482363904.00 111603761152.00 111695904768.00 111787925504.00 111881043968.00 111973539840.00 112066437120.00 112159219712.00 112251379712.00 112344162304.00 112436625408.00 112529129472.00 112621748224.00 112715603968.00 112807755776.00 112900374528.00 112991117312.00 113085530112.00 113179049984.00 113271382016.00 
113362780160.00 113456734208.00 113549189120.00 113642143744.00 113734451200.00 113825882112.00 113920114688.00 114013347840.00 114105319424.00 114198192128.00 114289729536.00 114386001920.00 114475671552.00 114569224192.00 114661662720.00 114754265088.00 114847162368.00 114939936768.00 115032088576.00 115125288960.00 
115215310848.00 115310690304.00 115403186176.00 115496017920.00 115588382720.00 115681132544.00 115774152704.00 115866558464.00 115957276672.00 116051877888.00 116127408128.00 116237844480.00 116330176512.00 116421992448.00 116515643392.00 116608417792.00 116700577792.00 116793278464.00 116886421504.00 116979056640.00 
117070422016.00 117164425216.00 117257011200.00 117348384768.00 117441781760.00 117535211520.00 117627863040.00 117720793088.00 117813043200.00 117906219008.00 117998108672.00 118091087872.00 118183403520.00 118277431296.00 118369394688.00 118460522496.00 118554705920.00 118648070144.00 118740164608.00 118833192960.00 
118914580480.00 119018496000.00 119110787072.00 119202013184.00 119296458752.00 119388708864.00 119482023936.00 119574519808.00 119666450432.00 119759798272.00 119851646976.00 119944814592.00 120037687296.00 120130682880.00 120222629888.00 120315822080.00 120407654400.00 120501035008.00 120593956864.00 120686919680.00 
120772550656.00 120872255488.00 120964685824.00 121057427456.00 121149489152.00 121242632192.00 121335267328.00 121428066304.00 121520742400.00 121613303808.00 121705660416.00 121798909952.00 121889333248.00 121984335872.00 122076766208.00 122169090048.00 122262061056.00 122354827264.00 122447339520.00 122540457984.00 
122630119424.00 122725425152.00 122817765376.00 122910744576.00 123003101184.00 123094147072.00 123188322304.00 123280834560.00 123372036096.00 123465342976.00 123556782080.00 123648737280.00 123738046464.00 123807752192.00 123946598400.00 124029747200.00 124119990272.00 124212011008.00 124303884288.00 124396437504.00 
124487598080.00 124581363712.00 124673736704.00 124766560256.00 124856934400.00 124951437312.00 125044203520.00 125137059840.00 125229383680.00 125322321920.00 125411295232.00 125507985408.00 125599539200.00 125693149184.00 125785448448.00 125877993472.00 125970939904.00 126063288320.00 126156095488.00 126249066496.00 
126336122880.00 126434525184.00 126526881792.00 126619664384.00 126712193024.00 126804680704.00 126897823744.00 126990213120.00 127082455040.00 127175835648.00 127267889152.00 127360974848.00 127453749248.00 127546671104.00 127639003136.00 127723020288.00 127822364672.00 127916892160.00 128009879552.00 128102416384.00 
128194027520.00 128288161792.00 128380862464.00 128473407488.00 128565346304.00 128658710528.00 128751517696.00 128844365824.00 128936648704.00 129029636096.00 129121435648.00 129214365696.00 129306730496.00 129400209408.00 129493188608.00 129585225728.00 129678295040.00 129771200512.00 129863467008.00 129956208640.00 
130035277824.00 130141929472.00 130234335232.00 130327494656.00 130419761152.00 130512109568.00 130605154304.00 130698051584.00 130788409344.00 130883018752.00 130975252480.00 131068002304.00 131162365952.00 131254198272.00 131346800640.00 131439239168.00 131531743232.00 131624992768.00 131717578752.00 131810033664.00 
131901530112.00 131995295744.00 132088102912.00 132180959232.00 132272578560.00 132364623872.00 132458889216.00 132551499776.00 132643520512.00 132738269184.00 132829323264.00 132922638336.00 133014724608.00 133108219904.00 133201469440.00 133293031424.00 133386289152.00 133478973440.00 133571223552.00 133663981568.00 
133745565696.00 133850144768.00 133942026240.00 134034702336.00 134127116288.00 134220103680.00 134312689664.00 134405586944.00 134497779712.00 134591152128.00 134680043520.00 134776610816.00 134868606976.00 134961479680.00 135053205504.00 135148453888.00 135239401472.00 135332847616.00 135425417216.00 135517872128.00 
135609352192.00 135703461888.00 135795957760.00 135888625664.00 135980982272.00 136073814016.00 136166580224.00 136259796992.00 136352063488.00 136444878848.00 136536956928.00 136630304768.00 136720777216.00 136815312896.00 136909070336.00 136999518208.00 137093611520.00 137186680832.00 137278701568.00 137372418048.00 
137461841920.00 137557016576.00 137649881088.00 137742581760.00 137835102208.00 137927409664.00 138020831232.00 138113302528.00 138204839936.00 138298621952.00 138390716416.00 138483974144.00 138576478208.00 138669293568.00 138762289152.00 138854465536.00 138946789376.00 139039735808.00 139132092416.00 139224268800.00 
139283644416.00 139412635648.00 139504222208.00 139596759040.00 139687280640.00 139781865472.00 139874762752.00 139967447040.00 140059770880.00 140152832000.00 140244746240.00 140337676288.00 140430278656.00 140523175936.00 140616056832.00 140708544512.00 140801245184.00 140893667328.00 140986744832.00 141080608768.00 
141166788608.00 141264814080.00 141357449216.00 141450100736.00 141543849984.00 141634060288.00 141728202752.00 141820952576.00 141913178112.00 142006321152.00 142098694144.00 142192181248.00 142284668928.00 142377123840.00 142469742592.00 142562164736.00 142652932096.00 142747697152.00 142839529472.00 142934343680.00 
143025078272.00 143119269888.00 143211528192.00 143304392704.00 143396552704.00 143489253376.00 143582052352.00 143674949632.00 143767289856.00 143860269056.00 143949398016.00 144043753472.00 144137240576.00 144231219200.00 144323624960.00 144415653888.00 144509665280.00 144601841664.00 144694460416.00 144787243008.00 
144877338624.00 144974872576.00 145065345024.00 145158078464.00 145250353152.00 145342251008.00 145436016640.00 145527914496.00 145619353600.00 145714184192.00 145806213120.00 145899520000.00 145992204288.00 146084691968.00 146177507328.00 146268520448.00 146362761216.00 146455461888.00 146548703232.00 146642108416.00 
146732302336.00 146826379264.00 146919129088.00 147011584000.00 147103629312.00 147197165568.00 147289456640.00 147382534144.00 147474857984.00 147567443968.00 147659931648.00 147753271296.00 147845267456.00 147938459648.00 148031275008.00 148123271168.00 148215742464.00 148308361216.00 148400521216.00 148491223040.00 
148532068352.00 148683833344.00 148774780928.00 148867481600.00 148959133696.00 149051359232.00 149144305664.00 149237006336.00 149329117184.00 149422194688.00 149514338304.00 149607383040.00 149700198400.00 149793226752.00 149884911616.00 149977890816.00 150069854208.00 150161588224.00 150256648192.00 150348054528.00 
150440280064.00 150534258688.00 150627254272.00 150719414272.00 150811852800.00 150896377856.00 150997614592.00 151090348032.00 151183015936.00 151275716608.00 151368237056.00 151461330944.00 151551721472.00 151646420992.00 151739252736.00 151831642112.00 151924080640.00 152017633280.00 152110071808.00 152202641408.00 
152292769792.00 152385994752.00 152480776192.00 152573755392.00 152665849856.00 152758501376.00 152851283968.00 152938889216.00 153036275712.00 153129844736.00 153219072000.00 153314983936.00 153407275008.00 153500467200.00 153592823808.00 153685000192.00 153778241536.00 153871073280.00 153963855872.00 154056638464.00 
154147815424.00 154241613824.00 154334658560.00 154427293696.00 154517782528.00 154611990528.00 154704560128.00 154799980544.00 154890878976.00 154983759872.00 155075657728.00 155169046528.00 155261272064.00 155354202112.00 155446755328.00 155538046976.00 155632254976.00 155724988416.00 155817852928.00 155909423104.00 
155997487104.00 156095889408.00 156188344320.00 156281339904.00 156372500480.00 156466642944.00 156559491072.00 156651864064.00 156744171520.00 156837675008.00 156929310720.00 157022601216.00 157114793984.00 157208330240.00 157300703232.00 157393469440.00 157484023808.00 157581672448.00 157671489536.00 157764632576.00 
157850157056.00 157950050304.00 158041964544.00 158135287808.00 158227136512.00 158320410624.00 158413111296.00 158505107456.00 158598135808.00 158690918400.00 158782914560.00 158876385280.00 158967578624.00 159060393984.00 159147802624.00 159249776640.00 159340920832.00 159433588736.00 159525961728.00 159617990656.00 
159708413952.00 159803899904.00 159896616960.00 159988940800.00 160081494016.00 160172916736.00 160266780672.00 160359792640.00 160450445312.00 160544882688.00 160637206528.00 160730988544.00 160823164928.00 160915963904.00 161008795648.00 161101217792.00 161193607168.00 161286455296.00 161379254272.00 161470676992.00 
161563754496.00 161657241600.00 161750351872.00 161842528256.00 161934540800.00 162027995136.00 162120663040.00 162213642240.00 162306097152.00 162398863360.00 162474278912.00 162584297472.00 162676555776.00 162769895424.00 162862219264.00 162954952704.00 163047178240.00 163139764224.00 163233267712.00 163325886464.00 
163407462400.00 163510861824.00 163603988480.00 163696623616.00 163789291520.00 163882106880.00 163974594560.00 164067475456.00 164159881216.00 164252647424.00 164344987648.00 164438769664.00 164530651136.00 164623564800.00 164716052480.00 164806950912.00 164900093952.00 164992909312.00 165091934208.00 165180538880.00 
165271748608.00 165365383168.00 165458247680.00 165550669824.00 165642829824.00 165735809024.00 165828657152.00 165921243136.00 166013796352.00 166106791936.00 166198951936.00 166291865600.00 166382649344.00 166476349440.00 166570328064.00 166662586368.00 166755876864.00 166848036864.00 166940868608.00 167033421824.00 
167112327168.00 167219249152.00 167311671296.00 167404503040.00 167497318400.00 167589527552.00 167682244608.00 167775338496.00 167866482688.00 167960494080.00 168052637696.00 168145862656.00 168238579712.00 168331296768.00 168424013824.00 168516239360.00 168608677888.00 168701591552.00 168790622208.00 168888270848.00 
168979316736.00 169072902144.00 169165897728.00 169258254336.00 169348775936.00 169442197504.00 169535815680.00 169628991488.00 169721528320.00 169814818816.00 169906487296.00 170000285696.00 170091905024.00 170185097216.00 170278076416.00 170370170880.00 170462806016.00 170555916288.00 170649075712.00 170741366784.00 
170828267520.00 170926325760.00 171019239424.00 171111825408.00 171204640768.00 171296849920.00 171386732544.00 171483529216.00 171575345152.00 171668226048.00 171757371392.00 171853643776.00 171946491904.00 172038995968.00 172131647488.00 172223922176.00 172314968064.00 172409094144.00 172502679552.00 172595167232.00 
172686376960.00 172780666880.00 172872876032.00 172964839424.00 173058031616.00 173150978048.00 173243482112.00 173337886720.00 173429342208.00 173522485248.00 173614235648.00 173708279808.00 173799096320.00 173892534272.00 173985529856.00 174069743616.00 174170980352.00 174263566336.00 174356054016.00 174448869376.00 
174538833920.00 174634434560.00 174725988352.00 174820098048.00 174912389120.00 175004893184.00 175097610240.00 175190540288.00 175281111040.00 175376482304.00 175468118016.00 175561572352.00 175653732352.00 175746318336.00 175839248384.00 175932719104.00 176024453120.00 176117547008.00 176209969152.00 176303521792.00 
176388980736.00 176489070592.00 176580837376.00 176673488896.00 176764796928.00 176859676672.00 176951721984.00 177044865024.00 177137074176.00 177229414400.00 177321820160.00 177415241728.00 177507352576.00 177596547072.00 177693376512.00 177785880576.00 177878663168.00 177971363840.00 178063982592.00 178156388352.00 
178238373888.00 178342346752.00 178434719744.00 178527240192.00 178619662336.00 178711199744.00 178807062528.00 178897633280.00 178990432256.00 179083673600.00 179175587840.00 179265798144.00 179361792000.00 179454345216.00 179546800128.00 179639435264.00 179731644416.00 179824951296.00 179917586432.00 180010319872.00 
180101890048.00 180195606528.00 180288389120.00 180381614080.00 180473659392.00 180566409216.00 180660273152.00 180751925248.00 180844281856.00 180937474048.00 181026570240.00 181122498560.00 181213511680.00 181307817984.00 181400387584.00 181493170176.00 181585969152.00 181678882816.00 181771354112.00 181864251392.00 
181954134016.00 182049554432.00 182142255104.00 182235185152.00 182327083008.00 182420111360.00 182512615424.00 182605873152.00 182697132032.00 182791127040.00 182882926592.00 182975201280.00 183068721152.00 183161536512.00 183253811200.00 183345168384.00 183439245312.00 183531159552.00 183624384512.00 183717707776.00 
183808819200.00 183902863360.00 183995793408.00 184087789568.00 184178343936.00 184272912384.00 184365547520.00 184458199040.00 184550457344.00 184643534848.00 184735154176.00 184828395520.00 184920276992.00 185012994048.00 185105252352.00 185196904448.00 185288228864.00 185379471360.00 185467977728.00 185549225984.00 
185525731328.00 185781059584.00 185862062080.00 185951141888.00 186041384960.00 186132955136.00 186224754688.00 186317160448.00 186408960000.00 186501775360.00 186593591296.00 186686947328.00 186779222016.00 186871955456.00 186964574208.00 187056701440.00 187147419648.00 187242217472.00 187334426624.00 187427323904.00 
187518713856.00 187612659712.00 187705737216.00 187799093248.00 187889926144.00 187981594624.00 188076212224.00 188168634368.00 188260925440.00 188355379200.00 188446228480.00 188539371520.00 188630941696.00 188724527104.00 188817358848.00 188909404160.00 189002350592.00 189095198720.00 189188128768.00 189280681984.00 
189370613760.00 189466017792.00 189558751232.00 189651386368.00 189743759360.00 189836460032.00 189929488384.00 190022254592.00 190112710656.00 190207950848.00 190296883200.00 190392729600.00 190485331968.00 190578130944.00 190669619200.00 190763057152.00 190855888896.00 190948229120.00 191041781760.00 191134367744.00 
191225397248.00 191319900160.00 191412240384.00 191505301504.00 191596724224.00 191690588160.00 191783108608.00 191875907584.00 191968165888.00 192064274432.00 192153288704.00 192246415360.00 192338673664.00 192432521216.00 192522993664.00 192615890944.00 192710066176.00 192803028992.00 192895352832.00 192988233728.00 
193069531136.00 193173766144.00 193266139136.00 193358741504.00 193451212800.00 193543864320.00 193636892672.00 193733476352.00 193821900800.00 193914896384.00 194007252992.00 194100772864.00 194192850944.00 194285256704.00 194378219520.00 194469986304.00 194563031040.00 194656698368.00 194748891136.00 194841133056.00 
194927820800.00 195026403328.00 195119874048.00 195212591104.00 195304931328.00 195396927488.00 195490709504.00 195583918080.00 195675947008.00 195768647680.00 195861004288.00 195953803264.00 196044980224.00 196139302912.00 196232298496.00 196324851712.00 196417388544.00 196510072832.00 196603527168.00 196695932928.00 
196786094080.00 196881416192.00 196973805568.00 197066555392.00 197158944768.00 197243420672.00 197344559104.00 197437734912.00 197529059328.00 197621727232.00 197714837504.00 197807652864.00 197900320768.00 197992251392.00 198086721536.00 198178766848.00 198271041536.00 198365216768.00 198457081856.00 198549504000.00 
198640828416.00 198735167488.00 198827442176.00 198921191424.00 199010762752.00 199105642496.00 199198081024.00 199291289600.00 199383580672.00 199476445184.00 199565639680.00 199661797376.00 199753777152.00 199846641664.00 199943471104.00 200032829440.00 200125284352.00 200218296320.00 200310947840.00 200403730432.00 
200490614784.00 200588935168.00 200681144320.00 200774221824.00 200867053568.00 200959098880.00 201052110848.00 201145352192.00 201236938752.00 201330147328.00 201422454784.00 201515581440.00 201608216576.00 201701163008.00 201794387968.00 201884762112.00 201977053184.00 202071982080.00 202164436992.00 202257154048.00 
202348675072.00 202441932800.00 202539302912.00 202628562944.00 202720575488.00 202813472768.00 202906042368.00 202998808576.00 203091247104.00 203184439296.00 203276107776.00 203369660416.00 203461378048.00 203555094528.00 203647795200.00 203740151808.00 203832524800.00 203925536768.00 204018106368.00 204110888960.00 
204189941760.00 204296732672.00 204389105664.00 204481970176.00 204573966336.00 204667060224.00 204759957504.00 204853559296.00 204943261696.00 205038583808.00 205129826304.00 205223477248.00 205315850240.00 205408813056.00 205501333504.00 205593985024.00 205686210560.00 205779419136.00 205872005120.00 205964754944.00 
206055833600.00 206149697536.00 206237827072.00 206337163264.00 206428012544.00 206519943168.00 206614118400.00 206706573312.00 206799077376.00 206891548672.00 206984085504.00 207077687296.00 207169732608.00 207262892032.00 207355281408.00 207447441408.00 207540912128.00 207633448960.00 207725985792.00 207819227136.00 
207900655616.00 208004415488.00 208096854016.00 208190373888.00 208282779648.00 208374923264.00 208467755008.00 208560177152.00 208652484608.00 208745627648.00 208821288960.00 208931471360.00 209023647744.00 209116659712.00 209209589760.00 209301585920.00 209393369088.00 209487527936.00 209579474944.00 209672814592.00 
209764204544.00 209859264512.00 209950801920.00 210043502592.00 210135465984.00 210228428800.00 210321096704.00 210414354432.00 210506678272.00 210599116800.00 210691489792.00 210784976896.00 210875514880.00 210970476544.00 211062964224.00 211154223104.00 211248414720.00 211341148160.00 211433668608.00 211526074368.00 
211616464896.00 211712589824.00 211804061696.00 211896926208.00 211988955136.00 212080230400.00 212182089728.00 212269432832.00 212360691712.00 212453982208.00 212546076672.00 212639301632.00 212731723776.00 212824981504.00 212917059584.00 213009235968.00 213102149632.00 213194932224.00 213288189952.00 213380644864.00 
213466300416.00 213565800448.00 213658353664.00 213748596736.00 213841756160.00 213936111616.00 214029369344.00 214122184704.00 214214852608.00 214308012032.00 214399516672.00 214492364800.00 214585212928.00 214678437888.00 214770728960.00 214862888960.00 214957260800.00 215049060352.00 215141482496.00 215234412544.00 
215321509888.00 215420551168.00 215512498176.00 215605411840.00 215697719296.00 215788699648.00 215883333632.00 215976099840.00 216068128768.00 216160976896.00 216253349888.00 216346705920.00 216438702080.00 216530272256.00 216625479680.00 216717459456.00 216808275968.00 216902762496.00 216995463168.00 217088589824.00 
217179701248.00 217273548800.00 217366069248.00 217459163136.00 217551257600.00 217644695552.00 217736904704.00 217829523456.00 217922420736.00 218015023104.00 218104217600.00 218200457216.00 218291765248.00 218391379968.00 218478723072.00 218571374592.00 218663796736.00 218756579328.00 218849345536.00 218944438272.00 
219032010752.00 219127414784.00 219219886080.00 219312963584.00 219406041088.00 219498135552.00 219591016448.00 219683635200.00 219774091264.00 219868987392.00 219960885248.00 220054405120.00 220146679808.00 220239560704.00 220332605440.00 220416278528.00 220517236736.00 220610740224.00 220702769152.00 220795846656.00 
220887171072.00 220982181888.00 221073555456.00 221168418816.00 221258334208.00 221351657472.00 221445439488.00 221536763904.00 221629513728.00 221722918912.00 221814882304.00 221907746816.00 222000021504.00 222093066240.00 222185750528.00 222278025216.00 222370676736.00 222462656512.00 222555324416.00 222646157312.00 
222686658560.00 222838947840.00 222929469440.00 223021678592.00 223113822208.00 223206162432.00 223298813952.00 223391481856.00 223483854848.00 223576883200.00 223669190656.00 223762628608.00 223855067136.00 223947751424.00 224040697856.00 224132710400.00 224224739328.00 224318619648.00 224411009024.00 224503791616.00 
224595181568.00 224688111616.00 224781484032.00 224874364928.00 224966377472.00 225058111488.00 225152745472.00 225245593600.00 225337720832.00 225430929408.00 225522925568.00 225615921152.00 225706426368.00 225802125312.00 225893892096.00 225987362816.00 226079440896.00 226172223488.00 226264842240.00 226355380224.00 
226447507456.00 226542649344.00 226635792384.00 226728525824.00 226820079616.00 226913845248.00 227006513152.00 227098853376.00 227190833152.00 227286204416.00 227373776896.00 227469852672.00 227562520576.00 227655319552.00 227748118528.00 227840360448.00 227932733440.00 228025794560.00 228118626304.00 228210900992.00 
228302520320.00 228395778048.00 228490756096.00 228582375424.00 228672880640.00 228767367168.00 228860149760.00 228953145344.00 229044961280.00 229138219008.00 229230362624.00 229323915264.00 229416304640.00 229509300224.00 229601886208.00 229692473344.00 229785829376.00 229880070144.00 229972459520.00 230065504256.00 
230152486912.00 230249988096.00 230343376896.00 230436618240.00 230528466944.00 230621118464.00 230713982976.00 230807093248.00 230899040256.00 230992461824.00 231084195840.00 231177568256.00 231270170624.00 231362969600.00 231455129600.00 231547518976.00 231638597632.00 231733362688.00 231825620992.00 231917469696.00 
231976878080.00 232105558016.00 232198045696.00 232290664448.00 232382480384.00 232475033600.00 232567717888.00 232660697088.00 232753217536.00 232846573568.00 232938323968.00 233031581696.00 233123086336.00 233216688128.00 233309421568.00 233401860096.00 233494970368.00 233587392512.00 233680093184.00 233773121536.00 
233863004160.00 233957916672.00 234051223552.00 234143531008.00 234236297216.00 234327310336.00 234421420032.00 234514890752.00 234605281280.00 234699931648.00 234791927808.00 234885201920.00 234977574912.00 235070554112.00 235163353088.00 235255660544.00 235348180992.00 235441700864.00 235534401536.00 235626676224.00 
235718279168.00 235812356096.00 235904516096.00 235997249536.00 236088868864.00 236181159936.00 236276957184.00 236368674816.00 236461096960.00 236553437184.00 236643139584.00 236739444736.00 236831473664.00 236924305408.00 237017382912.00 237109608448.00 237202702336.00 237295124480.00 237387907072.00 237480132608.00 
237562413056.00 237666172928.00 237759070208.00 237851377664.00 237943504896.00 238036434944.00 238128513024.00 238222262272.00 238314405888.00 238407467008.00 238499282944.00 238591983616.00 238686404608.00 238778728448.00 238871035904.00 238962294784.00 239055568896.00 239149219840.00 239242117120.00 239334752256.00 
239425699840.00 239520055296.00 239612248064.00 239705014272.00 239797469184.00 239890251776.00 239983296512.00 240075964416.00 240167534592.00 240262266880.00 240353755136.00 240447340544.00 240537468928.00 240632266752.00 240724869120.00 240817422336.00 240910270464.00 241002725376.00 241095884800.00 241188208640.00 
241267097600.00 241374052352.00 241466605568.00 241559076864.00 241651728384.00 241744052224.00 241836998656.00 241929961472.00 242021367808.00 242115788800.00 242207391744.00 242301009920.00 242393038848.00 242485985280.00 242578440192.00 242670862336.00 242763956224.00 242857099264.00 242949226496.00 243041959936.00 
243133612032.00 243227754496.00 243320111104.00 243413598208.00 243503415296.00 243589890048.00 243690946560.00 243783991296.00 243876397056.00 243969425408.00 244061224960.00 244154449920.00 244246790144.00 244339867648.00 244432191488.00 244525137920.00 244617658368.00 244710440960.00 244803158016.00 244895776768.00 
244983431168.00 245081260032.00 245173944320.00 245266743296.00 245358673920.00 245451603968.00 245544304640.00 245637054464.00 245729607680.00 245822160896.00 245911928832.00 246008004608.00 246100508672.00 246193127424.00 246285828096.00 246378184704.00 246469033984.00 246563667968.00 246656188416.00 246748872704.00 
246840164352.00 246933602304.00 247025778688.00 247118184448.00 247209590784.00 247299850240.00 247383556096.00 247522246656.00 247591763968.00 247681335296.00 247772069888.00 247864737792.00 247955963904.00 248049516544.00 248141774848.00 248232607744.00 248326504448.00 248419434496.00 248512495616.00 248604573696.00 
248694833152.00 248789712896.00 248882626560.00 248975245312.00 249067585536.00 249160450048.00 249253724160.00 249345638400.00 249436831744.00 249531678720.00 249623396352.00 249716867072.00 249809059840.00 249902055424.00 249994608640.00 250087129088.00 250179665920.00 250272792576.00 250365575168.00 250457899008.00 
250543816704.00 250643447808.00 250736066560.00 250829176832.00 250920419328.00 251013791744.00 251107246080.00 251199504384.00 251291992064.00 251385085952.00 251476918272.00 251570372608.00 251662598144.00 251755577344.00 251847868416.00 251940831232.00 252033449984.00 252128116736.00 252219195392.00 252311945216.00 
252393373696.00 252496920576.00 252589916160.00 252682256384.00 252774973440.00 252866314240.00 252960473088.00 253053206528.00 253145661440.00 253239050240.00 253330587648.00 253423894528.00 253516890112.00 253609525248.00 253701963776.00 253794451456.00 253886119936.00 253981966336.00 254072930304.00 254165762048.00 
254256939008.00 254351376384.00 254443683840.00 254537072640.00 254628560896.00 254721359872.00 254814683136.00 254908121088.00 254999658496.00 255092244480.00 255168036864.00 255278284800.00 255368593408.00 255463473152.00 255555944448.00 255648530432.00 255741067264.00 255834046464.00 255926878208.00 256019546112.00 
256109838336.00 256204816384.00 256297926656.00 256390119424.00 256482869248.00 256575242240.00 256668516352.00 256760905728.00 256851918848.00 256944062464.00 257039122432.00 257132134400.00 257224474624.00 257316782080.00 257409957888.00 257501036544.00 257594867712.00 257688190976.00 257780875264.00 257873641472.00 
257964572672.00 258058747904.00 258151137280.00 258244689920.00 258334687232.00 258429059072.00 258522284032.00 258614575104.00 258707898368.00 258801156096.00 258892349440.00 258986049536.00 259077799936.00 259171090432.00 259263922176.00 259356131328.00 259448602624.00 259542204416.00 259634167808.00 259726671872.00 
259792420864.00 259913367552.00 260005429248.00 260098146304.00 260190650368.00 260283138048.00 260376772608.00 260467343360.00 260560994304.00 260654645248.00 260746133504.00 260839833600.00 260932042752.00 261024808960.00 261117575168.00 261210652672.00 261301026816.00 261395693568.00 261487771648.00 261581176832.00 
261672550400.00 261766234112.00 261858705408.00 261951275008.00 262044581888.00 262135873536.00 262229966848.00 262322880512.00 262415237120.00 262507986944.00 262599933952.00 262693601280.00 262784827392.00 262878707712.00 262971817984.00 263064158208.00 263156318208.00 263249494016.00 263342129152.00 263434895360.00 
263524761600.00 263620231168.00 263712473088.00 263805943808.00 263898038272.00 263990886400.00 264083324928.00 264176467968.00 264266809344.00 264361656320.00 264450801664.00 264547188736.00 264639594496.00 264732295168.00 264824897536.00 264916926464.00 265008693248.00 265090138112.00 265198288896.00 265289695232.00 
265380577280.00 265474506752.00 265567027200.00 265659793408.00 265751429120.00 265845047296.00 265937944576.00 266030465024.00 266123526144.00 266215800832.00 266307715072.00 266401316864.00 266493575168.00 266586783744.00 266679009280.00 266763010048.00 266864312320.00 266957111296.00 267050188800.00 267142922240.00 
267224285184.00 267328045056.00 267421122560.00 267513331712.00 267605835776.00 267698421760.00 267791368192.00 267884134400.00 267975983104.00 268072468480.00 268161941504.00 268254609408.00 268347604992.00 268440485888.00 268532695040.00 268625412096.00 268717244416.00 268811304960.00 268904202240.00 268996231168.00 
269082263552.00 269181796352.00 269275217920.00 269367427072.00 269459456000.00 269552173056.00 269645479936.00 269737852928.00 269830012928.00 269915029504.00 270016135168.00 270109589504.00 270199816192.00 270294581248.00 270386970624.00 270479294464.00 270572109824.00 270664876032.00 270757249024.00 270851211264.00 
270940438528.00 271035580416.00 271128756224.00 271219376128.00 271313616896.00 271404711936.00 271499100160.00 271592210432.00 271683649536.00 271777366016.00 271869116416.00 271962341376.00 272054829056.00 272147021824.00 272241639424.00 272333635584.00 272425779200.00 272518643712.00 272611442688.00 272704634880.00 
272795664384.00 272889184256.00 272982310912.00 273074716672.00 273165729792.00 273259921408.00 273352654848.00 273445158912.00 273538596864.00 273630969856.00 273720508416.00 273816518656.00 273908826112.00 274001575936.00 274094800896.00 274187059200.00 274279432192.00 274373066752.00 274465554432.00 274558124032.00 
274645417984.00 274742935552.00 274835931136.00 274932006912.00 275021332480.00 275113836544.00 275206963200.00 275299434496.00 275392036864.00 275484966912.00 275576913920.00 275670368256.00 275763101696.00 275856097280.00 275948273664.00 276039598080.00 276131676160.00 276226179072.00 276319272960.00 276412039168.00 
276503199744.00 276597211136.00 276689944576.00 276782186496.00 276874493952.00 276967391232.00 277060747264.00 277152923648.00 277245755392.00 277337407488.00 277430534144.00 277524414464.00 277615476736.00 277708275712.00 277800910848.00 277893578752.00 277986017280.00 278078881792.00 278170370048.00 278260154368.00 
278289088512.00 278457122816.00 278546644992.00 278638493696.00 278730440704.00 278823043072.00 278915645440.00 279008346112.00 279098785792.00 279193321472.00 279285596160.00 279379116032.00 279471030272.00 279565172736.00 279656562688.00 279748935680.00 279841570816.00 279934992384.00 280027398144.00 280120393728.00 
280211324928.00 280305336320.00 280397578240.00 280490508288.00 280582225920.00 280674435072.00 280768643072.00 280859213824.00 280953880576.00 281046974464.00 281138855936.00 281232146432.00 281324093440.00 281417547776.00 281509953536.00 281602719744.00 281695354880.00 281787629568.00 281881378816.00 281973686272.00 
282055278592.00 282158989312.00 282251591680.00 282344521728.00 282436894720.00 282529824768.00 282622558208.00 282715095040.00 282807894016.00 282900299776.00 282989821952.00 283086290944.00 283178434560.00 283271069696.00 283363868672.00 283456176128.00 283548516352.00 283642331136.00 283734638592.00 283829436416.00 
283919384576.00 284013559808.00 284105768960.00 284198535168.00 284290744320.00 284383641600.00 284476243968.00 284569731072.00 284661678080.00 284754444288.00 284846456832.00 284940140544.00 285030187008.00 285124984832.00 285217488896.00 285308780544.00 285402693632.00 285503094784.00 285589110784.00 285681680384.00 
285771464704.00 285866786816.00 285960634368.00 286051926016.00 286144724992.00 286237556736.00 286330519552.00 286423023616.00 286514806784.00 286608162816.00 286700273664.00 286795726848.00 286886199296.00 286979129344.00 287071371264.00 287163973632.00 287256346624.00 287349669888.00 287442337792.00 287535071232.00 
287620890624.00 287720308736.00 287812059136.00 287905906688.00 287996739584.00 288090816512.00 288183975936.00 288276414464.00 288368852992.00 288461357056.00 288552976384.00 288637353984.00 288741326848.00 288833372160.00 288925515776.00 289018118144.00 289110753280.00 289204273152.00 289296449536.00 289389445120.00 
289476214784.00 289574453248.00 289668366336.00 289760346112.00 289852424192.00 289936539648.00 290037694464.00 290130755584.00 290222800896.00 290315698176.00 290407710720.00 290501525504.00 290593898496.00 290686468096.00 290778939392.00 290871541760.00 290962669568.00 291057795072.00 291150233600.00 291242901504.00 
291334225920.00 291428499456.00 291520446464.00 291617046528.00 291706011648.00 291798745088.00 291891544064.00 291984736256.00 292077076480.00 292170465280.00 292258775040.00 292355211264.00 292446765056.00 292540940288.00 292633182208.00 292725719040.00 292818616320.00 292910891008.00 293006376960.00 293096718336.00 
293186666496.00 293282316288.00 293374984192.00 293467389952.00 293559992320.00 293652660224.00 293745229824.00 293838684160.00 293928960000.00 294023987200.00 294116032512.00 294209093632.00 294301499392.00 294394822656.00 294487293952.00 294578225152.00 294671679488.00 294765428736.00 294857768960.00 294950895616.00 
295042154496.00 295135707136.00 295228735488.00 295321206784.00 295413088256.00 295506149376.00 295599308800.00 295692828672.00 295784513536.00 295876886528.00 295969456128.00 296061665280.00 296154791936.00 296248180736.00 296340291584.00 296432893952.00 296525529088.00 296618065920.00 296709947392.00 296801140736.00 
296841674752.00 296993783808.00 297084551168.00 297176432640.00 297268576256.00 297360883712.00 297454338048.00 297546678272.00 297638854656.00 297731784704.00 297823666176.00 297916989440.00 298009657344.00 298102390784.00 298195189760.00 298287562752.00 298379378688.00 298473095168.00 298565697536.00 298658693120.00 
298749886464.00 298843963392.00 298936238080.00 299029168128.00 299121770496.00 299213094912.00 299307696128.00 299399938048.00 299492442112.00 299585470464.00 299677417472.00 299771789312.00 299861475328.00 299956469760.00 300047564800.00 300141215744.00 300234211328.00 300327337984.00 300417581056.00 300512313344.00 
300602458112.00 300697780224.00 300790185984.00 300882919424.00 300975620096.00 301068288000.00 301160988672.00 301253820416.00 301345439744.00 301439156224.00 301514686464.00 301625409536.00 301717618688.00 301809991680.00 301902495744.00 301995098112.00 302087897088.00 302180958208.00 302273069056.00 302365573120.00 
302457815040.00 302551793664.00 302644133888.00 302736637952.00 302827438080.00 302922072064.00 303014576128.00 303107538944.00 303200337920.00 303292841984.00 303385051136.00 303478538240.00 303569862656.00 303666397184.00 303756935168.00 303847899136.00 303942107136.00 304034807808.00 304127279104.00 304220241920.00 
304307404800.00 304405446656.00 304497197056.00 304590323712.00 304683515904.00 304775593984.00 304869179392.00 304961519616.00 305053827072.00 305147543552.00 305239228416.00 305331994624.00 305424662528.00 305517559808.00 305607704576.00 305703190528.00 305793826816.00 305888919552.00 305981423616.00 306074189824.00 
306159648768.00 306259427328.00 306351702016.00 306444238848.00 306536382464.00 306629869568.00 306722734080.00 306815795200.00 306907840512.00 307000344576.00 307092619264.00 307185680384.00 307277856768.00 307371671552.00 307464175616.00 307556745216.00 307649282048.00 307741491200.00 307835240448.00 307927515136.00 
308017659904.00 308113047552.00 308205060096.00 308297990144.00 308391116800.00 308482015232.00 308576092160.00 308668727296.00 308759363584.00 308854128640.00 308945616896.00 309038907392.00 309130985472.00 309218017280.00 309321990144.00 309412134912.00 309503885312.00 309596880896.00 309689384960.00 309782380544.00 
309873573888.00 309967749120.00 310059925504.00 310152888320.00 310244442112.00 310337863680.00 310430564352.00 310523494400.00 310615834624.00 310708961280.00 310798352384.00 310894034944.00 310986407936.00 311079665664.00 311172333568.00 311265165312.00 311357407232.00 311450075136.00 311542317056.00 311635607552.00 
311716577280.00 311820910592.00 311913545728.00 312006344704.00 312098652160.00 312191385600.00 312284512256.00 312376819712.00 312468504576.00 312562810880.00 312654594048.00 312748343296.00 312840257536.00 312932990976.00 313025691648.00 313109970944.00 313210175488.00 313303793664.00 313396953088.00 313489555456.00 
313580584960.00 313674956800.00 313767428096.00 313860096000.00 313951158272.00 314046382080.00 314138099712.00 314231160832.00 314323533824.00 314416627712.00 314508410880.00 314601209856.00 314691944448.00 314787201024.00 314881245184.00 314972471296.00 315064647680.00 315158298624.00 315250671616.00 315343110144.00 
315422441472.00 315528937472.00 315621539840.00 315715452928.00 315806253056.00 315899281408.00 315992080384.00 316084518912.00 316176531456.00 316270182400.00 316362227712.00 316455550976.00 316548415488.00 316640952320.00 316733095936.00 316826025984.00 316918300672.00 317011099648.00 317104095232.00 317197484032.00 
317288284160.00 317382262784.00 317475028992.00 317567139840.00 317658038272.00 317750968320.00 317844750336.00 317937778688.00 318027464704.00 318128193536.00 318217355264.00 318309826560.00 318401970176.00 318495522816.00 318587830272.00 318680399872.00 318773133312.00 318865506304.00 318958075904.00 319051300864.00 
319138201600.00 319236833280.00 319329435648.00 319421579264.00 319514345472.00 319606882304.00 319699353600.00 319792250880.00 319884460032.00 319978274816.00 320067469312.00 320164954112.00 320255459328.00 320349700096.00 320441188352.00 320534249472.00 320624492544.00 320719323136.00 320811958272.00 320904560640.00 
320996048896.00 321090781184.00 321182892032.00 321275559936.00 321368031232.00 321460502528.00 321553170432.00 321647411200.00 321739063296.00 321831501824.00 321924005888.00 322017427456.00 322108620800.00 322202533888.00 322295365632.00 322385969152.00 322480308224.00 322573467648.00 322665447424.00 322758803456.00 
322848948224.00 322944040960.00 323036348416.00 323130064896.00 323222568960.00 323314647040.00 323407511552.00 323499982848.00 323590717440.00 323685646336.00 323777429504.00 323871277056.00 323963060224.00 324056809472.00 324149182464.00 324241227776.00 324333961216.00 324426301440.00 324519526400.00 324610752512.00 
324670619648.00 324799332352.00 324890918912.00 324984078336.00 325075075072.00 325168693248.00 325261099008.00 325354225664.00 325446926336.00 325539921920.00 325631574016.00 325724700672.00 325816778752.00 325910167552.00 326002737152.00 326095372288.00 326188466176.00 326281068544.00 326373474304.00 326466666496.00 
326548029440.00 326651772928.00 326744309760.00 326837010432.00 326930071552.00 327020904448.00 327115112448.00 327207583744.00 327300055040.00 327392788480.00 327486341120.00 327579303936.00 327671152640.00 327764344832.00 327856750592.00 327949189120.00 328041037824.00 328134688768.00 328226996224.00 328320483328.00 
328411774976.00 328507195392.00 328598290432.00 328691417088.00 328783331328.00 328876097536.00 328969322496.00 329061400576.00 329154297856.00 329247064064.00 329336127488.00 329432039424.00 329522970624.00 329617866752.00 329709813760.00 329801170944.00 329898262528.00 329989849088.00 330081402880.00 330174595072.00 
330264543232.00 330359767040.00 330452303872.00 330544775168.00 330637803520.00 330730176512.00 330822975488.00 330915479552.00 331007524864.00 331101470720.00 331193483264.00 331286740992.00 331378753536.00 331471618048.00 331564384256.00 331655643136.00 331749654528.00 331842945024.00 331934892032.00 332032704512.00 
332119474176.00 332213551104.00 332305989632.00 332398952448.00 332489326592.00 332583698432.00 332676661248.00 332769951744.00 332862390272.00 332954763264.00 333046841344.00 333140393984.00 333232668672.00 333325697024.00 333418266624.00 333510868992.00 333603471360.00 333696565248.00 333788839936.00 333881180160.00 
333946322944.00 334068023296.00 334160396288.00 334252834816.00 334345306112.00 334437941248.00 334530576384.00 334623932416.00 334715584512.00 334808809472.00 334901084160.00 334994079744.00 335086780416.00 335180300288.00 335272443904.00 335364554752.00 335455158272.00 335549792256.00 335643148288.00 335731982336.00 
335827599360.00 335921119232.00 336013787136.00 336106192896.00 336198959104.00 336283402240.00 336384163840.00 336477159424.00 336570253312.00 336662462464.00 336754671616.00 336848453632.00 336939122688.00 337033035776.00 337125933056.00 337217847296.00 337309171712.00 337405378560.00 337496866816.00 337589895168.00 
337679843328.00 337774673920.00 337867440128.00 337960075264.00 338052841472.00 338145574912.00 338237882368.00 338329665536.00 338421448704.00 338516738048.00 338606063616.00 338701647872.00 338793529344.00 338887671808.00 338979979264.00 339072450560.00 339164954624.00 339257458688.00 339351109632.00 339443056640.00 
339534413824.00 339627081728.00 339721879552.00 339813826560.00 339905708032.00 339998670848.00 340091502592.00 340186759168.00 340277952512.00 340370653184.00 340462075904.00 340555988992.00 340648034304.00 340741062656.00 340833894400.00 340924694528.00 341019164672.00 341111209984.00 341204500480.00 341297201152.00 
341378564096.00 341483323392.00 341575041024.00 341668134912.00 341760573440.00 341852717056.00 341946138624.00 342038642688.00 342131015680.00 342224175104.00 342316023808.00 342409445376.00 342500442112.00 342595600384.00 342688169984.00 342779953152.00 342871998464.00 342966566912.00 343058153472.00 343150985216.00 
343236870144.00 343336648704.00 343429382144.00 343521984512.00 343614849024.00 343707254784.00 343799988224.00 343892230144.00 343985258496.00 344077893632.00 344170037248.00 344263458816.00 344353832960.00 344447811584.00 344539889664.00 344634458112.00 344726863872.00 344819826688.00 344912166912.00 345005260800.00 
345094914048.00 345190924288.00 345283035136.00 345375342592.00 345467355136.00 345559629824.00 345653477376.00 345746145280.00 345838223360.00 345932496896.00 346024214528.00 346117242880.00 346209583104.00 346301464576.00 346395574272.00 346488078336.00 346580385792.00 346673446912.00 346766147584.00 346858684416.00 
346950139904.00 347043430400.00 347138523136.00 347229585408.00 347320254464.00 347414396928.00 347506540544.00 347600257024.00 347692433408.00 347785527296.00 347861450752.00 347971715072.00 348063596544.00 348156231680.00 348249358336.00 348341174272.00 348434235392.00 348526936064.00 348619898880.00 348712402944.00 
348799991808.00 348898033664.00 348990767104.00 349083435008.00 349175316480.00 349269655552.00 349361569792.00 349455056896.00 349546250240.00 349639409664.00 349731880960.00 349825040384.00 349917642752.00 350010212352.00 350102618112.00 350194335744.00 350285955072.00 350380752896.00 350475026432.00 350566350848.00 
350658265088.00 350751981568.00 350844551168.00 350937251840.00 351029657600.00 351123111936.00 351215124480.00 351308382208.00 351400230912.00 351492800512.00 351586254848.00 351678922752.00 351770640384.00 351864356864.00 351957188608.00 352049561600.00 352142098432.00 352235388928.00 352327696384.00 352420823040.00 
352499073024.00 352606027776.00 352698826752.00 352791068672.00 352883867648.00 352976404480.00 353068875776.00 353161478144.00 353251688448.00 353347043328.00 353439645696.00 353532739584.00 353625178112.00 353718042624.00 353811333120.00 353902559232.00 353995948032.00 354089566208.00 354180333568.00 354273689600.00 
354365341696.00 354460041216.00 354552152064.00 354643869696.00 354736635904.00 354828582912.00 354920923136.00 355016081408.00 355108356096.00 355201155072.00 355293528064.00 355387637760.00 355478896640.00 355571302400.00 355664723968.00 355757129728.00 355849764864.00 355942465536.00 356035100672.00 356128161792.00 
356209524736.00 356313399296.00 356406231040.00 356498440192.00 356591075328.00 356683874304.00 356775985152.00 356870029312.00 356961779712.00 357054316544.00 357144199168.00 357239783424.00 357333565440.00 357425905664.00 357518082048.00 357610815488.00 357702533120.00 357795233792.00 357889441792.00 357981847552.00 
358073171968.00 358167085056.00 358257917952.00 358352715776.00 358444924928.00 358537625600.00 358630621184.00 358723223552.00 358815793152.00 358908624896.00 359000899584.00 359097171968.00 359184334848.00 359278280704.00 359371702272.00 359456112640.00 359557267456.00 359650426880.00 359743127552.00 359835828224.00 
359925415936.00 360021032960.00 360112947200.00 360206073856.00 360298250240.00 360391213056.00 360484306944.00 360577007616.00 360668626944.00 360762834944.00 360854454272.00 360947941376.00 361040773120.00 361133637632.00 361225682944.00 361318252544.00 361410625536.00 361504243712.00 361596747776.00 361689481216.00 
361775333376.00 361875013632.00 361966960640.00 362059825152.00 362150887424.00 362244833280.00 362337665024.00 362433019904.00 362522640384.00 362615537664.00 362708336640.00 362801004544.00 362893770752.00 362985914368.00 363079532544.00 363172429824.00 363264638976.00 363357634560.00 363450171392.00 363542904832.00 
363630428160.00 363728535552.00 363820941312.00 363913150464.00 364006375424.00 364097306624.00 364191514624.00 364284116992.00 364376195072.00 364470173696.00 364561760256.00 364654264320.00 364747259904.00 364840353792.00 364933316608.00 365025361920.00 365116227584.00 365210238976.00 365303824384.00 365396295680.00 
365487751168.00 365581271040.00 365674135552.00 365766868992.00 365858979840.00 365951975424.00 366045102080.00 366137769984.00 366230372352.00 366323073024.00 366412234752.00 366508146688.00 366600126464.00 366693875712.00 366785527808.00 366878228480.00 366971256832.00 367065399296.00 367156985856.00 367249326080.00 
367339667456.00 367434760192.00 367527133184.00 367620489216.00 367712370688.00 367805431808.00 367897444352.00 367990865920.00 368081010688.00 368176365568.00 368267100160.00 368360456192.00 368453386240.00 368546349056.00 368638296064.00 368729653248.00 368822943744.00 368915939328.00 369008607232.00 369100881920.00 
369192763392.00 369286381568.00 369378623488.00 369471258624.00 369562288128.00 369655513088.00 369747623936.00 369840357376.00 369932304384.00 370024054784.00 370115510272.00 370207916032.00 370298421248.00 370390335488.00 370480676864.00 370569969664.00 370657722368.00 370743148544.00 370820317184.00 370866978816.00 
end   dump: w
==END   DUMP_ARRAYS==
Time in seconds = 0.068860
