Sender: LSF System <lsfadmin@polus-c3-ib.bmc.hpc.cs.msu.ru>
Subject: Job 494532: <./extra.o> in cluster <MSUCluster> Done

Job <./extra.o> was submitted from host <polus-ib.bmc.hpc.cs.msu.ru> by user <edu-cmc-skpod19-328-11> in cluster <MSUCluster> at Fri Nov 29 23:45:37 2019
Job was executed on host(s) <5*polus-c3-ib.bmc.hpc.cs.msu.ru>, in queue <short>, as user <edu-cmc-skpod19-328-11> in cluster <MSUCluster> at Fri Nov 29 23:50:00 2019
                            <12*polus-c4-ib.bmc.hpc.cs.msu.ru>
                            <4*polus-c2-ib.bmc.hpc.cs.msu.ru>
</home_edu/edu-cmc-skpod19-328/edu-cmc-skpod19-328-11> was used as the home directory.
</home_edu/edu-cmc-skpod19-328/edu-cmc-skpod19-328-11/dep_gemver> was used as the working directory.
Started at Fri Nov 29 23:50:00 2019
Terminated at Fri Nov 29 23:50:01 2019
Results reported at Fri Nov 29 23:50:01 2019

Your job looked like:

------------------------------------------------------------
# LSBATCH: User input
./extra.o
------------------------------------------------------------

Successfully completed.

Resource usage summary:

    CPU time :                                   12.55 sec.
    Max Memory :                                 1 MB
    Average Memory :                             1.00 MB
    Total Requested Memory :                     -
    Delta Memory :                               -
    Max Swap :                                   -
    Max Processes :                              1
    Max Threads :                                1
    Run time :                                   2 sec.
    Turnaround time :                            264 sec.

The output (if any) follows:

==BEGIN DUMP_ARRAYS==
begin dump: w
0.00 0.00 0.00 0.00 0.00 0.00 0.00 0.00 0.00 0.00 0.00 0.00 0.00 0.00 0.00 0.00 0.00 0.00 0.00 0.00 
0.00 0.00 0.00 0.00 0.00 0.00 0.00 0.00 0.00 0.00 0.00 0.00 0.00 0.00 0.00 0.00 0.00 0.00 0.00 0.00 
0.00 0.00 0.00 0.00 0.00 0.00 0.00 0.00 0.00 0.00 0.00 0.00 0.00 0.00 0.00 0.00 0.00 0.00 0.00 0.00 
0.00 0.00 0.00 0.00 0.00 0.00 0.00 0.00 0.00 0.00 0.00 0.00 0.00 0.00 0.00 0.00 0.00 0.00 0.00 0.00 
0.00 0.00 0.00 0.00 0.00 0.00 0.00 0.00 0.00 0.00 0.00 0.00 0.00 0.00 0.00 0.00 0.00 0.00 0.00 0.00 
0.00 0.00 0.00 0.00 0.00 0.00 0.00 0.00 0.00 0.00 0.00 0.00 0.00 0.00 0.00 0.00 0.00 0.00 0.00 0.00 
0.00 0.00 0.00 0.00 0.00 0.00 0.00 0.00 0.00 0.00 0.00 0.00 0.00 0.00 0.00 0.00 0.00 0.00 0.00 0.00 
0.00 0.00 0.00 0.00 0.00 0.00 0.00 0.00 0.00 0.00 0.00 0.00 0.00 0.00 0.00 0.00 0.00 0.00 0.00 0.00 
0.00 0.00 0.00 0.00 0.00 0.00 0.00 0.00 0.00 0.00 0.00 0.00 0.00 0.00 0.00 0.00 0.00 0.00 0.00 0.00 
0.00 0.00 0.00 0.00 0.00 0.00 0.00 0.00 0.00 0.00 0.00 0.00 0.00 0.00 0.00 0.00 0.00 0.00 0.00 0.00 
0.00 0.00 0.00 0.00 0.00 0.00 0.00 0.00 0.00 0.00 0.00 0.00 0.00 0.00 0.00 0.00 0.00 0.00 0.00 0.00 
0.00 0.00 0.00 0.00 0.00 0.00 0.00 0.00 0.00 0.00 0.00 0.00 0.00 0.00 0.00 0.00 0.00 0.00 0.00 0.00 
0.00 0.00 0.00 0.00 0.00 0.00 0.00 0.00 0.00 0.00 0.00 0.00 0.00 0.00 0.00 0.00 0.00 0.00 0.00 0.00 
0.00 0.00 0.00 0.00 0.00 0.00 0.00 0.00 0.00 0.00 0.00 0.00 0.00 0.00 0.00 0.00 0.00 0.00 0.00 0.00 
0.00 0.00 0.00 0.00 0.00 0.00 0.00 0.00 0.00 0.00 0.00 0.00 0.00 0.00 0.00 0.00 0.00 0.00 0.00 0.00 
0.00 0.00 0.00 0.00 0.00 0.00 0.00 0.00 0.00 0.00 0.00 0.00 0.00 0.00 0.00 0.00 0.00 0.00 0.00 0.00 
0.00 0.00 0.00 0.00 0.00 0.00 0.00 0.00 0.00 0.00 0.00 0.00 0.00 0.00 0.00 0.00 0.00 0.00 0.00 0.00 
0.00 0.00 0.00 0.00 0.00 0.00 0.00 0.00 0.00 0.00 0.00 0.00 0.00 0.00 0.00 0.00 0.00 0.00 0.00 0.00 
0.00 0.00 0.00 0.00 0.00 0.00 0.00 0.00 0.00 0.00 0.00 0.00 0.00 0.00 0.00 0.00 0.00 0.00 0.00 0.00 
0.00 0.00 0.00 0.00 0.00 0.00 0.00 0.00 0.00 0.00 0.00 0.00 0.00 0.00 0.00 0.00 0.00 0.00 0.00 0.00 
0.00 0.00 0.00 0.00 0.00 0.00 0.00 0.00 0.00 0.00 0.00 0.00 0.00 0.00 0.00 0.00 0.00 0.00 0.00 0.00 
0.00 0.00 0.00 0.00 0.00 0.00 0.00 0.00 0.00 0.00 0.00 0.00 0.00 0.00 0.00 0.00 0.00 0.00 0.00 0.00 
0.00 0.00 0.00 0.00 0.00 0.00 0.00 0.00 0.00 0.00 0.00 0.00 0.00 0.00 0.00 0.00 0.00 0.00 0.00 0.00 
0.00 0.00 0.00 0.00 0.00 0.00 0.00 0.00 0.00 0.00 0.00 0.00 0.00 0.00 0.00 0.00 0.00 0.00 0.00 0.00 
0.00 0.00 0.00 0.00 0.00 0.00 0.00 0.00 0.00 0.00 0.00 0.00 0.00 0.00 0.00 0.00 0.00 0.00 0.00 0.00 
0.00 0.00 0.00 0.00 0.00 0.00 0.00 0.00 0.00 0.00 0.00 0.00 0.00 0.00 0.00 0.00 0.00 0.00 0.00 0.00 
0.00 0.00 0.00 0.00 0.00 0.00 0.00 0.00 0.00 0.00 0.00 0.00 0.00 0.00 0.00 0.00 0.00 0.00 0.00 0.00 
0.00 0.00 0.00 0.00 0.00 0.00 0.00 0.00 0.00 0.00 0.00 0.00 0.00 0.00 0.00 0.00 0.00 0.00 0.00 0.00 
0.00 0.00 0.00 0.00 0.00 0.00 0.00 0.00 0.00 0.00 0.00 0.00 0.00 0.00 0.00 0.00 0.00 0.00 0.00 0.00 
0.00 0.00 0.00 0.00 0.00 0.00 0.00 0.00 0.00 0.00 0.00 0.00 0.00 0.00 0.00 0.00 0.00 0.00 0.00 0.00 
0.00 0.00 0.00 0.00 0.00 0.00 0.00 0.00 0.00 0.00 0.00 0.00 0.00 0.00 0.00 0.00 0.00 0.00 0.00 0.00 
0.00 0.00 0.00 0.00 0.00 0.00 0.00 0.00 0.00 0.00 0.00 0.00 0.00 0.00 0.00 0.00 0.00 0.00 0.00 0.00 
0.00 0.00 0.00 0.00 0.00 0.00 0.00 0.00 0.00 0.00 0.00 0.00 0.00 0.00 0.00 0.00 0.00 0.00 0.00 0.00 
0.00 0.00 0.00 0.00 0.00 0.00 0.00 0.00 0.00 0.00 0.00 0.00 0.00 0.00 0.00 0.00 0.00 0.00 0.00 0.00 
0.00 0.00 0.00 0.00 0.00 0.00 0.00 0.00 0.00 0.00 0.00 0.00 0.00 0.00 0.00 0.00 0.00 0.00 0.00 0.00 
0.00 0.00 0.00 0.00 0.00 0.00 0.00 0.00 0.00 0.00 0.00 0.00 0.00 0.00 0.00 0.00 0.00 0.00 0.00 0.00 
0.00 0.00 0.00 0.00 0.00 0.00 0.00 0.00 0.00 0.00 0.00 0.00 0.00 0.00 0.00 0.00 0.00 0.00 0.00 0.00 
0.00 0.00 0.00 0.00 0.00 0.00 0.00 0.00 0.00 0.00 0.00 0.00 0.00 0.00 0.00 0.00 0.00 0.00 0.00 0.00 
0.00 0.00 0.00 0.00 0.00 0.00 0.00 0.00 0.00 0.00 0.00 0.00 0.00 0.00 0.00 0.00 0.00 0.00 0.00 0.00 
0.00 0.00 0.00 0.00 0.00 0.00 0.00 0.00 0.00 0.00 0.00 0.00 0.00 0.00 0.00 0.00 0.00 0.00 0.00 0.00 
0.00 0.00 0.00 0.00 0.00 0.00 0.00 0.00 0.00 0.00 0.00 0.00 0.00 0.00 0.00 0.00 0.00 0.00 0.00 0.00 
0.00 0.00 0.00 0.00 0.00 0.00 0.00 0.00 0.00 0.00 0.00 0.00 0.00 0.00 0.00 0.00 0.00 0.00 0.00 0.00 
0.00 0.00 0.00 0.00 0.00 0.00 0.00 0.00 0.00 0.00 0.00 0.00 0.00 0.00 0.00 0.00 0.00 0.00 0.00 0.00 
0.00 0.00 0.00 0.00 0.00 0.00 0.00 0.00 0.00 0.00 0.00 0.00 0.00 0.00 0.00 0.00 0.00 0.00 0.00 0.00 
0.00 0.00 0.00 0.00 0.00 0.00 0.00 0.00 0.00 0.00 0.00 0.00 0.00 0.00 0.00 0.00 0.00 0.00 0.00 0.00 
0.00 0.00 0.00 0.00 0.00 0.00 0.00 0.00 0.00 0.00 0.00 0.00 0.00 0.00 0.00 0.00 0.00 0.00 0.00 0.00 
0.00 0.00 0.00 0.00 0.00 0.00 0.00 0.00 0.00 0.00 0.00 0.00 0.00 0.00 0.00 0.00 0.00 0.00 0.00 0.00 
0.00 0.00 0.00 0.00 0.00 0.00 0.00 0.00 0.00 0.00 0.00 0.00 0.00 0.00 0.00 0.00 0.00 0.00 0.00 0.00 
0.00 0.00 0.00 0.00 0.00 0.00 0.00 0.00 0.00 0.00 0.00 0.00 0.00 0.00 0.00 0.00 0.00 0.00 0.00 0.00 
0.00 0.00 0.00 0.00 0.00 0.00 0.00 0.00 0.00 0.00 0.00 0.00 0.00 0.00 0.00 0.00 0.00 0.00 0.00 0.00 
0.00 0.00 0.00 0.00 0.00 0.00 0.00 0.00 0.00 0.00 0.00 0.00 0.00 0.00 0.00 0.00 0.00 0.00 0.00 0.00 
0.00 0.00 0.00 0.00 0.00 0.00 0.00 0.00 0.00 0.00 0.00 0.00 0.00 0.00 0.00 0.00 0.00 0.00 0.00 0.00 
0.00 0.00 0.00 0.00 0.00 0.00 0.00 0.00 0.00 0.00 0.00 0.00 0.00 0.00 0.00 0.00 0.00 0.00 0.00 0.00 
0.00 0.00 0.00 0.00 0.00 0.00 0.00 0.00 0.00 0.00 0.00 0.00 0.00 0.00 0.00 0.00 0.00 0.00 0.00 0.00 
0.00 0.00 0.00 0.00 0.00 0.00 0.00 0.00 0.00 0.00 0.00 0.00 0.00 0.00 0.00 0.00 0.00 0.00 0.00 0.00 
0.00 0.00 0.00 0.00 0.00 0.00 0.00 0.00 0.00 0.00 0.00 0.00 0.00 0.00 0.00 0.00 0.00 0.00 0.00 0.00 
0.00 0.00 0.00 0.00 0.00 0.00 0.00 0.00 0.00 0.00 0.00 0.00 0.00 0.00 0.00 0.00 0.00 0.00 0.00 0.00 
0.00 0.00 0.00 0.00 0.00 0.00 0.00 0.00 0.00 0.00 0.00 0.00 0.00 0.00 0.00 0.00 0.00 0.00 0.00 0.00 
0.00 0.00 0.00 0.00 0.00 0.00 0.00 0.00 0.00 0.00 0.00 0.00 0.00 0.00 0.00 0.00 0.00 0.00 0.00 0.00 
0.00 0.00 0.00 0.00 0.00 0.00 0.00 0.00 0.00 0.00 0.00 0.00 0.00 0.00 0.00 0.00 0.00 0.00 0.00 0.00 
0.00 0.00 0.00 0.00 0.00 0.00 0.00 0.00 0.00 0.00 0.00 0.00 0.00 0.00 0.00 0.00 0.00 0.00 0.00 0.00 
0.00 0.00 0.00 0.00 0.00 0.00 0.00 0.00 0.00 0.00 0.00 0.00 0.00 0.00 0.00 0.00 0.00 0.00 0.00 0.00 
0.00 0.00 0.00 0.00 0.00 0.00 0.00 0.00 0.00 0.00 0.00 0.00 0.00 0.00 0.00 0.00 0.00 0.00 0.00 0.00 
0.00 0.00 0.00 0.00 0.00 0.00 0.00 0.00 0.00 0.00 0.00 0.00 0.00 0.00 0.00 0.00 0.00 0.00 0.00 0.00 
0.00 0.00 0.00 0.00 0.00 0.00 0.00 0.00 0.00 0.00 0.00 0.00 0.00 0.00 0.00 0.00 0.00 0.00 0.00 0.00 
0.00 0.00 0.00 0.00 0.00 0.00 0.00 0.00 0.00 0.00 0.00 0.00 0.00 0.00 0.00 0.00 0.00 0.00 0.00 0.00 
0.00 0.00 0.00 0.00 0.00 0.00 0.00 0.00 0.00 0.00 0.00 0.00 0.00 0.00 0.00 0.00 0.00 0.00 0.00 0.00 
0.00 0.00 0.00 0.00 0.00 0.00 0.00 0.00 0.00 0.00 0.00 0.00 0.00 0.00 0.00 0.00 0.00 0.00 0.00 0.00 
0.00 0.00 0.00 0.00 0.00 0.00 0.00 0.00 0.00 0.00 0.00 0.00 0.00 0.00 0.00 0.00 0.00 0.00 0.00 0.00 
0.00 0.00 0.00 0.00 0.00 0.00 0.00 0.00 0.00 0.00 0.00 0.00 0.00 0.00 0.00 0.00 0.00 0.00 0.00 0.00 
0.00 0.00 0.00 0.00 0.00 0.00 0.00 0.00 0.00 0.00 0.00 0.00 0.00 0.00 0.00 0.00 0.00 0.00 0.00 0.00 
0.00 0.00 0.00 0.00 0.00 0.00 0.00 0.00 0.00 0.00 0.00 0.00 0.00 0.00 0.00 0.00 0.00 0.00 0.00 0.00 
0.00 0.00 0.00 0.00 0.00 0.00 0.00 0.00 0.00 0.00 0.00 0.00 0.00 0.00 0.00 0.00 0.00 0.00 0.00 0.00 
0.00 0.00 0.00 0.00 0.00 0.00 0.00 0.00 0.00 0.00 0.00 0.00 0.00 0.00 0.00 0.00 0.00 0.00 0.00 0.00 
0.00 0.00 0.00 0.00 0.00 0.00 0.00 0.00 0.00 0.00 0.00 0.00 0.00 0.00 0.00 0.00 0.00 0.00 0.00 0.00 
0.00 0.00 0.00 0.00 0.00 0.00 0.00 0.00 0.00 0.00 0.00 0.00 0.00 0.00 0.00 0.00 0.00 0.00 0.00 0.00 
0.00 0.00 0.00 0.00 0.00 0.00 0.00 0.00 0.00 0.00 0.00 0.00 0.00 0.00 0.00 0.00 0.00 0.00 0.00 0.00 
0.00 0.00 0.00 0.00 0.00 0.00 0.00 0.00 0.00 0.00 0.00 0.00 0.00 0.00 0.00 0.00 0.00 0.00 0.00 0.00 
0.00 0.00 0.00 0.00 0.00 0.00 0.00 0.00 0.00 0.00 0.00 0.00 0.00 0.00 0.00 0.00 0.00 0.00 0.00 0.00 
0.00 0.00 0.00 0.00 0.00 0.00 0.00 0.00 0.00 0.00 0.00 0.00 0.00 0.00 0.00 0.00 0.00 0.00 0.00 0.00 
0.00 0.00 0.00 0.00 0.00 0.00 0.00 0.00 0.00 0.00 0.00 0.00 0.00 0.00 0.00 0.00 0.00 0.00 0.00 0.00 
0.00 0.00 0.00 0.00 0.00 0.00 0.00 0.00 0.00 0.00 0.00 0.00 0.00 0.00 0.00 0.00 0.00 0.00 0.00 0.00 
0.00 0.00 0.00 0.00 0.00 0.00 0.00 0.00 0.00 0.00 0.00 0.00 0.00 0.00 0.00 0.00 0.00 0.00 0.00 0.00 
0.00 0.00 0.00 0.00 0.00 0.00 0.00 0.00 0.00 0.00 0.00 0.00 0.00 0.00 0.00 0.00 0.00 0.00 0.00 0.00 
0.00 0.00 0.00 0.00 0.00 0.00 0.00 0.00 0.00 0.00 0.00 0.00 0.00 0.00 0.00 0.00 0.00 0.00 0.00 0.00 
0.00 0.00 0.00 0.00 0.00 0.00 0.00 0.00 0.00 0.00 0.00 0.00 0.00 0.00 0.00 0.00 0.00 0.00 0.00 0.00 
0.00 0.00 0.00 0.00 0.00 0.00 0.00 0.00 0.00 0.00 0.00 0.00 0.00 0.00 0.00 0.00 0.00 0.00 0.00 0.00 
0.00 0.00 0.00 0.00 0.00 0.00 0.00 0.00 0.00 0.00 0.00 0.00 0.00 0.00 0.00 0.00 0.00 0.00 0.00 0.00 
0.00 0.00 0.00 0.00 0.00 0.00 0.00 0.00 0.00 0.00 0.00 0.00 0.00 0.00 0.00 0.00 0.00 0.00 0.00 0.00 
0.00 0.00 0.00 0.00 0.00 0.00 0.00 0.00 0.00 0.00 0.00 0.00 0.00 0.00 0.00 0.00 0.00 0.00 0.00 0.00 
0.00 0.00 0.00 0.00 0.00 0.00 0.00 0.00 0.00 0.00 0.00 0.00 0.00 0.00 0.00 0.00 0.00 0.00 0.00 0.00 
0.00 0.00 0.00 0.00 0.00 0.00 0.00 0.00 0.00 0.00 0.00 0.00 0.00 0.00 0.00 0.00 0.00 0.00 0.00 0.00 
0.00 0.00 0.00 0.00 0.00 0.00 0.00 0.00 0.00 0.00 0.00 0.00 0.00 0.00 0.00 0.00 0.00 0.00 0.00 0.00 
0.00 0.00 0.00 0.00 0.00 0.00 0.00 0.00 0.00 0.00 0.00 0.00 0.00 0.00 0.00 0.00 0.00 0.00 0.00 0.00 
0.00 0.00 0.00 0.00 0.00 0.00 0.00 0.00 0.00 0.00 0.00 0.00 0.00 0.00 0.00 0.00 0.00 0.00 0.00 0.00 
0.00 0.00 0.00 0.00 0.00 0.00 0.00 0.00 0.00 0.00 0.00 0.00 0.00 0.00 0.00 0.00 0.00 0.00 0.00 0.00 
0.00 0.00 0.00 0.00 0.00 0.00 0.00 0.00 0.00 0.00 0.00 0.00 0.00 0.00 0.00 0.00 0.00 0.00 0.00 0.00 
0.00 0.00 0.00 0.00 0.00 0.00 0.00 0.00 0.00 0.00 0.00 0.00 0.00 0.00 0.00 0.00 0.00 0.00 0.00 0.00 
0.00 0.00 0.00 0.00 0.00 0.00 0.00 0.00 0.00 0.00 0.00 0.00 0.00 0.00 0.00 0.00 0.00 0.00 0.00 0.00 
0.00 0.00 0.00 0.00 0.00 0.00 0.00 0.00 0.00 0.00 0.00 0.00 0.00 0.00 0.00 0.00 0.00 0.00 0.00 0.00 
0.00 0.00 0.00 0.00 0.00 0.00 0.00 0.00 0.00 0.00 0.00 0.00 0.00 0.00 0.00 0.00 0.00 0.00 0.00 0.00 
0.00 0.00 0.00 0.00 0.00 0.00 0.00 0.00 0.00 0.00 0.00 0.00 0.00 0.00 0.00 0.00 0.00 0.00 0.00 0.00 
0.00 0.00 0.00 0.00 0.00 0.00 0.00 0.00 0.00 0.00 0.00 0.00 0.00 0.00 0.00 0.00 0.00 0.00 0.00 0.00 
0.00 0.00 0.00 0.00 0.00 0.00 0.00 0.00 0.00 0.00 0.00 0.00 0.00 0.00 0.00 0.00 0.00 0.00 0.00 0.00 
0.00 0.00 0.00 0.00 0.00 0.00 0.00 0.00 0.00 0.00 0.00 0.00 0.00 0.00 0.00 0.00 0.00 0.00 0.00 0.00 
0.00 0.00 0.00 0.00 0.00 0.00 0.00 0.00 0.00 0.00 0.00 0.00 0.00 0.00 0.00 0.00 0.00 0.00 0.00 0.00 
0.00 0.00 0.00 0.00 0.00 0.00 0.00 0.00 0.00 0.00 0.00 0.00 0.00 0.00 0.00 0.00 0.00 0.00 0.00 0.00 
0.00 0.00 0.00 0.00 0.00 0.00 0.00 0.00 0.00 0.00 0.00 0.00 0.00 0.00 0.00 0.00 0.00 0.00 0.00 0.00 
0.00 0.00 0.00 0.00 0.00 0.00 0.00 0.00 0.00 0.00 0.00 0.00 0.00 0.00 0.00 0.00 0.00 0.00 0.00 0.00 
0.00 0.00 0.00 0.00 0.00 0.00 0.00 0.00 0.00 0.00 0.00 0.00 0.00 0.00 0.00 0.00 0.00 0.00 0.00 0.00 
0.00 0.00 0.00 0.00 0.00 0.00 0.00 0.00 0.00 0.00 0.00 0.00 0.00 0.00 0.00 0.00 0.00 0.00 0.00 0.00 
0.00 0.00 0.00 0.00 0.00 0.00 0.00 0.00 0.00 0.00 0.00 0.00 0.00 0.00 0.00 0.00 0.00 0.00 0.00 0.00 
0.00 0.00 0.00 0.00 0.00 0.00 0.00 0.00 0.00 0.00 0.00 0.00 0.00 0.00 0.00 0.00 0.00 0.00 0.00 0.00 
0.00 0.00 0.00 0.00 0.00 0.00 0.00 0.00 0.00 0.00 0.00 0.00 0.00 0.00 0.00 0.00 0.00 0.00 0.00 0.00 
0.00 0.00 0.00 0.00 0.00 0.00 0.00 0.00 0.00 0.00 0.00 0.00 0.00 0.00 0.00 0.00 0.00 0.00 0.00 0.00 
0.00 0.00 0.00 0.00 0.00 0.00 0.00 0.00 0.00 0.00 0.00 0.00 0.00 0.00 0.00 0.00 0.00 0.00 0.00 0.00 
0.00 0.00 0.00 0.00 0.00 0.00 0.00 0.00 0.00 0.00 0.00 0.00 0.00 0.00 0.00 0.00 0.00 0.00 0.00 0.00 
0.00 0.00 0.00 0.00 0.00 0.00 0.00 0.00 0.00 0.00 0.00 0.00 0.00 0.00 0.00 0.00 0.00 0.00 0.00 0.00 
0.00 0.00 0.00 0.00 0.00 0.00 0.00 0.00 0.00 0.00 0.00 0.00 0.00 0.00 0.00 0.00 0.00 0.00 0.00 0.00 
0.00 0.00 0.00 0.00 0.00 0.00 0.00 0.00 0.00 0.00 0.00 0.00 0.00 0.00 0.00 0.00 0.00 0.00 0.00 0.00 
0.00 0.00 0.00 0.00 0.00 0.00 0.00 0.00 0.00 0.00 0.00 0.00 0.00 0.00 0.00 0.00 0.00 0.00 0.00 0.00 
0.00 0.00 0.00 0.00 0.00 0.00 0.00 0.00 0.00 0.00 0.00 0.00 0.00 0.00 0.00 0.00 0.00 0.00 0.00 0.00 
0.00 0.00 0.00 0.00 0.00 0.00 0.00 0.00 0.00 0.00 0.00 0.00 0.00 0.00 0.00 0.00 0.00 0.00 0.00 0.00 
0.00 0.00 0.00 0.00 0.00 0.00 0.00 0.00 0.00 0.00 0.00 0.00 0.00 0.00 0.00 0.00 0.00 0.00 0.00 0.00 
0.00 0.00 0.00 0.00 0.00 0.00 0.00 0.00 0.00 0.00 0.00 0.00 0.00 0.00 0.00 0.00 0.00 0.00 0.00 0.00 
0.00 0.00 0.00 0.00 0.00 0.00 0.00 0.00 0.00 0.00 0.00 0.00 0.00 0.00 0.00 0.00 0.00 0.00 0.00 0.00 
0.00 0.00 0.00 0.00 0.00 0.00 0.00 0.00 0.00 0.00 0.00 0.00 0.00 0.00 0.00 0.00 0.00 0.00 0.00 0.00 
0.00 0.00 0.00 0.00 0.00 0.00 0.00 0.00 0.00 0.00 0.00 0.00 0.00 0.00 0.00 0.00 0.00 0.00 0.00 0.00 
0.00 0.00 0.00 0.00 0.00 0.00 0.00 0.00 0.00 0.00 0.00 0.00 0.00 0.00 0.00 0.00 0.00 0.00 0.00 0.00 
0.00 0.00 0.00 0.00 0.00 0.00 0.00 0.00 0.00 0.00 0.00 0.00 0.00 0.00 0.00 0.00 0.00 0.00 0.00 0.00 
0.00 0.00 0.00 0.00 0.00 0.00 0.00 0.00 0.00 0.00 0.00 0.00 0.00 0.00 0.00 0.00 0.00 0.00 0.00 0.00 
0.00 0.00 0.00 0.00 0.00 0.00 0.00 0.00 0.00 0.00 0.00 0.00 0.00 0.00 0.00 0.00 0.00 0.00 0.00 0.00 
0.00 0.00 0.00 0.00 0.00 0.00 0.00 0.00 0.00 0.00 0.00 0.00 0.00 0.00 0.00 0.00 0.00 0.00 0.00 0.00 
0.00 0.00 0.00 0.00 0.00 0.00 0.00 0.00 0.00 0.00 0.00 0.00 0.00 0.00 0.00 0.00 0.00 0.00 0.00 0.00 
0.00 0.00 0.00 0.00 0.00 0.00 0.00 0.00 0.00 0.00 0.00 0.00 0.00 0.00 0.00 0.00 0.00 0.00 0.00 0.00 
0.00 0.00 0.00 0.00 0.00 0.00 0.00 0.00 0.00 0.00 0.00 0.00 0.00 0.00 0.00 0.00 0.00 0.00 0.00 0.00 
0.00 0.00 0.00 0.00 0.00 0.00 0.00 0.00 0.00 0.00 0.00 0.00 0.00 0.00 0.00 0.00 0.00 0.00 0.00 0.00 
0.00 0.00 0.00 0.00 0.00 0.00 0.00 0.00 0.00 0.00 0.00 0.00 0.00 0.00 0.00 0.00 0.00 0.00 0.00 0.00 
0.00 0.00 0.00 0.00 0.00 0.00 0.00 0.00 0.00 0.00 0.00 0.00 0.00 0.00 0.00 0.00 0.00 0.00 0.00 0.00 
0.00 0.00 0.00 0.00 0.00 0.00 0.00 0.00 0.00 0.00 0.00 0.00 0.00 0.00 0.00 0.00 0.00 0.00 0.00 0.00 
0.00 0.00 0.00 0.00 0.00 0.00 0.00 0.00 0.00 0.00 0.00 0.00 0.00 0.00 0.00 0.00 0.00 0.00 0.00 0.00 
0.00 0.00 0.00 0.00 0.00 0.00 0.00 0.00 0.00 0.00 0.00 0.00 0.00 0.00 0.00 0.00 0.00 0.00 0.00 0.00 
0.00 0.00 0.00 0.00 0.00 0.00 0.00 0.00 0.00 0.00 0.00 0.00 0.00 0.00 0.00 0.00 0.00 0.00 0.00 0.00 
0.00 0.00 0.00 0.00 0.00 0.00 0.00 0.00 0.00 0.00 0.00 0.00 0.00 0.00 0.00 0.00 0.00 0.00 0.00 0.00 
0.00 0.00 0.00 0.00 0.00 0.00 0.00 0.00 0.00 0.00 0.00 0.00 0.00 0.00 0.00 0.00 0.00 0.00 0.00 0.00 
0.00 0.00 0.00 0.00 0.00 0.00 0.00 0.00 0.00 0.00 0.00 0.00 0.00 0.00 0.00 0.00 0.00 0.00 0.00 0.00 
0.00 0.00 0.00 0.00 0.00 0.00 0.00 0.00 0.00 0.00 0.00 0.00 0.00 0.00 0.00 0.00 0.00 0.00 0.00 0.00 
0.00 0.00 0.00 0.00 0.00 0.00 0.00 0.00 0.00 0.00 0.00 0.00 0.00 0.00 0.00 0.00 0.00 0.00 0.00 0.00 
0.00 0.00 0.00 0.00 0.00 0.00 0.00 0.00 0.00 0.00 0.00 0.00 0.00 0.00 0.00 0.00 0.00 0.00 0.00 0.00 
0.00 0.00 0.00 0.00 0.00 0.00 0.00 0.00 0.00 0.00 0.00 0.00 0.00 0.00 0.00 0.00 0.00 0.00 0.00 0.00 
0.00 0.00 0.00 0.00 0.00 0.00 0.00 0.00 0.00 0.00 0.00 0.00 0.00 0.00 0.00 0.00 0.00 0.00 0.00 0.00 
0.00 0.00 0.00 0.00 0.00 0.00 0.00 0.00 0.00 0.00 0.00 0.00 0.00 0.00 0.00 0.00 0.00 0.00 0.00 0.00 
0.00 0.00 0.00 0.00 0.00 0.00 0.00 0.00 0.00 0.00 0.00 0.00 0.00 0.00 0.00 0.00 0.00 0.00 0.00 0.00 
0.00 0.00 0.00 0.00 0.00 0.00 0.00 0.00 0.00 0.00 0.00 0.00 0.00 0.00 0.00 0.00 0.00 0.00 0.00 0.00 
0.00 0.00 0.00 0.00 0.00 0.00 0.00 0.00 0.00 0.00 0.00 0.00 0.00 0.00 0.00 0.00 0.00 0.00 0.00 0.00 
0.00 0.00 0.00 0.00 0.00 0.00 0.00 0.00 0.00 0.00 0.00 0.00 0.00 0.00 0.00 0.00 0.00 0.00 0.00 0.00 
0.00 0.00 0.00 0.00 0.00 0.00 0.00 0.00 0.00 0.00 0.00 0.00 0.00 0.00 0.00 0.00 0.00 0.00 0.00 0.00 
0.00 0.00 0.00 0.00 0.00 0.00 0.00 0.00 0.00 0.00 0.00 0.00 0.00 0.00 0.00 0.00 0.00 0.00 0.00 0.00 
0.00 0.00 0.00 0.00 0.00 0.00 0.00 0.00 0.00 0.00 0.00 0.00 0.00 0.00 0.00 0.00 0.00 0.00 0.00 0.00 
0.00 0.00 0.00 0.00 0.00 0.00 0.00 0.00 0.00 0.00 0.00 0.00 0.00 0.00 0.00 0.00 0.00 0.00 0.00 0.00 
0.00 0.00 0.00 0.00 0.00 0.00 0.00 0.00 0.00 0.00 0.00 0.00 0.00 0.00 0.00 0.00 0.00 0.00 0.00 0.00 
0.00 0.00 0.00 0.00 0.00 0.00 0.00 0.00 0.00 0.00 0.00 0.00 0.00 0.00 0.00 0.00 0.00 0.00 0.00 0.00 
0.00 0.00 0.00 0.00 0.00 0.00 0.00 0.00 0.00 0.00 0.00 0.00 0.00 0.00 0.00 0.00 0.00 0.00 0.00 0.00 
0.00 0.00 0.00 0.00 0.00 0.00 0.00 0.00 0.00 0.00 0.00 0.00 0.00 0.00 0.00 0.00 0.00 0.00 0.00 0.00 
0.00 0.00 0.00 0.00 0.00 0.00 0.00 0.00 0.00 0.00 0.00 0.00 0.00 0.00 0.00 0.00 0.00 0.00 0.00 0.00 
0.00 0.00 0.00 0.00 0.00 0.00 0.00 0.00 0.00 0.00 0.00 0.00 0.00 0.00 0.00 0.00 0.00 0.00 0.00 0.00 
0.00 0.00 0.00 0.00 0.00 0.00 0.00 0.00 0.00 0.00 0.00 0.00 0.00 0.00 0.00 0.00 0.00 0.00 0.00 0.00 
0.00 0.00 0.00 0.00 0.00 0.00 0.00 0.00 0.00 0.00 0.00 0.00 0.00 0.00 0.00 0.00 0.00 0.00 0.00 0.00 
0.00 0.00 0.00 0.00 0.00 0.00 0.00 0.00 0.00 0.00 0.00 0.00 0.00 0.00 0.00 0.00 0.00 0.00 0.00 0.00 
0.00 0.00 0.00 0.00 0.00 0.00 0.00 0.00 0.00 0.00 0.00 0.00 0.00 0.00 0.00 0.00 0.00 0.00 0.00 0.00 
0.00 0.00 0.00 0.00 0.00 0.00 0.00 0.00 0.00 0.00 0.00 0.00 0.00 0.00 0.00 0.00 0.00 0.00 0.00 0.00 
0.00 0.00 0.00 0.00 0.00 0.00 0.00 0.00 0.00 0.00 0.00 0.00 0.00 0.00 0.00 0.00 0.00 0.00 0.00 0.00 
0.00 0.00 0.00 0.00 0.00 0.00 0.00 0.00 0.00 0.00 0.00 0.00 0.00 0.00 0.00 0.00 0.00 0.00 0.00 0.00 
0.00 0.00 0.00 0.00 0.00 0.00 0.00 0.00 0.00 0.00 0.00 0.00 0.00 0.00 0.00 0.00 0.00 0.00 0.00 0.00 
0.00 0.00 0.00 0.00 0.00 0.00 0.00 0.00 0.00 0.00 0.00 0.00 0.00 0.00 0.00 0.00 0.00 0.00 0.00 0.00 
0.00 0.00 0.00 0.00 0.00 0.00 0.00 0.00 0.00 0.00 0.00 0.00 0.00 0.00 0.00 0.00 0.00 0.00 0.00 0.00 
0.00 0.00 0.00 0.00 0.00 0.00 0.00 0.00 0.00 0.00 0.00 0.00 0.00 0.00 0.00 0.00 0.00 0.00 0.00 0.00 
0.00 0.00 0.00 0.00 0.00 0.00 0.00 0.00 0.00 0.00 0.00 0.00 0.00 0.00 0.00 0.00 0.00 0.00 0.00 0.00 
0.00 0.00 0.00 0.00 0.00 0.00 0.00 0.00 0.00 0.00 0.00 0.00 0.00 0.00 0.00 0.00 0.00 0.00 0.00 0.00 
0.00 0.00 0.00 0.00 0.00 0.00 0.00 0.00 0.00 0.00 0.00 0.00 0.00 0.00 0.00 0.00 0.00 0.00 0.00 0.00 
0.00 0.00 0.00 0.00 0.00 0.00 0.00 0.00 0.00 0.00 0.00 0.00 0.00 0.00 0.00 0.00 0.00 0.00 0.00 0.00 
0.00 0.00 0.00 0.00 0.00 0.00 0.00 0.00 0.00 0.00 0.00 0.00 0.00 0.00 0.00 0.00 0.00 0.00 0.00 0.00 
0.00 0.00 0.00 0.00 0.00 0.00 0.00 0.00 0.00 0.00 0.00 0.00 0.00 0.00 0.00 0.00 0.00 0.00 0.00 0.00 
0.00 0.00 0.00 0.00 0.00 0.00 0.00 0.00 0.00 0.00 0.00 0.00 0.00 0.00 0.00 0.00 0.00 0.00 0.00 0.00 
0.00 0.00 0.00 0.00 0.00 0.00 0.00 0.00 0.00 0.00 0.00 0.00 0.00 0.00 0.00 0.00 0.00 0.00 0.00 0.00 
0.00 0.00 0.00 0.00 0.00 0.00 0.00 0.00 0.00 0.00 0.00 0.00 0.00 0.00 0.00 0.00 0.00 0.00 0.00 0.00 
0.00 0.00 0.00 0.00 0.00 0.00 0.00 0.00 0.00 0.00 0.00 0.00 0.00 0.00 0.00 0.00 0.00 0.00 0.00 0.00 
0.00 0.00 0.00 0.00 0.00 0.00 0.00 0.00 0.00 0.00 0.00 0.00 0.00 0.00 0.00 0.00 0.00 0.00 0.00 0.00 
0.00 0.00 0.00 0.00 0.00 0.00 0.00 0.00 0.00 0.00 0.00 0.00 0.00 0.00 0.00 0.00 0.00 0.00 0.00 0.00 
0.00 0.00 0.00 0.00 0.00 0.00 0.00 0.00 0.00 0.00 0.00 0.00 0.00 0.00 0.00 0.00 0.00 0.00 0.00 0.00 
0.00 0.00 0.00 0.00 0.00 0.00 0.00 0.00 0.00 0.00 0.00 0.00 0.00 0.00 0.00 0.00 0.00 0.00 0.00 0.00 
0.00 0.00 0.00 0.00 0.00 0.00 0.00 0.00 0.00 0.00 0.00 0.00 0.00 0.00 0.00 0.00 0.00 0.00 0.00 0.00 
0.00 0.00 0.00 0.00 0.00 0.00 0.00 0.00 0.00 0.00 0.00 0.00 0.00 0.00 0.00 0.00 0.00 0.00 0.00 0.00 
0.00 0.00 0.00 0.00 0.00 0.00 0.00 0.00 0.00 0.00 0.00 0.00 0.00 0.00 0.00 0.00 0.00 0.00 0.00 0.00 
0.00 0.00 0.00 0.00 0.00 0.00 0.00 0.00 0.00 0.00 0.00 0.00 0.00 0.00 0.00 0.00 0.00 0.00 0.00 0.00 
0.00 0.00 0.00 0.00 0.00 0.00 0.00 0.00 0.00 0.00 0.00 0.00 0.00 0.00 0.00 0.00 0.00 0.00 0.00 0.00 
0.00 0.00 0.00 0.00 0.00 0.00 0.00 0.00 0.00 0.00 0.00 0.00 0.00 0.00 0.00 0.00 0.00 0.00 0.00 0.00 
0.00 0.00 0.00 0.00 0.00 0.00 0.00 0.00 0.00 0.00 0.00 0.00 0.00 0.00 0.00 0.00 0.00 0.00 0.00 0.00 
0.00 0.00 0.00 0.00 0.00 0.00 0.00 0.00 0.00 0.00 0.00 0.00 0.00 0.00 0.00 0.00 0.00 0.00 0.00 0.00 
0.00 0.00 0.00 0.00 0.00 0.00 0.00 0.00 0.00 0.00 0.00 0.00 0.00 0.00 0.00 0.00 0.00 0.00 0.00 0.00 
end   dump: w
==END   DUMP_ARRAYS==
==BEGIN DUMP_ARRAYS==
begin dump: w
7812.59 468630208.00 515408768.00 593846976.00 679558912.00 768618944.00 859509312.00 951084800.00 1042537984.00 1135609856.00 1227679616.00 1321207936.00 1413967360.00 1507308928.00 1600660992.00 1693723776.00 1786245888.00 1880675328.00 1974066048.00 2067528576.00 
2159808256.00 2254958848.00 2348190464.00 2442044928.00 2535002112.00 2627288832.00 2722655488.00 2816102400.00 2909861888.00 3003908608.00 3096575232.00 3190229248.00 3282345728.00 3378134272.00 3471970816.00 3565182208.00 3658871808.00 3752883456.00 3846527744.00 3940370688.00 
4031279104.00 4127763456.00 4221438464.00 4314210816.00 4408820224.00 4502460928.00 4596739072.00 4689868800.00 4782673408.00 4877396480.00 4967632384.00 5064810496.00 5158666240.00 5252460032.00 5345698816.00 5439595520.00 5533066752.00 5627159040.00 5721462272.00 5814940672.00 
5907145728.00 6002060800.00 6095491584.00 6190349824.00 6281240576.00 6376755712.00 6470732800.00 6564495872.00 6658191872.00 6752734720.00 6845051904.00 6939035648.00 7032726016.00 7127176192.00 7220369408.00 7312821248.00 7408115200.00 7502382592.00 7595783168.00 7689553920.00 
7777721856.00 7876978176.00 7970674688.00 8064434176.00 8158036992.00 8251356672.00 8345217536.00 8440424448.00 8532772352.00 8627429376.00 8720133120.00 8814930944.00 8908200960.00 8999835648.00 9095609344.00 9188973568.00 9281050624.00 9376955392.00 9470667776.00 9564209152.00 
9651210240.00 9751806976.00 9845520384.00 9939155968.00 10032769024.00 10126496768.00 10220695552.00 10314445824.00 10407396352.00 10501933056.00 10595006464.00 10688784384.00 10782184448.00 10877383680.00 10970428416.00 11064177664.00 11158274048.00 11251761152.00 11345864704.00 11439481856.00 
11530435584.00 11626657792.00 11720706048.00 11814156288.00 11907816448.00 11993066496.00 12095998976.00 12190903296.00 12281015296.00 12374042624.00 12470148096.00 12564337664.00 12658040832.00 12751717376.00 12845747200.00 12939194368.00 13032754176.00 13127160832.00 13222198272.00 13314793472.00 
13406901248.00 13501900800.00 13595385856.00 13690293248.00 13782291456.00 13876753408.00 13970987008.00 14064348160.00 14157295616.00 14252290048.00 14342349824.00 14440096768.00 14532891648.00 14626548736.00 14721581056.00 14814278656.00 14908258304.00 15002328064.00 15095790592.00 15189554176.00 
15272142848.00 15377236992.00 15470862336.00 15564562432.00 15658164224.00 15751922688.00 15845685248.00 15940203520.00 16032897024.00 16125923328.00 16220123136.00 16314694656.00 16408004608.00 16502023168.00 16597837824.00 16688022528.00 16782476288.00 16877971456.00 16971070464.00 17064436736.00 
17157112832.00 17252435968.00 17346904064.00 17439256576.00 17533091840.00 17627027456.00 17719900160.00 17814763520.00 17908281344.00 18002395136.00 18094999552.00 18190104576.00 18281457664.00 18377424896.00 18471041024.00 18564134912.00 18658314240.00 18752159744.00 18845548544.00 18939262976.00 
19019581440.00 19127117824.00 19220692992.00 19314948096.00 19408361472.00 19501701120.00 19595909120.00 19689996288.00 19782529024.00 19877441536.00 19970099200.00 20065480704.00 20158552064.00 20252362752.00 20346230784.00 20439527424.00 20532961280.00 20627556352.00 20721033216.00 20814798848.00 
20907315200.00 21002784768.00 21094934528.00 21190578176.00 21281693696.00 21375868928.00 21471414272.00 21565093888.00 21658556416.00 21752508416.00 21845706752.00 21939943424.00 22033375232.00 22126632960.00 22221043712.00 22313777152.00 22409019392.00 22502574080.00 22596272128.00 22690260992.00 
22778324992.00 22877968384.00 22971285504.00 23065364480.00 23158765568.00 23252649984.00 23346206720.00 23440250880.00 23533285376.00 23627390976.00 23703689216.00 23815473152.00 23909052416.00 24002783232.00 24097107968.00 24189931520.00 24281812992.00 24377690112.00 24469989376.00 24565862400.00 
24657696768.00 24752973824.00 24846274560.00 24940187648.00 25033469952.00 25127366656.00 25220939776.00 25316515840.00 25409134592.00 25502918656.00 25596006400.00 25690120192.00 25783072768.00 25878171648.00 25972119552.00 26063591424.00 26159671296.00 26252953600.00 26346713088.00 26439759872.00 
26531401728.00 26628020224.00 26721515520.00 26815373312.00 26908680192.00 27002060800.00 27098210304.00 27191152640.00 27282239488.00 27378128896.00 27471259648.00 27565856768.00 27659143168.00 27753248768.00 27846549504.00 27940208640.00 28033445888.00 28128262144.00 28221841408.00 28315465728.00 
28402325504.00 28502927360.00 28596924416.00 28689920000.00 28783257600.00 28877684736.00 28971364352.00 29065078784.00 29160921088.00 29253431296.00 29346422784.00 29440729088.00 29533978624.00 29628149760.00 29722034176.00 29815459840.00 29909504000.00 30003228672.00 30096984064.00 30190544896.00 
30273318912.00 30378543104.00 30471962624.00 30565900288.00 30659162112.00 30751569920.00 30846957568.00 30940770304.00 31034097664.00 31127906304.00 31221313536.00 31315562496.00 31408918528.00 31501524992.00 31597973504.00 31690950656.00 31783712768.00 31878782976.00 31971557376.00 32067416064.00 
32158343168.00 32253351936.00 32346972160.00 32441358336.00 32534149120.00 32628221952.00 32722034688.00 32815771648.00 32910481408.00 33004101632.00 33093763072.00 33191131136.00 33282570240.00 33379815424.00 33472542720.00 33565603840.00 33659525120.00 33753468928.00 33847072768.00 33941481472.00 
34031937536.00 34128340992.00 34222002176.00 34314870784.00 34411675648.00 34503782400.00 34597294080.00 34691477504.00 34783924224.00 34878349312.00 34971803648.00 35066204160.00 35159261184.00 35253768192.00 35347369984.00 35432304640.00 35534405632.00 35628716032.00 35722469376.00 35816235008.00 
35908501504.00 36008108032.00 36097470464.00 36191698944.00 36282822656.00 36378480640.00 36472565760.00 36565356544.00 36659826688.00 36753817600.00 36846714880.00 36941422592.00 37034401792.00 37128728576.00 37222379520.00 37315764224.00 37409599488.00 37503639552.00 37596991488.00 37690327040.00 
37756989440.00 37879586816.00 37972824064.00 38066589696.00 38159970304.00 38253613056.00 38347722752.00 38441566208.00 38534615040.00 38629027840.00 38721970176.00 38816657408.00 38910001152.00 39003811840.00 39098150912.00 39191228416.00 39283101696.00 39379107840.00 39472910336.00 39566323712.00 
39658799104.00 39749242880.00 39848013824.00 39941545984.00 40034848768.00 40127414272.00 40222777344.00 40316485632.00 40410058752.00 40504311808.00 40597184512.00 40691535872.00 40784252928.00 40879345664.00 40972853248.00 41066459136.00 41160044544.00 41254350848.00 41347805184.00 41441091584.00 
41532526592.00 41629020160.00 41722798080.00 41816248320.00 41907777536.00 42005983232.00 42098704384.00 42192158720.00 42283618304.00 42379907072.00 42469789696.00 42566955008.00 42660540416.00 42754482176.00 42848075776.00 42941669376.00 43035152384.00 43128840192.00 43222843392.00 43315437568.00 
43409293312.00 43504164864.00 43598245888.00 43692048384.00 43784667136.00 43878772736.00 43972710400.00 44066545664.00 44160385024.00 44254429184.00 44347113472.00 44442664960.00 44535365632.00 44629516288.00 44723245056.00 44815331328.00 44910411776.00 45004378112.00 45098389504.00 45191938048.00 
45274595328.00 45379428352.00 45473435648.00 45567082496.00 45660545024.00 45754793984.00 45848674304.00 45942132736.00 46035574784.00 46129823744.00 46222811136.00 46317076480.00 46410645504.00 46504620032.00 46598160384.00 46691733504.00 46784622592.00 46879240192.00 46972887040.00 47065870336.00 
47126011904.00 47256178688.00 47349026816.00 47443169280.00 47535841280.00 47629725696.00 47723556864.00 47817043968.00 47911235584.00 48004616192.00 48098021376.00 48192352256.00 48283914240.00 48380231680.00 48473608192.00 48567037952.00 48660271104.00 48754434048.00 48848822272.00 48942448640.00 
49033379840.00 49129603072.00 49224241152.00 49317367808.00 49410985984.00 49503281152.00 49598541824.00 49692655616.00 49785098240.00 49879834624.00 49972973568.00 50067599360.00 50160709632.00 50253762560.00 50349174784.00 50442379264.00 50535809024.00 50630123520.00 50723540992.00 50816995328.00 
50909868032.00 51005222912.00 51098632192.00 51192631296.00 51284066304.00 51379490816.00 51474104320.00 51566907392.00 51661426688.00 51753369600.00 51845361664.00 51942535168.00 52036276224.00 52130557952.00 52223877120.00 52317331456.00 52411310080.00 52505489408.00 52598587392.00 52692606976.00 
52780802048.00 52880211968.00 52974080000.00 53067726848.00 53161037824.00 53254836224.00 53348560896.00 53442445312.00 53535567872.00 53629493248.00 53722144768.00 53813428224.00 53914583040.00 54006267904.00 54099865600.00 54191644672.00 54284845056.00 54380892160.00 54474272768.00 54568374272.00 
54660546560.00 54755172352.00 54849327104.00 54943293440.00 55036272640.00 55130169344.00 55224496128.00 55317934080.00 55411318784.00 55505637376.00 55598567424.00 55693103104.00 55785582592.00 55880941568.00 55974219776.00 56067670016.00 56161751040.00 56254238720.00 56349138944.00 56442748928.00 
56522797056.00 56630681600.00 56724283392.00 56818130944.00 56911798272.00 57005273088.00 57098031104.00 57192841216.00 57284743168.00 57380917248.00 57473662976.00 57568174080.00 57661575168.00 57755516928.00 57849135104.00 57941581824.00 58037297152.00 58130972672.00 58224562176.00 58318077952.00 
58410741760.00 58505445376.00 58599329792.00 58693382144.00 58785935360.00 58872090624.00 58974605312.00 59068256256.00 59161845760.00 59255861248.00 59348840448.00 59442941952.00 59537207296.00 59631280128.00 59724500992.00 59818426368.00 59911811072.00 60005769216.00 60099461120.00 60193300480.00 
60276015104.00 60380893184.00 60475150336.00 60568510464.00 60661891072.00 60755054592.00 60849741824.00 60943151104.00 61036613632.00 61130932224.00 61221249024.00 61318144000.00 61412057088.00 61505392640.00 61599703040.00 61693165568.00 61786103808.00 61880492032.00 61974335488.00 62068039680.00 
62160691200.00 62255620096.00 62349250560.00 62443143168.00 62535954432.00 62629396480.00 62721085440.00 62826479616.00 62914080768.00 63007313920.00 63100051456.00 63194259456.00 63285686272.00 63381614592.00 63475302400.00 63567257600.00 63662309376.00 63756623872.00 63850819584.00 63943864320.00 
64034934784.00 64131600384.00 64225075200.00 64319606784.00 64412397568.00 64506052608.00 64600268800.00 64694001664.00 64786583552.00 64881676288.00 64974770176.00 65069080576.00 65162432512.00 65256435712.00 65350000640.00 65443508224.00 65537712128.00 65631637504.00 65725353984.00 65818726400.00 
65905786880.00 66006306816.00 66100215808.00 66193862656.00 66285535232.00 66381000704.00 66477850624.00 66569265152.00 66662768640.00 66756706304.00 66849689600.00 66943737856.00 67037286400.00 67131633664.00 67224965120.00 67318923264.00 67412619264.00 67506921472.00 67601358848.00 67694100480.00 
67782275072.00 67881566208.00 67975245824.00 68069105664.00 68162637824.00 68254732288.00 68349763584.00 68441362432.00 68538363904.00 68631990272.00 68725104640.00 68819427328.00 68912791552.00 69006868480.00 69100544000.00 69194145792.00 69285773312.00 69382217728.00 69475311616.00 69569019904.00 
69661671424.00 69757198336.00 69850529792.00 69944279040.00 70037348352.00 70131515392.00 70225526784.00 70319595520.00 70412869632.00 70506266624.00 70583009280.00 70694748160.00 70787194880.00 70882082816.00 70975692800.00 71069179904.00 71162855424.00 71257194496.00 71350657024.00 71444504576.00 
71535435776.00 71631904768.00 71727808512.00 71819100160.00 71912824832.00 72006639616.00 72101576704.00 72194383872.00 72285954048.00 72381399040.00 72475312128.00 72569372672.00 72663433216.00 72756928512.00 72850284544.00 72942886912.00 73037635584.00 73132187648.00 73225953280.00 73319522304.00 
73411911680.00 73506889728.00 73600802816.00 73694576640.00 73787195392.00 73881600000.00 73975726080.00 74069606400.00 74163183616.00 74257129472.00 74350026752.00 74444464128.00 74537582592.00 74631553024.00 74725253120.00 74818715648.00 74912423936.00 75006181376.00 75098996736.00 75191123968.00 
75232313344.00 75385839616.00 75477712896.00 75570880512.00 75664195584.00 75757715456.00 75851636736.00 75944886272.00 76038438912.00 76133695488.00 76225732608.00 76320489472.00 76413616128.00 76506996736.00 76601319424.00 76694945792.00 76787769344.00 76882657280.00 76976095232.00 77070114816.00 
77162471424.00 77257523200.00 77351444480.00 77444931584.00 77538394112.00 77630840832.00 77726138368.00 77819633664.00 77913907200.00 78007607296.00 78100627456.00 78195073024.00 78286741504.00 78382202880.00 78476541952.00 78569897984.00 78663802880.00 78757437440.00 78851399680.00 78945116160.00 
79036153856.00 79132467200.00 79224061952.00 79320555520.00 79413805056.00 79507349504.00 79601303552.00 79695069184.00 79787835392.00 79882829824.00 79972966400.00 80069713920.00 80163905536.00 80257638400.00 80351436800.00 80444833792.00 80538222592.00 80629522432.00 80726925312.00 80820305920.00 
80912826368.00 81007976448.00 81101545472.00 81195565056.00 81286963200.00 81382965248.00 81477042176.00 81570824192.00 81663959040.00 81757683712.00 81851424768.00 81945550848.00 82038628352.00 82132869120.00 82226626560.00 82311561216.00 82413936640.00 82507481088.00 82600640512.00 82695397376.00 
82783617024.00 82882985984.00 82976587776.00 83070238720.00 83164061696.00 83257729024.00 83351543808.00 83444998144.00 83537584128.00 83643482112.00 83727204352.00 83821494272.00 83914506240.00 84008386560.00 84101931008.00 84195639296.00 84287315968.00 84383383552.00 84477804544.00 84570800128.00 
84657487872.00 84758331392.00 84852047872.00 84945494016.00 85039104000.00 85133066240.00 85227012096.00 85320769536.00 85414305792.00 85506203648.00 85601615872.00 85695938560.00 85788459008.00 85883174912.00 85976612864.00 86070534144.00 86164258816.00 86258728960.00 86351265792.00 86446006272.00 
86536781824.00 86633095168.00 86726639616.00 86813777920.00 86914924544.00 87006928896.00 87102251008.00 87196073984.00 87287521280.00 87383343104.00 87476322304.00 87570849792.00 87664271360.00 87758118912.00 87852113920.00 87945551872.00 88039047168.00 88133533696.00 88227037184.00 88320819200.00 
88413274112.00 88506761216.00 88602566656.00 88696086528.00 88788836352.00 88883290112.00 88977235968.00 89071239168.00 89164775424.00 89258278912.00 89348874240.00 89446047744.00 89538904064.00 89633980416.00 89727262720.00 89820798976.00 89914744832.00 90008559616.00 90102300672.00 90196238336.00 
90278649856.00 90383802368.00 90476879872.00 90571972608.00 90664804352.00 90758217728.00 90852597760.00 90945978368.00 91039473664.00 91133657088.00 91227037696.00 91321270272.00 91414896640.00 91511029760.00 91602460672.00 91694473216.00 91788951552.00 91883683840.00 91977539584.00 92071026688.00 
92163629056.00 92258344960.00 92352405504.00 92446244864.00 92539412480.00 92633325568.00 92727336960.00 92819963904.00 92914589696.00 93008355328.00 93101662208.00 93196115968.00 93287407616.00 93383188480.00 93476798464.00 93570088960.00 93663772672.00 93757505536.00 93849837568.00 93940801536.00 
93970104320.00 94139662336.00 94230642688.00 94323515392.00 94416609280.00 94509891584.00 94603862016.00 94698086400.00 94790000640.00 94884061184.00 94977753088.00 95073165312.00 95165456384.00 95259762688.00 95353126912.00 95446966272.00 95540346880.00 95634915328.00 95728148480.00 95821955072.00 
95914385408.00 96009363456.00 96103145472.00 96196861952.00 96288473088.00 96382787584.00 96478240768.00 96571351040.00 96665493504.00 96759652352.00 96852549632.00 96946937856.00 97039966208.00 97134641152.00 97227939840.00 97321820160.00 97415495680.00 97506205696.00 97603330048.00 97697316864.00 
97785241600.00 97884577792.00 97977810944.00 98071699456.00 98165915648.00 98259197952.00 98353094656.00 98447245312.00 98540388352.00 98634547200.00 98724790272.00 98821898240.00 98915303424.00 99010207744.00 99103490048.00 99197067264.00 99288817664.00 99385024512.00 99478183936.00 99572359168.00 
99664486400.00 99759538176.00 99853385728.00 99946995712.00 100040294400.00 100134264832.00 100227858432.00 100323344384.00 100415930368.00 100509900800.00 100602855424.00 100697202688.00 100789911552.00 100884488192.00 100978515968.00 101070618624.00 101165752320.00 101261410304.00 101353209856.00 101447475200.00 
101538242560.00 101633900544.00 101728690176.00 101822103552.00 101915844608.00 102009544704.00 102103392256.00 102197444608.00 102288728064.00 102384033792.00 102477316096.00 102580822016.00 102666543104.00 102760226816.00 102853468160.00 102947184640.00 103040909312.00 103135076352.00 103227817984.00 103322607616.00 
103409221632.00 103509934080.00 103603486720.00 103697358848.00 103790419968.00 103884947456.00 103978778624.00 104072527872.00 104166006784.00 104259870720.00 104352980992.00 104444977152.00 104541011968.00 104635080704.00 104728977408.00 104822349824.00 104916123648.00 105010143232.00 105103458304.00 105197543424.00 
105280151552.00 105384968192.00 105479028736.00 105572745216.00 105666166784.00 105751371776.00 105853845504.00 105947709440.00 106040696832.00 106135035904.00 106228269056.00 106322698240.00 106415783936.00 106510114816.00 106603601920.00 106697187328.00 106790281216.00 106885013504.00 106978729984.00 107072339968.00 
107164663808.00 107259527168.00 107351695360.00 107461083136.00 107542560768.00 107635884032.00 107729477632.00 107823202304.00 107916861440.00 108010635264.00 108100870144.00 108198404096.00 108289622016.00 108385615872.00 108479537152.00 108572786688.00 108666609664.00 108760375296.00 108854820864.00 108948086784.00 
109039058944.00 109135364096.00 109229178880.00 109323264000.00 109416529920.00 109510279168.00 109604257792.00 109698285568.00 109790806016.00 109885448192.00 109978640384.00 110073430016.00 110166769664.00 110260584448.00 110354284544.00 110446313472.00 110540636160.00 110636105728.00 110729543680.00 110823211008.00 
110915493888.00 111010635776.00 111104606208.00 111198044160.00 111289655296.00 111384805376.00 111479529472.00 111573327872.00 111666806784.00 111760375808.00 111853821952.00 111947898880.00 112041484288.00 112137322496.00 112228810752.00 112322871296.00 112416792576.00 112510541824.00 112603987968.00 112697458688.00 
112763928576.00 112886816768.00 112979943424.00 113072955392.00 113167048704.00 113260658688.00 113354768384.00 113448501248.00 113541750784.00 113635524608.00 113729093632.00 113822613504.00 113916477440.00 114011242496.00 114104508416.00 114198134784.00 114289975296.00 114385428480.00 114479833088.00 114573377536.00 
114665996288.00 114760818688.00 114854453248.00 114948415488.00 115041681408.00 115134300160.00 115229638656.00 115323994112.00 115416924160.00 115510829056.00 115603636224.00 115700932608.00 115791699968.00 115886219264.00 115979665408.00 116073332736.00 116167221248.00 116261199872.00 116354408448.00 116448657408.00 
116539695104.00 116635967488.00 116729856000.00 116823638016.00 116917059584.00 117010907136.00 117105041408.00 117198553088.00 117290188800.00 117385748480.00 117462401024.00 117574049792.00 117667389440.00 117760270336.00 117854928896.00 117948858368.00 118041903104.00 118135955456.00 118229991424.00 118323593216.00 
118416056320.00 118511288320.00 118604906496.00 118697369600.00 118791864320.00 118886293504.00 118980288512.00 119073890304.00 119167311872.00 119261421568.00 119354523648.00 119448657920.00 119541891072.00 119636918272.00 119730233344.00 119822278656.00 119917535232.00 120011833344.00 120104968192.00 120199028736.00 
120281604096.00 120386486272.00 120479760384.00 120572305408.00 120667815936.00 120761040896.00 120855404544.00 120949055488.00 121042018304.00 121136250880.00 121229344768.00 121323626496.00 121417687040.00 121511534592.00 121604358144.00 121698803712.00 121791668224.00 121886048256.00 121979969536.00 122074046464.00 
122160791552.00 122261471232.00 122354909184.00 122448912384.00 122542178304.00 122636181504.00 122729930752.00 122823974912.00 122917568512.00 123011063808.00 123104387072.00 123198922752.00 123290451968.00 123386699776.00 123479851008.00 123573444608.00 123667341312.00 123761238016.00 123854749696.00 123948843008.00 
124039610368.00 124136144896.00 124229492736.00 124323676160.00 124416892928.00 124509380608.00 124604416000.00 124697845760.00 124790300672.00 124884787200.00 124977111040.00 125070286848.00 125160415232.00 125230997504.00 125371236352.00 125455532032.00 125546602496.00 125639614464.00 125732855808.00 125826334720.00 
125918380032.00 126013366272.00 126106976256.00 126200668160.00 126292090880.00 126387634176.00 126481506304.00 126575558656.00 126668906496.00 126762672128.00 126853120000.00 126950694912.00 127043395584.00 127137882112.00 127231328256.00 127325003776.00 127419006976.00 127512371200.00 127606210560.00 127700066304.00 
127788384256.00 127887843328.00 127981191168.00 128075153408.00 128168722432.00 128262242304.00 128356524032.00 128449986560.00 128543252480.00 128637730816.00 128730726400.00 128825114624.00 128918765568.00 129012637696.00 129106165760.00 129191288832.00 129291649024.00 129387134976.00 129481351168.00 129574715392.00 
129667571712.00 129762672640.00 129856430080.00 129950179328.00 130043125760.00 130137751552.00 130231451648.00 130325364736.00 130418712576.00 130512691200.00 130605744128.00 130699739136.00 130793037824.00 130887671808.00 130981625856.00 131074686976.00 131168788480.00 131262791680.00 131356254208.00 131449790464.00 
131530080256.00 131637788672.00 131731365888.00 131825483776.00 131918831616.00 132012302336.00 132106477568.00 132200308736.00 132291895296.00 132387553280.00 132480745472.00 132574838784.00 132670046208.00 132763025408.00 132856406016.00 132950106112.00 133043601408.00 133137924096.00 133231722496.00 133325160448.00 
133417902080.00 133512527872.00 133606563840.00 133700296704.00 133793103872.00 133886066688.00 133981511680.00 134074974208.00 134168223744.00 134264111104.00 134356361216.00 134450561024.00 134543654912.00 134638010368.00 134732439552.00 134825345024.00 134919446528.00 135013326848.00 135106576384.00 135200194560.00 
135283089408.00 135388454912.00 135481573376.00 135575478272.00 135668908032.00 135762845696.00 135856603136.00 135950565376.00 136043765760.00 136138178560.00 136228151296.00 136325758976.00 136418762752.00 136512880640.00 136605433856.00 136701902848.00 136793710592.00 136888647680.00 136982044672.00 137075687424.00 
137168150528.00 137263390720.00 137357025280.00 137450504192.00 137544089600.00 137638084608.00 137731833856.00 137826041856.00 137919234048.00 138013278208.00 138106355712.00 138200858624.00 138292133888.00 138387980288.00 138482860032.00 138574217216.00 138669211648.00 138763599872.00 138856808448.00 138951426048.00 
139041751040.00 139138105344.00 139232051200.00 139325947904.00 139419402240.00 139512938496.00 139607146496.00 139700830208.00 139793530880.00 139888377856.00 139981340672.00 140075614208.00 140169428992.00 140263374848.00 140357435392.00 140450545664.00 140543967232.00 140637814784.00 140731334656.00 140824805376.00 
140884656128.00 141015023616.00 141107855360.00 141201244160.00 141292929024.00 141388627968.00 141482491904.00 141576126464.00 141669646336.00 141763756032.00 141856899072.00 141950664704.00 142044348416.00 142138408960.00 142232256512.00 142325760000.00 142419607552.00 142513094656.00 142607433728.00 142702166016.00 
142789328896.00 142888583168.00 142982332416.00 143075901440.00 143170781184.00 143262121984.00 143357280256.00 143451209728.00 143544467456.00 143638511616.00 143731769344.00 143826337792.00 143920300032.00 144013737984.00 144107470848.00 144201154560.00 144292593664.00 144388407296.00 144481370112.00 144577314816.00 
144669081600.00 144764305408.00 144857481216.00 144951623680.00 145044865024.00 145138614272.00 145232445440.00 145326374912.00 145420009472.00 145513906176.00 145604362240.00 145699635200.00 145793990656.00 145889116160.00 145982685184.00 146075844608.00 146170724352.00 146263998464.00 146357846016.00 146451578880.00 
146542477312.00 146641223680.00 146732679168.00 146826641408.00 146920095744.00 147012976640.00 147107938304.00 147200573440.00 147293192192.00 147388973056.00 147482083328.00 147576471552.00 147670188032.00 147763871744.00 147857752064.00 147949977600.00 148045053952.00 148138999808.00 148233191424.00 148327825408.00 
148418953216.00 148514029568.00 148607811584.00 148701511680.00 148794376192.00 148889026560.00 148982497280.00 149076393984.00 149170028544.00 149263532032.00 149356953600.00 149451489280.00 149544632320.00 149639020544.00 149732786176.00 149825732608.00 149919318016.00 150012903424.00 150106374144.00 150198140928.00 
150239248384.00 150392979456.00 150484729856.00 150578397184.00 150671310848.00 150764748800.00 150858547200.00 150952493056.00 151045586944.00 151139598336.00 151232905216.00 151327047680.00 151420960768.00 151514955776.00 151607525376.00 151701782528.00 151794745344.00 151887691776.00 151983685632.00 152076124160.00 
152169431040.00 152264638464.00 152358584320.00 152451907584.00 152545378304.00 152630853632.00 152732958720.00 152827052032.00 152920817664.00 153014714368.00 153107939328.00 153202229248.00 153293766656.00 153389629440.00 153483493376.00 153576669184.00 153670303744.00 153765019648.00 153858310144.00 153952239616.00 
154043318272.00 154137493504.00 154233241600.00 154327613440.00 154420854784.00 154514309120.00 154608156672.00 154696744960.00 154795180032.00 154889846784.00 154979991552.00 155077263360.00 155170668544.00 155264991232.00 155358232576.00 155451588608.00 155545649152.00 155639857152.00 155733540864.00 155827552256.00 
155919712256.00 156014460928.00 156108652544.00 156202237952.00 156293922816.00 156389294080.00 156482764800.00 156579430400.00 156671295488.00 156765290496.00 156858286080.00 156952510464.00 157045997568.00 157139943424.00 157233479680.00 157325819904.00 157421256704.00 157515268096.00 157608656896.00 157701570560.00 
157790633984.00 157890101248.00 157983621120.00 158077632512.00 158170005504.00 158265098240.00 158358814720.00 158452432896.00 158545920000.00 158640406528.00 158733123584.00 158827462656.00 158920753152.00 159015010304.00 159108808704.00 159202803712.00 159294111744.00 159392940032.00 159483772928.00 159578112000.00 
159664308224.00 159765315584.00 159858671616.00 159952928768.00 160045973504.00 160140181504.00 160233947136.00 160327057408.00 160421101568.00 160514883584.00 160607993856.00 160702447616.00 160794673152.00 160888799232.00 160977453056.00 161080147968.00 161172406272.00 161266171904.00 161359413248.00 161452376064.00 
161544159232.00 161640628224.00 161734311936.00 161828061184.00 161921449984.00 162013888512.00 162109325312.00 162203009024.00 162294497280.00 162390622208.00 162483830784.00 162578563072.00 162671722496.00 162765373440.00 162859466752.00 162953183232.00 163046490112.00 163140321280.00 163234299904.00 163326803968.00 
163420635136.00 163515432960.00 163609624576.00 163702849536.00 163795812352.00 163890331648.00 163983998976.00 164078223360.00 164171563008.00 164265394176.00 164341628928.00 164453220352.00 164546412544.00 164640817152.00 164734189568.00 164827889664.00 164921360384.00 165014929408.00 165109497856.00 165203312640.00 
165285658624.00 165390401536.00 165484642304.00 165578342400.00 165671976960.00 165765644288.00 165859426304.00 165953323008.00 166046597120.00 166140674048.00 166234013696.00 166328909824.00 166421741568.00 166515818496.00 166609256448.00 166701367296.00 166795460608.00 166889406464.00 166989840384.00 167079280640.00 
167171260416.00 167266222080.00 167360102400.00 167453638656.00 167546880000.00 167640727552.00 167734689792.00 167828586496.00 167921958912.00 168016068608.00 168109260800.00 168203452416.00 168295202816.00 168390098944.00 168484962304.00 168578203648.00 168672657408.00 168765931520.00 168859926528.00 168953528320.00 
169033449472.00 169141387264.00 169234923520.00 169328869376.00 169422766080.00 169515876352.00 169609773056.00 169703751680.00 169796403200.00 169891004416.00 169984344064.00 170078601216.00 170172268544.00 170266116096.00 170359832576.00 170453434368.00 170546790400.00 170640556032.00 170730684416.00 170829676544.00 
170921607168.00 171016503296.00 171110219776.00 171203969024.00 171295375360.00 171389698048.00 171484758016.00 171578949632.00 171672223744.00 171766628352.00 171859492864.00 171954159616.00 172047073280.00 172140920832.00 172235259904.00 172328583168.00 172422053888.00 172516409344.00 172610387968.00 172703776768.00 
172792217600.00 172891308032.00 172984860672.00 173078675456.00 173172539392.00 173265600512.00 173356679168.00 173454557184.00 173547372544.00 173641678848.00 173731921920.00 173828931584.00 173922762752.00 174016495616.00 174110310400.00 174203633664.00 174295580672.00 174390738944.00 174485159936.00 174579040256.00 
174671314944.00 174766505984.00 174859763712.00 174952808448.00 175047114752.00 175141093376.00 175234727936.00 175330328576.00 175422816256.00 175516925952.00 175609921536.00 175704784896.00 175796895744.00 175891464192.00 175985246208.00 176070574080.00 176172875776.00 176266706944.00 176360505344.00 176454156288.00 
176545153024.00 176641622016.00 176734535680.00 176829693952.00 176922886144.00 177016291328.00 177110302720.00 177204330496.00 177296048128.00 177392222208.00 177484824576.00 177579458560.00 177672896512.00 177766531072.00 177860427776.00 177955078144.00 178047827968.00 178142003200.00 178235424768.00 178330173440.00 
178416205824.00 178517655552.00 178610765824.00 178704302080.00 178796953600.00 178892390400.00 178985697280.00 179079987200.00 179172917248.00 179266502656.00 179360071680.00 179454361600.00 179547602944.00 179638059008.00 179735887872.00 179829227520.00 179923025920.00 180016906240.00 180110802944.00 180204191744.00 
180286980096.00 180392361984.00 180485488640.00 180579188736.00 180672954368.00 180765196288.00 180862566400.00 180953890816.00 181048016896.00 181142224896.00 181234974720.00 181326430208.00 181423292416.00 181516828672.00 181610790912.00 181703917568.00 181797470208.00 181892038656.00 181985771520.00 182079356928.00 
182172008448.00 182267133952.00 182360522752.00 182455025664.00 182547988480.00 182641999872.00 182736863232.00 182829449216.00 182922887168.00 183017324544.00 183107305472.00 183204380672.00 183296065536.00 183391797248.00 183485775872.00 183579115520.00 183673143296.00 183767121920.00 183860707328.00 183954571264.00 
184045338624.00 184142036992.00 184235606016.00 184329797632.00 184423235584.00 184516968448.00 184610619392.00 184704466944.00 184797102080.00 184892129280.00 184985174016.00 185077972992.00 185173032960.00 185267044352.00 185359908864.00 185452544000.00 185547816960.00 185640960000.00 185734955008.00 185829441536.00 
185921519616.00 186016808960.00 186110427136.00 186203537408.00 186295386112.00 186391101440.00 186484719616.00 186578518016.00 186671972352.00 186765950976.00 186858717184.00 186952843264.00 187045806080.00 187139719168.00 187232878592.00 187325546496.00 187418001408.00 187510079488.00 187600011264.00 187682193408.00 
187658256384.00 187916451840.00 187998191616.00 188088270848.00 188179922944.00 188272345088.00 188365340672.00 188458745856.00 188551675904.00 188645752832.00 188738371584.00 188832382976.00 188926017536.00 189019947008.00 189113696256.00 189206740992.00 189298556928.00 189394534400.00 189487874048.00 189581688832.00 
189674110976.00 189769023488.00 189863460864.00 189957554176.00 190049730560.00 190142185472.00 190238310400.00 190331305984.00 190425006080.00 190520066048.00 190612242432.00 190706204672.00 190799052800.00 190893867008.00 190987550720.00 191080660992.00 191174868992.00 191268405248.00 191362613248.00 191456362496.00 
191547277312.00 191643795456.00 191737495552.00 191831326720.00 191924862976.00 192018366464.00 192112541696.00 192206356480.00 192297713664.00 192393904128.00 192484032512.00 192581222400.00 192674660352.00 192768835584.00 192861323264.00 192955678720.00 193049624576.00 193143472128.00 193237794816.00 193331331072.00 
193423753216.00 193518731264.00 193612431360.00 193706377216.00 193798619136.00 193893597184.00 193987690496.00 194081275904.00 194174648320.00 194271805440.00 194362146816.00 194456174592.00 194549432320.00 194644557824.00 194735865856.00 194829811712.00 194925068288.00 195019014144.00 195112452096.00 195206152192.00 
195288809472.00 195394191360.00 195487711232.00 195581427712.00 195674783744.00 195768680448.00 195862396928.00 195960389632.00 196049879040.00 196144087040.00 196236853248.00 196331847680.00 196424744960.00 196518264832.00 196612800512.00 196705386496.00 196799496192.00 196894179328.00 196987748352.00 197080956928.00 
197168054272.00 197268127744.00 197362794496.00 197456396288.00 197549572096.00 197642665984.00 197737725952.00 197832146944.00 197925044224.00 198018777088.00 198112215040.00 198205947904.00 198298025984.00 198394052608.00 198487769088.00 198581223424.00 198674972672.00 198768525312.00 198863585280.00 198956498944.00 
199047757824.00 199144292352.00 199237894144.00 199331708928.00 199425212416.00 199510491136.00 199612809216.00 199707017216.00 199799357440.00 199893483520.00 199987445760.00 200081260544.00 200175108096.00 200268103680.00 200363491328.00 200456732672.00 200550203392.00 200645820416.00 200738258944.00 200831746048.00 
200924069888.00 201019195392.00 201112961024.00 201207463936.00 201298427904.00 201394372608.00 201488007168.00 201581658112.00 201675292672.00 201769336832.00 201859547136.00 201956425728.00 202049830912.00 202143776768.00 202241671168.00 202331947008.00 202425499648.00 202519609344.00 202613096448.00 202707419136.00 
202794942464.00 202894442496.00 202987536384.00 203081842688.00 203175952384.00 203268997120.00 203362729984.00 203457363968.00 203550441472.00 203644354560.00 203737645056.00 203831459840.00 203925454848.00 204019449856.00 204113461248.00 204205277184.00 204298469376.00 204394528768.00 204487819264.00 204581814272.00 
204674187264.00 204768837632.00 204867469312.00 204957794304.00 205050593280.00 205144457216.00 205238157312.00 205332054016.00 205425704960.00 205519945728.00 205612728320.00 205707182080.00 205799882752.00 205894565888.00 205988577280.00 206081998848.00 206175322112.00 206269431808.00 206363279360.00 206457176064.00 
206536867840.00 206645067776.00 206738145280.00 206832271360.00 206925496320.00 207019425792.00 207113453568.00 207208349696.00 207299198976.00 207395045376.00 207488139264.00 207582560256.00 207675817984.00 207769780224.00 207863480320.00 207957016576.00 208050405376.00 208144826368.00 208237969408.00 208332505088.00 
208424304640.00 208519200768.00 208608673792.00 208709140480.00 208800530432.00 208893640704.00 208988897280.00 209082449920.00 209176444928.00 209269374976.00 209363091456.00 209457594368.00 209550753792.00 209645060096.00 209738678272.00 209831821312.00 209926012928.00 210019942400.00 210113495040.00 210207997952.00 
210290147328.00 210395348992.00 210488705024.00 210583420928.00 210676514816.00 210770018304.00 210864013312.00 210957500416.00 211050872832.00 211145146368.00 211221299200.00 211333234688.00 211426492416.00 211520143360.00 211614121984.00 211707232256.00 211800293376.00 211895549952.00 211988545536.00 212082802688.00 
212175142912.00 212271316992.00 212363902976.00 212457897984.00 212550844416.00 212644839424.00 212738834432.00 212832894976.00 212926169088.00 213019770880.00 213113061376.00 213207891968.00 213299167232.00 213395390464.00 213489139712.00 213581037568.00 213676638208.00 213770190848.00 213863776256.00 213957591040.00 
214048653312.00 214145712128.00 214238969856.00 214332211200.00 214425321472.00 214517579776.00 214620602368.00 214709518336.00 214801186816.00 214895804416.00 214989078528.00 215083155456.00 215176790016.00 215271161856.00 215364288512.00 215457775616.00 215551508480.00 215645454336.00 215739580416.00 215832821760.00 
215920017408.00 216020369408.00 216114610176.00 216205262848.00 216299749376.00 216395366400.00 216489443328.00 216583208960.00 216677072896.00 216770969600.00 216864030720.00 216958058496.00 217051430912.00 217145901056.00 217239257088.00 217332858880.00 217427984384.00 217520717824.00 217614581760.00 217708265472.00 
217796673536.00 217896828928.00 217989267456.00 218083360768.00 218176798720.00 218269204480.00 218364428288.00 218458570752.00 218551664640.00 218645626880.00 218738933760.00 218832863232.00 218926645248.00 219018805248.00 219115290624.00 219208466432.00 219300003840.00 219396030464.00 219489583104.00 219583823872.00 
219675983872.00 219770847232.00 219865006080.00 219958738944.00 220051865600.00 220146417664.00 220239675392.00 220333277184.00 220427288576.00 220520939520.00 220611166208.00 220708438016.00 220800630784.00 220901474304.00 220989980672.00 221083369472.00 221176922112.00 221270966272.00 221364649984.00 221460725760.00 
221549510656.00 221646159872.00 221739597824.00 221833281536.00 221927735296.00 222020960256.00 222114643968.00 222208409600.00 222300143616.00 222395973632.00 222489001984.00 222583439360.00 222677450752.00 222771429376.00 222865096704.00 222949982208.00 223052185600.00 223146590208.00 223239700480.00 223333908480.00 
223426199552.00 223522357248.00 223614287872.00 223710658560.00 223801262080.00 223895650304.00 223990792192.00 224083263488.00 224176832512.00 224271220736.00 224364281856.00 224458489856.00 224551993344.00 224646053888.00 224739491840.00 224832897024.00 224926564352.00 225019854848.00 225113292800.00 225205321728.00 
225246511104.00 225400029184.00 225492041728.00 225585184768.00 225678393344.00 225771962368.00 225865400320.00 225959247872.00 226052653056.00 226146779136.00 226239954944.00 226334572544.00 226428043264.00 226521792512.00 226615508992.00 226708471808.00 226801876992.00 226896904192.00 226990161920.00 227084550144.00 
227176792064.00 227270557696.00 227365044224.00 227459219456.00 227552362496.00 227645161472.00 227740499968.00 227834740736.00 227927490560.00 228021714944.00 228114939904.00 228209262592.00 228300914688.00 228397760512.00 228490248192.00 228584669184.00 228677926912.00 228771856384.00 228865523712.00 228956930048.00 
229050400768.00 229146787840.00 229240340480.00 229334171648.00 229427412992.00 229522128896.00 229615665152.00 229709381632.00 229802246144.00 229898780672.00 229987106816.00 230084509696.00 230178095104.00 230271909888.00 230365986816.00 230459031552.00 230552322048.00 230646661120.00 230740688896.00 230833963008.00 
230926745600.00 231021101056.00 231117144064.00 231209943040.00 231301480448.00 231396868096.00 231490666496.00 231584595968.00 231677689856.00 231771914240.00 231865139200.00 231960231936.00 232053080064.00 232147124224.00 232240922624.00 232332804096.00 232427290624.00 232522399744.00 232615739392.00 232709701632.00 
232797880320.00 232895774720.00 232990588928.00 233085009920.00 233178316800.00 233272213504.00 233365946368.00 233459761152.00 233552936960.00 233647669248.00 233740386304.00 233834397696.00 233928261632.00 234022092800.00 234115645440.00 234209099776.00 234301063168.00 234396876800.00 234490298368.00 234583195648.00 
234643603456.00 234773495808.00 234866786304.00 234960486400.00 235053629440.00 235147313152.00 235240751104.00 235335122944.00 235428954112.00 235522555904.00 235615715328.00 235710152704.00 235802525696.00 235897356288.00 235991187456.00 236084789248.00 236178653184.00 236272582656.00 236366020608.00 236460163072.00 
236550717440.00 236647137280.00 236741394432.00 236834996224.00 236928794624.00 237020725248.00 237115392000.00 237210255360.00 237301923840.00 237397835776.00 237490847744.00 237585137664.00 237678657536.00 237772177408.00 237866418176.00 237959725056.00 238053326848.00 238147584000.00 238241136640.00 238335000576.00 
238427701248.00 238522662912.00 238616313856.00 238709948416.00 238802518016.00 238895677440.00 238992818176.00 239085617152.00 239179038720.00 239272607744.00 239363325952.00 239460401152.00 239553724416.00 239647571968.00 239741894656.00 239835086848.00 239929229312.00 240023126016.00 240116498432.00 240209903616.00 
240293101568.00 240398204928.00 240491495424.00 240585129984.00 240678371328.00 240772628480.00 240865787904.00 240960192512.00 241053663232.00 241147559936.00 241240735744.00 241334468608.00 241429839872.00 241523408896.00 241616764928.00 241708646400.00 241802985472.00 241898209280.00 241991565312.00 242086019072.00 
242177769472.00 242273124352.00 242366660608.00 242460540928.00 242553716736.00 242647531520.00 242741837824.00 242835144704.00 242927599616.00 243023740928.00 243116457984.00 243210944512.00 243302367232.00 243398164480.00 243491454976.00 243585531904.00 243679297536.00 243772866560.00 243866779648.00 243960659968.00 
244040368128.00 244148436992.00 244241891328.00 244335378432.00 244428816384.00 244522926080.00 244616577024.00 244710719488.00 244803338240.00 244898660352.00 244991475712.00 245085487104.00 245179285504.00 245272969216.00 245366915072.00 245460205568.00 245554069504.00 245648343040.00 245741568000.00 245835186176.00 
245927821312.00 246023389184.00 246116630528.00 246211067904.00 246302425088.00 246389407744.00 246492250112.00 246585835520.00 246679126016.00 246773186560.00 246866411520.00 246960553984.00 247054172160.00 247148478464.00 247241637888.00 247335419904.00 247429152768.00 247523229696.00 247616765952.00 247710646272.00 
247798579200.00 247898095616.00 247991681024.00 248086085632.00 248178835456.00 248272699392.00 248366874624.00 248460394496.00 248553848832.00 248647450624.00 248738856960.00 248835588096.00 248929140736.00 249022906368.00 249116508160.00 249210077184.00 249301811200.00 249397673984.00 249491456000.00 249584943104.00 
249677283328.00 249771982848.00 249865551872.00 249958662144.00 250050805760.00 250142474240.00 250227015680.00 250367180800.00 250437419008.00 250528235520.00 250620002304.00 250713620480.00 250805878784.00 250900545536.00 250993623040.00 251085815808.00 251181137920.00 251274985472.00 251368734720.00 251462123520.00 
251552940032.00 251649392640.00 251743371264.00 251836874752.00 251930705920.00 252024569856.00 252118450176.00 252212035584.00 252303507456.00 252399517696.00 252492316672.00 252587048960.00 252680519680.00 252774334464.00 252868476928.00 252961587200.00 253055139840.00 253149511680.00 253243097088.00 253336944640.00 
253423894528.00 253524344832.00 253618159616.00 253712384000.00 253804642304.00 253898997760.00 253993385984.00 254086905856.00 254180376576.00 254274797568.00 254367924224.00 254462328832.00 254555439104.00 254649450496.00 254742773760.00 254836621312.00 254930255872.00 255026200576.00 255118000128.00 255211864064.00 
255294341120.00 255399231488.00 255493242880.00 255586287616.00 255680282624.00 255772721152.00 255867912192.00 255961415680.00 256055525376.00 256149962752.00 256242483200.00 256336805888.00 256430653440.00 256524615680.00 256618250240.00 256711540736.00 256804618240.00 256900956160.00 256993230848.00 257087045632.00 
257179500544.00 257274757120.00 257367916544.00 257462501376.00 257555316736.00 257648787456.00 257743339520.00 257838022656.00 257930362880.00 258024128512.00 258100641792.00 258212593664.00 258303868928.00 258399895552.00 258493169664.00 258586918912.00 258680782848.00 258774597632.00 258868117504.00 258961965056.00 
259053010944.00 259149463552.00 259243786240.00 259337158656.00 259430596608.00 259524362240.00 259618258944.00 259712237568.00 259804610560.00 259897311232.00 259993714688.00 260087660544.00 260181000192.00 260274438144.00 260368646144.00 260460822528.00 260555587584.00 260649779200.00 260743725056.00 260837670912.00 
260930043904.00 261025005568.00 261118214144.00 261213159424.00 261304221696.00 261399773184.00 261493473280.00 261587222528.00 261681496064.00 261775933440.00 261867847680.00 261962596352.00 262055739392.00 262150193152.00 262243401728.00 262336987136.00 262430785536.00 262525353984.00 262618365952.00 262711721984.00 
262778535936.00 262900957184.00 262994034688.00 263088095232.00 263181172736.00 263275134976.00 263369326592.00 263461093376.00 263555940352.00 263650525184.00 263743291392.00 263838138368.00 263931019264.00 264025112576.00 264118829056.00 264213086208.00 264304246784.00 264400306176.00 264493645824.00 264587542528.00 
264680259584.00 264775073792.00 264868839424.00 264962326528.00 265056370688.00 265148809216.00 265243869184.00 265337815040.00 265431056384.00 265525198848.00 265618259968.00 265712795648.00 265805217792.00 265899835392.00 265994027008.00 266087677952.00 266181541888.00 266274996224.00 266369335296.00 266462756864.00 
266553982976.00 266650157056.00 266743529472.00 266838065152.00 266931437568.00 267024990208.00 267118788608.00 267213160448.00 267304402944.00 267400249344.00 267490361344.00 267587452928.00 267681185792.00 267775049728.00 267868536832.00 267961466880.00 268054708224.00 268136988672.00 268246433792.00 268338757632.00 
268431228928.00 268525715456.00 268619628544.00 268713033728.00 268805980160.00 268900499456.00 268994314240.00 269088129024.00 269182173184.00 269275709440.00 269368967168.00 269463420928.00 269556547584.00 269650608128.00 269744537600.00 269829144576.00 269931446272.00 270025588736.00 270119010304.00 270213382144.00 
270295678976.00 270400602112.00 270494498816.00 270587904000.00 270681948160.00 270775566336.00 270869118976.00 270963523584.00 271056306176.00 271153102848.00 271244083200.00 271338373120.00 271432105984.00 271525969920.00 271619325952.00 271713042432.00 271805939712.00 271901114368.00 271994683392.00 272088154112.00 
272175038464.00 272275767296.00 272370221056.00 272463429632.00 272556212224.00 272650190848.00 272744841216.00 272838295552.00 272931422208.00 273017552896.00 273119707136.00 273214390272.00 273305255936.00 273400889344.00 273494802432.00 273588256768.00 273681940480.00 273776410624.00 273869537280.00 273964187648.00 
274054660096.00 274151145472.00 274244943872.00 274336874496.00 274432262144.00 274524307456.00 274619793408.00 274713886720.00 274806341632.00 274900844544.00 274994397184.00 275088670720.00 275182256128.00 275274792960.00 275370344448.00 275463569408.00 275557220352.00 275651461120.00 275744718848.00 275838894080.00 
275931037696.00 276025933824.00 276120109056.00 276213301248.00 276305117184.00 276400930816.00 276494450688.00 276588036096.00 276682964992.00 276776222720.00 276866629632.00 276963885056.00 277057110016.00 277151318016.00 277245198336.00 277338718208.00 277432139776.00 277526544384.00 277620457472.00 277713846272.00 
277801893888.00 277900984320.00 277994700800.00 278092087296.00 278182133760.00 278275850240.00 278370287616.00 278463283200.00 278557327360.00 278650880000.00 278744498176.00 278838542336.00 278932717568.00 279026728960.00 279119953920.00 279212294144.00 279305519104.00 279401332736.00 279495278592.00 279589158912.00 
279681269760.00 279776198656.00 279869980672.00 279963467776.00 280057184256.00 280150638592.00 280245141504.00 280338595840.00 280432345088.00 280525340672.00 280619450368.00 280714444800.00 280806588416.00 280900272128.00 280994021376.00 281087967232.00 281181290496.00 281274548224.00 281367511040.00 281458769920.00 
281487572992.00 281657769984.00 281748504576.00 281841041408.00 281934069760.00 282027819008.00 282121437184.00 282215284736.00 282306347008.00 282402095104.00 282495516672.00 282589659136.00 282683310080.00 282778402816.00 282870710272.00 282964262912.00 283057979392.00 283152187392.00 283245871104.00 283339849728.00 
283432648704.00 283527282688.00 283620278272.00 283714650112.00 283806957568.00 283900411904.00 283995668480.00 284087091200.00 284182609920.00 284277014528.00 284369813504.00 284464906240.00 284557770752.00 284652568576.00 284745596928.00 284839411712.00 284933488640.00 285026582528.00 285121216512.00 285214507008.00 
285297115136.00 285402202112.00 285496115200.00 285589667840.00 285683286016.00 285776871424.00 285870686208.00 285964402688.00 286058414080.00 286152359936.00 286242504704.00 286339923968.00 286433476608.00 286527029248.00 286621171712.00 286714658816.00 286807293952.00 286902353920.00 286995775488.00 287091556352.00 
287182356480.00 287277613056.00 287371100160.00 287464816640.00 287558598656.00 287652315136.00 287746031616.00 287840174080.00 287933693952.00 288027344896.00 288120897536.00 288214777856.00 288305971200.00 288402178048.00 288495992832.00 288587841536.00 288682934272.00 288784842752.00 288871579648.00 288965132288.00 
289055866880.00 289152630784.00 289246871552.00 289339572224.00 289433485312.00 289527332864.00 289621409792.00 289715060736.00 289807761408.00 289902460928.00 289995489280.00 290092417024.00 290183970816.00 290277621760.00 290371010560.00 290464530432.00 290558410752.00 290652913664.00 290746007552.00 290839789568.00 
290927050752.00 291027353600.00 291120480256.00 291215278080.00 291306635264.00 291402252288.00 291496165376.00 291589980160.00 291683598336.00 291777019904.00 291869982720.00 291955113984.00 292059873280.00 292153229312.00 292246519808.00 292340137984.00 292433854464.00 292528390144.00 292621746176.00 292715626496.00 
292803608576.00 292902862848.00 292997529600.00 293090787328.00 293183913984.00 293269209088.00 293371674624.00 293465522176.00 293558779904.00 293652561920.00 293745491968.00 293840486400.00 293933940736.00 294027264000.00 294121242624.00 294214664192.00 294307069952.00 294402785280.00 294496468992.00 294590644224.00 
294682656768.00 294777880576.00 294871465984.00 294968721408.00 295059128320.00 295152746496.00 295246757888.00 295340867584.00 295434387456.00 295528562688.00 295618445312.00 295715700736.00 295808466944.00 295903395840.00 295996981248.00 296090370048.00 296184283136.00 296277442560.00 296374108160.00 296465399808.00 
296556625920.00 296652865536.00 296746680320.00 296840986624.00 296934277120.00 297027633152.00 297122004992.00 297216212992.00 297307373568.00 297403351040.00 297496346624.00 297590587392.00 297684041728.00 297778642944.00 297872130048.00 297964208128.00 298058940416.00 298153181184.00 298246569984.00 298341040128.00 
298433019904.00 298528112640.00 298621861888.00 298715873280.00 298808508416.00 298902913024.00 298997121024.00 299091066880.00 299184390144.00 299277549568.00 299371003904.00 299464491008.00 299558666240.00 299653136384.00 299746164736.00 299840307200.00 299933990912.00 300027641856.00 300120670208.00 300212322304.00 
300253380608.00 300407062528.00 300499009536.00 300591972352.00 300685000704.00 300778881024.00 300873089024.00 300967034880.00 301059702784.00 301153583104.00 301246939136.00 301341343744.00 301434699776.00 301528678400.00 301622296576.00 301716504576.00 301809106944.00 301903609856.00 301997326336.00 302091337728.00 
302183874560.00 302278672384.00 302372257792.00 302466007040.00 302559559680.00 302651998208.00 302748008448.00 302841331712.00 302934327296.00 303028961280.00 303121629184.00 303217115136.00 303307685888.00 303403925504.00 303496462336.00 303591063552.00 303685074944.00 303779577856.00 303870246912.00 303966224384.00 
304057483264.00 304153493504.00 304247767040.00 304341516288.00 304435265536.00 304528687104.00 304622501888.00 304716218368.00 304809213952.00 304903979008.00 304980197376.00 305092198400.00 305185325056.00 305278812160.00 305372725248.00 305466474496.00 305560059904.00 305654267904.00 305747984384.00 305841111040.00 
305934073856.00 306029264896.00 306122752000.00 306216337408.00 306308218880.00 306403540992.00 306497388544.00 306591137792.00 306685116416.00 306779127808.00 306871795712.00 306966560768.00 307058999296.00 307157041152.00 307248463872.00 307340181504.00 307435110400.00 307529285632.00 307622936576.00 307716751360.00 
307805323264.00 307904348160.00 307996655616.00 308091289600.00 308185235456.00 308279214080.00 308373651456.00 308466876416.00 308559872000.00 308654538752.00 308746911744.00 308841742336.00 308935163904.00 309029076992.00 309120270336.00 309216575488.00 309308620800.00 309404336128.00 309497626624.00 309592096768.00 
309678473216.00 309779791872.00 309872656384.00 309966766080.00 310059696128.00 310154100736.00 310247915520.00 310341894144.00 310434988032.00 310529196032.00 310622420992.00 310716727296.00 310809886720.00 310904029184.00 310997811200.00 311091363840.00 311185408000.00 311278403584.00 311373168640.00 311466524672.00 
311557750784.00 311654645760.00 311747739648.00 311842144256.00 311935926272.00 312027578368.00 312123031552.00 312216551424.00 312308432896.00 312404017152.00 312497012736.00 312591548416.00 312684019712.00 312771903488.00 312877383680.00 312968282112.00 313061081088.00 313155485696.00 313249103872.00 313342558208.00 
313434963968.00 313529991168.00 313623576576.00 313717522432.00 313810419712.00 313904824320.00 313998475264.00 314093010944.00 314185711616.00 314280476672.00 314370260992.00 314467287040.00 314560905216.00 314655244288.00 314748698624.00 314842775552.00 314935738368.00 315029815296.00 315123400704.00 315217313792.00 
315299823616.00 315405008896.00 315498659840.00 315592376320.00 315685896192.00 315779252224.00 315873492992.00 315967242240.00 316060467200.00 316155461632.00 316248522752.00 316342435840.00 316435955712.00 316530130944.00 316623486976.00 316708585472.00 316810330112.00 316904800256.00 316998746112.00 317092888576.00 
317184638976.00 317280485376.00 317373808640.00 317467262976.00 317560094720.00 317656236032.00 317748740096.00 317842751488.00 317936697344.00 318030118912.00 318123474944.00 318217617408.00 318309203968.00 318405443584.00 318500208640.00 318592253952.00 318686593024.00 318780342272.00 318874222592.00 318967513088.00 
319047303168.00 319155732480.00 319249448960.00 319344050176.00 319436357632.00 319529910272.00 319624380416.00 319717408768.00 319810666496.00 319905202176.00 319998689280.00 320092372992.00 320186613760.00 320279871488.00 320373751808.00 320467697664.00 320561020928.00 320655065088.00 320748748800.00 320843644928.00 
320935362560.00 321030160384.00 321123811328.00 321217429504.00 321309016064.00 321403125760.00 321498349568.00 321591967744.00 321683128320.00 321784971264.00 321874984960.00 321968898048.00 322061762560.00 322156003328.00 322249949184.00 322342977536.00 322436890624.00 322530738176.00 322624290816.00 322718466048.00 
322806218752.00 322905735168.00 322999255040.00 323093004288.00 323186524160.00 323280470016.00 323374219264.00 323467673600.00 323560669184.00 323655794688.00 323746070528.00 323844734976.00 323936616448.00 324031840256.00 324124147712.00 324218552320.00 324309843968.00 324405460992.00 324499800064.00 324593254400.00 
324685758464.00 324781506560.00 324874797056.00 324968185856.00 325061476352.00 325155192832.00 325248843776.00 325344526336.00 325437358080.00 325530779648.00 325624102912.00 325718573056.00 325811175424.00 325905743872.00 325999460352.00 326091276288.00 326186762240.00 326281035776.00 326374129664.00 326468632576.00 
326559694848.00 326656163840.00 326749126656.00 326843924480.00 326937772032.00 327030931456.00 327124385792.00 327218429952.00 327309852672.00 327405666304.00 327499055104.00 327593787392.00 327686389760.00 327781646336.00 327874478080.00 327967768576.00 328061747200.00 328155332608.00 328249016320.00 328342241280.00 
328402108416.00 328532852736.00 328625487872.00 328719171584.00 328811479040.00 328906407936.00 328999927808.00 329093545984.00 329187524608.00 329281241088.00 329374302208.00 329468870656.00 329561538560.00 329656139776.00 329749528576.00 329842851840.00 329937420288.00 330031300608.00 330125148160.00 330218962944.00 
330301243392.00 330406461440.00 330500046848.00 330593828864.00 330687676416.00 330779623424.00 330875109376.00 330968793088.00 331062411264.00 331155931136.00 331249909760.00 331343757312.00 331437735936.00 331531845632.00 331625299968.00 331718557696.00 331811848192.00 331906088960.00 332000002048.00 332094275584.00 
332186550272.00 332282920960.00 332375621632.00 332469567488.00 332562366464.00 332656148480.00 332749832192.00 332843778048.00 332937297920.00 333031768064.00 333121486848.00 333218742272.00 333310099456.00 333406109696.00 333499465728.00 333591871488.00 333690175488.00 333782155264.00 333875609600.00 333969260544.00 
334060191744.00 334157512704.00 334250770432.00 334343864320.00 334437974016.00 334531067904.00 334625603584.00 334718959616.00 334811955200.00 334906556416.00 335000109056.00 335093858304.00 335187705856.00 335281684480.00 335375335424.00 335467446272.00 335562473472.00 335656386560.00 335750463488.00 335848833024.00 
335936847872.00 336031973376.00 336125231104.00 336218783744.00 336310730752.00 336406151168.00 336500097024.00 336594042880.00 336688021504.00 336781737984.00 336874700800.00 336969269248.00 337062723584.00 337157062656.00 337250549760.00 337343971328.00 337438048256.00 337531371520.00 337625415680.00 337719001088.00 
337785454592.00 337908203520.00 338001133568.00 338094686208.00 338188402688.00 338281824256.00 338376065024.00 338469847040.00 338563465216.00 338656821248.00 338750570496.00 338844876800.00 338938167296.00 339033194496.00 339125731328.00 339219185664.00 339311558656.00 339406716928.00 339500531712.00 339590021120.00 
339686981632.00 339781648384.00 339876085760.00 339969802240.00 340062928896.00 340148715520.00 340250984448.00 340344635392.00 340438351872.00 340532461568.00 340625620992.00 340719665152.00 340812201984.00 340907589632.00 341000781824.00 341094400000.00 341186347008.00 341283831808.00 341376335872.00 341469954048.00 
341560786944.00 341656928256.00 341751037952.00 341845082112.00 341938470912.00 342032416768.00 342126166016.00 342218473472.00 342311632896.00 342407348224.00 342497853440.00 342594355200.00 342687678464.00 342782312448.00 342876454912.00 342969647104.00 343063068672.00 343157211136.00 343250960384.00 343344840704.00 
343437606912.00 343531061248.00 343626776576.00 343719968768.00 343812702208.00 343906189312.00 344000266240.00 344096833536.00 344188813312.00 344282988544.00 344375689216.00 344470847488.00 344562761728.00 344657494016.00 344751144960.00 344843681792.00 344938545152.00 345032523776.00 345125814272.00 345220022272.00 
345302499328.00 345407881216.00 345501630464.00 345594986496.00 345688309760.00 345782091776.00 345876168704.00 345970507776.00 346063536128.00 346157678592.00 346250575872.00 346344947712.00 346437091328.00 346533560320.00 346626818048.00 346719977472.00 346813136896.00 346908393472.00 347001192448.00 347094908928.00 
347182170112.00 347282538496.00 347376254976.00 347470069760.00 347563884544.00 347657437184.00 347751448576.00 347844902912.00 347938652160.00 348032139264.00 348125954048.00 348219899904.00 348311683072.00 348407365632.00 348500000768.00 348595814400.00 348688973824.00 348783312896.00 348876865536.00 348970647552.00 
349061316608.00 349158604800.00 349251076096.00 349345447936.00 349437919232.00 349531602944.00 349625974784.00 349720150016.00 349813047296.00 349908271104.00 350000840704.00 350095769600.00 350188437504.00 350281465856.00 350376886272.00 350470242304.00 350563991552.00 350658035712.00 350751981568.00 350844846080.00 
350937874432.00 351032377344.00 351127830528.00 351220531200.00 351312117760.00 351407669248.00 351500894208.00 351595167744.00 351689179136.00 351782764544.00 351859343360.00 351970754560.00 352064241664.00 352158121984.00 352251904000.00 352345063424.00 352439205888.00 352532725760.00 352627097600.00 352720060416.00 
352808960000.00 352907984896.00 353002029056.00 353095909376.00 353188478976.00 353283801088.00 353376927744.00 353471332352.00 353563869184.00 353658699776.00 353750941696.00 353846001664.00 353939390464.00 354033500160.00 354126462976.00 354218770432.00 354312093696.00 354407743488.00 354503294976.00 354595733504.00 
354688040960.00 354783363072.00 354877079552.00 354971025408.00 355064414208.00 355158261760.00 355251814400.00 355346219008.00 355439345664.00 355532800000.00 355627237376.00 355721117696.00 355813818368.00 355908091904.00 356002103296.00 356095721472.00 356189536256.00 356283449344.00 356377526272.00 356471439360.00 
356550737920.00 356659134464.00 356752359424.00 356846305280.00 356939530240.00 357033115648.00 357127061504.00 357220843520.00 357312495616.00 357408636928.00 357501534208.00 357595774976.00 357689753600.00 357783863296.00 357878005760.00 357970313216.00 358064226304.00 358159187968.00 358251102208.00 358345670656.00 
358438797312.00 358534316032.00 358627147776.00 358720438272.00 358813958144.00 358907084800.00 359000309760.00 359096156160.00 359189839872.00 359283884032.00 359376977920.00 359472332800.00 359564574720.00 359658553344.00 359752466432.00 359845593088.00 359939964928.00 360033484800.00 360127528960.00 360221573120.00 
360303591424.00 360408907776.00 360502591488.00 360595881984.00 360689401856.00 360783675392.00 360876900352.00 360972353536.00 361064333312.00 361158213632.00 361249013760.00 361346203648.00 361440706560.00 361534160896.00 361626894336.00 361721004032.00 361814163456.00 361907683328.00 362003038208.00 362096558080.00 
362188308480.00 362283204608.00 362375741440.00 362470866944.00 362564648960.00 362658594816.00 362751983616.00 362846814208.00 362940104704.00 363033559040.00 363126652928.00 363224891392.00 363312906240.00 363407507456.00 363502600192.00 363587993600.00 363690098688.00 363783979008.00 363877433344.00 363971313664.00 
364062244864.00 364158746624.00 364252233728.00 364346769408.00 364439535616.00 364533252096.00 364627656704.00 364720848896.00 364813877248.00 364909035520.00 365002293248.00 365096140800.00 365190545408.00 365284065280.00 365377323008.00 365471203328.00 365564329984.00 365658931200.00 365752942592.00 365846495232.00 
365933101056.00 366033829888.00 366127480832.00 366221099008.00 366312620032.00 366408400896.00 366502903808.00 366599012352.00 366690172928.00 366783430656.00 366876426240.00 366970929152.00 367064711168.00 367158067200.00 367252930560.00 367346843648.00 367439675392.00 367533719552.00 367627665408.00 367720824832.00 
367809069056.00 367908749312.00 368002859008.00 368096051200.00 368189833216.00 368282009600.00 368378085376.00 368471343104.00 368564961280.00 368659660800.00 368751837184.00 368845553664.00 368939696128.00 369033838592.00 369127358464.00 369221140480.00 369312825344.00 369407721472.00 369503010816.00 369596366848.00 
369688510464.00 369783537664.00 369876303872.00 369971036160.00 370064228352.00 370157977600.00 370252775424.00 370346033152.00 370439356416.00 370533761024.00 370623905792.00 370720866304.00 370813992960.00 370908168192.00 371001819136.00 371095339008.00 371189022720.00 371283951616.00 371377111040.00 371470598144.00 
371561463808.00 371658227712.00 371751682048.00 371845857280.00 371938590720.00 372032503808.00 372126515200.00 372220297216.00 372311359488.00 372408221696.00 372500692992.00 372594540544.00 372688125952.00 372781907968.00 372875657216.00 372967997440.00 373062402048.00 373156478976.00 373250359296.00 373343158272.00 
373435727872.00 373530918912.00 373624078336.00 373717762048.00 373809741824.00 373904179200.00 373997666304.00 374091251712.00 374183919616.00 374277177344.00 374369583104.00 374463135744.00 374554591232.00 374647128064.00 374738518016.00 374828859392.00 374918316032.00 375004299264.00 375082680320.00 375129604096.00 
end   dump: w
==END   DUMP_ARRAYS==
Time in seconds = 0.082268
