Sender: LSF System <lsfadmin@polus-c3-ib.bmc.hpc.cs.msu.ru>
Subject: Job 494407: <./extra.o> in cluster <MSUCluster> Done

Job <./extra.o> was submitted from host <polus-ib.bmc.hpc.cs.msu.ru> by user <edu-cmc-skpod19-328-11> in cluster <MSUCluster> at Fri Nov 29 23:44:36 2019
Job was executed on host(s) <5*polus-c3-ib.bmc.hpc.cs.msu.ru>, in queue <short>, as user <edu-cmc-skpod19-328-11> in cluster <MSUCluster> at Fri Nov 29 23:46:49 2019
                            <10*polus-c4-ib.bmc.hpc.cs.msu.ru>
</home_edu/edu-cmc-skpod19-328/edu-cmc-skpod19-328-11> was used as the home directory.
</home_edu/edu-cmc-skpod19-328/edu-cmc-skpod19-328-11/dep_gemver> was used as the working directory.
Started at Fri Nov 29 23:46:49 2019
Terminated at Fri Nov 29 23:46:51 2019
Results reported at Fri Nov 29 23:46:51 2019

Your job looked like:

------------------------------------------------------------
# LSBATCH: User input
./extra.o
------------------------------------------------------------

Successfully completed.

Resource usage summary:

    CPU time :                                   15.53 sec.
    Max Memory :                                 1 MB
    Average Memory :                             1.00 MB
    Total Requested Memory :                     -
    Delta Memory :                               -
    Max Swap :                                   -
    Max Processes :                              1
    Max Threads :                                1
    Run time :                                   1 sec.
    Turnaround time :                            135 sec.

The output (if any) follows:

==BEGIN DUMP_ARRAYS==
begin dump: w
0.00 0.00 0.00 0.00 0.00 0.00 0.00 0.00 0.00 0.00 0.00 0.00 0.00 0.00 0.00 0.00 0.00 0.00 0.00 0.00 
0.00 0.00 0.00 0.00 0.00 0.00 0.00 0.00 0.00 0.00 0.00 0.00 0.00 0.00 0.00 0.00 0.00 0.00 0.00 0.00 
0.00 0.00 0.00 0.00 0.00 0.00 0.00 0.00 0.00 0.00 0.00 0.00 0.00 0.00 0.00 0.00 0.00 0.00 0.00 0.00 
0.00 0.00 0.00 0.00 0.00 0.00 0.00 0.00 0.00 0.00 0.00 0.00 0.00 0.00 0.00 0.00 0.00 0.00 0.00 0.00 
0.00 0.00 0.00 0.00 0.00 0.00 0.00 0.00 0.00 0.00 0.00 0.00 0.00 0.00 0.00 0.00 0.00 0.00 0.00 0.00 
0.00 0.00 0.00 0.00 0.00 0.00 0.00 0.00 0.00 0.00 0.00 0.00 0.00 0.00 0.00 0.00 0.00 0.00 0.00 0.00 
0.00 0.00 0.00 0.00 0.00 0.00 0.00 0.00 0.00 0.00 0.00 0.00 0.00 0.00 0.00 0.00 0.00 0.00 0.00 0.00 
0.00 0.00 0.00 0.00 0.00 0.00 0.00 0.00 0.00 0.00 0.00 0.00 0.00 0.00 0.00 0.00 0.00 0.00 0.00 0.00 
0.00 0.00 0.00 0.00 0.00 0.00 0.00 0.00 0.00 0.00 0.00 0.00 0.00 0.00 0.00 0.00 0.00 0.00 0.00 0.00 
0.00 0.00 0.00 0.00 0.00 0.00 0.00 0.00 0.00 0.00 0.00 0.00 0.00 0.00 0.00 0.00 0.00 0.00 0.00 0.00 
0.00 0.00 0.00 0.00 0.00 0.00 0.00 0.00 0.00 0.00 0.00 0.00 0.00 0.00 0.00 0.00 0.00 0.00 0.00 0.00 
0.00 0.00 0.00 0.00 0.00 0.00 0.00 0.00 0.00 0.00 0.00 0.00 0.00 0.00 0.00 0.00 0.00 0.00 0.00 0.00 
0.00 0.00 0.00 0.00 0.00 0.00 0.00 0.00 0.00 0.00 0.00 0.00 0.00 0.00 0.00 0.00 0.00 0.00 0.00 0.00 
0.00 0.00 0.00 0.00 0.00 0.00 0.00 0.00 0.00 0.00 0.00 0.00 0.00 0.00 0.00 0.00 0.00 0.00 0.00 0.00 
0.00 0.00 0.00 0.00 0.00 0.00 0.00 0.00 0.00 0.00 0.00 0.00 0.00 0.00 0.00 0.00 0.00 0.00 0.00 0.00 
0.00 0.00 0.00 0.00 0.00 0.00 0.00 0.00 0.00 0.00 0.00 0.00 0.00 0.00 0.00 0.00 0.00 0.00 0.00 0.00 
0.00 0.00 0.00 0.00 0.00 0.00 0.00 0.00 0.00 0.00 0.00 0.00 0.00 0.00 0.00 0.00 0.00 0.00 0.00 0.00 
0.00 0.00 0.00 0.00 0.00 0.00 0.00 0.00 0.00 0.00 0.00 0.00 0.00 0.00 0.00 0.00 0.00 0.00 0.00 0.00 
0.00 0.00 0.00 0.00 0.00 0.00 0.00 0.00 0.00 0.00 0.00 0.00 0.00 0.00 0.00 0.00 0.00 0.00 0.00 0.00 
0.00 0.00 0.00 0.00 0.00 0.00 0.00 0.00 0.00 0.00 0.00 0.00 0.00 0.00 0.00 0.00 0.00 0.00 0.00 0.00 
0.00 0.00 0.00 0.00 0.00 0.00 0.00 0.00 0.00 0.00 0.00 0.00 0.00 0.00 0.00 0.00 0.00 0.00 0.00 0.00 
0.00 0.00 0.00 0.00 0.00 0.00 0.00 0.00 0.00 0.00 0.00 0.00 0.00 0.00 0.00 0.00 0.00 0.00 0.00 0.00 
0.00 0.00 0.00 0.00 0.00 0.00 0.00 0.00 0.00 0.00 0.00 0.00 0.00 0.00 0.00 0.00 0.00 0.00 0.00 0.00 
0.00 0.00 0.00 0.00 0.00 0.00 0.00 0.00 0.00 0.00 0.00 0.00 0.00 0.00 0.00 0.00 0.00 0.00 0.00 0.00 
0.00 0.00 0.00 0.00 0.00 0.00 0.00 0.00 0.00 0.00 0.00 0.00 0.00 0.00 0.00 0.00 0.00 0.00 0.00 0.00 
0.00 0.00 0.00 0.00 0.00 0.00 0.00 0.00 0.00 0.00 0.00 0.00 0.00 0.00 0.00 0.00 0.00 0.00 0.00 0.00 
0.00 0.00 0.00 0.00 0.00 0.00 0.00 0.00 0.00 0.00 0.00 0.00 0.00 0.00 0.00 0.00 0.00 0.00 0.00 0.00 
0.00 0.00 0.00 0.00 0.00 0.00 0.00 0.00 0.00 0.00 0.00 0.00 0.00 0.00 0.00 0.00 0.00 0.00 0.00 0.00 
0.00 0.00 0.00 0.00 0.00 0.00 0.00 0.00 0.00 0.00 0.00 0.00 0.00 0.00 0.00 0.00 0.00 0.00 0.00 0.00 
0.00 0.00 0.00 0.00 0.00 0.00 0.00 0.00 0.00 0.00 0.00 0.00 0.00 0.00 0.00 0.00 0.00 0.00 0.00 0.00 
0.00 0.00 0.00 0.00 0.00 0.00 0.00 0.00 0.00 0.00 0.00 0.00 0.00 0.00 0.00 0.00 0.00 0.00 0.00 0.00 
0.00 0.00 0.00 0.00 0.00 0.00 0.00 0.00 0.00 0.00 0.00 0.00 0.00 0.00 0.00 0.00 0.00 0.00 0.00 0.00 
0.00 0.00 0.00 0.00 0.00 0.00 0.00 0.00 0.00 0.00 0.00 0.00 0.00 0.00 0.00 0.00 0.00 0.00 0.00 0.00 
0.00 0.00 0.00 0.00 0.00 0.00 0.00 0.00 0.00 0.00 0.00 0.00 0.00 0.00 0.00 0.00 0.00 0.00 0.00 0.00 
0.00 0.00 0.00 0.00 0.00 0.00 0.00 0.00 0.00 0.00 0.00 0.00 0.00 0.00 0.00 0.00 0.00 0.00 0.00 0.00 
0.00 0.00 0.00 0.00 0.00 0.00 0.00 0.00 0.00 0.00 0.00 0.00 0.00 0.00 0.00 0.00 0.00 0.00 0.00 0.00 
0.00 0.00 0.00 0.00 0.00 0.00 0.00 0.00 0.00 0.00 0.00 0.00 0.00 0.00 0.00 0.00 0.00 0.00 0.00 0.00 
0.00 0.00 0.00 0.00 0.00 0.00 0.00 0.00 0.00 0.00 0.00 0.00 0.00 0.00 0.00 0.00 0.00 0.00 0.00 0.00 
0.00 0.00 0.00 0.00 0.00 0.00 0.00 0.00 0.00 0.00 0.00 0.00 0.00 0.00 0.00 0.00 0.00 0.00 0.00 0.00 
0.00 0.00 0.00 0.00 0.00 0.00 0.00 0.00 0.00 0.00 0.00 0.00 0.00 0.00 0.00 0.00 0.00 0.00 0.00 0.00 
0.00 0.00 0.00 0.00 0.00 0.00 0.00 0.00 0.00 0.00 0.00 0.00 0.00 0.00 0.00 0.00 0.00 0.00 0.00 0.00 
0.00 0.00 0.00 0.00 0.00 0.00 0.00 0.00 0.00 0.00 0.00 0.00 0.00 0.00 0.00 0.00 0.00 0.00 0.00 0.00 
0.00 0.00 0.00 0.00 0.00 0.00 0.00 0.00 0.00 0.00 0.00 0.00 0.00 0.00 0.00 0.00 0.00 0.00 0.00 0.00 
0.00 0.00 0.00 0.00 0.00 0.00 0.00 0.00 0.00 0.00 0.00 0.00 0.00 0.00 0.00 0.00 0.00 0.00 0.00 0.00 
0.00 0.00 0.00 0.00 0.00 0.00 0.00 0.00 0.00 0.00 0.00 0.00 0.00 0.00 0.00 0.00 0.00 0.00 0.00 0.00 
0.00 0.00 0.00 0.00 0.00 0.00 0.00 0.00 0.00 0.00 0.00 0.00 0.00 0.00 0.00 0.00 0.00 0.00 0.00 0.00 
0.00 0.00 0.00 0.00 0.00 0.00 0.00 0.00 0.00 0.00 0.00 0.00 0.00 0.00 0.00 0.00 0.00 0.00 0.00 0.00 
0.00 0.00 0.00 0.00 0.00 0.00 0.00 0.00 0.00 0.00 0.00 0.00 0.00 0.00 0.00 0.00 0.00 0.00 0.00 0.00 
0.00 0.00 0.00 0.00 0.00 0.00 0.00 0.00 0.00 0.00 0.00 0.00 0.00 0.00 0.00 0.00 0.00 0.00 0.00 0.00 
0.00 0.00 0.00 0.00 0.00 0.00 0.00 0.00 0.00 0.00 0.00 0.00 0.00 0.00 0.00 0.00 0.00 0.00 0.00 0.00 
0.00 0.00 0.00 0.00 0.00 0.00 0.00 0.00 0.00 0.00 0.00 0.00 0.00 0.00 0.00 0.00 0.00 0.00 0.00 0.00 
0.00 0.00 0.00 0.00 0.00 0.00 0.00 0.00 0.00 0.00 0.00 0.00 0.00 0.00 0.00 0.00 0.00 0.00 0.00 0.00 
0.00 0.00 0.00 0.00 0.00 0.00 0.00 0.00 0.00 0.00 0.00 0.00 0.00 0.00 0.00 0.00 0.00 0.00 0.00 0.00 
0.00 0.00 0.00 0.00 0.00 0.00 0.00 0.00 0.00 0.00 0.00 0.00 0.00 0.00 0.00 0.00 0.00 0.00 0.00 0.00 
0.00 0.00 0.00 0.00 0.00 0.00 0.00 0.00 0.00 0.00 0.00 0.00 0.00 0.00 0.00 0.00 0.00 0.00 0.00 0.00 
0.00 0.00 0.00 0.00 0.00 0.00 0.00 0.00 0.00 0.00 0.00 0.00 0.00 0.00 0.00 0.00 0.00 0.00 0.00 0.00 
0.00 0.00 0.00 0.00 0.00 0.00 0.00 0.00 0.00 0.00 0.00 0.00 0.00 0.00 0.00 0.00 0.00 0.00 0.00 0.00 
0.00 0.00 0.00 0.00 0.00 0.00 0.00 0.00 0.00 0.00 0.00 0.00 0.00 0.00 0.00 0.00 0.00 0.00 0.00 0.00 
0.00 0.00 0.00 0.00 0.00 0.00 0.00 0.00 0.00 0.00 0.00 0.00 0.00 0.00 0.00 0.00 0.00 0.00 0.00 0.00 
0.00 0.00 0.00 0.00 0.00 0.00 0.00 0.00 0.00 0.00 0.00 0.00 0.00 0.00 0.00 0.00 0.00 0.00 0.00 0.00 
0.00 0.00 0.00 0.00 0.00 0.00 0.00 0.00 0.00 0.00 0.00 0.00 0.00 0.00 0.00 0.00 0.00 0.00 0.00 0.00 
0.00 0.00 0.00 0.00 0.00 0.00 0.00 0.00 0.00 0.00 0.00 0.00 0.00 0.00 0.00 0.00 0.00 0.00 0.00 0.00 
0.00 0.00 0.00 0.00 0.00 0.00 0.00 0.00 0.00 0.00 0.00 0.00 0.00 0.00 0.00 0.00 0.00 0.00 0.00 0.00 
0.00 0.00 0.00 0.00 0.00 0.00 0.00 0.00 0.00 0.00 0.00 0.00 0.00 0.00 0.00 0.00 0.00 0.00 0.00 0.00 
0.00 0.00 0.00 0.00 0.00 0.00 0.00 0.00 0.00 0.00 0.00 0.00 0.00 0.00 0.00 0.00 0.00 0.00 0.00 0.00 
0.00 0.00 0.00 0.00 0.00 0.00 0.00 0.00 0.00 0.00 0.00 0.00 0.00 0.00 0.00 0.00 0.00 0.00 0.00 0.00 
0.00 0.00 0.00 0.00 0.00 0.00 0.00 0.00 0.00 0.00 0.00 0.00 0.00 0.00 0.00 0.00 0.00 0.00 0.00 0.00 
0.00 0.00 0.00 0.00 0.00 0.00 0.00 0.00 0.00 0.00 0.00 0.00 0.00 0.00 0.00 0.00 0.00 0.00 0.00 0.00 
0.00 0.00 0.00 0.00 0.00 0.00 0.00 0.00 0.00 0.00 0.00 0.00 0.00 0.00 0.00 0.00 0.00 0.00 0.00 0.00 
0.00 0.00 0.00 0.00 0.00 0.00 0.00 0.00 0.00 0.00 0.00 0.00 0.00 0.00 0.00 0.00 0.00 0.00 0.00 0.00 
0.00 0.00 0.00 0.00 0.00 0.00 0.00 0.00 0.00 0.00 0.00 0.00 0.00 0.00 0.00 0.00 0.00 0.00 0.00 0.00 
0.00 0.00 0.00 0.00 0.00 0.00 0.00 0.00 0.00 0.00 0.00 0.00 0.00 0.00 0.00 0.00 0.00 0.00 0.00 0.00 
0.00 0.00 0.00 0.00 0.00 0.00 0.00 0.00 0.00 0.00 0.00 0.00 0.00 0.00 0.00 0.00 0.00 0.00 0.00 0.00 
0.00 0.00 0.00 0.00 0.00 0.00 0.00 0.00 0.00 0.00 0.00 0.00 0.00 0.00 0.00 0.00 0.00 0.00 0.00 0.00 
0.00 0.00 0.00 0.00 0.00 0.00 0.00 0.00 0.00 0.00 0.00 0.00 0.00 0.00 0.00 0.00 0.00 0.00 0.00 0.00 
0.00 0.00 0.00 0.00 0.00 0.00 0.00 0.00 0.00 0.00 0.00 0.00 0.00 0.00 0.00 0.00 0.00 0.00 0.00 0.00 
0.00 0.00 0.00 0.00 0.00 0.00 0.00 0.00 0.00 0.00 0.00 0.00 0.00 0.00 0.00 0.00 0.00 0.00 0.00 0.00 
0.00 0.00 0.00 0.00 0.00 0.00 0.00 0.00 0.00 0.00 0.00 0.00 0.00 0.00 0.00 0.00 0.00 0.00 0.00 0.00 
0.00 0.00 0.00 0.00 0.00 0.00 0.00 0.00 0.00 0.00 0.00 0.00 0.00 0.00 0.00 0.00 0.00 0.00 0.00 0.00 
0.00 0.00 0.00 0.00 0.00 0.00 0.00 0.00 0.00 0.00 0.00 0.00 0.00 0.00 0.00 0.00 0.00 0.00 0.00 0.00 
0.00 0.00 0.00 0.00 0.00 0.00 0.00 0.00 0.00 0.00 0.00 0.00 0.00 0.00 0.00 0.00 0.00 0.00 0.00 0.00 
0.00 0.00 0.00 0.00 0.00 0.00 0.00 0.00 0.00 0.00 0.00 0.00 0.00 0.00 0.00 0.00 0.00 0.00 0.00 0.00 
0.00 0.00 0.00 0.00 0.00 0.00 0.00 0.00 0.00 0.00 0.00 0.00 0.00 0.00 0.00 0.00 0.00 0.00 0.00 0.00 
0.00 0.00 0.00 0.00 0.00 0.00 0.00 0.00 0.00 0.00 0.00 0.00 0.00 0.00 0.00 0.00 0.00 0.00 0.00 0.00 
0.00 0.00 0.00 0.00 0.00 0.00 0.00 0.00 0.00 0.00 0.00 0.00 0.00 0.00 0.00 0.00 0.00 0.00 0.00 0.00 
0.00 0.00 0.00 0.00 0.00 0.00 0.00 0.00 0.00 0.00 0.00 0.00 0.00 0.00 0.00 0.00 0.00 0.00 0.00 0.00 
0.00 0.00 0.00 0.00 0.00 0.00 0.00 0.00 0.00 0.00 0.00 0.00 0.00 0.00 0.00 0.00 0.00 0.00 0.00 0.00 
0.00 0.00 0.00 0.00 0.00 0.00 0.00 0.00 0.00 0.00 0.00 0.00 0.00 0.00 0.00 0.00 0.00 0.00 0.00 0.00 
0.00 0.00 0.00 0.00 0.00 0.00 0.00 0.00 0.00 0.00 0.00 0.00 0.00 0.00 0.00 0.00 0.00 0.00 0.00 0.00 
0.00 0.00 0.00 0.00 0.00 0.00 0.00 0.00 0.00 0.00 0.00 0.00 0.00 0.00 0.00 0.00 0.00 0.00 0.00 0.00 
0.00 0.00 0.00 0.00 0.00 0.00 0.00 0.00 0.00 0.00 0.00 0.00 0.00 0.00 0.00 0.00 0.00 0.00 0.00 0.00 
0.00 0.00 0.00 0.00 0.00 0.00 0.00 0.00 0.00 0.00 0.00 0.00 0.00 0.00 0.00 0.00 0.00 0.00 0.00 0.00 
0.00 0.00 0.00 0.00 0.00 0.00 0.00 0.00 0.00 0.00 0.00 0.00 0.00 0.00 0.00 0.00 0.00 0.00 0.00 0.00 
0.00 0.00 0.00 0.00 0.00 0.00 0.00 0.00 0.00 0.00 0.00 0.00 0.00 0.00 0.00 0.00 0.00 0.00 0.00 0.00 
0.00 0.00 0.00 0.00 0.00 0.00 0.00 0.00 0.00 0.00 0.00 0.00 0.00 0.00 0.00 0.00 0.00 0.00 0.00 0.00 
0.00 0.00 0.00 0.00 0.00 0.00 0.00 0.00 0.00 0.00 0.00 0.00 0.00 0.00 0.00 0.00 0.00 0.00 0.00 0.00 
0.00 0.00 0.00 0.00 0.00 0.00 0.00 0.00 0.00 0.00 0.00 0.00 0.00 0.00 0.00 0.00 0.00 0.00 0.00 0.00 
0.00 0.00 0.00 0.00 0.00 0.00 0.00 0.00 0.00 0.00 0.00 0.00 0.00 0.00 0.00 0.00 0.00 0.00 0.00 0.00 
0.00 0.00 0.00 0.00 0.00 0.00 0.00 0.00 0.00 0.00 0.00 0.00 0.00 0.00 0.00 0.00 0.00 0.00 0.00 0.00 
0.00 0.00 0.00 0.00 0.00 0.00 0.00 0.00 0.00 0.00 0.00 0.00 0.00 0.00 0.00 0.00 0.00 0.00 0.00 0.00 
0.00 0.00 0.00 0.00 0.00 0.00 0.00 0.00 0.00 0.00 0.00 0.00 0.00 0.00 0.00 0.00 0.00 0.00 0.00 0.00 
0.00 0.00 0.00 0.00 0.00 0.00 0.00 0.00 0.00 0.00 0.00 0.00 0.00 0.00 0.00 0.00 0.00 0.00 0.00 0.00 
0.00 0.00 0.00 0.00 0.00 0.00 0.00 0.00 0.00 0.00 0.00 0.00 0.00 0.00 0.00 0.00 0.00 0.00 0.00 0.00 
0.00 0.00 0.00 0.00 0.00 0.00 0.00 0.00 0.00 0.00 0.00 0.00 0.00 0.00 0.00 0.00 0.00 0.00 0.00 0.00 
0.00 0.00 0.00 0.00 0.00 0.00 0.00 0.00 0.00 0.00 0.00 0.00 0.00 0.00 0.00 0.00 0.00 0.00 0.00 0.00 
0.00 0.00 0.00 0.00 0.00 0.00 0.00 0.00 0.00 0.00 0.00 0.00 0.00 0.00 0.00 0.00 0.00 0.00 0.00 0.00 
0.00 0.00 0.00 0.00 0.00 0.00 0.00 0.00 0.00 0.00 0.00 0.00 0.00 0.00 0.00 0.00 0.00 0.00 0.00 0.00 
0.00 0.00 0.00 0.00 0.00 0.00 0.00 0.00 0.00 0.00 0.00 0.00 0.00 0.00 0.00 0.00 0.00 0.00 0.00 0.00 
0.00 0.00 0.00 0.00 0.00 0.00 0.00 0.00 0.00 0.00 0.00 0.00 0.00 0.00 0.00 0.00 0.00 0.00 0.00 0.00 
0.00 0.00 0.00 0.00 0.00 0.00 0.00 0.00 0.00 0.00 0.00 0.00 0.00 0.00 0.00 0.00 0.00 0.00 0.00 0.00 
0.00 0.00 0.00 0.00 0.00 0.00 0.00 0.00 0.00 0.00 0.00 0.00 0.00 0.00 0.00 0.00 0.00 0.00 0.00 0.00 
0.00 0.00 0.00 0.00 0.00 0.00 0.00 0.00 0.00 0.00 0.00 0.00 0.00 0.00 0.00 0.00 0.00 0.00 0.00 0.00 
0.00 0.00 0.00 0.00 0.00 0.00 0.00 0.00 0.00 0.00 0.00 0.00 0.00 0.00 0.00 0.00 0.00 0.00 0.00 0.00 
0.00 0.00 0.00 0.00 0.00 0.00 0.00 0.00 0.00 0.00 0.00 0.00 0.00 0.00 0.00 0.00 0.00 0.00 0.00 0.00 
0.00 0.00 0.00 0.00 0.00 0.00 0.00 0.00 0.00 0.00 0.00 0.00 0.00 0.00 0.00 0.00 0.00 0.00 0.00 0.00 
0.00 0.00 0.00 0.00 0.00 0.00 0.00 0.00 0.00 0.00 0.00 0.00 0.00 0.00 0.00 0.00 0.00 0.00 0.00 0.00 
0.00 0.00 0.00 0.00 0.00 0.00 0.00 0.00 0.00 0.00 0.00 0.00 0.00 0.00 0.00 0.00 0.00 0.00 0.00 0.00 
0.00 0.00 0.00 0.00 0.00 0.00 0.00 0.00 0.00 0.00 0.00 0.00 0.00 0.00 0.00 0.00 0.00 0.00 0.00 0.00 
0.00 0.00 0.00 0.00 0.00 0.00 0.00 0.00 0.00 0.00 0.00 0.00 0.00 0.00 0.00 0.00 0.00 0.00 0.00 0.00 
0.00 0.00 0.00 0.00 0.00 0.00 0.00 0.00 0.00 0.00 0.00 0.00 0.00 0.00 0.00 0.00 0.00 0.00 0.00 0.00 
0.00 0.00 0.00 0.00 0.00 0.00 0.00 0.00 0.00 0.00 0.00 0.00 0.00 0.00 0.00 0.00 0.00 0.00 0.00 0.00 
0.00 0.00 0.00 0.00 0.00 0.00 0.00 0.00 0.00 0.00 0.00 0.00 0.00 0.00 0.00 0.00 0.00 0.00 0.00 0.00 
0.00 0.00 0.00 0.00 0.00 0.00 0.00 0.00 0.00 0.00 0.00 0.00 0.00 0.00 0.00 0.00 0.00 0.00 0.00 0.00 
0.00 0.00 0.00 0.00 0.00 0.00 0.00 0.00 0.00 0.00 0.00 0.00 0.00 0.00 0.00 0.00 0.00 0.00 0.00 0.00 
0.00 0.00 0.00 0.00 0.00 0.00 0.00 0.00 0.00 0.00 0.00 0.00 0.00 0.00 0.00 0.00 0.00 0.00 0.00 0.00 
0.00 0.00 0.00 0.00 0.00 0.00 0.00 0.00 0.00 0.00 0.00 0.00 0.00 0.00 0.00 0.00 0.00 0.00 0.00 0.00 
0.00 0.00 0.00 0.00 0.00 0.00 0.00 0.00 0.00 0.00 0.00 0.00 0.00 0.00 0.00 0.00 0.00 0.00 0.00 0.00 
0.00 0.00 0.00 0.00 0.00 0.00 0.00 0.00 0.00 0.00 0.00 0.00 0.00 0.00 0.00 0.00 0.00 0.00 0.00 0.00 
0.00 0.00 0.00 0.00 0.00 0.00 0.00 0.00 0.00 0.00 0.00 0.00 0.00 0.00 0.00 0.00 0.00 0.00 0.00 0.00 
0.00 0.00 0.00 0.00 0.00 0.00 0.00 0.00 0.00 0.00 0.00 0.00 0.00 0.00 0.00 0.00 0.00 0.00 0.00 0.00 
0.00 0.00 0.00 0.00 0.00 0.00 0.00 0.00 0.00 0.00 0.00 0.00 0.00 0.00 0.00 0.00 0.00 0.00 0.00 0.00 
0.00 0.00 0.00 0.00 0.00 0.00 0.00 0.00 0.00 0.00 0.00 0.00 0.00 0.00 0.00 0.00 0.00 0.00 0.00 0.00 
0.00 0.00 0.00 0.00 0.00 0.00 0.00 0.00 0.00 0.00 0.00 0.00 0.00 0.00 0.00 0.00 0.00 0.00 0.00 0.00 
0.00 0.00 0.00 0.00 0.00 0.00 0.00 0.00 0.00 0.00 0.00 0.00 0.00 0.00 0.00 0.00 0.00 0.00 0.00 0.00 
0.00 0.00 0.00 0.00 0.00 0.00 0.00 0.00 0.00 0.00 0.00 0.00 0.00 0.00 0.00 0.00 0.00 0.00 0.00 0.00 
0.00 0.00 0.00 0.00 0.00 0.00 0.00 0.00 0.00 0.00 0.00 0.00 0.00 0.00 0.00 0.00 0.00 0.00 0.00 0.00 
0.00 0.00 0.00 0.00 0.00 0.00 0.00 0.00 0.00 0.00 0.00 0.00 0.00 0.00 0.00 0.00 0.00 0.00 0.00 0.00 
0.00 0.00 0.00 0.00 0.00 0.00 0.00 0.00 0.00 0.00 0.00 0.00 0.00 0.00 0.00 0.00 0.00 0.00 0.00 0.00 
0.00 0.00 0.00 0.00 0.00 0.00 0.00 0.00 0.00 0.00 0.00 0.00 0.00 0.00 0.00 0.00 0.00 0.00 0.00 0.00 
0.00 0.00 0.00 0.00 0.00 0.00 0.00 0.00 0.00 0.00 0.00 0.00 0.00 0.00 0.00 0.00 0.00 0.00 0.00 0.00 
0.00 0.00 0.00 0.00 0.00 0.00 0.00 0.00 0.00 0.00 0.00 0.00 0.00 0.00 0.00 0.00 0.00 0.00 0.00 0.00 
0.00 0.00 0.00 0.00 0.00 0.00 0.00 0.00 0.00 0.00 0.00 0.00 0.00 0.00 0.00 0.00 0.00 0.00 0.00 0.00 
0.00 0.00 0.00 0.00 0.00 0.00 0.00 0.00 0.00 0.00 0.00 0.00 0.00 0.00 0.00 0.00 0.00 0.00 0.00 0.00 
0.00 0.00 0.00 0.00 0.00 0.00 0.00 0.00 0.00 0.00 0.00 0.00 0.00 0.00 0.00 0.00 0.00 0.00 0.00 0.00 
0.00 0.00 0.00 0.00 0.00 0.00 0.00 0.00 0.00 0.00 0.00 0.00 0.00 0.00 0.00 0.00 0.00 0.00 0.00 0.00 
0.00 0.00 0.00 0.00 0.00 0.00 0.00 0.00 0.00 0.00 0.00 0.00 0.00 0.00 0.00 0.00 0.00 0.00 0.00 0.00 
0.00 0.00 0.00 0.00 0.00 0.00 0.00 0.00 0.00 0.00 0.00 0.00 0.00 0.00 0.00 0.00 0.00 0.00 0.00 0.00 
0.00 0.00 0.00 0.00 0.00 0.00 0.00 0.00 0.00 0.00 0.00 0.00 0.00 0.00 0.00 0.00 0.00 0.00 0.00 0.00 
0.00 0.00 0.00 0.00 0.00 0.00 0.00 0.00 0.00 0.00 0.00 0.00 0.00 0.00 0.00 0.00 0.00 0.00 0.00 0.00 
0.00 0.00 0.00 0.00 0.00 0.00 0.00 0.00 0.00 0.00 0.00 0.00 0.00 0.00 0.00 0.00 0.00 0.00 0.00 0.00 
0.00 0.00 0.00 0.00 0.00 0.00 0.00 0.00 0.00 0.00 0.00 0.00 0.00 0.00 0.00 0.00 0.00 0.00 0.00 0.00 
0.00 0.00 0.00 0.00 0.00 0.00 0.00 0.00 0.00 0.00 0.00 0.00 0.00 0.00 0.00 0.00 0.00 0.00 0.00 0.00 
0.00 0.00 0.00 0.00 0.00 0.00 0.00 0.00 0.00 0.00 0.00 0.00 0.00 0.00 0.00 0.00 0.00 0.00 0.00 0.00 
0.00 0.00 0.00 0.00 0.00 0.00 0.00 0.00 0.00 0.00 0.00 0.00 0.00 0.00 0.00 0.00 0.00 0.00 0.00 0.00 
0.00 0.00 0.00 0.00 0.00 0.00 0.00 0.00 0.00 0.00 0.00 0.00 0.00 0.00 0.00 0.00 0.00 0.00 0.00 0.00 
0.00 0.00 0.00 0.00 0.00 0.00 0.00 0.00 0.00 0.00 0.00 0.00 0.00 0.00 0.00 0.00 0.00 0.00 0.00 0.00 
0.00 0.00 0.00 0.00 0.00 0.00 0.00 0.00 0.00 0.00 0.00 0.00 0.00 0.00 0.00 0.00 0.00 0.00 0.00 0.00 
0.00 0.00 0.00 0.00 0.00 0.00 0.00 0.00 0.00 0.00 0.00 0.00 0.00 0.00 0.00 0.00 0.00 0.00 0.00 0.00 
0.00 0.00 0.00 0.00 0.00 0.00 0.00 0.00 0.00 0.00 0.00 0.00 0.00 0.00 0.00 0.00 0.00 0.00 0.00 0.00 
0.00 0.00 0.00 0.00 0.00 0.00 0.00 0.00 0.00 0.00 0.00 0.00 0.00 0.00 0.00 0.00 0.00 0.00 0.00 0.00 
0.00 0.00 0.00 0.00 0.00 0.00 0.00 0.00 0.00 0.00 0.00 0.00 0.00 0.00 0.00 0.00 0.00 0.00 0.00 0.00 
0.00 0.00 0.00 0.00 0.00 0.00 0.00 0.00 0.00 0.00 0.00 0.00 0.00 0.00 0.00 0.00 0.00 0.00 0.00 0.00 
0.00 0.00 0.00 0.00 0.00 0.00 0.00 0.00 0.00 0.00 0.00 0.00 0.00 0.00 0.00 0.00 0.00 0.00 0.00 0.00 
0.00 0.00 0.00 0.00 0.00 0.00 0.00 0.00 0.00 0.00 0.00 0.00 0.00 0.00 0.00 0.00 0.00 0.00 0.00 0.00 
0.00 0.00 0.00 0.00 0.00 0.00 0.00 0.00 0.00 0.00 0.00 0.00 0.00 0.00 0.00 0.00 0.00 0.00 0.00 0.00 
0.00 0.00 0.00 0.00 0.00 0.00 0.00 0.00 0.00 0.00 0.00 0.00 0.00 0.00 0.00 0.00 0.00 0.00 0.00 0.00 
0.00 0.00 0.00 0.00 0.00 0.00 0.00 0.00 0.00 0.00 0.00 0.00 0.00 0.00 0.00 0.00 0.00 0.00 0.00 0.00 
0.00 0.00 0.00 0.00 0.00 0.00 0.00 0.00 0.00 0.00 0.00 0.00 0.00 0.00 0.00 0.00 0.00 0.00 0.00 0.00 
0.00 0.00 0.00 0.00 0.00 0.00 0.00 0.00 0.00 0.00 0.00 0.00 0.00 0.00 0.00 0.00 0.00 0.00 0.00 0.00 
0.00 0.00 0.00 0.00 0.00 0.00 0.00 0.00 0.00 0.00 0.00 0.00 0.00 0.00 0.00 0.00 0.00 0.00 0.00 0.00 
0.00 0.00 0.00 0.00 0.00 0.00 0.00 0.00 0.00 0.00 0.00 0.00 0.00 0.00 0.00 0.00 0.00 0.00 0.00 0.00 
0.00 0.00 0.00 0.00 0.00 0.00 0.00 0.00 0.00 0.00 0.00 0.00 0.00 0.00 0.00 0.00 0.00 0.00 0.00 0.00 
0.00 0.00 0.00 0.00 0.00 0.00 0.00 0.00 0.00 0.00 0.00 0.00 0.00 0.00 0.00 0.00 0.00 0.00 0.00 0.00 
0.00 0.00 0.00 0.00 0.00 0.00 0.00 0.00 0.00 0.00 0.00 0.00 0.00 0.00 0.00 0.00 0.00 0.00 0.00 0.00 
0.00 0.00 0.00 0.00 0.00 0.00 0.00 0.00 0.00 0.00 0.00 0.00 0.00 0.00 0.00 0.00 0.00 0.00 0.00 0.00 
0.00 0.00 0.00 0.00 0.00 0.00 0.00 0.00 0.00 0.00 0.00 0.00 0.00 0.00 0.00 0.00 0.00 0.00 0.00 0.00 
0.00 0.00 0.00 0.00 0.00 0.00 0.00 0.00 0.00 0.00 0.00 0.00 0.00 0.00 0.00 0.00 0.00 0.00 0.00 0.00 
0.00 0.00 0.00 0.00 0.00 0.00 0.00 0.00 0.00 0.00 0.00 0.00 0.00 0.00 0.00 0.00 0.00 0.00 0.00 0.00 
0.00 0.00 0.00 0.00 0.00 0.00 0.00 0.00 0.00 0.00 0.00 0.00 0.00 0.00 0.00 0.00 0.00 0.00 0.00 0.00 
0.00 0.00 0.00 0.00 0.00 0.00 0.00 0.00 0.00 0.00 0.00 0.00 0.00 0.00 0.00 0.00 0.00 0.00 0.00 0.00 
0.00 0.00 0.00 0.00 0.00 0.00 0.00 0.00 0.00 0.00 0.00 0.00 0.00 0.00 0.00 0.00 0.00 0.00 0.00 0.00 
0.00 0.00 0.00 0.00 0.00 0.00 0.00 0.00 0.00 0.00 0.00 0.00 0.00 0.00 0.00 0.00 0.00 0.00 0.00 0.00 
0.00 0.00 0.00 0.00 0.00 0.00 0.00 0.00 0.00 0.00 0.00 0.00 0.00 0.00 0.00 0.00 0.00 0.00 0.00 0.00 
0.00 0.00 0.00 0.00 0.00 0.00 0.00 0.00 0.00 0.00 0.00 0.00 0.00 0.00 0.00 0.00 0.00 0.00 0.00 0.00 
0.00 0.00 0.00 0.00 0.00 0.00 0.00 0.00 0.00 0.00 0.00 0.00 0.00 0.00 0.00 0.00 0.00 0.00 0.00 0.00 
0.00 0.00 0.00 0.00 0.00 0.00 0.00 0.00 0.00 0.00 0.00 0.00 0.00 0.00 0.00 0.00 0.00 0.00 0.00 0.00 
0.00 0.00 0.00 0.00 0.00 0.00 0.00 0.00 0.00 0.00 0.00 0.00 0.00 0.00 0.00 0.00 0.00 0.00 0.00 0.00 
0.00 0.00 0.00 0.00 0.00 0.00 0.00 0.00 0.00 0.00 0.00 0.00 0.00 0.00 0.00 0.00 0.00 0.00 0.00 0.00 
0.00 0.00 0.00 0.00 0.00 0.00 0.00 0.00 0.00 0.00 0.00 0.00 0.00 0.00 0.00 0.00 0.00 0.00 0.00 0.00 
0.00 0.00 0.00 0.00 0.00 0.00 0.00 0.00 0.00 0.00 0.00 0.00 0.00 0.00 0.00 0.00 0.00 0.00 0.00 0.00 
0.00 0.00 0.00 0.00 0.00 0.00 0.00 0.00 0.00 0.00 0.00 0.00 0.00 0.00 0.00 0.00 0.00 0.00 0.00 0.00 
0.00 0.00 0.00 0.00 0.00 0.00 0.00 0.00 0.00 0.00 0.00 0.00 0.00 0.00 0.00 0.00 0.00 0.00 0.00 0.00 
0.00 0.00 0.00 0.00 0.00 0.00 0.00 0.00 0.00 0.00 0.00 0.00 0.00 0.00 0.00 0.00 0.00 0.00 0.00 0.00 
0.00 0.00 0.00 0.00 0.00 0.00 0.00 0.00 0.00 0.00 0.00 0.00 0.00 0.00 0.00 0.00 0.00 0.00 0.00 0.00 
0.00 0.00 0.00 0.00 0.00 0.00 0.00 0.00 0.00 0.00 0.00 0.00 0.00 0.00 0.00 0.00 0.00 0.00 0.00 0.00 
0.00 0.00 0.00 0.00 0.00 0.00 0.00 0.00 0.00 0.00 0.00 0.00 0.00 0.00 0.00 0.00 0.00 0.00 0.00 0.00 
0.00 0.00 0.00 0.00 0.00 0.00 0.00 0.00 0.00 0.00 0.00 0.00 0.00 0.00 0.00 0.00 0.00 0.00 0.00 0.00 
0.00 0.00 0.00 0.00 0.00 0.00 0.00 0.00 0.00 0.00 0.00 0.00 0.00 0.00 0.00 0.00 0.00 0.00 0.00 0.00 
0.00 0.00 0.00 0.00 0.00 0.00 0.00 0.00 0.00 0.00 0.00 0.00 0.00 0.00 0.00 0.00 0.00 0.00 0.00 0.00 
0.00 0.00 0.00 0.00 0.00 0.00 0.00 0.00 0.00 0.00 0.00 0.00 0.00 0.00 0.00 0.00 0.00 0.00 0.00 0.00 
end   dump: w
==END   DUMP_ARRAYS==
==BEGIN DUMP_ARRAYS==
begin dump: w
7888.62 473191456.00 520499424.00 599542848.00 686110976.00 775897728.00 867763904.00 960168960.00 1052660736.00 1146452864.00 1239530752.00 1333990656.00 1427716864.00 1522027904.00 1616090240.00 1710085760.00 1803564160.00 1898913152.00 1993078144.00 2087561344.00 
2180814592.00 2276738048.00 2371075072.00 2465740032.00 2559575296.00 2652709888.00 2749066752.00 2843458560.00 2938009088.00 3032988416.00 3126668288.00 3221242624.00 3314198528.00 3410961664.00 3505596672.00 3599883776.00 3694418944.00 3789335296.00 3883838976.00 3978580480.00 
4070397696.00 4167785472.00 4262369024.00 4356137472.00 4451687424.00 4546162176.00 4641302528.00 4735320064.00 4829109760.00 4924823552.00 5015908352.00 5114031104.00 5208754688.00 5303496192.00 5397634560.00 5492338688.00 5586789888.00 5681862144.00 5777139200.00 5871482880.00 
5964520960.00 6060344320.00 6154778112.00 6250462720.00 6342225408.00 6438718976.00 6533523968.00 6628203520.00 6722874368.00 6818380800.00 6911602688.00 7006480896.00 7101127168.00 7196486656.00 7290497024.00 7383856640.00 7480039936.00 7575261184.00 7669541376.00 7764283392.00 
7853230080.00 7953555456.00 8048083968.00 8142865408.00 8237333504.00 8331513856.00 8426355712.00 8522449920.00 8615728128.00 8711227392.00 8804870144.00 8900629504.00 8994798592.00 9087360000.00 9184065536.00 9278310400.00 9371309056.00 9468142592.00 9562782720.00 9657287680.00 
9745052672.00 9846544384.00 9941276672.00 10035794944.00 10130308096.00 10224922624.00 10320097280.00 10414749696.00 10508596224.00 10604056576.00 10698024960.00 10792759296.00 10886952960.00 10983151616.00 11077100544.00 11171744768.00 11266748416.00 11361232896.00 11456176128.00 11550649344.00 
11642569728.00 11739708416.00 11834616832.00 11929039872.00 12023629824.00 12109636608.00 12213620736.00 12309459968.00 12400423936.00 12494347264.00 12591370240.00 12686512128.00 12781133824.00 12875724800.00 12970673152.00 13065046016.00 13159486464.00 13254843392.00 13350834176.00 13444343808.00 
13537306624.00 13633192960.00 13727625216.00 13823505408.00 13916328960.00 14011720704.00 14106899456.00 14201133056.00 14294942720.00 14390969344.00 14481885184.00 14580539392.00 14674260992.00 14768760832.00 14864737280.00 14958342144.00 15053212672.00 15148201984.00 15242689536.00 15337284608.00 
15420662784.00 15526768640.00 15621302272.00 15715898368.00 15810482176.00 15905148928.00 15999809536.00 16095214592.00 16188932096.00 16282828800.00 16377914368.00 16473393152.00 16567601152.00 16662549504.00 16759283712.00 16850397184.00 16945662976.00 17042153472.00 17136071680.00 17230458880.00 
17323984896.00 17420230656.00 17515649024.00 17608947712.00 17703655424.00 17798516736.00 17892268032.00 17988044800.00 18082498560.00 18177468416.00 18271029248.00 18367041536.00 18459242496.00 18556180480.00 18650714112.00 18744723456.00 18839830528.00 18934642688.00 19028865024.00 19123517440.00 
19204614144.00 19313162240.00 19407652864.00 19502831616.00 19597185024.00 19691378688.00 19786536960.00 19881549824.00 19974981632.00 20070750208.00 20164352000.00 20260630528.00 20354654208.00 20449359872.00 20544126976.00 20638339072.00 20732698624.00 20828190720.00 20922583040.00 21017292800.00 
21110693888.00 21207089152.00 21300193280.00 21396699136.00 21488699392.00 21583806464.00 21680275456.00 21774893056.00 21869254656.00 21964138496.00 22058203136.00 22153355264.00 22247741440.00 22341912576.00 22437232640.00 22530822144.00 22627035136.00 22721503232.00 22816032768.00 22910996480.00 
22999891968.00 23100475392.00 23194755072.00 23289776128.00 23384051712.00 23478919168.00 23573315584.00 23668353024.00 23762216960.00 23857258496.00 23934341120.00 24047167488.00 24141621248.00 24236304384.00 24331517952.00 24425240576.00 24518029312.00 24614795264.00 24708048896.00 24804892672.00 
24897564672.00 24993798144.00 25087983616.00 25182853120.00 25277040640.00 25371770880.00 25466294272.00 25562808320.00 25656322048.00 25751001088.00 25845063680.00 25940074496.00 26033905664.00 26129924096.00 26224799744.00 26317178880.00 26414159872.00 26508353536.00 26603053056.00 26696984576.00 
26789492736.00 26887133184.00 26981492736.00 27076171776.00 27170484224.00 27264813056.00 27361906688.00 27455643648.00 27547654144.00 27644514304.00 27738521600.00 27834052608.00 27928217600.00 28023267328.00 28117524480.00 28211994624.00 28306208768.00 28401934336.00 28496416768.00 28590944256.00 
28678645760.00 28780277760.00 28875167744.00 28969015296.00 29063251968.00 29158629376.00 29253189632.00 29347815424.00 29444618240.00 29538023424.00 29631938560.00 29727188992.00 29821294592.00 29916393472.00 30011232256.00 30105597952.00 30200528896.00 30295115776.00 30389776384.00 30484326400.00 
30567815168.00 30674094080.00 30768404480.00 30863269888.00 30957445120.00 31050782720.00 31147038720.00 31241793536.00 31336085504.00 31430785024.00 31525109760.00 31620251648.00 31714500608.00 31807963136.00 31905406976.00 31999281152.00 32092952576.00 32188975104.00 32282615808.00 32379447296.00 
32471166976.00 32567152640.00 32661706752.00 32756953088.00 32850692096.00 32945694720.00 33040459776.00 33135087616.00 33230659584.00 33325203456.00 33415780352.00 33514125312.00 33606350848.00 33704546304.00 33798211584.00 33892194304.00 33986961408.00 34081884160.00 34176395264.00 34271709184.00 
34363052032.00 34460385280.00 34554986496.00 34648690688.00 34746474496.00 34839523328.00 34933932032.00 35029024768.00 35122397184.00 35217760256.00 35312099328.00 35407368192.00 35501314048.00 35596767232.00 35691302912.00 35777085440.00 35880210432.00 35975344128.00 36070039552.00 36164739072.00 
36257841152.00 36358479872.00 36448743424.00 36543864832.00 36635889664.00 36732416000.00 36827439104.00 36921114624.00 37016477696.00 37111447552.00 37205241856.00 37300887552.00 37394694144.00 37489954816.00 37584637952.00 37678841856.00 37773557760.00 37868498944.00 37962850304.00 38057086976.00 
38124376064.00 38248136704.00 38342266880.00 38437040128.00 38531293184.00 38625787904.00 38720798720.00 38815645696.00 38909554688.00 39004938240.00 39098757120.00 39194345472.00 39288582144.00 39383351296.00 39478591488.00 39572602880.00 39665295360.00 39762268160.00 39856926720.00 39951273984.00 
40044666880.00 40135995392.00 40235638784.00 40330227712.00 40424398848.00 40517861376.00 40614146048.00 40708841472.00 40803233792.00 40898420736.00 40992231424.00 41087508480.00 41181093888.00 41277087744.00 41371484160.00 41466089472.00 41560596480.00 41655742464.00 41750081536.00 41844301824.00 
41936642048.00 42034061312.00 42128670720.00 42223157248.00 42315591680.00 42414735360.00 42508345344.00 42602668032.00 42695020544.00 42792255488.00 42882957312.00 42981126144.00 43075624960.00 43170545664.00 43264995328.00 43359547392.00 43453886464.00 43548577792.00 43643428864.00 43736891392.00 
43831660544.00 43927490560.00 44022476800.00 44117204992.00 44210700288.00 44305760256.00 44400599040.00 44495323136.00 44590055424.00 44685004800.00 44778606592.00 44874956800.00 44968697856.00 45063749632.00 45158379520.00 45251444736.00 45347340288.00 45442277376.00 45537210368.00 45631688704.00 
45715140608.00 45820960768.00 45915836416.00 46010462208.00 46104920064.00 46199959552.00 46294777856.00 46389125120.00 46483488768.00 46578597888.00 46672617472.00 46767779840.00 46862176256.00 46957166592.00 47051669504.00 47146033152.00 47239892992.00 47335370752.00 47429922816.00 47523840000.00 
47584522240.00 47715966976.00 47809777664.00 47904808960.00 47998414848.00 48093171712.00 48187928576.00 48282365952.00 48377450496.00 48471756800.00 48565993472.00 48661311488.00 48753729536.00 48851079168.00 48945217536.00 49039638528.00 49133789184.00 49228791808.00 49324122112.00 49418633216.00 
49510469632.00 49607700480.00 49703186432.00 49797251072.00 49891733504.00 49984958464.00 50081210368.00 50176167936.00 50269523968.00 50365177856.00 50459242496.00 50554830848.00 50648756224.00 50742738944.00 50839121920.00 50933190656.00 51027554304.00 51122774016.00 51217117184.00 51311390720.00 
51405287424.00 51501490176.00 51595939840.00 51690803200.00 51783143424.00 51879411712.00 51975012352.00 52068757504.00 52164136960.00 52256952320.00 52349911040.00 52447985664.00 52542541824.00 52637782016.00 52732051456.00 52826370048.00 52921344000.00 53016309760.00 53110292480.00 53205270528.00 
53294395392.00 53394784256.00 53489627136.00 53584101376.00 53678297088.00 53773021184.00 53867675648.00 53962592256.00 54056529920.00 54151258112.00 54244937728.00 54337064960.00 54439292928.00 54531821568.00 54626254848.00 54718959616.00 54813040640.00 54910021632.00 55004336128.00 55099322368.00 
55192432640.00 55287906304.00 55383044096.00 55477944320.00 55571869696.00 55666565120.00 55761854464.00 55856197632.00 55950512128.00 56045727744.00 56139501568.00 56234958848.00 56328437760.00 56424644608.00 56518889472.00 56613277696.00 56708128768.00 56801652736.00 56897404928.00 56992026624.00 
57072807936.00 57181716480.00 57276231680.00 57370963968.00 57465569280.00 57559957504.00 57653542912.00 57749385216.00 57842118656.00 57939320832.00 58032881664.00 58128314368.00 58222678016.00 58317524992.00 58412007424.00 58505363456.00 58602070016.00 58696704000.00 58791116800.00 58885578752.00 
58979123200.00 59074740224.00 59169550336.00 59264585728.00 59357929472.00 59445063680.00 59548426240.00 59643084800.00 59737579520.00 59832422400.00 59926409216.00 60021374976.00 60116504576.00 60211515392.00 60305580032.00 60400459776.00 60494901248.00 60589686784.00 60684398592.00 60778954752.00 
60862521344.00 60968534016.00 61063602176.00 61157863424.00 61252173824.00 61346254848.00 61441769472.00 61536215040.00 61630566400.00 61725814784.00 61816877056.00 61914812416.00 62009626624.00 62103834624.00 62199148544.00 62293508096.00 62387359744.00 62482722816.00 62577451008.00 62672076800.00 
62765613056.00 62861508608.00 62955954176.00 63050756096.00 63144513536.00 63238803456.00 63331291136.00 63437824000.00 63526289408.00 63620464640.00 63714086912.00 63809179648.00 63901429760.00 63998373888.00 64092934144.00 64185835520.00 64281776128.00 64377057280.00 64472121344.00 64566116352.00 
64657989632.00 64755568640.00 64850001920.00 64945504256.00 65039196160.00 65133821952.00 65228845056.00 65323515904.00 65417072640.00 65513050112.00 65607045120.00 65702289408.00 65796550656.00 65891336192.00 65985916928.00 66080268288.00 66175381504.00 66270355456.00 66364948480.00 66459152384.00 
66547040256.00 66648473600.00 66743476224.00 66838032384.00 66930491392.00 67026903040.00 67124781056.00 67217039360.00 67311538176.00 67406311424.00 67500154880.00 67595128832.00 67689607168.00 67784822784.00 67879071744.00 67974049792.00 68068573184.00 68163837952.00 68259151872.00 68352864256.00 
68441870336.00 68542144512.00 68636717056.00 68731461632.00 68825858048.00 68918951936.00 69014896640.00 69107376128.00 69205344256.00 69299937280.00 69393842176.00 69489106944.00 69583331328.00 69678456832.00 69772976128.00 69867438080.00 69960056832.00 70057295872.00 70151487488.00 70246031360.00 
70339510272.00 70435995648.00 70530228224.00 70624854016.00 70718881792.00 70813974528.00 70908878848.00 71003889664.00 71098122240.00 71192363008.00 71269875712.00 71382630400.00 71476068352.00 71571857408.00 71666409472.00 71760830464.00 71855374336.00 71950614528.00 72044953600.00 72139710464.00 
72231518208.00 72328912896.00 72425742336.00 72518049792.00 72612683776.00 72707448832.00 72803287040.00 72896880640.00 72989499392.00 73085706240.00 73180454912.00 73275604992.00 73370509312.00 73464856576.00 73559130112.00 73652723712.00 73748340736.00 73843679232.00 73938591744.00 74033012736.00 
74126270464.00 74222231552.00 74316890112.00 74411671552.00 74505216000.00 74600529920.00 74695565312.00 74790346752.00 74884841472.00 74979614720.00 75073478656.00 75168858112.00 75262910464.00 75357839360.00 75452375040.00 75546820608.00 75641446400.00 75736113152.00 75829936128.00 75922833408.00 
75964473344.00 76119547904.00 76212092928.00 76306251776.00 76400525312.00 76494929920.00 76589875200.00 76683993088.00 76778438656.00 76874653696.00 76967501824.00 77063159808.00 77157179392.00 77251461120.00 77346758656.00 77441359872.00 77535059968.00 77630701568.00 77725261824.00 77820100608.00 
77913317376.00 78009278464.00 78104190976.00 78198726656.00 78292951040.00 78386413568.00 78482636800.00 78576959488.00 78672125952.00 78766669824.00 78860623872.00 78956093440.00 79048409088.00 79145050112.00 79240208384.00 79334506496.00 79429271552.00 79523913728.00 79618646016.00 79713452032.00 
79805276160.00 79902531584.00 79995035648.00 80092422144.00 80186548224.00 80281034752.00 80375930880.00 80470605824.00 80564281344.00 80660201472.00 80751263744.00 80848838656.00 80943906816.00 81038622720.00 81133469696.00 81227808768.00 81321967616.00 81414275072.00 81512505344.00 81606811648.00 
81700282368.00 81796292608.00 81890811904.00 81985683456.00 82077966336.00 82174984192.00 82269929472.00 82364620800.00 82458574848.00 82553241600.00 82647851008.00 82742927360.00 82837192704.00 82932154368.00 83026927616.00 83112632320.00 83215966208.00 83310460928.00 83404382208.00 83500212224.00 
83589169152.00 83689529344.00 83784114176.00 83878592512.00 83973275648.00 84067835904.00 84162691072.00 84257054720.00 84350656512.00 84457324544.00 84542013440.00 84637204480.00 84731011072.00 84825915392.00 84920377344.00 85014888448.00 85107449856.00 85204361216.00 85299806208.00 85393743872.00 
85481283584.00 85583208448.00 85677809664.00 85772189696.00 85866651648.00 85961392128.00 86056443904.00 86151036928.00 86245482496.00 86338314240.00 86434578432.00 86529867776.00 86623322112.00 86718955520.00 86813392896.00 86908166144.00 87002791936.00 87097982976.00 87191601152.00 87287136256.00 
87378771968.00 87476133888.00 87570694144.00 87658512384.00 87760748544.00 87853547520.00 87949877248.00 88044527616.00 88136966144.00 88233811968.00 88327618560.00 88423055360.00 88517378048.00 88612061184.00 88706973696.00 88801173504.00 88895774720.00 88991137792.00 89085665280.00 89180225536.00 
89273663488.00 89368027136.00 89464586240.00 89559154688.00 89652748288.00 89748299776.00 89843138560.00 89937960960.00 90032513024.00 90126958592.00 90218446848.00 90316513280.00 90410262528.00 90506362880.00 90600521728.00 90694828032.00 90789593088.00 90884431872.00 90979164160.00 91073871872.00 
91157291008.00 91263320064.00 91357356032.00 91453284352.00 91546984448.00 91641454592.00 91736580096.00 91831001088.00 91925413888.00 92020506624.00 92114690048.00 92209995776.00 92304465920.00 92401713152.00 92493840384.00 92586754048.00 92682166272.00 92777873408.00 92872646656.00 92966887424.00 
93060636672.00 93156163584.00 93251043328.00 93345808384.00 93439909888.00 93534896128.00 93629710336.00 93723164672.00 93818847232.00 93913489408.00 94007558144.00 94102953984.00 94195326976.00 94291959808.00 94386429952.00 94480596992.00 94575198208.00 94669848576.00 94763106304.00 94854938624.00 
94884585472.00 95055921152.00 95147622400.00 95241379840.00 95335399424.00 95429632000.00 95524487168.00 95619407872.00 95712477184.00 95807250432.00 95902040064.00 95998279680.00 96091537408.00 96186818560.00 96281075712.00 96375914496.00 96470122496.00 96565567488.00 96659709952.00 96754466816.00 
96847757312.00 96943603712.00 97038376960.00 97133035520.00 97225588736.00 97320632320.00 97417166848.00 97511227392.00 97606131712.00 97701216256.00 97795129344.00 97890426880.00 97984282624.00 98079858688.00 98174214144.00 98268995584.00 98363539456.00 98454953984.00 98553094144.00 98648113152.00 
98736807936.00 98837012480.00 98931310592.00 99025944576.00 99121209344.00 99215351808.00 99310231552.00 99405176832.00 99499212800.00 99594297344.00 99685564416.00 99783745536.00 99877937152.00 99973668864.00 100067942400.00 100162404352.00 100254785536.00 100352155648.00 100446363648.00 100541472768.00 
100634517504.00 100730216448.00 100825079808.00 100919795712.00 101013848064.00 101108645888.00 101203099648.00 101299625984.00 101393145856.00 101488082944.00 101581889536.00 101677195264.00 101770764288.00 101866127360.00 101961064448.00 102054076416.00 102150234112.00 102246948864.00 102339518464.00 102434742272.00 
102526337024.00 102623092736.00 102718570496.00 102813122560.00 102907641856.00 103002275840.00 103097098240.00 103192002560.00 103284154368.00 103380484096.00 103474462720.00 103578992640.00 103665721344.00 103760076800.00 103854505984.00 103949189120.00 104043511808.00 104138825728.00 104232296448.00 104328175616.00 
104415576064.00 104517378048.00 104611684352.00 104706449408.00 104800370688.00 104895791104.00 104990613504.00 105085239296.00 105179799552.00 105274572800.00 105368379392.00 105461506048.00 105558368256.00 105653338112.00 105748094976.00 105842286592.00 105936936960.00 106032029696.00 106126352384.00 106221387776.00 
106304684032.00 106410647552.00 106505494528.00 106600120320.00 106694541312.00 106780499968.00 106883948544.00 106978705408.00 107072610304.00 107167875072.00 107261952000.00 107357347840.00 107451416576.00 107546574848.00 107641085952.00 107735506944.00 107829469184.00 107925225472.00 108019613696.00 108114305024.00 
108207562752.00 108303138816.00 108396519424.00 108506873856.00 108589383680.00 108683386880.00 108777873408.00 108872589312.00 108967026688.00 109061750784.00 109152837632.00 109251215360.00 109343367168.00 109440270336.00 109535166464.00 109629267968.00 109724098560.00 109818683392.00 109914087424.00 110008205312.00 
110100111360.00 110197497856.00 110292090880.00 110387412992.00 110481285120.00 110575771648.00 110670864384.00 110765965312.00 110859296768.00 110954913792.00 111048671232.00 111144501248.00 111238897664.00 111333646336.00 111428108288.00 111521136640.00 111616434176.00 111712829440.00 111807152128.00 111901876224.00 
111994806272.00 112091062272.00 112185794560.00 112280190976.00 112372760576.00 112468779008.00 112564289536.00 112659079168.00 112753426432.00 112848068608.00 112942383104.00 113037426688.00 113131667456.00 113228496896.00 113320845312.00 113415946240.00 113510604800.00 113605443584.00 113699856384.00 113794146304.00 
113861279744.00 113985241088.00 114079301632.00 114173239296.00 114268430336.00 114362867712.00 114457649152.00 114552545280.00 114646745088.00 114741592064.00 114835841024.00 114930368512.00 115024863232.00 115120742400.00 115214893056.00 115309453312.00 115402252288.00 115498631168.00 115594158080.00 115688431616.00 
115781787648.00 115877593088.00 115972087808.00 116067164160.00 116161265664.00 116254728192.00 116351041536.00 116446330880.00 116540088320.00 116635009024.00 116728594432.00 116826832896.00 116918484992.00 117013962752.00 117108424704.00 117202862080.00 117297684480.00 117392564224.00 117486731264.00 117581930496.00 
117673877504.00 117771100160.00 117865635840.00 117960630272.00 118055018496.00 118149464064.00 118244679680.00 118338928640.00 118431555584.00 118528196608.00 118605561856.00 118718267392.00 118812418048.00 118906314752.00 119001882624.00 119096524800.00 119190814720.00 119285637120.00 119380500480.00 119475224576.00 
119568629760.00 119664574464.00 119759126528.00 119852335104.00 119947747328.00 120043184128.00 120138039296.00 120232755200.00 120326856704.00 120422023168.00 120516165632.00 120611053568.00 120705286144.00 120801255424.00 120895332352.00 120988237824.00 121084510208.00 121179611136.00 121273802752.00 121368674304.00 
121451986944.00 121558073344.00 121652469760.00 121745743872.00 121841975296.00 121936273408.00 122031513600.00 122126090240.00 122219970560.00 122315046912.00 122409140224.00 122504216576.00 122599112704.00 122693967872.00 122787979264.00 122883022848.00 122976968704.00 123072307200.00 123166973952.00 123262091264.00 
123349565440.00 123451383808.00 123545640960.00 123640487936.00 123734605824.00 123829739520.00 123924209664.00 124019212288.00 124113756160.00 124208218112.00 124302499840.00 124397920256.00 124490301440.00 124587401216.00 124681576448.00 124775866368.00 124870877184.00 124965707776.00 125060235264.00 125155229696.00 
125246914560.00 125344120832.00 125438566400.00 125533315072.00 125627842560.00 125720797184.00 125817061376.00 125911244800.00 126004649984.00 126099980288.00 126193336320.00 126287552512.00 126378287104.00 126449598464.00 126591180800.00 126676361216.00 126768398336.00 126862532608.00 126956486656.00 127050899456.00 
127143813120.00 127239610368.00 127334113280.00 127428648960.00 127520948224.00 127617548288.00 127712313344.00 127807250432.00 127901515776.00 127996239872.00 128087326720.00 128186236928.00 128279756800.00 128375218176.00 128469426176.00 128564011008.00 128658874368.00 128753328128.00 128848027648.00 128942899200.00 
129031790592.00 129132396544.00 129226645504.00 129321738240.00 129416085504.00 129510473728.00 129605812224.00 129700020224.00 129794080768.00 129889615872.00 129983586304.00 130078760960.00 130173304832.00 130268160000.00 130362515456.00 130448523264.00 130550022144.00 130646319104.00 130741411840.00 130835652608.00 
130929442816.00 131025526784.00 131120226304.00 131214835712.00 131308765184.00 131404120064.00 131498622976.00 131593502720.00 131687972864.00 131782860800.00 131876601856.00 131971629056.00 132065787904.00 132161536000.00 132256325632.00 132350337024.00 132445257728.00 132540350464.00 132634419200.00 132729085952.00 
132809924608.00 132918878208.00 133013225472.00 133108342784.00 133202690048.00 133297111040.00 133392195584.00 133487083520.00 133579235328.00 133675851776.00 133769928704.00 133864833024.00 133961302016.00 134054961152.00 134149341184.00 134243950592.00 134338420736.00 134433406976.00 134528253952.00 134622658560.00 
134716096512.00 134811770880.00 134906642432.00 135001497600.00 135094984704.00 135189168128.00 135285170176.00 135379861504.00 135473889280.00 135570735104.00 135663779840.00 135758979072.00 135852957696.00 135948443648.00 136043724800.00 136137277440.00 136232460288.00 136327102464.00 136421441536.00 136516050944.00 
136599584768.00 136705974272.00 136800141312.00 136894693376.00 136989327360.00 137083936768.00 137178677248.00 137273761792.00 137367724032.00 137462923264.00 137554034688.00 137652617216.00 137746513920.00 137841377280.00 137934913536.00 138032349184.00 138125017088.00 138220568576.00 138315202560.00 138409574400.00 
138503127040.00 138599088128.00 138693689344.00 138788110336.00 138882465792.00 138977378304.00 139072241664.00 139167170560.00 139261493248.00 139356340224.00 139450499072.00 139545739264.00 139638095872.00 139734745088.00 139830460416.00 139922685952.00 140018843648.00 140113903616.00 140208144384.00 140303794176.00 
140394807296.00 140492210176.00 140587171840.00 140681887744.00 140776275968.00 140870680576.00 140965822464.00 141060358144.00 141153943552.00 141249724416.00 141343571968.00 141438746624.00 141533298688.00 141628325888.00 141723320320.00 141817528320.00 141911736320.00 142006779904.00 142101037056.00 142195228672.00 
142255685632.00 142387200000.00 142481129472.00 142575632384.00 142667988992.00 142764605440.00 142859337728.00 142954037248.00 143048392704.00 143143436288.00 143237398528.00 143332294656.00 143426781184.00 143521693696.00 143616589824.00 143710863360.00 143805628416.00 143900147712.00 143995191296.00 144091168768.00 
144178872320.00 144279191552.00 144373891072.00 144468148224.00 144564027392.00 144656318464.00 144752443392.00 144847126528.00 144941416448.00 145036279808.00 145130782720.00 145226186752.00 145320706048.00 145415307264.00 145509793792.00 145604132864.00 145696948224.00 145793728512.00 145887330304.00 145984225280.00 
146076925952.00 146173132800.00 146267389952.00 146362335232.00 146456461312.00 146551029760.00 146645598208.00 146740772864.00 146834931712.00 146930106368.00 147021332480.00 147117408256.00 147212861440.00 147308675072.00 147403030528.00 147497304064.00 147593052160.00 147687407616.00 147782074368.00 147876806656.00 
147968671744.00 148068286464.00 148160577536.00 148255490048.00 148349632512.00 148443594752.00 148539523072.00 148633124864.00 148726464512.00 148823474176.00 148917370880.00 149012742144.00 149107425280.00 149201666048.00 149296447488.00 149389737984.00 149485912064.00 149580890112.00 149675589632.00 149771173888.00 
149863350272.00 149959393280.00 150054125568.00 150148661248.00 150242213888.00 150338093056.00 150432530432.00 150527279104.00 150621765632.00 150716055552.00 150810345472.00 150905995264.00 151000088576.00 151095181312.00 151189848064.00 151283957760.00 151378493440.00 151473192960.00 151567056896.00 151659970560.00 
151701585920.00 151856627712.00 151949508608.00 152043896832.00 152137629696.00 152231968768.00 152326815744.00 152421351424.00 152515362816.00 152610406400.00 152704696320.00 152799690752.00 152894636032.00 152989450240.00 153082986496.00 153178177536.00 153272107008.00 153365872640.00 153462865920.00 153556090880.00 
153650511872.00 153746472960.00 153841401856.00 153935642624.00 154029867008.00 154116325376.00 154219429888.00 154314407936.00 154408878080.00 154503905280.00 154598178816.00 154693124096.00 154785677312.00 154882457600.00 154977091584.00 155071283200.00 155165835264.00 155261239296.00 155355742208.00 155450474496.00 
155542405120.00 155637514240.00 155734261760.00 155829420032.00 155923595264.00 156018163712.00 156112928768.00 156202385408.00 156301672448.00 156397305856.00 156488499200.00 156586622976.00 156680749056.00 156775989248.00 156870295552.00 156964290560.00 157059448832.00 157154541568.00 157249011712.00 157343924224.00 
157437067264.00 157532946432.00 157628153856.00 157722509312.00 157814718464.00 157911400448.00 158005723136.00 158103076864.00 158196088832.00 158290952192.00 158384898048.00 158480039936.00 158574116864.00 158668881920.00 158763646976.00 158856888320.00 158953029632.00 159047876608.00 159142739968.00 159236276224.00 
159326322688.00 159426609152.00 159521177600.00 159616204800.00 159709315072.00 159805161472.00 159900008448.00 159994232832.00 160088784896.00 160184336384.00 160277790720.00 160372998144.00 160467320832.00 160562757632.00 160657260544.00 160751894528.00 160844267520.00 160944095232.00 161035845632.00 161130905600.00 
161218330624.00 161320189952.00 161414332416.00 161509572608.00 161603502080.00 161698529280.00 161793294336.00 161887141888.00 161982398464.00 162077147136.00 162171076608.00 162266513408.00 162359574528.00 162454765568.00 162544254976.00 162647801856.00 162741075968.00 162835218432.00 162929639424.00 163023683584.00 
163116384256.00 163213885440.00 163308273664.00 163402874880.00 163497295872.00 163590520832.00 163686547456.00 163781394432.00 163874062336.00 163970826240.00 164065050624.00 164160634880.00 164254924800.00 164349526016.00 164444487680.00 164538712064.00 164633264128.00 164728078336.00 164822761472.00 164916150272.00 
165010964480.00 165106827264.00 165201739776.00 165296046080.00 165390106624.00 165485281280.00 165579833344.00 165674926080.00 165769428992.00 165863882752.00 165941166080.00 166053625856.00 166147751936.00 166243090432.00 166337462272.00 166431899648.00 166526320640.00 166620872704.00 166716260352.00 166810927104.00 
166894305280.00 166999998464.00 167094943744.00 167189905408.00 167284211712.00 167378976768.00 167473659904.00 167568343040.00 167662370816.00 167757512704.00 167851769856.00 167947632640.00 168041299968.00 168136261632.00 168230682624.00 168323710976.00 168418770944.00 168513536000.00 168614789120.00 168705212416.00 
168798339072.00 168893972480.00 168988737536.00 169083387904.00 169177350144.00 169272213504.00 169367224320.00 169461907456.00 169556312064.00 169650929664.00 169745367040.00 169840214016.00 169932849152.00 170028580864.00 170124361728.00 170218913792.00 170313973760.00 170408247296.00 170503241728.00 170597711872.00 
170678190080.00 170787487744.00 170881892352.00 170976526336.00 171071471616.00 171165581312.00 171260411904.00 171355308032.00 171448549376.00 171544543232.00 171638358016.00 171733581824.00 171828527104.00 171923161088.00 172017958912.00 172112052224.00 172206505984.00 172301238272.00 172392218624.00 172492013568.00 
172585025536.00 172680593408.00 172775653376.00 172869943296.00 172962480128.00 173057818624.00 173153648640.00 173248790528.00 173343047680.00 173438468096.00 173532086272.00 173627621376.00 173721600000.00 173816037376.00 173911392256.00 174005633024.00 174099922944.00 174195146752.00 174290239488.00 174384463872.00 
174473641984.00 174573584384.00 174668365824.00 174762885120.00 174857781248.00 174952005632.00 175043706880.00 175142748160.00 175236415488.00 175331360768.00 175422423040.00 175520792576.00 175615246336.00 175710109696.00 175804596224.00 175899017216.00 175991767040.00 176087859200.00 176183427072.00 176277979136.00 
176371204096.00 176467443712.00 176561782784.00 176655613952.00 176750641152.00 176845504512.00 176940056576.00 177036492800.00 177130143744.00 177225220096.00 177318445056.00 177414717440.00 177507680256.00 177603395584.00 177698095104.00 177783717888.00 177887150080.00 177981947904.00 178076663808.00 178171281408.00 
178263523328.00 178360696832.00 178454462464.00 178550636544.00 178644729856.00 178739232768.00 178833784832.00 178928877568.00 179021037568.00 179118555136.00 179212353536.00 179307806720.00 179402080256.00 179496517632.00 179591233536.00 179686965248.00 179780567040.00 179875463168.00 179969998848.00 180065796096.00 
180152729600.00 180254720000.00 180348829696.00 180443332608.00 180536885248.00 180633354240.00 180727791616.00 180822851584.00 180916764672.00 181011365888.00 181105541120.00 181200879616.00 181294874624.00 181386133504.00 181484863488.00 181579366400.00 181674180608.00 181768830976.00 181863661568.00 181957820416.00 
182041772032.00 182147579904.00 182242066432.00 182336372736.00 182431154176.00 182524542976.00 182622339072.00 182714990592.00 182809706496.00 182904913920.00 182998810624.00 183090987008.00 183188848640.00 183283531776.00 183378149376.00 183472570368.00 183566712832.00 183662116864.00 183756734464.00 183851286528.00 
183944757248.00 184040816640.00 184135434240.00 184230805504.00 184324456448.00 184419696640.00 184515510272.00 184608833536.00 184703270912.00 184798445568.00 184889065472.00 184987254784.00 185079889920.00 185176653824.00 185271566336.00 185365643264.00 185460555776.00 185555582976.00 185649987584.00 185744818176.00 
185836896256.00 185933873152.00 186028556288.00 186123780096.00 186217889792.00 186312753152.00 186407092224.00 186502250496.00 186595655680.00 186691108864.00 186785398784.00 186879393792.00 186974961664.00 187069825024.00 187163836416.00 187257520128.00 187353563136.00 187447394304.00 187542585344.00 187637989376.00 
187731001344.00 187827306496.00 187921563648.00 188015820800.00 188108718080.00 188205072384.00 188299542528.00 188394340352.00 188488499200.00 188583346176.00 188677128192.00 188772286464.00 188865986560.00 188960980992.00 189054894080.00 189148479488.00 189241933824.00 189334700032.00 189425762304.00 189508534272.00 
189484711936.00 189745004544.00 189827923968.00 189918806016.00 190011260928.00 190104453120.00 190198661120.00 190292983808.00 190386618368.00 190481530880.00 190575214592.00 190670225408.00 190764646400.00 190859362304.00 190953914368.00 191047827456.00 191140823040.00 191237783552.00 191331631104.00 191426625536.00 
191520145408.00 191615827968.00 191710904320.00 191806324736.00 191899254784.00 191992807424.00 192089735168.00 192183795712.00 192278216704.00 192374423552.00 192467075072.00 192562413568.00 192655933440.00 192751386624.00 192846217216.00 192940490752.00 193035321344.00 193130086400.00 193224900608.00 193319747584.00 
193411481600.00 193508556800.00 193603567616.00 193698086912.00 193792557056.00 193887141888.00 193982218240.00 194076917760.00 194169339904.00 194266316800.00 194357133312.00 194455371776.00 194549907456.00 194644721664.00 194738307072.00 194833661952.00 194928263168.00 195023011840.00 195118137344.00 195212869632.00 
195306094592.00 195402448896.00 195496574976.00 195591716864.00 195685072896.00 195780640768.00 195875471360.00 195970138112.00 196064460800.00 196162453504.00 196253810688.00 196348837888.00 196442701824.00 196538646528.00 196630937600.00 196725555200.00 196821942272.00 196917035008.00 197011423232.00 197106024448.00 
197189353472.00 197295587328.00 197390073856.00 197484920832.00 197579096064.00 197673648128.00 197768527872.00 197867487232.00 197957910528.00 198052970496.00 198146785280.00 198242385920.00 198336626688.00 198431031296.00 198525927424.00 198619643904.00 198714523648.00 198810091520.00 198904741888.00 198998605824.00 
199087144960.00 199187759104.00 199283539968.00 199377960960.00 199472005120.00 199565950976.00 199662125056.00 199757430784.00 199851311104.00 199946108928.00 200040235008.00 200135000064.00 200227782656.00 200324890624.00 200419377152.00 200513748992.00 200608448512.00 200702787584.00 200798912512.00 200892825600.00 
200984969216.00 201082388480.00 201176629248.00 201271279616.00 201366208512.00 201451945984.00 201555476480.00 201650552832.00 201743728640.00 201838903296.00 201933684736.00 202028613632.00 202123313152.00 202217111552.00 202313580544.00 202407673856.00 202501865472.00 202598285312.00 202691870720.00 202786390016.00 
202879762432.00 202975723520.00 203069964288.00 203165417472.00 203257217024.00 203354112000.00 203448598528.00 203543494656.00 203637882880.00 203733139456.00 203824005120.00 203922259968.00 204016058368.00 204110954496.00 204209897472.00 204301189120.00 204395528192.00 204490817536.00 204585271296.00 204680134656.00 
204768755712.00 204868894720.00 204963102720.00 205058408448.00 205153107968.00 205247725568.00 205341999104.00 205437304832.00 205531332608.00 205626327040.00 205720354816.00 205815218176.00 205910458368.00 206004928512.00 206099988480.00 206192361472.00 206286602240.00 206383693824.00 206478016512.00 206572879872.00 
206666153984.00 206761590784.00 206861008896.00 206952267776.00 207046164480.00 207140995072.00 207235710976.00 207330508800.00 207425224704.00 207519989760.00 207613870080.00 207709290496.00 207802499072.00 207898443776.00 207993143296.00 208087252992.00 208181837824.00 208276996096.00 208371400704.00 208466231296.00 
208547053568.00 208655794176.00 208750346240.00 208845504512.00 208939237376.00 209034166272.00 209128914944.00 209224974336.00 209316364288.00 209413439488.00 209507139584.00 209602641920.00 209696866304.00 209791860736.00 209886396416.00 209980719104.00 210075222016.00 210170445824.00 210265014272.00 210359746560.00 
210452676608.00 210548604928.00 210638897152.00 210740068352.00 210832719872.00 210926338048.00 211022970880.00 211117604864.00 211211714560.00 211306053632.00 211400605696.00 211495911424.00 211590037504.00 211685310464.00 211779944448.00 211874004992.00 211968999424.00 212064108544.00 212158431232.00 212253736960.00 
212336771072.00 212442677248.00 212537114624.00 212632993792.00 212727021568.00 212821032960.00 212915961856.00 213010661376.00 213104492544.00 213200093184.00 213276901376.00 213389737984.00 213483913216.00 213578465280.00 213673459712.00 213767602176.00 213861515264.00 213957492736.00 214051766272.00 214146727936.00 
214240034816.00 214337306624.00 214430728192.00 214525444096.00 214619439104.00 214714368000.00 214809034752.00 214904078336.00 214998319104.00 215093002240.00 215187308544.00 215282892800.00 215375331328.00 215472226304.00 215566778368.00 215659479040.00 215755800576.00 215850975232.00 215945150464.00 216039817216.00 
216131698688.00 216229789696.00 216323604480.00 216418123776.00 216512266240.00 216605523968.00 216709300224.00 216799051776.00 216892030976.00 216987058176.00 217081266176.00 217176424448.00 217270861824.00 217366069248.00 217460310016.00 217554632704.00 217649463296.00 217744277504.00 217839058944.00 217933381632.00 
218021249024.00 218122977280.00 218217627648.00 218309787648.00 218404667392.00 218500939776.00 218596179968.00 218691108864.00 218785710080.00 218880507904.00 218974584832.00 219069317120.00 219163836416.00 219259289600.00 219353235456.00 219447705600.00 219544059904.00 219637809152.00 219732246528.00 219827290112.00 
219916091392.00 220017410048.00 220110880768.00 220205645824.00 220300050432.00 220393144320.00 220490039296.00 220584787968.00 220678373376.00 220773351424.00 220867624960.00 220962652160.00 221057204224.00 221150429184.00 221247864832.00 221341728768.00 221434527744.00 221531242496.00 221625663488.00 221720739840.00 
221813489664.00 221909712896.00 222004592640.00 222099030016.00 222193205248.00 222288674816.00 222383308800.00 222477565952.00 222572265472.00 222667063296.00 222758256640.00 222856134656.00 222949818368.00 223051366400.00 223140675584.00 223235063808.00 223329746944.00 223424266240.00 223519227904.00 223615926272.00 
223705579520.00 223803179008.00 223897632768.00 223992446976.00 224087474176.00 224181551104.00 224276529152.00 224371261440.00 224463503360.00 224560496640.00 224654114816.00 224749699072.00 224844447744.00 224938885120.00 225034256384.00 225119649792.00 225222705152.00 225318141952.00 225412399104.00 225507098624.00 
225600552960.00 225697464320.00 225790836736.00 225887862784.00 225979351040.00 226075099136.00 226170454016.00 226263957504.00 226358525952.00 226453733376.00 226547580928.00 226642886656.00 226737078272.00 226832236544.00 226926772224.00 227020652544.00 227115745280.00 227210117120.00 227304161280.00 227396878336.00 
227438788608.00 227593797632.00 227686481920.00 227780591616.00 227874521088.00 227969286144.00 228063444992.00 228158291968.00 228252712960.00 228347625472.00 228441686016.00 228537401344.00 228631363584.00 228726325248.00 228821106688.00 228915003392.00 229009342464.00 229105090560.00 229199593472.00 229294063616.00 
229387681792.00 229482479616.00 229578063872.00 229673041920.00 229766791168.00 229860622336.00 229956845568.00 230051741696.00 230145884160.00 230241206272.00 230334709760.00 230430277632.00 230522781696.00 230620479488.00 230713982976.00 230809305088.00 230903660544.00 230998507520.00 231092961280.00 231185350656.00 
231279640576.00 231377076224.00 231471513600.00 231566180352.00 231660126208.00 231755563008.00 231850164224.00 231944880128.00 232038809600.00 232135999488.00 232225406976.00 232323547136.00 232418131968.00 232512684032.00 232607612928.00 232701640704.00 232796356608.00 232891564032.00 232986198016.00 233080455168.00 
233174188032.00 233269362688.00 233366142976.00 233459793920.00 233552314368.00 233649061888.00 233743417344.00 233838379008.00 233932406784.00 234027532288.00 234121428992.00 234217259008.00 234311237632.00 234406494208.00 234501341184.00 234593746944.00 234688970752.00 234785161216.00 234879696896.00 234974625792.00 
235063623680.00 235162451968.00 235258200064.00 235353440256.00 235447549952.00 235542020096.00 235637080064.00 235731894272.00 235826085888.00 235921276928.00 236014911488.00 236110266368.00 236204834816.00 236299567104.00 236394233856.00 236488425472.00 236581388288.00 236677939200.00 236772491264.00 236866191360.00 
236927188992.00 237058670592.00 237152534528.00 237246971904.00 237340835840.00 237435748352.00 237529972736.00 237625327616.00 237719781376.00 237814710272.00 237908688896.00 238004404224.00 238097498112.00 238193229824.00 238287831040.00 238382366720.00 238476836864.00 238571749376.00 238666563584.00 238761574400.00 
238853079040.00 238949662720.00 239045328896.00 239139799040.00 239234449408.00 239327428608.00 239422980096.00 239518875648.00 239611183104.00 239707947008.00 239802105856.00 239897214976.00 239991570432.00 240086466560.00 240181329920.00 240275406848.00 240369926144.00 240465313792.00 240559800320.00 240654385152.00 
240747872256.00 240843964416.00 240938254336.00 241032953856.00 241126359040.00 241220648960.00 241318641664.00 241412538368.00 241506680832.00 241601183744.00 241692524544.00 241790828544.00 241885216768.00 241980030976.00 242074615808.00 242169167872.00 242263851008.00 242358648832.00 242453053440.00 242547408896.00 
242631344128.00 242737545216.00 242832261120.00 242926616576.00 243020939264.00 243115589632.00 243210010624.00 243305447424.00 243399753728.00 243494649856.00 243588431872.00 243682934784.00 243779141632.00 243873677312.00 243968393216.00 244061011968.00 244156334080.00 244252229632.00 244346617856.00 244441612288.00 
244535083008.00 244630978560.00 244725317632.00 244820000768.00 244914421760.00 245008990208.00 245104132096.00 245198798848.00 245292023808.00 245388689408.00 245481914368.00 245577678848.00 245669609472.00 245766864896.00 245861318656.00 245955952640.00 246050914304.00 246145253376.00 246240083968.00 246334849024.00 
246415425536.00 246524641280.00 246619176960.00 246713745408.00 246807609344.00 246902833152.00 246997188608.00 247092068352.00 247185620992.00 247282171904.00 247375495168.00 247470718976.00 247565320192.00 247660036096.00 247754702848.00 247848812544.00 247943987200.00 248038899712.00 248133353472.00 248227758080.00 
248321425408.00 248417927168.00 248512069632.00 248607145984.00 248699387904.00 248787386368.00 248890818560.00 248985370624.00 249080004608.00 249174900736.00 249268535296.00 249364463616.00 249458442240.00 249553600512.00 249648103424.00 249742573568.00 249837469696.00 249932087296.00 250026819584.00 250120945664.00 
250210910208.00 250310459392.00 250405437440.00 250500431872.00 250594082816.00 250689011712.00 250783629312.00 250878689280.00 250972979200.00 251067432960.00 251159379968.00 251257290752.00 251351777280.00 251446411264.00 251540815872.00 251635531776.00 251728084992.00 251824603136.00 251919384576.00 252013920256.00 
252107030528.00 252202762240.00 252297314304.00 252391178240.00 252484403200.00 252577005568.00 252662104064.00 252803743744.00 252874571776.00 252966240256.00 253058908160.00 253153689600.00 253246783488.00 253342416896.00 253436526592.00 253529227264.00 253625417728.00 253720231936.00 253815226368.00 253909286912.00 
254001299456.00 254098653184.00 254193238016.00 254288003072.00 254382309376.00 254477090816.00 254572003328.00 254666457088.00 254758666240.00 254855397376.00 254949588992.00 255045533696.00 255139332096.00 255234359296.00 255329189888.00 255423119360.00 255517933568.00 255613435904.00 255707742208.00 255802458112.00 
255889702912.00 255991431168.00 256086540288.00 256181338112.00 256274694144.00 256369770496.00 256465567744.00 256559759360.00 256654098432.00 256749305856.00 256843317248.00 256938360832.00 257032552448.00 257127743488.00 257222000640.00 257316864000.00 257411317760.00 257507999744.00 257601208320.00 257695612928.00 
257778860032.00 257884880896.00 257979678720.00 258073919488.00 258168700928.00 258262056960.00 258358165504.00 258452193280.00 258547499008.00 258642493440.00 258736390144.00 258831400960.00 258926231552.00 259021094912.00 259115810816.00 259209641984.00 259303620608.00 259401138176.00 259494264832.00 259589029888.00 
259682451456.00 259778412544.00 259872997376.00 259968008192.00 260061822976.00 260156653568.00 260251582464.00 260347297792.00 260440784896.00 260535369728.00 260612587520.00 260725456896.00 260817879040.00 260914561024.00 261008900096.00 261103632384.00 261198184448.00 261292965888.00 261387386880.00 261482397696.00 
261574344704.00 261671550976.00 261766823936.00 261860900864.00 261955387392.00 262050283520.00 262145097728.00 262239748096.00 262333153280.00 262426869760.00 262523666432.00 262618497024.00 262713032704.00 262807535616.00 262902317056.00 262995640320.00 263091503104.00 263186382848.00 263281197056.00 263376027648.00 
263469056000.00 263565197312.00 263659732992.00 263754956800.00 263846985728.00 263943716864.00 264038694912.00 264132902912.00 264228290560.00 264323235840.00 264416509952.00 264512225280.00 264605777920.00 264701214720.00 264795897856.00 264890531840.00 264984657920.00 265080258560.00 265173958656.00 265268330496.00 
265335701504.00 265459417088.00 265553608704.00 265648291840.00 265742172160.00 265837150208.00 265932439552.00 266024992768.00 266120839168.00 266216603648.00 266310172672.00 266405675008.00 266499850240.00 266594762752.00 266689413120.00 266784276480.00 266876665856.00 266973216768.00 267067834368.00 267162484736.00 
267255988224.00 267351801856.00 267446353920.00 267540987904.00 267636195328.00 267728896000.00 267825217536.00 267919736832.00 268014321664.00 268109053952.00 268203376640.00 268298829824.00 268392349696.00 268487639040.00 268582502400.00 268677218304.00 268771885056.00 268866486272.00 268961300480.00 269056344064.00 
269147897856.00 269245497344.00 269339443200.00 269435043840.00 269529120768.00 269623590912.00 269718241280.00 269813465088.00 269905526784.00 270002634752.00 270094008320.00 270191771648.00 270286176256.00 270381187072.00 270475771904.00 270569848832.00 270663385088.00 270746566656.00 270856781824.00 270950465536.00 
271043264512.00 271139323904.00 271233761280.00 271328460800.00 271422144512.00 271517499392.00 271612379136.00 271707160576.00 271801827328.00 271896477696.00 271990423552.00 272085663744.00 272179871744.00 272274735104.00 272369549312.00 272455303168.00 272558784512.00 272653287424.00 272747708416.00 272843046912.00 
272926359552.00 273032249344.00 273126932480.00 273221992448.00 273316249600.00 273410621440.00 273505075200.00 273600233472.00 273694031872.00 273792172032.00 273883693056.00 273979195392.00 274073354240.00 274168250368.00 274262720512.00 274357485568.00 274451333120.00 274547146752.00 274641813504.00 274736267264.00 
274823938048.00 274925518848.00 275021234176.00 275114655744.00 275209158656.00 275303825408.00 275399114752.00 275493421056.00 275587530752.00 275674398720.00 275777781760.00 275873333248.00 275964985344.00 276061683712.00 276156153856.00 276250624000.00 276345454592.00 276440449024.00 276534820864.00 276630306816.00 
276721696768.00 276818821120.00 276913717248.00 277007138816.00 277103214592.00 277196079104.00 277292384256.00 277387345920.00 277480407040.00 277576351744.00 277670690816.00 277765685248.00 277859958784.00 277953871872.00 278050209792.00 278144253952.00 278238691328.00 278333915136.00 278428516352.00 278523445248.00 
278616702976.00 278712188928.00 278807412736.00 278901325824.00 278994354176.00 279090888704.00 279185555456.00 279279796224.00 279375249408.00 279469948928.00 279560814592.00 279659053056.00 279753359360.00 279848353792.00 279943249920.00 280037785600.00 280132190208.00 280227676160.00 280322310144.00 280416649216.00 
280505352192.00 280605196288.00 280700452864.00 280798527488.00 280889851904.00 280984289280.00 281079414784.00 281173688320.00 281268420608.00 281363152896.00 281457360896.00 281552683008.00 281647022080.00 281742770176.00 281836158976.00 281929252864.00 282023460864.00 282120716288.00 282215448576.00 282310115328.00 
282403209216.00 282499252224.00 282593820672.00 282688061440.00 282782367744.00 282877263872.00 282972553216.00 283066990592.00 283161427968.00 283255373824.00 283350532096.00 283446345728.00 283539406848.00 283634270208.00 283729166336.00 283823374336.00 283918008320.00 284012085248.00 284105932800.00 284197617664.00 
284227043328.00 284398321664.00 284490235904.00 284583854080.00 284678160384.00 284772335616.00 284867198976.00 284961669120.00 285054205952.00 285150740480.00 285244751872.00 285340467200.00 285434281984.00 285530750976.00 285623713792.00 285718052864.00 285812424704.00 285907976192.00 286002642944.00 286097637376.00 
286190501888.00 286286479360.00 286381113344.00 286475911168.00 286569365504.00 286663540736.00 286759452672.00 286851923968.00 286948491264.00 287043649536.00 287137628160.00 287233179648.00 287327191040.00 287422644224.00 287517016064.00 287611748352.00 287706251264.00 287800295424.00 287896272896.00 287989923840.00 
288073449472.00 288179912704.00 288274087936.00 288369016832.00 288463585280.00 288557924352.00 288652656640.00 288747552768.00 288842416128.00 288937246720.00 289028374528.00 289126612992.00 289220820992.00 289315553280.00 289410482176.00 289504854016.00 289598930944.00 289694285824.00 289788559360.00 289885421568.00 
289977368576.00 290073542656.00 290167947264.00 290262286336.00 290356723712.00 290451816448.00 290546581504.00 290641608704.00 290735751168.00 290830614528.00 290924494848.00 291019948032.00 291112288256.00 291209314304.00 291303620608.00 291396550656.00 291492397056.00 291594993664.00 291682451456.00 291777708032.00 
291869294592.00 291966386176.00 292061937664.00 292155555840.00 292250681344.00 292345020416.00 292439883776.00 292534747136.00 292628267008.00 292723752960.00 292817928192.00 292915675136.00 293007949824.00 293102518272.00 293197250560.00 293291720704.00 293385928704.00 293481676800.00 293575786496.00 293670748160.00 
293758140416.00 293859590144.00 293953503232.00 294048956416.00 294141952000.00 294238158848.00 294333218816.00 294427754496.00 294521896960.00 294616629248.00 294710312960.00 294796099584.00 294902038528.00 294996606976.00 295090814976.00 295185154048.00 295280148480.00 295375208448.00 295469416448.00 295564083200.00 
295653376000.00 295753482240.00 295848837120.00 295943372800.00 296037187584.00 296123432960.00 296226717696.00 296321286144.00 296415428608.00 296510652416.00 296604401664.00 296700411904.00 296794456064.00 296889122816.00 296983560192.00 297078095872.00 297171189760.00 297268281344.00 297362784256.00 297457287168.00 
297550741504.00 297646686208.00 297741058048.00 297839198208.00 297930686464.00 298025123840.00 298119757824.00 298214850560.00 298309124096.00 298404806656.00 298495410176.00 298593583104.00 298687463424.00 298783277056.00 298877583360.00 298971758592.00 299066523648.00 299161223168.00 299258544128.00 299351048192.00 
299442929664.00 299540119552.00 299634655232.00 299729682432.00 299823628288.00 299918426112.00 300013289472.00 300108414976.00 300201082880.00 300297715712.00 300391727104.00 300486623232.00 300581158912.00 300676710400.00 300771049472.00 300863848448.00 300959629312.00 301054754816.00 301148864512.00 301244317696.00 
301337640960.00 301433290752.00 301528317952.00 301622722560.00 301716570112.00 301811793920.00 301906722816.00 302002405376.00 302096056320.00 302190428160.00 302284800000.00 302378844160.00 302474362880.00 302569455616.00 302663860224.00 302758199296.00 302852243456.00 302947237888.00 303041413120.00 303133949952.00 
303175696384.00 303330918400.00 303423258624.00 303517532160.00 303611936768.00 303706275840.00 303801270272.00 303895838720.00 303989653504.00 304084647936.00 304179052544.00 304273915904.00 304368582656.00 304463216640.00 304557588480.00 304652419072.00 304746397696.00 304841981952.00 304936583168.00 305031610368.00 
305124704256.00 305220747264.00 305314693120.00 305409884160.00 305504157696.00 305597415424.00 305694441472.00 305788682240.00 305882857472.00 305978114048.00 306071928832.00 306167939072.00 306259984384.00 306356879360.00 306450137088.00 306545688576.00 306640257024.00 306735349760.00 306827821056.00 306924781568.00 
307016630272.00 307114180608.00 307208617984.00 307302924288.00 307397754880.00 307492454400.00 307587383296.00 307681558528.00 307775242240.00 307871121408.00 307948060672.00 308061077504.00 308154925056.00 308250083328.00 308344520704.00 308439482368.00 308533821440.00 308628783104.00 308723187712.00 308817821696.00 
308912029696.00 309007777792.00 309102247936.00 309196324864.00 309288927232.00 309385461760.00 309480652800.00 309575286784.00 309669920768.00 309764784128.00 309858697216.00 309953757184.00 310047277056.00 310145974272.00 310238576640.00 310331244544.00 310427156480.00 310522216448.00 310616752128.00 310711320576.00 
310800580608.00 310900785152.00 310994436096.00 311089889280.00 311184556032.00 311279190016.00 311374479360.00 311468425216.00 311562862592.00 311658512384.00 311752327168.00 311847682048.00 311941824512.00 312036425728.00 312128503808.00 312226119680.00 312318656512.00 312415649792.00 312509825024.00 312605147136.00 
312692441088.00 312794284032.00 312888623104.00 312983322624.00 313077170176.00 313172688896.00 313267355648.00 313362087936.00 313456525312.00 313551323136.00 313645432832.00 313740361728.00 313834274816.00 313930022912.00 314024460288.00 314119159808.00 314213892096.00 314308067328.00 314403192832.00 314497990656.00 
314589970432.00 314687356928.00 314780975104.00 314876755968.00 314971488256.00 315064221696.00 315160526848.00 315254996992.00 315347369984.00 315444461568.00 315538374656.00 315633270784.00 315726790656.00 315815493632.00 315922120704.00 316013969408.00 316108177408.00 316202778624.00 316297609216.00 316392144896.00 
316485435392.00 316581740544.00 316675817472.00 316771139584.00 316863938560.00 316959457280.00 317054255104.00 317150003200.00 317243621376.00 317338648576.00 317429776384.00 317527621632.00 317621862400.00 317717413888.00 317811490816.00 317906747392.00 318001119232.00 318095687680.00 318190157824.00 318285414400.00 
318368645120.00 318474878976.00 318569086976.00 318663884800.00 318757863424.00 318852628480.00 318948114432.00 319041961984.00 319135875072.00 319232344064.00 319325798400.00 319421579264.00 319515721728.00 319610748928.00 319704956928.00 319791300608.00 319893536768.00 319988695040.00 320083820544.00 320178880512.00 
320271712256.00 320368377856.00 320462192640.00 320557285376.00 320650379264.00 320747601920.00 320841678848.00 320936312832.00 321030324224.00 321125482496.00 321219395584.00 321314324480.00 321407188992.00 321504215040.00 321599897600.00 321693319168.00 321787297792.00 321882816512.00 321977188352.00 322072117248.00 
322152759296.00 322261549056.00 322356314112.00 322452094976.00 322544697344.00 322639495168.00 322734751744.00 322829123584.00 322922807296.00 323018620928.00 323113025536.00 323208183808.00 323302883328.00 323397517312.00 323491332096.00 323586293760.00 323680665600.00 323775856640.00 323870621696.00 323965812736.00 
324058447872.00 324154261504.00 324249288704.00 324343791616.00 324436295680.00 324531290112.00 324627431424.00 324721541120.00 324814503936.00 324916510720.00 325007376384.00 325102206976.00 325196185600.00 325291114496.00 325385682944.00 325479956480.00 325574524928.00 325669519360.00 325763858432.00 325858951168.00 
325947949056.00 326048284672.00 326143148032.00 326237028352.00 326331629568.00 326426853376.00 326521683968.00 326615728128.00 326709870592.00 326805356544.00 326896779264.00 326996951040.00 327089094656.00 327185203200.00 327278198784.00 327373881344.00 327466385408.00 327563051008.00 327657455616.00 327752089600.00 
327845281792.00 327942242304.00 328036024320.00 328130560000.00 328225193984.00 328319696896.00 328414822400.00 328510767104.00 328604418048.00 328698789888.00 328793227264.00 328888516608.00 328981970944.00 329077129216.00 329172385792.00 329265512448.00 329361391616.00 329456648192.00 329550233600.00 329645490176.00 
329737240576.00 329834823680.00 329929424896.00 330024878080.00 330119610368.00 330213425152.00 330308288512.00 330402496512.00 330495459328.00 330591961088.00 330686005248.00 330781753344.00 330875600896.00 330971283456.00 331065655296.00 331159994368.00 331254235136.00 331348836352.00 331443339264.00 331537612800.00 
331598659584.00 331729436672.00 331823677440.00 331918082048.00 332011307008.00 332106629120.00 332201721856.00 332296519680.00 332391120896.00 332486049792.00 332580028416.00 332675252224.00 332769034240.00 332864585728.00 332958826496.00 333053100032.00 333148291072.00 333243252736.00 333337657344.00 333432586240.00 
333515816960.00 333622018048.00 333716357120.00 333811154944.00 333905952768.00 333998555136.00 334095220736.00 334190149632.00 334283833344.00 334378631168.00 334473691136.00 334568783872.00 334663155712.00 334758150144.00 334853046272.00 334947549184.00 335040970752.00 335136489472.00 335230992384.00 335325986816.00 
335419539456.00 335516499968.00 335610413056.00 335705079808.00 335798730752.00 335893528576.00 335988424704.00 336083550208.00 336177758208.00 336272261120.00 336363094016.00 336461692928.00 336554196992.00 336651124736.00 336745234432.00 336838066176.00 336938008576.00 337030381568.00 337125310464.00 337219846144.00 
337311629312.00 337409540096.00 337503485952.00 337597923328.00 337692753920.00 337786863616.00 337882415104.00 337976492032.00 338070306816.00 338166415360.00 338260262912.00 338355093504.00 338449989632.00 338544623616.00 338639323136.00 338732351488.00 338828230656.00 338923454464.00 339017760768.00 339117768704.00 
339206307840.00 339302318080.00 339396755456.00 339491717120.00 339583729664.00 339680559104.00 339774406656.00 339870121984.00 339964362752.00 340059684864.00 340153434112.00 340248559616.00 340342964224.00 340437860352.00 340532494336.00 340627292160.00 340722024448.00 340816723968.00 340911194112.00 341005664256.00 
341072478208.00 341196472320.00 341290811392.00 341385412608.00 341479522304.00 341574156288.00 341668921344.00 341763620864.00 341858091008.00 341952724992.00 342046965760.00 342142287872.00 342236889088.00 342332211200.00 342425894912.00 342520659968.00 342612836352.00 342709895168.00 342805184512.00 342895132672.00 
342992814080.00 343088889856.00 343183425536.00 343278387200.00 343372791808.00 343459069952.00 343562125312.00 343656693760.00 343751819264.00 343846060032.00 343940104192.00 344035590144.00 344129110016.00 344224661504.00 344319295488.00 344413700096.00 344506597376.00 344604966912.00 344698355712.00 344792989696.00 
344885035008.00 344982159360.00 345077022720.00 345171853312.00 345266356224.00 345360859136.00 345454739456.00 345549209600.00 345642696704.00 345739460608.00 345831014400.00 345928564736.00 346022477824.00 346118553600.00 346213253120.00 346307493888.00 346401767424.00 346496466944.00 346592411648.00 346686095360.00 
346779549696.00 346873954304.00 346970816512.00 347064139776.00 347158839296.00 347253899264.00 347347746816.00 347445821440.00 347539111936.00 347633418240.00 347727265792.00 347822718976.00 347916271616.00 348011659264.00 348106227712.00 348199550976.00 348295921664.00 348390326272.00 348484993024.00 348579528704.00 
348662923264.00 348769353728.00 348863823872.00 348958752768.00 349052370944.00 349147725824.00 349242261504.00 349337321472.00 349431595008.00 349526458368.00 349620469760.00 349715529728.00 349808689152.00 349905682432.00 350000513024.00 350094262272.00 350188339200.00 350284775424.00 350377934848.00 350473519104.00 
350560550912.00 350662492160.00 350756798464.00 350851661824.00 350946328576.00 351041159168.00 351136153600.00 351230623744.00 351324602368.00 351419432960.00 351514132480.00 351608832000.00 351701663744.00 351798034432.00 351891456000.00 351988088832.00 352082624512.00 352177750016.00 352272121856.00 352366559232.00 
352458342400.00 352556679168.00 352650493952.00 352745062400.00 352839139328.00 352932855808.00 353028833280.00 353123860480.00 353217675264.00 353313390592.00 353407074304.00 353502429184.00 353596735488.00 353690484736.00 353787314176.00 353881587712.00 353976025088.00 354071150592.00 354165293056.00 354259828736.00 
354353053696.00 354448703488.00 354545303552.00 354639151104.00 354730999808.00 354827829248.00 354921807872.00 355017424896.00 355112222720.00 355206430720.00 355283271680.00 355396452352.00 355490332672.00 355585425408.00 355680157696.00 355773939712.00 355868835840.00 355963731968.00 356058759168.00 356152901632.00 
356242915328.00 356342333440.00 356437622784.00 356532453376.00 356625940480.00 356722278400.00 356816388096.00 356911775744.00 357005033472.00 357100257280.00 357194203136.00 357289525248.00 357383700480.00 357478531072.00 357573722112.00 357666816000.00 357760270336.00 357857034240.00 357953601536.00 358046826496.00 
358140444672.00 358235832320.00 358331088896.00 358425329664.00 358520061952.00 358614433792.00 358709592064.00 358804324352.00 358898925568.00 358993035264.00 359088553984.00 359182696448.00 359276675072.00 359372128256.00 359466762240.00 359562346496.00 359656095744.00 359750860800.00 359845920768.00 359940128768.00 
360021065728.00 360129888256.00 360224522240.00 360318926848.00 360413593600.00 360508227584.00 360602599424.00 360697626624.00 360789770240.00 360886599680.00 360981069824.00 361076195328.00 361171058688.00 361265790976.00 361361375232.00 361454403584.00 361549037568.00 361644261376.00 361738043392.00 361833201664.00 
361926852608.00 362022928384.00 362117529600.00 362211508224.00 362305781760.00 362399367168.00 362494132224.00 362591256576.00 362685366272.00 362780262400.00 362874798080.00 362970808320.00 363063738368.00 363158568960.00 363253792768.00 363348066304.00 363442896896.00 363537793024.00 363632001024.00 363726897152.00 
363810521088.00 363916361728.00 364010700800.00 364105302016.00 364200034304.00 364294307840.00 364388679680.00 364484886528.00 364578537472.00 364672811008.00 364764823552.00 364862406656.00 364958351360.00 365052297216.00 365146636288.00 365241630720.00 365335085056.00 365430833152.00 365525794816.00 365620396032.00 
365713489920.00 365809270784.00 365902397440.00 365998833664.00 366093172736.00 366188265472.00 366282964992.00 366377795584.00 366472396800.00 366567161856.00 366660845568.00 366759215104.00 366849032192.00 366944190464.00 367039709184.00 367125823488.00 367229730816.00 367324725248.00 367418638336.00 367514288128.00 
367605317632.00 367702933504.00 367797305344.00 367892463616.00 367986540544.00 368080912384.00 368176562176.00 368270344192.00 368364224512.00 368460726272.00 368554278912.00 368649830400.00 368744726528.00 368839098368.00 368933437440.00 369028530176.00 369122148352.00 369217929216.00 369312169984.00 369407131648.00 
369494065152.00 369596596224.00 369690607616.00 369785241600.00 369878269952.00 369975164928.00 370069307392.00 370166366208.00 370258542592.00 370353078272.00 370447089664.00 370541985792.00 370636750848.00 370731188224.00 370827264000.00 370921275392.00 371015778304.00 371110674432.00 371205373952.00 371299942400.00 
371389300736.00 371489800192.00 371583844352.00 371678183424.00 371773210624.00 371866173440.00 371963265024.00 372057309184.00 372151713792.00 372246872064.00 372341243904.00 372435320832.00 372530151424.00 372625604608.00 372719812608.00 372814413824.00 372907278336.00 373002993664.00 373098414080.00 373193441280.00 
373286731776.00 373382217728.00 373476163584.00 373571911680.00 373665366016.00 373760524288.00 373855649792.00 373949661184.00 374044327936.00 374139781120.00 374230908928.00 374328852480.00 374422241280.00 374517891072.00 374612099072.00 374706864128.00 374801956864.00 374897278976.00 374991028224.00 375086120960.00 
375177445376.00 375275028480.00 375369826304.00 375463903232.00 375558635520.00 375653466112.00 375747903488.00 375842996224.00 375935500288.00 376032624640.00 376125423616.00 376220614656.00 376315576320.00 376410177536.00 376504844288.00 376597348352.00 376692998144.00 376788025344.00 376882036736.00 376977162240.00 
377070092288.00 377166069760.00 377260376064.00 377354485760.00 377447677952.00 377542934528.00 377638027264.00 377731809280.00 377825624064.00 377919635456.00 378012631040.00 378107002880.00 378199506944.00 378293518336.00 378385367040.00 378476986368.00 378567032832.00 378654228480.00 378733428736.00 378780975104.00 
end   dump: w
==END   DUMP_ARRAYS==
Time in seconds = 0.131844
