Sender: LSF System <lsfadmin@polus-c3-ib.bmc.hpc.cs.msu.ru>
Subject: Job 494389: <./extra.o> in cluster <MSUCluster> Done

Job <./extra.o> was submitted from host <polus-ib.bmc.hpc.cs.msu.ru> by user <edu-cmc-skpod19-328-11> in cluster <MSUCluster> at Fri Nov 29 23:43:36 2019
Job was executed on host(s) <3*polus-c3-ib.bmc.hpc.cs.msu.ru>, in queue <short>, as user <edu-cmc-skpod19-328-11> in cluster <MSUCluster> at Fri Nov 29 23:46:31 2019
                            <11*polus-c2-ib.bmc.hpc.cs.msu.ru>
</home_edu/edu-cmc-skpod19-328/edu-cmc-skpod19-328-11> was used as the home directory.
</home_edu/edu-cmc-skpod19-328/edu-cmc-skpod19-328-11/dep_gemver> was used as the working directory.
Started at Fri Nov 29 23:46:31 2019
Terminated at Fri Nov 29 23:46:33 2019
Results reported at Fri Nov 29 23:46:33 2019

Your job looked like:

------------------------------------------------------------
# LSBATCH: User input
./extra.o
------------------------------------------------------------

Successfully completed.

Resource usage summary:

    CPU time :                                   12.34 sec.
    Max Memory :                                 1 MB
    Average Memory :                             1.00 MB
    Total Requested Memory :                     -
    Delta Memory :                               -
    Max Swap :                                   -
    Max Processes :                              1
    Max Threads :                                1
    Run time :                                   1 sec.
    Turnaround time :                            177 sec.

The output (if any) follows:

==BEGIN DUMP_ARRAYS==
begin dump: w
0.00 0.00 0.00 0.00 0.00 0.00 0.00 0.00 0.00 0.00 0.00 0.00 0.00 0.00 0.00 0.00 0.00 0.00 0.00 0.00 
0.00 0.00 0.00 0.00 0.00 0.00 0.00 0.00 0.00 0.00 0.00 0.00 0.00 0.00 0.00 0.00 0.00 0.00 0.00 0.00 
0.00 0.00 0.00 0.00 0.00 0.00 0.00 0.00 0.00 0.00 0.00 0.00 0.00 0.00 0.00 0.00 0.00 0.00 0.00 0.00 
0.00 0.00 0.00 0.00 0.00 0.00 0.00 0.00 0.00 0.00 0.00 0.00 0.00 0.00 0.00 0.00 0.00 0.00 0.00 0.00 
0.00 0.00 0.00 0.00 0.00 0.00 0.00 0.00 0.00 0.00 0.00 0.00 0.00 0.00 0.00 0.00 0.00 0.00 0.00 0.00 
0.00 0.00 0.00 0.00 0.00 0.00 0.00 0.00 0.00 0.00 0.00 0.00 0.00 0.00 0.00 0.00 0.00 0.00 0.00 0.00 
0.00 0.00 0.00 0.00 0.00 0.00 0.00 0.00 0.00 0.00 0.00 0.00 0.00 0.00 0.00 0.00 0.00 0.00 0.00 0.00 
0.00 0.00 0.00 0.00 0.00 0.00 0.00 0.00 0.00 0.00 0.00 0.00 0.00 0.00 0.00 0.00 0.00 0.00 0.00 0.00 
0.00 0.00 0.00 0.00 0.00 0.00 0.00 0.00 0.00 0.00 0.00 0.00 0.00 0.00 0.00 0.00 0.00 0.00 0.00 0.00 
0.00 0.00 0.00 0.00 0.00 0.00 0.00 0.00 0.00 0.00 0.00 0.00 0.00 0.00 0.00 0.00 0.00 0.00 0.00 0.00 
0.00 0.00 0.00 0.00 0.00 0.00 0.00 0.00 0.00 0.00 0.00 0.00 0.00 0.00 0.00 0.00 0.00 0.00 0.00 0.00 
0.00 0.00 0.00 0.00 0.00 0.00 0.00 0.00 0.00 0.00 0.00 0.00 0.00 0.00 0.00 0.00 0.00 0.00 0.00 0.00 
0.00 0.00 0.00 0.00 0.00 0.00 0.00 0.00 0.00 0.00 0.00 0.00 0.00 0.00 0.00 0.00 0.00 0.00 0.00 0.00 
0.00 0.00 0.00 0.00 0.00 0.00 0.00 0.00 0.00 0.00 0.00 0.00 0.00 0.00 0.00 0.00 0.00 0.00 0.00 0.00 
0.00 0.00 0.00 0.00 0.00 0.00 0.00 0.00 0.00 0.00 0.00 0.00 0.00 0.00 0.00 0.00 0.00 0.00 0.00 0.00 
0.00 0.00 0.00 0.00 0.00 0.00 0.00 0.00 0.00 0.00 0.00 0.00 0.00 0.00 0.00 0.00 0.00 0.00 0.00 0.00 
0.00 0.00 0.00 0.00 0.00 0.00 0.00 0.00 0.00 0.00 0.00 0.00 0.00 0.00 0.00 0.00 0.00 0.00 0.00 0.00 
0.00 0.00 0.00 0.00 0.00 0.00 0.00 0.00 0.00 0.00 0.00 0.00 0.00 0.00 0.00 0.00 0.00 0.00 0.00 0.00 
0.00 0.00 0.00 0.00 0.00 0.00 0.00 0.00 0.00 0.00 0.00 0.00 0.00 0.00 0.00 0.00 0.00 0.00 0.00 0.00 
0.00 0.00 0.00 0.00 0.00 0.00 0.00 0.00 0.00 0.00 0.00 0.00 0.00 0.00 0.00 0.00 0.00 0.00 0.00 0.00 
0.00 0.00 0.00 0.00 0.00 0.00 0.00 0.00 0.00 0.00 0.00 0.00 0.00 0.00 0.00 0.00 0.00 0.00 0.00 0.00 
0.00 0.00 0.00 0.00 0.00 0.00 0.00 0.00 0.00 0.00 0.00 0.00 0.00 0.00 0.00 0.00 0.00 0.00 0.00 0.00 
0.00 0.00 0.00 0.00 0.00 0.00 0.00 0.00 0.00 0.00 0.00 0.00 0.00 0.00 0.00 0.00 0.00 0.00 0.00 0.00 
0.00 0.00 0.00 0.00 0.00 0.00 0.00 0.00 0.00 0.00 0.00 0.00 0.00 0.00 0.00 0.00 0.00 0.00 0.00 0.00 
0.00 0.00 0.00 0.00 0.00 0.00 0.00 0.00 0.00 0.00 0.00 0.00 0.00 0.00 0.00 0.00 0.00 0.00 0.00 0.00 
0.00 0.00 0.00 0.00 0.00 0.00 0.00 0.00 0.00 0.00 0.00 0.00 0.00 0.00 0.00 0.00 0.00 0.00 0.00 0.00 
0.00 0.00 0.00 0.00 0.00 0.00 0.00 0.00 0.00 0.00 0.00 0.00 0.00 0.00 0.00 0.00 0.00 0.00 0.00 0.00 
0.00 0.00 0.00 0.00 0.00 0.00 0.00 0.00 0.00 0.00 0.00 0.00 0.00 0.00 0.00 0.00 0.00 0.00 0.00 0.00 
0.00 0.00 0.00 0.00 0.00 0.00 0.00 0.00 0.00 0.00 0.00 0.00 0.00 0.00 0.00 0.00 0.00 0.00 0.00 0.00 
0.00 0.00 0.00 0.00 0.00 0.00 0.00 0.00 0.00 0.00 0.00 0.00 0.00 0.00 0.00 0.00 0.00 0.00 0.00 0.00 
0.00 0.00 0.00 0.00 0.00 0.00 0.00 0.00 0.00 0.00 0.00 0.00 0.00 0.00 0.00 0.00 0.00 0.00 0.00 0.00 
0.00 0.00 0.00 0.00 0.00 0.00 0.00 0.00 0.00 0.00 0.00 0.00 0.00 0.00 0.00 0.00 0.00 0.00 0.00 0.00 
0.00 0.00 0.00 0.00 0.00 0.00 0.00 0.00 0.00 0.00 0.00 0.00 0.00 0.00 0.00 0.00 0.00 0.00 0.00 0.00 
0.00 0.00 0.00 0.00 0.00 0.00 0.00 0.00 0.00 0.00 0.00 0.00 0.00 0.00 0.00 0.00 0.00 0.00 0.00 0.00 
0.00 0.00 0.00 0.00 0.00 0.00 0.00 0.00 0.00 0.00 0.00 0.00 0.00 0.00 0.00 0.00 0.00 0.00 0.00 0.00 
0.00 0.00 0.00 0.00 0.00 0.00 0.00 0.00 0.00 0.00 0.00 0.00 0.00 0.00 0.00 0.00 0.00 0.00 0.00 0.00 
0.00 0.00 0.00 0.00 0.00 0.00 0.00 0.00 0.00 0.00 0.00 0.00 0.00 0.00 0.00 0.00 0.00 0.00 0.00 0.00 
0.00 0.00 0.00 0.00 0.00 0.00 0.00 0.00 0.00 0.00 0.00 0.00 0.00 0.00 0.00 0.00 0.00 0.00 0.00 0.00 
0.00 0.00 0.00 0.00 0.00 0.00 0.00 0.00 0.00 0.00 0.00 0.00 0.00 0.00 0.00 0.00 0.00 0.00 0.00 0.00 
0.00 0.00 0.00 0.00 0.00 0.00 0.00 0.00 0.00 0.00 0.00 0.00 0.00 0.00 0.00 0.00 0.00 0.00 0.00 0.00 
0.00 0.00 0.00 0.00 0.00 0.00 0.00 0.00 0.00 0.00 0.00 0.00 0.00 0.00 0.00 0.00 0.00 0.00 0.00 0.00 
0.00 0.00 0.00 0.00 0.00 0.00 0.00 0.00 0.00 0.00 0.00 0.00 0.00 0.00 0.00 0.00 0.00 0.00 0.00 0.00 
0.00 0.00 0.00 0.00 0.00 0.00 0.00 0.00 0.00 0.00 0.00 0.00 0.00 0.00 0.00 0.00 0.00 0.00 0.00 0.00 
0.00 0.00 0.00 0.00 0.00 0.00 0.00 0.00 0.00 0.00 0.00 0.00 0.00 0.00 0.00 0.00 0.00 0.00 0.00 0.00 
0.00 0.00 0.00 0.00 0.00 0.00 0.00 0.00 0.00 0.00 0.00 0.00 0.00 0.00 0.00 0.00 0.00 0.00 0.00 0.00 
0.00 0.00 0.00 0.00 0.00 0.00 0.00 0.00 0.00 0.00 0.00 0.00 0.00 0.00 0.00 0.00 0.00 0.00 0.00 0.00 
0.00 0.00 0.00 0.00 0.00 0.00 0.00 0.00 0.00 0.00 0.00 0.00 0.00 0.00 0.00 0.00 0.00 0.00 0.00 0.00 
0.00 0.00 0.00 0.00 0.00 0.00 0.00 0.00 0.00 0.00 0.00 0.00 0.00 0.00 0.00 0.00 0.00 0.00 0.00 0.00 
0.00 0.00 0.00 0.00 0.00 0.00 0.00 0.00 0.00 0.00 0.00 0.00 0.00 0.00 0.00 0.00 0.00 0.00 0.00 0.00 
0.00 0.00 0.00 0.00 0.00 0.00 0.00 0.00 0.00 0.00 0.00 0.00 0.00 0.00 0.00 0.00 0.00 0.00 0.00 0.00 
0.00 0.00 0.00 0.00 0.00 0.00 0.00 0.00 0.00 0.00 0.00 0.00 0.00 0.00 0.00 0.00 0.00 0.00 0.00 0.00 
0.00 0.00 0.00 0.00 0.00 0.00 0.00 0.00 0.00 0.00 0.00 0.00 0.00 0.00 0.00 0.00 0.00 0.00 0.00 0.00 
0.00 0.00 0.00 0.00 0.00 0.00 0.00 0.00 0.00 0.00 0.00 0.00 0.00 0.00 0.00 0.00 0.00 0.00 0.00 0.00 
0.00 0.00 0.00 0.00 0.00 0.00 0.00 0.00 0.00 0.00 0.00 0.00 0.00 0.00 0.00 0.00 0.00 0.00 0.00 0.00 
0.00 0.00 0.00 0.00 0.00 0.00 0.00 0.00 0.00 0.00 0.00 0.00 0.00 0.00 0.00 0.00 0.00 0.00 0.00 0.00 
0.00 0.00 0.00 0.00 0.00 0.00 0.00 0.00 0.00 0.00 0.00 0.00 0.00 0.00 0.00 0.00 0.00 0.00 0.00 0.00 
0.00 0.00 0.00 0.00 0.00 0.00 0.00 0.00 0.00 0.00 0.00 0.00 0.00 0.00 0.00 0.00 0.00 0.00 0.00 0.00 
0.00 0.00 0.00 0.00 0.00 0.00 0.00 0.00 0.00 0.00 0.00 0.00 0.00 0.00 0.00 0.00 0.00 0.00 0.00 0.00 
0.00 0.00 0.00 0.00 0.00 0.00 0.00 0.00 0.00 0.00 0.00 0.00 0.00 0.00 0.00 0.00 0.00 0.00 0.00 0.00 
0.00 0.00 0.00 0.00 0.00 0.00 0.00 0.00 0.00 0.00 0.00 0.00 0.00 0.00 0.00 0.00 0.00 0.00 0.00 0.00 
0.00 0.00 0.00 0.00 0.00 0.00 0.00 0.00 0.00 0.00 0.00 0.00 0.00 0.00 0.00 0.00 0.00 0.00 0.00 0.00 
0.00 0.00 0.00 0.00 0.00 0.00 0.00 0.00 0.00 0.00 0.00 0.00 0.00 0.00 0.00 0.00 0.00 0.00 0.00 0.00 
0.00 0.00 0.00 0.00 0.00 0.00 0.00 0.00 0.00 0.00 0.00 0.00 0.00 0.00 0.00 0.00 0.00 0.00 0.00 0.00 
0.00 0.00 0.00 0.00 0.00 0.00 0.00 0.00 0.00 0.00 0.00 0.00 0.00 0.00 0.00 0.00 0.00 0.00 0.00 0.00 
0.00 0.00 0.00 0.00 0.00 0.00 0.00 0.00 0.00 0.00 0.00 0.00 0.00 0.00 0.00 0.00 0.00 0.00 0.00 0.00 
0.00 0.00 0.00 0.00 0.00 0.00 0.00 0.00 0.00 0.00 0.00 0.00 0.00 0.00 0.00 0.00 0.00 0.00 0.00 0.00 
0.00 0.00 0.00 0.00 0.00 0.00 0.00 0.00 0.00 0.00 0.00 0.00 0.00 0.00 0.00 0.00 0.00 0.00 0.00 0.00 
0.00 0.00 0.00 0.00 0.00 0.00 0.00 0.00 0.00 0.00 0.00 0.00 0.00 0.00 0.00 0.00 0.00 0.00 0.00 0.00 
0.00 0.00 0.00 0.00 0.00 0.00 0.00 0.00 0.00 0.00 0.00 0.00 0.00 0.00 0.00 0.00 0.00 0.00 0.00 0.00 
0.00 0.00 0.00 0.00 0.00 0.00 0.00 0.00 0.00 0.00 0.00 0.00 0.00 0.00 0.00 0.00 0.00 0.00 0.00 0.00 
0.00 0.00 0.00 0.00 0.00 0.00 0.00 0.00 0.00 0.00 0.00 0.00 0.00 0.00 0.00 0.00 0.00 0.00 0.00 0.00 
0.00 0.00 0.00 0.00 0.00 0.00 0.00 0.00 0.00 0.00 0.00 0.00 0.00 0.00 0.00 0.00 0.00 0.00 0.00 0.00 
0.00 0.00 0.00 0.00 0.00 0.00 0.00 0.00 0.00 0.00 0.00 0.00 0.00 0.00 0.00 0.00 0.00 0.00 0.00 0.00 
0.00 0.00 0.00 0.00 0.00 0.00 0.00 0.00 0.00 0.00 0.00 0.00 0.00 0.00 0.00 0.00 0.00 0.00 0.00 0.00 
0.00 0.00 0.00 0.00 0.00 0.00 0.00 0.00 0.00 0.00 0.00 0.00 0.00 0.00 0.00 0.00 0.00 0.00 0.00 0.00 
0.00 0.00 0.00 0.00 0.00 0.00 0.00 0.00 0.00 0.00 0.00 0.00 0.00 0.00 0.00 0.00 0.00 0.00 0.00 0.00 
0.00 0.00 0.00 0.00 0.00 0.00 0.00 0.00 0.00 0.00 0.00 0.00 0.00 0.00 0.00 0.00 0.00 0.00 0.00 0.00 
0.00 0.00 0.00 0.00 0.00 0.00 0.00 0.00 0.00 0.00 0.00 0.00 0.00 0.00 0.00 0.00 0.00 0.00 0.00 0.00 
0.00 0.00 0.00 0.00 0.00 0.00 0.00 0.00 0.00 0.00 0.00 0.00 0.00 0.00 0.00 0.00 0.00 0.00 0.00 0.00 
0.00 0.00 0.00 0.00 0.00 0.00 0.00 0.00 0.00 0.00 0.00 0.00 0.00 0.00 0.00 0.00 0.00 0.00 0.00 0.00 
0.00 0.00 0.00 0.00 0.00 0.00 0.00 0.00 0.00 0.00 0.00 0.00 0.00 0.00 0.00 0.00 0.00 0.00 0.00 0.00 
0.00 0.00 0.00 0.00 0.00 0.00 0.00 0.00 0.00 0.00 0.00 0.00 0.00 0.00 0.00 0.00 0.00 0.00 0.00 0.00 
0.00 0.00 0.00 0.00 0.00 0.00 0.00 0.00 0.00 0.00 0.00 0.00 0.00 0.00 0.00 0.00 0.00 0.00 0.00 0.00 
0.00 0.00 0.00 0.00 0.00 0.00 0.00 0.00 0.00 0.00 0.00 0.00 0.00 0.00 0.00 0.00 0.00 0.00 0.00 0.00 
0.00 0.00 0.00 0.00 0.00 0.00 0.00 0.00 0.00 0.00 0.00 0.00 0.00 0.00 0.00 0.00 0.00 0.00 0.00 0.00 
0.00 0.00 0.00 0.00 0.00 0.00 0.00 0.00 0.00 0.00 0.00 0.00 0.00 0.00 0.00 0.00 0.00 0.00 0.00 0.00 
0.00 0.00 0.00 0.00 0.00 0.00 0.00 0.00 0.00 0.00 0.00 0.00 0.00 0.00 0.00 0.00 0.00 0.00 0.00 0.00 
0.00 0.00 0.00 0.00 0.00 0.00 0.00 0.00 0.00 0.00 0.00 0.00 0.00 0.00 0.00 0.00 0.00 0.00 0.00 0.00 
0.00 0.00 0.00 0.00 0.00 0.00 0.00 0.00 0.00 0.00 0.00 0.00 0.00 0.00 0.00 0.00 0.00 0.00 0.00 0.00 
0.00 0.00 0.00 0.00 0.00 0.00 0.00 0.00 0.00 0.00 0.00 0.00 0.00 0.00 0.00 0.00 0.00 0.00 0.00 0.00 
0.00 0.00 0.00 0.00 0.00 0.00 0.00 0.00 0.00 0.00 0.00 0.00 0.00 0.00 0.00 0.00 0.00 0.00 0.00 0.00 
0.00 0.00 0.00 0.00 0.00 0.00 0.00 0.00 0.00 0.00 0.00 0.00 0.00 0.00 0.00 0.00 0.00 0.00 0.00 0.00 
0.00 0.00 0.00 0.00 0.00 0.00 0.00 0.00 0.00 0.00 0.00 0.00 0.00 0.00 0.00 0.00 0.00 0.00 0.00 0.00 
0.00 0.00 0.00 0.00 0.00 0.00 0.00 0.00 0.00 0.00 0.00 0.00 0.00 0.00 0.00 0.00 0.00 0.00 0.00 0.00 
0.00 0.00 0.00 0.00 0.00 0.00 0.00 0.00 0.00 0.00 0.00 0.00 0.00 0.00 0.00 0.00 0.00 0.00 0.00 0.00 
0.00 0.00 0.00 0.00 0.00 0.00 0.00 0.00 0.00 0.00 0.00 0.00 0.00 0.00 0.00 0.00 0.00 0.00 0.00 0.00 
0.00 0.00 0.00 0.00 0.00 0.00 0.00 0.00 0.00 0.00 0.00 0.00 0.00 0.00 0.00 0.00 0.00 0.00 0.00 0.00 
0.00 0.00 0.00 0.00 0.00 0.00 0.00 0.00 0.00 0.00 0.00 0.00 0.00 0.00 0.00 0.00 0.00 0.00 0.00 0.00 
0.00 0.00 0.00 0.00 0.00 0.00 0.00 0.00 0.00 0.00 0.00 0.00 0.00 0.00 0.00 0.00 0.00 0.00 0.00 0.00 
0.00 0.00 0.00 0.00 0.00 0.00 0.00 0.00 0.00 0.00 0.00 0.00 0.00 0.00 0.00 0.00 0.00 0.00 0.00 0.00 
0.00 0.00 0.00 0.00 0.00 0.00 0.00 0.00 0.00 0.00 0.00 0.00 0.00 0.00 0.00 0.00 0.00 0.00 0.00 0.00 
0.00 0.00 0.00 0.00 0.00 0.00 0.00 0.00 0.00 0.00 0.00 0.00 0.00 0.00 0.00 0.00 0.00 0.00 0.00 0.00 
0.00 0.00 0.00 0.00 0.00 0.00 0.00 0.00 0.00 0.00 0.00 0.00 0.00 0.00 0.00 0.00 0.00 0.00 0.00 0.00 
0.00 0.00 0.00 0.00 0.00 0.00 0.00 0.00 0.00 0.00 0.00 0.00 0.00 0.00 0.00 0.00 0.00 0.00 0.00 0.00 
0.00 0.00 0.00 0.00 0.00 0.00 0.00 0.00 0.00 0.00 0.00 0.00 0.00 0.00 0.00 0.00 0.00 0.00 0.00 0.00 
0.00 0.00 0.00 0.00 0.00 0.00 0.00 0.00 0.00 0.00 0.00 0.00 0.00 0.00 0.00 0.00 0.00 0.00 0.00 0.00 
0.00 0.00 0.00 0.00 0.00 0.00 0.00 0.00 0.00 0.00 0.00 0.00 0.00 0.00 0.00 0.00 0.00 0.00 0.00 0.00 
0.00 0.00 0.00 0.00 0.00 0.00 0.00 0.00 0.00 0.00 0.00 0.00 0.00 0.00 0.00 0.00 0.00 0.00 0.00 0.00 
0.00 0.00 0.00 0.00 0.00 0.00 0.00 0.00 0.00 0.00 0.00 0.00 0.00 0.00 0.00 0.00 0.00 0.00 0.00 0.00 
0.00 0.00 0.00 0.00 0.00 0.00 0.00 0.00 0.00 0.00 0.00 0.00 0.00 0.00 0.00 0.00 0.00 0.00 0.00 0.00 
0.00 0.00 0.00 0.00 0.00 0.00 0.00 0.00 0.00 0.00 0.00 0.00 0.00 0.00 0.00 0.00 0.00 0.00 0.00 0.00 
0.00 0.00 0.00 0.00 0.00 0.00 0.00 0.00 0.00 0.00 0.00 0.00 0.00 0.00 0.00 0.00 0.00 0.00 0.00 0.00 
0.00 0.00 0.00 0.00 0.00 0.00 0.00 0.00 0.00 0.00 0.00 0.00 0.00 0.00 0.00 0.00 0.00 0.00 0.00 0.00 
0.00 0.00 0.00 0.00 0.00 0.00 0.00 0.00 0.00 0.00 0.00 0.00 0.00 0.00 0.00 0.00 0.00 0.00 0.00 0.00 
0.00 0.00 0.00 0.00 0.00 0.00 0.00 0.00 0.00 0.00 0.00 0.00 0.00 0.00 0.00 0.00 0.00 0.00 0.00 0.00 
0.00 0.00 0.00 0.00 0.00 0.00 0.00 0.00 0.00 0.00 0.00 0.00 0.00 0.00 0.00 0.00 0.00 0.00 0.00 0.00 
0.00 0.00 0.00 0.00 0.00 0.00 0.00 0.00 0.00 0.00 0.00 0.00 0.00 0.00 0.00 0.00 0.00 0.00 0.00 0.00 
0.00 0.00 0.00 0.00 0.00 0.00 0.00 0.00 0.00 0.00 0.00 0.00 0.00 0.00 0.00 0.00 0.00 0.00 0.00 0.00 
0.00 0.00 0.00 0.00 0.00 0.00 0.00 0.00 0.00 0.00 0.00 0.00 0.00 0.00 0.00 0.00 0.00 0.00 0.00 0.00 
0.00 0.00 0.00 0.00 0.00 0.00 0.00 0.00 0.00 0.00 0.00 0.00 0.00 0.00 0.00 0.00 0.00 0.00 0.00 0.00 
0.00 0.00 0.00 0.00 0.00 0.00 0.00 0.00 0.00 0.00 0.00 0.00 0.00 0.00 0.00 0.00 0.00 0.00 0.00 0.00 
0.00 0.00 0.00 0.00 0.00 0.00 0.00 0.00 0.00 0.00 0.00 0.00 0.00 0.00 0.00 0.00 0.00 0.00 0.00 0.00 
0.00 0.00 0.00 0.00 0.00 0.00 0.00 0.00 0.00 0.00 0.00 0.00 0.00 0.00 0.00 0.00 0.00 0.00 0.00 0.00 
0.00 0.00 0.00 0.00 0.00 0.00 0.00 0.00 0.00 0.00 0.00 0.00 0.00 0.00 0.00 0.00 0.00 0.00 0.00 0.00 
0.00 0.00 0.00 0.00 0.00 0.00 0.00 0.00 0.00 0.00 0.00 0.00 0.00 0.00 0.00 0.00 0.00 0.00 0.00 0.00 
0.00 0.00 0.00 0.00 0.00 0.00 0.00 0.00 0.00 0.00 0.00 0.00 0.00 0.00 0.00 0.00 0.00 0.00 0.00 0.00 
0.00 0.00 0.00 0.00 0.00 0.00 0.00 0.00 0.00 0.00 0.00 0.00 0.00 0.00 0.00 0.00 0.00 0.00 0.00 0.00 
0.00 0.00 0.00 0.00 0.00 0.00 0.00 0.00 0.00 0.00 0.00 0.00 0.00 0.00 0.00 0.00 0.00 0.00 0.00 0.00 
0.00 0.00 0.00 0.00 0.00 0.00 0.00 0.00 0.00 0.00 0.00 0.00 0.00 0.00 0.00 0.00 0.00 0.00 0.00 0.00 
0.00 0.00 0.00 0.00 0.00 0.00 0.00 0.00 0.00 0.00 0.00 0.00 0.00 0.00 0.00 0.00 0.00 0.00 0.00 0.00 
0.00 0.00 0.00 0.00 0.00 0.00 0.00 0.00 0.00 0.00 0.00 0.00 0.00 0.00 0.00 0.00 0.00 0.00 0.00 0.00 
0.00 0.00 0.00 0.00 0.00 0.00 0.00 0.00 0.00 0.00 0.00 0.00 0.00 0.00 0.00 0.00 0.00 0.00 0.00 0.00 
0.00 0.00 0.00 0.00 0.00 0.00 0.00 0.00 0.00 0.00 0.00 0.00 0.00 0.00 0.00 0.00 0.00 0.00 0.00 0.00 
0.00 0.00 0.00 0.00 0.00 0.00 0.00 0.00 0.00 0.00 0.00 0.00 0.00 0.00 0.00 0.00 0.00 0.00 0.00 0.00 
0.00 0.00 0.00 0.00 0.00 0.00 0.00 0.00 0.00 0.00 0.00 0.00 0.00 0.00 0.00 0.00 0.00 0.00 0.00 0.00 
0.00 0.00 0.00 0.00 0.00 0.00 0.00 0.00 0.00 0.00 0.00 0.00 0.00 0.00 0.00 0.00 0.00 0.00 0.00 0.00 
0.00 0.00 0.00 0.00 0.00 0.00 0.00 0.00 0.00 0.00 0.00 0.00 0.00 0.00 0.00 0.00 0.00 0.00 0.00 0.00 
0.00 0.00 0.00 0.00 0.00 0.00 0.00 0.00 0.00 0.00 0.00 0.00 0.00 0.00 0.00 0.00 0.00 0.00 0.00 0.00 
0.00 0.00 0.00 0.00 0.00 0.00 0.00 0.00 0.00 0.00 0.00 0.00 0.00 0.00 0.00 0.00 0.00 0.00 0.00 0.00 
0.00 0.00 0.00 0.00 0.00 0.00 0.00 0.00 0.00 0.00 0.00 0.00 0.00 0.00 0.00 0.00 0.00 0.00 0.00 0.00 
0.00 0.00 0.00 0.00 0.00 0.00 0.00 0.00 0.00 0.00 0.00 0.00 0.00 0.00 0.00 0.00 0.00 0.00 0.00 0.00 
0.00 0.00 0.00 0.00 0.00 0.00 0.00 0.00 0.00 0.00 0.00 0.00 0.00 0.00 0.00 0.00 0.00 0.00 0.00 0.00 
0.00 0.00 0.00 0.00 0.00 0.00 0.00 0.00 0.00 0.00 0.00 0.00 0.00 0.00 0.00 0.00 0.00 0.00 0.00 0.00 
0.00 0.00 0.00 0.00 0.00 0.00 0.00 0.00 0.00 0.00 0.00 0.00 0.00 0.00 0.00 0.00 0.00 0.00 0.00 0.00 
0.00 0.00 0.00 0.00 0.00 0.00 0.00 0.00 0.00 0.00 0.00 0.00 0.00 0.00 0.00 0.00 0.00 0.00 0.00 0.00 
0.00 0.00 0.00 0.00 0.00 0.00 0.00 0.00 0.00 0.00 0.00 0.00 0.00 0.00 0.00 0.00 0.00 0.00 0.00 0.00 
0.00 0.00 0.00 0.00 0.00 0.00 0.00 0.00 0.00 0.00 0.00 0.00 0.00 0.00 0.00 0.00 0.00 0.00 0.00 0.00 
0.00 0.00 0.00 0.00 0.00 0.00 0.00 0.00 0.00 0.00 0.00 0.00 0.00 0.00 0.00 0.00 0.00 0.00 0.00 0.00 
0.00 0.00 0.00 0.00 0.00 0.00 0.00 0.00 0.00 0.00 0.00 0.00 0.00 0.00 0.00 0.00 0.00 0.00 0.00 0.00 
0.00 0.00 0.00 0.00 0.00 0.00 0.00 0.00 0.00 0.00 0.00 0.00 0.00 0.00 0.00 0.00 0.00 0.00 0.00 0.00 
0.00 0.00 0.00 0.00 0.00 0.00 0.00 0.00 0.00 0.00 0.00 0.00 0.00 0.00 0.00 0.00 0.00 0.00 0.00 0.00 
0.00 0.00 0.00 0.00 0.00 0.00 0.00 0.00 0.00 0.00 0.00 0.00 0.00 0.00 0.00 0.00 0.00 0.00 0.00 0.00 
0.00 0.00 0.00 0.00 0.00 0.00 0.00 0.00 0.00 0.00 0.00 0.00 0.00 0.00 0.00 0.00 0.00 0.00 0.00 0.00 
0.00 0.00 0.00 0.00 0.00 0.00 0.00 0.00 0.00 0.00 0.00 0.00 0.00 0.00 0.00 0.00 0.00 0.00 0.00 0.00 
0.00 0.00 0.00 0.00 0.00 0.00 0.00 0.00 0.00 0.00 0.00 0.00 0.00 0.00 0.00 0.00 0.00 0.00 0.00 0.00 
0.00 0.00 0.00 0.00 0.00 0.00 0.00 0.00 0.00 0.00 0.00 0.00 0.00 0.00 0.00 0.00 0.00 0.00 0.00 0.00 
0.00 0.00 0.00 0.00 0.00 0.00 0.00 0.00 0.00 0.00 0.00 0.00 0.00 0.00 0.00 0.00 0.00 0.00 0.00 0.00 
0.00 0.00 0.00 0.00 0.00 0.00 0.00 0.00 0.00 0.00 0.00 0.00 0.00 0.00 0.00 0.00 0.00 0.00 0.00 0.00 
0.00 0.00 0.00 0.00 0.00 0.00 0.00 0.00 0.00 0.00 0.00 0.00 0.00 0.00 0.00 0.00 0.00 0.00 0.00 0.00 
0.00 0.00 0.00 0.00 0.00 0.00 0.00 0.00 0.00 0.00 0.00 0.00 0.00 0.00 0.00 0.00 0.00 0.00 0.00 0.00 
0.00 0.00 0.00 0.00 0.00 0.00 0.00 0.00 0.00 0.00 0.00 0.00 0.00 0.00 0.00 0.00 0.00 0.00 0.00 0.00 
0.00 0.00 0.00 0.00 0.00 0.00 0.00 0.00 0.00 0.00 0.00 0.00 0.00 0.00 0.00 0.00 0.00 0.00 0.00 0.00 
0.00 0.00 0.00 0.00 0.00 0.00 0.00 0.00 0.00 0.00 0.00 0.00 0.00 0.00 0.00 0.00 0.00 0.00 0.00 0.00 
0.00 0.00 0.00 0.00 0.00 0.00 0.00 0.00 0.00 0.00 0.00 0.00 0.00 0.00 0.00 0.00 0.00 0.00 0.00 0.00 
0.00 0.00 0.00 0.00 0.00 0.00 0.00 0.00 0.00 0.00 0.00 0.00 0.00 0.00 0.00 0.00 0.00 0.00 0.00 0.00 
0.00 0.00 0.00 0.00 0.00 0.00 0.00 0.00 0.00 0.00 0.00 0.00 0.00 0.00 0.00 0.00 0.00 0.00 0.00 0.00 
0.00 0.00 0.00 0.00 0.00 0.00 0.00 0.00 0.00 0.00 0.00 0.00 0.00 0.00 0.00 0.00 0.00 0.00 0.00 0.00 
0.00 0.00 0.00 0.00 0.00 0.00 0.00 0.00 0.00 0.00 0.00 0.00 0.00 0.00 0.00 0.00 0.00 0.00 0.00 0.00 
0.00 0.00 0.00 0.00 0.00 0.00 0.00 0.00 0.00 0.00 0.00 0.00 0.00 0.00 0.00 0.00 0.00 0.00 0.00 0.00 
0.00 0.00 0.00 0.00 0.00 0.00 0.00 0.00 0.00 0.00 0.00 0.00 0.00 0.00 0.00 0.00 0.00 0.00 0.00 0.00 
0.00 0.00 0.00 0.00 0.00 0.00 0.00 0.00 0.00 0.00 0.00 0.00 0.00 0.00 0.00 0.00 0.00 0.00 0.00 0.00 
0.00 0.00 0.00 0.00 0.00 0.00 0.00 0.00 0.00 0.00 0.00 0.00 0.00 0.00 0.00 0.00 0.00 0.00 0.00 0.00 
0.00 0.00 0.00 0.00 0.00 0.00 0.00 0.00 0.00 0.00 0.00 0.00 0.00 0.00 0.00 0.00 0.00 0.00 0.00 0.00 
0.00 0.00 0.00 0.00 0.00 0.00 0.00 0.00 0.00 0.00 0.00 0.00 0.00 0.00 0.00 0.00 0.00 0.00 0.00 0.00 
0.00 0.00 0.00 0.00 0.00 0.00 0.00 0.00 0.00 0.00 0.00 0.00 0.00 0.00 0.00 0.00 0.00 0.00 0.00 0.00 
0.00 0.00 0.00 0.00 0.00 0.00 0.00 0.00 0.00 0.00 0.00 0.00 0.00 0.00 0.00 0.00 0.00 0.00 0.00 0.00 
0.00 0.00 0.00 0.00 0.00 0.00 0.00 0.00 0.00 0.00 0.00 0.00 0.00 0.00 0.00 0.00 0.00 0.00 0.00 0.00 
0.00 0.00 0.00 0.00 0.00 0.00 0.00 0.00 0.00 0.00 0.00 0.00 0.00 0.00 0.00 0.00 0.00 0.00 0.00 0.00 
0.00 0.00 0.00 0.00 0.00 0.00 0.00 0.00 0.00 0.00 0.00 0.00 0.00 0.00 0.00 0.00 0.00 0.00 0.00 0.00 
0.00 0.00 0.00 0.00 0.00 0.00 0.00 0.00 0.00 0.00 0.00 0.00 0.00 0.00 0.00 0.00 0.00 0.00 0.00 0.00 
0.00 0.00 0.00 0.00 0.00 0.00 0.00 0.00 0.00 0.00 0.00 0.00 0.00 0.00 0.00 0.00 0.00 0.00 0.00 0.00 
0.00 0.00 0.00 0.00 0.00 0.00 0.00 0.00 0.00 0.00 0.00 0.00 0.00 0.00 0.00 0.00 0.00 0.00 0.00 0.00 
0.00 0.00 0.00 0.00 0.00 0.00 0.00 0.00 0.00 0.00 0.00 0.00 0.00 0.00 0.00 0.00 0.00 0.00 0.00 0.00 
0.00 0.00 0.00 0.00 0.00 0.00 0.00 0.00 0.00 0.00 0.00 0.00 0.00 0.00 0.00 0.00 0.00 0.00 0.00 0.00 
0.00 0.00 0.00 0.00 0.00 0.00 0.00 0.00 0.00 0.00 0.00 0.00 0.00 0.00 0.00 0.00 0.00 0.00 0.00 0.00 
0.00 0.00 0.00 0.00 0.00 0.00 0.00 0.00 0.00 0.00 0.00 0.00 0.00 0.00 0.00 0.00 0.00 0.00 0.00 0.00 
0.00 0.00 0.00 0.00 0.00 0.00 0.00 0.00 0.00 0.00 0.00 0.00 0.00 0.00 0.00 0.00 0.00 0.00 0.00 0.00 
0.00 0.00 0.00 0.00 0.00 0.00 0.00 0.00 0.00 0.00 0.00 0.00 0.00 0.00 0.00 0.00 0.00 0.00 0.00 0.00 
0.00 0.00 0.00 0.00 0.00 0.00 0.00 0.00 0.00 0.00 0.00 0.00 0.00 0.00 0.00 0.00 0.00 0.00 0.00 0.00 
0.00 0.00 0.00 0.00 0.00 0.00 0.00 0.00 0.00 0.00 0.00 0.00 0.00 0.00 0.00 0.00 0.00 0.00 0.00 0.00 
0.00 0.00 0.00 0.00 0.00 0.00 0.00 0.00 0.00 0.00 0.00 0.00 0.00 0.00 0.00 0.00 0.00 0.00 0.00 0.00 
0.00 0.00 0.00 0.00 0.00 0.00 0.00 0.00 0.00 0.00 0.00 0.00 0.00 0.00 0.00 0.00 0.00 0.00 0.00 0.00 
0.00 0.00 0.00 0.00 0.00 0.00 0.00 0.00 0.00 0.00 0.00 0.00 0.00 0.00 0.00 0.00 0.00 0.00 0.00 0.00 
0.00 0.00 0.00 0.00 0.00 0.00 0.00 0.00 0.00 0.00 0.00 0.00 0.00 0.00 0.00 0.00 0.00 0.00 0.00 0.00 
0.00 0.00 0.00 0.00 0.00 0.00 0.00 0.00 0.00 0.00 0.00 0.00 0.00 0.00 0.00 0.00 0.00 0.00 0.00 0.00 
0.00 0.00 0.00 0.00 0.00 0.00 0.00 0.00 0.00 0.00 0.00 0.00 0.00 0.00 0.00 0.00 0.00 0.00 0.00 0.00 
0.00 0.00 0.00 0.00 0.00 0.00 0.00 0.00 0.00 0.00 0.00 0.00 0.00 0.00 0.00 0.00 0.00 0.00 0.00 0.00 
0.00 0.00 0.00 0.00 0.00 0.00 0.00 0.00 0.00 0.00 0.00 0.00 0.00 0.00 0.00 0.00 0.00 0.00 0.00 0.00 
0.00 0.00 0.00 0.00 0.00 0.00 0.00 0.00 0.00 0.00 0.00 0.00 0.00 0.00 0.00 0.00 0.00 0.00 0.00 0.00 
0.00 0.00 0.00 0.00 0.00 0.00 0.00 0.00 0.00 0.00 0.00 0.00 0.00 0.00 0.00 0.00 0.00 0.00 0.00 0.00 
end   dump: w
==END   DUMP_ARRAYS==
==BEGIN DUMP_ARRAYS==
begin dump: w
7844.78 470561472.00 517517824.00 595969664.00 682166464.00 771291712.00 862670464.00 954566208.00 1046576832.00 1140006656.00 1232405888.00 1326389120.00 1419657472.00 1513349248.00 1606802816.00 1700427520.00 1793306368.00 1888223488.00 1981954432.00 2075753216.00 
2168502528.00 2263909376.00 2357841152.00 2451969536.00 2545177344.00 2637805824.00 2733734656.00 2827552768.00 2921507328.00 3015949056.00 3109133568.00 3203143168.00 3295626240.00 3391813888.00 3485921792.00 3579695616.00 3673775616.00 3768109312.00 3862095616.00 3956252160.00 
4047612928.00 4144477184.00 4238436608.00 4331686912.00 4426831360.00 4520764416.00 4615393792.00 4708897280.00 4802097152.00 4897290752.00 4987854848.00 5085381632.00 5179679744.00 5273829376.00 5367493120.00 5461632000.00 5555528704.00 5650121216.00 5744848384.00 5838711296.00 
5931188224.00 6026446336.00 6120463360.00 6215534080.00 6306877440.00 6402767360.00 6497130496.00 6591289344.00 6685362688.00 6780430848.00 6872986624.00 6967380992.00 7061468160.00 7156338176.00 7249830912.00 7342654464.00 7438352384.00 7533022208.00 7626773504.00 7720902144.00 
7809428480.00 7909215232.00 8003258880.00 8097368064.00 8191369728.00 8285017088.00 8379310592.00 8474893824.00 8567708160.00 8662646784.00 8755812352.00 8851017728.00 8944633856.00 9036669952.00 9132792832.00 9226591232.00 9318996992.00 9415298048.00 9509454848.00 9603444736.00 
9690771456.00 9791727616.00 9885842432.00 9979852800.00 10073890816.00 10167920640.00 10262551552.00 10356701184.00 10450019328.00 10544929792.00 10638360576.00 10732628992.00 10826273792.00 10921948160.00 11015384064.00 11109535744.00 11203985408.00 11297875968.00 11392354304.00 11486354432.00 
11577701376.00 11674288128.00 11768646656.00 11862621184.00 11956686848.00 12042190848.00 12145567744.00 12240857088.00 12331381760.00 12424700928.00 12521228288.00 12615863296.00 12709945344.00 12804022272.00 12898443264.00 12992243712.00 13086166016.00 13180993536.00 13276481536.00 13369457664.00 
13461878784.00 13557251072.00 13651209216.00 13746473984.00 13838785536.00 13933654016.00 14028329984.00 14122032128.00 14215365632.00 14310795264.00 14401199104.00 14499358720.00 14592545792.00 14686550016.00 14781986816.00 14875033600.00 14969368576.00 15063865344.00 15157723136.00 15251912704.00 
15334837248.00 15440348160.00 15534353408.00 15628422144.00 15722507264.00 15816610816.00 15910683648.00 16005602304.00 16098745344.00 16192081920.00 16286731264.00 16381696000.00 16475317248.00 16569794560.00 16665978880.00 16756601856.00 16851308544.00 16947255296.00 17040696320.00 17134522368.00 
17227563008.00 17323243520.00 17418149888.00 17510877184.00 17605070848.00 17699387392.00 17792698368.00 17887936512.00 17981804544.00 18076243968.00 18169335808.00 18264758272.00 18356529152.00 18452910080.00 18546919424.00 18640396288.00 18734983168.00 18829228032.00 18922977280.00 19017035776.00 
19097683968.00 19205683200.00 19299608576.00 19394215936.00 19488098304.00 19581800448.00 19676426240.00 19770896384.00 19863877632.00 19959085056.00 20052137984.00 20147851264.00 20241364992.00 20335583232.00 20429783040.00 20523472896.00 20617322496.00 20712275968.00 20806168576.00 20900315136.00 
20993253376.00 21089048576.00 21181638656.00 21277642752.00 21369077760.00 21463703552.00 21559595008.00 21653667840.00 21747585024.00 21841911808.00 21935448064.00 22030049280.00 22123941888.00 22217562112.00 22312347648.00 22405472256.00 22501130240.00 22595024896.00 22689099776.00 22783510528.00 
22871920640.00 22971930624.00 23065704448.00 23160178688.00 23253905408.00 23348211712.00 23442165760.00 23536642048.00 23629973504.00 23724460032.00 23801149440.00 23913414656.00 24007262208.00 24101427200.00 24196161536.00 24289345536.00 24381646848.00 24477841408.00 24570537984.00 24666871808.00 
24759031808.00 24854706176.00 24948406272.00 25042700288.00 25136386048.00 25230624768.00 25324638208.00 25420566528.00 25513564160.00 25607731200.00 25701187584.00 25795702784.00 25889069056.00 25984571392.00 26078869504.00 26170777600.00 26267179008.00 26360815616.00 26455066624.00 26548461568.00 
26640474112.00 26737481728.00 26831349760.00 26925527040.00 27019397120.00 27113109504.00 27209672704.00 27302936576.00 27394340864.00 27490707456.00 27584186368.00 27679168512.00 27772889088.00 27867344896.00 27961069568.00 28055076864.00 28148695040.00 28243906560.00 28337852416.00 28431929344.00 
28519145472.00 28620169216.00 28714543104.00 28807892992.00 28901597184.00 28996425728.00 29090455552.00 29184595968.00 29280821248.00 29373728768.00 29467099136.00 29561800704.00 29655414784.00 29749997568.00 29844262912.00 29938104320.00 30032445440.00 30126645248.00 30220787712.00 30314690560.00 
30397788160.00 30503495680.00 30597267456.00 30691555328.00 30785275904.00 30878058496.00 30973786112.00 31068041216.00 31161802752.00 31255861248.00 31349755904.00 31444316160.00 31538092032.00 31631077376.00 31727908864.00 31821262848.00 31914465280.00 32009910272.00 32103010304.00 32199356416.00 
32290568192.00 32386045952.00 32480043008.00 32574758912.00 32667924480.00 32762433536.00 32856664064.00 32950761472.00 33045827584.00 33139851264.00 33229862912.00 33327675392.00 33419417600.00 33517121536.00 33610194944.00 33703686144.00 33797883904.00 33892265984.00 33986334720.00 34081107968.00 
34171897856.00 34268680192.00 34362748928.00 34455998464.00 34553245696.00 34645721088.00 34739617792.00 34834182144.00 34926997504.00 35021856768.00 35115634688.00 35210444800.00 35303862272.00 35398811648.00 35492823040.00 35578097664.00 35680624640.00 35775275008.00 35869364224.00 35963584512.00 
36056182784.00 36156239872.00 36245950464.00 36340572160.00 36432072704.00 36528111616.00 36622581760.00 36715765760.00 36810641408.00 36905050112.00 36998275072.00 37093396480.00 37186719744.00 37281476608.00 37375524864.00 37469290496.00 37563478016.00 37657874432.00 37751648256.00 37845385216.00 
37912326144.00 38035431424.00 38129078272.00 38223265792.00 38316941312.00 38410924032.00 38505484288.00 38599675904.00 38693134336.00 38788034560.00 38881280000.00 38976352256.00 39070167040.00 39164309504.00 39259004928.00 39352500224.00 39444742144.00 39541141504.00 39635283968.00 39729078272.00 
39821963264.00 39912701952.00 40011849728.00 40105906176.00 40199565312.00 40292478976.00 40388288512.00 40482426880.00 40576323584.00 40670994432.00 40764301312.00 40858963968.00 40952037376.00 41047576576.00 41141432320.00 41235439616.00 41329414144.00 41424064512.00 41517899776.00 41611513856.00 
41703477248.00 41800294400.00 41894371328.00 41988341760.00 42080264192.00 42178842624.00 42271965184.00 42365820928.00 42457591808.00 42554253312.00 42644541440.00 42742079488.00 42836090880.00 42930380800.00 43024379904.00 43118387200.00 43212271616.00 43306397696.00 43400683520.00 43493732352.00 
43587923968.00 43683176448.00 43777667072.00 43871846400.00 43964796928.00 44059353088.00 44153712640.00 44247863296.00 44342083584.00 44436553728.00 44529610752.00 44625473536.00 44718653440.00 44813144064.00 44907229184.00 44999766016.00 45095174144.00 45189554176.00 45284003840.00 45377925120.00 
45460975616.00 45566148608.00 45660426240.00 45754589184.00 45848535040.00 45943029760.00 46037364736.00 46131220480.00 46224990208.00 46319673344.00 46412980224.00 46507659264.00 46601646080.00 46696091648.00 46789988352.00 46883778560.00 46977138688.00 47072223232.00 47166242816.00 47259643904.00 
47319965696.00 47450517504.00 47543869440.00 47638380544.00 47731445760.00 47825833984.00 47919931392.00 48013844480.00 48108453888.00 48202170368.00 48295976960.00 48390684672.00 48482623488.00 48579330048.00 48673075200.00 48766947328.00 48860528640.00 48955039744.00 49049903104.00 49143967744.00 
49235173376.00 49331834880.00 49426800640.00 49520304128.00 49614364672.00 49706958848.00 49802682368.00 49897144320.00 49989984256.00 50085101568.00 50178646016.00 50273763328.00 50367213568.00 50460606464.00 50556448768.00 50649960448.00 50743820288.00 50838466560.00 50932297728.00 51026075648.00 
51119423488.00 51215085568.00 51308978176.00 51403390976.00 51495153664.00 51590934528.00 51685969920.00 51779215360.00 51874058240.00 51966291968.00 52058791936.00 52156219392.00 52250406912.00 52345110528.00 52438867968.00 52532645888.00 52627062784.00 52721537024.00 52815028224.00 52909494272.00 
52998049792.00 53097897984.00 53192146944.00 53286080512.00 53379858432.00 53474037760.00 53568032768.00 53662486528.00 53755985920.00 53850169344.00 53943341056.00 54034980864.00 54136565760.00 54228656128.00 54322528256.00 54414692352.00 54508187648.00 54604566528.00 54698500096.00 54792871936.00 
54885511168.00 54980444160.00 55075024896.00 55169417216.00 55262887936.00 55357083648.00 55451742208.00 55545540608.00 55639396352.00 55734071296.00 55827410944.00 55922364416.00 56015171584.00 56110882816.00 56204693504.00 56298516480.00 56392818688.00 56485838848.00 56581074944.00 56675123200.00 
56755503104.00 56863784960.00 56957734912.00 57051922432.00 57146064896.00 57239900160.00 57332998144.00 57428316160.00 57520574464.00 57617207296.00 57710264320.00 57805099008.00 57898840064.00 57993314304.00 58087264256.00 58180046848.00 58276188160.00 58370285568.00 58464247808.00 58558119936.00 
58651181056.00 58746261504.00 58840551424.00 58935033856.00 59028029440.00 59114471424.00 59217408000.00 59311394816.00 59405430784.00 59499786240.00 59593162752.00 59687612416.00 59782213632.00 59876683776.00 59970379776.00 60064677888.00 60158525440.00 60252745728.00 60346908672.00 60441100288.00 
60524089344.00 60629504000.00 60724080640.00 60817854464.00 60911583232.00 61005205504.00 61100138496.00 61193961472.00 61287907328.00 61382578176.00 61473247232.00 61570629632.00 61664866304.00 61758537728.00 61853323264.00 61947211776.00 62040489984.00 62135205888.00 62229475328.00 62323572736.00 
62416625664.00 62512041984.00 62605856768.00 62700167168.00 62793486336.00 62887198720.00 62979194880.00 63085133824.00 63173177344.00 63266697216.00 63359823872.00 63454355456.00 63546265600.00 63642484736.00 63736635392.00 63828983808.00 63924310016.00 64019140608.00 64113725440.00 64207106048.00 
64298549248.00 64395620352.00 64489472000.00 64584433664.00 64677601280.00 64771624960.00 64866230272.00 64960315392.00 65053245440.00 65148784640.00 65242284032.00 65337147392.00 65430712320.00 65525059584.00 65619038208.00 65712955392.00 65807532032.00 65901895680.00 65995972608.00 66089725952.00 
66177060864.00 66277953536.00 66372325376.00 66466402304.00 66558369792.00 66654273536.00 66751606784.00 66843361280.00 66937266176.00 67031511040.00 67124912128.00 67219378176.00 67313201152.00 67407945728.00 67501703168.00 67596169216.00 67690168320.00 67784847360.00 67879739392.00 67972792320.00 
68061356032.00 68161069056.00 68255047680.00 68349288448.00 68443140096.00 68535664640.00 68631232512.00 68723122176.00 68820631552.00 68914651136.00 69008015360.00 69102698496.00 69196447744.00 69291016192.00 69385052160.00 69478998016.00 69571100672.00 69667880960.00 69761425408.00 69855469568.00 
69948432384.00 70044393472.00 70138183680.00 70232227840.00 70325780480.00 70420307968.00 70514647040.00 70608961536.00 70702817280.00 70796468224.00 70873677824.00 70985842688.00 71078666240.00 71173947392.00 71267999744.00 71361765376.00 71455825920.00 71550574592.00 71644381184.00 71738654720.00 
71829946368.00 71926743040.00 72023097344.00 72114937856.00 72208932864.00 72303091712.00 72398471168.00 72491597824.00 72583618560.00 72679440384.00 72773574656.00 72868274176.00 72962555904.00 73056559104.00 73150218240.00 73243246592.00 73338322944.00 73433268224.00 73527533568.00 73621438464.00 
73714106368.00 73809551360.00 73903767552.00 73998057472.00 74090971136.00 74185842688.00 74280386560.00 74374610944.00 74468474880.00 74562830336.00 74656096256.00 74750902272.00 74844512256.00 74938916864.00 75032944640.00 75126816768.00 75220795392.00 75314962432.00 75408343040.00 75500732416.00 
75542069248.00 75696357376.00 75788476416.00 75882110976.00 75975811072.00 76069650432.00 76164104192.00 76257558528.00 76351602688.00 76447195136.00 76539551744.00 76634734592.00 76728262656.00 76821979136.00 76916629504.00 77010690048.00 77103955968.00 77199138816.00 77293092864.00 77387522048.00 
77480230912.00 77575684096.00 77669982208.00 77763829760.00 77857775616.00 77950558208.00 78046281728.00 78140137472.00 78234746880.00 78328807424.00 78422237184.00 78517059584.00 78609063936.00 78704943104.00 78799675392.00 78893350912.00 78987714560.00 79081807872.00 79175974912.00 79270338560.00 
79361605632.00 79458394112.00 79550111744.00 79647162368.00 79740772352.00 79834693632.00 79929090048.00 80023224320.00 80116375552.00 80211787776.00 80302342144.00 80399343616.00 80493830144.00 80588161024.00 80682319872.00 80776159232.00 80869892096.00 80961626112.00 81059414016.00 81153253376.00 
81246076928.00 81341513728.00 81435598848.00 81529888768.00 81621712896.00 81718190080.00 81812553728.00 81906696192.00 82000297984.00 82094219264.00 82188460032.00 82282995712.00 82376474624.00 82471067648.00 82565275648.00 82650619904.00 82753290240.00 82847244288.00 82940755968.00 83036004352.00 
83124576256.00 83224272896.00 83318325248.00 83412246528.00 83506372608.00 83600547840.00 83694764032.00 83788644352.00 83881689088.00 83987873792.00 84071956480.00 84166615040.00 84259995648.00 84354351104.00 84448231424.00 84542251008.00 84634443776.00 84730732544.00 84825726976.00 84919025664.00 
85006237696.00 85107236864.00 85201428480.00 85295153152.00 85389254656.00 85483569152.00 85577900032.00 85672124416.00 85765963776.00 85858254848.00 85954019328.00 86048800768.00 86141698048.00 86236758016.00 86330720256.00 86424838144.00 86519037952.00 86613843968.00 86706839552.00 86801956864.00 
86893101056.00 86989840384.00 87083802624.00 87171252224.00 87272898560.00 87365197824.00 87461117952.00 87555170304.00 87646945280.00 87743217664.00 87836672000.00 87931527168.00 88025440256.00 88119361536.00 88213757952.00 88307695616.00 88401567744.00 88496463872.00 88590393344.00 88684617728.00 
88777277440.00 88871215104.00 88967430144.00 89061351424.00 89154420736.00 89249308672.00 89343721472.00 89438068736.00 89531899904.00 89625927680.00 89716736000.00 89814491136.00 89907625984.00 90003070976.00 90096754688.00 90190692352.00 90284941312.00 90379149312.00 90473381888.00 90567606272.00 
90650591232.00 90756022272.00 90849411072.00 90944905216.00 91037974528.00 91132010496.00 91226742784.00 91320410112.00 91414339584.00 91508891648.00 91602534400.00 91697135616.00 91791335424.00 91887960064.00 91979702272.00 92071993344.00 92166955008.00 92262088704.00 92356378624.00 92450168832.00 
92543033344.00 92638347264.00 92732530688.00 92826877952.00 92920504320.00 93014941696.00 93109338112.00 93202243584.00 93297205248.00 93391372288.00 93484834816.00 93579837440.00 93671612416.00 93767729152.00 93861666816.00 93955497984.00 94049542144.00 94143496192.00 94236401664.00 94327660544.00 
94357004288.00 94527504384.00 94618656768.00 94711857152.00 94805360640.00 94899085312.00 94993539072.00 95088009216.00 95180324864.00 95274622976.00 95369003008.00 95464726528.00 95557271552.00 95651946496.00 95745761280.00 95840092160.00 95933988864.00 96028712960.00 96122413056.00 96216547328.00 
96309477376.00 96404774912.00 96499032064.00 96593174528.00 96685080576.00 96779722752.00 96875610112.00 96969007104.00 97063526400.00 97158103040.00 97251368960.00 97346297856.00 97439588352.00 97534656512.00 97628299264.00 97722597376.00 97816821760.00 97907597312.00 98005409792.00 98099765248.00 
98187984896.00 98287542272.00 98381406208.00 98475589632.00 98570117120.00 98663923712.00 98758197248.00 98852642816.00 98946220032.00 99040649216.00 99131334656.00 99228975104.00 99322609664.00 99417939968.00 99511517184.00 99605504000.00 99697623040.00 99794305024.00 99887865856.00 99982557184.00 
100075036672.00 100170276864.00 100264714240.00 100358742016.00 100452253696.00 100546600960.00 100640604160.00 100736507904.00 100829503488.00 100923949056.00 101017280512.00 101111963648.00 101205032960.00 101299871744.00 101394382848.00 101486731264.00 101582266368.00 101678653440.00 101770559488.00 101865234432.00 
101956476928.00 102052610048.00 102147563520.00 102241550336.00 102335553536.00 102429556736.00 102524051456.00 102618365952.00 102709993472.00 102805872640.00 102899310592.00 103003373568.00 103089414144.00 103183343616.00 103277035520.00 103371374592.00 103465164800.00 103559839744.00 103652950016.00 103748083712.00 
103835197440.00 103936458752.00 104030085120.00 104124407808.00 104217853952.00 104312569856.00 104407064576.00 104501108736.00 104595128320.00 104689229824.00 104782659584.00 104875098112.00 104971616256.00 105065971712.00 105160392704.00 105254068224.00 105348194304.00 105442476032.00 105536528384.00 105630941184.00 
105713647616.00 105819078656.00 105913417728.00 106007568384.00 106101440512.00 106186948608.00 106289610752.00 106383917056.00 106477363200.00 106572136448.00 106665762816.00 106760585216.00 106853998592.00 106948714496.00 107042750464.00 107136745472.00 107230273536.00 107325349888.00 107419115520.00 107513364480.00 
107605966848.00 107700977664.00 107793973248.00 107903655936.00 107985600512.00 108079202304.00 108173279232.00 108267241472.00 108361203712.00 108455526400.00 108546064384.00 108643901440.00 108735463424.00 108831948800.00 108926140416.00 109019914240.00 109114089472.00 109208215552.00 109303054336.00 109396688896.00 
109488111616.00 109584957440.00 109678813184.00 109773750272.00 109867106304.00 109961060352.00 110055522304.00 110150197248.00 110242971648.00 110338064384.00 110431576064.00 110526676992.00 110620393472.00 110714699776.00 110808678400.00 110901239808.00 110996094976.00 111091834880.00 111185575936.00 111279792128.00 
111372427264.00 111467905024.00 111562285056.00 111656058880.00 111748022272.00 111843516416.00 111938560000.00 112032874496.00 112126574592.00 112220577792.00 112314556416.00 112409018368.00 112502833152.00 112599130112.00 112690987008.00 112785530880.00 112879632384.00 112973840384.00 113067761664.00 113161641984.00 
113228505088.00 113351532544.00 113445208064.00 113538711552.00 113633050624.00 113727242240.00 113821442048.00 113915805696.00 114009415680.00 114103738368.00 114197495808.00 114291318784.00 114385592320.00 114480930816.00 114574499840.00 114668355584.00 114760744960.00 114856566784.00 114951479296.00 115045400576.00 
115138191360.00 115233488896.00 115327434752.00 115421904896.00 115515531264.00 115608518656.00 115704274944.00 115798851584.00 115892379648.00 115986513920.00 116079616000.00 116177502208.00 116268441600.00 116363558912.00 116457259008.00 116551434240.00 116645740544.00 116739899392.00 116833484800.00 116928339968.00 
117019656192.00 117116600320.00 117210488832.00 117304852480.00 117398618112.00 117492719616.00 117587247104.00 117681135616.00 117773336576.00 117869297664.00 117946187776.00 118058270720.00 118152077312.00 118245253120.00 118340280320.00 118434578432.00 118528188416.00 118622396416.00 118716973056.00 118810968064.00 
118903808000.00 118999310336.00 119093305344.00 119186251776.00 119281065984.00 119375863808.00 119470309376.00 119564484608.00 119658045440.00 119752613888.00 119846313984.00 119940374528.00 120034328576.00 120129798144.00 120223121408.00 120315715584.00 120411340800.00 120506081280.00 120599584768.00 120694054912.00 
120776835072.00 120882388992.00 120975990784.00 121068789760.00 121164800000.00 121258369024.00 121353248768.00 121447202816.00 121540583424.00 121635266560.00 121728573440.00 121823264768.00 121917546496.00 122012090368.00 122105241600.00 122200031232.00 122293395456.00 122388283392.00 122482262016.00 122576977920.00 
122663829504.00 122765221888.00 122858995712.00 122953285632.00 123046993920.00 123141439488.00 123235319808.00 123329748992.00 123423932416.00 123517878272.00 123611529216.00 123706335232.00 123798347776.00 123895005184.00 123988484096.00 124082552832.00 124176572416.00 124271042560.00 124365004800.00 124459556864.00 
124550692864.00 124647464960.00 124741484544.00 124835659776.00 124929449984.00 125022052352.00 125117612032.00 125211418624.00 125304274944.00 125399007232.00 125491888128.00 125585440768.00 125675806720.00 125746626560.00 125887750144.00 125972103168.00 126063779840.00 126157152256.00 126250754048.00 126344552448.00 
126437154816.00 126532542464.00 126626365440.00 126720442368.00 126812299264.00 126908178432.00 127002411008.00 127096848384.00 127190581248.00 127284781056.00 127375441920.00 127473762304.00 127566577664.00 127661531136.00 127755345920.00 127849340928.00 127943761920.00 128037576704.00 128131825664.00 128226156544.00 
128314564608.00 128414695424.00 128508379136.00 128602578944.00 128696631296.00 128790454272.00 128885260288.00 128979009536.00 129072660480.00 129167654912.00 129260920832.00 129355522048.00 129449713664.00 129543970816.00 129638064128.00 129723252736.00 129824079872.00 129920024576.00 130014748672.00 130108522496.00 
130201706496.00 130297249792.00 130391408640.00 130485362688.00 130578792448.00 130673647616.00 130767839232.00 130862088192.00 130955927552.00 131050373120.00 131143614464.00 131237871616.00 131331809280.00 131426729984.00 131521101824.00 131614621696.00 131709059072.00 131803512832.00 131897212928.00 131991298048.00 
132071710720.00 132179918848.00 132274003968.00 132368531456.00 132462198784.00 132556128256.00 132650721280.00 132744732672.00 132836671488.00 132932665344.00 133026496512.00 133120688128.00 133216731136.00 133309784064.00 133403844608.00 133497659392.00 133591556096.00 133686288384.00 133780570112.00 133874311168.00 
133967413248.00 134062391296.00 134156664832.00 134250987520.00 134344040448.00 134437576704.00 134533283840.00 134627360768.00 134720806912.00 134817030144.00 134909779968.00 135004364800.00 135097884672.00 135192674304.00 135287267328.00 135380557824.00 135475372032.00 135569203200.00 135663190016.00 135757152256.00 
135840358400.00 135946182656.00 136039718912.00 136133844992.00 136227782656.00 136321884160.00 136416108544.00 136510537728.00 136604033024.00 136698830848.00 136789368832.00 136887402496.00 136980856832.00 137075187712.00 137168166912.00 137264914432.00 137357238272.00 137452355584.00 137546366976.00 137640263680.00 
137733062656.00 137828646912.00 137922772992.00 138016784384.00 138110468096.00 138204905472.00 138299228160.00 138393698304.00 138487382016.00 138581606400.00 138675208192.00 138770022400.00 138861887488.00 138957963264.00 139053072384.00 139144970240.00 139240472576.00 139335122944.00 139428806656.00 139523784704.00 
139614453760.00 139711184896.00 139805638656.00 139899699200.00 139993907200.00 140087672832.00 140182274048.00 140276465664.00 140369330176.00 140464373760.00 140557959168.00 140652494848.00 140746555392.00 140841091072.00 140935495680.00 141029130240.00 141122830336.00 141217218560.00 141311115264.00 141404749824.00 
141464961024.00 141595820032.00 141689077760.00 141782958080.00 141874970624.00 141970997248.00 142065238016.00 142159380480.00 142253293568.00 142347583488.00 142441103360.00 142535557120.00 142629502976.00 142724104192.00 142818312192.00 142911930368.00 143006384128.00 143100215296.00 143194865664.00 143290089472.00 
143377563648.00 143477014528.00 143571189760.00 143665266688.00 143760441344.00 143852339200.00 143947923456.00 144041951232.00 144135766016.00 144230236160.00 144324018176.00 144418914304.00 144513007616.00 144607019008.00 144700899328.00 144794796032.00 144887054336.00 144983277568.00 145076518912.00 145172692992.00 
145264885760.00 145360601088.00 145454333952.00 145548967936.00 145642209280.00 145736597504.00 145830805504.00 145924980736.00 146018811904.00 146113380352.00 146204131328.00 146299781120.00 146394578944.00 146489835520.00 146583977984.00 146677465088.00 146772738048.00 146866585600.00 146960744448.00 147054821376.00 
147146096640.00 147245219840.00 147337084928.00 147431325696.00 147525058560.00 147618578432.00 147713966080.00 147806961664.00 147899842560.00 147996278784.00 148089634816.00 148184563712.00 148278624256.00 148372324352.00 148466794496.00 148559233024.00 148654948352.00 148749221888.00 148843610112.00 148938784768.00 
149030240256.00 149125840896.00 149219885056.00 149313945600.00 149407219712.00 149502394368.00 149596209152.00 149690515456.00 149784559616.00 149878407168.00 149972271104.00 150067216384.00 150160556032.00 150255386624.00 150349414400.00 150443032576.00 150537109504.00 150630924288.00 150724476928.00 150817030144.00 
150858301440.00 151012294656.00 151104913408.00 151198679040.00 151291871232.00 151385751552.00 151480139776.00 151574249472.00 151667916800.00 151762190336.00 151855890432.00 151950409728.00 152044830720.00 152138956800.00 152231821312.00 152326782976.00 152420335616.00 152513363968.00 152609832960.00 152702681088.00 
152796397568.00 152891801600.00 152986107904.00 153079824384.00 153173917696.00 153259786240.00 153362169856.00 153456738304.00 153550618624.00 153644957696.00 153738723328.00 153833291776.00 153925337088.00 154021658624.00 154115751936.00 154209337344.00 154303365120.00 154398244864.00 154492354560.00 154586546176.00 
154677805056.00 154772357120.00 154868695040.00 154963083264.00 155056996352.00 155150942208.00 155244986368.00 155334098944.00 155432943616.00 155528069120.00 155618492416.00 155716173824.00 155809841152.00 155904770048.00 155998404608.00 156091908096.00 156186361856.00 156281126912.00 156374974464.00 156469362688.00 
156561997824.00 156657254400.00 156751740928.00 156845965312.00 156937568256.00 157033562112.00 157127311360.00 157224271872.00 157316923392.00 157410951168.00 157504389120.00 157599301632.00 157692706816.00 157787144192.00 157881139200.00 157974036480.00 158069555200.00 158163845120.00 158258069504.00 158351130624.00 
158440767488.00 158540431360.00 158634393600.00 158728962048.00 158821482496.00 158917017600.00 159011405824.00 159105155072.00 159199084544.00 159293947904.00 159387123712.00 159481774080.00 159575408640.00 159670272000.00 159764037632.00 159858409472.00 159950389248.00 160049512448.00 160140673024.00 160235143168.00 
160322158592.00 160423575552.00 160517144576.00 160611827712.00 160705150976.00 160799768576.00 160893992960.00 160987578368.00 161081786368.00 161176256512.00 161269645312.00 161364295680.00 161457209344.00 161551482880.00 161640546304.00 161743699968.00 161836367872.00 161930166272.00 162024308736.00 162117615616.00 
162209644544.00 162306834432.00 162400370688.00 162494545920.00 162588508160.00 162681470976.00 162776875008.00 162871197696.00 162963324928.00 163059449856.00 163153166336.00 163248095232.00 163341893632.00 163435986944.00 163530424320.00 163624124416.00 163718053888.00 163812458496.00 163906502656.00 163999612928.00 
164093820928.00 164189274112.00 164283498496.00 164377264128.00 164470538240.00 164565303296.00 164659675136.00 164753997824.00 164848025600.00 164942036992.00 165018845184.00 165130387456.00 165224202240.00 165319180288.00 165412782080.00 165507006464.00 165600526336.00 165694783488.00 165789515776.00 165883789312.00 
165966856192.00 166071549952.00 166166216704.00 166260555776.00 166354239488.00 166448676864.00 166542704640.00 166637027328.00 166730530816.00 166825082880.00 166918733824.00 167014055936.00 167107280896.00 167201816576.00 167295713280.00 167388102656.00 167482753024.00 167577124864.00 167677526016.00 167767621632.00 
167860125696.00 167955218432.00 168049491968.00 168143323136.00 168236990464.00 168331296768.00 168425897984.00 168519778304.00 168613773312.00 168708227072.00 168801796096.00 168895905792.00 168988409856.00 169083633664.00 169178890240.00 169272901632.00 169367273472.00 169461268480.00 169555394560.00 169649750016.00 
169729802240.00 169838297088.00 169932079104.00 170026254336.00 170120462336.00 170214277120.00 170308419584.00 170402824192.00 170495868928.00 170590814208.00 170684645376.00 170779066368.00 170873372672.00 170967498752.00 171061870592.00 171155390464.00 171249238016.00 171343724544.00 171433951232.00 171533058048.00 
171625562112.00 171721048064.00 171815043072.00 171909038080.00 172001116160.00 172095700992.00 172190826496.00 172285542400.00 172379521024.00 172474351616.00 172567248896.00 172662521856.00 172755714048.00 172850053120.00 172944785408.00 173038469120.00 173132349440.00 173226917888.00 173321420800.00 173415383040.00 
173503889408.00 173603274752.00 173697187840.00 173791395840.00 173885865984.00 173979500544.00 174070775808.00 174169030656.00 174262501376.00 174356971520.00 174447443968.00 174545158144.00 174639235072.00 174733246464.00 174827634688.00 174921203712.00 175013445632.00 175109144576.00 175204139008.00 175297921024.00 
175390965760.00 175486337024.00 175580315648.00 175673606144.00 175768403968.00 175862546432.00 175956541440.00 176052387840.00 176145416192.00 176240033792.00 176333176832.00 176428580864.00 176520937472.00 176615948288.00 176710336512.00 176795828224.00 176898310144.00 176992796672.00 177086955520.00 177180737536.00 
177272389632.00 177369350144.00 177462706176.00 177558011904.00 177651728384.00 177745575936.00 177839980544.00 177934286848.00 178026053632.00 178123096064.00 178215895040.00 178310807552.00 178404769792.00 178498617344.00 178593038336.00 178688131072.00 178781208576.00 178875727872.00 178969640960.00 179064995840.00 
179151028224.00 179253231616.00 179346604032.00 179440517120.00 179533512704.00 179629309952.00 179723042816.00 179817644032.00 179911114752.00 180005142528.00 180098842624.00 180193525760.00 180287455232.00 180378140672.00 180476182528.00 180570275840.00 180664320000.00 180758495232.00 180852719616.00 180946288640.00 
181029896192.00 181135409152.00 181229125632.00 181323268096.00 181417132032.00 181509718016.00 181607301120.00 181699526656.00 181793210368.00 181888253952.00 181981659136.00 182073425920.00 182170648576.00 182264610816.00 182358818816.00 182452617216.00 182546219008.00 182641197056.00 182735372288.00 182829367296.00 
182922477568.00 183017865216.00 183111729152.00 183206707200.00 183299915776.00 183394369536.00 183489560576.00 183582523392.00 183676633088.00 183771185152.00 183861460992.00 183959093248.00 184051220480.00 184147476480.00 184241635328.00 184335482880.00 184429805568.00 184524324864.00 184618024960.00 184712478720.00 
184803573760.00 184900534272.00 184994643968.00 185088917504.00 185182765056.00 185277202432.00 185371099136.00 185465536512.00 185558401024.00 185653706752.00 185747128320.00 185840402432.00 185936019456.00 186030145536.00 186123550720.00 186216480768.00 186311868416.00 186405568512.00 186500202496.00 186595016704.00 
186687062016.00 186782973952.00 186877231104.00 186970636288.00 187062796288.00 187158773760.00 187252948992.00 187347140608.00 187440742400.00 187535163392.00 187628486656.00 187723055104.00 187816394752.00 187910717440.00 188004057088.00 188097183744.00 188190310400.00 188282552320.00 188372746240.00 188455272448.00 
188431335424.00 188690546688.00 188772827136.00 188863201280.00 188955213824.00 189047750656.00 189141368832.00 189235101696.00 189328195584.00 189422583808.00 189515988992.00 189610409984.00 189704273920.00 189798678528.00 189892706304.00 189986095104.00 190078304256.00 190174773248.00 190268260352.00 190362566656.00 
190455660544.00 190550540288.00 190645583872.00 190740185088.00 190832476160.00 190925602816.00 191021776896.00 191115575296.00 191209439232.00 191305072640.00 191397281792.00 191492030464.00 191585157120.00 191680184320.00 191774392320.00 191867944960.00 191962562560.00 192056623104.00 192151011328.00 192245153792.00 
192336412672.00 192433225728.00 192527482880.00 192621363200.00 192715325440.00 192809320448.00 192903954432.00 192998096896.00 193090174976.00 193186594816.00 193276952576.00 193374306304.00 193468661760.00 193562869760.00 193655504896.00 193750974464.00 193844756480.00 193938833408.00 194033745920.00 194127675392.00 
194220589056.00 194316091392.00 194410053632.00 194504245248.00 194597175296.00 194692333568.00 194786820096.00 194881028096.00 194974728192.00 195072180224.00 195162652672.00 195257352192.00 195351150592.00 195446046720.00 195538075648.00 195632185344.00 195728179200.00 195822665728.00 195916496896.00 196010278912.00 
196093476864.00 196199170048.00 196292837376.00 196386947072.00 196481024000.00 196575232000.00 196669390848.00 196767629312.00 196857413632.00 196951867392.00 197045436416.00 197140709376.00 197234278400.00 197328044032.00 197422481408.00 197515689984.00 197610029056.00 197705383936.00 197799051264.00 197892440064.00 
197980454912.00 198080823296.00 198175604736.00 198269779968.00 198363316224.00 198457098240.00 198552338432.00 198646644736.00 198740508672.00 198834454528.00 198928220160.00 199022428160.00 199115145216.00 199211253760.00 199305445376.00 199399342080.00 199493353472.00 199587528704.00 199682932736.00 199776256000.00 
199867531264.00 199964524544.00 200058617856.00 200152629248.00 200246853632.00 200332345344.00 200435122176.00 200529641472.00 200622407680.00 200716697600.00 200811184128.00 200905801728.00 200999600128.00 201093136384.00 201189048320.00 201282535424.00 201376497664.00 201472098304.00 201565126656.00 201658843136.00 
201752035328.00 201847521280.00 201941549056.00 202036232192.00 202127654912.00 202224107520.00 202317889536.00 202412425216.00 202506141696.00 202600513536.00 202691100672.00 202788618240.00 202882187264.00 202976460800.00 203074863104.00 203165532160.00 203259248640.00 203353980928.00 203447910400.00 203542446080.00 
203630706688.00 203730141184.00 203824005120.00 203918786560.00 204012961792.00 204106579968.00 204200689664.00 204295536640.00 204388859904.00 204483198976.00 204576931840.00 204671041536.00 204765872128.00 204859916288.00 204954386432.00 205046431744.00 205140164608.00 205236469760.00 205330235392.00 205424787456.00 
205517111296.00 205612580864.00 205711392768.00 205801947136.00 205895270400.00 205989576704.00 206083620864.00 206178123776.00 206272069632.00 206366343168.00 206459813888.00 206554562560.00 206647508992.00 206742781952.00 206837268480.00 206931001344.00 207024734208.00 207119220736.00 207213346816.00 207307489280.00 
207387820032.00 207496151040.00 207589998592.00 207684141056.00 207777710080.00 207872475136.00 207966633984.00 208061956096.00 208153018368.00 208249470976.00 208342712320.00 208437460992.00 208531587072.00 208626008064.00 208719724544.00 208813768704.00 208907665408.00 209001938944.00 209095983104.00 209190649856.00 
209282957312.00 209378017280.00 209467768832.00 209568595968.00 209660837888.00 209754324992.00 209849909248.00 209943904256.00 210038013952.00 210131484672.00 210225692672.00 210320654336.00 210414108672.00 210508480512.00 210602819584.00 210696552448.00 210790989824.00 210885263360.00 210979454976.00 211074023424.00 
211156221952.00 211261800448.00 211355860992.00 211450920960.00 211544539136.00 211638042624.00 211732791296.00 211826638848.00 211920257024.00 212015104000.00 212091305984.00 212203700224.00 212297285632.00 212391673856.00 212485668864.00 212579663872.00 212672921600.00 212768243712.00 212862025728.00 212956561408.00 
213049098240.00 213146124288.00 213239054336.00 213333278720.00 213426339840.00 213520973824.00 213615198208.00 213709651968.00 213803417600.00 213897494528.00 213991227392.00 214086254592.00 214178316288.00 214274375680.00 214368600064.00 214460907520.00 214556475392.00 214650830848.00 214745055232.00 214838951936.00 
214930391040.00 215028252672.00 215121133568.00 215215144960.00 215308795904.00 215401480192.00 215504961536.00 215594172416.00 215686332416.00 215781294080.00 215874682880.00 215969562624.00 216063524864.00 216158240768.00 216251465728.00 216345149440.00 216439226368.00 216533975040.00 216628527104.00 216722145280.00 
216809488384.00 216910348288.00 217004851200.00 217096142848.00 217190678528.00 217286754304.00 217381158912.00 217475170304.00 217569640448.00 217663963136.00 217757564928.00 217851510784.00 217945669632.00 218040614912.00 218134200320.00 218228129792.00 218323664896.00 218416644096.00 218511130624.00 218605142016.00 
218693828608.00 218794606592.00 218887389184.00 218981777408.00 219075477504.00 219168473088.00 219264352256.00 219358478336.00 219451670528.00 219546533888.00 219639840768.00 219734245376.00 219828289536.00 219921219584.00 220018081792.00 220111290368.00 220203728896.00 220299722752.00 220393865216.00 220488351744.00 
220580708352.00 220676358144.00 220770500608.00 220864987136.00 220958146560.00 221053222912.00 221147201536.00 221241196544.00 221335420928.00 221429465088.00 221520330752.00 221617389568.00 221710680064.00 221811523584.00 221900390400.00 221994237952.00 222088347648.00 222182555648.00 222276845568.00 222373265408.00 
222462181376.00 222559092736.00 222653202432.00 222747377664.00 222842126336.00 222935515136.00 223030099968.00 223124045824.00 223216025600.00 223312248832.00 223405686784.00 223500632064.00 223594758144.00 223689048064.00 223783092224.00 223868665856.00 223970689024.00 224065732608.00 224159367168.00 224253952000.00 
224346685440.00 224443023360.00 224535609344.00 224632225792.00 224723222528.00 224818282496.00 224913637376.00 225006600192.00 225100333056.00 225195048960.00 225288683520.00 225383301120.00 225476886528.00 225571471360.00 225665253376.00 225759395840.00 225853210624.00 225946828800.00 226040889344.00 226132967424.00 
226174697472.00 226328756224.00 226420899840.00 226514616320.00 226607792128.00 226702032896.00 226795896832.00 226890334208.00 226984001536.00 227078799360.00 227172319232.00 227267100672.00 227360686080.00 227455041536.00 227549478912.00 227642834944.00 227736371200.00 227831480320.00 227925688320.00 228019929088.00 
228112564224.00 228206985216.00 228301553664.00 228396597248.00 228489854976.00 228583079936.00 228678795264.00 228773150720.00 228866883584.00 228961026048.00 229054513152.00 229149425664.00 229241634816.00 229338742784.00 229431459840.00 229526274048.00 229620219904.00 229714591744.00 229808488448.00 229900582912.00 
229993857024.00 230090850304.00 230185156608.00 230278905856.00 230372573184.00 230467682304.00 230561529856.00 230655688704.00 230748798976.00 230845792256.00 230934757376.00 231032537088.00 231126450176.00 231220576256.00 231314882560.00 231408566272.00 231502299136.00 231597031424.00 231690731520.00 231784939520.00 
231877951488.00 231972831232.00 232069218304.00 232162164736.00 232254226432.00 232350171136.00 232444362752.00 232538669056.00 232631943168.00 232726839296.00 232820441088.00 232915582976.00 233009250304.00 233103736832.00 233197617152.00 233289629696.00 233384443904.00 233480224768.00 233574187008.00 233668706304.00 
233756901376.00 233855647744.00 233950789632.00 234045128704.00 234138730496.00 234232954880.00 234327359488.00 234421829632.00 234514972672.00 234610049024.00 234703044608.00 234797793280.00 234891804672.00 234986291200.00 235080237056.00 235174232064.00 235266506752.00 235362648064.00 235456233472.00 235549851648.00 
235610292224.00 235740872704.00 235834294272.00 235928371200.00 236021825536.00 236115902464.00 236209963008.00 236304547840.00 236398116864.00 236492881920.00 236586221568.00 236681297920.00 236774146048.00 236869124096.00 236963381248.00 237057064960.00 237151485952.00 237245710336.00 237339639808.00 237434241024.00 
237525483520.00 237621903360.00 237716684800.00 237810679808.00 237904773120.00 237997015040.00 238092435456.00 238187839488.00 238279409664.00 238375518208.00 238469005312.00 238564065280.00 238657880064.00 238752071680.00 238846296064.00 238940209152.00 239033925632.00 239128805376.00 239222603776.00 239316860928.00 
239409971200.00 239505260544.00 239598895104.00 239693299712.00 239786180608.00 239880241152.00 239977381888.00 240070508544.00 240164339712.00 240258318336.00 240349052928.00 240446832640.00 240540418048.00 240635052032.00 240729309184.00 240822927360.00 240917299200.00 241011687424.00 241105829888.00 241199431680.00 
241283072000.00 241388322816.00 241482579968.00 241576214528.00 241669832704.00 241764663296.00 241858199552.00 241952964608.00 242046713856.00 242141151232.00 242234310656.00 242328469504.00 242424348672.00 242518294528.00 242612469760.00 242704547840.00 242799329280.00 242894897152.00 242988859392.00 243083051008.00 
243175358464.00 243271565312.00 243364937728.00 243459325952.00 243552829440.00 243647315968.00 243741786112.00 243835928576.00 243928317952.00 244024786944.00 244117995520.00 244213071872.00 244304592896.00 244400865280.00 244494942208.00 244589035520.00 244682981376.00 244777107456.00 244871430144.00 244965474304.00 
245045837824.00 245154578432.00 245248229376.00 245342257152.00 245436039168.00 245530247168.00 245624406016.00 245718925312.00 245812051968.00 245907537920.00 246000812032.00 246095429632.00 246189064192.00 246283468800.00 246377742336.00 246471491584.00 246566240256.00 246660120576.00 246754443264.00 246848045056.00 
246941057024.00 247037329408.00 247130750976.00 247225466880.00 247317233664.00 247404642304.00 247507763200.00 247601594368.00 247695278080.00 247790010368.00 247883448320.00 247978115072.00 248071749632.00 248166596608.00 248260280320.00 248354652160.00 248448516096.00 248543068160.00 248637259776.00 248731041792.00 
248819810304.00 248919523328.00 249013665792.00 249108185088.00 249201491968.00 249295618048.00 249390055424.00 249483952128.00 249578029056.00 249671909376.00 249763446784.00 249860538368.00 249954631680.00 250048692224.00 250143145984.00 250236928000.00 250329153536.00 250425049088.00 250519207936.00 250613104640.00 
250705952768.00 250801176576.00 250894761984.00 250988560384.00 251080835072.00 251172700160.00 251257634816.00 251399110656.00 251469283328.00 251560263680.00 251652472832.00 251746664448.00 251839168512.00 251934097408.00 252027961344.00 252120317952.00 252215754752.00 252310241280.00 252404170752.00 252498083840.00 
252589588480.00 252686188544.00 252780511232.00 252874604544.00 252968353792.00 253062643712.00 253156999168.00 253250977792.00 253342810112.00 253439508480.00 253532798976.00 253627645952.00 253721100288.00 253815881728.00 253910007808.00 254003593216.00 254097604608.00 254192402432.00 254286626816.00 254380523520.00 
254467817472.00 254568923136.00 254663098368.00 254757470208.00 254850121728.00 254945001472.00 255039733760.00 255133597696.00 255227543552.00 255322341376.00 255415681024.00 255510642688.00 255603965952.00 255698714624.00 255792185344.00 255886589952.00 255980486656.00 256076644352.00 256169394176.00 256263340032.00 
256346210304.00 256451444736.00 256546045952.00 256639500288.00 256733790208.00 256826589184.00 256922157056.00 257015988224.00 257110245376.00 257205436416.00 257298186240.00 257392984064.00 257487323136.00 257581285376.00 257675395072.00 257768996864.00 257862418432.00 257959428096.00 258052259840.00 258146254848.00 
258239102976.00 258334539776.00 258428370944.00 258523234304.00 258616606720.00 258710241280.00 258805006336.00 258900099072.00 258993438720.00 259087630336.00 259164061696.00 259276341248.00 259367927808.00 259464265728.00 259557916672.00 259652173824.00 259746791424.00 259840786432.00 259934896128.00 260028956672.00 
260120592384.00 260217372672.00 260311777280.00 260405657600.00 260499783680.00 260593827840.00 260688281600.00 260782161920.00 260874862592.00 260968251392.00 261064802304.00 261159108608.00 261253038080.00 261346885632.00 261441093632.00 261533597696.00 261629067264.00 261723570176.00 261817860096.00 261912117248.00 
262004899840.00 262099959808.00 262193856512.00 262288982016.00 262380765184.00 262476627968.00 262570917888.00 262664945664.00 262759497728.00 262854246400.00 262946619392.00 263042023424.00 263135461376.00 263230128128.00 263324237824.00 263417937920.00 263512113152.00 263607189504.00 263700037632.00 263794065408.00 
263860699136.00 263984021504.00 264077443072.00 264171782144.00 264265449472.00 264359395328.00 264454569984.00 264546254848.00 264641855488.00 264736440320.00 264830058496.00 264924889088.00 265018654720.00 265112600576.00 265206956032.00 265301475328.00 265393143808.00 265489432576.00 265582936064.00 265677930496.00 
265770614784.00 265866051584.00 265959686144.00 266053844992.00 266148757504.00 266240933888.00 266336714752.00 266430873600.00 266524688384.00 266619174912.00 266712481792.00 266807492608.00 266900455424.00 266995597312.00 267089936384.00 267183882240.00 267278237696.00 267371724800.00 267466358784.00 267560960000.00 
267652005888.00 267749064704.00 267842420736.00 267937398784.00 268030951424.00 268125241344.00 268219121664.00 268313640960.00 268405522432.00 268501647360.00 268592250880.00 268690210816.00 268783910912.00 268878512128.00 268972228608.00 269066027008.00 269159006208.00 269241794560.00 269351567360.00 269444300800.00 
269536968704.00 269632323584.00 269726220288.00 269820248064.00 269913456640.00 270008401920.00 270102872064.00 270196752384.00 270290731008.00 270385004544.00 270478573568.00 270573305856.00 270667137024.00 270761672704.00 270855471104.00 270940913664.00 271043903488.00 271138013184.00 271231909888.00 271326756864.00 
271409299456.00 271514894336.00 271609020416.00 271703228416.00 271797010432.00 271890808832.00 271985180672.00 272079929344.00 272172924928.00 272270114816.00 272361603072.00 272456171520.00 272549822464.00 272644341760.00 272738156544.00 272832380928.00 272925868032.00 273020895232.00 273115299840.00 273209344000.00 
273296441344.00 273397547008.00 273492475904.00 273585897472.00 273679630336.00 273773723648.00 273868505088.00 273962270720.00 274056003584.00 274142396416.00 274244780032.00 274339807232.00 274430967808.00 274527322112.00 274621546496.00 274715344896.00 274809667584.00 274904154112.00 274997903360.00 275093192704.00 
275183403008.00 275280658432.00 275374768128.00 275467042816.00 275562954752.00 275655163904.00 275751469056.00 275845906432.00 275938508800.00 276033568768.00 276127055872.00 276221624320.00 276315865088.00 276409024512.00 276504936448.00 276598652928.00 276692402176.00 276786937856.00 276880719872.00 276975058944.00 
277068087296.00 277163048960.00 277257715712.00 277351104512.00 277443805184.00 277539553280.00 277634088960.00 277727772672.00 277822242816.00 277916647424.00 278007349248.00 278104997888.00 278198288384.00 278292758528.00 278387163136.00 278481240064.00 278574923776.00 278669787136.00 278764060672.00 278858072064.00 
278946381824.00 279045668864.00 279140171776.00 279238017024.00 279328325632.00 279422566400.00 279517003776.00 279611211776.00 279704993792.00 279799169024.00 279892885504.00 279987552256.00 280081596416.00 280176459776.00 280270012416.00 280362385408.00 280456298496.00 280552636416.00 280646483968.00 280740954112.00 
280833720320.00 280929271808.00 281022922752.00 281116966912.00 281210781696.00 281304858624.00 281399820288.00 281493569536.00 281587777536.00 281681330176.00 281775538176.00 281870925824.00 281963200512.00 282057572352.00 282152173568.00 282245988352.00 282339803136.00 282433617920.00 282526875648.00 282618363904.00 
282647232512.00 282818314240.00 282909081600.00 283002175488.00 283095629824.00 283189477376.00 283283750912.00 283377926144.00 283469971456.00 283565785088.00 283659337728.00 283754135552.00 283847917568.00 283943632896.00 284036136960.00 284130246656.00 284224094208.00 284318760960.00 284412739584.00 284507373568.00 
284599484416.00 284695429120.00 284789047296.00 284883419136.00 284976545792.00 285070229504.00 285166141440.00 285257564160.00 285353967616.00 285448273920.00 285541597184.00 285636591616.00 285730209792.00 285825007616.00 285918724096.00 286013292544.00 286107205632.00 286200561664.00 286296080384.00 286389567488.00 
286472732672.00 286578212864.00 286671896576.00 286766333952.00 286860378112.00 286954455040.00 287048597504.00 287142707200.00 287236849664.00 287331352576.00 287421792256.00 287519604736.00 287613419520.00 287707791360.00 287801933824.00 287895814144.00 287989104640.00 288084459520.00 288177979392.00 288274350080.00 
288365477888.00 288461193216.00 288555204608.00 288649347072.00 288742768640.00 288837206016.00 288931610624.00 289025949696.00 289119731712.00 289214070784.00 289307557888.00 289402683392.00 289494171648.00 289590378496.00 289684422656.00 289777057792.00 289872379904.00 289974452224.00 290061746176.00 290155724800.00 
290247147520.00 290343714816.00 290439004160.00 290531999744.00 290626371584.00 290720284672.00 290814918656.00 290908864512.00 291001794560.00 291096690688.00 291190177792.00 291287498752.00 291379183616.00 291473620992.00 291567632384.00 291661676544.00 291755425792.00 291850518528.00 291944071168.00 292038410240.00 
292125376512.00 292226367488.00 292319920128.00 292414980096.00 292506894336.00 292602937344.00 292697309184.00 292791484416.00 292885168128.00 292978917376.00 293072535552.00 293157765120.00 293263179776.00 293356896256.00 293450743808.00 293544198144.00 293638963200.00 293733498880.00 293827117056.00 293921259520.00 
294009995264.00 294109806592.00 294204768256.00 294298386432.00 294391906304.00 294477594624.00 294580289536.00 294674432000.00 294767919104.00 294863110144.00 294956171264.00 295051558912.00 295145275392.00 295239057408.00 295332904960.00 295426818048.00 295519518720.00 295616086016.00 295710064640.00 295804272640.00 
295896842240.00 295992393728.00 296086274048.00 296184119296.00 296275083264.00 296369192960.00 296463237120.00 296557477888.00 296651259904.00 296746450944.00 296836169728.00 296933785600.00 297027469312.00 297122463744.00 297216606208.00 297310617600.00 297404563456.00 297498247168.00 297595338752.00 297687121920.00 
297778216960.00 297875079168.00 297969582080.00 298064019456.00 298157506560.00 298251550720.00 298345594880.00 298440622080.00 298532110336.00 298628677632.00 298722164736.00 298816929792.00 298910449664.00 299005640704.00 299099062272.00 299191631872.00 299286921216.00 299381620736.00 299475304448.00 299569643520.00 
299662475264.00 299758157824.00 299852365824.00 299946475520.00 300039733248.00 300134563840.00 300228608000.00 300323405824.00 300417122304.00 300511068160.00 300604424192.00 300698337280.00 300793495552.00 300888358912.00 300981256192.00 301075300352.00 301169508352.00 301263552512.00 301357170688.00 301449314304.00 
301490438144.00 301645135872.00 301736984576.00 301830733824.00 301924450304.00 302018166784.00 302112735232.00 302206812160.00 302300168192.00 302394703872.00 302488223744.00 302582792192.00 302676770816.00 302770814976.00 302865219584.00 302959230976.00 303052816384.00 303147220992.00 303241854976.00 303335866368.00 
303428829184.00 303523987456.00 303617802240.00 303712272384.00 303806218240.00 303898853376.00 303995191296.00 304089137152.00 304182558720.00 304277553152.00 304370745344.00 304466231296.00 304557850624.00 304653664256.00 304746725376.00 304841818112.00 304936124416.00 305030856704.00 305122312192.00 305218748416.00 
305310269440.00 305406869504.00 305501175808.00 305595023360.00 305689460736.00 305783209984.00 305877516288.00 305971789824.00 306064949248.00 306159714304.00 306236620800.00 306349244416.00 306442436608.00 306536808448.00 306630819840.00 306724896768.00 306818580480.00 306913574912.00 307007193088.00 307101204480.00 
307195084800.00 307290275840.00 307384123392.00 307477741568.00 307569885184.00 307666124800.00 307760824320.00 307854639104.00 307948814336.00 308042563584.00 308136050688.00 308230782976.00 308323942400.00 308422574080.00 308514193408.00 308606631936.00 308702150656.00 308796129280.00 308890566656.00 308984217600.00 
309072953344.00 309172699136.00 309265661952.00 309360820224.00 309455454208.00 309548908544.00 309643575296.00 309737881600.00 309831598080.00 309926526976.00 310019555328.00 310114025472.00 310208036864.00 310302343168.00 310393962496.00 310490529792.00 310583001088.00 310679404544.00 310773284864.00 310867558400.00 
310954360832.00 311055777792.00 311149723648.00 311243538432.00 311337058304.00 311431856128.00 311526686720.00 311620665344.00 311714381824.00 311808458752.00 311902175232.00 311996710912.00 312090066944.00 312185290752.00 312279465984.00 312373346304.00 312467750912.00 312561336320.00 312656035840.00 312749588480.00 
312841469952.00 312938266624.00 313031557120.00 313126584320.00 313221054464.00 313313198080.00 313409175552.00 313502793728.00 313594904576.00 313691406336.00 313784467456.00 313879134208.00 313971965952.00 314060767232.00 314166018048.00 314257932288.00 314351517696.00 314445430784.00 314539278336.00 314633650176.00 
314726416384.00 314822197248.00 314916143104.00 315010482176.00 315103182848.00 315198275584.00 315292450816.00 315387052032.00 315480276992.00 315575074816.00 315665514496.00 315763064832.00 315856683008.00 315951579136.00 316045262848.00 316139536384.00 316233580544.00 316328017920.00 316421308416.00 316516401152.00 
316598976512.00 316705013760.00 316798730240.00 316892676096.00 316986556416.00 317080109056.00 317175070720.00 317269016576.00 317362405376.00 317457661952.00 317550886912.00 317645946880.00 317740023808.00 317834199040.00 317928243200.00 318013603840.00 318115676160.00 318210310144.00 318305042432.00 318399381504.00 
318492049408.00 318587174912.00 318681153536.00 318775361536.00 318868258816.00 318964727808.00 319058411520.00 319152390144.00 319246073856.00 319340707840.00 319434129408.00 319528239104.00 319620677632.00 319716786176.00 319812435968.00 319905300480.00 319999279104.00 320093978624.00 320187826176.00 320281772032.00 
320361857024.00 320470319104.00 320564428800.00 320660078592.00 320752386048.00 320846528512.00 320940867584.00 321034715136.00 321128071168.00 321223884800.00 321316749312.00 321411678208.00 321505951744.00 321600192512.00 321693777920.00 321787789312.00 321881276416.00 321976074240.00 322070315008.00 322165178368.00 
322257616896.00 322352414720.00 322447409152.00 322541223936.00 322632941568.00 322727575552.00 322822930432.00 322917072896.00 323008954368.00 323110928384.00 323200843776.00 323295674368.00 323388833792.00 323483402240.00 323577446400.00 323671293952.00 323765665792.00 323859644416.00 323953524736.00 324047536128.00 
324136173568.00 324235984896.00 324330553344.00 324423876608.00 324518150144.00 324612390912.00 324706435072.00 324800675840.00 324894294016.00 324989288448.00 325080186880.00 325179211776.00 325270994944.00 325366448128.00 325459312640.00 325553946624.00 325646319616.00 325742198784.00 325836570624.00 325930582016.00 
326023446528.00 326119456768.00 326213074944.00 326307381248.00 326401261568.00 326495272960.00 326588923904.00 326685196288.00 326777765888.00 326871744512.00 326965821440.00 327060488192.00 327153287168.00 327248773120.00 327342817280.00 327435190272.00 327531003904.00 327625080832.00 327718699008.00 327813627904.00 
327904985088.00 328001978368.00 328095727616.00 328190820352.00 328284405760.00 328378122240.00 328472461312.00 328566145024.00 328658681856.00 328754855936.00 328848277504.00 328943239168.00 329036824576.00 329131524096.00 329225732096.00 329319415808.00 329413656576.00 329507733504.00 329601286144.00 329694871552.00 
329755066368.00 329885876224.00 329979133952.00 330073505792.00 330166206464.00 330261430272.00 330355638272.00 330449649664.00 330543497216.00 330637737984.00 330731487232.00 330825793536.00 330919575552.00 331014799360.00 331108286464.00 331202101248.00 331296276480.00 331390877696.00 331484987392.00 331579654144.00 
331662589952.00 331767447552.00 331861655552.00 331956256768.00 332050169856.00 332142542848.00 332238454784.00 332332335104.00 332425887744.00 332519866368.00 332614762496.00 332709134336.00 332803080192.00 332897320960.00 332991725568.00 333085671424.00 333178470400.00 333273792512.00 333367967744.00 333462470656.00 
333555171328.00 333651804160.00 333744766976.00 333838745600.00 333932331008.00 334026440704.00 334121140224.00 334215282688.00 334308933632.00 334403796992.00 334494400512.00 334591033344.00 334683635712.00 334779514880.00 334873821184.00 334966128640.00 335065055232.00 335156740096.00 335251013632.00 335344992256.00 
335436775424.00 335533998080.00 335627386880.00 335721594880.00 335816097792.00 335909650432.00 336004186112.00 336097738752.00 336191324160.00 336286416896.00 336379904000.00 336474472448.00 336568909824.00 336663379968.00 336757260288.00 336849928192.00 336945152000.00 337039949824.00 337133666304.00 337232920576.00 
337321066496.00 337416421376.00 337510367232.00 337604739072.00 337696620544.00 337792696320.00 337886380032.00 337981308928.00 338075058176.00 338169298944.00 338263539712.00 338357714944.00 338451234816.00 338545770496.00 338640240640.00 338734350336.00 338828361728.00 338922340352.00 339016908800.00 339110625280.00 
339177177088.00 339300188160.00 339393806336.00 339487457280.00 339581599744.00 339675611136.00 339770048512.00 339864453120.00 339958005760.00 340052279296.00 340146028544.00 340240334848.00 340334641152.00 340430094336.00 340522827776.00 340617101312.00 340708917248.00 340804894720.00 340899201024.00 340989313024.00 
341087125504.00 341182218240.00 341275836416.00 341370503168.00 341463728128.00 341550006272.00 341652602880.00 341746745344.00 341841805312.00 341935063040.00 342028419072.00 342124101632.00 342216736768.00 342311600128.00 342405808128.00 342499328000.00 342591832064.00 342689513472.00 342782640128.00 342876946432.00 
342968139776.00 343064281088.00 343159635968.00 343252992000.00 343347560448.00 343441571840.00 343535190016.00 343628480512.00 343721672704.00 343817814016.00 343908614144.00 344005672960.00 344098930688.00 344195006464.00 344288755712.00 344382668800.00 344476942336.00 344570691584.00 344665522176.00 344759468032.00 
344852299776.00 344946409472.00 345042386944.00 345135513600.00 345229230080.00 345323503616.00 345417580544.00 345514475520.00 345607110656.00 345701482496.00 345794510848.00 345889898496.00 345982763008.00 346077233152.00 346171244544.00 346263748608.00 346359791616.00 346454261760.00 346548142080.00 346642186240.00 
346725679104.00 346831257600.00 346924875776.00 347019051008.00 347112472576.00 347207270400.00 347301347328.00 347396210688.00 347489566720.00 347584135168.00 347677458432.00 347771666432.00 347864662016.00 347961327616.00 348054945792.00 348148891648.00 348242247680.00 348337766400.00 348430893056.00 348525658112.00 
348612165632.00 348713943040.00 348807495680.00 348901638144.00 348995649536.00 349089955840.00 349184393216.00 349278240768.00 349372645376.00 349466492928.00 349560078336.00 349654908928.00 349746724864.00 349842800640.00 349935697920.00 350031904768.00 350126014464.00 350220615680.00 350314037248.00 350407917568.00 
350499700736.00 350597382144.00 350690050048.00 350784847872.00 350878302208.00 350971461632.00 351066914816.00 351160762368.00 351254904832.00 351350292480.00 351443320832.00 351538249728.00 351631835136.00 351724896256.00 351820972032.00 351914754048.00 352008208384.00 352103170048.00 352196984832.00 352290701312.00 
352383926272.00 352478429184.00 352574636032.00 352667697152.00 352759447552.00 352855523328.00 352949141504.00 353044332544.00 353137983488.00 353231994880.00 353309491200.00 353421262848.00 353514815488.00 353609252864.00 353703297024.00 353797079040.00 353891352576.00 353985429504.00 354079899648.00 354173943808.00 
354262679552.00 354361671680.00 354456076288.00 354550611968.00 354644328448.00 354739257344.00 354832875520.00 354927968256.00 355020996608.00 355115630592.00 355208986624.00 355303653376.00 355397959680.00 355492134912.00 355585785856.00 355678650368.00 355772203008.00 355867820032.00 355963699200.00 356057120768.00 
356149624832.00 356245176320.00 356338925568.00 356433395712.00 356527308800.00 356621385728.00 356715429888.00 356810194944.00 356903714816.00 356997595136.00 357092392960.00 357186863104.00 357279563776.00 357374918656.00 357469159424.00 357563105280.00 357657542656.00 357751816192.00 357846056960.00 357940264960.00 
358019596288.00 358128844800.00 358222462976.00 358316539904.00 358410485760.00 358504366080.00 358598836224.00 358693208064.00 358784958464.00 358880739328.00 358975045632.00 359069646848.00 359163232256.00 359257735168.00 359352401920.00 359445692416.00 359539834880.00 359634632704.00 359728021504.00 359822721024.00 
359915421696.00 360011333632.00 360104886272.00 360198176768.00 360292548608.00 360385609728.00 360479916032.00 360575926272.00 360670035968.00 360764407808.00 360857927680.00 360953348096.00 361046114304.00 361140092928.00 361234595840.00 361328541696.00 361423110144.00 361517056000.00 361610870784.00 361705373696.00 
361788538880.00 361893789696.00 361987571712.00 362081452032.00 362175463424.00 362269671424.00 362363846656.00 362458873856.00 362552000512.00 362645782528.00 362737238016.00 362834821120.00 362929520640.00 363023466496.00 363117379584.00 363211358208.00 363304124416.00 363398692864.00 363494473728.00 363588222976.00 
363681284096.00 363776376832.00 363869044736.00 363964596224.00 364058411008.00 364152651776.00 364246597632.00 364341559296.00 364435308544.00 364529418240.00 364622839808.00 364720750592.00 364809814016.00 364904906752.00 365000261632.00 365086081024.00 365188513792.00 365282656256.00 365376700416.00 365470842880.00 
365562560512.00 365658931200.00 365753335808.00 365847576576.00 365941096448.00 366035501056.00 366130069504.00 366223654912.00 366317371392.00 366412890112.00 366506147840.00 366600585216.00 366694924288.00 366788673536.00 366882750464.00 366977515520.00 367070806016.00 367165997056.00 367259648000.00 367354216448.00 
367440592896.00 367542632448.00 367636054016.00 367730032640.00 367822307328.00 367918710784.00 368013017088.00 368108797952.00 368200548352.00 368294526976.00 368388669440.00 368483041280.00 368576790528.00 368671129600.00 368766353408.00 368859971584.00 368953851904.00 369048354816.00 369142136832.00 369236213760.00 
369324556288.00 369424793600.00 369519001600.00 369612554240.00 369706991616.00 369799823360.00 369895505920.00 369989419008.00 370083364864.00 370178621440.00 370271780864.00 370365104128.00 370459967488.00 370554011648.00 370648186880.00 370742591488.00 370834407424.00 370930089984.00 371025281024.00 371119423488.00 
371211698176.00 371307151360.00 371400540160.00 371495272448.00 371588825088.00 371683295232.00 371777798144.00 371871907840.00 371965460480.00 372060651520.00 372150730752.00 372248182784.00 372341243904.00 372437024768.00 372530544640.00 372624064512.00 372718370816.00 372813594624.00 372907212800.00 373001060352.00 
373092155392.00 373189476352.00 373283356672.00 373377859584.00 373471477760.00 373565128704.00 373659238400.00 373753937920.00 373845393408.00 373942484992.00 374034792448.00 374129655808.00 374223896576.00 374317809664.00 374411657216.00 374504456192.00 374599385088.00 374693560320.00 374787964928.00 374882172928.00 
374974251008.00 375069507584.00 375163715584.00 375257628672.00 375350296576.00 375444799488.00 375538778112.00 375632166912.00 375725293568.00 375819141120.00 375912005632.00 376005558272.00 376098193408.00 376190861312.00 376282447872.00 376373706752.00 376463196160.00 376550129664.00 376628084736.00 376674877440.00 
end   dump: w
==END   DUMP_ARRAYS==
Time in seconds = 0.089744
