Sender: LSF System <lsfadmin@polus-c3-ib.bmc.hpc.cs.msu.ru>
Subject: Job 494475: <./extra.o> in cluster <MSUCluster> Done

Job <./extra.o> was submitted from host <polus-ib.bmc.hpc.cs.msu.ru> by user <edu-cmc-skpod19-328-11> in cluster <MSUCluster> at Fri Nov 29 23:45:36 2019
Job was executed on host(s) <5*polus-c3-ib.bmc.hpc.cs.msu.ru>, in queue <short>, as user <edu-cmc-skpod19-328-11> in cluster <MSUCluster> at Fri Nov 29 23:48:22 2019
                            <13*polus-c2-ib.bmc.hpc.cs.msu.ru>
</home_edu/edu-cmc-skpod19-328/edu-cmc-skpod19-328-11> was used as the home directory.
</home_edu/edu-cmc-skpod19-328/edu-cmc-skpod19-328-11/dep_gemver> was used as the working directory.
Started at Fri Nov 29 23:48:22 2019
Terminated at Fri Nov 29 23:48:24 2019
Results reported at Fri Nov 29 23:48:24 2019

Your job looked like:

------------------------------------------------------------
# LSBATCH: User input
./extra.o
------------------------------------------------------------

Successfully completed.

Resource usage summary:

    CPU time :                                   12.24 sec.
    Max Memory :                                 1 MB
    Average Memory :                             1.00 MB
    Total Requested Memory :                     -
    Delta Memory :                               -
    Max Swap :                                   -
    Max Processes :                              1
    Max Threads :                                1
    Run time :                                   1 sec.
    Turnaround time :                            168 sec.

The output (if any) follows:

==BEGIN DUMP_ARRAYS==
begin dump: w
0.00 0.00 0.00 0.00 0.00 0.00 0.00 0.00 0.00 0.00 0.00 0.00 0.00 0.00 0.00 0.00 0.00 0.00 0.00 0.00 
0.00 0.00 0.00 0.00 0.00 0.00 0.00 0.00 0.00 0.00 0.00 0.00 0.00 0.00 0.00 0.00 0.00 0.00 0.00 0.00 
0.00 0.00 0.00 0.00 0.00 0.00 0.00 0.00 0.00 0.00 0.00 0.00 0.00 0.00 0.00 0.00 0.00 0.00 0.00 0.00 
0.00 0.00 0.00 0.00 0.00 0.00 0.00 0.00 0.00 0.00 0.00 0.00 0.00 0.00 0.00 0.00 0.00 0.00 0.00 0.00 
0.00 0.00 0.00 0.00 0.00 0.00 0.00 0.00 0.00 0.00 0.00 0.00 0.00 0.00 0.00 0.00 0.00 0.00 0.00 0.00 
0.00 0.00 0.00 0.00 0.00 0.00 0.00 0.00 0.00 0.00 0.00 0.00 0.00 0.00 0.00 0.00 0.00 0.00 0.00 0.00 
0.00 0.00 0.00 0.00 0.00 0.00 0.00 0.00 0.00 0.00 0.00 0.00 0.00 0.00 0.00 0.00 0.00 0.00 0.00 0.00 
0.00 0.00 0.00 0.00 0.00 0.00 0.00 0.00 0.00 0.00 0.00 0.00 0.00 0.00 0.00 0.00 0.00 0.00 0.00 0.00 
0.00 0.00 0.00 0.00 0.00 0.00 0.00 0.00 0.00 0.00 0.00 0.00 0.00 0.00 0.00 0.00 0.00 0.00 0.00 0.00 
0.00 0.00 0.00 0.00 0.00 0.00 0.00 0.00 0.00 0.00 0.00 0.00 0.00 0.00 0.00 0.00 0.00 0.00 0.00 0.00 
0.00 0.00 0.00 0.00 0.00 0.00 0.00 0.00 0.00 0.00 0.00 0.00 0.00 0.00 0.00 0.00 0.00 0.00 0.00 0.00 
0.00 0.00 0.00 0.00 0.00 0.00 0.00 0.00 0.00 0.00 0.00 0.00 0.00 0.00 0.00 0.00 0.00 0.00 0.00 0.00 
0.00 0.00 0.00 0.00 0.00 0.00 0.00 0.00 0.00 0.00 0.00 0.00 0.00 0.00 0.00 0.00 0.00 0.00 0.00 0.00 
0.00 0.00 0.00 0.00 0.00 0.00 0.00 0.00 0.00 0.00 0.00 0.00 0.00 0.00 0.00 0.00 0.00 0.00 0.00 0.00 
0.00 0.00 0.00 0.00 0.00 0.00 0.00 0.00 0.00 0.00 0.00 0.00 0.00 0.00 0.00 0.00 0.00 0.00 0.00 0.00 
0.00 0.00 0.00 0.00 0.00 0.00 0.00 0.00 0.00 0.00 0.00 0.00 0.00 0.00 0.00 0.00 0.00 0.00 0.00 0.00 
0.00 0.00 0.00 0.00 0.00 0.00 0.00 0.00 0.00 0.00 0.00 0.00 0.00 0.00 0.00 0.00 0.00 0.00 0.00 0.00 
0.00 0.00 0.00 0.00 0.00 0.00 0.00 0.00 0.00 0.00 0.00 0.00 0.00 0.00 0.00 0.00 0.00 0.00 0.00 0.00 
0.00 0.00 0.00 0.00 0.00 0.00 0.00 0.00 0.00 0.00 0.00 0.00 0.00 0.00 0.00 0.00 0.00 0.00 0.00 0.00 
0.00 0.00 0.00 0.00 0.00 0.00 0.00 0.00 0.00 0.00 0.00 0.00 0.00 0.00 0.00 0.00 0.00 0.00 0.00 0.00 
0.00 0.00 0.00 0.00 0.00 0.00 0.00 0.00 0.00 0.00 0.00 0.00 0.00 0.00 0.00 0.00 0.00 0.00 0.00 0.00 
0.00 0.00 0.00 0.00 0.00 0.00 0.00 0.00 0.00 0.00 0.00 0.00 0.00 0.00 0.00 0.00 0.00 0.00 0.00 0.00 
0.00 0.00 0.00 0.00 0.00 0.00 0.00 0.00 0.00 0.00 0.00 0.00 0.00 0.00 0.00 0.00 0.00 0.00 0.00 0.00 
0.00 0.00 0.00 0.00 0.00 0.00 0.00 0.00 0.00 0.00 0.00 0.00 0.00 0.00 0.00 0.00 0.00 0.00 0.00 0.00 
0.00 0.00 0.00 0.00 0.00 0.00 0.00 0.00 0.00 0.00 0.00 0.00 0.00 0.00 0.00 0.00 0.00 0.00 0.00 0.00 
0.00 0.00 0.00 0.00 0.00 0.00 0.00 0.00 0.00 0.00 0.00 0.00 0.00 0.00 0.00 0.00 0.00 0.00 0.00 0.00 
0.00 0.00 0.00 0.00 0.00 0.00 0.00 0.00 0.00 0.00 0.00 0.00 0.00 0.00 0.00 0.00 0.00 0.00 0.00 0.00 
0.00 0.00 0.00 0.00 0.00 0.00 0.00 0.00 0.00 0.00 0.00 0.00 0.00 0.00 0.00 0.00 0.00 0.00 0.00 0.00 
0.00 0.00 0.00 0.00 0.00 0.00 0.00 0.00 0.00 0.00 0.00 0.00 0.00 0.00 0.00 0.00 0.00 0.00 0.00 0.00 
0.00 0.00 0.00 0.00 0.00 0.00 0.00 0.00 0.00 0.00 0.00 0.00 0.00 0.00 0.00 0.00 0.00 0.00 0.00 0.00 
0.00 0.00 0.00 0.00 0.00 0.00 0.00 0.00 0.00 0.00 0.00 0.00 0.00 0.00 0.00 0.00 0.00 0.00 0.00 0.00 
0.00 0.00 0.00 0.00 0.00 0.00 0.00 0.00 0.00 0.00 0.00 0.00 0.00 0.00 0.00 0.00 0.00 0.00 0.00 0.00 
0.00 0.00 0.00 0.00 0.00 0.00 0.00 0.00 0.00 0.00 0.00 0.00 0.00 0.00 0.00 0.00 0.00 0.00 0.00 0.00 
0.00 0.00 0.00 0.00 0.00 0.00 0.00 0.00 0.00 0.00 0.00 0.00 0.00 0.00 0.00 0.00 0.00 0.00 0.00 0.00 
0.00 0.00 0.00 0.00 0.00 0.00 0.00 0.00 0.00 0.00 0.00 0.00 0.00 0.00 0.00 0.00 0.00 0.00 0.00 0.00 
0.00 0.00 0.00 0.00 0.00 0.00 0.00 0.00 0.00 0.00 0.00 0.00 0.00 0.00 0.00 0.00 0.00 0.00 0.00 0.00 
0.00 0.00 0.00 0.00 0.00 0.00 0.00 0.00 0.00 0.00 0.00 0.00 0.00 0.00 0.00 0.00 0.00 0.00 0.00 0.00 
0.00 0.00 0.00 0.00 0.00 0.00 0.00 0.00 0.00 0.00 0.00 0.00 0.00 0.00 0.00 0.00 0.00 0.00 0.00 0.00 
0.00 0.00 0.00 0.00 0.00 0.00 0.00 0.00 0.00 0.00 0.00 0.00 0.00 0.00 0.00 0.00 0.00 0.00 0.00 0.00 
0.00 0.00 0.00 0.00 0.00 0.00 0.00 0.00 0.00 0.00 0.00 0.00 0.00 0.00 0.00 0.00 0.00 0.00 0.00 0.00 
0.00 0.00 0.00 0.00 0.00 0.00 0.00 0.00 0.00 0.00 0.00 0.00 0.00 0.00 0.00 0.00 0.00 0.00 0.00 0.00 
0.00 0.00 0.00 0.00 0.00 0.00 0.00 0.00 0.00 0.00 0.00 0.00 0.00 0.00 0.00 0.00 0.00 0.00 0.00 0.00 
0.00 0.00 0.00 0.00 0.00 0.00 0.00 0.00 0.00 0.00 0.00 0.00 0.00 0.00 0.00 0.00 0.00 0.00 0.00 0.00 
0.00 0.00 0.00 0.00 0.00 0.00 0.00 0.00 0.00 0.00 0.00 0.00 0.00 0.00 0.00 0.00 0.00 0.00 0.00 0.00 
0.00 0.00 0.00 0.00 0.00 0.00 0.00 0.00 0.00 0.00 0.00 0.00 0.00 0.00 0.00 0.00 0.00 0.00 0.00 0.00 
0.00 0.00 0.00 0.00 0.00 0.00 0.00 0.00 0.00 0.00 0.00 0.00 0.00 0.00 0.00 0.00 0.00 0.00 0.00 0.00 
0.00 0.00 0.00 0.00 0.00 0.00 0.00 0.00 0.00 0.00 0.00 0.00 0.00 0.00 0.00 0.00 0.00 0.00 0.00 0.00 
0.00 0.00 0.00 0.00 0.00 0.00 0.00 0.00 0.00 0.00 0.00 0.00 0.00 0.00 0.00 0.00 0.00 0.00 0.00 0.00 
0.00 0.00 0.00 0.00 0.00 0.00 0.00 0.00 0.00 0.00 0.00 0.00 0.00 0.00 0.00 0.00 0.00 0.00 0.00 0.00 
0.00 0.00 0.00 0.00 0.00 0.00 0.00 0.00 0.00 0.00 0.00 0.00 0.00 0.00 0.00 0.00 0.00 0.00 0.00 0.00 
0.00 0.00 0.00 0.00 0.00 0.00 0.00 0.00 0.00 0.00 0.00 0.00 0.00 0.00 0.00 0.00 0.00 0.00 0.00 0.00 
0.00 0.00 0.00 0.00 0.00 0.00 0.00 0.00 0.00 0.00 0.00 0.00 0.00 0.00 0.00 0.00 0.00 0.00 0.00 0.00 
0.00 0.00 0.00 0.00 0.00 0.00 0.00 0.00 0.00 0.00 0.00 0.00 0.00 0.00 0.00 0.00 0.00 0.00 0.00 0.00 
0.00 0.00 0.00 0.00 0.00 0.00 0.00 0.00 0.00 0.00 0.00 0.00 0.00 0.00 0.00 0.00 0.00 0.00 0.00 0.00 
0.00 0.00 0.00 0.00 0.00 0.00 0.00 0.00 0.00 0.00 0.00 0.00 0.00 0.00 0.00 0.00 0.00 0.00 0.00 0.00 
0.00 0.00 0.00 0.00 0.00 0.00 0.00 0.00 0.00 0.00 0.00 0.00 0.00 0.00 0.00 0.00 0.00 0.00 0.00 0.00 
0.00 0.00 0.00 0.00 0.00 0.00 0.00 0.00 0.00 0.00 0.00 0.00 0.00 0.00 0.00 0.00 0.00 0.00 0.00 0.00 
0.00 0.00 0.00 0.00 0.00 0.00 0.00 0.00 0.00 0.00 0.00 0.00 0.00 0.00 0.00 0.00 0.00 0.00 0.00 0.00 
0.00 0.00 0.00 0.00 0.00 0.00 0.00 0.00 0.00 0.00 0.00 0.00 0.00 0.00 0.00 0.00 0.00 0.00 0.00 0.00 
0.00 0.00 0.00 0.00 0.00 0.00 0.00 0.00 0.00 0.00 0.00 0.00 0.00 0.00 0.00 0.00 0.00 0.00 0.00 0.00 
0.00 0.00 0.00 0.00 0.00 0.00 0.00 0.00 0.00 0.00 0.00 0.00 0.00 0.00 0.00 0.00 0.00 0.00 0.00 0.00 
0.00 0.00 0.00 0.00 0.00 0.00 0.00 0.00 0.00 0.00 0.00 0.00 0.00 0.00 0.00 0.00 0.00 0.00 0.00 0.00 
0.00 0.00 0.00 0.00 0.00 0.00 0.00 0.00 0.00 0.00 0.00 0.00 0.00 0.00 0.00 0.00 0.00 0.00 0.00 0.00 
0.00 0.00 0.00 0.00 0.00 0.00 0.00 0.00 0.00 0.00 0.00 0.00 0.00 0.00 0.00 0.00 0.00 0.00 0.00 0.00 
0.00 0.00 0.00 0.00 0.00 0.00 0.00 0.00 0.00 0.00 0.00 0.00 0.00 0.00 0.00 0.00 0.00 0.00 0.00 0.00 
0.00 0.00 0.00 0.00 0.00 0.00 0.00 0.00 0.00 0.00 0.00 0.00 0.00 0.00 0.00 0.00 0.00 0.00 0.00 0.00 
0.00 0.00 0.00 0.00 0.00 0.00 0.00 0.00 0.00 0.00 0.00 0.00 0.00 0.00 0.00 0.00 0.00 0.00 0.00 0.00 
0.00 0.00 0.00 0.00 0.00 0.00 0.00 0.00 0.00 0.00 0.00 0.00 0.00 0.00 0.00 0.00 0.00 0.00 0.00 0.00 
0.00 0.00 0.00 0.00 0.00 0.00 0.00 0.00 0.00 0.00 0.00 0.00 0.00 0.00 0.00 0.00 0.00 0.00 0.00 0.00 
0.00 0.00 0.00 0.00 0.00 0.00 0.00 0.00 0.00 0.00 0.00 0.00 0.00 0.00 0.00 0.00 0.00 0.00 0.00 0.00 
0.00 0.00 0.00 0.00 0.00 0.00 0.00 0.00 0.00 0.00 0.00 0.00 0.00 0.00 0.00 0.00 0.00 0.00 0.00 0.00 
0.00 0.00 0.00 0.00 0.00 0.00 0.00 0.00 0.00 0.00 0.00 0.00 0.00 0.00 0.00 0.00 0.00 0.00 0.00 0.00 
0.00 0.00 0.00 0.00 0.00 0.00 0.00 0.00 0.00 0.00 0.00 0.00 0.00 0.00 0.00 0.00 0.00 0.00 0.00 0.00 
0.00 0.00 0.00 0.00 0.00 0.00 0.00 0.00 0.00 0.00 0.00 0.00 0.00 0.00 0.00 0.00 0.00 0.00 0.00 0.00 
0.00 0.00 0.00 0.00 0.00 0.00 0.00 0.00 0.00 0.00 0.00 0.00 0.00 0.00 0.00 0.00 0.00 0.00 0.00 0.00 
0.00 0.00 0.00 0.00 0.00 0.00 0.00 0.00 0.00 0.00 0.00 0.00 0.00 0.00 0.00 0.00 0.00 0.00 0.00 0.00 
0.00 0.00 0.00 0.00 0.00 0.00 0.00 0.00 0.00 0.00 0.00 0.00 0.00 0.00 0.00 0.00 0.00 0.00 0.00 0.00 
0.00 0.00 0.00 0.00 0.00 0.00 0.00 0.00 0.00 0.00 0.00 0.00 0.00 0.00 0.00 0.00 0.00 0.00 0.00 0.00 
0.00 0.00 0.00 0.00 0.00 0.00 0.00 0.00 0.00 0.00 0.00 0.00 0.00 0.00 0.00 0.00 0.00 0.00 0.00 0.00 
0.00 0.00 0.00 0.00 0.00 0.00 0.00 0.00 0.00 0.00 0.00 0.00 0.00 0.00 0.00 0.00 0.00 0.00 0.00 0.00 
0.00 0.00 0.00 0.00 0.00 0.00 0.00 0.00 0.00 0.00 0.00 0.00 0.00 0.00 0.00 0.00 0.00 0.00 0.00 0.00 
0.00 0.00 0.00 0.00 0.00 0.00 0.00 0.00 0.00 0.00 0.00 0.00 0.00 0.00 0.00 0.00 0.00 0.00 0.00 0.00 
0.00 0.00 0.00 0.00 0.00 0.00 0.00 0.00 0.00 0.00 0.00 0.00 0.00 0.00 0.00 0.00 0.00 0.00 0.00 0.00 
0.00 0.00 0.00 0.00 0.00 0.00 0.00 0.00 0.00 0.00 0.00 0.00 0.00 0.00 0.00 0.00 0.00 0.00 0.00 0.00 
0.00 0.00 0.00 0.00 0.00 0.00 0.00 0.00 0.00 0.00 0.00 0.00 0.00 0.00 0.00 0.00 0.00 0.00 0.00 0.00 
0.00 0.00 0.00 0.00 0.00 0.00 0.00 0.00 0.00 0.00 0.00 0.00 0.00 0.00 0.00 0.00 0.00 0.00 0.00 0.00 
0.00 0.00 0.00 0.00 0.00 0.00 0.00 0.00 0.00 0.00 0.00 0.00 0.00 0.00 0.00 0.00 0.00 0.00 0.00 0.00 
0.00 0.00 0.00 0.00 0.00 0.00 0.00 0.00 0.00 0.00 0.00 0.00 0.00 0.00 0.00 0.00 0.00 0.00 0.00 0.00 
0.00 0.00 0.00 0.00 0.00 0.00 0.00 0.00 0.00 0.00 0.00 0.00 0.00 0.00 0.00 0.00 0.00 0.00 0.00 0.00 
0.00 0.00 0.00 0.00 0.00 0.00 0.00 0.00 0.00 0.00 0.00 0.00 0.00 0.00 0.00 0.00 0.00 0.00 0.00 0.00 
0.00 0.00 0.00 0.00 0.00 0.00 0.00 0.00 0.00 0.00 0.00 0.00 0.00 0.00 0.00 0.00 0.00 0.00 0.00 0.00 
0.00 0.00 0.00 0.00 0.00 0.00 0.00 0.00 0.00 0.00 0.00 0.00 0.00 0.00 0.00 0.00 0.00 0.00 0.00 0.00 
0.00 0.00 0.00 0.00 0.00 0.00 0.00 0.00 0.00 0.00 0.00 0.00 0.00 0.00 0.00 0.00 0.00 0.00 0.00 0.00 
0.00 0.00 0.00 0.00 0.00 0.00 0.00 0.00 0.00 0.00 0.00 0.00 0.00 0.00 0.00 0.00 0.00 0.00 0.00 0.00 
0.00 0.00 0.00 0.00 0.00 0.00 0.00 0.00 0.00 0.00 0.00 0.00 0.00 0.00 0.00 0.00 0.00 0.00 0.00 0.00 
0.00 0.00 0.00 0.00 0.00 0.00 0.00 0.00 0.00 0.00 0.00 0.00 0.00 0.00 0.00 0.00 0.00 0.00 0.00 0.00 
0.00 0.00 0.00 0.00 0.00 0.00 0.00 0.00 0.00 0.00 0.00 0.00 0.00 0.00 0.00 0.00 0.00 0.00 0.00 0.00 
0.00 0.00 0.00 0.00 0.00 0.00 0.00 0.00 0.00 0.00 0.00 0.00 0.00 0.00 0.00 0.00 0.00 0.00 0.00 0.00 
0.00 0.00 0.00 0.00 0.00 0.00 0.00 0.00 0.00 0.00 0.00 0.00 0.00 0.00 0.00 0.00 0.00 0.00 0.00 0.00 
0.00 0.00 0.00 0.00 0.00 0.00 0.00 0.00 0.00 0.00 0.00 0.00 0.00 0.00 0.00 0.00 0.00 0.00 0.00 0.00 
0.00 0.00 0.00 0.00 0.00 0.00 0.00 0.00 0.00 0.00 0.00 0.00 0.00 0.00 0.00 0.00 0.00 0.00 0.00 0.00 
0.00 0.00 0.00 0.00 0.00 0.00 0.00 0.00 0.00 0.00 0.00 0.00 0.00 0.00 0.00 0.00 0.00 0.00 0.00 0.00 
0.00 0.00 0.00 0.00 0.00 0.00 0.00 0.00 0.00 0.00 0.00 0.00 0.00 0.00 0.00 0.00 0.00 0.00 0.00 0.00 
0.00 0.00 0.00 0.00 0.00 0.00 0.00 0.00 0.00 0.00 0.00 0.00 0.00 0.00 0.00 0.00 0.00 0.00 0.00 0.00 
0.00 0.00 0.00 0.00 0.00 0.00 0.00 0.00 0.00 0.00 0.00 0.00 0.00 0.00 0.00 0.00 0.00 0.00 0.00 0.00 
0.00 0.00 0.00 0.00 0.00 0.00 0.00 0.00 0.00 0.00 0.00 0.00 0.00 0.00 0.00 0.00 0.00 0.00 0.00 0.00 
0.00 0.00 0.00 0.00 0.00 0.00 0.00 0.00 0.00 0.00 0.00 0.00 0.00 0.00 0.00 0.00 0.00 0.00 0.00 0.00 
0.00 0.00 0.00 0.00 0.00 0.00 0.00 0.00 0.00 0.00 0.00 0.00 0.00 0.00 0.00 0.00 0.00 0.00 0.00 0.00 
0.00 0.00 0.00 0.00 0.00 0.00 0.00 0.00 0.00 0.00 0.00 0.00 0.00 0.00 0.00 0.00 0.00 0.00 0.00 0.00 
0.00 0.00 0.00 0.00 0.00 0.00 0.00 0.00 0.00 0.00 0.00 0.00 0.00 0.00 0.00 0.00 0.00 0.00 0.00 0.00 
0.00 0.00 0.00 0.00 0.00 0.00 0.00 0.00 0.00 0.00 0.00 0.00 0.00 0.00 0.00 0.00 0.00 0.00 0.00 0.00 
0.00 0.00 0.00 0.00 0.00 0.00 0.00 0.00 0.00 0.00 0.00 0.00 0.00 0.00 0.00 0.00 0.00 0.00 0.00 0.00 
0.00 0.00 0.00 0.00 0.00 0.00 0.00 0.00 0.00 0.00 0.00 0.00 0.00 0.00 0.00 0.00 0.00 0.00 0.00 0.00 
0.00 0.00 0.00 0.00 0.00 0.00 0.00 0.00 0.00 0.00 0.00 0.00 0.00 0.00 0.00 0.00 0.00 0.00 0.00 0.00 
0.00 0.00 0.00 0.00 0.00 0.00 0.00 0.00 0.00 0.00 0.00 0.00 0.00 0.00 0.00 0.00 0.00 0.00 0.00 0.00 
0.00 0.00 0.00 0.00 0.00 0.00 0.00 0.00 0.00 0.00 0.00 0.00 0.00 0.00 0.00 0.00 0.00 0.00 0.00 0.00 
0.00 0.00 0.00 0.00 0.00 0.00 0.00 0.00 0.00 0.00 0.00 0.00 0.00 0.00 0.00 0.00 0.00 0.00 0.00 0.00 
0.00 0.00 0.00 0.00 0.00 0.00 0.00 0.00 0.00 0.00 0.00 0.00 0.00 0.00 0.00 0.00 0.00 0.00 0.00 0.00 
0.00 0.00 0.00 0.00 0.00 0.00 0.00 0.00 0.00 0.00 0.00 0.00 0.00 0.00 0.00 0.00 0.00 0.00 0.00 0.00 
0.00 0.00 0.00 0.00 0.00 0.00 0.00 0.00 0.00 0.00 0.00 0.00 0.00 0.00 0.00 0.00 0.00 0.00 0.00 0.00 
0.00 0.00 0.00 0.00 0.00 0.00 0.00 0.00 0.00 0.00 0.00 0.00 0.00 0.00 0.00 0.00 0.00 0.00 0.00 0.00 
0.00 0.00 0.00 0.00 0.00 0.00 0.00 0.00 0.00 0.00 0.00 0.00 0.00 0.00 0.00 0.00 0.00 0.00 0.00 0.00 
0.00 0.00 0.00 0.00 0.00 0.00 0.00 0.00 0.00 0.00 0.00 0.00 0.00 0.00 0.00 0.00 0.00 0.00 0.00 0.00 
0.00 0.00 0.00 0.00 0.00 0.00 0.00 0.00 0.00 0.00 0.00 0.00 0.00 0.00 0.00 0.00 0.00 0.00 0.00 0.00 
0.00 0.00 0.00 0.00 0.00 0.00 0.00 0.00 0.00 0.00 0.00 0.00 0.00 0.00 0.00 0.00 0.00 0.00 0.00 0.00 
0.00 0.00 0.00 0.00 0.00 0.00 0.00 0.00 0.00 0.00 0.00 0.00 0.00 0.00 0.00 0.00 0.00 0.00 0.00 0.00 
0.00 0.00 0.00 0.00 0.00 0.00 0.00 0.00 0.00 0.00 0.00 0.00 0.00 0.00 0.00 0.00 0.00 0.00 0.00 0.00 
0.00 0.00 0.00 0.00 0.00 0.00 0.00 0.00 0.00 0.00 0.00 0.00 0.00 0.00 0.00 0.00 0.00 0.00 0.00 0.00 
0.00 0.00 0.00 0.00 0.00 0.00 0.00 0.00 0.00 0.00 0.00 0.00 0.00 0.00 0.00 0.00 0.00 0.00 0.00 0.00 
0.00 0.00 0.00 0.00 0.00 0.00 0.00 0.00 0.00 0.00 0.00 0.00 0.00 0.00 0.00 0.00 0.00 0.00 0.00 0.00 
0.00 0.00 0.00 0.00 0.00 0.00 0.00 0.00 0.00 0.00 0.00 0.00 0.00 0.00 0.00 0.00 0.00 0.00 0.00 0.00 
0.00 0.00 0.00 0.00 0.00 0.00 0.00 0.00 0.00 0.00 0.00 0.00 0.00 0.00 0.00 0.00 0.00 0.00 0.00 0.00 
0.00 0.00 0.00 0.00 0.00 0.00 0.00 0.00 0.00 0.00 0.00 0.00 0.00 0.00 0.00 0.00 0.00 0.00 0.00 0.00 
0.00 0.00 0.00 0.00 0.00 0.00 0.00 0.00 0.00 0.00 0.00 0.00 0.00 0.00 0.00 0.00 0.00 0.00 0.00 0.00 
0.00 0.00 0.00 0.00 0.00 0.00 0.00 0.00 0.00 0.00 0.00 0.00 0.00 0.00 0.00 0.00 0.00 0.00 0.00 0.00 
0.00 0.00 0.00 0.00 0.00 0.00 0.00 0.00 0.00 0.00 0.00 0.00 0.00 0.00 0.00 0.00 0.00 0.00 0.00 0.00 
0.00 0.00 0.00 0.00 0.00 0.00 0.00 0.00 0.00 0.00 0.00 0.00 0.00 0.00 0.00 0.00 0.00 0.00 0.00 0.00 
0.00 0.00 0.00 0.00 0.00 0.00 0.00 0.00 0.00 0.00 0.00 0.00 0.00 0.00 0.00 0.00 0.00 0.00 0.00 0.00 
0.00 0.00 0.00 0.00 0.00 0.00 0.00 0.00 0.00 0.00 0.00 0.00 0.00 0.00 0.00 0.00 0.00 0.00 0.00 0.00 
0.00 0.00 0.00 0.00 0.00 0.00 0.00 0.00 0.00 0.00 0.00 0.00 0.00 0.00 0.00 0.00 0.00 0.00 0.00 0.00 
0.00 0.00 0.00 0.00 0.00 0.00 0.00 0.00 0.00 0.00 0.00 0.00 0.00 0.00 0.00 0.00 0.00 0.00 0.00 0.00 
0.00 0.00 0.00 0.00 0.00 0.00 0.00 0.00 0.00 0.00 0.00 0.00 0.00 0.00 0.00 0.00 0.00 0.00 0.00 0.00 
0.00 0.00 0.00 0.00 0.00 0.00 0.00 0.00 0.00 0.00 0.00 0.00 0.00 0.00 0.00 0.00 0.00 0.00 0.00 0.00 
0.00 0.00 0.00 0.00 0.00 0.00 0.00 0.00 0.00 0.00 0.00 0.00 0.00 0.00 0.00 0.00 0.00 0.00 0.00 0.00 
0.00 0.00 0.00 0.00 0.00 0.00 0.00 0.00 0.00 0.00 0.00 0.00 0.00 0.00 0.00 0.00 0.00 0.00 0.00 0.00 
0.00 0.00 0.00 0.00 0.00 0.00 0.00 0.00 0.00 0.00 0.00 0.00 0.00 0.00 0.00 0.00 0.00 0.00 0.00 0.00 
0.00 0.00 0.00 0.00 0.00 0.00 0.00 0.00 0.00 0.00 0.00 0.00 0.00 0.00 0.00 0.00 0.00 0.00 0.00 0.00 
0.00 0.00 0.00 0.00 0.00 0.00 0.00 0.00 0.00 0.00 0.00 0.00 0.00 0.00 0.00 0.00 0.00 0.00 0.00 0.00 
0.00 0.00 0.00 0.00 0.00 0.00 0.00 0.00 0.00 0.00 0.00 0.00 0.00 0.00 0.00 0.00 0.00 0.00 0.00 0.00 
0.00 0.00 0.00 0.00 0.00 0.00 0.00 0.00 0.00 0.00 0.00 0.00 0.00 0.00 0.00 0.00 0.00 0.00 0.00 0.00 
0.00 0.00 0.00 0.00 0.00 0.00 0.00 0.00 0.00 0.00 0.00 0.00 0.00 0.00 0.00 0.00 0.00 0.00 0.00 0.00 
0.00 0.00 0.00 0.00 0.00 0.00 0.00 0.00 0.00 0.00 0.00 0.00 0.00 0.00 0.00 0.00 0.00 0.00 0.00 0.00 
0.00 0.00 0.00 0.00 0.00 0.00 0.00 0.00 0.00 0.00 0.00 0.00 0.00 0.00 0.00 0.00 0.00 0.00 0.00 0.00 
0.00 0.00 0.00 0.00 0.00 0.00 0.00 0.00 0.00 0.00 0.00 0.00 0.00 0.00 0.00 0.00 0.00 0.00 0.00 0.00 
0.00 0.00 0.00 0.00 0.00 0.00 0.00 0.00 0.00 0.00 0.00 0.00 0.00 0.00 0.00 0.00 0.00 0.00 0.00 0.00 
0.00 0.00 0.00 0.00 0.00 0.00 0.00 0.00 0.00 0.00 0.00 0.00 0.00 0.00 0.00 0.00 0.00 0.00 0.00 0.00 
0.00 0.00 0.00 0.00 0.00 0.00 0.00 0.00 0.00 0.00 0.00 0.00 0.00 0.00 0.00 0.00 0.00 0.00 0.00 0.00 
0.00 0.00 0.00 0.00 0.00 0.00 0.00 0.00 0.00 0.00 0.00 0.00 0.00 0.00 0.00 0.00 0.00 0.00 0.00 0.00 
0.00 0.00 0.00 0.00 0.00 0.00 0.00 0.00 0.00 0.00 0.00 0.00 0.00 0.00 0.00 0.00 0.00 0.00 0.00 0.00 
0.00 0.00 0.00 0.00 0.00 0.00 0.00 0.00 0.00 0.00 0.00 0.00 0.00 0.00 0.00 0.00 0.00 0.00 0.00 0.00 
0.00 0.00 0.00 0.00 0.00 0.00 0.00 0.00 0.00 0.00 0.00 0.00 0.00 0.00 0.00 0.00 0.00 0.00 0.00 0.00 
0.00 0.00 0.00 0.00 0.00 0.00 0.00 0.00 0.00 0.00 0.00 0.00 0.00 0.00 0.00 0.00 0.00 0.00 0.00 0.00 
0.00 0.00 0.00 0.00 0.00 0.00 0.00 0.00 0.00 0.00 0.00 0.00 0.00 0.00 0.00 0.00 0.00 0.00 0.00 0.00 
0.00 0.00 0.00 0.00 0.00 0.00 0.00 0.00 0.00 0.00 0.00 0.00 0.00 0.00 0.00 0.00 0.00 0.00 0.00 0.00 
0.00 0.00 0.00 0.00 0.00 0.00 0.00 0.00 0.00 0.00 0.00 0.00 0.00 0.00 0.00 0.00 0.00 0.00 0.00 0.00 
0.00 0.00 0.00 0.00 0.00 0.00 0.00 0.00 0.00 0.00 0.00 0.00 0.00 0.00 0.00 0.00 0.00 0.00 0.00 0.00 
0.00 0.00 0.00 0.00 0.00 0.00 0.00 0.00 0.00 0.00 0.00 0.00 0.00 0.00 0.00 0.00 0.00 0.00 0.00 0.00 
0.00 0.00 0.00 0.00 0.00 0.00 0.00 0.00 0.00 0.00 0.00 0.00 0.00 0.00 0.00 0.00 0.00 0.00 0.00 0.00 
0.00 0.00 0.00 0.00 0.00 0.00 0.00 0.00 0.00 0.00 0.00 0.00 0.00 0.00 0.00 0.00 0.00 0.00 0.00 0.00 
0.00 0.00 0.00 0.00 0.00 0.00 0.00 0.00 0.00 0.00 0.00 0.00 0.00 0.00 0.00 0.00 0.00 0.00 0.00 0.00 
0.00 0.00 0.00 0.00 0.00 0.00 0.00 0.00 0.00 0.00 0.00 0.00 0.00 0.00 0.00 0.00 0.00 0.00 0.00 0.00 
0.00 0.00 0.00 0.00 0.00 0.00 0.00 0.00 0.00 0.00 0.00 0.00 0.00 0.00 0.00 0.00 0.00 0.00 0.00 0.00 
0.00 0.00 0.00 0.00 0.00 0.00 0.00 0.00 0.00 0.00 0.00 0.00 0.00 0.00 0.00 0.00 0.00 0.00 0.00 0.00 
0.00 0.00 0.00 0.00 0.00 0.00 0.00 0.00 0.00 0.00 0.00 0.00 0.00 0.00 0.00 0.00 0.00 0.00 0.00 0.00 
0.00 0.00 0.00 0.00 0.00 0.00 0.00 0.00 0.00 0.00 0.00 0.00 0.00 0.00 0.00 0.00 0.00 0.00 0.00 0.00 
0.00 0.00 0.00 0.00 0.00 0.00 0.00 0.00 0.00 0.00 0.00 0.00 0.00 0.00 0.00 0.00 0.00 0.00 0.00 0.00 
0.00 0.00 0.00 0.00 0.00 0.00 0.00 0.00 0.00 0.00 0.00 0.00 0.00 0.00 0.00 0.00 0.00 0.00 0.00 0.00 
0.00 0.00 0.00 0.00 0.00 0.00 0.00 0.00 0.00 0.00 0.00 0.00 0.00 0.00 0.00 0.00 0.00 0.00 0.00 0.00 
0.00 0.00 0.00 0.00 0.00 0.00 0.00 0.00 0.00 0.00 0.00 0.00 0.00 0.00 0.00 0.00 0.00 0.00 0.00 0.00 
0.00 0.00 0.00 0.00 0.00 0.00 0.00 0.00 0.00 0.00 0.00 0.00 0.00 0.00 0.00 0.00 0.00 0.00 0.00 0.00 
0.00 0.00 0.00 0.00 0.00 0.00 0.00 0.00 0.00 0.00 0.00 0.00 0.00 0.00 0.00 0.00 0.00 0.00 0.00 0.00 
0.00 0.00 0.00 0.00 0.00 0.00 0.00 0.00 0.00 0.00 0.00 0.00 0.00 0.00 0.00 0.00 0.00 0.00 0.00 0.00 
0.00 0.00 0.00 0.00 0.00 0.00 0.00 0.00 0.00 0.00 0.00 0.00 0.00 0.00 0.00 0.00 0.00 0.00 0.00 0.00 
0.00 0.00 0.00 0.00 0.00 0.00 0.00 0.00 0.00 0.00 0.00 0.00 0.00 0.00 0.00 0.00 0.00 0.00 0.00 0.00 
0.00 0.00 0.00 0.00 0.00 0.00 0.00 0.00 0.00 0.00 0.00 0.00 0.00 0.00 0.00 0.00 0.00 0.00 0.00 0.00 
0.00 0.00 0.00 0.00 0.00 0.00 0.00 0.00 0.00 0.00 0.00 0.00 0.00 0.00 0.00 0.00 0.00 0.00 0.00 0.00 
0.00 0.00 0.00 0.00 0.00 0.00 0.00 0.00 0.00 0.00 0.00 0.00 0.00 0.00 0.00 0.00 0.00 0.00 0.00 0.00 
0.00 0.00 0.00 0.00 0.00 0.00 0.00 0.00 0.00 0.00 0.00 0.00 0.00 0.00 0.00 0.00 0.00 0.00 0.00 0.00 
0.00 0.00 0.00 0.00 0.00 0.00 0.00 0.00 0.00 0.00 0.00 0.00 0.00 0.00 0.00 0.00 0.00 0.00 0.00 0.00 
0.00 0.00 0.00 0.00 0.00 0.00 0.00 0.00 0.00 0.00 0.00 0.00 0.00 0.00 0.00 0.00 0.00 0.00 0.00 0.00 
0.00 0.00 0.00 0.00 0.00 0.00 0.00 0.00 0.00 0.00 0.00 0.00 0.00 0.00 0.00 0.00 0.00 0.00 0.00 0.00 
0.00 0.00 0.00 0.00 0.00 0.00 0.00 0.00 0.00 0.00 0.00 0.00 0.00 0.00 0.00 0.00 0.00 0.00 0.00 0.00 
0.00 0.00 0.00 0.00 0.00 0.00 0.00 0.00 0.00 0.00 0.00 0.00 0.00 0.00 0.00 0.00 0.00 0.00 0.00 0.00 
0.00 0.00 0.00 0.00 0.00 0.00 0.00 0.00 0.00 0.00 0.00 0.00 0.00 0.00 0.00 0.00 0.00 0.00 0.00 0.00 
0.00 0.00 0.00 0.00 0.00 0.00 0.00 0.00 0.00 0.00 0.00 0.00 0.00 0.00 0.00 0.00 0.00 0.00 0.00 0.00 
0.00 0.00 0.00 0.00 0.00 0.00 0.00 0.00 0.00 0.00 0.00 0.00 0.00 0.00 0.00 0.00 0.00 0.00 0.00 0.00 
0.00 0.00 0.00 0.00 0.00 0.00 0.00 0.00 0.00 0.00 0.00 0.00 0.00 0.00 0.00 0.00 0.00 0.00 0.00 0.00 
0.00 0.00 0.00 0.00 0.00 0.00 0.00 0.00 0.00 0.00 0.00 0.00 0.00 0.00 0.00 0.00 0.00 0.00 0.00 0.00 
0.00 0.00 0.00 0.00 0.00 0.00 0.00 0.00 0.00 0.00 0.00 0.00 0.00 0.00 0.00 0.00 0.00 0.00 0.00 0.00 
0.00 0.00 0.00 0.00 0.00 0.00 0.00 0.00 0.00 0.00 0.00 0.00 0.00 0.00 0.00 0.00 0.00 0.00 0.00 0.00 
end   dump: w
==END   DUMP_ARRAYS==
==BEGIN DUMP_ARRAYS==
begin dump: w
7729.87 463669120.00 509835456.00 587503232.00 672221568.00 760337728.00 850295616.00 941055296.00 1031573120.00 1123515648.00 1214574208.00 1307242624.00 1398908544.00 1491345408.00 1583589888.00 1675650944.00 1767213696.00 1860834048.00 1953152512.00 2045518464.00 
2137002752.00 2231010304.00 2323324416.00 2416109056.00 2508104704.00 2599472384.00 2693833472.00 2786285056.00 2878974464.00 2972031232.00 3063779072.00 3156410112.00 3247575552.00 3342365696.00 3435164160.00 3527487232.00 3620190720.00 3713134848.00 3805639680.00 3898541056.00 
3988671232.00 4083859200.00 4176603136.00 4268595200.00 4362123776.00 4454720512.00 4548045824.00 4640152064.00 4731837440.00 4825675264.00 4914969088.00 5011154944.00 5103938560.00 5196755968.00 5289064960.00 5381823488.00 5474389504.00 5567589376.00 5660836352.00 5753370112.00 
5844556288.00 5938434048.00 6030938112.00 6124679680.00 6214652928.00 6309156864.00 6402100224.00 6494931968.00 6587646976.00 6681267200.00 6772523008.00 6865488384.00 6958222336.00 7051685376.00 7143818752.00 7235270656.00 7329559040.00 7422848512.00 7515214336.00 7608067072.00 
7695214592.00 7793542656.00 7886183936.00 7978966528.00 8071575040.00 8163920384.00 8256799744.00 8350933504.00 8442331136.00 8535944704.00 8627697664.00 8721551360.00 8813832192.00 8904515584.00 8999261184.00 9091680256.00 9182625792.00 9277639680.00 9370306560.00 9462953984.00 
9548957696.00 9648474112.00 9741249536.00 9833801728.00 9926455296.00 10019171328.00 10112390144.00 10205163520.00 10297119744.00 10390703104.00 10482689024.00 10575598592.00 10667942912.00 10762157056.00 10854184960.00 10946995200.00 11040057344.00 11132585984.00 11225644032.00 11318342656.00 
11408333824.00 11503493120.00 11596465152.00 11688989696.00 11781723136.00 11865980928.00 11967833088.00 12061699072.00 12150905856.00 12242954240.00 12338003968.00 12431229952.00 12523876352.00 12616651776.00 12709728256.00 12802168832.00 12894734336.00 12988131328.00 13082167296.00 13173783552.00 
13264916480.00 13358922752.00 13451400192.00 13545294848.00 13636287488.00 13729760256.00 13823012864.00 13915404288.00 14007326720.00 14101362688.00 14190420992.00 14287140864.00 14378924032.00 14471584768.00 14565666816.00 14657394688.00 14750263296.00 14843398144.00 14935945216.00 15028662272.00 
15110342656.00 15214345216.00 15307009024.00 15399647232.00 15492337664.00 15585059840.00 15677833216.00 15771326464.00 15863112704.00 15955147776.00 16048352256.00 16141902848.00 16234190848.00 16327194624.00 16421991424.00 16511301632.00 16604652544.00 16699179008.00 16791288832.00 16883717120.00 
16975381504.00 17069675520.00 17163167744.00 17254604800.00 17347424256.00 17440344064.00 17532248064.00 17626050560.00 17718616064.00 17811691520.00 17903386624.00 17997418496.00 18087831552.00 18182742016.00 18275442688.00 18367514624.00 18460700672.00 18553583616.00 18645954560.00 18738716672.00 
18818148352.00 18924572672.00 19017146368.00 19110356992.00 19202797568.00 19295125504.00 19388350464.00 19481466880.00 19573026816.00 19666909184.00 19758563328.00 19852922880.00 19945084928.00 20037797888.00 20130740224.00 20223031296.00 20315453440.00 20409055232.00 20501608448.00 20594331648.00 
20685867008.00 20780302336.00 20871514112.00 20966139904.00 21056333824.00 21149478912.00 21244008448.00 21336748032.00 21429196800.00 21522124800.00 21614348288.00 21707567104.00 21800056832.00 21892325376.00 21985693696.00 22077505536.00 22171727872.00 22264330240.00 22356932608.00 22449956864.00 
22537084928.00 22635616256.00 22727983104.00 22821136384.00 22913505280.00 23006429184.00 23098961920.00 23192088576.00 23284088832.00 23377143808.00 23452653568.00 23563284480.00 23655796736.00 23748577280.00 23841896448.00 23933792256.00 24024649728.00 24119523328.00 24210853888.00 24305786880.00 
24396552192.00 24490835968.00 24583147520.00 24676089856.00 24768325632.00 24861270016.00 24953835520.00 25048383488.00 25140058112.00 25232820224.00 25324984320.00 25418090496.00 25510049792.00 25604155392.00 25697091584.00 25787592704.00 25882636288.00 25974949888.00 26067695616.00 26159726592.00 
26250452992.00 26346074112.00 26438574080.00 26531383296.00 26623729664.00 26716129280.00 26811281408.00 26903189504.00 26993283072.00 27088216064.00 27180290048.00 27273977856.00 27366238208.00 27459303424.00 27551703040.00 27644317696.00 27736598528.00 27830360064.00 27922989056.00 28015605760.00 
28101554176.00 28201078784.00 28294115328.00 28386068480.00 28478414848.00 28571879424.00 28664557568.00 28757248000.00 28852062208.00 28943595520.00 29035653120.00 29128978432.00 29221201920.00 29314443264.00 29407324160.00 29499793408.00 29592764416.00 29685467136.00 29778307072.00 29870821376.00 
29952669696.00 30056810496.00 30149234688.00 30242232320.00 30334502912.00 30425966592.00 30520252416.00 30613145600.00 30705500160.00 30798323712.00 30890682368.00 30983905280.00 31076313088.00 31167924224.00 31263369216.00 31355373568.00 31447187456.00 31541186560.00 31633006592.00 31727857664.00 
31817801728.00 31911854080.00 32004425728.00 32097789952.00 32189636608.00 32282744832.00 32375539712.00 32468213760.00 32561901568.00 32654608384.00 32743311360.00 32839690240.00 32930031616.00 33026275328.00 33118072832.00 33210193920.00 33303099392.00 33396045824.00 33488689152.00 33582067712.00 
33671563264.00 33766903808.00 33859663872.00 33951432704.00 34047268864.00 34138400768.00 34230960128.00 34324109312.00 34415611904.00 34509082624.00 34601472000.00 34694823936.00 34786955264.00 34880475136.00 34973102080.00 35057078272.00 35158138880.00 35251437568.00 35344150528.00 35436957696.00 
35528265728.00 35626848256.00 35715239936.00 35808440320.00 35898617856.00 35993194496.00 36086288384.00 36178112512.00 36271673344.00 36364623872.00 36456542208.00 36550221824.00 36642148352.00 36735574016.00 36828246016.00 36920643584.00 37013405696.00 37106458624.00 37198888960.00 37291220992.00 
37357129728.00 37478481920.00 37570727936.00 37663547392.00 37755875328.00 37848502272.00 37941633024.00 38034452480.00 38126546944.00 38220058624.00 38311899136.00 38405660672.00 38497943552.00 38590795776.00 38684168192.00 38776274944.00 38867066880.00 38962139136.00 39054913536.00 39147335680.00 
39238803456.00 39328313344.00 39425949696.00 39518683136.00 39610920960.00 39702482944.00 39796772864.00 39889588224.00 39982108672.00 40075436032.00 40167317504.00 40260669440.00 40352296960.00 40446459904.00 40538972160.00 40631623680.00 40724238336.00 40817491968.00 40909914112.00 41002254336.00 
41092710400.00 41188241408.00 41280905216.00 41373433856.00 41463975936.00 41561178112.00 41652895744.00 41745375232.00 41835962368.00 41931112448.00 42020044800.00 42116173824.00 42208813056.00 42301779968.00 42394386432.00 42486964224.00 42579410944.00 42672254976.00 42765148160.00 42856783872.00 
42949672960.00 43043565568.00 43136626688.00 43229458432.00 43321008128.00 43414179840.00 43507093504.00 43599900672.00 43692756992.00 43785814016.00 43877519360.00 43971985408.00 44063784960.00 44156936192.00 44249600000.00 44340817920.00 44434829312.00 44527812608.00 44620857344.00 44713361408.00 
44795211776.00 44898934784.00 44991795200.00 45084524544.00 45177122816.00 45270298624.00 45363191808.00 45455687680.00 45548085248.00 45641281536.00 45733322752.00 45826555904.00 45919174656.00 46012297216.00 46104776704.00 46197297152.00 46289235968.00 46382837760.00 46475501568.00 46567473152.00 
46626955264.00 46755733504.00 46847614976.00 46940774400.00 47032532992.00 47125356544.00 47218167808.00 47310778368.00 47403868160.00 47496306688.00 47588757504.00 47682048000.00 47772557312.00 47867973632.00 47960371200.00 48052830208.00 48145022976.00 48238149632.00 48331616256.00 48424222720.00 
48514146304.00 48609390592.00 48703012864.00 48795099136.00 48887701504.00 48979124224.00 49073430528.00 49166471168.00 49257943040.00 49351639040.00 49443913728.00 49537495040.00 49629548544.00 49721638912.00 49816039424.00 49908199424.00 50000711680.00 50093940736.00 50186412032.00 50278854656.00 
50370932736.00 50465046528.00 50557665280.00 50650558464.00 50741075968.00 50835390464.00 50929139712.00 51020840960.00 51114409984.00 51205316608.00 51296460800.00 51392520192.00 51485241344.00 51578486784.00 51670917120.00 51763326976.00 51856338944.00 51949490176.00 52041519104.00 52134670336.00 
52221943808.00 52320317440.00 52413206528.00 52505755648.00 52598165504.00 52690939904.00 52783632384.00 52876656640.00 52968689664.00 53061660672.00 53153292288.00 53243650048.00 53343801344.00 53434449920.00 53527015424.00 53617881088.00 53710028800.00 53804986368.00 53897486336.00 53990445056.00 
54081716224.00 54175277056.00 54268551168.00 54361501696.00 54453567488.00 54546505728.00 54639763456.00 54732206080.00 54824603648.00 54917939200.00 55009738752.00 55103311872.00 55194927104.00 55289171968.00 55381544960.00 55474008064.00 55567048704.00 55658557440.00 55752511488.00 55845212160.00 
55924318208.00 56031100928.00 56123604992.00 56216387584.00 56309153792.00 56401649664.00 56493383680.00 56587259904.00 56678121472.00 56773439488.00 56865075200.00 56958570496.00 57051029504.00 57143951360.00 57236541440.00 57328078848.00 57422749696.00 57515397120.00 57608032256.00 57700577280.00 
57792221184.00 57886011392.00 57978810368.00 58071949312.00 58163449856.00 58248798208.00 58350194688.00 58442817536.00 58535456768.00 58628349952.00 58720448512.00 58813480960.00 58906771456.00 58999779328.00 59092074496.00 59185025024.00 59277508608.00 59370459136.00 59463147520.00 59555975168.00 
59637747712.00 59741638656.00 59834757120.00 59927228416.00 60019539968.00 60111814656.00 60205383680.00 60297916416.00 60390350848.00 60483747840.00 60573020160.00 60668915712.00 60761706496.00 60854112256.00 60947480576.00 61039894528.00 61131919360.00 61225320448.00 61318197248.00 61410754560.00 
61502500864.00 61596475392.00 61689094144.00 61781954560.00 61873872896.00 61966286848.00 62056873984.00 62161158144.00 62247952384.00 62340165632.00 62431899648.00 62525140992.00 62615633920.00 62710509568.00 62803111936.00 62894080000.00 62988189696.00 63081574400.00 63174729728.00 63266861056.00 
63356960768.00 63452483584.00 63545004032.00 63638478848.00 63730417664.00 63823085568.00 63916322816.00 64009007104.00 64100601856.00 64194715648.00 64286810112.00 64380100608.00 64472440832.00 64565481472.00 64657993728.00 64750587904.00 64843673600.00 64936701952.00 65029464064.00 65121878016.00 
65207939072.00 65307353088.00 65400270848.00 65492967424.00 65583538176.00 65678045184.00 65773887488.00 65864409088.00 65957007360.00 66049839104.00 66141810688.00 66234843136.00 66327535616.00 66420756480.00 66513133568.00 66606137344.00 66698862592.00 66792136704.00 66885562368.00 66977280000.00 
67064553472.00 67162730496.00 67255418880.00 67348275200.00 67440844800.00 67532009472.00 67626082304.00 67716747264.00 67812794368.00 67905302528.00 67997380608.00 68090748928.00 68183121920.00 68276236288.00 68368830464.00 68461436928.00 68552228864.00 68647493632.00 68739743744.00 68832477184.00 
68924055552.00 69018648576.00 69110898688.00 69203591168.00 69295800320.00 69388910592.00 69482004480.00 69574983680.00 69667323904.00 69759672320.00 69835620352.00 69946163200.00 70037684224.00 70131580928.00 70224175104.00 70316695552.00 70409379840.00 70502776832.00 70595133440.00 70687973376.00 
70778052608.00 70873440256.00 70968320000.00 71058718720.00 71151501312.00 71244251136.00 71338106880.00 71429890048.00 71520567296.00 71615029248.00 71707779072.00 71801053184.00 71894040576.00 71986520064.00 72078893056.00 72170643456.00 72264359936.00 72357691392.00 72450564096.00 72543191040.00 
72634621952.00 72728592384.00 72821424128.00 72914370560.00 73005875200.00 73099329536.00 73192546304.00 73285337088.00 73377865728.00 73470877696.00 73562750976.00 73656180736.00 73748275200.00 73841303552.00 73934045184.00 74026508288.00 74119208960.00 74212048896.00 74303979520.00 74394886144.00 
74435813376.00 74587693056.00 74678542336.00 74770735104.00 74863083520.00 74955530240.00 75048665088.00 75140964352.00 75233353728.00 75327635456.00 75418705920.00 75512397824.00 75604533248.00 75696840704.00 75790163968.00 75882905600.00 75974754304.00 76068536320.00 76161146880.00 76254142464.00 
76345425920.00 76439420928.00 76532539392.00 76624961536.00 76717457408.00 76808880128.00 76903178240.00 76995739648.00 77088915456.00 77181640704.00 77273653248.00 77367181312.00 77457645568.00 77552336896.00 77645611008.00 77738033152.00 77830848512.00 77923647488.00 78016438272.00 78109261824.00 
78199201792.00 78294654976.00 78385192960.00 78480613376.00 78572822528.00 78665457664.00 78758526976.00 78851211264.00 78943002624.00 79037071360.00 79126249472.00 79221719040.00 79314993152.00 79407931392.00 79500623872.00 79593209856.00 79685509120.00 79775801344.00 79872139264.00 79964602368.00 
80056229888.00 80150159360.00 80242794496.00 80335749120.00 80426221568.00 80521412608.00 80614293504.00 80707133440.00 80799244288.00 80891871232.00 80984678400.00 81078009856.00 81170079744.00 81263329280.00 81356038144.00 81440063488.00 81541341184.00 81633910784.00 81726038016.00 81819869184.00 
81907048448.00 82005417984.00 82098028544.00 82190614528.00 82283429888.00 82376114176.00 82468888576.00 82561531904.00 82653167616.00 82757836800.00 82840608768.00 82933899264.00 83026042880.00 83118948352.00 83211460608.00 83304022016.00 83394945024.00 83489759232.00 83583361024.00 83675365376.00 
83761176576.00 83860848640.00 83953606656.00 84046061568.00 84138729472.00 84231626752.00 84324573184.00 84417306624.00 84509818880.00 84600774656.00 84695252992.00 84788584448.00 84880056320.00 84973764608.00 85066383360.00 85159116800.00 85251907584.00 85345353728.00 85436989440.00 85530697728.00 
85620514816.00 85715763200.00 85808553984.00 85894529024.00 85994774528.00 86085640192.00 86180028416.00 86272827392.00 86363275264.00 86458073088.00 86550306816.00 86643531776.00 86736101376.00 86828843008.00 86921846784.00 87014359040.00 87106797568.00 87200342016.00 87292878848.00 87385579520.00 
87477133312.00 87569604608.00 87664353280.00 87756955648.00 87848599552.00 87942152192.00 88035205120.00 88128118784.00 88220655616.00 88313257984.00 88402771968.00 88499118080.00 88590794752.00 88684847104.00 88777334784.00 88869830656.00 88962654208.00 89055592448.00 89148252160.00 89241100288.00 
89322872832.00 89426755584.00 89518931968.00 89612959744.00 89704685568.00 89797214208.00 89890553856.00 89982976000.00 90075529216.00 90168647680.00 90261118976.00 90354253824.00 90447003648.00 90542268416.00 90632519680.00 90723549184.00 90816995328.00 90910810112.00 91003723776.00 91096170496.00 
91187789824.00 91281506304.00 91374411776.00 91467374592.00 91559534592.00 91652505600.00 91745722368.00 91837030400.00 91930771456.00 92023537664.00 92115755008.00 92209307648.00 92299788288.00 92394414080.00 92487000064.00 92579389440.00 92672008192.00 92764717056.00 92856238080.00 92946137088.00 
92975022080.00 93143089152.00 93232857088.00 93324640256.00 93416734720.00 93509238784.00 93602275328.00 93695361024.00 93786382336.00 93879205888.00 93972201472.00 94066466816.00 94157692928.00 94251089920.00 94343553024.00 94436294656.00 94528765952.00 94622326784.00 94714617856.00 94807351296.00 
94898946048.00 94992711680.00 95085608960.00 95178391552.00 95268962304.00 95362236416.00 95456641024.00 95548784640.00 95642058752.00 95735136256.00 95827066880.00 95920562176.00 96012386304.00 96106102784.00 96198533120.00 96291340288.00 96384229376.00 96473767936.00 96569950208.00 96662921216.00 
96749813760.00 96848142336.00 96940425216.00 97033388032.00 97126424576.00 97218879488.00 97311653888.00 97404895232.00 97497006080.00 97590214656.00 97679515648.00 97775697920.00 97868046336.00 97961820160.00 98054184960.00 98146713600.00 98237399040.00 98332794880.00 98424987648.00 98518122496.00 
98609537024.00 98703294464.00 98796208128.00 98888818688.00 98981019648.00 99073859584.00 99166683136.00 99261194240.00 99352756224.00 99445850112.00 99537715200.00 99630972928.00 99722780672.00 99816325120.00 99909189632.00 100000456704.00 100094492672.00 100189347840.00 100279992320.00 100373299200.00 
100463255552.00 100558004224.00 100651573248.00 100744167424.00 100836876288.00 100929445888.00 101022400512.00 101115387904.00 101205680128.00 101300158464.00 101392138240.00 101494603776.00 101579554816.00 101672099840.00 101764292608.00 101857312768.00 101949939712.00 102043025408.00 102134800384.00 102228598784.00 
102314483712.00 102414008320.00 102506545152.00 102599368704.00 102691405824.00 102784909312.00 102877790208.00 102970662912.00 103063199744.00 103156154368.00 103248125952.00 103339171840.00 103434256384.00 103527112704.00 103620067328.00 103712587776.00 103805149184.00 103898251264.00 103990681600.00 104083808256.00 
104165548032.00 104269234176.00 104362205184.00 104454938624.00 104547409920.00 104631844864.00 104733081600.00 104825774080.00 104917901312.00 105011159040.00 105103589376.00 105196937216.00 105288982528.00 105382330368.00 105475031040.00 105567543296.00 105659547648.00 105753329664.00 105845956608.00 105938616320.00 
106029924352.00 106123780096.00 106215284736.00 106323345408.00 106404069376.00 106496368640.00 106588823552.00 106681630720.00 106774167552.00 106866999296.00 106956414976.00 107052556288.00 107142995968.00 107237892096.00 107330822144.00 107423088640.00 107516043264.00 107608760320.00 107702165504.00 107794423808.00 
107884453888.00 107979825152.00 108072443904.00 108165849088.00 108258009088.00 108350586880.00 108443729920.00 108537020416.00 108628361216.00 108722143232.00 108814262272.00 108907765760.00 109000278016.00 109093158912.00 109185892352.00 109276848128.00 109370359808.00 109464756224.00 109557030912.00 109650001920.00 
109741088768.00 109835329536.00 109928292352.00 110020591616.00 110111326208.00 110205386752.00 110299119616.00 110392049664.00 110484414464.00 110576943104.00 110669512704.00 110762737664.00 110855233536.00 110949867520.00 111040421888.00 111133523968.00 111226519552.00 111319375872.00 111411855360.00 111504154624.00 
111570100224.00 111691366400.00 111783763968.00 111875710976.00 111968862208.00 112061431808.00 112154386432.00 112247365632.00 112339591168.00 112432267264.00 112524894208.00 112617472000.00 112710221824.00 112803987456.00 112896253952.00 112989061120.00 113079771136.00 113174437888.00 113267949568.00 113360330752.00 
113451819008.00 113545830400.00 113638236160.00 113731305472.00 113823801344.00 113915346944.00 114009489408.00 114102894592.00 114194833408.00 114287828992.00 114379587584.00 114475843584.00 114565627904.00 114659278848.00 114751741952.00 114844418048.00 114937126912.00 115030237184.00 115122315264.00 115215695872.00 
115305709568.00 115401097216.00 115493863424.00 115586818048.00 115679117312.00 115771998208.00 115865100288.00 115957596160.00 116048314368.00 116143038464.00 116218740736.00 116329168896.00 116421705728.00 116513464320.00 116607115264.00 116699922432.00 116792246272.00 116884905984.00 116978024448.00 117070807040.00 
117162491904.00 117256568832.00 117349081088.00 117440421888.00 117533908992.00 117627420672.00 117720432640.00 117813182464.00 117905539072.00 117998739456.00 118090842112.00 118183878656.00 118276210688.00 118370172928.00 118462373888.00 118553657344.00 118647816192.00 118741188608.00 118833291264.00 118926278656.00 
119008002048.00 119111778304.00 119204241408.00 119295664128.00 119390085120.00 119482564608.00 119575887872.00 119668498432.00 119760429056.00 119853613056.00 119945781248.00 120038948864.00 120131813376.00 120224940032.00 120317157376.00 120410284032.00 120502173696.00 120595693568.00 120688492544.00 120781422592.00 
120867364864.00 120967061504.00 121059581952.00 121152266240.00 121244508160.00 121337749504.00 121430474752.00 121523470336.00 121616121856.00 121708634112.00 121801072640.00 121894502400.00 121985089536.00 122080198656.00 122172358656.00 122264961024.00 122357964800.00 122450903040.00 122543300608.00 122636533760.00 
122726408192.00 122821722112.00 122914299904.00 123007229952.00 123099701248.00 123190861824.00 123285209088.00 123377516544.00 123468972032.00 123562319872.00 123653955584.00 123745894400.00 123835277312.00 123904835584.00 124043583488.00 124127059968.00 124217401344.00 124309561344.00 124401647616.00 124494159872.00 
124585295872.00 124679069696.00 124771680256.00 124864331776.00 124954951680.00 125049462784.00 125142360064.00 125235339264.00 125327622144.00 125420511232.00 125509812224.00 125606461440.00 125698220032.00 125791879168.00 125884203008.00 125976829952.00 126069915648.00 126162051072.00 126255308800.00 126348230656.00 
126435336192.00 126533763072.00 126626078720.00 126719041536.00 126811652096.00 126904287232.00 126997397504.00 127090081792.00 127182192640.00 127275663360.00 127367938048.00 127461154816.00 127553798144.00 127646638080.00 127739256832.00 127823265792.00 127922659328.00 128017252352.00 128110452736.00 128203046912.00 
128294641664.00 128388923392.00 128481476608.00 128574144512.00 128666230784.00 128759693312.00 128852574208.00 128945471488.00 129037918208.00 129130962944.00 129222819840.00 129315913728.00 129408196608.00 129501978624.00 129594802176.00 129686945792.00 129779941376.00 129872896000.00 129965457408.00 130058059776.00 
130137423872.00 130244034560.00 130336604160.00 130429698048.00 130521931776.00 130614673408.00 130707603456.00 130800607232.00 130891120640.00 130985877504.00 131078078464.00 131171049472.00 131265331200.00 131357319168.00 131449782272.00 131542351872.00 131635036160.00 131728252928.00 131820929024.00 131913408512.00 
132005158912.00 132098957312.00 132191805440.00 132284678144.00 132376494080.00 132468785152.00 132562911232.00 132655489024.00 132747567104.00 132842487808.00 132933754880.00 133026889728.00 133119254528.00 133212635136.00 133305884672.00 133397700608.00 133491138560.00 133583659008.00 133676130304.00 133768945664.00 
133850693632.00 133955084288.00 134047105024.00 134139904000.00 134232489984.00 134325149696.00 134418161664.00 134511280128.00 134603333632.00 134696787968.00 134785867776.00 134882336768.00 134974537728.00 135067320320.00 135159078912.00 135254499328.00 135345455104.00 135439212544.00 135531651072.00 135624335360.00 
135715667968.00 135810113536.00 135902658560.00 135995252736.00 136087797760.00 136180686848.00 136273608704.00 136366555136.00 136458903552.00 136551940096.00 136643952640.00 136737390592.00 136827994112.00 136922759168.00 137016426496.00 137106923520.00 137201238016.00 137294381056.00 137386696704.00 137480339456.00 
137569730560.00 137664987136.00 137758048256.00 137850683392.00 137943367680.00 138035888128.00 138128932864.00 138221797376.00 138313302016.00 138407231488.00 138499260416.00 138592616448.00 138685317120.00 138778181632.00 138871488512.00 138963386368.00 139055923200.00 139148836864.00 139241324544.00 139333779456.00 
139392909312.00 139522080768.00 139613814784.00 139706286080.00 139796922368.00 139891490816.00 139984519168.00 140077318144.00 140169707520.00 140262866944.00 140354912256.00 140447825920.00 140540346368.00 140633440256.00 140726534144.00 140818989056.00 140911755264.00 141004308480.00 141097402368.00 141191413760.00 
141277691904.00 141375619072.00 141468368896.00 141560807424.00 141654835200.00 141745389568.00 141839433728.00 141932347392.00 142024622080.00 142117634048.00 142210105344.00 142303641600.00 142396375040.00 142488928256.00 142581596160.00 142674214912.00 142764900352.00 142859845632.00 142951579648.00 143046606848.00 
143137275904.00 143231401984.00 143323922432.00 143416999936.00 143509061632.00 143601909760.00 143694725120.00 143787606016.00 143880060928.00 143973105664.00 144062742528.00 144156835840.00 144250322944.00 144344088576.00 144436953088.00 144528965632.00 144622714880.00 144715350016.00 144808181760.00 144900849664.00 
144991059968.00 145088512000.00 145179131904.00 145271832576.00 145364467712.00 145456283648.00 145550442496.00 145642225664.00 145733730304.00 145828462592.00 145920458752.00 146014027776.00 146106941440.00 146199248896.00 146292162560.00 146383405056.00 146477711360.00 146570395648.00 146663669760.00 146757222400.00 
146847563776.00 146941476864.00 147034390528.00 147127074816.00 147218972672.00 147312558080.00 147405225984.00 147498270720.00 147590594560.00 147683164160.00 147775700992.00 147868942336.00 147961217024.00 148054753280.00 148147322880.00 148239466496.00 148332314624.00 148424884224.00 148516831232.00 148608008192.00 
148648787968.00 148800765952.00 148891516928.00 148984102912.00 149076000768.00 149168373760.00 149261238272.00 149354135552.00 149446377472.00 149539487744.00 149631664128.00 149724708864.00 149817917440.00 149910880256.00 150002434048.00 150095609856.00 150187540480.00 150279798784.00 150374514688.00 150466035712.00 
150558408704.00 150652436480.00 150745448448.00 150837641216.00 150930292736.00 151015014400.00 151115907072.00 151209000960.00 151301521408.00 151394664448.00 151486889984.00 151579951104.00 151670865920.00 151765467136.00 151858364416.00 151950770176.00 152043536384.00 152136843264.00 152229347328.00 152322392064.00 
152412061696.00 152505548800.00 152600166400.00 152693506048.00 152785895424.00 152878399488.00 152971296768.00 153058803712.00 153156272128.00 153250070528.00 153339117568.00 153435389952.00 153527681024.00 153621086208.00 153713541120.00 153805684736.00 153898631168.00 153991888896.00 154084573184.00 154177699840.00 
154268811264.00 154362839040.00 154455687168.00 154548436992.00 154639138816.00 154733428736.00 154826080256.00 154921762816.00 155012546560.00 155105591296.00 155197489152.00 155290812416.00 155383054336.00 155475984384.00 155568848896.00 155659960320.00 155754332160.00 155847032832.00 155940061184.00 156031893504.00 
156120006656.00 156218310656.00 156311027712.00 156403810304.00 156495282176.00 156589244416.00 156682403840.00 156774793216.00 156867084288.00 156960866304.00 157052616704.00 157145808896.00 157238099968.00 157331734528.00 157424107520.00 157517086720.00 157607575552.00 157705207808.00 157795254272.00 157888217088.00 
157974003712.00 158073864192.00 158166040576.00 158259396608.00 158351343616.00 158444683264.00 158537383936.00 158629445632.00 158722621440.00 158815322112.00 158907531264.00 159000887296.00 159092326400.00 159185633280.00 159273009152.00 159374737408.00 159465930752.00 159558500352.00 159650889728.00 159743180800.00 
159833899008.00 159929450496.00 160021872640.00 160114458624.00 160207093760.00 160298500096.00 160392626176.00 160485556224.00 160576126976.00 160671055872.00 160763527168.00 160857325568.00 160949469184.00 161042169856.00 161135165440.00 161227718656.00 161319976960.00 161413169152.00 161505591296.00 161597456384.00 
161690435584.00 161784184832.00 161877458944.00 161969750016.00 162061565952.00 162155216896.00 162248081408.00 162340880384.00 162433220608.00 162526199808.00 162601697280.00 162712010752.00 162804285440.00 162897543168.00 162990194688.00 163082780672.00 163174957056.00 163267821568.00 163361177600.00 163453992960.00 
163535618048.00 163639164928.00 163732406272.00 163825025024.00 163917578240.00 164010606592.00 164103045120.00 164196171776.00 164288577536.00 164381523968.00 164473765888.00 164567777280.00 164659773440.00 164752637952.00 164845305856.00 164936515584.00 165029642240.00 165122572288.00 165221842944.00 165310185472.00 
165400985600.00 165495013376.00 165587943424.00 165680726016.00 165772886016.00 165865799680.00 165959106560.00 166051463168.00 166144114688.00 166237061120.00 166329188352.00 166422315008.00 166513278976.00 166607192064.00 166701006848.00 166793445376.00 166886850560.00 166979207168.00 167071891456.00 167164526592.00 
167243628544.00 167350468608.00 167442989056.00 167535919104.00 167628701696.00 167721140224.00 167813906432.00 167906951168.00 167998455808.00 168092237824.00 168184659968.00 168277868544.00 168370438144.00 168463220736.00 168556019712.00 168648343552.00 168740864000.00 168834056192.00 168923185152.00 169020833792.00 
169112027136.00 169205547008.00 169298591744.00 169391292416.00 169481732096.00 169574809600.00 169668771840.00 169762226176.00 169854631936.00 169948020736.00 170039934976.00 170133372928.00 170225270784.00 170318397440.00 170411655168.00 170504126464.00 170596515840.00 170689708032.00 170782703616.00 170875305984.00 
170962714624.00 171060445184.00 171153260544.00 171246174208.00 171339202560.00 171431329792.00 171521179648.00 171618238464.00 171710005248.00 171803328512.00 171892326400.00 171988762624.00 172081233920.00 172174196736.00 172266848256.00 172359024640.00 172450119680.00 172544360448.00 172637929472.00 172730433536.00 
172822118400.00 172916228096.00 173008388096.00 173100433408.00 173193773056.00 173286653952.00 173379207168.00 173473759232.00 173565607936.00 173658652672.00 173750484992.00 173844594688.00 173935411200.00 174029078528.00 174122057728.00 174206238720.00 174307459072.00 174400274432.00 174493040640.00 174585823232.00 
174676066304.00 174771503104.00 174863351808.00 174957461504.00 175049916416.00 175142010880.00 175235104768.00 175328067584.00 175418720256.00 175514304512.00 175605694464.00 175699263488.00 175791669248.00 175883927552.00 175977021440.00 176070868992.00 176162668544.00 176255877120.00 176348348416.00 176442130432.00 
176527114240.00 176627482624.00 176719659008.00 176812064768.00 176903798784.00 176998465536.00 177090723840.00 177183899648.00 177276141568.00 177368465408.00 177461084160.00 177554440192.00 177646387200.00 177736089600.00 177832656896.00 177925210112.00 178017943552.00 178111217664.00 178203590656.00 178296340480.00 
178378293248.00 178482249728.00 178574655488.00 178667175936.00 178759811072.00 178851495936.00 178947620864.00 179037782016.00 179130744832.00 179224199168.00 179316080640.00 179406422016.00 179502235648.00 179595149312.00 179687833600.00 179780206592.00 179872579584.00 179966083072.00 180058947584.00 180151418880.00 
180243333120.00 180337246208.00 180429914112.00 180523417600.00 180615102464.00 180708065280.00 180802371584.00 180893876224.00 180986265600.00 181079506944.00 181168439296.00 181264596992.00 181355331584.00 181450194944.00 181542879232.00 181635481600.00 181728608256.00 181821472768.00 181914091520.00 182006890496.00 
182097100800.00 182192422912.00 182284992512.00 182378070016.00 182470574080.00 182563274752.00 182656008192.00 182749036544.00 182840475648.00 182934405120.00 183026434048.00 183118544896.00 183212343296.00 183305404416.00 183397416960.00 183489232896.00 183583145984.00 183675174912.00 183768465408.00 183861903360.00 
183953096704.00 184047255552.00 184140021760.00 184232247296.00 184323031040.00 184417845248.00 184510300160.00 184603279360.00 184695242752.00 184788303872.00 184880103424.00 184973541376.00 185065308160.00 185157976064.00 185250398208.00 185342099456.00 185433964544.00 185524912128.00 185613582336.00 185694683136.00 
185671237632.00 185926811648.00 186007666688.00 186096779264.00 186187431936.00 186278969344.00 186370752512.00 186463404032.00 186555072512.00 186648330240.00 186740195328.00 186833256448.00 186925973504.00 187018346496.00 187111096320.00 187203551232.00 187294187520.00 187389411328.00 187481423872.00 187574222848.00 
187665973248.00 187759624192.00 187853078528.00 187946188800.00 188037316608.00 188128804864.00 188223930368.00 188316139520.00 188408758272.00 188503097344.00 188593963008.00 188687171584.00 188779003904.00 188872605696.00 188965535744.00 189057597440.00 189150855168.00 189243637760.00 189336485888.00 189429284864.00 
189519233024.00 189614751744.00 189707370496.00 189800169472.00 189892542464.00 189985357824.00 190078566400.00 190171512832.00 190261805056.00 190356963328.00 190446190592.00 190542135296.00 190634868736.00 190727766016.00 190819188736.00 190912921600.00 191005655040.00 191098257408.00 191191744512.00 191284576256.00 
191375589376.00 191469879296.00 191562629120.00 191655313408.00 191746801664.00 191840583680.00 191933612032.00 192026820608.00 192118882304.00 192214908928.00 192304037888.00 192397410304.00 192489881600.00 192583712768.00 192674070528.00 192766902272.00 192861323264.00 192954548224.00 193046560768.00 193139441664.00 
193221443584.00 193325531136.00 193417740288.00 193510227968.00 193602945024.00 193695727616.00 193788641280.00 193885667328.00 193974042624.00 194067283968.00 194159214592.00 194253291520.00 194345172992.00 194437758976.00 194531016704.00 194622390272.00 194715648000.00 194809430016.00 194901983232.00 194993815552.00 
195080798208.00 195179577344.00 195272982528.00 195365584896.00 195458121728.00 195550216192.00 195644309504.00 195737403392.00 195829448704.00 195922280448.00 196014686208.00 196107337728.00 196198547456.00 196293525504.00 196386422784.00 196478648320.00 196571398144.00 196664410112.00 196758241280.00 196849876992.00 
196940398592.00 197036081152.00 197128454144.00 197221040128.00 197313970176.00 197398003712.00 197499518976.00 197592301568.00 197683953664.00 197777096704.00 197869895680.00 197962989568.00 198055854080.00 198147702784.00 198242287616.00 198334103552.00 198426640384.00 198521290752.00 198612926464.00 198705528832.00 
198796836864.00 198891044864.00 198983614464.00 199077183488.00 199167066112.00 199261995008.00 199354712064.00 199447642112.00 199539785728.00 199632928768.00 199722385408.00 199818379264.00 199910457344.00 200003436544.00 200100298752.00 200189706240.00 200282079232.00 200375697408.00 200467972096.00 200561164288.00 
200648196096.00 200746319872.00 200838529024.00 200931885056.00 201024880640.00 201116925952.00 201209774080.00 201303293952.00 201395240960.00 201488121856.00 201580593152.00 201673555968.00 201766420480.00 201859301376.00 201952509952.00 202043129856.00 202135568384.00 202230415360.00 202322837504.00 202416046080.00 
202507124736.00 202600693760.00 202698178560.00 202787700736.00 202879664128.00 202972381184.00 203065606144.00 203158372352.00 203250434048.00 203344019456.00 203435769856.00 203529125888.00 203620925440.00 203714478080.00 203807490048.00 203899912192.00 203992350720.00 204085657600.00 204178505728.00 204270993408.00 
204350259200.00 204457082880.00 204549390336.00 204642385920.00 204734627840.00 204827656192.00 204920389632.00 205014548480.00 205103972352.00 205199622144.00 205291012096.00 205384515584.00 205476872192.00 205570064384.00 205662633984.00 205755023360.00 205847560192.00 205940850688.00 206033420288.00 206126628864.00 
206217887744.00 206311505920.00 206399979520.00 206499086336.00 206590050304.00 206681800704.00 206776172544.00 206868922368.00 206961917952.00 207053733888.00 207146500096.00 207239970816.00 207332098048.00 207425142784.00 207518040064.00 207610642432.00 207703490560.00 207796355072.00 207889072128.00 207982411776.00 
208063856640.00 208167436288.00 208260104192.00 208353984512.00 208446324736.00 208538468352.00 208631431168.00 208724017152.00 208816160768.00 208909549568.00 208985145344.00 209095262208.00 209187831808.00 209280630784.00 209373495296.00 209465933824.00 209557766144.00 209651712000.00 209743937536.00 209837391872.00 
209928732672.00 210024071168.00 210115559424.00 210208636928.00 210300387328.00 210393350144.00 210486149120.00 210579357696.00 210671697920.00 210764349440.00 210856886272.00 210950537216.00 211041026048.00 211135709184.00 211228655616.00 211319767040.00 211414040576.00 211506921472.00 211599556608.00 211691978752.00 
211782352896.00 211878297600.00 211970392064.00 212062732288.00 212155170816.00 212246364160.00 212348452864.00 212436090880.00 212527087616.00 212620591104.00 212712931328.00 212806270976.00 212898529280.00 212991983616.00 213084012544.00 213176565760.00 213269348352.00 213362163712.00 213455405056.00 213547646976.00 
213634138112.00 213733507072.00 213826076672.00 213916418048.00 214009724928.00 214104080384.00 214197190656.00 214290022400.00 214383067136.00 214475816960.00 214567731200.00 214660907008.00 214753329152.00 214846930944.00 214939369472.00 215031709696.00 215125835776.00 215217586176.00 215310385152.00 215403233280.00 
215490150400.00 215589666816.00 215681515520.00 215774248960.00 215866736640.00 215958044672.00 216052547584.00 216145608704.00 216237473792.00 216330616832.00 216422776832.00 216516165632.00 216608587776.00 216699748352.00 216795840512.00 216887623680.00 216978063360.00 217072926720.00 217165824000.00 217259081728.00 
217349931008.00 217443909632.00 217536856064.00 217629523968.00 217721782272.00 217815318528.00 217908068352.00 218000277504.00 218093469696.00 218186350592.00 218275577856.00 218371538944.00 218462928896.00 218562871296.00 218650230784.00 218742587392.00 218835271680.00 218928316416.00 219021262848.00 219116060672.00 
219203796992.00 219299397632.00 219392000000.00 219484454912.00 219577712640.00 219669970944.00 219763064832.00 219856191488.00 219946369024.00 220041281536.00 220133015552.00 220226732032.00 220319596544.00 220412395520.00 220505522176.00 220589539328.00 220690432000.00 220783869952.00 220875997184.00 220969025536.00 
221060612096.00 221155753984.00 221246865408.00 221341974528.00 221431840768.00 221525245952.00 221618896896.00 221710680064.00 221803134976.00 221896736768.00 221988438016.00 222082351104.00 222174380032.00 222267441152.00 222360158208.00 222452482048.00 222544920576.00 222637735936.00 222729895936.00 222820941824.00 
222861672448.00 223013470208.00 223104483328.00 223196545024.00 223289065472.00 223381438464.00 223474057216.00 223566757888.00 223659442176.00 223752323072.00 223844810752.00 223938232320.00 224030670848.00 224123453440.00 224216334336.00 224308396032.00 224400523264.00 224494223360.00 224586924032.00 224680329216.00 
224771506176.00 224864337920.00 224957874176.00 225050787840.00 225143029760.00 225234616320.00 225329086464.00 225421983744.00 225514405888.00 225607483392.00 225699725312.00 225793064960.00 225883406336.00 225979219968.00 226071347200.00 226164703232.00 226256797696.00 226349694976.00 226442444800.00 226532933632.00 
226625339392.00 226720497664.00 226813460480.00 226906112000.00 226998042624.00 227091775488.00 227184295936.00 227277209600.00 227369009152.00 227464495104.00 227552362496.00 227648274432.00 227740893184.00 227834118144.00 227926818816.00 228018896896.00 228111532032.00 228204527616.00 228297637888.00 228390010880.00 
228481728512.00 228575002624.00 228669931520.00 228761714688.00 228852482048.00 228946903040.00 229039882240.00 229132599296.00 229224775680.00 229318180864.00 229410619392.00 229503926272.00 229596037120.00 229689278464.00 229782061056.00 229872762880.00 229966102528.00 230060654592.00 230152830976.00 230245695488.00 
230332956672.00 230430146560.00 230524157952.00 230617268224.00 230709477376.00 230802194432.00 230894944256.00 230988234752.00 231080165376.00 231173685248.00 231265484800.00 231358971904.00 231451459584.00 231544602624.00 231636844544.00 231729479680.00 231820247040.00 231915159552.00 232007565312.00 232099463168.00 
232159199232.00 232287584256.00 232380006400.00 232472674304.00 232565080064.00 232657633280.00 232750022656.00 232843427840.00 232935849984.00 233029091328.00 233121038336.00 233214574592.00 233306275840.00 233399631872.00 233492267008.00 233585131520.00 233677750272.00 233770647552.00 233863643136.00 233956278272.00 
234046488576.00 234141253632.00 234235002880.00 234327261184.00 234420043776.00 234511155200.00 234604920832.00 234698801152.00 234789175296.00 234884104192.00 234976395264.00 235069931520.00 235162451968.00 235254972416.00 235347935232.00 235440455680.00 235532812288.00 235626594304.00 235719081984.00 235811700736.00 
235903074304.00 235997396992.00 236089573376.00 236182257664.00 236273975296.00 236366512128.00 236462292992.00 236553797632.00 236646645760.00 236738789376.00 236829130752.00 236924878848.00 237017382912.00 237110362112.00 237203324928.00 237295796224.00 237388365824.00 237481590784.00 237574176768.00 237666435072.00 
237748600832.00 237852573696.00 237945307136.00 238038056960.00 238130102272.00 238223147008.00 238315569152.00 238408974336.00 238501494784.00 238594719744.00 238686502912.00 238778974208.00 238873526272.00 238966030336.00 239058960384.00 239149809664.00 239242919936.00 239336685568.00 239429386240.00 239522627584.00 
239613706240.00 239708028928.00 239800418304.00 239893397504.00 239985491968.00 240078635008.00 240171253760.00 240264396800.00 240355885056.00 240450830336.00 240542253056.00 240635625472.00 240726294528.00 240821092352.00 240913956864.00 241006362624.00 241099030528.00 241191747584.00 241284644864.00 241377378304.00 
241456627712.00 241563238400.00 241656152064.00 241748688896.00 241841422336.00 241934254080.00 242026594304.00 242120146944.00 242211045376.00 242305859584.00 242397298688.00 242490933248.00 242583240704.00 242676137984.00 242769215488.00 242861047808.00 242954092544.00 243047153664.00 243139919872.00 243232636928.00 
243324272640.00 243418726400.00 243510853632.00 243604324352.00 243694370816.00 243780894720.00 243882147840.00 243975077888.00 244067270656.00 244160872448.00 244252409856.00 244346044416.00 244438302720.00 244531822592.00 244623867904.00 244716732416.00 244809580544.00 244902215680.00 244995162112.00 245087879168.00 
245175500800.00 245273608192.00 245366308864.00 245459419136.00 245551398912.00 245644296192.00 245737144320.00 245829812224.00 245922299904.00 246014803968.00 246104915968.00 246201073664.00 246293659648.00 246386327552.00 246479011840.00 246571630592.00 246662283264.00 246757310464.00 246849699840.00 246942187520.00 
247033823232.00 247127359488.00 247219798016.00 247312154624.00 247403364352.00 247494033408.00 247577460736.00 247716675584.00 247785979904.00 247875649536.00 247966302208.00 248059215872.00 248150327296.00 248244060160.00 248336564224.00 248427216896.00 248521572352.00 248614207488.00 248707481600.00 248799821824.00 
248889819136.00 248985223168.00 249078120448.00 249170755584.00 249263210496.00 249356091392.00 249448955904.00 249541197824.00 249632096256.00 249727139840.00 249819086848.00 249912885248.00 250005094400.00 250098057216.00 250191183872.00 250283245568.00 250375897088.00 250469072896.00 250562084864.00 250654654464.00 
250740228096.00 250840121344.00 250932789248.00 251026079744.00 251117469696.00 251210563584.00 251304427520.00 251396620288.00 251489271808.00 251582464000.00 251674656768.00 251767963648.00 251860189184.00 251953217536.00 252045361152.00 252138536960.00 252231499776.00 252326100992.00 252417245184.00 252509667328.00 
252591423488.00 252695330816.00 252788064256.00 252880699392.00 252973301760.00 253064626176.00 253158850560.00 253251305472.00 253344497664.00 253437771776.00 253529620480.00 253622632448.00 253715693568.00 253808738304.00 253901160448.00 253993648128.00 254085545984.00 254181081088.00 254272339968.00 254365106176.00 
254456791040.00 254550376448.00 254643388416.00 254736236544.00 254828429312.00 254921162752.00 255014338560.00 255108022272.00 255199838208.00 255292506112.00 255368019968.00 255478693888.00 255568871424.00 255663816704.00 255756582912.00 255848841216.00 255941902336.00 256035012608.00 256127614976.00 256220643328.00 
256310542336.00 256405635072.00 256498909184.00 256591380480.00 256683556864.00 256776437760.00 256869449728.00 256962543616.00 257053655040.00 257145929728.00 257240760320.00 257333755904.00 257426358272.00 257518583808.00 257611546624.00 257702821888.00 257796997120.00 257890238464.00 257983135744.00 258075983872.00 
258167209984.00 258261270528.00 258353561600.00 258447228928.00 258537504768.00 258631958528.00 258725249024.00 258817130496.00 258911059968.00 259003908096.00 259095347200.00 259189014528.00 259280896000.00 259374465024.00 259466936320.00 259559604224.00 259652452352.00 259745595392.00 259837952000.00 259930177536.00 
259996024832.00 260117463040.00 260209803264.00 260302192640.00 260394696704.00 260487217152.00 260580868096.00 260671569920.00 260765155328.00 260859199488.00 260950884352.00 261044453376.00 261136580608.00 261229854720.00 261322276864.00 261415878656.00 261505908736.00 261601181696.00 261693620224.00 261786173440.00 
261877727232.00 261971460096.00 262064259072.00 262156877824.00 262250070016.00 262341509120.00 262435667968.00 262528253952.00 262620905472.00 262713589760.00 262806093824.00 262899613696.00 262991249408.00 263084851200.00 263177568256.00 263270612992.00 263362953216.00 263455637504.00 263548993536.00 263641579520.00 
263731625984.00 263827423232.00 263919140864.00 264013053952.00 264105050112.00 264198045696.00 264290648064.00 264383774720.00 264474361856.00 264568766464.00 264658665472.00 264754429952.00 264847278080.00 264939995136.00 265032630272.00 265124544512.00 265216442368.00 265298051072.00 265406349312.00 265498034176.00 
265588801536.00 265682927616.00 265775382528.00 265867821056.00 265960062976.00 266053402624.00 266146643968.00 266239361024.00 266332012544.00 266424598528.00 266517135360.00 266610507776.00 266702831616.00 266795450368.00 266888134656.00 266972413952.00 267073667072.00 267166416896.00 267259232256.00 267352358912.00 
267433902080.00 267537629184.00 267630542848.00 267723145216.00 267815731200.00 267908284416.00 268001361920.00 268094521344.00 268186189824.00 268282413056.00 268372279296.00 268465700864.00 268557942784.00 268651053056.00 268743606272.00 268836208640.00 268928204800.00 269022019584.00 269115179008.00 269207552000.00 
269293469696.00 269393248256.00 269486309376.00 269578420224.00 269670727680.00 269764018176.00 269857030144.00 269949599744.00 270041612288.00 270126710784.00 270228144128.00 270322106368.00 270411792384.00 270506377216.00 270599110656.00 270691614720.00 270784413696.00 270877491200.00 270969700352.00 271063826432.00 
271152840704.00 271248424960.00 271341387776.00 271432351744.00 271526658048.00 271617622016.00 271712075776.00 271805104128.00 271896821760.00 271990276096.00 272082534400.00 272175759360.00 272268656640.00 272360390656.00 272454877184.00 272547004416.00 272639459328.00 272732930048.00 272825090048.00 272918429696.00 
273009606656.00 273103142912.00 273196482560.00 273288904704.00 273379803136.00 273474207744.00 273567285248.00 273659756544.00 273753161728.00 273846026240.00 273935187968.00 274031132672.00 274123505664.00 274216550400.00 274309808128.00 274402312192.00 274494783488.00 274588205056.00 274681217024.00 274773393408.00 
274860851200.00 274958483456.00 275051511808.00 275147849728.00 275237273600.00 275329875968.00 275422904320.00 275515244544.00 275608338432.00 275700776960.00 275793051648.00 275886473216.00 275979304960.00 276072660992.00 276164542464.00 276255801344.00 276348010496.00 276443332608.00 276536360960.00 276628733952.00 
276720123904.00 276814266368.00 276906934272.00 276999372800.00 277091844096.00 277184544768.00 277278031872.00 277370765312.00 277463597056.00 277555085312.00 277648146432.00 277742387200.00 277833220096.00 277926281216.00 278019047424.00 278112010240.00 278204055552.00 278296756224.00 278388768768.00 278478422016.00 
278507159552.00 278675587072.00 278765273088.00 278856859648.00 278949298176.00 279041540096.00 279134109696.00 279227138048.00 279317774336.00 279412277248.00 279504322560.00 279597842432.00 279690477568.00 279784423424.00 279875944448.00 279968350208.00 280061083648.00 280154079232.00 280246976512.00 280339873792.00 
280431394816.00 280525701120.00 280617943040.00 280710873088.00 280802492416.00 280894767104.00 280988909568.00 281079185408.00 281174310912.00 281267470336.00 281359253504.00 281453232128.00 281545015296.00 281638404096.00 281730678784.00 281823739904.00 281916178432.00 282008748032.00 282102759424.00 282194706432.00 
282276626432.00 282380402688.00 282472873984.00 282566098944.00 282658471936.00 282751041536.00 282843971584.00 282936836096.00 283029733376.00 283122728960.00 283211825152.00 283308326912.00 283400667136.00 283493400576.00 283586232320.00 283678801920.00 283770912768.00 283864530944.00 283957067776.00 284051931136.00 
284141715456.00 284236185600.00 284328296448.00 284421259264.00 284513796096.00 284607021056.00 284699426816.00 284792651776.00 284885155840.00 284978118656.00 285070131200.00 285163388928.00 285253795840.00 285348888576.00 285441294336.00 285532487680.00 285626400768.00 285726867456.00 285813243904.00 285905879040.00 
285995630592.00 286091149312.00 286184374272.00 286276747264.00 286369382400.00 286462214144.00 286555045888.00 286647681024.00 286739529728.00 286833213440.00 286925062144.00 287020810240.00 287111544832.00 287204114432.00 287296815104.00 287389646848.00 287482118144.00 287575670784.00 287667683328.00 287760809984.00 
287847088128.00 287946211328.00 288038027264.00 288132005888.00 288222576640.00 288317112320.00 288409583616.00 288502743040.00 288595181568.00 288687325184.00 288779272192.00 288863584256.00 288967163904.00 289059995648.00 289152303104.00 289245003776.00 289337901056.00 289430536192.00 289523400704.00 289616330752.00 
289703493632.00 289801699328.00 289895448576.00 289987624960.00 290079834112.00 290164244480.00 290265366528.00 290358624256.00 290450636800.00 290544025600.00 290635513856.00 290729721856.00 290821996544.00 290914664448.00 291007037440.00 291099508736.00 291191390208.00 291285958656.00 291378724864.00 291471360000.00 
291562913792.00 291657023488.00 291749429248.00 291845865472.00 291935289344.00 292027957248.00 292120625152.00 292213719040.00 292306124800.00 292399939584.00 292488445952.00 292584783872.00 292676468736.00 292770414592.00 292862787584.00 292955586560.00 293048549376.00 293141151744.00 293236244480.00 293326913536.00 
293416894464.00 293512347648.00 293604950016.00 293697978368.00 293790154752.00 293883019264.00 293975949312.00 294069305344.00 294159548416.00 294254510080.00 294346588160.00 294439944192.00 294532546560.00 294626066432.00 294718636032.00 294809305088.00 294902628352.00 294996475904.00 295088750592.00 295182303232.00 
295273562112.00 295367475200.00 295459782656.00 295553040384.00 295644463104.00 295738114048.00 295831142400.00 295924596736.00 296016543744.00 296108916736.00 296201650176.00 296293859328.00 296387510272.00 296480669696.00 296573009920.00 296664989696.00 296757919744.00 296850620416.00 296943222784.00 297033629696.00 
297074524160.00 297226534912.00 297317335040.00 297409576960.00 297501982720.00 297594388480.00 297687613440.00 297780379648.00 297872162816.00 297965486080.00 298057498624.00 298150887424.00 298243194880.00 298336354304.00 298429120512.00 298521919488.00 298613637120.00 298707648512.00 298799988736.00 298893148160.00 
298984472576.00 299078516736.00 299170594816.00 299264049152.00 299356291072.00 299448008704.00 299542708224.00 299635081216.00 299727486976.00 299820580864.00 299912822784.00 300006637568.00 300096749568.00 300191907840.00 300283428864.00 300376883200.00 300469321728.00 300562776064.00 300653150208.00 300748439552.00 
300838027264.00 300933611520.00 301026312192.00 301118717952.00 301211910144.00 301304283136.00 301397213184.00 301489979392.00 301581828096.00 301675544576.00 301751468032.00 301862289408.00 301953875968.00 302046642176.00 302139572224.00 302232010752.00 302324449280.00 302417772544.00 302510309376.00 302602780672.00 
302694727680.00 302789296128.00 302881439744.00 302974238720.00 303065202688.00 303159508992.00 303252373504.00 303345270784.00 303438299136.00 303530901504.00 303623471104.00 303716532224.00 303808348160.00 303905177600.00 303995453440.00 304086089728.00 304180297728.00 304273031168.00 304365993984.00 304458596352.00 
304545628160.00 304644489216.00 304735911936.00 304829366272.00 304922230784.00 305014996992.00 305108287488.00 305200824320.00 305293131776.00 305386389504.00 305478598656.00 305572020224.00 305664163840.00 305757126656.00 305847205888.00 305943085056.00 306033557504.00 306128715776.00 306220892160.00 306314248192.00 
306399903744.00 306499977216.00 306592022528.00 306684723200.00 306776801280.00 306870255616.00 306963251200.00 307056410624.00 307149144064.00 307241353216.00 307333431296.00 307427016704.00 307518734336.00 307612516352.00 307704954880.00 307797688320.00 307890749440.00 307983187968.00 308076249088.00 308168785920.00 
308259028992.00 308355006464.00 308446658560.00 308539752448.00 308632748032.00 308723974144.00 308818051072.00 308910850048.00 309001781248.00 309096185856.00 309188198400.00 309281423360.00 309373501440.00 309460500480.00 309564801024.00 309655011328.00 309746827264.00 309839790080.00 309932392448.00 310024798208.00 
310116286464.00 310211248128.00 310303457280.00 310395895808.00 310487154688.00 310580805632.00 310674096128.00 310767222784.00 310859300864.00 310952787968.00 311041589248.00 311137927168.00 311230332928.00 311323721728.00 311415603200.00 311509155840.00 311601364992.00 311694557184.00 311786700800.00 311880286208.00 
311961616384.00 312065949696.00 312158322688.00 312251285504.00 312343658496.00 312435671040.00 312529158144.00 312621727744.00 312714002432.00 312808210432.00 312899928064.00 312993513472.00 313086083072.00 313178816512.00 313271386112.00 313355337728.00 313455738880.00 313549553664.00 313642909696.00 313736003584.00 
313826541568.00 313921044480.00 314013417472.00 314105724928.00 314197475328.00 314293321728.00 314384973824.00 314476986368.00 314570145792.00 314663436288.00 314755186688.00 314847952896.00 314938949632.00 315034796032.00 315127824384.00 315219148800.00 315312013312.00 315404812288.00 315497971712.00 315590574080.00 
315669413888.00 315776270336.00 315868938240.00 315962523648.00 316054175744.00 316146974720.00 316240003072.00 316332376064.00 316424421376.00 316518563840.00 316610609152.00 316703604736.00 316796567552.00 316889169920.00 316981379072.00 317074604032.00 317166845952.00 317259939840.00 317353000960.00 317446062080.00 
317537157120.00 317631070208.00 317724229632.00 317816832000.00 317907206144.00 318000660480.00 318094540800.00 318186979328.00 318277484544.00 318377984000.00 318466818048.00 318559879168.00 318651924480.00 318745182208.00 318837719040.00 318930255872.00 319022956544.00 319115853824.00 319208456192.00 319301353472.00 
319389171712.00 319487016960.00 319579586560.00 319672057856.00 319764627456.00 319857623040.00 319950389248.00 320042893312.00 320135397376.00 320229081088.00 320318242816.00 320416120832.00 320506462208.00 320600473600.00 320692289536.00 320785842176.00 320876118016.00 320971276288.00 321063813120.00 321156415488.00 
321248133120.00 321342406656.00 321435238400.00 321527545856.00 321619722240.00 321712979968.00 321805123584.00 321899659264.00 321991409664.00 322084339712.00 322176614400.00 322269708288.00 322361458688.00 322454880256.00 322548006912.00 322638872576.00 322733244416.00 322826633216.00 322918252544.00 323012100096.00 
323101982720.00 323197632512.00 323289481216.00 323383656448.00 323476127744.00 323568140288.00 323661365248.00 323753967616.00 323844145152.00 323939696640.00 324031610880.00 324125491200.00 324217470976.00 324310695936.00 324403363840.00 324495409152.00 324588175360.00 324680712192.00 324773937152.00 324865785856.00 
324924801024.00 325054201856.00 325146116096.00 325238915072.00 325329977344.00 325423824896.00 325516591104.00 325609521152.00 325702221824.00 325795151872.00 325887033344.00 325979996160.00 326072205312.00 326166085632.00 326257901568.00 326350831616.00 326444318720.00 326537150464.00 326629687296.00 326722519040.00 
326804111360.00 326908149760.00 327000588288.00 327093780480.00 327186350080.00 327277805568.00 327371653120.00 327464878080.00 327556825088.00 327649853440.00 327742652416.00 327835811840.00 327928053760.00 328021966848.00 328114143232.00 328207302656.00 328298561536.00 328391852032.00 328484880384.00 328577974272.00 
328668905472.00 328765014016.00 328856043520.00 328949465088.00 329041281024.00 329134407680.00 329226846208.00 329319907328.00 329412542464.00 329505472512.00 329594896384.00 329690415104.00 329781215232.00 329876111360.00 329968418816.00 330059513856.00 330157457408.00 330248192000.00 330340466688.00 330433036288.00 
330523082752.00 330619191296.00 330711433216.00 330804035584.00 330896769024.00 330989469696.00 331082596352.00 331175297024.00 331267244032.00 331360698368.00 331452710912.00 331546165248.00 331639324672.00 331732123648.00 331824496640.00 331915689984.00 332009701376.00 332102893568.00 332195561472.00 332293046272.00 
332380307456.00 332474023936.00 332566364160.00 332659654656.00 332749963264.00 332844859392.00 332937134080.00 333030817792.00 333123158016.00 333215891456.00 333308264448.00 333401227264.00 333494124544.00 333586857984.00 333679689728.00 333772292096.00 333865123840.00 333958479872.00 334050951168.00 334143520768.00 
334208827392.00 334330855424.00 334422507520.00 334514978816.00 334607581184.00 334700445696.00 334793048064.00 334885978112.00 334978547712.00 335071477760.00 335163850752.00 335256879104.00 335349350400.00 335443460096.00 335535439872.00 335628042240.00 335718481920.00 335812886528.00 335906144256.00 335994683392.00 
336090857472.00 336184868864.00 336277340160.00 336370171904.00 336462217216.00 336547119104.00 336648273920.00 336741302272.00 336833904640.00 336926900224.00 337018519552.00 337112629248.00 337203724288.00 337297571840.00 337390436352.00 337482678272.00 337573773312.00 337670307840.00 337762025472.00 337854758912.00 
337945165824.00 338039406592.00 338132598784.00 338225430528.00 338318000128.00 338410831872.00 338503827456.00 338595151872.00 338687295488.00 338781831168.00 338871189504.00 338967166976.00 339058851840.00 339153518592.00 339245760512.00 339337805824.00 339431063552.00 339524091904.00 339616858112.00 339709624320.00 
339801309184.00 339893780480.00 339988283392.00 340080099328.00 340172111872.00 340265861120.00 340357808128.00 340453752832.00 340545011712.00 340637974528.00 340729561088.00 340823244800.00 340914831360.00 341008613376.00 341101445120.00 341192278016.00 341286486016.00 341379547136.00 341472215040.00 341565145088.00 
341646835712.00 341751005184.00 341843017728.00 341936111616.00 342028222464.00 342121316352.00 342214180864.00 342307176448.00 342399811584.00 342492479488.00 342584655872.00 342678208512.00 342768648192.00 342864232448.00 342957260800.00 343048912896.00 343141285888.00 343235723264.00 343327539200.00 343420207104.00 
343506288640.00 343605903360.00 343698571264.00 343791304704.00 343884038144.00 343976673280.00 344070094848.00 344162238464.00 344254873600.00 344348065792.00 344439848960.00 344533270528.00 344623808512.00 344718704640.00 344810389504.00 344905220096.00 344997167104.00 345090260992.00 345182666752.00 345275531264.00 
345365610496.00 345461850112.00 345553666048.00 345646628864.00 345738510336.00 345830621184.00 345924108288.00 346017562624.00 346109542400.00 346203586560.00 346295205888.00 346388529152.00 346481033216.00 346573307904.00 346667253760.00 346759593984.00 346852392960.00 346945781760.00 347037958144.00 347130855424.00 
347222212608.00 347315961856.00 347410497536.00 347501821952.00 347592622080.00 347687321600.00 347779694592.00 347872952320.00 347965358080.00 348058157056.00 348134146048.00 348244410368.00 348336291840.00 348430008320.00 348522446848.00 348614623232.00 348707782656.00 348800516096.00 348893675520.00 348985688064.00 
349073408000.00 349171908608.00 349264314368.00 349357113344.00 349449289728.00 349543202816.00 349635969024.00 349729325056.00 349821075456.00 349913907200.00 350005657600.00 350099505152.00 350191714304.00 350284808192.00 350377443328.00 350468571136.00 350561304576.00 350655184896.00 350750081024.00 350841274368.00 
350933188608.00 351027429376.00 351119671296.00 351212535808.00 351305039872.00 351398363136.00 351490244608.00 351583567872.00 351675875328.00 351768641536.00 351862030336.00 351954403328.00 352046678016.00 352140197888.00 352233095168.00 352325697536.00 352418299904.00 352510836736.00 352604356608.00 352697057280.00 
352775438336.00 352882655232.00 352975290368.00 353067925504.00 353160921088.00 353253392384.00 353345830912.00 353438990336.00 353529593856.00 353624064000.00 353717125120.00 353809563648.00 353902690304.00 353995489280.00 354089730048.00 354180857856.00 354273689600.00 354366881792.00 354458206208.00 354551758848.00 
354643738624.00 354737946624.00 354830123008.00 354922364928.00 355015000064.00 355107209216.00 355199713280.00 355294543872.00 355386884096.00 355479322624.00 355571957760.00 355666198528.00 355757162496.00 355850452992.00 355944136704.00 356035788800.00 356128423936.00 356221943808.00 356314611712.00 356406657024.00 
356489297920.00 356593008640.00 356685316096.00 356778606592.00 356871012352.00 356963942400.00 357055922176.00 357150031872.00 357241651200.00 357334843392.00 357424431104.00 357520474112.00 357614026752.00 357706170368.00 357798117376.00 357891473408.00 357982797824.00 358076547072.00 358170165248.00 358262865920.00 
358353862656.00 358447972352.00 358538969088.00 358633406464.00 358726041600.00 358819233792.00 358911705088.00 359005093888.00 359097401344.00 359190200320.00 359282114560.00 359378747392.00 359466008576.00 359559987200.00 359653507072.00 359738638336.00 359839531008.00 359932231680.00 360025030656.00 360117927936.00 
360207679488.00 360302903296.00 360395669504.00 360489418752.00 360581562368.00 360674033664.00 360767291392.00 360859074560.00 360951513088.00 361045753856.00 361137537024.00 361230565376.00 361324019712.00 361416523776.00 361509421056.00 361601925120.00 361694265344.00 361788014592.00 361880256512.00 361972891648.00 
362058711040.00 362158915584.00 362251190272.00 362343432192.00 362434494464.00 362529652736.00 362622418944.00 362716758016.00 362807361536.00 362900258816.00 362992402432.00 363085692928.00 363178360832.00 363270668288.00 363364777984.00 363456921600.00 363550146560.00 363642388480.00 363735252992.00 363827429376.00 
363915640832.00 364013322240.00 364106448896.00 364198559744.00 364291784704.00 364383043584.00 364477677568.00 364569821184.00 364662554624.00 364755550208.00 364847562752.00 364941082624.00 365033553920.00 365126680576.00 365219282944.00 365311787008.00 365402849280.00 365497319424.00 365590740992.00 365683408896.00 
365774667776.00 365868122112.00 365960855552.00 366053720064.00 366146191360.00 366239252480.00 366332542976.00 366425112576.00 366517125120.00 366609891328.00 366699577344.00 366796046336.00 366887600128.00 366981349376.00 367072772096.00 367166423040.00 367259123712.00 367352774656.00 367444819968.00 367537324032.00 
367627337728.00 367722954752.00 367816015872.00 367908388864.00 368000958464.00 368093560832.00 368186589184.00 368278863872.00 368369958912.00 368464920576.00 368556638208.00 368649437184.00 368742400000.00 368835264512.00 368927834112.00 369018765312.00 369112023040.00 369206001664.00 369298210816.00 369389862912.00 
369481809920.00 369576050688.00 369668456448.00 369760567296.00 369852350464.00 369945575424.00 370037096448.00 370130485248.00 370222497792.00 370314313728.00 370405769216.00 370497912832.00 370589237248.00 370680627200.00 370771492864.00 370860425216.00 370949324800.00 371034390528.00 371111624704.00 371157893120.00 
end   dump: w
==END   DUMP_ARRAYS==
Time in seconds = 0.062004
