Sender: LSF System <lsfadmin@polus-c2-ib.bmc.hpc.cs.msu.ru>
Subject: Job 494145: <./extra.o> in cluster <MSUCluster> Done

Job <./extra.o> was submitted from host <polus-ib.bmc.hpc.cs.msu.ru> by user <edu-cmc-skpod19-328-11> in cluster <MSUCluster> at Fri Nov 29 23:41:33 2019
Job was executed on host(s) <2*polus-c2-ib.bmc.hpc.cs.msu.ru>, in queue <short>, as user <edu-cmc-skpod19-328-11> in cluster <MSUCluster> at Fri Nov 29 23:41:50 2019
</home_edu/edu-cmc-skpod19-328/edu-cmc-skpod19-328-11> was used as the home directory.
</home_edu/edu-cmc-skpod19-328/edu-cmc-skpod19-328-11/dep_gemver> was used as the working directory.
Started at Fri Nov 29 23:41:50 2019
Terminated at Fri Nov 29 23:41:51 2019
Results reported at Fri Nov 29 23:41:51 2019

Your job looked like:

------------------------------------------------------------
# LSBATCH: User input
./extra.o
------------------------------------------------------------

Successfully completed.

Resource usage summary:

    CPU time :                                   12.26 sec.
    Max Memory :                                 12 MB
    Average Memory :                             9.33 MB
    Total Requested Memory :                     -
    Delta Memory :                               -
    Max Swap :                                   -
    Max Processes :                              3
    Max Threads :                                4
    Run time :                                   2 sec.
    Turnaround time :                            18 sec.

The output (if any) follows:

==BEGIN DUMP_ARRAYS==
begin dump: w
0.00 0.00 0.00 0.00 0.00 0.00 0.00 0.00 0.00 0.00 0.00 0.00 0.00 0.00 0.00 0.00 0.00 0.00 0.00 0.00 
0.00 0.00 0.00 0.00 0.00 0.00 0.00 0.00 0.00 0.00 0.00 0.00 0.00 0.00 0.00 0.00 0.00 0.00 0.00 0.00 
0.00 0.00 0.00 0.00 0.00 0.00 0.00 0.00 0.00 0.00 0.00 0.00 0.00 0.00 0.00 0.00 0.00 0.00 0.00 0.00 
0.00 0.00 0.00 0.00 0.00 0.00 0.00 0.00 0.00 0.00 0.00 0.00 0.00 0.00 0.00 0.00 0.00 0.00 0.00 0.00 
0.00 0.00 0.00 0.00 0.00 0.00 0.00 0.00 0.00 0.00 0.00 0.00 0.00 0.00 0.00 0.00 0.00 0.00 0.00 0.00 
0.00 0.00 0.00 0.00 0.00 0.00 0.00 0.00 0.00 0.00 0.00 0.00 0.00 0.00 0.00 0.00 0.00 0.00 0.00 0.00 
0.00 0.00 0.00 0.00 0.00 0.00 0.00 0.00 0.00 0.00 0.00 0.00 0.00 0.00 0.00 0.00 0.00 0.00 0.00 0.00 
0.00 0.00 0.00 0.00 0.00 0.00 0.00 0.00 0.00 0.00 0.00 0.00 0.00 0.00 0.00 0.00 0.00 0.00 0.00 0.00 
0.00 0.00 0.00 0.00 0.00 0.00 0.00 0.00 0.00 0.00 0.00 0.00 0.00 0.00 0.00 0.00 0.00 0.00 0.00 0.00 
0.00 0.00 0.00 0.00 0.00 0.00 0.00 0.00 0.00 0.00 0.00 0.00 0.00 0.00 0.00 0.00 0.00 0.00 0.00 0.00 
0.00 0.00 0.00 0.00 0.00 0.00 0.00 0.00 0.00 0.00 0.00 0.00 0.00 0.00 0.00 0.00 0.00 0.00 0.00 0.00 
0.00 0.00 0.00 0.00 0.00 0.00 0.00 0.00 0.00 0.00 0.00 0.00 0.00 0.00 0.00 0.00 0.00 0.00 0.00 0.00 
0.00 0.00 0.00 0.00 0.00 0.00 0.00 0.00 0.00 0.00 0.00 0.00 0.00 0.00 0.00 0.00 0.00 0.00 0.00 0.00 
0.00 0.00 0.00 0.00 0.00 0.00 0.00 0.00 0.00 0.00 0.00 0.00 0.00 0.00 0.00 0.00 0.00 0.00 0.00 0.00 
0.00 0.00 0.00 0.00 0.00 0.00 0.00 0.00 0.00 0.00 0.00 0.00 0.00 0.00 0.00 0.00 0.00 0.00 0.00 0.00 
0.00 0.00 0.00 0.00 0.00 0.00 0.00 0.00 0.00 0.00 0.00 0.00 0.00 0.00 0.00 0.00 0.00 0.00 0.00 0.00 
0.00 0.00 0.00 0.00 0.00 0.00 0.00 0.00 0.00 0.00 0.00 0.00 0.00 0.00 0.00 0.00 0.00 0.00 0.00 0.00 
0.00 0.00 0.00 0.00 0.00 0.00 0.00 0.00 0.00 0.00 0.00 0.00 0.00 0.00 0.00 0.00 0.00 0.00 0.00 0.00 
0.00 0.00 0.00 0.00 0.00 0.00 0.00 0.00 0.00 0.00 0.00 0.00 0.00 0.00 0.00 0.00 0.00 0.00 0.00 0.00 
0.00 0.00 0.00 0.00 0.00 0.00 0.00 0.00 0.00 0.00 0.00 0.00 0.00 0.00 0.00 0.00 0.00 0.00 0.00 0.00 
0.00 0.00 0.00 0.00 0.00 0.00 0.00 0.00 0.00 0.00 0.00 0.00 0.00 0.00 0.00 0.00 0.00 0.00 0.00 0.00 
0.00 0.00 0.00 0.00 0.00 0.00 0.00 0.00 0.00 0.00 0.00 0.00 0.00 0.00 0.00 0.00 0.00 0.00 0.00 0.00 
0.00 0.00 0.00 0.00 0.00 0.00 0.00 0.00 0.00 0.00 0.00 0.00 0.00 0.00 0.00 0.00 0.00 0.00 0.00 0.00 
0.00 0.00 0.00 0.00 0.00 0.00 0.00 0.00 0.00 0.00 0.00 0.00 0.00 0.00 0.00 0.00 0.00 0.00 0.00 0.00 
0.00 0.00 0.00 0.00 0.00 0.00 0.00 0.00 0.00 0.00 0.00 0.00 0.00 0.00 0.00 0.00 0.00 0.00 0.00 0.00 
0.00 0.00 0.00 0.00 0.00 0.00 0.00 0.00 0.00 0.00 0.00 0.00 0.00 0.00 0.00 0.00 0.00 0.00 0.00 0.00 
0.00 0.00 0.00 0.00 0.00 0.00 0.00 0.00 0.00 0.00 0.00 0.00 0.00 0.00 0.00 0.00 0.00 0.00 0.00 0.00 
0.00 0.00 0.00 0.00 0.00 0.00 0.00 0.00 0.00 0.00 0.00 0.00 0.00 0.00 0.00 0.00 0.00 0.00 0.00 0.00 
0.00 0.00 0.00 0.00 0.00 0.00 0.00 0.00 0.00 0.00 0.00 0.00 0.00 0.00 0.00 0.00 0.00 0.00 0.00 0.00 
0.00 0.00 0.00 0.00 0.00 0.00 0.00 0.00 0.00 0.00 0.00 0.00 0.00 0.00 0.00 0.00 0.00 0.00 0.00 0.00 
0.00 0.00 0.00 0.00 0.00 0.00 0.00 0.00 0.00 0.00 0.00 0.00 0.00 0.00 0.00 0.00 0.00 0.00 0.00 0.00 
0.00 0.00 0.00 0.00 0.00 0.00 0.00 0.00 0.00 0.00 0.00 0.00 0.00 0.00 0.00 0.00 0.00 0.00 0.00 0.00 
0.00 0.00 0.00 0.00 0.00 0.00 0.00 0.00 0.00 0.00 0.00 0.00 0.00 0.00 0.00 0.00 0.00 0.00 0.00 0.00 
0.00 0.00 0.00 0.00 0.00 0.00 0.00 0.00 0.00 0.00 0.00 0.00 0.00 0.00 0.00 0.00 0.00 0.00 0.00 0.00 
0.00 0.00 0.00 0.00 0.00 0.00 0.00 0.00 0.00 0.00 0.00 0.00 0.00 0.00 0.00 0.00 0.00 0.00 0.00 0.00 
0.00 0.00 0.00 0.00 0.00 0.00 0.00 0.00 0.00 0.00 0.00 0.00 0.00 0.00 0.00 0.00 0.00 0.00 0.00 0.00 
0.00 0.00 0.00 0.00 0.00 0.00 0.00 0.00 0.00 0.00 0.00 0.00 0.00 0.00 0.00 0.00 0.00 0.00 0.00 0.00 
0.00 0.00 0.00 0.00 0.00 0.00 0.00 0.00 0.00 0.00 0.00 0.00 0.00 0.00 0.00 0.00 0.00 0.00 0.00 0.00 
0.00 0.00 0.00 0.00 0.00 0.00 0.00 0.00 0.00 0.00 0.00 0.00 0.00 0.00 0.00 0.00 0.00 0.00 0.00 0.00 
0.00 0.00 0.00 0.00 0.00 0.00 0.00 0.00 0.00 0.00 0.00 0.00 0.00 0.00 0.00 0.00 0.00 0.00 0.00 0.00 
0.00 0.00 0.00 0.00 0.00 0.00 0.00 0.00 0.00 0.00 0.00 0.00 0.00 0.00 0.00 0.00 0.00 0.00 0.00 0.00 
0.00 0.00 0.00 0.00 0.00 0.00 0.00 0.00 0.00 0.00 0.00 0.00 0.00 0.00 0.00 0.00 0.00 0.00 0.00 0.00 
0.00 0.00 0.00 0.00 0.00 0.00 0.00 0.00 0.00 0.00 0.00 0.00 0.00 0.00 0.00 0.00 0.00 0.00 0.00 0.00 
0.00 0.00 0.00 0.00 0.00 0.00 0.00 0.00 0.00 0.00 0.00 0.00 0.00 0.00 0.00 0.00 0.00 0.00 0.00 0.00 
0.00 0.00 0.00 0.00 0.00 0.00 0.00 0.00 0.00 0.00 0.00 0.00 0.00 0.00 0.00 0.00 0.00 0.00 0.00 0.00 
0.00 0.00 0.00 0.00 0.00 0.00 0.00 0.00 0.00 0.00 0.00 0.00 0.00 0.00 0.00 0.00 0.00 0.00 0.00 0.00 
0.00 0.00 0.00 0.00 0.00 0.00 0.00 0.00 0.00 0.00 0.00 0.00 0.00 0.00 0.00 0.00 0.00 0.00 0.00 0.00 
0.00 0.00 0.00 0.00 0.00 0.00 0.00 0.00 0.00 0.00 0.00 0.00 0.00 0.00 0.00 0.00 0.00 0.00 0.00 0.00 
0.00 0.00 0.00 0.00 0.00 0.00 0.00 0.00 0.00 0.00 0.00 0.00 0.00 0.00 0.00 0.00 0.00 0.00 0.00 0.00 
0.00 0.00 0.00 0.00 0.00 0.00 0.00 0.00 0.00 0.00 0.00 0.00 0.00 0.00 0.00 0.00 0.00 0.00 0.00 0.00 
0.00 0.00 0.00 0.00 0.00 0.00 0.00 0.00 0.00 0.00 0.00 0.00 0.00 0.00 0.00 0.00 0.00 0.00 0.00 0.00 
0.00 0.00 0.00 0.00 0.00 0.00 0.00 0.00 0.00 0.00 0.00 0.00 0.00 0.00 0.00 0.00 0.00 0.00 0.00 0.00 
0.00 0.00 0.00 0.00 0.00 0.00 0.00 0.00 0.00 0.00 0.00 0.00 0.00 0.00 0.00 0.00 0.00 0.00 0.00 0.00 
0.00 0.00 0.00 0.00 0.00 0.00 0.00 0.00 0.00 0.00 0.00 0.00 0.00 0.00 0.00 0.00 0.00 0.00 0.00 0.00 
0.00 0.00 0.00 0.00 0.00 0.00 0.00 0.00 0.00 0.00 0.00 0.00 0.00 0.00 0.00 0.00 0.00 0.00 0.00 0.00 
0.00 0.00 0.00 0.00 0.00 0.00 0.00 0.00 0.00 0.00 0.00 0.00 0.00 0.00 0.00 0.00 0.00 0.00 0.00 0.00 
0.00 0.00 0.00 0.00 0.00 0.00 0.00 0.00 0.00 0.00 0.00 0.00 0.00 0.00 0.00 0.00 0.00 0.00 0.00 0.00 
0.00 0.00 0.00 0.00 0.00 0.00 0.00 0.00 0.00 0.00 0.00 0.00 0.00 0.00 0.00 0.00 0.00 0.00 0.00 0.00 
0.00 0.00 0.00 0.00 0.00 0.00 0.00 0.00 0.00 0.00 0.00 0.00 0.00 0.00 0.00 0.00 0.00 0.00 0.00 0.00 
0.00 0.00 0.00 0.00 0.00 0.00 0.00 0.00 0.00 0.00 0.00 0.00 0.00 0.00 0.00 0.00 0.00 0.00 0.00 0.00 
0.00 0.00 0.00 0.00 0.00 0.00 0.00 0.00 0.00 0.00 0.00 0.00 0.00 0.00 0.00 0.00 0.00 0.00 0.00 0.00 
0.00 0.00 0.00 0.00 0.00 0.00 0.00 0.00 0.00 0.00 0.00 0.00 0.00 0.00 0.00 0.00 0.00 0.00 0.00 0.00 
0.00 0.00 0.00 0.00 0.00 0.00 0.00 0.00 0.00 0.00 0.00 0.00 0.00 0.00 0.00 0.00 0.00 0.00 0.00 0.00 
0.00 0.00 0.00 0.00 0.00 0.00 0.00 0.00 0.00 0.00 0.00 0.00 0.00 0.00 0.00 0.00 0.00 0.00 0.00 0.00 
0.00 0.00 0.00 0.00 0.00 0.00 0.00 0.00 0.00 0.00 0.00 0.00 0.00 0.00 0.00 0.00 0.00 0.00 0.00 0.00 
0.00 0.00 0.00 0.00 0.00 0.00 0.00 0.00 0.00 0.00 0.00 0.00 0.00 0.00 0.00 0.00 0.00 0.00 0.00 0.00 
0.00 0.00 0.00 0.00 0.00 0.00 0.00 0.00 0.00 0.00 0.00 0.00 0.00 0.00 0.00 0.00 0.00 0.00 0.00 0.00 
0.00 0.00 0.00 0.00 0.00 0.00 0.00 0.00 0.00 0.00 0.00 0.00 0.00 0.00 0.00 0.00 0.00 0.00 0.00 0.00 
0.00 0.00 0.00 0.00 0.00 0.00 0.00 0.00 0.00 0.00 0.00 0.00 0.00 0.00 0.00 0.00 0.00 0.00 0.00 0.00 
0.00 0.00 0.00 0.00 0.00 0.00 0.00 0.00 0.00 0.00 0.00 0.00 0.00 0.00 0.00 0.00 0.00 0.00 0.00 0.00 
0.00 0.00 0.00 0.00 0.00 0.00 0.00 0.00 0.00 0.00 0.00 0.00 0.00 0.00 0.00 0.00 0.00 0.00 0.00 0.00 
0.00 0.00 0.00 0.00 0.00 0.00 0.00 0.00 0.00 0.00 0.00 0.00 0.00 0.00 0.00 0.00 0.00 0.00 0.00 0.00 
0.00 0.00 0.00 0.00 0.00 0.00 0.00 0.00 0.00 0.00 0.00 0.00 0.00 0.00 0.00 0.00 0.00 0.00 0.00 0.00 
0.00 0.00 0.00 0.00 0.00 0.00 0.00 0.00 0.00 0.00 0.00 0.00 0.00 0.00 0.00 0.00 0.00 0.00 0.00 0.00 
0.00 0.00 0.00 0.00 0.00 0.00 0.00 0.00 0.00 0.00 0.00 0.00 0.00 0.00 0.00 0.00 0.00 0.00 0.00 0.00 
0.00 0.00 0.00 0.00 0.00 0.00 0.00 0.00 0.00 0.00 0.00 0.00 0.00 0.00 0.00 0.00 0.00 0.00 0.00 0.00 
0.00 0.00 0.00 0.00 0.00 0.00 0.00 0.00 0.00 0.00 0.00 0.00 0.00 0.00 0.00 0.00 0.00 0.00 0.00 0.00 
0.00 0.00 0.00 0.00 0.00 0.00 0.00 0.00 0.00 0.00 0.00 0.00 0.00 0.00 0.00 0.00 0.00 0.00 0.00 0.00 
0.00 0.00 0.00 0.00 0.00 0.00 0.00 0.00 0.00 0.00 0.00 0.00 0.00 0.00 0.00 0.00 0.00 0.00 0.00 0.00 
0.00 0.00 0.00 0.00 0.00 0.00 0.00 0.00 0.00 0.00 0.00 0.00 0.00 0.00 0.00 0.00 0.00 0.00 0.00 0.00 
0.00 0.00 0.00 0.00 0.00 0.00 0.00 0.00 0.00 0.00 0.00 0.00 0.00 0.00 0.00 0.00 0.00 0.00 0.00 0.00 
0.00 0.00 0.00 0.00 0.00 0.00 0.00 0.00 0.00 0.00 0.00 0.00 0.00 0.00 0.00 0.00 0.00 0.00 0.00 0.00 
0.00 0.00 0.00 0.00 0.00 0.00 0.00 0.00 0.00 0.00 0.00 0.00 0.00 0.00 0.00 0.00 0.00 0.00 0.00 0.00 
0.00 0.00 0.00 0.00 0.00 0.00 0.00 0.00 0.00 0.00 0.00 0.00 0.00 0.00 0.00 0.00 0.00 0.00 0.00 0.00 
0.00 0.00 0.00 0.00 0.00 0.00 0.00 0.00 0.00 0.00 0.00 0.00 0.00 0.00 0.00 0.00 0.00 0.00 0.00 0.00 
0.00 0.00 0.00 0.00 0.00 0.00 0.00 0.00 0.00 0.00 0.00 0.00 0.00 0.00 0.00 0.00 0.00 0.00 0.00 0.00 
0.00 0.00 0.00 0.00 0.00 0.00 0.00 0.00 0.00 0.00 0.00 0.00 0.00 0.00 0.00 0.00 0.00 0.00 0.00 0.00 
0.00 0.00 0.00 0.00 0.00 0.00 0.00 0.00 0.00 0.00 0.00 0.00 0.00 0.00 0.00 0.00 0.00 0.00 0.00 0.00 
0.00 0.00 0.00 0.00 0.00 0.00 0.00 0.00 0.00 0.00 0.00 0.00 0.00 0.00 0.00 0.00 0.00 0.00 0.00 0.00 
0.00 0.00 0.00 0.00 0.00 0.00 0.00 0.00 0.00 0.00 0.00 0.00 0.00 0.00 0.00 0.00 0.00 0.00 0.00 0.00 
0.00 0.00 0.00 0.00 0.00 0.00 0.00 0.00 0.00 0.00 0.00 0.00 0.00 0.00 0.00 0.00 0.00 0.00 0.00 0.00 
0.00 0.00 0.00 0.00 0.00 0.00 0.00 0.00 0.00 0.00 0.00 0.00 0.00 0.00 0.00 0.00 0.00 0.00 0.00 0.00 
0.00 0.00 0.00 0.00 0.00 0.00 0.00 0.00 0.00 0.00 0.00 0.00 0.00 0.00 0.00 0.00 0.00 0.00 0.00 0.00 
0.00 0.00 0.00 0.00 0.00 0.00 0.00 0.00 0.00 0.00 0.00 0.00 0.00 0.00 0.00 0.00 0.00 0.00 0.00 0.00 
0.00 0.00 0.00 0.00 0.00 0.00 0.00 0.00 0.00 0.00 0.00 0.00 0.00 0.00 0.00 0.00 0.00 0.00 0.00 0.00 
0.00 0.00 0.00 0.00 0.00 0.00 0.00 0.00 0.00 0.00 0.00 0.00 0.00 0.00 0.00 0.00 0.00 0.00 0.00 0.00 
0.00 0.00 0.00 0.00 0.00 0.00 0.00 0.00 0.00 0.00 0.00 0.00 0.00 0.00 0.00 0.00 0.00 0.00 0.00 0.00 
0.00 0.00 0.00 0.00 0.00 0.00 0.00 0.00 0.00 0.00 0.00 0.00 0.00 0.00 0.00 0.00 0.00 0.00 0.00 0.00 
0.00 0.00 0.00 0.00 0.00 0.00 0.00 0.00 0.00 0.00 0.00 0.00 0.00 0.00 0.00 0.00 0.00 0.00 0.00 0.00 
0.00 0.00 0.00 0.00 0.00 0.00 0.00 0.00 0.00 0.00 0.00 0.00 0.00 0.00 0.00 0.00 0.00 0.00 0.00 0.00 
0.00 0.00 0.00 0.00 0.00 0.00 0.00 0.00 0.00 0.00 0.00 0.00 0.00 0.00 0.00 0.00 0.00 0.00 0.00 0.00 
0.00 0.00 0.00 0.00 0.00 0.00 0.00 0.00 0.00 0.00 0.00 0.00 0.00 0.00 0.00 0.00 0.00 0.00 0.00 0.00 
0.00 0.00 0.00 0.00 0.00 0.00 0.00 0.00 0.00 0.00 0.00 0.00 0.00 0.00 0.00 0.00 0.00 0.00 0.00 0.00 
0.00 0.00 0.00 0.00 0.00 0.00 0.00 0.00 0.00 0.00 0.00 0.00 0.00 0.00 0.00 0.00 0.00 0.00 0.00 0.00 
0.00 0.00 0.00 0.00 0.00 0.00 0.00 0.00 0.00 0.00 0.00 0.00 0.00 0.00 0.00 0.00 0.00 0.00 0.00 0.00 
0.00 0.00 0.00 0.00 0.00 0.00 0.00 0.00 0.00 0.00 0.00 0.00 0.00 0.00 0.00 0.00 0.00 0.00 0.00 0.00 
0.00 0.00 0.00 0.00 0.00 0.00 0.00 0.00 0.00 0.00 0.00 0.00 0.00 0.00 0.00 0.00 0.00 0.00 0.00 0.00 
0.00 0.00 0.00 0.00 0.00 0.00 0.00 0.00 0.00 0.00 0.00 0.00 0.00 0.00 0.00 0.00 0.00 0.00 0.00 0.00 
0.00 0.00 0.00 0.00 0.00 0.00 0.00 0.00 0.00 0.00 0.00 0.00 0.00 0.00 0.00 0.00 0.00 0.00 0.00 0.00 
0.00 0.00 0.00 0.00 0.00 0.00 0.00 0.00 0.00 0.00 0.00 0.00 0.00 0.00 0.00 0.00 0.00 0.00 0.00 0.00 
0.00 0.00 0.00 0.00 0.00 0.00 0.00 0.00 0.00 0.00 0.00 0.00 0.00 0.00 0.00 0.00 0.00 0.00 0.00 0.00 
0.00 0.00 0.00 0.00 0.00 0.00 0.00 0.00 0.00 0.00 0.00 0.00 0.00 0.00 0.00 0.00 0.00 0.00 0.00 0.00 
0.00 0.00 0.00 0.00 0.00 0.00 0.00 0.00 0.00 0.00 0.00 0.00 0.00 0.00 0.00 0.00 0.00 0.00 0.00 0.00 
0.00 0.00 0.00 0.00 0.00 0.00 0.00 0.00 0.00 0.00 0.00 0.00 0.00 0.00 0.00 0.00 0.00 0.00 0.00 0.00 
0.00 0.00 0.00 0.00 0.00 0.00 0.00 0.00 0.00 0.00 0.00 0.00 0.00 0.00 0.00 0.00 0.00 0.00 0.00 0.00 
0.00 0.00 0.00 0.00 0.00 0.00 0.00 0.00 0.00 0.00 0.00 0.00 0.00 0.00 0.00 0.00 0.00 0.00 0.00 0.00 
0.00 0.00 0.00 0.00 0.00 0.00 0.00 0.00 0.00 0.00 0.00 0.00 0.00 0.00 0.00 0.00 0.00 0.00 0.00 0.00 
0.00 0.00 0.00 0.00 0.00 0.00 0.00 0.00 0.00 0.00 0.00 0.00 0.00 0.00 0.00 0.00 0.00 0.00 0.00 0.00 
0.00 0.00 0.00 0.00 0.00 0.00 0.00 0.00 0.00 0.00 0.00 0.00 0.00 0.00 0.00 0.00 0.00 0.00 0.00 0.00 
0.00 0.00 0.00 0.00 0.00 0.00 0.00 0.00 0.00 0.00 0.00 0.00 0.00 0.00 0.00 0.00 0.00 0.00 0.00 0.00 
0.00 0.00 0.00 0.00 0.00 0.00 0.00 0.00 0.00 0.00 0.00 0.00 0.00 0.00 0.00 0.00 0.00 0.00 0.00 0.00 
0.00 0.00 0.00 0.00 0.00 0.00 0.00 0.00 0.00 0.00 0.00 0.00 0.00 0.00 0.00 0.00 0.00 0.00 0.00 0.00 
0.00 0.00 0.00 0.00 0.00 0.00 0.00 0.00 0.00 0.00 0.00 0.00 0.00 0.00 0.00 0.00 0.00 0.00 0.00 0.00 
0.00 0.00 0.00 0.00 0.00 0.00 0.00 0.00 0.00 0.00 0.00 0.00 0.00 0.00 0.00 0.00 0.00 0.00 0.00 0.00 
0.00 0.00 0.00 0.00 0.00 0.00 0.00 0.00 0.00 0.00 0.00 0.00 0.00 0.00 0.00 0.00 0.00 0.00 0.00 0.00 
0.00 0.00 0.00 0.00 0.00 0.00 0.00 0.00 0.00 0.00 0.00 0.00 0.00 0.00 0.00 0.00 0.00 0.00 0.00 0.00 
0.00 0.00 0.00 0.00 0.00 0.00 0.00 0.00 0.00 0.00 0.00 0.00 0.00 0.00 0.00 0.00 0.00 0.00 0.00 0.00 
0.00 0.00 0.00 0.00 0.00 0.00 0.00 0.00 0.00 0.00 0.00 0.00 0.00 0.00 0.00 0.00 0.00 0.00 0.00 0.00 
0.00 0.00 0.00 0.00 0.00 0.00 0.00 0.00 0.00 0.00 0.00 0.00 0.00 0.00 0.00 0.00 0.00 0.00 0.00 0.00 
0.00 0.00 0.00 0.00 0.00 0.00 0.00 0.00 0.00 0.00 0.00 0.00 0.00 0.00 0.00 0.00 0.00 0.00 0.00 0.00 
0.00 0.00 0.00 0.00 0.00 0.00 0.00 0.00 0.00 0.00 0.00 0.00 0.00 0.00 0.00 0.00 0.00 0.00 0.00 0.00 
0.00 0.00 0.00 0.00 0.00 0.00 0.00 0.00 0.00 0.00 0.00 0.00 0.00 0.00 0.00 0.00 0.00 0.00 0.00 0.00 
0.00 0.00 0.00 0.00 0.00 0.00 0.00 0.00 0.00 0.00 0.00 0.00 0.00 0.00 0.00 0.00 0.00 0.00 0.00 0.00 
0.00 0.00 0.00 0.00 0.00 0.00 0.00 0.00 0.00 0.00 0.00 0.00 0.00 0.00 0.00 0.00 0.00 0.00 0.00 0.00 
0.00 0.00 0.00 0.00 0.00 0.00 0.00 0.00 0.00 0.00 0.00 0.00 0.00 0.00 0.00 0.00 0.00 0.00 0.00 0.00 
0.00 0.00 0.00 0.00 0.00 0.00 0.00 0.00 0.00 0.00 0.00 0.00 0.00 0.00 0.00 0.00 0.00 0.00 0.00 0.00 
0.00 0.00 0.00 0.00 0.00 0.00 0.00 0.00 0.00 0.00 0.00 0.00 0.00 0.00 0.00 0.00 0.00 0.00 0.00 0.00 
0.00 0.00 0.00 0.00 0.00 0.00 0.00 0.00 0.00 0.00 0.00 0.00 0.00 0.00 0.00 0.00 0.00 0.00 0.00 0.00 
0.00 0.00 0.00 0.00 0.00 0.00 0.00 0.00 0.00 0.00 0.00 0.00 0.00 0.00 0.00 0.00 0.00 0.00 0.00 0.00 
0.00 0.00 0.00 0.00 0.00 0.00 0.00 0.00 0.00 0.00 0.00 0.00 0.00 0.00 0.00 0.00 0.00 0.00 0.00 0.00 
0.00 0.00 0.00 0.00 0.00 0.00 0.00 0.00 0.00 0.00 0.00 0.00 0.00 0.00 0.00 0.00 0.00 0.00 0.00 0.00 
0.00 0.00 0.00 0.00 0.00 0.00 0.00 0.00 0.00 0.00 0.00 0.00 0.00 0.00 0.00 0.00 0.00 0.00 0.00 0.00 
0.00 0.00 0.00 0.00 0.00 0.00 0.00 0.00 0.00 0.00 0.00 0.00 0.00 0.00 0.00 0.00 0.00 0.00 0.00 0.00 
0.00 0.00 0.00 0.00 0.00 0.00 0.00 0.00 0.00 0.00 0.00 0.00 0.00 0.00 0.00 0.00 0.00 0.00 0.00 0.00 
0.00 0.00 0.00 0.00 0.00 0.00 0.00 0.00 0.00 0.00 0.00 0.00 0.00 0.00 0.00 0.00 0.00 0.00 0.00 0.00 
0.00 0.00 0.00 0.00 0.00 0.00 0.00 0.00 0.00 0.00 0.00 0.00 0.00 0.00 0.00 0.00 0.00 0.00 0.00 0.00 
0.00 0.00 0.00 0.00 0.00 0.00 0.00 0.00 0.00 0.00 0.00 0.00 0.00 0.00 0.00 0.00 0.00 0.00 0.00 0.00 
0.00 0.00 0.00 0.00 0.00 0.00 0.00 0.00 0.00 0.00 0.00 0.00 0.00 0.00 0.00 0.00 0.00 0.00 0.00 0.00 
0.00 0.00 0.00 0.00 0.00 0.00 0.00 0.00 0.00 0.00 0.00 0.00 0.00 0.00 0.00 0.00 0.00 0.00 0.00 0.00 
0.00 0.00 0.00 0.00 0.00 0.00 0.00 0.00 0.00 0.00 0.00 0.00 0.00 0.00 0.00 0.00 0.00 0.00 0.00 0.00 
0.00 0.00 0.00 0.00 0.00 0.00 0.00 0.00 0.00 0.00 0.00 0.00 0.00 0.00 0.00 0.00 0.00 0.00 0.00 0.00 
0.00 0.00 0.00 0.00 0.00 0.00 0.00 0.00 0.00 0.00 0.00 0.00 0.00 0.00 0.00 0.00 0.00 0.00 0.00 0.00 
0.00 0.00 0.00 0.00 0.00 0.00 0.00 0.00 0.00 0.00 0.00 0.00 0.00 0.00 0.00 0.00 0.00 0.00 0.00 0.00 
0.00 0.00 0.00 0.00 0.00 0.00 0.00 0.00 0.00 0.00 0.00 0.00 0.00 0.00 0.00 0.00 0.00 0.00 0.00 0.00 
0.00 0.00 0.00 0.00 0.00 0.00 0.00 0.00 0.00 0.00 0.00 0.00 0.00 0.00 0.00 0.00 0.00 0.00 0.00 0.00 
0.00 0.00 0.00 0.00 0.00 0.00 0.00 0.00 0.00 0.00 0.00 0.00 0.00 0.00 0.00 0.00 0.00 0.00 0.00 0.00 
0.00 0.00 0.00 0.00 0.00 0.00 0.00 0.00 0.00 0.00 0.00 0.00 0.00 0.00 0.00 0.00 0.00 0.00 0.00 0.00 
0.00 0.00 0.00 0.00 0.00 0.00 0.00 0.00 0.00 0.00 0.00 0.00 0.00 0.00 0.00 0.00 0.00 0.00 0.00 0.00 
0.00 0.00 0.00 0.00 0.00 0.00 0.00 0.00 0.00 0.00 0.00 0.00 0.00 0.00 0.00 0.00 0.00 0.00 0.00 0.00 
0.00 0.00 0.00 0.00 0.00 0.00 0.00 0.00 0.00 0.00 0.00 0.00 0.00 0.00 0.00 0.00 0.00 0.00 0.00 0.00 
0.00 0.00 0.00 0.00 0.00 0.00 0.00 0.00 0.00 0.00 0.00 0.00 0.00 0.00 0.00 0.00 0.00 0.00 0.00 0.00 
0.00 0.00 0.00 0.00 0.00 0.00 0.00 0.00 0.00 0.00 0.00 0.00 0.00 0.00 0.00 0.00 0.00 0.00 0.00 0.00 
0.00 0.00 0.00 0.00 0.00 0.00 0.00 0.00 0.00 0.00 0.00 0.00 0.00 0.00 0.00 0.00 0.00 0.00 0.00 0.00 
0.00 0.00 0.00 0.00 0.00 0.00 0.00 0.00 0.00 0.00 0.00 0.00 0.00 0.00 0.00 0.00 0.00 0.00 0.00 0.00 
0.00 0.00 0.00 0.00 0.00 0.00 0.00 0.00 0.00 0.00 0.00 0.00 0.00 0.00 0.00 0.00 0.00 0.00 0.00 0.00 
0.00 0.00 0.00 0.00 0.00 0.00 0.00 0.00 0.00 0.00 0.00 0.00 0.00 0.00 0.00 0.00 0.00 0.00 0.00 0.00 
0.00 0.00 0.00 0.00 0.00 0.00 0.00 0.00 0.00 0.00 0.00 0.00 0.00 0.00 0.00 0.00 0.00 0.00 0.00 0.00 
0.00 0.00 0.00 0.00 0.00 0.00 0.00 0.00 0.00 0.00 0.00 0.00 0.00 0.00 0.00 0.00 0.00 0.00 0.00 0.00 
0.00 0.00 0.00 0.00 0.00 0.00 0.00 0.00 0.00 0.00 0.00 0.00 0.00 0.00 0.00 0.00 0.00 0.00 0.00 0.00 
0.00 0.00 0.00 0.00 0.00 0.00 0.00 0.00 0.00 0.00 0.00 0.00 0.00 0.00 0.00 0.00 0.00 0.00 0.00 0.00 
0.00 0.00 0.00 0.00 0.00 0.00 0.00 0.00 0.00 0.00 0.00 0.00 0.00 0.00 0.00 0.00 0.00 0.00 0.00 0.00 
0.00 0.00 0.00 0.00 0.00 0.00 0.00 0.00 0.00 0.00 0.00 0.00 0.00 0.00 0.00 0.00 0.00 0.00 0.00 0.00 
0.00 0.00 0.00 0.00 0.00 0.00 0.00 0.00 0.00 0.00 0.00 0.00 0.00 0.00 0.00 0.00 0.00 0.00 0.00 0.00 
0.00 0.00 0.00 0.00 0.00 0.00 0.00 0.00 0.00 0.00 0.00 0.00 0.00 0.00 0.00 0.00 0.00 0.00 0.00 0.00 
0.00 0.00 0.00 0.00 0.00 0.00 0.00 0.00 0.00 0.00 0.00 0.00 0.00 0.00 0.00 0.00 0.00 0.00 0.00 0.00 
0.00 0.00 0.00 0.00 0.00 0.00 0.00 0.00 0.00 0.00 0.00 0.00 0.00 0.00 0.00 0.00 0.00 0.00 0.00 0.00 
0.00 0.00 0.00 0.00 0.00 0.00 0.00 0.00 0.00 0.00 0.00 0.00 0.00 0.00 0.00 0.00 0.00 0.00 0.00 0.00 
0.00 0.00 0.00 0.00 0.00 0.00 0.00 0.00 0.00 0.00 0.00 0.00 0.00 0.00 0.00 0.00 0.00 0.00 0.00 0.00 
0.00 0.00 0.00 0.00 0.00 0.00 0.00 0.00 0.00 0.00 0.00 0.00 0.00 0.00 0.00 0.00 0.00 0.00 0.00 0.00 
0.00 0.00 0.00 0.00 0.00 0.00 0.00 0.00 0.00 0.00 0.00 0.00 0.00 0.00 0.00 0.00 0.00 0.00 0.00 0.00 
0.00 0.00 0.00 0.00 0.00 0.00 0.00 0.00 0.00 0.00 0.00 0.00 0.00 0.00 0.00 0.00 0.00 0.00 0.00 0.00 
0.00 0.00 0.00 0.00 0.00 0.00 0.00 0.00 0.00 0.00 0.00 0.00 0.00 0.00 0.00 0.00 0.00 0.00 0.00 0.00 
0.00 0.00 0.00 0.00 0.00 0.00 0.00 0.00 0.00 0.00 0.00 0.00 0.00 0.00 0.00 0.00 0.00 0.00 0.00 0.00 
0.00 0.00 0.00 0.00 0.00 0.00 0.00 0.00 0.00 0.00 0.00 0.00 0.00 0.00 0.00 0.00 0.00 0.00 0.00 0.00 
0.00 0.00 0.00 0.00 0.00 0.00 0.00 0.00 0.00 0.00 0.00 0.00 0.00 0.00 0.00 0.00 0.00 0.00 0.00 0.00 
0.00 0.00 0.00 0.00 0.00 0.00 0.00 0.00 0.00 0.00 0.00 0.00 0.00 0.00 0.00 0.00 0.00 0.00 0.00 0.00 
0.00 0.00 0.00 0.00 0.00 0.00 0.00 0.00 0.00 0.00 0.00 0.00 0.00 0.00 0.00 0.00 0.00 0.00 0.00 0.00 
0.00 0.00 0.00 0.00 0.00 0.00 0.00 0.00 0.00 0.00 0.00 0.00 0.00 0.00 0.00 0.00 0.00 0.00 0.00 0.00 
0.00 0.00 0.00 0.00 0.00 0.00 0.00 0.00 0.00 0.00 0.00 0.00 0.00 0.00 0.00 0.00 0.00 0.00 0.00 0.00 
0.00 0.00 0.00 0.00 0.00 0.00 0.00 0.00 0.00 0.00 0.00 0.00 0.00 0.00 0.00 0.00 0.00 0.00 0.00 0.00 
0.00 0.00 0.00 0.00 0.00 0.00 0.00 0.00 0.00 0.00 0.00 0.00 0.00 0.00 0.00 0.00 0.00 0.00 0.00 0.00 
0.00 0.00 0.00 0.00 0.00 0.00 0.00 0.00 0.00 0.00 0.00 0.00 0.00 0.00 0.00 0.00 0.00 0.00 0.00 0.00 
0.00 0.00 0.00 0.00 0.00 0.00 0.00 0.00 0.00 0.00 0.00 0.00 0.00 0.00 0.00 0.00 0.00 0.00 0.00 0.00 
0.00 0.00 0.00 0.00 0.00 0.00 0.00 0.00 0.00 0.00 0.00 0.00 0.00 0.00 0.00 0.00 0.00 0.00 0.00 0.00 
0.00 0.00 0.00 0.00 0.00 0.00 0.00 0.00 0.00 0.00 0.00 0.00 0.00 0.00 0.00 0.00 0.00 0.00 0.00 0.00 
0.00 0.00 0.00 0.00 0.00 0.00 0.00 0.00 0.00 0.00 0.00 0.00 0.00 0.00 0.00 0.00 0.00 0.00 0.00 0.00 
0.00 0.00 0.00 0.00 0.00 0.00 0.00 0.00 0.00 0.00 0.00 0.00 0.00 0.00 0.00 0.00 0.00 0.00 0.00 0.00 
0.00 0.00 0.00 0.00 0.00 0.00 0.00 0.00 0.00 0.00 0.00 0.00 0.00 0.00 0.00 0.00 0.00 0.00 0.00 0.00 
0.00 0.00 0.00 0.00 0.00 0.00 0.00 0.00 0.00 0.00 0.00 0.00 0.00 0.00 0.00 0.00 0.00 0.00 0.00 0.00 
0.00 0.00 0.00 0.00 0.00 0.00 0.00 0.00 0.00 0.00 0.00 0.00 0.00 0.00 0.00 0.00 0.00 0.00 0.00 0.00 
end   dump: w
==END   DUMP_ARRAYS==
==BEGIN DUMP_ARRAYS==
begin dump: w
7793.49 467484256.00 514095552.00 592113024.00 677734272.00 766400640.00 857106432.00 948441088.00 1039891264.00 1132587776.00 1224438272.00 1317787648.00 1410379392.00 1503726720.00 1596361472.00 1689339520.00 1781770496.00 1876010752.00 1969033216.00 2062313344.00 
2154381568.00 2249235456.00 2342382848.00 2435950848.00 2528646656.00 2620712192.00 2715855360.00 2809027072.00 2902512384.00 2996342784.00 3088871680.00 3182314752.00 3274169088.00 3369673728.00 3463177984.00 3556326912.00 3649767424.00 3743421184.00 3836857344.00 3930504448.00 
4021294848.00 4117397504.00 4210801152.00 4303478272.00 4397919744.00 4491192320.00 4585238528.00 4678174208.00 4770775552.00 4865331200.00 4955323392.00 5052172288.00 5145805312.00 5239464448.00 5332424192.00 5426033664.00 5519328768.00 5613163520.00 5707359744.00 5800526336.00 
5892470272.00 5987177472.00 6080493056.00 6174995456.00 6265596928.00 6360975872.00 6454645760.00 6548309504.00 6641708032.00 6736091136.00 6828142080.00 6921904640.00 7015351808.00 7109557248.00 7202424832.00 7294704640.00 7389766144.00 7483767296.00 7576924672.00 7670540800.00 
7758481920.00 7857483264.00 7950986240.00 8044530176.00 8137860608.00 8230970880.00 8324530176.00 8419554816.00 8511693312.00 8606057472.00 8698582016.00 8793166848.00 8886189056.00 8977620992.00 9073195008.00 9166302208.00 9258188800.00 9353814016.00 9447389184.00 9540654080.00 
9627446272.00 9727720448.00 9821238272.00 9914651648.00 10008044544.00 10101496832.00 10195473408.00 10289026048.00 10381754368.00 10476030976.00 10568888320.00 10662486016.00 10755585024.00 10850612224.00 10943356928.00 11036893184.00 11130740736.00 11224097792.00 11317883904.00 11411297280.00 
11502077952.00 11597984768.00 11691798528.00 11785108480.00 11878553600.00 11963523072.00 12066182144.00 12160850944.00 12250759168.00 12343566336.00 12439406592.00 12533393408.00 12626840576.00 12720297984.00 12814162944.00 12907348992.00 13000650752.00 13094918144.00 13189698560.00 13282052096.00 
13373913088.00 13468661760.00 13561961472.00 13656636416.00 13748369408.00 13842636800.00 13936635904.00 14029757440.00 14122463232.00 14217271296.00 14307111936.00 14404615168.00 14497160192.00 14590518272.00 14685367296.00 14777817088.00 14871537664.00 14965446656.00 15058668544.00 15152232448.00 
15234620416.00 15339424768.00 15432781824.00 15526244352.00 15619696640.00 15713215488.00 15806714880.00 15900971008.00 15993533440.00 16086267904.00 16180261888.00 16274558976.00 16367642624.00 16461451264.00 16557072384.00 16647102464.00 16741180416.00 16836497408.00 16929361920.00 17022562304.00 
17114913792.00 17209997312.00 17304305664.00 17396428800.00 17490014208.00 17583747072.00 17676412928.00 17770987520.00 17864284160.00 17958111232.00 18050547712.00 18145445888.00 18236551168.00 18332254208.00 18425724928.00 18518530048.00 18612506624.00 18706141184.00 18799288320.00 18892728320.00 
18972880896.00 19080159232.00 19173474304.00 19267506176.00 19360700416.00 19453796352.00 19547813888.00 19641610240.00 19733989376.00 19828637696.00 19921088512.00 20016121856.00 20109086720.00 20202670080.00 20296255488.00 20389361664.00 20482568192.00 20576935936.00 20670162944.00 20763695104.00 
20855986176.00 20951226368.00 21043173376.00 21138565120.00 21229422592.00 21323378688.00 21418700800.00 21512126464.00 21605408768.00 21699137536.00 21792071680.00 21886003200.00 21979314176.00 22072342528.00 22166489088.00 22259013632.00 22354057216.00 22447380480.00 22540767232.00 22634571776.00 
22722439168.00 22821744640.00 22914899968.00 23008788480.00 23101894656.00 23195588608.00 23288942592.00 23382755328.00 23475562496.00 23569410048.00 23645585408.00 23757051904.00 23850358784.00 23943905280.00 24037992448.00 24130519040.00 24222265344.00 24317825024.00 24409919488.00 24505612288.00 
24597170176.00 24692232192.00 24785321984.00 24878970880.00 24972040192.00 25065684992.00 25159081984.00 25254375424.00 25346768896.00 25440307200.00 25533245440.00 25627111424.00 25719789568.00 25814708224.00 25908439040.00 25999689728.00 26095507456.00 26188525568.00 26282070016.00 26374926336.00 
26466318336.00 26562697216.00 26655977472.00 26749542400.00 26842677248.00 26935824384.00 27031812096.00 27124408320.00 27215331328.00 27310977024.00 27403882496.00 27498291200.00 27591344128.00 27685177344.00 27778258944.00 27871676416.00 27964680192.00 28059234304.00 28152619008.00 28246067200.00 
28332699648.00 28433084416.00 28526835712.00 28619575296.00 28712634368.00 28806871040.00 28900288512.00 28993757184.00 29089368064.00 29181669376.00 29274447872.00 29368543232.00 29461518336.00 29555527680.00 29649221632.00 29742419968.00 29836130304.00 29929625600.00 30023256064.00 30116491264.00 
30199056384.00 30304043008.00 30397208576.00 30490896384.00 30583941120.00 30676226048.00 30771302400.00 30864902144.00 30958034944.00 31051583488.00 31144753152.00 31238748160.00 31331960832.00 31424212992.00 31520516096.00 31613239296.00 31705767936.00 31800590336.00 31893184512.00 31988844544.00 
32079468544.00 32174288896.00 32267685888.00 32361793536.00 32454369280.00 32548241408.00 32641853440.00 32735354880.00 32829767680.00 32923232256.00 33012686848.00 33109776384.00 33200891904.00 33297971200.00 33390475264.00 33483327488.00 33576984576.00 33670686720.00 33764130816.00 33858254848.00 
33948493824.00 34044674048.00 34138089472.00 34230689792.00 34327314432.00 34419183616.00 34512490496.00 34606440448.00 34698645504.00 34792910848.00 34886103040.00 34980184064.00 35073101824.00 35167358976.00 35260735488.00 35345473536.00 35447324672.00 35541327872.00 35634896896.00 35728441344.00 
35820478464.00 35919904768.00 36009041920.00 36103045120.00 36193861632.00 36289298432.00 36383125504.00 36475740160.00 36570021888.00 36663762944.00 36756414464.00 36850880512.00 36943642624.00 37037658112.00 37131190272.00 37224288256.00 37317894144.00 37411680256.00 37504835584.00 37597962240.00 
37664526336.00 37786779648.00 37879754752.00 37973348352.00 38066446336.00 38159822848.00 38253756416.00 38347366400.00 38440140800.00 38534410240.00 38627061760.00 38721527808.00 38814674944.00 38908264448.00 39002329088.00 39095218176.00 39186821120.00 39282626560.00 39376150528.00 39469371392.00 
39561613312.00 39651807232.00 39750266880.00 39843745792.00 39936757760.00 40029028352.00 40124166144.00 40217735168.00 40310960128.00 40405073920.00 40497745920.00 40591798272.00 40684257280.00 40779157504.00 40872468480.00 40965873664.00 41059217408.00 41153220608.00 41246482432.00 41339559936.00 
41430728704.00 41527001088.00 41620439040.00 41713782784.00 41805074432.00 41903071232.00 41995571200.00 42088779776.00 42180009984.00 42275983360.00 42365698048.00 42462670848.00 42556030976.00 42649698304.00 42743001088.00 42836459520.00 42929737728.00 43023241216.00 43116937216.00 43209355264.00 
43302887424.00 43397545984.00 43491405824.00 43584999424.00 43677384704.00 43771310080.00 43865022464.00 43958591488.00 44052180992.00 44145958912.00 44238483456.00 44333727744.00 44426272768.00 44520116224.00 44613619712.00 44705587200.00 44800348160.00 44894097408.00 44987924480.00 45081255936.00 
45163716608.00 45268250624.00 45361926144.00 45455446016.00 45548646400.00 45642641408.00 45736341504.00 45829599232.00 45922762752.00 46016774144.00 46109491200.00 46203654144.00 46296924160.00 46390784000.00 46484066304.00 46577307648.00 46670008320.00 46764404736.00 46857768960.00 46950567936.00 
47010578432.00 47140343808.00 47233097728.00 47326924800.00 47419432960.00 47513034752.00 47606661120.00 47699939328.00 47793930240.00 47887032320.00 47980142592.00 48074272768.00 48165662720.00 48261722112.00 48354795520.00 48448110592.00 48541007872.00 48634941440.00 48729157632.00 48822534144.00 
48913215488.00 49009225728.00 49103683584.00 49196556288.00 49289940992.00 49382068224.00 49477050368.00 49570930688.00 49663107072.00 49757597696.00 49850540032.00 49944977408.00 50037923840.00 50130690048.00 50225881088.00 50318761984.00 50412077056.00 50506035200.00 50599264256.00 50692534272.00 
50785263616.00 50880233472.00 50973573120.00 51067211776.00 51158466560.00 51253575680.00 51348033536.00 51440635904.00 51534966784.00 51626541056.00 51718455296.00 51815309312.00 51908829184.00 52002934784.00 52095975424.00 52189179904.00 52282888192.00 52376879104.00 52469735424.00 52563443712.00 
52651536384.00 52750704640.00 52844294144.00 52937736192.00 53030825984.00 53124423680.00 53217886208.00 53311586304.00 53404409856.00 53498114048.00 53590589440.00 53681614848.00 53782663168.00 53873983488.00 53967331328.00 54058954752.00 54151942144.00 54247604224.00 54340853760.00 54434660352.00 
54526656512.00 54621044736.00 54715023360.00 54808711168.00 54901604352.00 54995181568.00 55089266688.00 55182389248.00 55275548672.00 55369629696.00 55462400000.00 55556673536.00 55649001472.00 55743959040.00 55837081600.00 55930466304.00 56024137728.00 56116416512.00 56211177472.00 56304582656.00 
56384425984.00 56491929600.00 56585318400.00 56678957056.00 56772407296.00 56865595392.00 56958177280.00 57052770304.00 57144414208.00 57240440832.00 57332953088.00 57427181568.00 57520386048.00 57614090240.00 57707446272.00 57799663616.00 57895108608.00 57988644864.00 58081964032.00 58175283200.00 
58267705344.00 58362200064.00 58455810048.00 58549657600.00 58641924096.00 58727927808.00 58830196736.00 58923573248.00 59017023488.00 59110711296.00 59203596288.00 59297345536.00 59391299584.00 59485245440.00 59578220544.00 59671904256.00 59765215232.00 59858870272.00 59952365568.00 60045918208.00 
60128333824.00 60233117696.00 60327010304.00 60420222976.00 60513357824.00 60606267392.00 60700585984.00 60793864192.00 60887109632.00 60981256192.00 61071327232.00 61168021504.00 61261639680.00 61354717184.00 61448826880.00 61542113280.00 61634813952.00 61728944128.00 61822590976.00 61916110848.00 
62008463360.00 62103224320.00 62196645888.00 62290276352.00 62382919680.00 62476066816.00 62567395328.00 62672572416.00 62760099840.00 62852952064.00 62945484800.00 63039549440.00 63130734592.00 63226433536.00 63319838720.00 63411630080.00 63506354176.00 63600578560.00 63694475264.00 63787343872.00 
63878127616.00 63974576128.00 64067768320.00 64162131968.00 64254693376.00 64348131328.00 64442134528.00 64535617536.00 64627908608.00 64722825216.00 64815656960.00 64909766656.00 65002868736.00 65096544256.00 65189933056.00 65283215360.00 65377157120.00 65470980096.00 65564545024.00 65657606144.00 
65744408576.00 65844551680.00 65938325504.00 66031800320.00 66123108352.00 66218381312.00 66315173888.00 66406240256.00 66499584000.00 66593275904.00 66686013440.00 66779828224.00 66873192448.00 66967175168.00 67060297728.00 67154051072.00 67247534080.00 67341656064.00 67435831296.00 67528335360.00 
67616337920.00 67715325952.00 67808821248.00 67902377984.00 67995643904.00 68087619584.00 68182458368.00 68273807360.00 68370636800.00 68463968256.00 68556779520.00 68650897408.00 68744077312.00 68837900288.00 68931428352.00 69024686080.00 69116190720.00 69212340224.00 69305286656.00 69398634496.00 
69491048448.00 69586403328.00 69679489024.00 69772959744.00 69865906176.00 69959868416.00 70053568512.00 70147358720.00 70240501760.00 70333595648.00 70410264576.00 70521675776.00 70613876736.00 70708609024.00 70801956864.00 70895222784.00 70988701696.00 71082672128.00 71175979008.00 71269597184.00 
71360192512.00 71456530432.00 71552245760.00 71643275264.00 71736803328.00 71830396928.00 71925071872.00 72017559552.00 72109031424.00 72204156928.00 72297742336.00 72391811072.00 72485421056.00 72578809856.00 72671887360.00 72764407808.00 72858943488.00 72953110528.00 73046712320.00 73140043776.00 
73232105472.00 73326886912.00 73420603392.00 73514065920.00 73606553600.00 73700769792.00 73794527232.00 73888268288.00 73981517824.00 74075283456.00 74167885824.00 74262200320.00 74355138560.00 74448855040.00 74542317568.00 74635649024.00 74728988672.00 74822606848.00 74915258368.00 75007016960.00 
75048288256.00 75201331200.00 75293065216.00 75385880576.00 75479048192.00 75572264960.00 75666038784.00 75759067136.00 75852406784.00 75947278336.00 76039110656.00 76133662720.00 76226551808.00 76319752192.00 76413845504.00 76507144192.00 76599812096.00 76694364160.00 76787679232.00 76881469440.00 
76973555712.00 77068443648.00 77162110976.00 77255442432.00 77348683776.00 77440876544.00 77535977472.00 77629218816.00 77723140096.00 77816594432.00 77909377024.00 78003773440.00 78095040512.00 78190419968.00 78284480512.00 78377517056.00 78471143424.00 78564769792.00 78658314240.00 78751940608.00 
78842675200.00 78938882048.00 79030116352.00 79126364160.00 79219294208.00 79312633856.00 79406465024.00 79499968512.00 79592513536.00 79687360512.00 79777259520.00 79873703936.00 79967592448.00 80061177856.00 80154861568.00 80247963648.00 80340983808.00 80432291840.00 80529342464.00 80622542848.00 
80714801152.00 80809607168.00 80902971392.00 80996786176.00 81088069632.00 81183793152.00 81277607936.00 81371111424.00 81464066048.00 81557544960.00 81651089408.00 81744896000.00 81837883392.00 81931804672.00 82025390080.00 82110160896.00 82212241408.00 82305564672.00 82398445568.00 82493186048.00 
82581004288.00 82679996416.00 82773467136.00 82866872320.00 82960384000.00 83053846528.00 83147366400.00 83240771584.00 83333095424.00 83438788608.00 83522273280.00 83616301056.00 83709050880.00 83802775552.00 83896107008.00 83989471232.00 84081041408.00 84176642048.00 84271013888.00 84363796480.00 
84450410496.00 84550828032.00 84644388864.00 84737507328.00 84830904320.00 84924604416.00 85018345472.00 85111914496.00 85205106688.00 85296865280.00 85391974400.00 85486182400.00 85578440704.00 85672878080.00 85766209536.00 85859958784.00 85953363968.00 86047506432.00 86139936768.00 86234415104.00 
86324895744.00 86421159936.00 86514237440.00 86601285632.00 86702186496.00 86793961472.00 86889160704.00 86982615040.00 87073873920.00 87169531904.00 87262347264.00 87356579840.00 87449780224.00 87543209984.00 87637147648.00 87730339840.00 87823482880.00 87917805568.00 88011046912.00 88104656896.00 
88196816896.00 88290107392.00 88385699840.00 88478867456.00 88571420672.00 88665767936.00 88759435264.00 88853209088.00 88946442240.00 89039814656.00 89130180608.00 89227075584.00 89319849984.00 89414533120.00 89507741696.00 89600999424.00 89694617600.00 89788243968.00 89881796608.00 89975357440.00 
90057719808.00 90162495488.00 90255392768.00 90350321664.00 90442833920.00 90536058880.00 90630242304.00 90723393536.00 90816634880.00 90910547968.00 91003691008.00 91097849856.00 91191164928.00 91287240704.00 91378262016.00 91470086144.00 91564310528.00 91658838016.00 91752448000.00 91845599232.00 
91937898496.00 92032622592.00 92126265344.00 92219916288.00 92312838144.00 92406620160.00 92500369408.00 92592750592.00 92687228928.00 92780691456.00 92873662464.00 92967911424.00 93059063808.00 93154623488.00 93248020480.00 93341032448.00 93434454016.00 93527900160.00 93620166656.00 93710835712.00 
93740130304.00 93909401600.00 93999865856.00 94092738560.00 94185537536.00 94278565888.00 94372290560.00 94466293760.00 94558076928.00 94651703296.00 94745272320.00 94840422400.00 94932410368.00 95026626560.00 95119818752.00 95213297664.00 95306514432.00 95400943616.00 95493890048.00 95587295232.00 
95679660032.00 95774220288.00 95867977728.00 95961497600.00 96052928512.00 96146907136.00 96242188288.00 96335069184.00 96428793856.00 96522838016.00 96615628800.00 96709681152.00 96802299904.00 96897024000.00 96989904896.00 97083637760.00 97177157632.00 97267294208.00 97364459520.00 97458126848.00 
97545740288.00 97644896256.00 97738022912.00 97831682048.00 97925668864.00 98018738176.00 98112512000.00 98206228480.00 98299305984.00 98393071616.00 98483232768.00 98580209664.00 98673106944.00 98767912960.00 98860843008.00 98954289152.00 99045687296.00 99141918720.00 99234807808.00 99328614400.00 
99420569600.00 99515465728.00 99609042944.00 99702489088.00 99795451904.00 99889274880.00 99982606336.00 100077854720.00 100170178560.00 100264026112.00 100356653056.00 100450787328.00 100543406080.00 100637491200.00 100731240448.00 100823203840.00 100918083584.00 101013708800.00 101105295360.00 101199142912.00 
101289730048.00 101385289728.00 101479587840.00 101572935680.00 101666463744.00 101759926272.00 101853536256.00 101947432960.00 102038421504.00 102133481472.00 102226337792.00 102329860096.00 102415196160.00 102508625920.00 102601744384.00 102695428096.00 102788718592.00 102882729984.00 102975152128.00 103069679616.00 
103156252672.00 103256743936.00 103350009856.00 103443595264.00 103536336896.00 103630577664.00 103724449792.00 103817797632.00 103911145472.00 104004780032.00 104097628160.00 104189435904.00 104285093888.00 104378925056.00 104472698880.00 104565841920.00 104659296256.00 104752979968.00 104846286848.00 104940126208.00 
105022562304.00 105127174144.00 105220939776.00 105314385920.00 105407602688.00 105492602880.00 105594798080.00 105688309760.00 105781272576.00 105875357696.00 105968287744.00 106062364672.00 106155311104.00 106249420800.00 106342850560.00 106436059136.00 106528874496.00 106623549440.00 106716946432.00 106810269696.00 
106902282240.00 106996785152.00 107088969728.00 107198128128.00 107279597568.00 107372462080.00 107465924608.00 107559362560.00 107652612096.00 107746287616.00 107836391424.00 107933597696.00 108024635392.00 108120244224.00 108213870592.00 108306997248.00 108400689152.00 108494225408.00 108588400640.00 108681396224.00 
108772179968.00 108868288512.00 108961783808.00 109055975424.00 109148848128.00 109242056704.00 109335961600.00 109429891072.00 109522231296.00 109616594944.00 109709451264.00 109803847680.00 109897007104.00 109990887424.00 110084087808.00 110176002048.00 110270152704.00 110365409280.00 110458339328.00 110552154112.00 
110644166656.00 110739161088.00 110832541696.00 110925914112.00 111017361408.00 111112224768.00 111206588416.00 111300231168.00 111393382400.00 111486935040.00 111580168192.00 111673917440.00 111767199744.00 111862734848.00 111954108416.00 112047972352.00 112141680640.00 112235184128.00 112328491008.00 112421691392.00 
112487972864.00 112610418688.00 112703479808.00 112796205056.00 112890167296.00 112983580672.00 113077239808.00 113170931712.00 113263820800.00 113357561856.00 113450704896.00 113544118272.00 113637613568.00 113732239360.00 113825218560.00 113918607360.00 114010341376.00 114105483264.00 114199879680.00 114293047296.00 
114385395712.00 114479792128.00 114573475840.00 114667118592.00 114760187904.00 114852667392.00 114947661824.00 115041648640.00 115134529536.00 115228049408.00 115320537088.00 115417718784.00 115508355072.00 115602571264.00 115695788032.00 115789398016.00 115882901504.00 115976675328.00 116069613568.00 116163796992.00 
116254490624.00 116350672896.00 116444192768.00 116537647104.00 116631109632.00 116724531200.00 116818493440.00 116911570944.00 117002977280.00 117098627072.00 117174943744.00 117286543360.00 117379588096.00 117472116736.00 117566349312.00 117660164096.00 117753159680.00 117846843392.00 117940592640.00 118034038784.00 
118126452736.00 118221299712.00 118314549248.00 118406848512.00 118500950016.00 118595133440.00 118689120256.00 118782664704.00 118875570176.00 118969696256.00 119062495232.00 119156293632.00 119249428480.00 119344136192.00 119437115392.00 119529078784.00 119623983104.00 119717994496.00 119811088384.00 119904944128.00 
119987109888.00 120091893760.00 120185012224.00 120277082112.00 120372453376.00 120465661952.00 120559812608.00 120653193216.00 120745852928.00 120839766016.00 120932712448.00 121026641920.00 121120210944.00 121214189568.00 121306857472.00 121400958976.00 121493659648.00 121587851264.00 121681395712.00 121775357952.00 
121861832704.00 121962430464.00 122055598080.00 122149199872.00 122242277376.00 122336198656.00 122429530112.00 122523312128.00 122616668160.00 122710155264.00 122803331072.00 122897448960.00 122988822528.00 123084636160.00 123177639936.00 123271028736.00 123364671488.00 123458461696.00 123551760384.00 123645607936.00 
123736023040.00 123832369152.00 123925684224.00 124019466240.00 124112592896.00 124204507136.00 124299526144.00 124392636416.00 124484902912.00 124579110912.00 124671385600.00 124764225536.00 124854026240.00 124924452864.00 125064445952.00 125148430336.00 125239410688.00 125332406272.00 125425115136.00 125518462976.00 
125610409984.00 125704994816.00 125798318080.00 125891821568.00 125983014912.00 126078435328.00 126172053504.00 126265778176.00 126358904832.00 126452588544.00 126542602240.00 126640136192.00 126732541952.00 126826864640.00 126919925760.00 127013462016.00 127107317760.00 127200354304.00 127293988864.00 127387697152.00 
127475646464.00 127574818816.00 127668150272.00 127761743872.00 127854985216.00 127948480512.00 128042483712.00 128135659520.00 128228769792.00 128322969600.00 128415842304.00 128509886464.00 128603373568.00 128696844288.00 128790323200.00 128875126784.00 128975257600.00 129070596096.00 129164468224.00 129257906176.00 
129350254592.00 129445183488.00 129538637824.00 129632116736.00 129725022208.00 129819172864.00 129912643584.00 130006401024.00 130099552256.00 130193350656.00 130286133248.00 130379849728.00 130472960000.00 130567446528.00 130661212160.00 130753978368.00 130847932416.00 130941607936.00 131034726400.00 131128213504.00 
131208134656.00 131315761152.00 131409010688.00 131502817280.00 131596107776.00 131689259008.00 131783294976.00 131876831232.00 131968106496.00 132063617024.00 132156620800.00 132250345472.00 132345569280.00 132438130688.00 132531281920.00 132624777216.00 132718034944.00 132812152832.00 132905648128.00 132998995968.00 
133091278848.00 133185839104.00 133279473664.00 133373198336.00 133465686016.00 133558689792.00 133653585920.00 133747105792.00 133839790080.00 133935472640.00 134027542528.00 134121570304.00 134214385664.00 134308569088.00 134402760704.00 134495289344.00 134589382656.00 134682820608.00 134776111104.00 134869573632.00 
134952091648.00 135057227776.00 135150166016.00 135243636736.00 135336919040.00 135430594560.00 135524171776.00 135617740800.00 135710908416.00 135804862464.00 135894859776.00 135992287232.00 136085168128.00 136178860032.00 136271110144.00 136367489024.00 136459026432.00 136553414656.00 136646909952.00 136740356096.00 
136832524288.00 136927428608.00 137020899328.00 137114165248.00 137207406592.00 137301057536.00 137394741248.00 137488711680.00 137581903872.00 137675374592.00 137768402944.00 137862594560.00 137953935360.00 138049404928.00 138143907840.00 138235150336.00 138330030080.00 138424008704.00 138517053440.00 138611556352.00 
138701504512.00 138797547520.00 138891444224.00 138985013248.00 139078303744.00 139171545088.00 139265556480.00 139359092736.00 139451400192.00 139545985024.00 139638947840.00 139732959232.00 139826266112.00 139919982592.00 140014059520.00 140106760192.00 140200067072.00 140293898240.00 140386828288.00 140480151552.00 
140539920384.00 140670009344.00 140762644480.00 140855885824.00 140947079168.00 141042663424.00 141136347136.00 141229752320.00 141323010048.00 141417054208.00 141509738496.00 141603454976.00 141696876544.00 141790560256.00 141884276736.00 141977452544.00 142071332864.00 142164541440.00 142258356224.00 142353170432.00 
142439890944.00 142538964992.00 142632550400.00 142725742592.00 142820687872.00 142911569920.00 143006498816.00 143100051456.00 143193194496.00 143287058432.00 143380217856.00 143474540544.00 143568158720.00 143661498368.00 143754805248.00 143848243200.00 143939633152.00 144035217408.00 144127819776.00 144223469568.00 
144315056128.00 144410099712.00 144503209984.00 144596811776.00 144689823744.00 144783654912.00 144877109248.00 144970645504.00 145063854080.00 145157832704.00 145248108544.00 145343135744.00 145437474816.00 145532026880.00 145625399296.00 145718460416.00 145812881408.00 145906106368.00 145999527936.00 146093129728.00 
146183831552.00 146282397696.00 146373607424.00 146467373056.00 146560598016.00 146653495296.00 146747883520.00 146840453120.00 146932809728.00 147028492288.00 147121307648.00 147215433728.00 147308969984.00 147402342400.00 147495862272.00 147587842048.00 147682787328.00 147776503808.00 147870384128.00 147964657664.00 
148055654400.00 148150878208.00 148244250624.00 148337704960.00 148430307328.00 148524761088.00 148618133504.00 148711751680.00 148805058560.00 148898578432.00 148991688704.00 149085798400.00 149178761216.00 149272788992.00 149366390784.00 149459435520.00 149552611328.00 149646163968.00 149738946560.00 149830811648.00 
149871951872.00 150024994816.00 150116679680.00 150209921024.00 150302703616.00 150396043264.00 150489432064.00 150583115776.00 150675947520.00 150769942528.00 150862839808.00 150956670976.00 151050584064.00 151144202240.00 151236640768.00 151330684928.00 151423582208.00 151516004352.00 151611932672.00 151704010752.00 
151797137408.00 151892082688.00 151985963008.00 152078811136.00 152172298240.00 152257593344.00 152359501824.00 152453185536.00 152546639872.00 152640307200.00 152733286400.00 152827494400.00 152918704128.00 153014272000.00 153107824640.00 153201115136.00 153294176256.00 153388613632.00 153482133504.00 153575571456.00 
153666387968.00 153760088064.00 153855983616.00 153949896704.00 154043088896.00 154136330240.00 154229915648.00 154318290944.00 154416562176.00 154511114240.00 154601029632.00 154697842688.00 154791018496.00 154885357568.00 154978172928.00 155071250432.00 155165048832.00 155259060224.00 155352383488.00 155446231040.00 
155538178048.00 155632779264.00 155726839808.00 155820179456.00 155911405568.00 156006760448.00 156099952640.00 156196110336.00 156288155648.00 156381888512.00 156474327040.00 156568715264.00 156661530624.00 156755394560.00 156848930816.00 156940959744.00 157036068864.00 157129670656.00 157223239680.00 157315678208.00 
157404774400.00 157503750144.00 157597106176.00 157690789888.00 157783031808.00 157877927936.00 157971480576.00 158064771072.00 158157914112.00 158252171264.00 158344773632.00 158438866944.00 158532091904.00 158626136064.00 158719557632.00 158813323264.00 158904434688.00 159002869760.00 159093604352.00 159187566592.00 
159273877504.00 159374475264.00 159467438080.00 159561564160.00 159654363136.00 159748472832.00 159841746944.00 159934857216.00 160028835840.00 160122191872.00 160215105536.00 160309280768.00 160401260544.00 160495403008.00 160583630848.00 160686080000.00 160777977856.00 160871383040.00 160964542464.00 161057521664.00 
161148846080.00 161245331456.00 161338507264.00 161431896064.00 161525284864.00 161617739776.00 161712685056.00 161806286848.00 161897709568.00 161993342976.00 162086256640.00 162180710400.00 162273869824.00 162367176704.00 162460811264.00 162554249216.00 162647523328.00 162741223424.00 162834743296.00 162927247360.00 
163020816384.00 163115646976.00 163209396224.00 163302244352.00 163395158016.00 163489480704.00 163582902272.00 163676569600.00 163769843712.00 163863560192.00 163939696640.00 164051058688.00 164143808512.00 164237983744.00 164331159552.00 164424744960.00 164517920768.00 164611162112.00 164705583104.00 164799201280.00 
164881530880.00 164985552896.00 165079842816.00 165173215232.00 165266571264.00 165360107520.00 165453791232.00 165547376640.00 165640126464.00 165734088704.00 165827051520.00 165921914880.00 166014500864.00 166108463104.00 166201851904.00 166293487616.00 166387253248.00 166481117184.00 166581108736.00 166670516224.00 
166762430464.00 166856933376.00 166950535168.00 167043858432.00 167136952320.00 167230554112.00 167324303360.00 167417888768.00 167511408640.00 167604912128.00 167698038784.00 167791558656.00 167883210752.00 167977992192.00 168072658944.00 168165998592.00 168259944448.00 168352972800.00 168446754816.00 168540160000.00 
168619900928.00 168727691264.00 168820916224.00 168914518016.00 169008349184.00 169101099008.00 169194553344.00 169288466432.00 169380823040.00 169475457024.00 169568485376.00 169662595072.00 169756065792.00 169849602048.00 169943285760.00 170036101120.00 170129326080.00 170223206400.00 170313072640.00 170411556864.00 
170503176192.00 170598154240.00 170691805184.00 170784735232.00 170876223488.00 170970365952.00 171065114624.00 171158896640.00 171252236288.00 171346624512.00 171439177728.00 171533369344.00 171626102784.00 171719606272.00 171813847040.00 171906940928.00 172000378880.00 172094324736.00 172188221440.00 172281348096.00 
172369395712.00 172468027392.00 172561711104.00 172655116288.00 172748668928.00 172841713664.00 172932513792.00 173030391808.00 173123076096.00 173216759808.00 173306986496.00 173403963392.00 173497303040.00 173590970368.00 173684310016.00 173777272832.00 173869121536.00 173964115968.00 174058438656.00 174151925760.00 
174244052992.00 174339112960.00 174432010240.00 174524809216.00 174618918912.00 174712553472.00 174805975040.00 174901346304.00 174993899520.00 175087616000.00 175180120064.00 175275098112.00 175366520832.00 175461154816.00 175554904064.00 175639773184.00 175741599744.00 175835365376.00 175928885248.00 176022274048.00 
176113254400.00 176209526784.00 176302161920.00 176397156352.00 176489955328.00 176583327744.00 176676864000.00 176770760704.00 176861970432.00 176958259200.00 177050550272.00 177145004032.00 177238196224.00 177331666944.00 177425121280.00 177519575040.00 177612013568.00 177706270720.00 177799397376.00 177893752832.00 
177979686912.00 178080940032.00 178173444096.00 178266816512.00 178359730176.00 178454839296.00 178547621888.00 178641862656.00 178734710784.00 178827771904.00 178921373696.00 179015188480.00 179108462592.00 179198672896.00 179296157696.00 179389169664.00 179482951680.00 179576553472.00 179669958656.00 179763150848.00 
179845808128.00 179950927872.00 180044021760.00 180137361408.00 180230881280.00 180322893824.00 180419985408.00 180511326208.00 180604895232.00 180698791936.00 180791738368.00 180882669568.00 180979679232.00 181072969728.00 181166325760.00 181259567104.00 181352480768.00 181446852608.00 181540618240.00 181633843200.00 
181726363648.00 181821112320.00 181914550272.00 182008659968.00 182101426176.00 182195027968.00 182290038784.00 182382379008.00 182475587584.00 182569205760.00 182659383296.00 182755934208.00 182847766528.00 182943236096.00 183036887040.00 183129931776.00 183223697408.00 183317594112.00 183410851840.00 183504420864.00 
183595401216.00 183691493376.00 183784865792.00 183878696960.00 183971725312.00 184065622016.00 184158912512.00 184253022208.00 184345067520.00 184439635968.00 184532533248.00 184625446912.00 184719917056.00 184813666304.00 184906268672.00 184998920192.00 185093685248.00 185186680832.00 185280544768.00 185374752768.00 
185466683392.00 185561677824.00 185655164928.00 185748406272.00 185839747072.00 185935069184.00 186028408832.00 186122076160.00 186215137280.00 186308919296.00 186401505280.00 186495369216.00 186588168192.00 186681901056.00 186774765568.00 186867073024.00 186959577088.00 187051196416.00 187141079040.00 187222753280.00 
187199078400.00 187456634880.00 187538309120.00 187628224512.00 187719254016.00 187811512320.00 187904671744.00 187997601792.00 188090482688.00 188183887872.00 188276736000.00 188370436096.00 188463726592.00 188557410304.00 188651061248.00 188743876608.00 188835692544.00 188931276800.00 189023961088.00 189117874176.00 
189210181632.00 189304619008.00 189398679552.00 189492871168.00 189584523264.00 189677125632.00 189772791808.00 189865984000.00 189959208960.00 190054318080.00 190145806336.00 190239768576.00 190332289024.00 190426677248.00 190520426496.00 190613372928.00 190707122176.00 190800609280.00 190894211072.00 190987943936.00 
191078580224.00 191174852608.00 191268175872.00 191361744896.00 191455232000.00 191548686336.00 191642468352.00 191736201216.00 191827509248.00 191923421184.00 192013172736.00 192110018560.00 192203636736.00 192297336832.00 192389349376.00 192484130816.00 192577126400.00 192670777344.00 192764837888.00 192858292224.00 
192950632448.00 193045528576.00 193138868224.00 193232355328.00 193324761088.00 193419411456.00 193513111552.00 193606664192.00 193699741696.00 193796669440.00 193886650368.00 193980596224.00 194073608192.00 194168143872.00 194259255296.00 194352971776.00 194448359424.00 194542223360.00 194635022336.00 194728542208.00 
194810920960.00 194916040704.00 195009134592.00 195102769152.00 195196076032.00 195289792512.00 195383001088.00 195481059328.00 195570237440.00 195664330752.00 195756883968.00 195851567104.00 195944333312.00 196038000640.00 196131569664.00 196224237568.00 196317986816.00 196412571648.00 196505829376.00 196598284288.00 
196685856768.00 196785717248.00 196879941632.00 196973281280.00 197066162176.00 197159206912.00 197254201344.00 197348032512.00 197440716800.00 197534236672.00 197627527168.00 197720997888.00 197813010432.00 197908578304.00 198002311168.00 198095454208.00 198189203456.00 198282280960.00 198376947712.00 198469844992.00 
198560792576.00 198657114112.00 198750404608.00 198843973632.00 198937198592.00 199022100480.00 199124680704.00 199218216960.00 199310409728.00 199404470272.00 199498088448.00 199591673856.00 199685357568.00 199777976320.00 199873380352.00 199966310400.00 200059568128.00 200154742784.00 200247263232.00 200340373504.00 
200432582656.00 200527577088.00 200620851200.00 200715452416.00 200806187008.00 200901623808.00 200994947072.00 201088548864.00 201181904896.00 201275916288.00 201365848064.00 201462628352.00 201555722240.00 201648996352.00 201746939904.00 201837297664.00 201930440704.00 202024419328.00 202117496832.00 202211229696.00 
202299080704.00 202398072832.00 202491052032.00 202585112576.00 202678730752.00 202771922944.00 202865311744.00 202959732736.00 203052498944.00 203145936896.00 203239178240.00 203332878336.00 203426594816.00 203520442368.00 203614388224.00 203705499648.00 203798740992.00 203894374400.00 203987714048.00 204081741824.00 
204173279232.00 204267831296.00 204366299136.00 204456214528.00 204548964352.00 204642779136.00 204736200704.00 204830081024.00 204923174912.00 205017186304.00 205109854208.00 205203849216.00 205296484352.00 205390921728.00 205484621824.00 205577584640.00 205671186432.00 205764968448.00 205858406400.00 205951959040.00 
206031831040.00 206139523072.00 206232551424.00 206326366208.00 206419378176.00 206512930816.00 206606696448.00 206701608960.00 206791704576.00 206888009728.00 206980300800.00 207074246656.00 207168110592.00 207261581312.00 207355101184.00 207448293376.00 207541600256.00 207635546112.00 207728640000.00 207822733312.00 
207914450944.00 208008986624.00 208098181120.00 208198205440.00 208289726464.00 208382574592.00 208477650944.00 208571056128.00 208664674304.00 208757440512.00 208850944000.00 208945233920.00 209037983744.00 209132027904.00 209225596928.00 209318739968.00 209412669440.00 209506304000.00 209599840256.00 209693786112.00 
209775869952.00 209880350720.00 209973952512.00 210068275200.00 210161270784.00 210254381056.00 210348163072.00 210441568256.00 210534498304.00 210628739072.00 210704826368.00 210815811584.00 210908987392.00 211002966016.00 211096125440.00 211189530624.00 211282444288.00 211377160192.00 211470041088.00 211564232704.00 
211655884800.00 211752353792.00 211844366336.00 211938230272.00 212030799872.00 212125024256.00 212218380288.00 212312178688.00 212405256192.00 212498743296.00 212591722496.00 212686307328.00 212777631744.00 212873592832.00 212966719488.00 213058551808.00 213154037760.00 213247344640.00 213340667904.00 213434138624.00 
213525135360.00 213621850112.00 213714780160.00 213808103424.00 213900804096.00 213992833024.00 214095478784.00 214184230912.00 214276063232.00 214370418688.00 214463168512.00 214557212672.00 214650388480.00 214744252416.00 214837542912.00 214930669568.00 215024123904.00 215118135296.00 215211687936.00 215304912896.00 
215391830016.00 215492100096.00 215585800192.00 215676354560.00 215770644480.00 215865835520.00 215959764992.00 216053448704.00 216146886656.00 216240488448.00 216333418496.00 216427397120.00 216520654848.00 216614469632.00 216707874816.00 216801116160.00 216896208896.00 216988614656.00 217082150912.00 217175703552.00 
217263636480.00 217363988480.00 217456246784.00 217549864960.00 217643139072.00 217735282688.00 217830686720.00 217924206592.00 218017103872.00 218110803968.00 218203734016.00 218297516032.00 218391216128.00 218482950144.00 218579468288.00 218672283648.00 218763739136.00 218859159552.00 218952597504.00 219046625280.00 
219138457600.00 219233255424.00 219326808064.00 219420540928.00 219513323520.00 219607564288.00 219701231616.00 219794472960.00 219887763456.00 219981611008.00 220071903232.00 220168388608.00 220260630528.00 220361277440.00 220449472512.00 220542451712.00 220635709440.00 220729606144.00 220823470080.00 220919087104.00 
221007708160.00 221103947776.00 221197467648.00 221290725376.00 221384622080.00 221477879808.00 221571317760.00 221664804864.00 221756391424.00 221852024832.00 221944610816.00 222039293952.00 222132436992.00 222226300928.00 222319886336.00 222404526080.00 222506467328.00 222600806400.00 222693425152.00 222787387392.00 
222879563776.00 222975295488.00 223067258880.00 223163465728.00 223253954560.00 223348031488.00 223442747392.00 223535185920.00 223628541952.00 223722766336.00 223815204864.00 223909560320.00 224002637824.00 224096288768.00 224189612032.00 224282869760.00 224376422400.00 224469598208.00 224562626560.00 224654344192.00 
224695353344.00 224848822272.00 224940392448.00 225033388032.00 225126531072.00 225219706880.00 225312866304.00 225406435328.00 225499709440.00 225593556992.00 225686765568.00 225781170176.00 225874100224.00 225967816704.00 226061303808.00 226154299392.00 226247147520.00 226341683200.00 226435203072.00 226529001472.00 
226621046784.00 226714730496.00 226809102336.00 226903031808.00 226995552256.00 227088138240.00 227183525888.00 227277340672.00 227369959424.00 227464003584.00 227556917248.00 227651256320.00 227742646272.00 227839164416.00 227931357184.00 228025827328.00 228118790144.00 228212342784.00 228305731584.00 228397187072.00 
228490002432.00 228585947136.00 228679565312.00 228773167104.00 228866228224.00 228960436224.00 229053890560.00 229147459584.00 229239881728.00 229336481792.00 229424496640.00 229521539072.00 229615222784.00 229708693504.00 229802115072.00 229895405568.00 229988794368.00 230082478080.00 230176210944.00 230269452288.00 
230361546752.00 230456033280.00 230551535616.00 230644203520.00 230735544320.00 230830800896.00 230924566528.00 231017889792.00 231110934528.00 231204814848.00 231298072576.00 231392460800.00 231485194240.00 231579222016.00 231672922112.00 231764934656.00 231858716672.00 231953661952.00 232046854144.00 232140472320.00 
232228503552.00 232326201344.00 232420835328.00 232514945024.00 232607809536.00 232701476864.00 232794947584.00 232888811520.00 232981807104.00 233075654656.00 233168584704.00 233262661632.00 233356050432.00 233449668608.00 233542811648.00 233636249600.00 233727901696.00 233823305728.00 233916661760.00 234009526272.00 
234069393408.00 234199187456.00 234292346880.00 234385522688.00 234478469120.00 234571956224.00 234665394176.00 234759208960.00 234852646912.00 234946297856.00 235039653888.00 235133911040.00 235225743360.00 235320262656.00 235413962752.00 235507400704.00 235600642048.00 235694571520.00 235787714560.00 235881840640.00 
235972362240.00 236067880960.00 236162433024.00 236255608832.00 236349079552.00 236440879104.00 236535627776.00 236630245376.00 236721012736.00 236816728064.00 236909641728.00 237004062720.00 237097500672.00 237190840320.00 237284769792.00 237377748992.00 237470924800.00 237565362176.00 237658685440.00 237751926784.00 
237844480000.00 237939359744.00 238032453632.00 238126088192.00 238218182656.00 238311538688.00 238407876608.00 238500462592.00 238593949696.00 238687158272.00 238777581568.00 238874427392.00 238967701504.00 239061303296.00 239155036160.00 239248408576.00 239341961216.00 239435776000.00 239529345024.00 239622242304.00 
239704981504.00 239809937408.00 239903096832.00 239996370944.00 240089530368.00 240183459840.00 240276242432.00 240370745344.00 240463822848.00 240557867008.00 240650665984.00 240743923712.00 240839147520.00 240932651008.00 241025794048.00 241117446144.00 241211506688.00 241306419200.00 241399742464.00 241493655552.00 
241585274880.00 241680334848.00 241773395968.00 241867423744.00 241960075264.00 242054283264.00 242147786752.00 242241323008.00 242333483008.00 242429165568.00 242521440256.00 242615812096.00 242707021824.00 242802524160.00 242896142336.00 242989645824.00 243083051008.00 243176456192.00 243270303744.00 243363921920.00 
243443318784.00 243551240192.00 243644448768.00 243737788416.00 243831177216.00 243925106688.00 244018053120.00 244111998976.00 244204224512.00 244299890688.00 244392280064.00 244485931008.00 244579516416.00 244673069056.00 244766736384.00 244859633664.00 244953219072.00 245047345152.00 245140537344.00 245234188288.00 
245326544896.00 245421588480.00 245514829824.00 245609070592.00 245699788800.00 245786968064.00 245889040384.00 245982527488.00 246075703296.00 246169714688.00 246262284288.00 246356672512.00 246449569792.00 246543777792.00 246636888064.00 246730293248.00 246824173568.00 246917840896.00 247011000320.00 247104667648.00 
247192567808.00 247292002304.00 247385440256.00 247479271424.00 247572037632.00 247665590272.00 247759257600.00 247852236800.00 247946051584.00 248039096320.00 248130109440.00 248227020800.00 248320163840.00 248413618176.00 248507269120.00 248600461312.00 248692064256.00 248787664896.00 248881184768.00 248974426112.00 
249066487808.00 249160794112.00 249254264832.00 249347227648.00 249439158272.00 249530368000.00 249614729216.00 249754976256.00 249825148928.00 249915211776.00 250007044096.00 250100121600.00 250192461824.00 250286686208.00 250380124160.00 250471825408.00 250566541312.00 250660192256.00 250753564672.00 250846937088.00 
250937835520.00 251033911296.00 251127627776.00 251221098496.00 251314438144.00 251407859712.00 251501723648.00 251594915840.00 251686371328.00 251781988352.00 251874951168.00 251969404928.00 252062154752.00 252156067840.00 252249849856.00 252342812672.00 252436103168.00 252530327552.00 252623585280.00 252716892160.00 
252803792896.00 252903899136.00 252997779456.00 253091479552.00 253183885312.00 253277814784.00 253372350464.00 253465378816.00 253558521856.00 253652697088.00 253745545216.00 253839360000.00 253932765184.00 254026285056.00 254119477248.00 254213079040.00 254306926592.00 254402232320.00 254494130176.00 254587437056.00 
254670176256.00 254774689792.00 254868242432.00 254961729536.00 255055052800.00 255146868736.00 255242207232.00 255335284736.00 255429017600.00 255523192832.00 255615614976.00 255709708288.00 255803342848.00 255896977408.00 255990513664.00 256083689472.00 256176373760.00 256272777216.00 256364511232.00 256458342400.00 
256550453248.00 256645480448.00 256738607104.00 256832847872.00 256925302784.00 257018642432.00 257112686592.00 257207795712.00 257299431424.00 257393016832.00 257469497344.00 257580449792.00 257671741440.00 257767587840.00 257860894720.00 257954480128.00 258047901696.00 258141552640.00 258235318272.00 258328756224.00 
258419752960.00 258515877888.00 258610003968.00 258702737408.00 258796175360.00 258889564160.00 258983591936.00 259076800512.00 259169239040.00 259262054400.00 259357540352.00 259451502592.00 259544465408.00 259637559296.00 259731619840.00 259823452160.00 259918282752.00 260012294144.00 260106010624.00 260199514112.00 
260291493888.00 260386078720.00 260479696896.00 260574199808.00 260664836096.00 260760190976.00 260853940224.00 260947214336.00 261041520640.00 261135335424.00 261227593728.00 261322080256.00 261414895616.00 261508497408.00 261602148352.00 261695471616.00 261788745728.00 261883265024.00 261975736320.00 262069452800.00 
262135709696.00 262257819648.00 262350749696.00 262444318720.00 262537314304.00 262631112704.00 262725124096.00 262816694272.00 262910918656.00 263005503488.00 263097991168.00 263192674304.00 263285473280.00 263378960384.00 263472791552.00 263566835712.00 263657553920.00 263753449472.00 263846674432.00 263940292608.00 
264032501760.00 264127250432.00 264220622848.00 264314273792.00 264408252416.00 264500019200.00 264595144704.00 264688320512.00 264781660160.00 264875720704.00 264968781824.00 265063202816.00 265155051520.00 265249538048.00 265343664128.00 265436643328.00 265530310656.00 265623535616.00 265717678080.00 265811197952.00 
265901670400.00 265997991936.00 266090807296.00 266185392128.00 266278518784.00 266372005888.00 266465673216.00 266559225856.00 266650386432.00 266746003456.00 266836557824.00 266932797440.00 267026366464.00 267120164864.00 267213275136.00 267306369024.00 267398987776.00 267481612288.00 267590270976.00 267682512896.00 
267774279680.00 267869011968.00 267962515456.00 268055969792.00 268148113408.00 268242845696.00 268336513024.00 268429819904.00 268523814912.00 268617170944.00 268710019072.00 268804161536.00 268897239040.00 268991021056.00 269084409856.00 269169606656.00 269271416832.00 269365035008.00 269458407424.00 269552336896.00 
269634846720.00 269739278336.00 269832617984.00 269926367232.00 270019854336.00 270113095680.00 270206713856.00 270300332032.00 270393245696.00 270490025984.00 270580645888.00 270674558976.00 270768029696.00 270861697024.00 270954790912.00 271048441856.00 271141191680.00 271235907584.00 271329312768.00 271422750720.00 
271509471232.00 271609806848.00 271704129536.00 271796813824.00 271889940480.00 271983591424.00 272077717504.00 272170631168.00 272263610368.00 272349642752.00 272451960832.00 272545759232.00 272636805120.00 272732405760.00 272825761792.00 272919199744.00 273012686848.00 273106550784.00 273199759360.00 273294082048.00 
273384046592.00 273480237056.00 273573953536.00 273665753088.00 273761189888.00 273852563456.00 273947803648.00 274041913344.00 274133975040.00 274228625408.00 274321358848.00 274415468544.00 274508890112.00 274601820160.00 274696929280.00 274789695488.00 274883117056.00 274977259520.00 275070189568.00 275164200960.00 
275256279040.00 275350781952.00 275444629504.00 275537657856.00 275629342720.00 275724664832.00 275818741760.00 275911606272.00 276005814272.00 276099366912.00 276189020160.00 276286373888.00 276379140096.00 276473184256.00 276566835200.00 276660224000.00 276753416192.00 276847722496.00 276941438976.00 277034565632.00 
277122252800.00 277221244928.00 277314732032.00 277412085760.00 277501968384.00 277595389952.00 277689335808.00 277782364160.00 277876244480.00 277969502208.00 278062366720.00 278156509184.00 278250258432.00 278344531968.00 278436970496.00 278529179648.00 278621913088.00 278718087168.00 278811475968.00 278905389056.00 
278996910080.00 279092396032.00 279185784832.00 279278288896.00 279371874304.00 279465197568.00 279559438336.00 279652859904.00 279746641920.00 279839145984.00 279932764160.00 280027693056.00 280119312384.00 280213553152.00 280306810880.00 280400134144.00 280493293568.00 280586944512.00 280679677952.00 280770084864.00 
280799412224.00 280968953856.00 281059393536.00 281151635456.00 281244499968.00 281337692160.00 281431310336.00 281524600832.00 281615958016.00 281711575040.00 281804570624.00 281898582016.00 281991872512.00 282086965248.00 282178813952.00 282272268288.00 282365558784.00 282459504640.00 282553384960.00 282647003136.00 
282738917376.00 282833584128.00 282926809088.00 283020656640.00 283113095168.00 283206287360.00 283300855808.00 283392016384.00 283487928320.00 283581972480.00 283674181632.00 283768979456.00 283861712896.00 283956117504.00 284049080320.00 284142731264.00 284236152832.00 284329148416.00 284423946240.00 284516810752.00 
284599353344.00 284704047104.00 284797534208.00 284890955776.00 284984672256.00 285078061056.00 285171122176.00 285264412672.00 285358981120.00 285452337152.00 285542481920.00 285639737344.00 285732896768.00 285826056192.00 285919903744.00 286013030400.00 286106124288.00 286200496128.00 286293688320.00 286389239808.00 
286480039936.00 286574936064.00 286668488704.00 286761713664.00 286855200768.00 286948524032.00 287042306048.00 287136120832.00 287229247488.00 287322767360.00 287416090624.00 287510200320.00 287601426432.00 287696257024.00 287790006272.00 287881986048.00 287976488960.00 288077971456.00 288165036032.00 288258097152.00 
288349093888.00 288445235200.00 288539443200.00 288632504320.00 288725794816.00 288819183616.00 288913063936.00 289006845952.00 289098858496.00 289193394176.00 289286225920.00 289382367232.00 289473757184.00 289567571968.00 289661059072.00 289754382336.00 289847705600.00 289942110208.00 290034778112.00 290128363520.00 
290215428096.00 290315698176.00 290408202240.00 290502672384.00 290594455552.00 290689679360.00 290783363072.00 290876817408.00 290969976832.00 291063300096.00 291156131840.00 291240673280.00 291345530880.00 291438690304.00 291531718656.00 291624910848.00 291718660096.00 291812900864.00 291905536000.00 291999219712.00 
292087300096.00 292186292224.00 292281024512.00 292374118400.00 292466819072.00 292551819264.00 292654120960.00 292747706368.00 292840800256.00 292934418432.00 293027282944.00 293121851392.00 293214879744.00 293308432384.00 293401788416.00 293495603200.00 293587091456.00 293682741248.00 293776424960.00 293869715456.00 
293961891840.00 294057050112.00 294150045696.00 294247104512.00 294337150976.00 294430834688.00 294524813312.00 294618300416.00 294711689216.00 294805962752.00 294895190016.00 294992248832.00 295084490752.00 295179419648.00 295272742912.00 295366197248.00 295459880960.00 295553105920.00 295648952320.00 295740473344.00 
295831076864.00 295927644160.00 296021622784.00 296115240960.00 296207941632.00 296301330432.00 296394948608.00 296489189376.00 296580218880.00 296675901440.00 296768962560.00 296862515200.00 296955936768.00 297050144768.00 297143336960.00 297235316736.00 297329623040.00 297424191488.00 297517154304.00 297611132928.00 
297703079936.00 297798041600.00 297891594240.00 297985277952.00 298077454336.00 298171793408.00 298265346048.00 298359816192.00 298452516864.00 298545709056.00 298639392768.00 298732191744.00 298826366976.00 298920706048.00 299013341184.00 299106566144.00 299199889408.00 299293278208.00 299386404864.00 299478286336.00 
299519410176.00 299672535040.00 299763728384.00 299856986112.00 299950178304.00 300042944512.00 300136792064.00 300230705152.00 300323438592.00 300417089536.00 300510052352.00 300604293120.00 300697649152.00 300791431168.00 300884983808.00 300978241536.00 301070909440.00 301164920832.00 301258866688.00 301352779776.00 
301444497408.00 301539196928.00 301632389120.00 301726564352.00 301819756544.00 301911638016.00 302007189504.00 302100807680.00 302193606656.00 302287781888.00 302380580864.00 302475509760.00 302566277120.00 302661861376.00 302753939456.00 302848442368.00 302942388224.00 303036268544.00 303127461888.00 303222882304.00 
303313551360.00 303409987584.00 303503278080.00 303596797952.00 303690448896.00 303783772160.00 303877128192.00 303970844672.00 304063479808.00 304157949952.00 304234561536.00 304345677824.00 304438738944.00 304531898368.00 304625549312.00 304719495168.00 304812687360.00 304906633216.00 304999727104.00 305093083136.00 
305185488896.00 305280614400.00 305374429184.00 305467228160.00 305558781952.00 305654398976.00 305747886080.00 305841438720.00 305934925824.00 306028642304.00 306121408512.00 306215550976.00 306307760128.00 306405670912.00 306497257472.00 306588418048.00 306683674624.00 306776997888.00 306870484992.00 306963873792.00 
307052281856.00 307151142912.00 307243188224.00 307337822208.00 307431505920.00 307524763648.00 307619168256.00 307712294912.00 307805487104.00 307899564032.00 307992297472.00 308086374400.00 308179337216.00 308273283072.00 308364345344.00 308460584960.00 308552138752.00 308647821312.00 308741210112.00 308834828288.00 
308921106432.00 309021704192.00 309114798080.00 309208580096.00 309301182464.00 309395750912.00 309489369088.00 309582987264.00 309676179456.00 309769469952.00 309862727680.00 309956902912.00 310049505280.00 310143778816.00 310236938240.00 310330654720.00 310423945216.00 310517399552.00 310611836928.00 310705094656.00 
310795927552.00 310891872256.00 310984867840.00 311078748160.00 311172857856.00 311264477184.00 311359471616.00 311452762112.00 311544414208.00 311640555520.00 311732731904.00 311826382848.00 311919050752.00 312007196672.00 312111661056.00 312203018240.00 312295587840.00 312389533696.00 312482988032.00 312576049152.00 
312668094464.00 312763645952.00 312856805376.00 312950521856.00 313042075648.00 313136807936.00 313230426112.00 313324929024.00 313417596928.00 313511346176.00 313601458176.00 313698091008.00 313791152128.00 313885491200.00 313978650624.00 314072858624.00 314165755904.00 314259079168.00 314352173056.00 314446413824.00 
314528923648.00 314633486336.00 314727038976.00 314820362240.00 314914078720.00 315007369216.00 315101118464.00 315194474496.00 315287240704.00 315382005760.00 315474903040.00 315568914432.00 315661942784.00 315756085248.00 315849179136.00 315934015488.00 316035268608.00 316130033664.00 316223356928.00 316317270016.00 
316409217024.00 316504276992.00 316597141504.00 316690956288.00 316783132672.00 316879208448.00 316972072960.00 317065461760.00 317158588416.00 317252108288.00 317345693696.00 317438984192.00 317530865664.00 317626843136.00 317721018368.00 317813129216.00 317906714624.00 318000037888.00 318094245888.00 318187700224.00 
318267195392.00 318374838272.00 318468063232.00 318563221504.00 318655397888.00 318748360704.00 318842241024.00 318935367680.00 319028592640.00 319122636800.00 319215861760.00 319309545472.00 319403458560.00 319497371648.00 319590268928.00 319683756032.00 319777013760.00 319870435328.00 319964413952.00 320058425344.00 
320150241280.00 320245268480.00 320338657280.00 320431947776.00 320523108352.00 320617283584.00 320712048640.00 320805175296.00 320896335872.00 320997720064.00 321087864832.00 321181351936.00 321273987072.00 321368129536.00 321461223424.00 321554579456.00 321648066560.00 321741881344.00 321834975232.00 321928527872.00 
322017001472.00 322116222976.00 322209873920.00 322302476288.00 322396127232.00 322489778176.00 322583298048.00 322676752384.00 322769747968.00 322864087040.00 322954231808.00 323053027328.00 323144187904.00 323238821888.00 323331588096.00 323425402880.00 323516727296.00 323612377088.00 323705962496.00 323799318528.00 
323891888128.00 323986948096.00 324079779840.00 324173692928.00 324266557440.00 324360077312.00 324453072896.00 324548591616.00 324640964608.00 324734484480.00 324827742208.00 324922245120.00 325013962752.00 325108334592.00 325202575360.00 325294194688.00 325389189120.00 325483003904.00 325575606272.00 325670240256.00 
325760942080.00 325856591872.00 325950373888.00 326044352512.00 326138200064.00 326230507520.00 326324486144.00 326417547264.00 326509330432.00 326605111296.00 326698237952.00 326792708096.00 326885015552.00 326979813376.00 327072546816.00 327166361600.00 327258734592.00 327352287232.00 327446396928.00 327539458048.00 
327598604288.00 327729053696.00 327821754368.00 327915143168.00 328007352320.00 328101625856.00 328195178496.00 328288567296.00 328381792256.00 328475869184.00 328568635392.00 328662319104.00 328755675136.00 328849948672.00 328943009792.00 329035939840.00 329130147840.00 329223864320.00 329317842944.00 329411198976.00 
329493741568.00 329597911040.00 329691201536.00 329785540608.00 329879060480.00 329970221056.00 330065575936.00 330159226880.00 330252288000.00 330345709568.00 330439458816.00 330533175296.00 330626957312.00 330721067008.00 330814357504.00 330907779072.00 330999693312.00 331094720512.00 331187847168.00 331282153472.00 
331373805568.00 331470209024.00 331562516480.00 331656167424.00 331748671488.00 331842387968.00 331936530432.00 332029591552.00 332123275264.00 332216598528.00 332306874368.00 332403376128.00 332494831616.00 332590776320.00 332683870208.00 332775817216.00 332873859072.00 332965445632.00 333058998272.00 333152813056.00 
333243613184.00 333339721728.00 333432848384.00 333526171648.00 333620183040.00 333713211392.00 333806960640.00 333900218368.00 333993115648.00 334088011776.00 334180646912.00 334274297856.00 334368210944.00 334461534208.00 334555185152.00 334646935552.00 334741798912.00 334835384320.00 334929133568.00 335027666944.00 
335115485184.00 335210250240.00 335303016448.00 335396929536.00 335488090112.00 335583641600.00 335677194240.00 335771140096.00 335864037376.00 335957655552.00 336051339264.00 336144695296.00 336238116864.00 336332161024.00 336425517056.00 336518807552.00 336612556800.00 336706076672.00 336799793152.00 336892526592.00 
336958849024.00 337081171968.00 337174822912.00 337267752960.00 337361272832.00 337454432256.00 337548410880.00 337641734144.00 337735450624.00 337828249600.00 337921572864.00 338015649792.00 338109071360.00 338203738112.00 338295881728.00 338389401600.00 338481119232.00 338576113664.00 338669961216.00 338760073216.00 
338856378368.00 338950815744.00 339044925440.00 339137953792.00 339231703040.00 339316506624.00 339418415104.00 339512360960.00 339606011904.00 339699269632.00 339792101376.00 339886964736.00 339978682368.00 340073447424.00 340166868992.00 340259536896.00 340352008192.00 340449001472.00 340541341696.00 340634861568.00 
340725661696.00 340821213184.00 340915453952.00 341008809984.00 341102166016.00 341195456512.00 341288976384.00 341381906432.00 341474017280.00 341569798144.00 341659713536.00 341755887616.00 341849374720.00 341944041472.00 342037594112.00 342130950144.00 342224142336.00 342317793280.00 342411444224.00 342505095168.00 
342596911104.00 342690594816.00 342786211840.00 342878617600.00 342971416576.00 343065690112.00 343158489088.00 343255220224.00 343346970624.00 343440424960.00 343533617152.00 343627956224.00 343720787968.00 343814307840.00 343907926016.00 344000004096.00 344095326208.00 344188583936.00 344281776128.00 344375230464.00 
344458428416.00 344562892800.00 344656216064.00 344749670400.00 344842862592.00 344936742912.00 345029804032.00 345123815424.00 345216581632.00 345311019008.00 345403621376.00 345498124288.00 345589776384.00 345685688320.00 345778880512.00 345871745024.00 345964806144.00 346059767808.00 346152599552.00 346246021120.00 
346333151232.00 346433454080.00 346526351360.00 346619576320.00 346713784320.00 346807140352.00 346901184512.00 346994114560.00 347087634432.00 347181056000.00 347274280960.00 347368488960.00 347459780608.00 347555004416.00 347647246336.00 347743387648.00 347836252160.00 347929509888.00 348023390208.00 348116353024.00 
348207513600.00 348304474112.00 348397273088.00 348490924032.00 348583624704.00 348676423680.00 348770926592.00 348864839680.00 348957409280.00 349052141568.00 349144645632.00 349239279616.00 349332340736.00 349424779264.00 349520461824.00 349613457408.00 349706813440.00 349800235008.00 349893820416.00 349987569664.00 
350079385600.00 350174019584.00 350269603840.00 350361550848.00 350452744192.00 350549016576.00 350641291264.00 350735204352.00 350828822528.00 350922047488.00 350999052288.00 351110037504.00 351202672640.00 351296716800.00 351390171136.00 351483723776.00 351577014272.00 351670534144.00 351764578304.00 351857541120.00 
351945883648.00 352045170688.00 352138166272.00 352231849984.00 352325042176.00 352419708928.00 352512868352.00 352607141888.00 352699449344.00 352793329664.00 352885964800.00 352980434944.00 353073463296.00 353167507456.00 353260830720.00 353352908800.00 353445543936.00 353541292032.00 353635926016.00 353728069632.00 
353820442624.00 353915699200.00 354008989696.00 354102312960.00 354195963904.00 354289614848.00 354383364096.00 354476687360.00 354570174464.00 354663563264.00 354757050368.00 354850734080.00 354943008768.00 355037872128.00 355131654144.00 355225010176.00 355318202368.00 355412082688.00 355505635328.00 355599187968.00 
355678617600.00 355786457088.00 355879550976.00 355973431296.00 356066590720.00 356159815680.00 356253630464.00 356347740160.00 356438867968.00 356533960704.00 356627677184.00 356721295360.00 356814422016.00 356908400640.00 357002772480.00 357094916096.00 357188632576.00 357282578432.00 357375082496.00 357469388800.00 
357561827328.00 357656592384.00 357749850112.00 357842976768.00 357936103424.00 358029295616.00 358122487808.00 358218039296.00 358311591936.00 358404849664.00 358497845248.00 358593331200.00 358684917760.00 358778732544.00 358872449024.00 358965608448.00 359058931712.00 359153238016.00 359246692352.00 359339982848.00 
359422427136.00 359527579648.00 359620640768.00 359714160640.00 359807516672.00 359900971008.00 359993769984.00 360089092096.00 360181465088.00 360274690048.00 360365293568.00 360462123008.00 360556527616.00 360649457664.00 360742879232.00 360836300800.00 360929263616.00 361022750720.00 361116860416.00 361210576896.00 
361302884352.00 361397420032.00 361489399808.00 361584394240.00 361678110720.00 361771499520.00 361865150464.00 361959391232.00 362052288512.00 362146332672.00 362238869504.00 362336059392.00 362424336384.00 362518773760.00 362612785152.00 362698342400.00 362800676864.00 362894458880.00 362987061248.00 363081334784.00 
363171971072.00 363267981312.00 363361370112.00 363455315968.00 363548344320.00 363641765888.00 363735744512.00 363829002240.00 363921866752.00 364016959488.00 364109463552.00 364203606016.00 364297584640.00 364390481920.00 364483772416.00 364577456128.00 364670648320.00 364764856320.00 364857294848.00 364951666688.00 
365038075904.00 365138509824.00 365231570944.00 365325844480.00 365417168896.00 365512589312.00 365606502400.00 365701431296.00 365792657408.00 365886439424.00 365979172864.00 366073151488.00 366166802432.00 366259765248.00 366354628608.00 366448050176.00 366541012992.00 366634696704.00 366728019968.00 366821965824.00 
366910177280.00 367008514048.00 367102558208.00 367195422720.00 367288942592.00 367380922368.00 367476473856.00 367570419712.00 367663087616.00 367757393920.00 367850061824.00 367943286784.00 368037298176.00 368131244032.00 368225189888.00 368318119936.00 368409411584.00 368504438784.00 368598679552.00 368692887552.00 
368784244736.00 368878714880.00 368972038144.00 369066246144.00 369159012352.00 369253023744.00 369346609152.00 369440260096.00 369532895232.00 369627299840.00 369717477376.00 369813979136.00 369906647040.00 370001739776.00 370094178304.00 370187632640.00 370281152512.00 370376015872.00 370468945920.00 370561941504.00 
370652479488.00 370748751872.00 370842796032.00 370935791616.00 371029475328.00 371122503680.00 371216384000.00 371309772800.00 371400933376.00 371496747008.00 371589414912.00 371683098624.00 371776520192.00 371870859264.00 371963625472.00 372055179264.00 372149780480.00 372243464192.00 372336852992.00 372430667776.00 
372521926656.00 372617052160.00 372709916672.00 372803338240.00 372895449088.00 372989394944.00 373082816512.00 373175418880.00 373268348928.00 373361737728.00 373453848576.00 373546909696.00 373638430720.00 373731000320.00 373822029824.00 373912535040.00 374001696768.00 374087680000.00 374165405696.00 374212100096.00 
end   dump: w
==END   DUMP_ARRAYS==
Time in seconds = 0.068215
