Sender: LSF System <lsfadmin@polus-c3-ib.bmc.hpc.cs.msu.ru>
Subject: Job 494420: <./extra.o> in cluster <MSUCluster> Done

Job <./extra.o> was submitted from host <polus-ib.bmc.hpc.cs.msu.ru> by user <edu-cmc-skpod19-328-11> in cluster <MSUCluster> at Fri Nov 29 23:44:36 2019
Job was executed on host(s) <5*polus-c3-ib.bmc.hpc.cs.msu.ru>, in queue <short>, as user <edu-cmc-skpod19-328-11> in cluster <MSUCluster> at Fri Nov 29 23:46:58 2019
                            <10*polus-c4-ib.bmc.hpc.cs.msu.ru>
</home_edu/edu-cmc-skpod19-328/edu-cmc-skpod19-328-11> was used as the home directory.
</home_edu/edu-cmc-skpod19-328/edu-cmc-skpod19-328-11/dep_gemver> was used as the working directory.
Started at Fri Nov 29 23:46:58 2019
Terminated at Fri Nov 29 23:47:00 2019
Results reported at Fri Nov 29 23:47:00 2019

Your job looked like:

------------------------------------------------------------
# LSBATCH: User input
./extra.o
------------------------------------------------------------

Successfully completed.

Resource usage summary:

    CPU time :                                   13.13 sec.
    Max Memory :                                 1 MB
    Average Memory :                             1.00 MB
    Total Requested Memory :                     -
    Delta Memory :                               -
    Max Swap :                                   -
    Max Processes :                              1
    Max Threads :                                1
    Run time :                                   1 sec.
    Turnaround time :                            144 sec.

The output (if any) follows:

==BEGIN DUMP_ARRAYS==
begin dump: w
0.00 0.00 0.00 0.00 0.00 0.00 0.00 0.00 0.00 0.00 0.00 0.00 0.00 0.00 0.00 0.00 0.00 0.00 0.00 0.00 
0.00 0.00 0.00 0.00 0.00 0.00 0.00 0.00 0.00 0.00 0.00 0.00 0.00 0.00 0.00 0.00 0.00 0.00 0.00 0.00 
0.00 0.00 0.00 0.00 0.00 0.00 0.00 0.00 0.00 0.00 0.00 0.00 0.00 0.00 0.00 0.00 0.00 0.00 0.00 0.00 
0.00 0.00 0.00 0.00 0.00 0.00 0.00 0.00 0.00 0.00 0.00 0.00 0.00 0.00 0.00 0.00 0.00 0.00 0.00 0.00 
0.00 0.00 0.00 0.00 0.00 0.00 0.00 0.00 0.00 0.00 0.00 0.00 0.00 0.00 0.00 0.00 0.00 0.00 0.00 0.00 
0.00 0.00 0.00 0.00 0.00 0.00 0.00 0.00 0.00 0.00 0.00 0.00 0.00 0.00 0.00 0.00 0.00 0.00 0.00 0.00 
0.00 0.00 0.00 0.00 0.00 0.00 0.00 0.00 0.00 0.00 0.00 0.00 0.00 0.00 0.00 0.00 0.00 0.00 0.00 0.00 
0.00 0.00 0.00 0.00 0.00 0.00 0.00 0.00 0.00 0.00 0.00 0.00 0.00 0.00 0.00 0.00 0.00 0.00 0.00 0.00 
0.00 0.00 0.00 0.00 0.00 0.00 0.00 0.00 0.00 0.00 0.00 0.00 0.00 0.00 0.00 0.00 0.00 0.00 0.00 0.00 
0.00 0.00 0.00 0.00 0.00 0.00 0.00 0.00 0.00 0.00 0.00 0.00 0.00 0.00 0.00 0.00 0.00 0.00 0.00 0.00 
0.00 0.00 0.00 0.00 0.00 0.00 0.00 0.00 0.00 0.00 0.00 0.00 0.00 0.00 0.00 0.00 0.00 0.00 0.00 0.00 
0.00 0.00 0.00 0.00 0.00 0.00 0.00 0.00 0.00 0.00 0.00 0.00 0.00 0.00 0.00 0.00 0.00 0.00 0.00 0.00 
0.00 0.00 0.00 0.00 0.00 0.00 0.00 0.00 0.00 0.00 0.00 0.00 0.00 0.00 0.00 0.00 0.00 0.00 0.00 0.00 
0.00 0.00 0.00 0.00 0.00 0.00 0.00 0.00 0.00 0.00 0.00 0.00 0.00 0.00 0.00 0.00 0.00 0.00 0.00 0.00 
0.00 0.00 0.00 0.00 0.00 0.00 0.00 0.00 0.00 0.00 0.00 0.00 0.00 0.00 0.00 0.00 0.00 0.00 0.00 0.00 
0.00 0.00 0.00 0.00 0.00 0.00 0.00 0.00 0.00 0.00 0.00 0.00 0.00 0.00 0.00 0.00 0.00 0.00 0.00 0.00 
0.00 0.00 0.00 0.00 0.00 0.00 0.00 0.00 0.00 0.00 0.00 0.00 0.00 0.00 0.00 0.00 0.00 0.00 0.00 0.00 
0.00 0.00 0.00 0.00 0.00 0.00 0.00 0.00 0.00 0.00 0.00 0.00 0.00 0.00 0.00 0.00 0.00 0.00 0.00 0.00 
0.00 0.00 0.00 0.00 0.00 0.00 0.00 0.00 0.00 0.00 0.00 0.00 0.00 0.00 0.00 0.00 0.00 0.00 0.00 0.00 
0.00 0.00 0.00 0.00 0.00 0.00 0.00 0.00 0.00 0.00 0.00 0.00 0.00 0.00 0.00 0.00 0.00 0.00 0.00 0.00 
0.00 0.00 0.00 0.00 0.00 0.00 0.00 0.00 0.00 0.00 0.00 0.00 0.00 0.00 0.00 0.00 0.00 0.00 0.00 0.00 
0.00 0.00 0.00 0.00 0.00 0.00 0.00 0.00 0.00 0.00 0.00 0.00 0.00 0.00 0.00 0.00 0.00 0.00 0.00 0.00 
0.00 0.00 0.00 0.00 0.00 0.00 0.00 0.00 0.00 0.00 0.00 0.00 0.00 0.00 0.00 0.00 0.00 0.00 0.00 0.00 
0.00 0.00 0.00 0.00 0.00 0.00 0.00 0.00 0.00 0.00 0.00 0.00 0.00 0.00 0.00 0.00 0.00 0.00 0.00 0.00 
0.00 0.00 0.00 0.00 0.00 0.00 0.00 0.00 0.00 0.00 0.00 0.00 0.00 0.00 0.00 0.00 0.00 0.00 0.00 0.00 
0.00 0.00 0.00 0.00 0.00 0.00 0.00 0.00 0.00 0.00 0.00 0.00 0.00 0.00 0.00 0.00 0.00 0.00 0.00 0.00 
0.00 0.00 0.00 0.00 0.00 0.00 0.00 0.00 0.00 0.00 0.00 0.00 0.00 0.00 0.00 0.00 0.00 0.00 0.00 0.00 
0.00 0.00 0.00 0.00 0.00 0.00 0.00 0.00 0.00 0.00 0.00 0.00 0.00 0.00 0.00 0.00 0.00 0.00 0.00 0.00 
0.00 0.00 0.00 0.00 0.00 0.00 0.00 0.00 0.00 0.00 0.00 0.00 0.00 0.00 0.00 0.00 0.00 0.00 0.00 0.00 
0.00 0.00 0.00 0.00 0.00 0.00 0.00 0.00 0.00 0.00 0.00 0.00 0.00 0.00 0.00 0.00 0.00 0.00 0.00 0.00 
0.00 0.00 0.00 0.00 0.00 0.00 0.00 0.00 0.00 0.00 0.00 0.00 0.00 0.00 0.00 0.00 0.00 0.00 0.00 0.00 
0.00 0.00 0.00 0.00 0.00 0.00 0.00 0.00 0.00 0.00 0.00 0.00 0.00 0.00 0.00 0.00 0.00 0.00 0.00 0.00 
0.00 0.00 0.00 0.00 0.00 0.00 0.00 0.00 0.00 0.00 0.00 0.00 0.00 0.00 0.00 0.00 0.00 0.00 0.00 0.00 
0.00 0.00 0.00 0.00 0.00 0.00 0.00 0.00 0.00 0.00 0.00 0.00 0.00 0.00 0.00 0.00 0.00 0.00 0.00 0.00 
0.00 0.00 0.00 0.00 0.00 0.00 0.00 0.00 0.00 0.00 0.00 0.00 0.00 0.00 0.00 0.00 0.00 0.00 0.00 0.00 
0.00 0.00 0.00 0.00 0.00 0.00 0.00 0.00 0.00 0.00 0.00 0.00 0.00 0.00 0.00 0.00 0.00 0.00 0.00 0.00 
0.00 0.00 0.00 0.00 0.00 0.00 0.00 0.00 0.00 0.00 0.00 0.00 0.00 0.00 0.00 0.00 0.00 0.00 0.00 0.00 
0.00 0.00 0.00 0.00 0.00 0.00 0.00 0.00 0.00 0.00 0.00 0.00 0.00 0.00 0.00 0.00 0.00 0.00 0.00 0.00 
0.00 0.00 0.00 0.00 0.00 0.00 0.00 0.00 0.00 0.00 0.00 0.00 0.00 0.00 0.00 0.00 0.00 0.00 0.00 0.00 
0.00 0.00 0.00 0.00 0.00 0.00 0.00 0.00 0.00 0.00 0.00 0.00 0.00 0.00 0.00 0.00 0.00 0.00 0.00 0.00 
0.00 0.00 0.00 0.00 0.00 0.00 0.00 0.00 0.00 0.00 0.00 0.00 0.00 0.00 0.00 0.00 0.00 0.00 0.00 0.00 
0.00 0.00 0.00 0.00 0.00 0.00 0.00 0.00 0.00 0.00 0.00 0.00 0.00 0.00 0.00 0.00 0.00 0.00 0.00 0.00 
0.00 0.00 0.00 0.00 0.00 0.00 0.00 0.00 0.00 0.00 0.00 0.00 0.00 0.00 0.00 0.00 0.00 0.00 0.00 0.00 
0.00 0.00 0.00 0.00 0.00 0.00 0.00 0.00 0.00 0.00 0.00 0.00 0.00 0.00 0.00 0.00 0.00 0.00 0.00 0.00 
0.00 0.00 0.00 0.00 0.00 0.00 0.00 0.00 0.00 0.00 0.00 0.00 0.00 0.00 0.00 0.00 0.00 0.00 0.00 0.00 
0.00 0.00 0.00 0.00 0.00 0.00 0.00 0.00 0.00 0.00 0.00 0.00 0.00 0.00 0.00 0.00 0.00 0.00 0.00 0.00 
0.00 0.00 0.00 0.00 0.00 0.00 0.00 0.00 0.00 0.00 0.00 0.00 0.00 0.00 0.00 0.00 0.00 0.00 0.00 0.00 
0.00 0.00 0.00 0.00 0.00 0.00 0.00 0.00 0.00 0.00 0.00 0.00 0.00 0.00 0.00 0.00 0.00 0.00 0.00 0.00 
0.00 0.00 0.00 0.00 0.00 0.00 0.00 0.00 0.00 0.00 0.00 0.00 0.00 0.00 0.00 0.00 0.00 0.00 0.00 0.00 
0.00 0.00 0.00 0.00 0.00 0.00 0.00 0.00 0.00 0.00 0.00 0.00 0.00 0.00 0.00 0.00 0.00 0.00 0.00 0.00 
0.00 0.00 0.00 0.00 0.00 0.00 0.00 0.00 0.00 0.00 0.00 0.00 0.00 0.00 0.00 0.00 0.00 0.00 0.00 0.00 
0.00 0.00 0.00 0.00 0.00 0.00 0.00 0.00 0.00 0.00 0.00 0.00 0.00 0.00 0.00 0.00 0.00 0.00 0.00 0.00 
0.00 0.00 0.00 0.00 0.00 0.00 0.00 0.00 0.00 0.00 0.00 0.00 0.00 0.00 0.00 0.00 0.00 0.00 0.00 0.00 
0.00 0.00 0.00 0.00 0.00 0.00 0.00 0.00 0.00 0.00 0.00 0.00 0.00 0.00 0.00 0.00 0.00 0.00 0.00 0.00 
0.00 0.00 0.00 0.00 0.00 0.00 0.00 0.00 0.00 0.00 0.00 0.00 0.00 0.00 0.00 0.00 0.00 0.00 0.00 0.00 
0.00 0.00 0.00 0.00 0.00 0.00 0.00 0.00 0.00 0.00 0.00 0.00 0.00 0.00 0.00 0.00 0.00 0.00 0.00 0.00 
0.00 0.00 0.00 0.00 0.00 0.00 0.00 0.00 0.00 0.00 0.00 0.00 0.00 0.00 0.00 0.00 0.00 0.00 0.00 0.00 
0.00 0.00 0.00 0.00 0.00 0.00 0.00 0.00 0.00 0.00 0.00 0.00 0.00 0.00 0.00 0.00 0.00 0.00 0.00 0.00 
0.00 0.00 0.00 0.00 0.00 0.00 0.00 0.00 0.00 0.00 0.00 0.00 0.00 0.00 0.00 0.00 0.00 0.00 0.00 0.00 
0.00 0.00 0.00 0.00 0.00 0.00 0.00 0.00 0.00 0.00 0.00 0.00 0.00 0.00 0.00 0.00 0.00 0.00 0.00 0.00 
0.00 0.00 0.00 0.00 0.00 0.00 0.00 0.00 0.00 0.00 0.00 0.00 0.00 0.00 0.00 0.00 0.00 0.00 0.00 0.00 
0.00 0.00 0.00 0.00 0.00 0.00 0.00 0.00 0.00 0.00 0.00 0.00 0.00 0.00 0.00 0.00 0.00 0.00 0.00 0.00 
0.00 0.00 0.00 0.00 0.00 0.00 0.00 0.00 0.00 0.00 0.00 0.00 0.00 0.00 0.00 0.00 0.00 0.00 0.00 0.00 
0.00 0.00 0.00 0.00 0.00 0.00 0.00 0.00 0.00 0.00 0.00 0.00 0.00 0.00 0.00 0.00 0.00 0.00 0.00 0.00 
0.00 0.00 0.00 0.00 0.00 0.00 0.00 0.00 0.00 0.00 0.00 0.00 0.00 0.00 0.00 0.00 0.00 0.00 0.00 0.00 
0.00 0.00 0.00 0.00 0.00 0.00 0.00 0.00 0.00 0.00 0.00 0.00 0.00 0.00 0.00 0.00 0.00 0.00 0.00 0.00 
0.00 0.00 0.00 0.00 0.00 0.00 0.00 0.00 0.00 0.00 0.00 0.00 0.00 0.00 0.00 0.00 0.00 0.00 0.00 0.00 
0.00 0.00 0.00 0.00 0.00 0.00 0.00 0.00 0.00 0.00 0.00 0.00 0.00 0.00 0.00 0.00 0.00 0.00 0.00 0.00 
0.00 0.00 0.00 0.00 0.00 0.00 0.00 0.00 0.00 0.00 0.00 0.00 0.00 0.00 0.00 0.00 0.00 0.00 0.00 0.00 
0.00 0.00 0.00 0.00 0.00 0.00 0.00 0.00 0.00 0.00 0.00 0.00 0.00 0.00 0.00 0.00 0.00 0.00 0.00 0.00 
0.00 0.00 0.00 0.00 0.00 0.00 0.00 0.00 0.00 0.00 0.00 0.00 0.00 0.00 0.00 0.00 0.00 0.00 0.00 0.00 
0.00 0.00 0.00 0.00 0.00 0.00 0.00 0.00 0.00 0.00 0.00 0.00 0.00 0.00 0.00 0.00 0.00 0.00 0.00 0.00 
0.00 0.00 0.00 0.00 0.00 0.00 0.00 0.00 0.00 0.00 0.00 0.00 0.00 0.00 0.00 0.00 0.00 0.00 0.00 0.00 
0.00 0.00 0.00 0.00 0.00 0.00 0.00 0.00 0.00 0.00 0.00 0.00 0.00 0.00 0.00 0.00 0.00 0.00 0.00 0.00 
0.00 0.00 0.00 0.00 0.00 0.00 0.00 0.00 0.00 0.00 0.00 0.00 0.00 0.00 0.00 0.00 0.00 0.00 0.00 0.00 
0.00 0.00 0.00 0.00 0.00 0.00 0.00 0.00 0.00 0.00 0.00 0.00 0.00 0.00 0.00 0.00 0.00 0.00 0.00 0.00 
0.00 0.00 0.00 0.00 0.00 0.00 0.00 0.00 0.00 0.00 0.00 0.00 0.00 0.00 0.00 0.00 0.00 0.00 0.00 0.00 
0.00 0.00 0.00 0.00 0.00 0.00 0.00 0.00 0.00 0.00 0.00 0.00 0.00 0.00 0.00 0.00 0.00 0.00 0.00 0.00 
0.00 0.00 0.00 0.00 0.00 0.00 0.00 0.00 0.00 0.00 0.00 0.00 0.00 0.00 0.00 0.00 0.00 0.00 0.00 0.00 
0.00 0.00 0.00 0.00 0.00 0.00 0.00 0.00 0.00 0.00 0.00 0.00 0.00 0.00 0.00 0.00 0.00 0.00 0.00 0.00 
0.00 0.00 0.00 0.00 0.00 0.00 0.00 0.00 0.00 0.00 0.00 0.00 0.00 0.00 0.00 0.00 0.00 0.00 0.00 0.00 
0.00 0.00 0.00 0.00 0.00 0.00 0.00 0.00 0.00 0.00 0.00 0.00 0.00 0.00 0.00 0.00 0.00 0.00 0.00 0.00 
0.00 0.00 0.00 0.00 0.00 0.00 0.00 0.00 0.00 0.00 0.00 0.00 0.00 0.00 0.00 0.00 0.00 0.00 0.00 0.00 
0.00 0.00 0.00 0.00 0.00 0.00 0.00 0.00 0.00 0.00 0.00 0.00 0.00 0.00 0.00 0.00 0.00 0.00 0.00 0.00 
0.00 0.00 0.00 0.00 0.00 0.00 0.00 0.00 0.00 0.00 0.00 0.00 0.00 0.00 0.00 0.00 0.00 0.00 0.00 0.00 
0.00 0.00 0.00 0.00 0.00 0.00 0.00 0.00 0.00 0.00 0.00 0.00 0.00 0.00 0.00 0.00 0.00 0.00 0.00 0.00 
0.00 0.00 0.00 0.00 0.00 0.00 0.00 0.00 0.00 0.00 0.00 0.00 0.00 0.00 0.00 0.00 0.00 0.00 0.00 0.00 
0.00 0.00 0.00 0.00 0.00 0.00 0.00 0.00 0.00 0.00 0.00 0.00 0.00 0.00 0.00 0.00 0.00 0.00 0.00 0.00 
0.00 0.00 0.00 0.00 0.00 0.00 0.00 0.00 0.00 0.00 0.00 0.00 0.00 0.00 0.00 0.00 0.00 0.00 0.00 0.00 
0.00 0.00 0.00 0.00 0.00 0.00 0.00 0.00 0.00 0.00 0.00 0.00 0.00 0.00 0.00 0.00 0.00 0.00 0.00 0.00 
0.00 0.00 0.00 0.00 0.00 0.00 0.00 0.00 0.00 0.00 0.00 0.00 0.00 0.00 0.00 0.00 0.00 0.00 0.00 0.00 
0.00 0.00 0.00 0.00 0.00 0.00 0.00 0.00 0.00 0.00 0.00 0.00 0.00 0.00 0.00 0.00 0.00 0.00 0.00 0.00 
0.00 0.00 0.00 0.00 0.00 0.00 0.00 0.00 0.00 0.00 0.00 0.00 0.00 0.00 0.00 0.00 0.00 0.00 0.00 0.00 
0.00 0.00 0.00 0.00 0.00 0.00 0.00 0.00 0.00 0.00 0.00 0.00 0.00 0.00 0.00 0.00 0.00 0.00 0.00 0.00 
0.00 0.00 0.00 0.00 0.00 0.00 0.00 0.00 0.00 0.00 0.00 0.00 0.00 0.00 0.00 0.00 0.00 0.00 0.00 0.00 
0.00 0.00 0.00 0.00 0.00 0.00 0.00 0.00 0.00 0.00 0.00 0.00 0.00 0.00 0.00 0.00 0.00 0.00 0.00 0.00 
0.00 0.00 0.00 0.00 0.00 0.00 0.00 0.00 0.00 0.00 0.00 0.00 0.00 0.00 0.00 0.00 0.00 0.00 0.00 0.00 
0.00 0.00 0.00 0.00 0.00 0.00 0.00 0.00 0.00 0.00 0.00 0.00 0.00 0.00 0.00 0.00 0.00 0.00 0.00 0.00 
0.00 0.00 0.00 0.00 0.00 0.00 0.00 0.00 0.00 0.00 0.00 0.00 0.00 0.00 0.00 0.00 0.00 0.00 0.00 0.00 
0.00 0.00 0.00 0.00 0.00 0.00 0.00 0.00 0.00 0.00 0.00 0.00 0.00 0.00 0.00 0.00 0.00 0.00 0.00 0.00 
0.00 0.00 0.00 0.00 0.00 0.00 0.00 0.00 0.00 0.00 0.00 0.00 0.00 0.00 0.00 0.00 0.00 0.00 0.00 0.00 
0.00 0.00 0.00 0.00 0.00 0.00 0.00 0.00 0.00 0.00 0.00 0.00 0.00 0.00 0.00 0.00 0.00 0.00 0.00 0.00 
0.00 0.00 0.00 0.00 0.00 0.00 0.00 0.00 0.00 0.00 0.00 0.00 0.00 0.00 0.00 0.00 0.00 0.00 0.00 0.00 
0.00 0.00 0.00 0.00 0.00 0.00 0.00 0.00 0.00 0.00 0.00 0.00 0.00 0.00 0.00 0.00 0.00 0.00 0.00 0.00 
0.00 0.00 0.00 0.00 0.00 0.00 0.00 0.00 0.00 0.00 0.00 0.00 0.00 0.00 0.00 0.00 0.00 0.00 0.00 0.00 
0.00 0.00 0.00 0.00 0.00 0.00 0.00 0.00 0.00 0.00 0.00 0.00 0.00 0.00 0.00 0.00 0.00 0.00 0.00 0.00 
0.00 0.00 0.00 0.00 0.00 0.00 0.00 0.00 0.00 0.00 0.00 0.00 0.00 0.00 0.00 0.00 0.00 0.00 0.00 0.00 
0.00 0.00 0.00 0.00 0.00 0.00 0.00 0.00 0.00 0.00 0.00 0.00 0.00 0.00 0.00 0.00 0.00 0.00 0.00 0.00 
0.00 0.00 0.00 0.00 0.00 0.00 0.00 0.00 0.00 0.00 0.00 0.00 0.00 0.00 0.00 0.00 0.00 0.00 0.00 0.00 
0.00 0.00 0.00 0.00 0.00 0.00 0.00 0.00 0.00 0.00 0.00 0.00 0.00 0.00 0.00 0.00 0.00 0.00 0.00 0.00 
0.00 0.00 0.00 0.00 0.00 0.00 0.00 0.00 0.00 0.00 0.00 0.00 0.00 0.00 0.00 0.00 0.00 0.00 0.00 0.00 
0.00 0.00 0.00 0.00 0.00 0.00 0.00 0.00 0.00 0.00 0.00 0.00 0.00 0.00 0.00 0.00 0.00 0.00 0.00 0.00 
0.00 0.00 0.00 0.00 0.00 0.00 0.00 0.00 0.00 0.00 0.00 0.00 0.00 0.00 0.00 0.00 0.00 0.00 0.00 0.00 
0.00 0.00 0.00 0.00 0.00 0.00 0.00 0.00 0.00 0.00 0.00 0.00 0.00 0.00 0.00 0.00 0.00 0.00 0.00 0.00 
0.00 0.00 0.00 0.00 0.00 0.00 0.00 0.00 0.00 0.00 0.00 0.00 0.00 0.00 0.00 0.00 0.00 0.00 0.00 0.00 
0.00 0.00 0.00 0.00 0.00 0.00 0.00 0.00 0.00 0.00 0.00 0.00 0.00 0.00 0.00 0.00 0.00 0.00 0.00 0.00 
0.00 0.00 0.00 0.00 0.00 0.00 0.00 0.00 0.00 0.00 0.00 0.00 0.00 0.00 0.00 0.00 0.00 0.00 0.00 0.00 
0.00 0.00 0.00 0.00 0.00 0.00 0.00 0.00 0.00 0.00 0.00 0.00 0.00 0.00 0.00 0.00 0.00 0.00 0.00 0.00 
0.00 0.00 0.00 0.00 0.00 0.00 0.00 0.00 0.00 0.00 0.00 0.00 0.00 0.00 0.00 0.00 0.00 0.00 0.00 0.00 
0.00 0.00 0.00 0.00 0.00 0.00 0.00 0.00 0.00 0.00 0.00 0.00 0.00 0.00 0.00 0.00 0.00 0.00 0.00 0.00 
0.00 0.00 0.00 0.00 0.00 0.00 0.00 0.00 0.00 0.00 0.00 0.00 0.00 0.00 0.00 0.00 0.00 0.00 0.00 0.00 
0.00 0.00 0.00 0.00 0.00 0.00 0.00 0.00 0.00 0.00 0.00 0.00 0.00 0.00 0.00 0.00 0.00 0.00 0.00 0.00 
0.00 0.00 0.00 0.00 0.00 0.00 0.00 0.00 0.00 0.00 0.00 0.00 0.00 0.00 0.00 0.00 0.00 0.00 0.00 0.00 
0.00 0.00 0.00 0.00 0.00 0.00 0.00 0.00 0.00 0.00 0.00 0.00 0.00 0.00 0.00 0.00 0.00 0.00 0.00 0.00 
0.00 0.00 0.00 0.00 0.00 0.00 0.00 0.00 0.00 0.00 0.00 0.00 0.00 0.00 0.00 0.00 0.00 0.00 0.00 0.00 
0.00 0.00 0.00 0.00 0.00 0.00 0.00 0.00 0.00 0.00 0.00 0.00 0.00 0.00 0.00 0.00 0.00 0.00 0.00 0.00 
0.00 0.00 0.00 0.00 0.00 0.00 0.00 0.00 0.00 0.00 0.00 0.00 0.00 0.00 0.00 0.00 0.00 0.00 0.00 0.00 
0.00 0.00 0.00 0.00 0.00 0.00 0.00 0.00 0.00 0.00 0.00 0.00 0.00 0.00 0.00 0.00 0.00 0.00 0.00 0.00 
0.00 0.00 0.00 0.00 0.00 0.00 0.00 0.00 0.00 0.00 0.00 0.00 0.00 0.00 0.00 0.00 0.00 0.00 0.00 0.00 
0.00 0.00 0.00 0.00 0.00 0.00 0.00 0.00 0.00 0.00 0.00 0.00 0.00 0.00 0.00 0.00 0.00 0.00 0.00 0.00 
0.00 0.00 0.00 0.00 0.00 0.00 0.00 0.00 0.00 0.00 0.00 0.00 0.00 0.00 0.00 0.00 0.00 0.00 0.00 0.00 
0.00 0.00 0.00 0.00 0.00 0.00 0.00 0.00 0.00 0.00 0.00 0.00 0.00 0.00 0.00 0.00 0.00 0.00 0.00 0.00 
0.00 0.00 0.00 0.00 0.00 0.00 0.00 0.00 0.00 0.00 0.00 0.00 0.00 0.00 0.00 0.00 0.00 0.00 0.00 0.00 
0.00 0.00 0.00 0.00 0.00 0.00 0.00 0.00 0.00 0.00 0.00 0.00 0.00 0.00 0.00 0.00 0.00 0.00 0.00 0.00 
0.00 0.00 0.00 0.00 0.00 0.00 0.00 0.00 0.00 0.00 0.00 0.00 0.00 0.00 0.00 0.00 0.00 0.00 0.00 0.00 
0.00 0.00 0.00 0.00 0.00 0.00 0.00 0.00 0.00 0.00 0.00 0.00 0.00 0.00 0.00 0.00 0.00 0.00 0.00 0.00 
0.00 0.00 0.00 0.00 0.00 0.00 0.00 0.00 0.00 0.00 0.00 0.00 0.00 0.00 0.00 0.00 0.00 0.00 0.00 0.00 
0.00 0.00 0.00 0.00 0.00 0.00 0.00 0.00 0.00 0.00 0.00 0.00 0.00 0.00 0.00 0.00 0.00 0.00 0.00 0.00 
0.00 0.00 0.00 0.00 0.00 0.00 0.00 0.00 0.00 0.00 0.00 0.00 0.00 0.00 0.00 0.00 0.00 0.00 0.00 0.00 
0.00 0.00 0.00 0.00 0.00 0.00 0.00 0.00 0.00 0.00 0.00 0.00 0.00 0.00 0.00 0.00 0.00 0.00 0.00 0.00 
0.00 0.00 0.00 0.00 0.00 0.00 0.00 0.00 0.00 0.00 0.00 0.00 0.00 0.00 0.00 0.00 0.00 0.00 0.00 0.00 
0.00 0.00 0.00 0.00 0.00 0.00 0.00 0.00 0.00 0.00 0.00 0.00 0.00 0.00 0.00 0.00 0.00 0.00 0.00 0.00 
0.00 0.00 0.00 0.00 0.00 0.00 0.00 0.00 0.00 0.00 0.00 0.00 0.00 0.00 0.00 0.00 0.00 0.00 0.00 0.00 
0.00 0.00 0.00 0.00 0.00 0.00 0.00 0.00 0.00 0.00 0.00 0.00 0.00 0.00 0.00 0.00 0.00 0.00 0.00 0.00 
0.00 0.00 0.00 0.00 0.00 0.00 0.00 0.00 0.00 0.00 0.00 0.00 0.00 0.00 0.00 0.00 0.00 0.00 0.00 0.00 
0.00 0.00 0.00 0.00 0.00 0.00 0.00 0.00 0.00 0.00 0.00 0.00 0.00 0.00 0.00 0.00 0.00 0.00 0.00 0.00 
0.00 0.00 0.00 0.00 0.00 0.00 0.00 0.00 0.00 0.00 0.00 0.00 0.00 0.00 0.00 0.00 0.00 0.00 0.00 0.00 
0.00 0.00 0.00 0.00 0.00 0.00 0.00 0.00 0.00 0.00 0.00 0.00 0.00 0.00 0.00 0.00 0.00 0.00 0.00 0.00 
0.00 0.00 0.00 0.00 0.00 0.00 0.00 0.00 0.00 0.00 0.00 0.00 0.00 0.00 0.00 0.00 0.00 0.00 0.00 0.00 
0.00 0.00 0.00 0.00 0.00 0.00 0.00 0.00 0.00 0.00 0.00 0.00 0.00 0.00 0.00 0.00 0.00 0.00 0.00 0.00 
0.00 0.00 0.00 0.00 0.00 0.00 0.00 0.00 0.00 0.00 0.00 0.00 0.00 0.00 0.00 0.00 0.00 0.00 0.00 0.00 
0.00 0.00 0.00 0.00 0.00 0.00 0.00 0.00 0.00 0.00 0.00 0.00 0.00 0.00 0.00 0.00 0.00 0.00 0.00 0.00 
0.00 0.00 0.00 0.00 0.00 0.00 0.00 0.00 0.00 0.00 0.00 0.00 0.00 0.00 0.00 0.00 0.00 0.00 0.00 0.00 
0.00 0.00 0.00 0.00 0.00 0.00 0.00 0.00 0.00 0.00 0.00 0.00 0.00 0.00 0.00 0.00 0.00 0.00 0.00 0.00 
0.00 0.00 0.00 0.00 0.00 0.00 0.00 0.00 0.00 0.00 0.00 0.00 0.00 0.00 0.00 0.00 0.00 0.00 0.00 0.00 
0.00 0.00 0.00 0.00 0.00 0.00 0.00 0.00 0.00 0.00 0.00 0.00 0.00 0.00 0.00 0.00 0.00 0.00 0.00 0.00 
0.00 0.00 0.00 0.00 0.00 0.00 0.00 0.00 0.00 0.00 0.00 0.00 0.00 0.00 0.00 0.00 0.00 0.00 0.00 0.00 
0.00 0.00 0.00 0.00 0.00 0.00 0.00 0.00 0.00 0.00 0.00 0.00 0.00 0.00 0.00 0.00 0.00 0.00 0.00 0.00 
0.00 0.00 0.00 0.00 0.00 0.00 0.00 0.00 0.00 0.00 0.00 0.00 0.00 0.00 0.00 0.00 0.00 0.00 0.00 0.00 
0.00 0.00 0.00 0.00 0.00 0.00 0.00 0.00 0.00 0.00 0.00 0.00 0.00 0.00 0.00 0.00 0.00 0.00 0.00 0.00 
0.00 0.00 0.00 0.00 0.00 0.00 0.00 0.00 0.00 0.00 0.00 0.00 0.00 0.00 0.00 0.00 0.00 0.00 0.00 0.00 
0.00 0.00 0.00 0.00 0.00 0.00 0.00 0.00 0.00 0.00 0.00 0.00 0.00 0.00 0.00 0.00 0.00 0.00 0.00 0.00 
0.00 0.00 0.00 0.00 0.00 0.00 0.00 0.00 0.00 0.00 0.00 0.00 0.00 0.00 0.00 0.00 0.00 0.00 0.00 0.00 
0.00 0.00 0.00 0.00 0.00 0.00 0.00 0.00 0.00 0.00 0.00 0.00 0.00 0.00 0.00 0.00 0.00 0.00 0.00 0.00 
0.00 0.00 0.00 0.00 0.00 0.00 0.00 0.00 0.00 0.00 0.00 0.00 0.00 0.00 0.00 0.00 0.00 0.00 0.00 0.00 
0.00 0.00 0.00 0.00 0.00 0.00 0.00 0.00 0.00 0.00 0.00 0.00 0.00 0.00 0.00 0.00 0.00 0.00 0.00 0.00 
0.00 0.00 0.00 0.00 0.00 0.00 0.00 0.00 0.00 0.00 0.00 0.00 0.00 0.00 0.00 0.00 0.00 0.00 0.00 0.00 
0.00 0.00 0.00 0.00 0.00 0.00 0.00 0.00 0.00 0.00 0.00 0.00 0.00 0.00 0.00 0.00 0.00 0.00 0.00 0.00 
0.00 0.00 0.00 0.00 0.00 0.00 0.00 0.00 0.00 0.00 0.00 0.00 0.00 0.00 0.00 0.00 0.00 0.00 0.00 0.00 
0.00 0.00 0.00 0.00 0.00 0.00 0.00 0.00 0.00 0.00 0.00 0.00 0.00 0.00 0.00 0.00 0.00 0.00 0.00 0.00 
0.00 0.00 0.00 0.00 0.00 0.00 0.00 0.00 0.00 0.00 0.00 0.00 0.00 0.00 0.00 0.00 0.00 0.00 0.00 0.00 
0.00 0.00 0.00 0.00 0.00 0.00 0.00 0.00 0.00 0.00 0.00 0.00 0.00 0.00 0.00 0.00 0.00 0.00 0.00 0.00 
0.00 0.00 0.00 0.00 0.00 0.00 0.00 0.00 0.00 0.00 0.00 0.00 0.00 0.00 0.00 0.00 0.00 0.00 0.00 0.00 
0.00 0.00 0.00 0.00 0.00 0.00 0.00 0.00 0.00 0.00 0.00 0.00 0.00 0.00 0.00 0.00 0.00 0.00 0.00 0.00 
0.00 0.00 0.00 0.00 0.00 0.00 0.00 0.00 0.00 0.00 0.00 0.00 0.00 0.00 0.00 0.00 0.00 0.00 0.00 0.00 
0.00 0.00 0.00 0.00 0.00 0.00 0.00 0.00 0.00 0.00 0.00 0.00 0.00 0.00 0.00 0.00 0.00 0.00 0.00 0.00 
0.00 0.00 0.00 0.00 0.00 0.00 0.00 0.00 0.00 0.00 0.00 0.00 0.00 0.00 0.00 0.00 0.00 0.00 0.00 0.00 
0.00 0.00 0.00 0.00 0.00 0.00 0.00 0.00 0.00 0.00 0.00 0.00 0.00 0.00 0.00 0.00 0.00 0.00 0.00 0.00 
0.00 0.00 0.00 0.00 0.00 0.00 0.00 0.00 0.00 0.00 0.00 0.00 0.00 0.00 0.00 0.00 0.00 0.00 0.00 0.00 
0.00 0.00 0.00 0.00 0.00 0.00 0.00 0.00 0.00 0.00 0.00 0.00 0.00 0.00 0.00 0.00 0.00 0.00 0.00 0.00 
0.00 0.00 0.00 0.00 0.00 0.00 0.00 0.00 0.00 0.00 0.00 0.00 0.00 0.00 0.00 0.00 0.00 0.00 0.00 0.00 
0.00 0.00 0.00 0.00 0.00 0.00 0.00 0.00 0.00 0.00 0.00 0.00 0.00 0.00 0.00 0.00 0.00 0.00 0.00 0.00 
0.00 0.00 0.00 0.00 0.00 0.00 0.00 0.00 0.00 0.00 0.00 0.00 0.00 0.00 0.00 0.00 0.00 0.00 0.00 0.00 
0.00 0.00 0.00 0.00 0.00 0.00 0.00 0.00 0.00 0.00 0.00 0.00 0.00 0.00 0.00 0.00 0.00 0.00 0.00 0.00 
0.00 0.00 0.00 0.00 0.00 0.00 0.00 0.00 0.00 0.00 0.00 0.00 0.00 0.00 0.00 0.00 0.00 0.00 0.00 0.00 
0.00 0.00 0.00 0.00 0.00 0.00 0.00 0.00 0.00 0.00 0.00 0.00 0.00 0.00 0.00 0.00 0.00 0.00 0.00 0.00 
0.00 0.00 0.00 0.00 0.00 0.00 0.00 0.00 0.00 0.00 0.00 0.00 0.00 0.00 0.00 0.00 0.00 0.00 0.00 0.00 
0.00 0.00 0.00 0.00 0.00 0.00 0.00 0.00 0.00 0.00 0.00 0.00 0.00 0.00 0.00 0.00 0.00 0.00 0.00 0.00 
0.00 0.00 0.00 0.00 0.00 0.00 0.00 0.00 0.00 0.00 0.00 0.00 0.00 0.00 0.00 0.00 0.00 0.00 0.00 0.00 
0.00 0.00 0.00 0.00 0.00 0.00 0.00 0.00 0.00 0.00 0.00 0.00 0.00 0.00 0.00 0.00 0.00 0.00 0.00 0.00 
0.00 0.00 0.00 0.00 0.00 0.00 0.00 0.00 0.00 0.00 0.00 0.00 0.00 0.00 0.00 0.00 0.00 0.00 0.00 0.00 
0.00 0.00 0.00 0.00 0.00 0.00 0.00 0.00 0.00 0.00 0.00 0.00 0.00 0.00 0.00 0.00 0.00 0.00 0.00 0.00 
0.00 0.00 0.00 0.00 0.00 0.00 0.00 0.00 0.00 0.00 0.00 0.00 0.00 0.00 0.00 0.00 0.00 0.00 0.00 0.00 
0.00 0.00 0.00 0.00 0.00 0.00 0.00 0.00 0.00 0.00 0.00 0.00 0.00 0.00 0.00 0.00 0.00 0.00 0.00 0.00 
0.00 0.00 0.00 0.00 0.00 0.00 0.00 0.00 0.00 0.00 0.00 0.00 0.00 0.00 0.00 0.00 0.00 0.00 0.00 0.00 
0.00 0.00 0.00 0.00 0.00 0.00 0.00 0.00 0.00 0.00 0.00 0.00 0.00 0.00 0.00 0.00 0.00 0.00 0.00 0.00 
0.00 0.00 0.00 0.00 0.00 0.00 0.00 0.00 0.00 0.00 0.00 0.00 0.00 0.00 0.00 0.00 0.00 0.00 0.00 0.00 
0.00 0.00 0.00 0.00 0.00 0.00 0.00 0.00 0.00 0.00 0.00 0.00 0.00 0.00 0.00 0.00 0.00 0.00 0.00 0.00 
0.00 0.00 0.00 0.00 0.00 0.00 0.00 0.00 0.00 0.00 0.00 0.00 0.00 0.00 0.00 0.00 0.00 0.00 0.00 0.00 
0.00 0.00 0.00 0.00 0.00 0.00 0.00 0.00 0.00 0.00 0.00 0.00 0.00 0.00 0.00 0.00 0.00 0.00 0.00 0.00 
end   dump: w
==END   DUMP_ARRAYS==
==BEGIN DUMP_ARRAYS==
begin dump: w
7835.50 470005024.00 517088864.00 595553536.00 681595200.00 770697728.00 861874368.00 953522304.00 1045562944.00 1138842240.00 1231193472.00 1324984576.00 1418070144.00 1511618688.00 1605128064.00 1698593280.00 1791358464.00 1886045056.00 1979679104.00 2073357056.00 
2166109696.00 2261313280.00 2354909696.00 2449064192.00 2542220544.00 2634859520.00 2730516224.00 2824221184.00 2918166528.00 3012481792.00 3105506048.00 3199354112.00 3291793664.00 3387862784.00 3481838080.00 3575536384.00 3669463808.00 3763750912.00 3857568512.00 3951721472.00 
4042960384.00 4139657984.00 4233581312.00 4326697472.00 4421580800.00 4515466752.00 4609994752.00 4703479296.00 4796564992.00 4891546624.00 4982077440.00 5079521280.00 5173616640.00 5267729408.00 5361221120.00 5455310336.00 5549112320.00 5643519488.00 5738080768.00 5831754240.00 
5924256256.00 6019474432.00 6113251840.00 6208293376.00 6299425792.00 6395298304.00 6489465344.00 6583558144.00 6677541376.00 6772427264.00 6864991232.00 6959257600.00 7053200384.00 7147898880.00 7241347072.00 7334016512.00 7429545984.00 7524137984.00 7617762816.00 7711877120.00 
7800267776.00 7899866112.00 7993828352.00 8087883776.00 8181732864.00 8275352064.00 8369433088.00 8464931840.00 8557583872.00 8652519424.00 8745492480.00 8840576000.00 8934152192.00 9026036736.00 9122095104.00 9215738880.00 9308039168.00 9404270592.00 9498293248.00 9592111104.00 
9679367168.00 9780145152.00 9874177024.00 9968121856.00 10061997056.00 10155982848.00 10250444800.00 10344493056.00 10437679104.00 10532542464.00 10625858560.00 10719964160.00 10813631488.00 10909108224.00 11002429440.00 11096424448.00 11190774784.00 11284558848.00 11378925568.00 11472832512.00 
11564070912.00 11660536832.00 11754841088.00 11848625152.00 11942591488.00 12027991040.00 12131241984.00 12226446336.00 12316841984.00 12410121216.00 12506497024.00 12600984576.00 12694924288.00 12788911104.00 12883225600.00 12976968704.00 13070733312.00 13165483008.00 13260804096.00 13353699328.00 
13446041600.00 13541280768.00 13635141632.00 13730297856.00 13822490624.00 13917252608.00 14011774976.00 14105394176.00 14198600704.00 14293944320.00 14384232448.00 14482266112.00 14575335424.00 14669224960.00 14764552192.00 14857533440.00 14951709696.00 15046136832.00 15139895296.00 15233916928.00 
15316737024.00 15422176256.00 15516048384.00 15609974784.00 15703910400.00 15797932032.00 15891934208.00 15986701312.00 16079738880.00 16173020160.00 16267511808.00 16362326016.00 16455888896.00 16550206464.00 16646347776.00 16736826368.00 16831451136.00 16927254528.00 17020614656.00 17114315776.00 
17207248896.00 17302810624.00 17397606400.00 17490223104.00 17584353280.00 17678542848.00 17771694080.00 17866786816.00 17960591360.00 18054924288.00 18147878912.00 18243217408.00 18334836736.00 18431082496.00 18525003776.00 18618361856.00 18712791040.00 18806986752.00 18900633600.00 18994622464.00 
19075145728.00 19183009792.00 19276861440.00 19371380736.00 19465064448.00 19558682624.00 19653212160.00 19747549184.00 19840352256.00 19935514624.00 20028450816.00 20124080128.00 20217454592.00 20311570432.00 20405698560.00 20499290112.00 20592990208.00 20687861760.00 20781619200.00 20875689984.00 
20968419328.00 21064169472.00 21156564992.00 21252481024.00 21343907840.00 21438400512.00 21534148608.00 21628121088.00 21721894912.00 21816109056.00 21909587968.00 22004068352.00 22097815552.00 22191316992.00 22286024704.00 22379034624.00 22474590208.00 22568398848.00 22662322176.00 22756610048.00 
22844932096.00 22944806912.00 23038459904.00 23132811264.00 23226494976.00 23320705024.00 23414482944.00 23508819968.00 23602114560.00 23696470016.00 23773030400.00 23885158400.00 23978928128.00 24072994816.00 24167593984.00 24260694016.00 24352849920.00 24448937984.00 24541585408.00 24637777920.00 
24729835520.00 24825344000.00 24918931456.00 25013118976.00 25106694144.00 25200842752.00 25294725120.00 25390561280.00 25483499520.00 25577510912.00 25670897664.00 25765234688.00 25858471936.00 25953902592.00 26048098304.00 26139863040.00 26236168192.00 26329733120.00 26423775232.00 26517094400.00 
26609033216.00 26705928192.00 26799695872.00 26893783040.00 26987417600.00 27081072640.00 27177588736.00 27270670336.00 27361996800.00 27458224128.00 27551584256.00 27646531584.00 27740055552.00 27834417152.00 27928027136.00 28021932032.00 28115462144.00 28210481152.00 28304406528.00 28398338048.00 
28485492736.00 28586375168.00 28680617984.00 28773808128.00 28867434496.00 28962179072.00 29056114688.00 29150074880.00 29246263296.00 29339025408.00 29432320000.00 29526865920.00 29620393984.00 29714864128.00 29809039360.00 29902708736.00 29997017088.00 30091040768.00 30185089024.00 30278903808.00 
30361886720.00 30467463168.00 30561157120.00 30655318016.00 30748856320.00 30841593856.00 30937155584.00 31031357440.00 31124975616.00 31219009536.00 31312719872.00 31407218688.00 31500814336.00 31593637888.00 31690422272.00 31783669760.00 31876739072.00 31972085760.00 32065130496.00 32161290240.00 
32252450816.00 32347783168.00 32441661440.00 32536311808.00 32629321728.00 32723752960.00 32817836032.00 32911863808.00 33006811136.00 33100750848.00 33190637568.00 33288300544.00 33379936256.00 33477500928.00 33570512896.00 33663881216.00 33758040064.00 33852293120.00 33946130432.00 34040815616.00 
34131531776.00 34228221952.00 34322161664.00 34415316992.00 34512457728.00 34604777472.00 34698543104.00 34793054208.00 34885779456.00 34980470784.00 35074162688.00 35168854016.00 35262226432.00 35356913664.00 35450839040.00 35536035840.00 35638439936.00 35732946944.00 35826995200.00 35921055744.00 
36013563904.00 36113530880.00 36203143168.00 36297654272.00 36389060608.00 36484947968.00 36579287040.00 36672364544.00 36767154176.00 36861452288.00 36954583040.00 37049614336.00 37142781952.00 37237370880.00 37331386368.00 37425033216.00 37519048704.00 37613490176.00 37707083776.00 37800673280.00 
37867520000.00 37990531072.00 38083993600.00 38178078720.00 38271688704.00 38365609984.00 38460010496.00 38554144768.00 38647455744.00 38742159360.00 38835355648.00 38930333696.00 39023915008.00 39118004224.00 39212617728.00 39306010624.00 39398039552.00 39494385664.00 39588409344.00 39682183168.00 
39774879744.00 39865573376.00 39964610560.00 40058531840.00 40152068096.00 40244867072.00 40340496384.00 40434585600.00 40528306176.00 40622870528.00 40716054528.00 40810676224.00 40903630848.00 40999100416.00 41092808704.00 41186746368.00 41280565248.00 41375133696.00 41468850176.00 41562402816.00 
41654140928.00 41750904832.00 41844871168.00 41938710528.00 42030448640.00 42129014784.00 42221953024.00 42315694080.00 42407415808.00 42503999488.00 42594123776.00 42691555328.00 42785406976.00 42879696896.00 42973466624.00 43067383808.00 43161128960.00 43255283712.00 43349331968.00 43442233344.00 
43536392192.00 43631570944.00 43725922304.00 43820032000.00 43912863744.00 44007260160.00 44101484544.00 44195569664.00 44289687552.00 44383977472.00 44476977152.00 44572733440.00 44665839616.00 44760240128.00 44854165504.00 44946587648.00 45041868800.00 45136166912.00 45230424064.00 45324271616.00 
45407227904.00 45512257536.00 45606469632.00 45700456448.00 45794267136.00 45888774144.00 45982887936.00 46076661760.00 46170349568.00 46264786944.00 46358171648.00 46452760576.00 46546558976.00 46640820224.00 46734671872.00 46828412928.00 46921674752.00 47016574976.00 47110426624.00 47203745792.00 
47263993856.00 47394533376.00 47487750144.00 47582109696.00 47675031552.00 47769165824.00 47863353344.00 47957118976.00 48051617792.00 48145240064.00 48238850048.00 48333479936.00 48425357312.00 48521924608.00 48615534592.00 48709287936.00 48802787328.00 48897142784.00 48991944704.00 49085775872.00 
49177051136.00 49273495552.00 49368399872.00 49461792768.00 49555689472.00 49648267264.00 49743810560.00 49838071808.00 49930919936.00 50025893888.00 50119307264.00 50214227968.00 50307657728.00 50400927744.00 50496671744.00 50590154752.00 50683904000.00 50778320896.00 50872143872.00 50965766144.00 
51059011584.00 51154542592.00 51248361472.00 51342602240.00 51434278912.00 51529940992.00 51624890368.00 51717890048.00 51812753408.00 51904933888.00 51997229056.00 52094664704.00 52188622848.00 52283232256.00 52376817664.00 52470472704.00 52564742144.00 52659245056.00 52752560128.00 52846891008.00 
52935405568.00 53035102208.00 53129302016.00 53223071744.00 53316747264.00 53410811904.00 53504794624.00 53599059968.00 53692366848.00 53786550272.00 53879496704.00 53971083264.00 54072627200.00 54164455424.00 54258356224.00 54350352384.00 54443769856.00 54540111872.00 54633803776.00 54728179712.00 
54820610048.00 54915457024.00 55009964032.00 55104278528.00 55197495296.00 55291645952.00 55386177536.00 55479934976.00 55573630976.00 55668207616.00 55761358848.00 55856197632.00 55948980224.00 56044556288.00 56138141696.00 56231907328.00 56326254592.00 56419016704.00 56514207744.00 56608100352.00 
56688484352.00 56796569600.00 56890417152.00 56984494080.00 57078538240.00 57172254720.00 57265274880.00 57360396288.00 57452515328.00 57549053952.00 57641984000.00 57736769536.00 57830461440.00 57924714496.00 58018549760.00 58111283200.00 58207334400.00 58301313024.00 58395099136.00 58488922112.00 
58581807104.00 58676932608.00 58770989056.00 58865360896.00 58958184448.00 59044597760.00 59147366400.00 59241275392.00 59335200768.00 59429425152.00 59522760704.00 59617103872.00 59711561728.00 59805900800.00 59899404288.00 59993591808.00 60087427072.00 60181590016.00 60275613696.00 60369592320.00 
60452519936.00 60557877248.00 60652298240.00 60745969664.00 60839604224.00 60933046272.00 61027880960.00 61121708032.00 61215412224.00 61310083072.00 61400612864.00 61497856000.00 61591924736.00 61685563392.00 61780213760.00 61873938432.00 61967179776.00 62061821952.00 62155997184.00 62249861120.00 
62342897664.00 62438051840.00 62531911680.00 62625980416.00 62719131648.00 62812844032.00 62904651776.00 63010562048.00 63098400768.00 63191904256.00 63284928512.00 63379382272.00 63471087616.00 63567364096.00 63661268992.00 63753482240.00 63848763392.00 63943442432.00 64037871616.00 64131231744.00 
64222466048.00 64319426560.00 64413265920.00 64507973632.00 64601088000.00 64695087104.00 64789565440.00 64883527680.00 64976388096.00 65071779840.00 65165180928.00 65259765760.00 65353347072.00 65447514112.00 65541476352.00 65635184640.00 65729675264.00 65823969280.00 65918021632.00 66011656192.00 
66098860032.00 66199531520.00 66293805056.00 66387849216.00 66479751168.00 66575425536.00 66672672768.00 66764386304.00 66858110976.00 66952261632.00 67045588992.00 67139874816.00 67233759232.00 67328237568.00 67421863936.00 67516186624.00 67610144768.00 67704655872.00 67799453696.00 67892383744.00 
67980857344.00 68080390144.00 68174397440.00 68268486656.00 68362297344.00 68454776832.00 68550057984.00 68641972224.00 68739268608.00 68833165312.00 68926373888.00 69021073408.00 69114724352.00 69209104384.00 69303050240.00 69396791296.00 69488852992.00 69585551360.00 69678923776.00 69772869632.00 
69865676800.00 69961629696.00 70055256064.00 70149169152.00 70242623488.00 70337028096.00 70431195136.00 70525493248.00 70619193344.00 70712819712.00 70789898240.00 70901948416.00 70994591744.00 71089774592.00 71183646720.00 71277461504.00 71371440128.00 71466016768.00 71559692288.00 71653801984.00 
71744970752.00 71841710080.00 71938023424.00 72029544448.00 72123555840.00 72217608192.00 72312856576.00 72405909504.00 72497856512.00 72593498112.00 72687558656.00 72782110720.00 72876261376.00 72970076160.00 73063718912.00 73156640768.00 73251667968.00 73346449408.00 73440559104.00 73534357504.00 
73626984448.00 73722249216.00 73816473600.00 73910583296.00 74003398656.00 74098122752.00 74192461824.00 74286637056.00 74380435456.00 74474741760.00 74567852032.00 74662567936.00 74755891200.00 74850353152.00 74944241664.00 75038048256.00 75131879424.00 75225890816.00 75319164928.00 75411415040.00 
75452841984.00 75606884352.00 75699060736.00 75792408576.00 75885969408.00 75979587584.00 76074008576.00 76167495680.00 76261294080.00 76356771840.00 76449185792.00 76544114688.00 76637511680.00 76731064320.00 76825788416.00 76919685120.00 77012795392.00 77107855360.00 77201694720.00 77295902720.00 
77388685312.00 77483925504.00 77578141696.00 77671972864.00 77765681152.00 77858406400.00 77953941504.00 78047748096.00 78142152704.00 78236164096.00 78329479168.00 78424276992.00 78516027392.00 78611931136.00 78706515968.00 78800101376.00 78894235648.00 78988288000.00 79082455040.00 79176523776.00 
79267708928.00 79364415488.00 79456141312.00 79552880640.00 79646416896.00 79740403712.00 79834570752.00 79928532992.00 80021708800.00 80117104640.00 80207364096.00 80304242688.00 80398712832.00 80492830720.00 80586997760.00 80680747008.00 80774201344.00 80865820672.00 80963485696.00 81057226752.00 
81149976576.00 81245462528.00 81339138048.00 81433411584.00 81525178368.00 81621581824.00 81715896320.00 81809956864.00 81903263744.00 81997250560.00 82091343872.00 82185707520.00 82279153664.00 82373582848.00 82467594240.00 82552799232.00 82655518720.00 82749349888.00 82842607616.00 82937896960.00 
83026280448.00 83125755904.00 83219824640.00 83313623040.00 83407691776.00 83501514752.00 83595788288.00 83689553920.00 83782377472.00 83888537600.00 83972571136.00 84067147776.00 84160380928.00 84254556160.00 84348297216.00 84442333184.00 84534255616.00 84630519808.00 84725391360.00 84818640896.00 
84905574400.00 85006565376.00 85100740608.00 85194440704.00 85288280064.00 85382561792.00 85476720640.00 85570904064.00 85664546816.00 85756821504.00 85852340224.00 85946990592.00 86039928832.00 86134833152.00 86228803584.00 86322692096.00 86416711680.00 86511452160.00 86604242944.00 86699384832.00 
86790275072.00 86887038976.00 86980796416.00 87068090368.00 87169622016.00 87261978624.00 87357579264.00 87451623424.00 87543414784.00 87639351296.00 87732756480.00 87827464192.00 87921262592.00 88015167488.00 88109555712.00 88203329536.00 88297095168.00 88391745536.00 88485625856.00 88579653632.00 
88672272384.00 88766062592.00 88862244864.00 88955994112.00 89049047040.00 89143803904.00 89238044672.00 89332277248.00 89425969152.00 89519915008.00 89610641408.00 89708199936.00 89801220096.00 89896714240.00 89990266880.00 90084032512.00 90178174976.00 90272317440.00 90366312448.00 90460364800.00 
90543308800.00 90648641536.00 90741891072.00 90837352448.00 90930323456.00 91024277504.00 91118731264.00 91212505088.00 91306278912.00 91400593408.00 91494498304.00 91588804608.00 91682758656.00 91779424256.00 91870838784.00 91963154432.00 92057976832.00 92152971264.00 92247064576.00 92340862976.00 
92433702912.00 92528836608.00 92622929920.00 92717072384.00 92810526720.00 92904800256.00 92999081984.00 93091962880.00 93186899968.00 93280894976.00 93374373888.00 93469171712.00 93560864768.00 93656727552.00 93750788096.00 93844283392.00 93938270208.00 94032166912.00 94124851200.00 94216101888.00 
94245412864.00 94415822848.00 94506827776.00 94600003584.00 94693343232.00 94786854912.00 94881136640.00 94975500288.00 95067709440.00 95162064896.00 95256084480.00 95351734272.00 95444451328.00 95538978816.00 95632596992.00 95726682112.00 95820406784.00 95915245568.00 96008757248.00 96102662144.00 
96195551232.00 96290619392.00 96384901120.00 96478724096.00 96570695680.00 96665157632.00 96760807424.00 96854433792.00 96948682752.00 97043185664.00 97136508928.00 97231175680.00 97324244992.00 97419337728.00 97512841216.00 97607049216.00 97701044224.00 97791934464.00 97889378304.00 97983733760.00 
98071789568.00 98171412480.00 98264907776.00 98359091200.00 98453610496.00 98547187712.00 98641338368.00 98735726592.00 98829148160.00 98923585536.00 99014082560.00 99111665664.00 99205103616.00 99300327424.00 99393732608.00 99487809536.00 99579772928.00 99676397568.00 99769786368.00 99864330240.00 
99956555776.00 100051812352.00 100145963008.00 100239982592.00 100333477888.00 100427571200.00 100521467904.00 100617322496.00 100710227968.00 100804542464.00 100897800192.00 100992376832.00 101085396992.00 101180071936.00 101274337280.00 101366710272.00 101462155264.00 101558255616.00 101650259968.00 101744689152.00 
101835849728.00 101931900928.00 102026764288.00 102120636416.00 102214500352.00 102308454400.00 102402719744.00 102497009664.00 102588588032.00 102684065792.00 102777634816.00 102881419264.00 102967435264.00 103061315584.00 103154737152.00 103249108992.00 103342850048.00 103437393920.00 103530381312.00 103625416704.00 
103712309248.00 103813496832.00 103907229696.00 104001216512.00 104094507008.00 104189329408.00 104283537408.00 104377376768.00 104471429120.00 104565506048.00 104658812928.00 104751153152.00 104847253504.00 104941699072.00 105035857920.00 105129541632.00 105223487488.00 105317842944.00 105411551232.00 105505939456.00 
105588760576.00 105694003200.00 105788178432.00 105882238976.00 105975996416.00 106061324288.00 106164043776.00 106258104320.00 106351550464.00 106446118912.00 106539532288.00 106634395648.00 106727759872.00 106822287360.00 106916102144.00 107009900544.00 107103281152.00 107198300160.00 107292131328.00 107386036224.00 
107478745088.00 107573682176.00 107666530304.00 107776163840.00 107857920000.00 107951390720.00 108045123584.00 108139331584.00 108233105408.00 108327198720.00 108417695744.00 108515352576.00 108607062016.00 108703113216.00 108797345792.00 108890882048.00 108985147392.00 109079101440.00 109173907456.00 109267263488.00 
109358628864.00 109455237120.00 109549232128.00 109643825152.00 109737132032.00 109831028736.00 109925466112.00 110019919872.00 110112555008.00 110207475712.00 110301077504.00 110395883520.00 110489493504.00 110583865344.00 110677827584.00 110769913856.00 110864785408.00 110960418816.00 111053979648.00 111148212224.00 
111240642560.00 111336030208.00 111430246400.00 111523872768.00 111615901696.00 111711338496.00 111806210048.00 111900385280.00 111994011648.00 112087998464.00 112181633024.00 112276168704.00 112369868800.00 112465960960.00 112557555712.00 112652124160.00 112746143744.00 112840359936.00 112934019072.00 113027776512.00 
113094574080.00 113217576960.00 113311113216.00 113404313600.00 113498710016.00 113592696832.00 113686913024.00 113780973568.00 113874468864.00 113968611328.00 114062409728.00 114156216320.00 114250342400.00 114345443328.00 114438873088.00 114532933632.00 114624929792.00 114720743424.00 114815516672.00 114909290496.00 
115001950208.00 115097182208.00 115191054336.00 115285319680.00 115378880512.00 115471736832.00 115567370240.00 115662020608.00 115755237376.00 115849502720.00 115942432768.00 116039860224.00 116131053568.00 116225916928.00 116319731712.00 116413652992.00 116507648000.00 116601839616.00 116695326720.00 116790157312.00 
116881072128.00 116978180096.00 117072003072.00 117166104576.00 117259804672.00 117353807872.00 117448286208.00 117541961728.00 117634072576.00 117730066432.00 117806735360.00 117918703616.00 118012485632.00 118105407488.00 118200385536.00 118294364160.00 118388105216.00 118482100224.00 118576496640.00 118670548992.00 
118763356160.00 118858727424.00 118952517632.00 119045251072.00 119140007936.00 119234756608.00 119328858112.00 119423016960.00 119516569600.00 119610982400.00 119704436736.00 119798562816.00 119892353024.00 119987503104.00 120081055744.00 120173502464.00 120269070336.00 120363646976.00 120457076736.00 120551325696.00 
120634023936.00 120739373056.00 120833015808.00 120925618176.00 121021415424.00 121115009024.00 121209815040.00 121303572480.00 121396887552.00 121491365888.00 121584771072.00 121679077376.00 121773318144.00 121867968512.00 121960972288.00 122055417856.00 122148593664.00 122243391488.00 122337452032.00 122431938560.00 
122518913024.00 122619936768.00 122713702400.00 122807967744.00 122901348352.00 122995728384.00 123089575936.00 123183955968.00 123277959168.00 123371675648.00 123465383936.00 123559968768.00 123651981312.00 123748401152.00 123841921024.00 123935547392.00 124029894656.00 124123938816.00 124217901056.00 124312297472.00 
124403531776.00 124500008960.00 124593750016.00 124688113664.00 124781682688.00 124874162176.00 124969590784.00 125063471104.00 125155999744.00 125250707456.00 125343408128.00 125436960768.00 125527015424.00 125597917184.00 125738770432.00 125823213568.00 125914611712.00 126007967744.00 126101430272.00 126195204096.00 
126287675392.00 126382751744.00 126476558336.00 126570553344.00 126662197248.00 126758109184.00 126852333568.00 126946533376.00 127040307200.00 127134457856.00 127224848384.00 127322890240.00 127415812096.00 127510609920.00 127604342784.00 127698214912.00 127792463872.00 127886229504.00 127980363776.00 128074579968.00 
128162766848.00 128262758400.00 128356179968.00 128450486272.00 128544473088.00 128638279680.00 128732823552.00 128826556416.00 128919994368.00 129014726656.00 129108066304.00 129202733056.00 129296687104.00 129390968832.00 129484611584.00 129570029568.00 129670709248.00 129766457344.00 129860911104.00 129954496512.00 
130047762432.00 130143232000.00 130237169664.00 130331107328.00 130424430592.00 130519105536.00 130613067776.00 130707456000.00 130801016832.00 130895249408.00 130988490752.00 131082846208.00 131176374272.00 131271450624.00 131365683200.00 131458932736.00 131553361920.00 131647528960.00 131741302784.00 131835199488.00 
131915456512.00 132023681024.00 132117217280.00 132211843072.00 132305403904.00 132399431680.00 132493778944.00 132587814912.00 132679729152.00 132775608320.00 132869046272.00 132963393536.00 133059051520.00 133152202752.00 133245960192.00 133339807744.00 133433597952.00 133528264704.00 133622251520.00 133715910656.00 
133809037312.00 133903900672.00 133998190592.00 134092152832.00 134185426944.00 134278594560.00 134374121472.00 134468304896.00 134561390592.00 134657687552.00 134750265344.00 134844801024.00 134938238976.00 135032807424.00 135127220224.00 135220404224.00 135315111936.00 135409131520.00 135502626816.00 135596687360.00 
135679721472.00 135785594880.00 135878885376.00 135972651008.00 136066678784.00 136160706560.00 136254758912.00 136349130752.00 136442585088.00 136537055232.00 136627576832.00 136725405696.00 136818786304.00 136912904192.00 137005981696.00 137102622720.00 137194856448.00 137289752576.00 137383641088.00 137477521408.00 
137570205696.00 137665658880.00 137759473664.00 137853370368.00 137947168768.00 138041360384.00 138135552000.00 138229891072.00 138323623936.00 138417897472.00 138511187968.00 138605920256.00 138697637888.00 138793566208.00 138888921088.00 138980425728.00 139075813376.00 139170201600.00 139263770624.00 139358961664.00 
139449319424.00 139545935872.00 139640291328.00 139734286336.00 139828264960.00 139921932288.00 140016254976.00 140110282752.00 140203245568.00 140298338304.00 140391776256.00 140486344704.00 140580126720.00 140674433024.00 140768755712.00 140862193664.00 140955975680.00 141050396672.00 141143916544.00 141237551104.00 
141297778688.00 141428211712.00 141521600512.00 141615415296.00 141707100160.00 141803044864.00 141897056256.00 141991231488.00 142085029888.00 142179336192.00 142272708608.00 142366883840.00 142460993536.00 142554988544.00 142649327616.00 142743060480.00 142837252096.00 142931066880.00 143025307648.00 143120498688.00 
143207907328.00 143307407360.00 143401320448.00 143495184384.00 143590555648.00 143682174976.00 143777398784.00 143871590400.00 143965110272.00 144059449344.00 144153198592.00 144247930880.00 144341991424.00 144435757056.00 144529883136.00 144623747072.00 144715628544.00 144811933696.00 144905011200.00 145001234432.00 
145092984832.00 145188569088.00 145282285568.00 145376509952.00 145470046208.00 145564106752.00 145658068992.00 145752440832.00 145846091776.00 145940480000.00 146031017984.00 146126585856.00 146221547520.00 146316623872.00 146410487808.00 146503909376.00 146599018496.00 146692997120.00 146786795520.00 146880987136.00 
146972098560.00 147070976000.00 147162742784.00 147256950784.00 147350618112.00 147443941376.00 147539230720.00 147632160768.00 147724845056.00 147821117440.00 147914506240.00 148009025536.00 148103168000.00 148196950016.00 148291158016.00 148383531008.00 148479115264.00 148573372416.00 148667678720.00 148762492928.00 
148853997568.00 148949385216.00 149043560448.00 149137375232.00 149230305280.00 149325578240.00 149419294720.00 149513584640.00 149607317504.00 149701197824.00 149794930688.00 149889564672.00 149982920704.00 150077538304.00 150171598848.00 150264987648.00 150359015424.00 150452731904.00 150546169856.00 150638510080.00 
150679945216.00 150833823744.00 150926180352.00 151019831296.00 151112974336.00 151206854656.00 151300866048.00 151394959360.00 151488380928.00 151582818304.00 151676043264.00 151770595328.00 151864885248.00 151959158784.00 152052105216.00 152146608128.00 152239800320.00 152332959744.00 152429346816.00 152521883648.00 
152615731200.00 152710807552.00 152805244928.00 152898650112.00 152992743424.00 153078448128.00 153180585984.00 153275039744.00 153369133056.00 153463504896.00 153556828160.00 153651494912.00 153743097856.00 153839353856.00 153933381632.00 154027016192.00 154120781824.00 154215645184.00 154309361664.00 154403815424.00 
154494992384.00 154589151232.00 154685472768.00 154779746304.00 154873446400.00 154967425024.00 155061452800.00 155150352384.00 155249098752.00 155344011264.00 155434549248.00 155531902976.00 155625586688.00 155720171520.00 155813822464.00 155907211264.00 156001501184.00 156096233472.00 156190097408.00 156284190720.00 
156376924160.00 156471853056.00 156566437888.00 156660219904.00 156751986688.00 156847783936.00 156941451264.00 157038477312.00 157130719232.00 157224894464.00 157318103040.00 157412769792.00 157506158592.00 157600448512.00 157694509056.00 157787029504.00 157882744832.00 157976838144.00 158070833152.00 158163861504.00 
158253203456.00 158352850944.00 158446813184.00 158540873728.00 158633754624.00 158729093120.00 158822989824.00 158917001216.00 159010684928.00 159105433600.00 159198642176.00 159293243392.00 159386648576.00 159481430016.00 159575113728.00 159669157888.00 159761268736.00 159860178944.00 159951470592.00 160045727744.00 
160132530176.00 160233783296.00 160327221248.00 160421937152.00 160515145728.00 160609517568.00 160703643648.00 160797278208.00 160891486208.00 160985628672.00 161078968320.00 161173454848.00 161266171904.00 161360576512.00 161449197568.00 161552334848.00 161644986368.00 161738752000.00 161832566784.00 161926004736.00 
162017738752.00 162114781184.00 162208530432.00 162302459904.00 162396094464.00 162488811520.00 162584379392.00 162678620160.00 162770354176.00 162866610176.00 162960244736.00 163054927872.00 163148808192.00 163242721280.00 163336994816.00 163430563840.00 163524296704.00 163618750464.00 163712925696.00 163805593600.00 
163899785216.00 163994779648.00 164089200640.00 164182867968.00 164276060160.00 164370841600.00 164464984064.00 164559126528.00 164652761088.00 164746919936.00 164823564288.00 164935237632.00 165028970496.00 165123391488.00 165216993280.00 165311070208.00 165404672000.00 165498667008.00 165593432064.00 165687410688.00 
165770346496.00 165875187712.00 165969674240.00 166063783936.00 166157664256.00 166251708416.00 166345736192.00 166439780352.00 166533251072.00 166627737600.00 166721028096.00 166816497664.00 166909706240.00 167003832320.00 167097810944.00 167190216704.00 167284326400.00 167378747392.00 167479459840.00 167569113088.00 
167661404160.00 167756365824.00 167850655744.00 167944503296.00 168038170624.00 168132395008.00 168226455552.00 168320270336.00 168414281728.00 168508653568.00 168602140672.00 168696135680.00 168788492288.00 168883814400.00 168978694144.00 169072427008.00 169166946304.00 169260777472.00 169354706944.00 169448620032.00 
169528950784.00 169637101568.00 169730965504.00 169825222656.00 169919168512.00 170012901376.00 170106912768.00 170201268224.00 170294214656.00 170389143552.00 170482548736.00 170577084416.00 170671276032.00 170765238272.00 170859626496.00 170953048064.00 171046600704.00 171141120000.00 171231330304.00 171330469888.00 
171422498816.00 171517657088.00 171612012544.00 171705630720.00 171797757952.00 171891965952.00 171987353600.00 172081774592.00 172175851520.00 172270436352.00 172363235328.00 172458442752.00 172551340032.00 172645613568.00 172740313088.00 172833701888.00 172927401984.00 173022052352.00 173116522496.00 173210157056.00 
173298483200.00 173397884928.00 173492174848.00 173586219008.00 173680115712.00 173773799424.00 173864747008.00 173963051008.00 174056341504.00 174150631424.00 174241234944.00 174338686976.00 174432731136.00 174526709760.00 174620508160.00 174714306560.00 174806630400.00 174902067200.00 174996668416.00 175090696192.00 
175183478784.00 175278850048.00 175372517376.00 175465693184.00 175560409088.00 175654518784.00 175748661248.00 175844163584.00 175937110016.00 176031727616.00 176124608512.00 176219979776.00 176312074240.00 176407085056.00 176501325824.00 176586637312.00 176689201152.00 176783441920.00 176877535232.00 176971333632.00 
177062674432.00 177159454720.00 177252696064.00 177348198400.00 177441669120.00 177535385600.00 177629560832.00 177723768832.00 177815896064.00 177912627200.00 178005229568.00 178100092928.00 178193760256.00 178287362048.00 178381701120.00 178476646400.00 178569576448.00 178664210432.00 178758008832.00 178853019648.00 
178939084800.00 179041206272.00 179134087168.00 179228016640.00 179321012224.00 179417088000.00 179510427648.00 179604996096.00 179698221056.00 179791953920.00 179885916160.00 179980713984.00 180073971712.00 180164624384.00 180262567936.00 180356415488.00 180450492416.00 180544831488.00 180638498816.00 180732461056.00 
180815659008.00 180921040896.00 181014740992.00 181108555776.00 181202419712.00 181295169536.00 181392506880.00 181484683264.00 181578170368.00 181673033728.00 181766307840.00 181857959936.00 181954953216.00 182049112064.00 182143156224.00 182236856320.00 182330310656.00 182425354240.00 182519300096.00 182613327872.00 
182706307072.00 182801350656.00 182895230976.00 182990061568.00 183083040768.00 183177347072.00 183272767488.00 183365599232.00 183459348480.00 183553703936.00 183644143616.00 183741284352.00 183833657344.00 183929487360.00 184023711744.00 184117395456.00 184211488768.00 184306270208.00 184399790080.00 184493932544.00 
184585043968.00 184682086400.00 184775966720.00 184870076416.00 184963825664.00 185058050048.00 185151815680.00 185246121984.00 185338822656.00 185434177536.00 185527238656.00 185620905984.00 185715802112.00 185810223104.00 185903661056.00 185996558336.00 186091601920.00 186184941568.00 186279444480.00 186374275072.00 
186466582528.00 186561937408.00 186656243712.00 186749829120.00 186841726976.00 186937393152.00 187031175168.00 187125465088.00 187219312640.00 187313471488.00 187406336000.00 187501068288.00 187594080256.00 187688452096.00 187781611520.00 187874574336.00 187967619072.00 188059631616.00 188149841920.00 188232040448.00 
188208381952.00 188467265536.00 188549693440.00 188639821824.00 188731604992.00 188824420352.00 188917760000.00 189011132416.00 189104570368.00 189198516224.00 189291806720.00 189386194944.00 189479993344.00 189574037504.00 189667901440.00 189761568768.00 189853220864.00 189949771776.00 190043291648.00 190137548800.00 
190230167552.00 190325260288.00 190419763200.00 190514282496.00 190607097856.00 190699847680.00 190795825152.00 190889345024.00 190983208960.00 191078760448.00 191170871296.00 191265669120.00 191358451712.00 191453331456.00 191547834368.00 191640993792.00 191735185408.00 191829540864.00 191923601408.00 192017874944.00 
192108756992.00 192205586432.00 192299565056.00 192393461760.00 192487555072.00 192581763072.00 192675577856.00 192769884160.00 192861519872.00 192958005248.00 193048477696.00 193145552896.00 193239400448.00 193333936128.00 193426751488.00 193521631232.00 193615462400.00 193709637632.00 193803960320.00 193898201088.00 
193990868992.00 194086223872.00 194180186112.00 194274246656.00 194367012864.00 194462056448.00 194556477440.00 194650390528.00 194744041472.00 194841493504.00 194931752960.00 195026321408.00 195119792128.00 195215015936.00 195306913792.00 195401089024.00 195496738816.00 195590864896.00 195684614144.00 195778215936.00 
195861495808.00 195967057920.00 196060758016.00 196154589184.00 196248403968.00 196342382592.00 196436672512.00 196534894592.00 196624515072.00 196719083520.00 196812406784.00 196907368448.00 197000839168.00 197094539264.00 197189435392.00 197282168832.00 197376425984.00 197471141888.00 197565267968.00 197658263552.00 
197746212864.00 197846417408.00 197941379072.00 198035177472.00 198128812032.00 198222348288.00 198317604864.00 198412124160.00 198505185280.00 198599426048.00 198693093376.00 198787301376.00 198879657984.00 198975553536.00 199069843456.00 199163609088.00 199257538560.00 199351533568.00 199446478848.00 199539900416.00 
199631290368.00 199728218112.00 199821770752.00 199915864064.00 200009629696.00 200095334400.00 200198176768.00 200292581376.00 200385101824.00 200479473664.00 200573452288.00 200667856896.00 200761917440.00 200855404544.00 200950857728.00 201044262912.00 201138077696.00 201233711104.00 201326985216.00 201420374016.00 
201513238528.00 201608691712.00 201702555648.00 201797484544.00 201888464896.00 201984802816.00 202078322688.00 202173071360.00 202266492928.00 202360717312.00 202451468288.00 202548903936.00 202642210816.00 202736549888.00 202834608128.00 202925326336.00 203018698752.00 203113496576.00 203207081984.00 203301765120.00 
203389435904.00 203489099776.00 203582799872.00 203677433856.00 203771723776.00 203865014272.00 203959025664.00 204053987328.00 204147163136.00 204241256448.00 204334956544.00 204429148160.00 204523585536.00 204617662464.00 204712083456.00 204803833856.00 204897599488.00 204993904640.00 205087326208.00 205181763584.00 
205274333184.00 205369131008.00 205468205056.00 205558644736.00 205651787776.00 205745864704.00 205840105472.00 205934166016.00 206027751424.00 206122352640.00 206215774208.00 206310424576.00 206403190784.00 206498398208.00 206592475136.00 206685978624.00 206779777024.00 206874247168.00 206968356864.00 207062237184.00 
207142486016.00 207250702336.00 207344500736.00 207438675968.00 207531868160.00 207626485760.00 207720660992.00 207815835648.00 207906586624.00 208003334144.00 208096280576.00 208190849024.00 208284745728.00 208378904576.00 208472719360.00 208566796288.00 208660496384.00 208754917376.00 208848617472.00 208943120384.00 
209035624448.00 209130536960.00 209220009984.00 209320804352.00 209412784128.00 209506271232.00 209601560576.00 209695604736.00 209789288448.00 209883021312.00 209976950784.00 210071781376.00 210165153792.00 210259787776.00 210353356800.00 210447171584.00 210541445120.00 210635571200.00 210729779200.00 210824183808.00 
210906726400.00 211011911680.00 211105988608.00 211200802816.00 211294420992.00 211387908096.00 211482378240.00 211576012800.00 211669450752.00 211764297728.00 211840565248.00 211952500736.00 212046151680.00 212140474368.00 212234469376.00 212328022016.00 212421345280.00 212516732928.00 212610121728.00 212704559104.00 
212796997632.00 212893892608.00 212986757120.00 213081063424.00 213174042624.00 213268217856.00 213362688000.00 213456928768.00 213550465024.00 213644132352.00 213737963520.00 213832843264.00 213924823040.00 214021013504.00 214114861056.00 214207135744.00 214302638080.00 214397173760.00 214490726400.00 214584573952.00 
214676176896.00 214773661696.00 214866952192.00 214960668672.00 215054073856.00 215146528768.00 215250239488.00 215338909696.00 215431266304.00 215526146048.00 215619256320.00 215713841152.00 215807442944.00 215902453760.00 215995858944.00 216089231360.00 216183341056.00 216277647360.00 216372281344.00 216465801216.00 
216552865792.00 216653709312.00 216748048384.00 216839536640.00 216933875712.00 217029640192.00 217124012032.00 217218039808.00 217312231424.00 217406488576.00 217499566080.00 217594167296.00 217688145920.00 217782419456.00 217876217856.00 217969704960.00 218065436672.00 218158366720.00 218252361728.00 218346700800.00 
218435190784.00 218535690240.00 218628194304.00 218722942976.00 218816348160.00 218909147136.00 219004960768.00 219099086848.00 219192279040.00 219286700032.00 219380039680.00 219474886656.00 219568373760.00 219661172736.00 219757658112.00 219851177984.00 219942993920.00 220039233536.00 220133113856.00 220227747840.00 
220320202752.00 220415098880.00 220509241344.00 220603236352.00 220696854528.00 220791603200.00 220885647360.00 220979167232.00 221073604608.00 221167484928.00 221257957376.00 221355376640.00 221448355840.00 221548773376.00 221637804032.00 221731733504.00 221825515520.00 221919690752.00 222013898752.00 222110318592.00 
222199005184.00 222295851008.00 222389927936.00 222483906560.00 222578360320.00 222671945728.00 222766022656.00 222860083200.00 222952046592.00 223048237056.00 223141347328.00 223236456448.00 223330025472.00 223424167936.00 223518703616.00 223603621888.00 223705989120.00 223800819712.00 223894306816.00 223988318208.00 
224081133568.00 224177455104.00 224270024704.00 224366510080.00 224457392128.00 224552304640.00 224647200768.00 224740147200.00 224834125824.00 224928825344.00 225022066688.00 225116782592.00 225209925632.00 225304477696.00 225398603776.00 225492172800.00 225585987584.00 225679638528.00 225773486080.00 225865449472.00 
225907032064.00 226060828672.00 226153086976.00 226246656000.00 226339962880.00 226433744896.00 226527608832.00 226621800448.00 226715336704.00 226810085376.00 226903359488.00 226998108160.00 227092152320.00 227185917952.00 227279978496.00 227373301760.00 227466772480.00 227562045440.00 227655794688.00 227750313984.00 
227842998272.00 227936894976.00 228031627264.00 228126244864.00 228219207680.00 228312694784.00 228408147968.00 228502618112.00 228595941376.00 228690231296.00 228783816704.00 228878172160.00 228970250240.00 229067407360.00 229160271872.00 229255036928.00 229348327424.00 229442535424.00 229536481280.00 229628428288.00 
229721915392.00 229818548224.00 229912526848.00 230006865920.00 230099779584.00 230195183616.00 230288736256.00 230383108096.00 230475808768.00 230572769280.00 230661373952.00 230759301120.00 230852902912.00 230947110912.00 231041171456.00 231134625792.00 231228555264.00 231322992640.00 231417020416.00 231511031808.00 
231603568640.00 231698481152.00 231794311168.00 231887716352.00 231979450368.00 232075460608.00 232169504768.00 232263467008.00 232356986880.00 232451293184.00 232544976896.00 232639741952.00 232733245440.00 232827977728.00 232921923584.00 233013968896.00 233108586496.00 233203974144.00 233297887232.00 233391996928.00 
233480060928.00 233578840064.00 233674276864.00 233768550400.00 233861808128.00 233955999744.00 234050060288.00 234144235520.00 234237739008.00 234332602368.00 234425696256.00 234520100864.00 234613981184.00 234708090880.00 234802085888.00 234896048128.00 234988240896.00 235084316672.00 235178016768.00 235271307264.00 
235331452928.00 235461951488.00 235555340288.00 235649318912.00 235742740480.00 235836637184.00 235930746880.00 236025135104.00 236118933504.00 236213223424.00 236306432000.00 236401098752.00 236494356480.00 236589219840.00 236683214848.00 236776865792.00 236870680576.00 236965199872.00 237059178496.00 237153681408.00 
237244678144.00 237340753920.00 237435731968.00 237529333760.00 237623181312.00 237715537920.00 237810499584.00 237905854464.00 237997441024.00 238093467648.00 238187085824.00 238281768960.00 238375436288.00 238469611520.00 238563753984.00 238657454080.00 238751383552.00 238845837312.00 238939930624.00 239034056704.00 
239126675456.00 239221964800.00 239315648512.00 239409807360.00 239502508032.00 239596077056.00 239693332480.00 239786311680.00 239880159232.00 239974006784.00 240065150976.00 240162357248.00 240256253952.00 240350494720.00 240444751872.00 240538238976.00 240632332288.00 240726523904.00 240820666368.00 240913793024.00 
240997449728.00 241102897152.00 241196711936.00 241290657792.00 241383948288.00 241478500352.00 241571971072.00 241666555904.00 241760387072.00 241854857216.00 241948098560.00 242041847808.00 242137776128.00 242231427072.00 242325241856.00 242417713152.00 242512035840.00 242607210496.00 242701205504.00 242795724800.00 
242888097792.00 242983583744.00 243077283840.00 243171344384.00 243264929792.00 243358908416.00 243453739008.00 243547176960.00 243640123392.00 243736002560.00 243828948992.00 243923927040.00 244015366144.00 244111540224.00 244205715456.00 244299776000.00 244393426944.00 244487602176.00 244581875712.00 244675936256.00 
244755906560.00 244864319488.00 244957937664.00 245051867136.00 245146042368.00 245240020992.00 245333852160.00 245428322304.00 245520990208.00 245616672768.00 245709586432.00 245804269568.00 245897986048.00 245991915520.00 246086418432.00 246179676160.00 246274195456.00 246368534528.00 246462316544.00 246556393472.00 
246649339904.00 246744989696.00 246838509568.00 246933241856.00 247024615424.00 247111663616.00 247214899200.00 247308845056.00 247402463232.00 247496753152.00 247590207488.00 247684874240.00 247778689024.00 247873028096.00 247966318592.00 248060739584.00 248154472448.00 248249073664.00 248342986752.00 248436752384.00 
248525635584.00 248625102848.00 248719179776.00 248813043712.00 248906399744.00 249000722432.00 249095061504.00 249188810752.00 249282527232.00 249376768000.00 249467879424.00 249565298688.00 249658867712.00 249752944640.00 249847152640.00 249940672512.00 250032766976.00 250128957440.00 250222936064.00 250317062144.00 
250409074688.00 250504101888.00 250598211584.00 250691452928.00 250783498240.00 250875658240.00 250960543744.00 251101609984.00 251171897344.00 251262517248.00 251354939392.00 251448590336.00 251541405696.00 251636121600.00 251729707008.00 251821981696.00 251917549568.00 252011544576.00 252105703424.00 252199567360.00 
252290695168.00 252387409920.00 252481437696.00 252575694848.00 252669214720.00 252763209728.00 252857450496.00 252951232512.00 253043064832.00 253139451904.00 253232758784.00 253327556608.00 253421256704.00 253515694080.00 253609607168.00 253703258112.00 253797203968.00 253891641344.00 253985816576.00 254079401984.00 
254166515712.00 254267375616.00 254361812992.00 254456102912.00 254548852736.00 254643372032.00 254738317312.00 254831869952.00 254925799424.00 255020351488.00 255113478144.00 255207948288.00 255301632000.00 255395807232.00 255489720320.00 255583633408.00 255677726720.00 255773720576.00 255866290176.00 255959990272.00 
256043122688.00 256148226048.00 256242450432.00 256335790080.00 256429850624.00 256522534912.00 256618283008.00 256711688192.00 256805912576.00 256900939776.00 256993869824.00 257088372736.00 257182564352.00 257276395520.00 257370472448.00 257464483840.00 257557315584.00 257654358016.00 257746665472.00 257840611328.00 
257933524992.00 258029010944.00 258122809344.00 258217263104.00 258310406144.00 258404286464.00 258499231744.00 258593980416.00 258686795776.00 258780872704.00 258857828352.00 258969370624.00 259061252096.00 259157458944.00 259251060736.00 259345399808.00 259439165440.00 259533553664.00 259627302912.00 259721379840.00 
259812868096.00 259909550080.00 260004102144.00 260097556480.00 260191535104.00 260285382656.00 260379623424.00 260473487360.00 260566401024.00 260659740672.00 260755898368.00 260850188288.00 260943970304.00 261037768704.00 261132025856.00 261224382464.00 261319442432.00 261414076416.00 261508333568.00 261602590720.00 
261694832640.00 261790384128.00 261883838464.00 261978816512.00 262070042624.00 262166233088.00 262260506624.00 262354075648.00 262449004544.00 262543441920.00 262635683840.00 262730907648.00 262824001536.00 262918389760.00 263012368384.00 263106232320.00 263200276480.00 263295287296.00 263388217344.00 263481917440.00 
263548600320.00 263671988224.00 263765295104.00 263859126272.00 263952678912.00 264046919680.00 264141553664.00 264233631744.00 264328429568.00 264423424000.00 264516583424.00 264611725312.00 264704704512.00 264799125504.00 264893235200.00 264987656192.00 265079422976.00 265175433216.00 265268985856.00 265363128320.00 
265456107520.00 265551380480.00 265645277184.00 265739190272.00 265833758720.00 265926246400.00 266021437440.00 266115727360.00 266209509376.00 266303700992.00 266397089792.00 266491920384.00 266584702976.00 266679451648.00 266774233088.00 266867851264.00 266961895424.00 267055611904.00 267149934592.00 267244273664.00 
267335352320.00 267431804928.00 267525537792.00 267620515840.00 267714101248.00 267808210944.00 267901894656.00 267996332032.00 268088295424.00 268184223744.00 268274991104.00 268372295680.00 268466012160.00 268560564224.00 268654166016.00 268747522048.00 268840452096.00 268923518976.00 269032931328.00 269125599232.00 
269218152448.00 269313441792.00 269407305728.00 269500809216.00 269594394624.00 269688913920.00 269782941696.00 269877198848.00 269970931712.00 270065434624.00 270158856192.00 270253457408.00 270347141120.00 270441398272.00 270535458816.00 270620688384.00 270723153920.00 270817132544.00 270911078400.00 271005532160.00 
271088435200.00 271193407488.00 271287844864.00 271381544960.00 271475458048.00 271569158144.00 271663267840.00 271757787136.00 271851192320.00 271948464128.00 272039690240.00 272134029312.00 272227532800.00 272322314240.00 272415621120.00 272509665280.00 272602906624.00 272698261504.00 272792010752.00 272886120448.00 
272973086720.00 273074208768.00 273169006592.00 273261903872.00 273355735040.00 273450074112.00 273544151040.00 273638113280.00 273731616768.00 273818025984.00 273920360448.00 274015158272.00 274106449920.00 274202640384.00 274296569856.00 274390335488.00 274484559872.00 274579013632.00 274672762880.00 274767429632.00 
274858065920.00 274954584064.00 275049021440.00 275141132288.00 275236683776.00 275329286144.00 275424870400.00 275519275008.00 275612106752.00 275707035648.00 275800522752.00 275894927360.00 275988676608.00 276082032640.00 276177747968.00 276271071232.00 276364722176.00 276459225088.00 276553302016.00 276647608320.00 
276740308992.00 276835336192.00 276929478656.00 277023260672.00 277115273216.00 277211283456.00 277305262080.00 277399142400.00 277494071296.00 277588049920.00 277678587904.00 277775777792.00 277869199360.00 277963997184.00 278057975808.00 278151921664.00 278245376000.00 278340042752.00 278434578432.00 278528262144.00 
278616768512.00 278715826176.00 278809706496.00 278907617280.00 278998220800.00 279091970048.00 279186440192.00 279280353280.00 279374299136.00 279468277760.00 279561928704.00 279656300544.00 279750213632.00 279844749312.00 279938105344.00 280030806016.00 280124227584.00 280220368896.00 280314544128.00 280408948736.00 
280501059584.00 280597037056.00 280690884608.00 280784371712.00 280878219264.00 280972394496.00 281066602496.00 281160613888.00 281254690816.00 281347850240.00 281441763328.00 281537216512.00 281629556736.00 281723699200.00 281818300416.00 281912147968.00 282005635072.00 282099613696.00 282192281600.00 282283704320.00 
282313129984.00 282483589120.00 282574290944.00 282667319296.00 282760904704.00 282854621184.00 282949091328.00 283042578432.00 283134132224.00 283230371840.00 283323695104.00 283418492928.00 283511783424.00 283607597056.00 283700363264.00 283794505728.00 283888156672.00 283982462976.00 284076212224.00 284170813440.00 
284262858752.00 284358475776.00 284452061184.00 284546695168.00 284639559680.00 284733014016.00 284828368896.00 284920184832.00 285016227840.00 285110697984.00 285204054016.00 285298688000.00 285392207872.00 285487136768.00 285580656640.00 285674733568.00 285768450048.00 285862068224.00 285957292032.00 286050746368.00 
286133747712.00 286239260672.00 286332944384.00 286427021312.00 286520967168.00 286614945792.00 286708989952.00 286802870272.00 286897405952.00 286991155200.00 287082020864.00 287179702272.00 287273091072.00 287367168000.00 287461441536.00 287555190784.00 287648415744.00 287743377408.00 287836962816.00 287933431808.00 
288024166400.00 288119554048.00 288213565440.00 288307707904.00 288401391616.00 288495894528.00 288589676544.00 288684408832.00 288777895936.00 288871972864.00 288965623808.00 289060323328.00 289151844352.00 289248149504.00 289341898752.00 289434304512.00 289529298944.00 289631502336.00 289718403072.00 289812447232.00 
289903640576.00 290000797696.00 290094809088.00 290188197888.00 290282209280.00 290376122368.00 290470658048.00 290564669440.00 290657632256.00 290752266240.00 290845818880.00 290942713856.00 291034431488.00 291128475648.00 291222814720.00 291316563968.00 291410771968.00 291505242112.00 291598368768.00 291693002752.00 
291779706880.00 291880697856.00 291973791744.00 292068622336.00 292160831488.00 292256579584.00 292350853120.00 292444700672.00 292538548224.00 292632199168.00 292725620736.00 292811112448.00 292915904512.00 293010014208.00 293103828992.00 293197152256.00 293291229184.00 293385732096.00 293479383040.00 293573328896.00 
293662326784.00 293761482752.00 293856477184.00 293949931520.00 294043385856.00 294129205248.00 294231703552.00 294326206464.00 294419431424.00 294513672192.00 294607159296.00 294702153728.00 294795771904.00 294889652224.00 294983663616.00 295077576704.00 295169884160.00 295266156544.00 295360102400.00 295453982720.00 
295546716160.00 295642431488.00 295736016896.00 295833632768.00 295924236288.00 296018083840.00 296112455680.00 296206761984.00 296300544000.00 296395571200.00 296485453824.00 296582610944.00 296675770368.00 296770928640.00 296864677888.00 296958590976.00 297052536832.00 297146351616.00 297243377664.00 297334996992.00 
297425993728.00 297522987008.00 297617162240.00 297711632384.00 297804890112.00 297898868736.00 297992683520.00 298087481344.00 298178740224.00 298275078144.00 298368729088.00 298463494144.00 298556981248.00 298651811840.00 298745167872.00 298837606400.00 298932797440.00 299027595264.00 299121213440.00 299215814656.00 
299308449792.00 299403444224.00 299497521152.00 299591139328.00 299684397056.00 299779129344.00 299873533952.00 299968233472.00 300061851648.00 300155502592.00 300249120768.00 300342804480.00 300437340160.00 300531941376.00 300625559552.00 300719570944.00 300812992512.00 300906971136.00 301000163328.00 301092241408.00 
301134020608.00 301288325120.00 301380206592.00 301473595392.00 301567082496.00 301660864512.00 301755236352.00 301849378816.00 301942308864.00 302037008384.00 302130626560.00 302224736256.00 302318747648.00 302412988416.00 302506835968.00 302600978432.00 302694203392.00 302788870144.00 302882979840.00 302977089536.00 
303069593600.00 303165243392.00 303258632192.00 303353167872.00 303446786048.00 303539486720.00 303635857408.00 303729606656.00 303822503936.00 303917170688.00 304010559488.00 304106012672.00 304197140480.00 304293806080.00 304386342912.00 304480878592.00 304575447040.00 304669982720.00 304761241600.00 304857710592.00 
304949100544.00 305045635072.00 305139220480.00 305233657856.00 305327636480.00 305421320192.00 305515495424.00 305609539584.00 305702961152.00 305797758976.00 305874403328.00 305986469888.00 306079531008.00 306173837312.00 306268176384.00 306361794560.00 306456264704.00 306550603776.00 306644385792.00 306737905664.00 
306831163392.00 306926551040.00 307020201984.00 307113984000.00 307206324224.00 307301777408.00 307396640768.00 307490193408.00 307584335872.00 307678773248.00 307772194816.00 307866238976.00 307959463936.00 308057374720.00 308148994048.00 308241399808.00 308336754688.00 308430897152.00 308524875776.00 308618887168.00 
308707786752.00 308807270400.00 308899938304.00 308994703360.00 309088911360.00 309183119360.00 309277556736.00 309371273216.00 309464694784.00 309559558144.00 309652652032.00 309746991104.00 309840674816.00 309935013888.00 310026534912.00 310123659264.00 310215409664.00 310311911424.00 310405464064.00 310499868672.00 
310586900480.00 310687825920.00 310781116416.00 310875324416.00 310968844288.00 311064002560.00 311157784576.00 311251468288.00 311345840128.00 311439884288.00 311533305856.00 311627841536.00 311721000960.00 311816093696.00 311910006784.00 312003428352.00 312097832960.00 312191254528.00 312286314496.00 312380063744.00 
312471355392.00 312568283136.00 312661606400.00 312756011008.00 312850251776.00 312942395392.00 313038438400.00 313132122112.00 313224069120.00 313320013824.00 313413566464.00 313507807232.00 313600638976.00 313688752128.00 313794756608.00 313886048256.00 313979600896.00 314073284608.00 314167132160.00 314261209088.00 
314353876992.00 314449690624.00 314543439872.00 314637975552.00 314730151936.00 314824982528.00 314919026688.00 315013791744.00 315107344384.00 315201912832.00 315292057600.00 315389247488.00 315483160576.00 315577729024.00 315671379968.00 315765915648.00 315859271680.00 315953512448.00 316047097856.00 316141568000.00 
316224471040.00 316329951232.00 316423569408.00 316517744640.00 316611526656.00 316705701888.00 316799877120.00 316893560832.00 316986884096.00 317082402816.00 317175824384.00 317270097920.00 317363650560.00 317458219008.00 317551968256.00 317637033984.00 317739335680.00 317834100736.00 317928112128.00 318022647808.00 
318115151872.00 318210506752.00 318304354304.00 318397906944.00 318491525120.00 318588092416.00 318680727552.00 318775001088.00 318868815872.00 318962794496.00 319056445440.00 319150391296.00 319242600448.00 319338840064.00 319433768960.00 319526305792.00 319620808704.00 319715049472.00 319809060864.00 319903072256.00 
319983190016.00 320091947008.00 320185073664.00 320280363008.00 320372965376.00 320466845696.00 320561479680.00 320654868480.00 320747896832.00 320843284480.00 320936607744.00 321030979584.00 321125449728.00 321219428352.00 321313374208.00 321406992384.00 321500839936.00 321595211776.00 321689419776.00 321783955456.00 
321876426752.00 321971159040.00 322065137664.00 322159017984.00 322251456512.00 322345959424.00 322441281536.00 322535030784.00 322626584576.00 322728165376.00 322818244608.00 322913009664.00 323006005248.00 323100606464.00 323194322944.00 323288137728.00 323382378496.00 323476389888.00 323570302976.00 323664740352.00 
323753377792.00 323852730368.00 323946708992.00 324040261632.00 324134207488.00 324228382720.00 324322557952.00 324416339968.00 324509728768.00 324604854272.00 324695261184.00 324794417152.00 324886593536.00 324981948416.00 325074845696.00 325169348608.00 325261131776.00 325357043712.00 325450924032.00 325545295872.00 
325637799936.00 325733482496.00 325826904064.00 325921210368.00 326014926848.00 326108774400.00 326202785792.00 326298468352.00 326391267328.00 326485082112.00 326578864128.00 326673465344.00 326766657536.00 326861389824.00 326955532288.00 327047905280.00 327143882752.00 327237337088.00 327330594816.00 327425916928.00 
327516946432.00 327613612032.00 327707525120.00 327802552320.00 327896465408.00 327989592064.00 328083701760.00 328177909760.00 328269529088.00 328366161920.00 328459321344.00 328554020864.00 328647475200.00 328742076416.00 328836087808.00 328929738752.00 329023258624.00 329117270016.00 329211609088.00 329304866816.00 
329364930560.00 329496002560.00 329588867072.00 329682976768.00 329775972352.00 329870376960.00 329964748800.00 330058924032.00 330152476672.00 330246946816.00 330339909632.00 330435166208.00 330528030720.00 330622369792.00 330716413952.00 330810458112.00 330904961024.00 330998841344.00 331092656128.00 331187322880.00 
331269963776.00 331375181824.00 331468767232.00 331563171840.00 331657379840.00 331749949440.00 331845369856.00 331939414016.00 332032933888.00 332126453760.00 332221317120.00 332315688960.00 332409470976.00 332504170496.00 332597886976.00 332691668992.00 332784795648.00 332879429632.00 332973375488.00 333068271616.00 
333160185856.00 333257211904.00 333349781504.00 333444481024.00 333537280000.00 333631553536.00 333725892608.00 333820362752.00 333913653248.00 334008254464.00 334098497536.00 334195458048.00 334287667200.00 334383808512.00 334476967936.00 334569832448.00 334668890112.00 334760771584.00 334854684672.00 334948564992.00 
335039692800.00 335137112064.00 335230402560.00 335324315648.00 335418884096.00 335512469504.00 335606710272.00 335700852736.00 335793455104.00 335888613376.00 335982198784.00 336076603392.00 336170450944.00 336264986624.00 336358539264.00 336451338240.00 336546201600.00 336641064960.00 336734781440.00 336834134016.00 
336922083328.00 337017176064.00 337110990848.00 337205264384.00 337297276928.00 337392959488.00 337487134720.00 337581637632.00 337675550720.00 337769529344.00 337862426624.00 337957453824.00 338050777088.00 338145312768.00 338239160320.00 338333433856.00 338427281408.00 338521423872.00 338614910976.00 338709151744.00 
338775703552.00 338898976768.00 338992201728.00 339086180352.00 339180093440.00 339273678848.00 339368148992.00 339462029312.00 339555844096.00 339650281472.00 339743571968.00 339837943808.00 339931791360.00 340026818560.00 340119814144.00 340213825536.00 340306264064.00 340401848320.00 340496187392.00 340585938944.00 
340682964992.00 340778680320.00 340872593408.00 340967227392.00 341059829760.00 341145714688.00 341248540672.00 341342158848.00 341436989440.00 341530902528.00 341624061952.00 341719154688.00 341811396608.00 341906325504.00 342000762880.00 342094217216.00 342186786816.00 342284107776.00 342377332736.00 342471311360.00 
342562144256.00 342658678784.00 342752952320.00 342847193088.00 342941335552.00 343034724352.00 343128866816.00 343221862400.00 343315480576.00 343411261440.00 343501406208.00 343598956544.00 343692247040.00 343787896832.00 343881482240.00 343975264256.00 344069308416.00 344162893824.00 344257527808.00 344351637504.00 
344444469248.00 344538152960.00 344634130432.00 344727191552.00 344820908032.00 344915607552.00 345008963584.00 345106055168.00 345198493696.00 345292013568.00 345385402368.00 345480790016.00 345573556224.00 345668321280.00 345762267136.00 345854607360.00 345949962240.00 346044104704.00 346137886720.00 346232225792.00 
346315292672.00 346420641792.00 346514522112.00 346608533504.00 346702053376.00 346796228608.00 346890534912.00 346984611840.00 347077804032.00 347172896768.00 347266154496.00 347360526336.00 347452571648.00 347549368320.00 347643183104.00 347736637440.00 347829927936.00 347925610496.00 348018475008.00 348113371136.00 
348200140800.00 348301328384.00 348394717184.00 348489285632.00 348582739968.00 348677111808.00 348771188736.00 348864937984.00 348958883840.00 349052895232.00 349146742784.00 349241671680.00 349333258240.00 349428678656.00 349521707008.00 349617881088.00 349711564800.00 349805707264.00 349899620352.00 349993238528.00 
350085152768.00 350182801408.00 350275436544.00 350370070528.00 350462640128.00 350556618752.00 350651154432.00 350745722880.00 350838685696.00 350934269952.00 351027036160.00 351122227200.00 351215910912.00 351308677120.00 351404294144.00 351497912320.00 351591989248.00 351686426624.00 351780438016.00 351874154496.00 
351967084544.00 352061718528.00 352157466624.00 352250462208.00 352342278144.00 352438648832.00 352531906560.00 352626409472.00 352720093184.00 352814170112.00 352891011072.00 353002979328.00 353096630272.00 353190576128.00 353284751360.00 353378467840.00 353472741376.00 353566818304.00 353660993536.00 353754873856.00 
353843445760.00 353942962176.00 354037137408.00 354130919424.00 354224242688.00 354319728640.00 354413445120.00 354507915264.00 354600845312.00 354695479296.00 354788769792.00 354883108864.00 354977382400.00 355071492096.00 355165110272.00 355257384960.00 355351330816.00 355446521856.00 355542695936.00 355635068928.00 
355728556032.00 355824205824.00 355917692928.00 356011835392.00 356105453568.00 356199825408.00 356293181440.00 356387880960.00 356481695744.00 356575346688.00 356669652992.00 356763893760.00 356856725504.00 356952113152.00 357046419456.00 357140627456.00 357234114560.00 357327962112.00 357422432256.00 357516640256.00 
357595873280.00 357704794112.00 357798871040.00 357892227072.00 357986500608.00 358080512000.00 358174228480.00 358268502016.00 358359957504.00 358456098816.00 358550437888.00 358644350976.00 358738395136.00 358832406528.00 358927564800.00 359020036096.00 359114080256.00 359209009152.00 359301545984.00 359396376576.00 
359489241088.00 359585349632.00 359679098880.00 359772553216.00 359865647104.00 359959199744.00 360053112832.00 360149614592.00 360242872320.00 360337276928.00 360430632960.00 360526413824.00 360618754048.00 360712962048.00 360807333888.00 360901050368.00 360994865152.00 361089302528.00 361183248384.00 361277259776.00 
361360785408.00 361465085952.00 361559392256.00 361653403648.00 361747546112.00 361841229824.00 361934815232.00 362030563328.00 362123100160.00 362217078784.00 362308665344.00 362405625856.00 362499964928.00 362594074624.00 362687594496.00 362781343744.00 362874437632.00 362969038848.00 363064360960.00 363158503424.00 
363250417664.00 363345838080.00 363438276608.00 363533729792.00 363627511808.00 363722080256.00 363816091648.00 363911020544.00 364004343808.00 364098158592.00 364192038912.00 364288966656.00 364377931776.00 364472926208.00 364568412160.00 364654067712.00 364756303872.00 364850774016.00 364944654336.00 365038665728.00 
365129826304.00 365226983424.00 365320339456.00 365414711296.00 365508395008.00 365602799616.00 365696974848.00 365790265344.00 365883457536.00 365979566080.00 366072070144.00 366166671360.00 366261272576.00 366354825216.00 366449098752.00 366542716928.00 366636498944.00 366731165696.00 366825275392.00 366919024640.00 
367005958144.00 367107538944.00 367200927744.00 367295332352.00 367386951680.00 367483224064.00 367577530368.00 367673147392.00 367764996096.00 367858810880.00 367952789504.00 368047259648.00 368140779520.00 368234233856.00 368329883648.00 368423436288.00 368517120000.00 368611328000.00 368705241088.00 368799678464.00 
368887627776.00 368987471872.00 369081843712.00 369175396352.00 369269506048.00 369361616896.00 369457790976.00 369551671296.00 369645617152.00 369740447744.00 369833148416.00 369927159808.00 370021400576.00 370116100096.00 370210013184.00 370303827968.00 370395840512.00 370491359232.00 370586189824.00 370680037376.00 
370772574208.00 370867929088.00 370961285120.00 371056050176.00 371149275136.00 371243745280.00 371337986048.00 371431407616.00 371525681152.00 371619659776.00 371710951424.00 371807813632.00 371900809216.00 371995639808.00 372089061376.00 372182745088.00 372277379072.00 372372930560.00 372465860608.00 372559839232.00 
372651032576.00 372747829248.00 372841611264.00 372935688192.00 373029502976.00 373123547136.00 373217230848.00 373311340544.00 373403156480.00 373499854848.00 373592489984.00 373687353344.00 373780905984.00 373875146752.00 373968797696.00 374061465600.00 374156394496.00 374250143744.00 374344351744.00 374438330368.00 
374530965504.00 374626156544.00 374719774720.00 374813196288.00 374905995264.00 375000203264.00 375094050816.00 375187865600.00 375280959488.00 375374315520.00 375467114496.00 375560634368.00 375653171200.00 375746068480.00 375837130752.00 375928061952.00 376017584128.00 376103993344.00 376182112256.00 376229527552.00 
end   dump: w
==END   DUMP_ARRAYS==
Time in seconds = 0.105397
