Sender: LSF System <lsfadmin@polus-c3-ib.bmc.hpc.cs.msu.ru>
Subject: Job 494251: <./extra.o> in cluster <MSUCluster> Done

Job <./extra.o> was submitted from host <polus-ib.bmc.hpc.cs.msu.ru> by user <edu-cmc-skpod19-328-11> in cluster <MSUCluster> at Fri Nov 29 23:42:34 2019
Job was executed on host(s) <1*polus-c3-ib.bmc.hpc.cs.msu.ru>, in queue <short>, as user <edu-cmc-skpod19-328-11> in cluster <MSUCluster> at Fri Nov 29 23:43:35 2019
                            <6*polus-c4-ib.bmc.hpc.cs.msu.ru>
</home_edu/edu-cmc-skpod19-328/edu-cmc-skpod19-328-11> was used as the home directory.
</home_edu/edu-cmc-skpod19-328/edu-cmc-skpod19-328-11/dep_gemver> was used as the working directory.
Started at Fri Nov 29 23:43:35 2019
Terminated at Fri Nov 29 23:43:37 2019
Results reported at Fri Nov 29 23:43:37 2019

Your job looked like:

------------------------------------------------------------
# LSBATCH: User input
./extra.o
------------------------------------------------------------

Successfully completed.

Resource usage summary:

    CPU time :                                   13.44 sec.
    Max Memory :                                 4 MB
    Average Memory :                             2.00 MB
    Total Requested Memory :                     -
    Delta Memory :                               -
    Max Swap :                                   -
    Max Processes :                              1
    Max Threads :                                1
    Run time :                                   2 sec.
    Turnaround time :                            63 sec.

The output (if any) follows:

==BEGIN DUMP_ARRAYS==
begin dump: w
0.00 0.00 0.00 0.00 0.00 0.00 0.00 0.00 0.00 0.00 0.00 0.00 0.00 0.00 0.00 0.00 0.00 0.00 0.00 0.00 
0.00 0.00 0.00 0.00 0.00 0.00 0.00 0.00 0.00 0.00 0.00 0.00 0.00 0.00 0.00 0.00 0.00 0.00 0.00 0.00 
0.00 0.00 0.00 0.00 0.00 0.00 0.00 0.00 0.00 0.00 0.00 0.00 0.00 0.00 0.00 0.00 0.00 0.00 0.00 0.00 
0.00 0.00 0.00 0.00 0.00 0.00 0.00 0.00 0.00 0.00 0.00 0.00 0.00 0.00 0.00 0.00 0.00 0.00 0.00 0.00 
0.00 0.00 0.00 0.00 0.00 0.00 0.00 0.00 0.00 0.00 0.00 0.00 0.00 0.00 0.00 0.00 0.00 0.00 0.00 0.00 
0.00 0.00 0.00 0.00 0.00 0.00 0.00 0.00 0.00 0.00 0.00 0.00 0.00 0.00 0.00 0.00 0.00 0.00 0.00 0.00 
0.00 0.00 0.00 0.00 0.00 0.00 0.00 0.00 0.00 0.00 0.00 0.00 0.00 0.00 0.00 0.00 0.00 0.00 0.00 0.00 
0.00 0.00 0.00 0.00 0.00 0.00 0.00 0.00 0.00 0.00 0.00 0.00 0.00 0.00 0.00 0.00 0.00 0.00 0.00 0.00 
0.00 0.00 0.00 0.00 0.00 0.00 0.00 0.00 0.00 0.00 0.00 0.00 0.00 0.00 0.00 0.00 0.00 0.00 0.00 0.00 
0.00 0.00 0.00 0.00 0.00 0.00 0.00 0.00 0.00 0.00 0.00 0.00 0.00 0.00 0.00 0.00 0.00 0.00 0.00 0.00 
0.00 0.00 0.00 0.00 0.00 0.00 0.00 0.00 0.00 0.00 0.00 0.00 0.00 0.00 0.00 0.00 0.00 0.00 0.00 0.00 
0.00 0.00 0.00 0.00 0.00 0.00 0.00 0.00 0.00 0.00 0.00 0.00 0.00 0.00 0.00 0.00 0.00 0.00 0.00 0.00 
0.00 0.00 0.00 0.00 0.00 0.00 0.00 0.00 0.00 0.00 0.00 0.00 0.00 0.00 0.00 0.00 0.00 0.00 0.00 0.00 
0.00 0.00 0.00 0.00 0.00 0.00 0.00 0.00 0.00 0.00 0.00 0.00 0.00 0.00 0.00 0.00 0.00 0.00 0.00 0.00 
0.00 0.00 0.00 0.00 0.00 0.00 0.00 0.00 0.00 0.00 0.00 0.00 0.00 0.00 0.00 0.00 0.00 0.00 0.00 0.00 
0.00 0.00 0.00 0.00 0.00 0.00 0.00 0.00 0.00 0.00 0.00 0.00 0.00 0.00 0.00 0.00 0.00 0.00 0.00 0.00 
0.00 0.00 0.00 0.00 0.00 0.00 0.00 0.00 0.00 0.00 0.00 0.00 0.00 0.00 0.00 0.00 0.00 0.00 0.00 0.00 
0.00 0.00 0.00 0.00 0.00 0.00 0.00 0.00 0.00 0.00 0.00 0.00 0.00 0.00 0.00 0.00 0.00 0.00 0.00 0.00 
0.00 0.00 0.00 0.00 0.00 0.00 0.00 0.00 0.00 0.00 0.00 0.00 0.00 0.00 0.00 0.00 0.00 0.00 0.00 0.00 
0.00 0.00 0.00 0.00 0.00 0.00 0.00 0.00 0.00 0.00 0.00 0.00 0.00 0.00 0.00 0.00 0.00 0.00 0.00 0.00 
0.00 0.00 0.00 0.00 0.00 0.00 0.00 0.00 0.00 0.00 0.00 0.00 0.00 0.00 0.00 0.00 0.00 0.00 0.00 0.00 
0.00 0.00 0.00 0.00 0.00 0.00 0.00 0.00 0.00 0.00 0.00 0.00 0.00 0.00 0.00 0.00 0.00 0.00 0.00 0.00 
0.00 0.00 0.00 0.00 0.00 0.00 0.00 0.00 0.00 0.00 0.00 0.00 0.00 0.00 0.00 0.00 0.00 0.00 0.00 0.00 
0.00 0.00 0.00 0.00 0.00 0.00 0.00 0.00 0.00 0.00 0.00 0.00 0.00 0.00 0.00 0.00 0.00 0.00 0.00 0.00 
0.00 0.00 0.00 0.00 0.00 0.00 0.00 0.00 0.00 0.00 0.00 0.00 0.00 0.00 0.00 0.00 0.00 0.00 0.00 0.00 
0.00 0.00 0.00 0.00 0.00 0.00 0.00 0.00 0.00 0.00 0.00 0.00 0.00 0.00 0.00 0.00 0.00 0.00 0.00 0.00 
0.00 0.00 0.00 0.00 0.00 0.00 0.00 0.00 0.00 0.00 0.00 0.00 0.00 0.00 0.00 0.00 0.00 0.00 0.00 0.00 
0.00 0.00 0.00 0.00 0.00 0.00 0.00 0.00 0.00 0.00 0.00 0.00 0.00 0.00 0.00 0.00 0.00 0.00 0.00 0.00 
0.00 0.00 0.00 0.00 0.00 0.00 0.00 0.00 0.00 0.00 0.00 0.00 0.00 0.00 0.00 0.00 0.00 0.00 0.00 0.00 
0.00 0.00 0.00 0.00 0.00 0.00 0.00 0.00 0.00 0.00 0.00 0.00 0.00 0.00 0.00 0.00 0.00 0.00 0.00 0.00 
0.00 0.00 0.00 0.00 0.00 0.00 0.00 0.00 0.00 0.00 0.00 0.00 0.00 0.00 0.00 0.00 0.00 0.00 0.00 0.00 
0.00 0.00 0.00 0.00 0.00 0.00 0.00 0.00 0.00 0.00 0.00 0.00 0.00 0.00 0.00 0.00 0.00 0.00 0.00 0.00 
0.00 0.00 0.00 0.00 0.00 0.00 0.00 0.00 0.00 0.00 0.00 0.00 0.00 0.00 0.00 0.00 0.00 0.00 0.00 0.00 
0.00 0.00 0.00 0.00 0.00 0.00 0.00 0.00 0.00 0.00 0.00 0.00 0.00 0.00 0.00 0.00 0.00 0.00 0.00 0.00 
0.00 0.00 0.00 0.00 0.00 0.00 0.00 0.00 0.00 0.00 0.00 0.00 0.00 0.00 0.00 0.00 0.00 0.00 0.00 0.00 
0.00 0.00 0.00 0.00 0.00 0.00 0.00 0.00 0.00 0.00 0.00 0.00 0.00 0.00 0.00 0.00 0.00 0.00 0.00 0.00 
0.00 0.00 0.00 0.00 0.00 0.00 0.00 0.00 0.00 0.00 0.00 0.00 0.00 0.00 0.00 0.00 0.00 0.00 0.00 0.00 
0.00 0.00 0.00 0.00 0.00 0.00 0.00 0.00 0.00 0.00 0.00 0.00 0.00 0.00 0.00 0.00 0.00 0.00 0.00 0.00 
0.00 0.00 0.00 0.00 0.00 0.00 0.00 0.00 0.00 0.00 0.00 0.00 0.00 0.00 0.00 0.00 0.00 0.00 0.00 0.00 
0.00 0.00 0.00 0.00 0.00 0.00 0.00 0.00 0.00 0.00 0.00 0.00 0.00 0.00 0.00 0.00 0.00 0.00 0.00 0.00 
0.00 0.00 0.00 0.00 0.00 0.00 0.00 0.00 0.00 0.00 0.00 0.00 0.00 0.00 0.00 0.00 0.00 0.00 0.00 0.00 
0.00 0.00 0.00 0.00 0.00 0.00 0.00 0.00 0.00 0.00 0.00 0.00 0.00 0.00 0.00 0.00 0.00 0.00 0.00 0.00 
0.00 0.00 0.00 0.00 0.00 0.00 0.00 0.00 0.00 0.00 0.00 0.00 0.00 0.00 0.00 0.00 0.00 0.00 0.00 0.00 
0.00 0.00 0.00 0.00 0.00 0.00 0.00 0.00 0.00 0.00 0.00 0.00 0.00 0.00 0.00 0.00 0.00 0.00 0.00 0.00 
0.00 0.00 0.00 0.00 0.00 0.00 0.00 0.00 0.00 0.00 0.00 0.00 0.00 0.00 0.00 0.00 0.00 0.00 0.00 0.00 
0.00 0.00 0.00 0.00 0.00 0.00 0.00 0.00 0.00 0.00 0.00 0.00 0.00 0.00 0.00 0.00 0.00 0.00 0.00 0.00 
0.00 0.00 0.00 0.00 0.00 0.00 0.00 0.00 0.00 0.00 0.00 0.00 0.00 0.00 0.00 0.00 0.00 0.00 0.00 0.00 
0.00 0.00 0.00 0.00 0.00 0.00 0.00 0.00 0.00 0.00 0.00 0.00 0.00 0.00 0.00 0.00 0.00 0.00 0.00 0.00 
0.00 0.00 0.00 0.00 0.00 0.00 0.00 0.00 0.00 0.00 0.00 0.00 0.00 0.00 0.00 0.00 0.00 0.00 0.00 0.00 
0.00 0.00 0.00 0.00 0.00 0.00 0.00 0.00 0.00 0.00 0.00 0.00 0.00 0.00 0.00 0.00 0.00 0.00 0.00 0.00 
0.00 0.00 0.00 0.00 0.00 0.00 0.00 0.00 0.00 0.00 0.00 0.00 0.00 0.00 0.00 0.00 0.00 0.00 0.00 0.00 
0.00 0.00 0.00 0.00 0.00 0.00 0.00 0.00 0.00 0.00 0.00 0.00 0.00 0.00 0.00 0.00 0.00 0.00 0.00 0.00 
0.00 0.00 0.00 0.00 0.00 0.00 0.00 0.00 0.00 0.00 0.00 0.00 0.00 0.00 0.00 0.00 0.00 0.00 0.00 0.00 
0.00 0.00 0.00 0.00 0.00 0.00 0.00 0.00 0.00 0.00 0.00 0.00 0.00 0.00 0.00 0.00 0.00 0.00 0.00 0.00 
0.00 0.00 0.00 0.00 0.00 0.00 0.00 0.00 0.00 0.00 0.00 0.00 0.00 0.00 0.00 0.00 0.00 0.00 0.00 0.00 
0.00 0.00 0.00 0.00 0.00 0.00 0.00 0.00 0.00 0.00 0.00 0.00 0.00 0.00 0.00 0.00 0.00 0.00 0.00 0.00 
0.00 0.00 0.00 0.00 0.00 0.00 0.00 0.00 0.00 0.00 0.00 0.00 0.00 0.00 0.00 0.00 0.00 0.00 0.00 0.00 
0.00 0.00 0.00 0.00 0.00 0.00 0.00 0.00 0.00 0.00 0.00 0.00 0.00 0.00 0.00 0.00 0.00 0.00 0.00 0.00 
0.00 0.00 0.00 0.00 0.00 0.00 0.00 0.00 0.00 0.00 0.00 0.00 0.00 0.00 0.00 0.00 0.00 0.00 0.00 0.00 
0.00 0.00 0.00 0.00 0.00 0.00 0.00 0.00 0.00 0.00 0.00 0.00 0.00 0.00 0.00 0.00 0.00 0.00 0.00 0.00 
0.00 0.00 0.00 0.00 0.00 0.00 0.00 0.00 0.00 0.00 0.00 0.00 0.00 0.00 0.00 0.00 0.00 0.00 0.00 0.00 
0.00 0.00 0.00 0.00 0.00 0.00 0.00 0.00 0.00 0.00 0.00 0.00 0.00 0.00 0.00 0.00 0.00 0.00 0.00 0.00 
0.00 0.00 0.00 0.00 0.00 0.00 0.00 0.00 0.00 0.00 0.00 0.00 0.00 0.00 0.00 0.00 0.00 0.00 0.00 0.00 
0.00 0.00 0.00 0.00 0.00 0.00 0.00 0.00 0.00 0.00 0.00 0.00 0.00 0.00 0.00 0.00 0.00 0.00 0.00 0.00 
0.00 0.00 0.00 0.00 0.00 0.00 0.00 0.00 0.00 0.00 0.00 0.00 0.00 0.00 0.00 0.00 0.00 0.00 0.00 0.00 
0.00 0.00 0.00 0.00 0.00 0.00 0.00 0.00 0.00 0.00 0.00 0.00 0.00 0.00 0.00 0.00 0.00 0.00 0.00 0.00 
0.00 0.00 0.00 0.00 0.00 0.00 0.00 0.00 0.00 0.00 0.00 0.00 0.00 0.00 0.00 0.00 0.00 0.00 0.00 0.00 
0.00 0.00 0.00 0.00 0.00 0.00 0.00 0.00 0.00 0.00 0.00 0.00 0.00 0.00 0.00 0.00 0.00 0.00 0.00 0.00 
0.00 0.00 0.00 0.00 0.00 0.00 0.00 0.00 0.00 0.00 0.00 0.00 0.00 0.00 0.00 0.00 0.00 0.00 0.00 0.00 
0.00 0.00 0.00 0.00 0.00 0.00 0.00 0.00 0.00 0.00 0.00 0.00 0.00 0.00 0.00 0.00 0.00 0.00 0.00 0.00 
0.00 0.00 0.00 0.00 0.00 0.00 0.00 0.00 0.00 0.00 0.00 0.00 0.00 0.00 0.00 0.00 0.00 0.00 0.00 0.00 
0.00 0.00 0.00 0.00 0.00 0.00 0.00 0.00 0.00 0.00 0.00 0.00 0.00 0.00 0.00 0.00 0.00 0.00 0.00 0.00 
0.00 0.00 0.00 0.00 0.00 0.00 0.00 0.00 0.00 0.00 0.00 0.00 0.00 0.00 0.00 0.00 0.00 0.00 0.00 0.00 
0.00 0.00 0.00 0.00 0.00 0.00 0.00 0.00 0.00 0.00 0.00 0.00 0.00 0.00 0.00 0.00 0.00 0.00 0.00 0.00 
0.00 0.00 0.00 0.00 0.00 0.00 0.00 0.00 0.00 0.00 0.00 0.00 0.00 0.00 0.00 0.00 0.00 0.00 0.00 0.00 
0.00 0.00 0.00 0.00 0.00 0.00 0.00 0.00 0.00 0.00 0.00 0.00 0.00 0.00 0.00 0.00 0.00 0.00 0.00 0.00 
0.00 0.00 0.00 0.00 0.00 0.00 0.00 0.00 0.00 0.00 0.00 0.00 0.00 0.00 0.00 0.00 0.00 0.00 0.00 0.00 
0.00 0.00 0.00 0.00 0.00 0.00 0.00 0.00 0.00 0.00 0.00 0.00 0.00 0.00 0.00 0.00 0.00 0.00 0.00 0.00 
0.00 0.00 0.00 0.00 0.00 0.00 0.00 0.00 0.00 0.00 0.00 0.00 0.00 0.00 0.00 0.00 0.00 0.00 0.00 0.00 
0.00 0.00 0.00 0.00 0.00 0.00 0.00 0.00 0.00 0.00 0.00 0.00 0.00 0.00 0.00 0.00 0.00 0.00 0.00 0.00 
0.00 0.00 0.00 0.00 0.00 0.00 0.00 0.00 0.00 0.00 0.00 0.00 0.00 0.00 0.00 0.00 0.00 0.00 0.00 0.00 
0.00 0.00 0.00 0.00 0.00 0.00 0.00 0.00 0.00 0.00 0.00 0.00 0.00 0.00 0.00 0.00 0.00 0.00 0.00 0.00 
0.00 0.00 0.00 0.00 0.00 0.00 0.00 0.00 0.00 0.00 0.00 0.00 0.00 0.00 0.00 0.00 0.00 0.00 0.00 0.00 
0.00 0.00 0.00 0.00 0.00 0.00 0.00 0.00 0.00 0.00 0.00 0.00 0.00 0.00 0.00 0.00 0.00 0.00 0.00 0.00 
0.00 0.00 0.00 0.00 0.00 0.00 0.00 0.00 0.00 0.00 0.00 0.00 0.00 0.00 0.00 0.00 0.00 0.00 0.00 0.00 
0.00 0.00 0.00 0.00 0.00 0.00 0.00 0.00 0.00 0.00 0.00 0.00 0.00 0.00 0.00 0.00 0.00 0.00 0.00 0.00 
0.00 0.00 0.00 0.00 0.00 0.00 0.00 0.00 0.00 0.00 0.00 0.00 0.00 0.00 0.00 0.00 0.00 0.00 0.00 0.00 
0.00 0.00 0.00 0.00 0.00 0.00 0.00 0.00 0.00 0.00 0.00 0.00 0.00 0.00 0.00 0.00 0.00 0.00 0.00 0.00 
0.00 0.00 0.00 0.00 0.00 0.00 0.00 0.00 0.00 0.00 0.00 0.00 0.00 0.00 0.00 0.00 0.00 0.00 0.00 0.00 
0.00 0.00 0.00 0.00 0.00 0.00 0.00 0.00 0.00 0.00 0.00 0.00 0.00 0.00 0.00 0.00 0.00 0.00 0.00 0.00 
0.00 0.00 0.00 0.00 0.00 0.00 0.00 0.00 0.00 0.00 0.00 0.00 0.00 0.00 0.00 0.00 0.00 0.00 0.00 0.00 
0.00 0.00 0.00 0.00 0.00 0.00 0.00 0.00 0.00 0.00 0.00 0.00 0.00 0.00 0.00 0.00 0.00 0.00 0.00 0.00 
0.00 0.00 0.00 0.00 0.00 0.00 0.00 0.00 0.00 0.00 0.00 0.00 0.00 0.00 0.00 0.00 0.00 0.00 0.00 0.00 
0.00 0.00 0.00 0.00 0.00 0.00 0.00 0.00 0.00 0.00 0.00 0.00 0.00 0.00 0.00 0.00 0.00 0.00 0.00 0.00 
0.00 0.00 0.00 0.00 0.00 0.00 0.00 0.00 0.00 0.00 0.00 0.00 0.00 0.00 0.00 0.00 0.00 0.00 0.00 0.00 
0.00 0.00 0.00 0.00 0.00 0.00 0.00 0.00 0.00 0.00 0.00 0.00 0.00 0.00 0.00 0.00 0.00 0.00 0.00 0.00 
0.00 0.00 0.00 0.00 0.00 0.00 0.00 0.00 0.00 0.00 0.00 0.00 0.00 0.00 0.00 0.00 0.00 0.00 0.00 0.00 
0.00 0.00 0.00 0.00 0.00 0.00 0.00 0.00 0.00 0.00 0.00 0.00 0.00 0.00 0.00 0.00 0.00 0.00 0.00 0.00 
0.00 0.00 0.00 0.00 0.00 0.00 0.00 0.00 0.00 0.00 0.00 0.00 0.00 0.00 0.00 0.00 0.00 0.00 0.00 0.00 
0.00 0.00 0.00 0.00 0.00 0.00 0.00 0.00 0.00 0.00 0.00 0.00 0.00 0.00 0.00 0.00 0.00 0.00 0.00 0.00 
0.00 0.00 0.00 0.00 0.00 0.00 0.00 0.00 0.00 0.00 0.00 0.00 0.00 0.00 0.00 0.00 0.00 0.00 0.00 0.00 
0.00 0.00 0.00 0.00 0.00 0.00 0.00 0.00 0.00 0.00 0.00 0.00 0.00 0.00 0.00 0.00 0.00 0.00 0.00 0.00 
0.00 0.00 0.00 0.00 0.00 0.00 0.00 0.00 0.00 0.00 0.00 0.00 0.00 0.00 0.00 0.00 0.00 0.00 0.00 0.00 
0.00 0.00 0.00 0.00 0.00 0.00 0.00 0.00 0.00 0.00 0.00 0.00 0.00 0.00 0.00 0.00 0.00 0.00 0.00 0.00 
0.00 0.00 0.00 0.00 0.00 0.00 0.00 0.00 0.00 0.00 0.00 0.00 0.00 0.00 0.00 0.00 0.00 0.00 0.00 0.00 
0.00 0.00 0.00 0.00 0.00 0.00 0.00 0.00 0.00 0.00 0.00 0.00 0.00 0.00 0.00 0.00 0.00 0.00 0.00 0.00 
0.00 0.00 0.00 0.00 0.00 0.00 0.00 0.00 0.00 0.00 0.00 0.00 0.00 0.00 0.00 0.00 0.00 0.00 0.00 0.00 
0.00 0.00 0.00 0.00 0.00 0.00 0.00 0.00 0.00 0.00 0.00 0.00 0.00 0.00 0.00 0.00 0.00 0.00 0.00 0.00 
0.00 0.00 0.00 0.00 0.00 0.00 0.00 0.00 0.00 0.00 0.00 0.00 0.00 0.00 0.00 0.00 0.00 0.00 0.00 0.00 
0.00 0.00 0.00 0.00 0.00 0.00 0.00 0.00 0.00 0.00 0.00 0.00 0.00 0.00 0.00 0.00 0.00 0.00 0.00 0.00 
0.00 0.00 0.00 0.00 0.00 0.00 0.00 0.00 0.00 0.00 0.00 0.00 0.00 0.00 0.00 0.00 0.00 0.00 0.00 0.00 
0.00 0.00 0.00 0.00 0.00 0.00 0.00 0.00 0.00 0.00 0.00 0.00 0.00 0.00 0.00 0.00 0.00 0.00 0.00 0.00 
0.00 0.00 0.00 0.00 0.00 0.00 0.00 0.00 0.00 0.00 0.00 0.00 0.00 0.00 0.00 0.00 0.00 0.00 0.00 0.00 
0.00 0.00 0.00 0.00 0.00 0.00 0.00 0.00 0.00 0.00 0.00 0.00 0.00 0.00 0.00 0.00 0.00 0.00 0.00 0.00 
0.00 0.00 0.00 0.00 0.00 0.00 0.00 0.00 0.00 0.00 0.00 0.00 0.00 0.00 0.00 0.00 0.00 0.00 0.00 0.00 
0.00 0.00 0.00 0.00 0.00 0.00 0.00 0.00 0.00 0.00 0.00 0.00 0.00 0.00 0.00 0.00 0.00 0.00 0.00 0.00 
0.00 0.00 0.00 0.00 0.00 0.00 0.00 0.00 0.00 0.00 0.00 0.00 0.00 0.00 0.00 0.00 0.00 0.00 0.00 0.00 
0.00 0.00 0.00 0.00 0.00 0.00 0.00 0.00 0.00 0.00 0.00 0.00 0.00 0.00 0.00 0.00 0.00 0.00 0.00 0.00 
0.00 0.00 0.00 0.00 0.00 0.00 0.00 0.00 0.00 0.00 0.00 0.00 0.00 0.00 0.00 0.00 0.00 0.00 0.00 0.00 
0.00 0.00 0.00 0.00 0.00 0.00 0.00 0.00 0.00 0.00 0.00 0.00 0.00 0.00 0.00 0.00 0.00 0.00 0.00 0.00 
0.00 0.00 0.00 0.00 0.00 0.00 0.00 0.00 0.00 0.00 0.00 0.00 0.00 0.00 0.00 0.00 0.00 0.00 0.00 0.00 
0.00 0.00 0.00 0.00 0.00 0.00 0.00 0.00 0.00 0.00 0.00 0.00 0.00 0.00 0.00 0.00 0.00 0.00 0.00 0.00 
0.00 0.00 0.00 0.00 0.00 0.00 0.00 0.00 0.00 0.00 0.00 0.00 0.00 0.00 0.00 0.00 0.00 0.00 0.00 0.00 
0.00 0.00 0.00 0.00 0.00 0.00 0.00 0.00 0.00 0.00 0.00 0.00 0.00 0.00 0.00 0.00 0.00 0.00 0.00 0.00 
0.00 0.00 0.00 0.00 0.00 0.00 0.00 0.00 0.00 0.00 0.00 0.00 0.00 0.00 0.00 0.00 0.00 0.00 0.00 0.00 
0.00 0.00 0.00 0.00 0.00 0.00 0.00 0.00 0.00 0.00 0.00 0.00 0.00 0.00 0.00 0.00 0.00 0.00 0.00 0.00 
0.00 0.00 0.00 0.00 0.00 0.00 0.00 0.00 0.00 0.00 0.00 0.00 0.00 0.00 0.00 0.00 0.00 0.00 0.00 0.00 
0.00 0.00 0.00 0.00 0.00 0.00 0.00 0.00 0.00 0.00 0.00 0.00 0.00 0.00 0.00 0.00 0.00 0.00 0.00 0.00 
0.00 0.00 0.00 0.00 0.00 0.00 0.00 0.00 0.00 0.00 0.00 0.00 0.00 0.00 0.00 0.00 0.00 0.00 0.00 0.00 
0.00 0.00 0.00 0.00 0.00 0.00 0.00 0.00 0.00 0.00 0.00 0.00 0.00 0.00 0.00 0.00 0.00 0.00 0.00 0.00 
0.00 0.00 0.00 0.00 0.00 0.00 0.00 0.00 0.00 0.00 0.00 0.00 0.00 0.00 0.00 0.00 0.00 0.00 0.00 0.00 
0.00 0.00 0.00 0.00 0.00 0.00 0.00 0.00 0.00 0.00 0.00 0.00 0.00 0.00 0.00 0.00 0.00 0.00 0.00 0.00 
0.00 0.00 0.00 0.00 0.00 0.00 0.00 0.00 0.00 0.00 0.00 0.00 0.00 0.00 0.00 0.00 0.00 0.00 0.00 0.00 
0.00 0.00 0.00 0.00 0.00 0.00 0.00 0.00 0.00 0.00 0.00 0.00 0.00 0.00 0.00 0.00 0.00 0.00 0.00 0.00 
0.00 0.00 0.00 0.00 0.00 0.00 0.00 0.00 0.00 0.00 0.00 0.00 0.00 0.00 0.00 0.00 0.00 0.00 0.00 0.00 
0.00 0.00 0.00 0.00 0.00 0.00 0.00 0.00 0.00 0.00 0.00 0.00 0.00 0.00 0.00 0.00 0.00 0.00 0.00 0.00 
0.00 0.00 0.00 0.00 0.00 0.00 0.00 0.00 0.00 0.00 0.00 0.00 0.00 0.00 0.00 0.00 0.00 0.00 0.00 0.00 
0.00 0.00 0.00 0.00 0.00 0.00 0.00 0.00 0.00 0.00 0.00 0.00 0.00 0.00 0.00 0.00 0.00 0.00 0.00 0.00 
0.00 0.00 0.00 0.00 0.00 0.00 0.00 0.00 0.00 0.00 0.00 0.00 0.00 0.00 0.00 0.00 0.00 0.00 0.00 0.00 
0.00 0.00 0.00 0.00 0.00 0.00 0.00 0.00 0.00 0.00 0.00 0.00 0.00 0.00 0.00 0.00 0.00 0.00 0.00 0.00 
0.00 0.00 0.00 0.00 0.00 0.00 0.00 0.00 0.00 0.00 0.00 0.00 0.00 0.00 0.00 0.00 0.00 0.00 0.00 0.00 
0.00 0.00 0.00 0.00 0.00 0.00 0.00 0.00 0.00 0.00 0.00 0.00 0.00 0.00 0.00 0.00 0.00 0.00 0.00 0.00 
0.00 0.00 0.00 0.00 0.00 0.00 0.00 0.00 0.00 0.00 0.00 0.00 0.00 0.00 0.00 0.00 0.00 0.00 0.00 0.00 
0.00 0.00 0.00 0.00 0.00 0.00 0.00 0.00 0.00 0.00 0.00 0.00 0.00 0.00 0.00 0.00 0.00 0.00 0.00 0.00 
0.00 0.00 0.00 0.00 0.00 0.00 0.00 0.00 0.00 0.00 0.00 0.00 0.00 0.00 0.00 0.00 0.00 0.00 0.00 0.00 
0.00 0.00 0.00 0.00 0.00 0.00 0.00 0.00 0.00 0.00 0.00 0.00 0.00 0.00 0.00 0.00 0.00 0.00 0.00 0.00 
0.00 0.00 0.00 0.00 0.00 0.00 0.00 0.00 0.00 0.00 0.00 0.00 0.00 0.00 0.00 0.00 0.00 0.00 0.00 0.00 
0.00 0.00 0.00 0.00 0.00 0.00 0.00 0.00 0.00 0.00 0.00 0.00 0.00 0.00 0.00 0.00 0.00 0.00 0.00 0.00 
0.00 0.00 0.00 0.00 0.00 0.00 0.00 0.00 0.00 0.00 0.00 0.00 0.00 0.00 0.00 0.00 0.00 0.00 0.00 0.00 
0.00 0.00 0.00 0.00 0.00 0.00 0.00 0.00 0.00 0.00 0.00 0.00 0.00 0.00 0.00 0.00 0.00 0.00 0.00 0.00 
0.00 0.00 0.00 0.00 0.00 0.00 0.00 0.00 0.00 0.00 0.00 0.00 0.00 0.00 0.00 0.00 0.00 0.00 0.00 0.00 
0.00 0.00 0.00 0.00 0.00 0.00 0.00 0.00 0.00 0.00 0.00 0.00 0.00 0.00 0.00 0.00 0.00 0.00 0.00 0.00 
0.00 0.00 0.00 0.00 0.00 0.00 0.00 0.00 0.00 0.00 0.00 0.00 0.00 0.00 0.00 0.00 0.00 0.00 0.00 0.00 
0.00 0.00 0.00 0.00 0.00 0.00 0.00 0.00 0.00 0.00 0.00 0.00 0.00 0.00 0.00 0.00 0.00 0.00 0.00 0.00 
0.00 0.00 0.00 0.00 0.00 0.00 0.00 0.00 0.00 0.00 0.00 0.00 0.00 0.00 0.00 0.00 0.00 0.00 0.00 0.00 
0.00 0.00 0.00 0.00 0.00 0.00 0.00 0.00 0.00 0.00 0.00 0.00 0.00 0.00 0.00 0.00 0.00 0.00 0.00 0.00 
0.00 0.00 0.00 0.00 0.00 0.00 0.00 0.00 0.00 0.00 0.00 0.00 0.00 0.00 0.00 0.00 0.00 0.00 0.00 0.00 
0.00 0.00 0.00 0.00 0.00 0.00 0.00 0.00 0.00 0.00 0.00 0.00 0.00 0.00 0.00 0.00 0.00 0.00 0.00 0.00 
0.00 0.00 0.00 0.00 0.00 0.00 0.00 0.00 0.00 0.00 0.00 0.00 0.00 0.00 0.00 0.00 0.00 0.00 0.00 0.00 
0.00 0.00 0.00 0.00 0.00 0.00 0.00 0.00 0.00 0.00 0.00 0.00 0.00 0.00 0.00 0.00 0.00 0.00 0.00 0.00 
0.00 0.00 0.00 0.00 0.00 0.00 0.00 0.00 0.00 0.00 0.00 0.00 0.00 0.00 0.00 0.00 0.00 0.00 0.00 0.00 
0.00 0.00 0.00 0.00 0.00 0.00 0.00 0.00 0.00 0.00 0.00 0.00 0.00 0.00 0.00 0.00 0.00 0.00 0.00 0.00 
0.00 0.00 0.00 0.00 0.00 0.00 0.00 0.00 0.00 0.00 0.00 0.00 0.00 0.00 0.00 0.00 0.00 0.00 0.00 0.00 
0.00 0.00 0.00 0.00 0.00 0.00 0.00 0.00 0.00 0.00 0.00 0.00 0.00 0.00 0.00 0.00 0.00 0.00 0.00 0.00 
0.00 0.00 0.00 0.00 0.00 0.00 0.00 0.00 0.00 0.00 0.00 0.00 0.00 0.00 0.00 0.00 0.00 0.00 0.00 0.00 
0.00 0.00 0.00 0.00 0.00 0.00 0.00 0.00 0.00 0.00 0.00 0.00 0.00 0.00 0.00 0.00 0.00 0.00 0.00 0.00 
0.00 0.00 0.00 0.00 0.00 0.00 0.00 0.00 0.00 0.00 0.00 0.00 0.00 0.00 0.00 0.00 0.00 0.00 0.00 0.00 
0.00 0.00 0.00 0.00 0.00 0.00 0.00 0.00 0.00 0.00 0.00 0.00 0.00 0.00 0.00 0.00 0.00 0.00 0.00 0.00 
0.00 0.00 0.00 0.00 0.00 0.00 0.00 0.00 0.00 0.00 0.00 0.00 0.00 0.00 0.00 0.00 0.00 0.00 0.00 0.00 
0.00 0.00 0.00 0.00 0.00 0.00 0.00 0.00 0.00 0.00 0.00 0.00 0.00 0.00 0.00 0.00 0.00 0.00 0.00 0.00 
0.00 0.00 0.00 0.00 0.00 0.00 0.00 0.00 0.00 0.00 0.00 0.00 0.00 0.00 0.00 0.00 0.00 0.00 0.00 0.00 
0.00 0.00 0.00 0.00 0.00 0.00 0.00 0.00 0.00 0.00 0.00 0.00 0.00 0.00 0.00 0.00 0.00 0.00 0.00 0.00 
0.00 0.00 0.00 0.00 0.00 0.00 0.00 0.00 0.00 0.00 0.00 0.00 0.00 0.00 0.00 0.00 0.00 0.00 0.00 0.00 
0.00 0.00 0.00 0.00 0.00 0.00 0.00 0.00 0.00 0.00 0.00 0.00 0.00 0.00 0.00 0.00 0.00 0.00 0.00 0.00 
0.00 0.00 0.00 0.00 0.00 0.00 0.00 0.00 0.00 0.00 0.00 0.00 0.00 0.00 0.00 0.00 0.00 0.00 0.00 0.00 
0.00 0.00 0.00 0.00 0.00 0.00 0.00 0.00 0.00 0.00 0.00 0.00 0.00 0.00 0.00 0.00 0.00 0.00 0.00 0.00 
0.00 0.00 0.00 0.00 0.00 0.00 0.00 0.00 0.00 0.00 0.00 0.00 0.00 0.00 0.00 0.00 0.00 0.00 0.00 0.00 
0.00 0.00 0.00 0.00 0.00 0.00 0.00 0.00 0.00 0.00 0.00 0.00 0.00 0.00 0.00 0.00 0.00 0.00 0.00 0.00 
0.00 0.00 0.00 0.00 0.00 0.00 0.00 0.00 0.00 0.00 0.00 0.00 0.00 0.00 0.00 0.00 0.00 0.00 0.00 0.00 
0.00 0.00 0.00 0.00 0.00 0.00 0.00 0.00 0.00 0.00 0.00 0.00 0.00 0.00 0.00 0.00 0.00 0.00 0.00 0.00 
0.00 0.00 0.00 0.00 0.00 0.00 0.00 0.00 0.00 0.00 0.00 0.00 0.00 0.00 0.00 0.00 0.00 0.00 0.00 0.00 
0.00 0.00 0.00 0.00 0.00 0.00 0.00 0.00 0.00 0.00 0.00 0.00 0.00 0.00 0.00 0.00 0.00 0.00 0.00 0.00 
0.00 0.00 0.00 0.00 0.00 0.00 0.00 0.00 0.00 0.00 0.00 0.00 0.00 0.00 0.00 0.00 0.00 0.00 0.00 0.00 
0.00 0.00 0.00 0.00 0.00 0.00 0.00 0.00 0.00 0.00 0.00 0.00 0.00 0.00 0.00 0.00 0.00 0.00 0.00 0.00 
0.00 0.00 0.00 0.00 0.00 0.00 0.00 0.00 0.00 0.00 0.00 0.00 0.00 0.00 0.00 0.00 0.00 0.00 0.00 0.00 
0.00 0.00 0.00 0.00 0.00 0.00 0.00 0.00 0.00 0.00 0.00 0.00 0.00 0.00 0.00 0.00 0.00 0.00 0.00 0.00 
0.00 0.00 0.00 0.00 0.00 0.00 0.00 0.00 0.00 0.00 0.00 0.00 0.00 0.00 0.00 0.00 0.00 0.00 0.00 0.00 
0.00 0.00 0.00 0.00 0.00 0.00 0.00 0.00 0.00 0.00 0.00 0.00 0.00 0.00 0.00 0.00 0.00 0.00 0.00 0.00 
0.00 0.00 0.00 0.00 0.00 0.00 0.00 0.00 0.00 0.00 0.00 0.00 0.00 0.00 0.00 0.00 0.00 0.00 0.00 0.00 
0.00 0.00 0.00 0.00 0.00 0.00 0.00 0.00 0.00 0.00 0.00 0.00 0.00 0.00 0.00 0.00 0.00 0.00 0.00 0.00 
0.00 0.00 0.00 0.00 0.00 0.00 0.00 0.00 0.00 0.00 0.00 0.00 0.00 0.00 0.00 0.00 0.00 0.00 0.00 0.00 
0.00 0.00 0.00 0.00 0.00 0.00 0.00 0.00 0.00 0.00 0.00 0.00 0.00 0.00 0.00 0.00 0.00 0.00 0.00 0.00 
0.00 0.00 0.00 0.00 0.00 0.00 0.00 0.00 0.00 0.00 0.00 0.00 0.00 0.00 0.00 0.00 0.00 0.00 0.00 0.00 
0.00 0.00 0.00 0.00 0.00 0.00 0.00 0.00 0.00 0.00 0.00 0.00 0.00 0.00 0.00 0.00 0.00 0.00 0.00 0.00 
0.00 0.00 0.00 0.00 0.00 0.00 0.00 0.00 0.00 0.00 0.00 0.00 0.00 0.00 0.00 0.00 0.00 0.00 0.00 0.00 
0.00 0.00 0.00 0.00 0.00 0.00 0.00 0.00 0.00 0.00 0.00 0.00 0.00 0.00 0.00 0.00 0.00 0.00 0.00 0.00 
0.00 0.00 0.00 0.00 0.00 0.00 0.00 0.00 0.00 0.00 0.00 0.00 0.00 0.00 0.00 0.00 0.00 0.00 0.00 0.00 
0.00 0.00 0.00 0.00 0.00 0.00 0.00 0.00 0.00 0.00 0.00 0.00 0.00 0.00 0.00 0.00 0.00 0.00 0.00 0.00 
0.00 0.00 0.00 0.00 0.00 0.00 0.00 0.00 0.00 0.00 0.00 0.00 0.00 0.00 0.00 0.00 0.00 0.00 0.00 0.00 
0.00 0.00 0.00 0.00 0.00 0.00 0.00 0.00 0.00 0.00 0.00 0.00 0.00 0.00 0.00 0.00 0.00 0.00 0.00 0.00 
end   dump: w
==END   DUMP_ARRAYS==
==BEGIN DUMP_ARRAYS==
begin dump: w
7796.76 467680672.00 514457120.00 592388544.00 678201920.00 766579200.00 857437376.00 948958144.00 1040309440.00 1133125760.00 1224828416.00 1318434944.00 1410881280.00 1504174720.00 1597178496.00 1690058624.00 1782444416.00 1876674944.00 1969848832.00 2063139584.00 
2155203840.00 2250179840.00 2343277568.00 2436886272.00 2529616896.00 2621677312.00 2716973056.00 2810236928.00 2903661568.00 2997520128.00 3090047744.00 3183517696.00 3275510272.00 3370999552.00 3464609280.00 3557818112.00 3651192064.00 3744950016.00 3838496000.00 3932081152.00 
4022779136.00 4119113216.00 4212587264.00 4305288192.00 4399653376.00 4492986368.00 4587134976.00 4680111616.00 4772630016.00 4867283968.00 4957407232.00 5054290432.00 5148002304.00 5241522688.00 5334689792.00 5428292096.00 5521613824.00 5615535104.00 5709658112.00 5802961920.00 
5894902272.00 5989597184.00 6082947584.00 6177591296.00 6268235776.00 6363523072.00 6457300480.00 6550947328.00 6644402176.00 6738847744.00 6830939136.00 6924792320.00 7018248704.00 7112474624.00 7205436416.00 7297692160.00 7392830464.00 7486930944.00 7580079616.00 7673700352.00 
7761618432.00 7860766720.00 7954271232.00 8047827968.00 8141214720.00 8234422272.00 8328052736.00 8423089152.00 8515214336.00 8609590272.00 8702223360.00 8796847104.00 8889904128.00 8981331968.00 9076968448.00 9170103296.00 9261965312.00 9357708288.00 9451268096.00 9544623104.00 
9631435776.00 9731721216.00 9825293312.00 9918794752.00 10012193792.00 10105705472.00 10199758848.00 10293339136.00 10386043904.00 10480393216.00 10573299712.00 10666906624.00 10760064000.00 10855066624.00 10947989504.00 11041542144.00 11135357952.00 11228745728.00 11322635264.00 11416046592.00 
11506836480.00 11602842624.00 11696656384.00 11789992960.00 11883455488.00 11968436224.00 12071282688.00 12165958656.00 12255896576.00 12348716032.00 12444562432.00 12538633216.00 12632105984.00 12725665792.00 12819488768.00 12912706560.00 13006060544.00 13100343296.00 13195174912.00 13287597056.00 
13379504128.00 13474284544.00 13567617024.00 13662329856.00 13754103808.00 13848399872.00 13942429696.00 14035585024.00 14128349184.00 14223223808.00 14313083904.00 14410606592.00 14503230464.00 14596667392.00 14691526656.00 14784006144.00 14877751296.00 14971707392.00 15065007104.00 15158542336.00 
15240989696.00 15345842176.00 15439240192.00 15532733440.00 15626228736.00 15719813120.00 15813362688.00 15907632128.00 16000210944.00 16093064192.00 16187042816.00 16281417728.00 16374497280.00 16468363264.00 16563970048.00 16653981696.00 16748151808.00 16843535360.00 16936408064.00 17029602304.00 
17122083840.00 17217230848.00 17311516672.00 17403684864.00 17497346048.00 17591064576.00 17683777536.00 17778446336.00 17871769600.00 17965641728.00 18058104832.00 18152957952.00 18244132864.00 18339907584.00 18433378304.00 18526281728.00 18620270592.00 18713974784.00 18807144448.00 18900676608.00 
18980814848.00 19088115712.00 19181504512.00 19275552768.00 19368767488.00 19461941248.00 19555987456.00 19649851392.00 19742240768.00 19836915712.00 19929403392.00 20024535040.00 20117481472.00 20211109888.00 20304773120.00 20397907968.00 20491110400.00 20585523200.00 20678793216.00 20772397056.00 
20864696320.00 20959995904.00 21051930624.00 21147412480.00 21238327296.00 21332332544.00 21427625984.00 21521141760.00 21614465024.00 21708255232.00 21801187328.00 21895217152.00 21988464640.00 22081589248.00 22175739904.00 22268342272.00 22363406336.00 22456780800.00 22550231040.00 22644062208.00 
22731927552.00 22831370240.00 22924470272.00 23018379264.00 23111596032.00 23205328896.00 23298695168.00 23392583680.00 23485313024.00 23579244544.00 23655415808.00 23767009280.00 23860301824.00 23953883136.00 24048072704.00 24140679168.00 24232396800.00 24328015872.00 24420182016.00 24515895296.00 
24607451136.00 24702529536.00 24795672576.00 24889450496.00 24982462464.00 25076209664.00 25169625088.00 25264928768.00 25357387776.00 25450960896.00 25543952384.00 25637838848.00 25730588672.00 25825536000.00 25919246336.00 26010558464.00 26106404864.00 26199511040.00 26293114880.00 26385917952.00 
26477389824.00 26573834240.00 26667128832.00 26760736768.00 26853898240.00 26947119104.00 27043155968.00 27135836160.00 27226703872.00 27322425344.00 27415345152.00 27509766144.00 27602870272.00 27696787456.00 27789885440.00 27883356160.00 27976411136.00 28070973440.00 28164460544.00 28257882112.00 
28344541184.00 28445005824.00 28538761216.00 28631494656.00 28724684800.00 28818931712.00 28912408576.00 29005940736.00 29101574144.00 29193877504.00 29286729728.00 29380833280.00 29473878016.00 29567889408.00 29661609984.00 29754820608.00 29848688640.00 29942216704.00 30035773440.00 30129108992.00 
30211719168.00 30316705792.00 30409940992.00 30503686144.00 30596829184.00 30689056768.00 30784159744.00 30877878272.00 30971033600.00 31064578048.00 31157882880.00 31251904512.00 31345020928.00 31437342720.00 31533709312.00 31626500096.00 31719081984.00 31813939200.00 31906539520.00 32002240512.00 
32092866560.00 32187787264.00 32281194496.00 32375373824.00 32467968000.00 32561876992.00 32655534080.00 32749058048.00 32843526144.00 32936976384.00 33026457600.00 33123690496.00 33214824448.00 33311954944.00 33404477440.00 33497337856.00 33591083008.00 33684826112.00 33778282496.00 33872480256.00 
33962756096.00 34058938368.00 34152400896.00 34245076992.00 34341734400.00 34433654784.00 34526973952.00 34620944384.00 34713231360.00 34807492608.00 34900684800.00 34994929664.00 35087794176.00 35182075904.00 35275538432.00 35360268288.00 35462180864.00 35556229120.00 35649839104.00 35743428608.00 
35835478016.00 35934953472.00 36024094720.00 36118163456.00 36209057792.00 36304531456.00 36398419968.00 36490977280.00 36585275392.00 36679127040.00 36771794944.00 36866351104.00 36959059968.00 37053222912.00 37146812416.00 37239918592.00 37333536768.00 37427396608.00 37520568320.00 37613711360.00 
37680287744.00 37802602496.00 37895614464.00 37989228544.00 38082383872.00 38175793152.00 38269792256.00 38363406336.00 38456270848.00 38550609920.00 38643187712.00 38737743872.00 38830952448.00 38924533760.00 39018684416.00 39111589888.00 39203295232.00 39299092480.00 39392677888.00 39485931520.00 
39578226688.00 39668428800.00 39766958080.00 39860428800.00 39953489920.00 40045801472.00 40140984320.00 40234569728.00 40327979008.00 40422043648.00 40514723840.00 40608886784.00 40701280256.00 40796307456.00 40889577472.00 40983044096.00 41076477952.00 41170477056.00 41263763456.00 41356877824.00 
41448103936.00 41544417280.00 41637945344.00 41731268608.00 41822568448.00 41920602112.00 42013171712.00 42106466304.00 42197704704.00 42293772288.00 42383417344.00 42480431104.00 42573864960.00 42667687936.00 42761048064.00 42854359040.00 42947739648.00 43041284096.00 43135000576.00 43227447296.00 
43321114624.00 43415724032.00 43509641216.00 43603243008.00 43695681536.00 43789619200.00 43883401216.00 43976994816.00 44070653952.00 44164505600.00 44256997376.00 44352311296.00 44444938240.00 44538847232.00 44632346624.00 44724281344.00 44819161088.00 44912971776.00 45006790656.00 45100101632.00 
45182611456.00 45287219200.00 45380943872.00 45474463744.00 45567770624.00 45661814784.00 45755473920.00 45848850432.00 45942075392.00 46036074496.00 46128885760.00 46222995456.00 46316392448.00 46410223616.00 46503534592.00 46596870144.00 46689517568.00 46784036864.00 46877433856.00 46970236928.00 
47030226944.00 47160123392.00 47252869120.00 47346790400.00 47439310848.00 47533027328.00 47626584064.00 47719948288.00 47813947392.00 47907086336.00 48000282624.00 48094461952.00 48185856000.00 48281939968.00 48375107584.00 48468402176.00 48561451008.00 48655261696.00 48749621248.00 48843063296.00 
48933756928.00 49029849088.00 49124225024.00 49217134592.00 49310613504.00 49402753024.00 49497817088.00 49591738368.00 49683935232.00 49778499584.00 49871433728.00 49965932544.00 50058866688.00 50151751680.00 50246901760.00 50339909632.00 50433249280.00 50527186944.00 50620473344.00 50713772032.00 
50806546432.00 50901569536.00 50994900992.00 51088678912.00 51179937792.00 51275091968.00 51369615360.00 51462250496.00 51556454400.00 51648258048.00 51740139520.00 51837059072.00 51930533888.00 52024700928.00 52117897216.00 52211023872.00 52304920576.00 52398866432.00 52491685888.00 52585529344.00 
52673617920.00 52772839424.00 52866490368.00 52959932416.00 53053128704.00 53146660864.00 53240172544.00 53333991424.00 53426786304.00 53520576512.00 53613101056.00 53704208384.00 53805244416.00 53896638464.00 53989974016.00 54081564672.00 54174588928.00 54270423040.00 54363652096.00 54457491456.00 
54549540864.00 54643929088.00 54737948672.00 54831648768.00 54924570624.00 55018250240.00 55112364032.00 55205605376.00 55298785280.00 55392907264.00 55485644800.00 55579992064.00 55672324096.00 55767375872.00 55860518912.00 55953817600.00 56047710208.00 56139972608.00 56234704896.00 56328245248.00 
56408064000.00 56515686400.00 56609050624.00 56702722048.00 56796225536.00 56889516032.00 56981975040.00 57076756480.00 57168375808.00 57264439296.00 57357008896.00 57451229184.00 57544527872.00 57638207488.00 57731723264.00 57823903744.00 57919492096.00 58013011968.00 58106413056.00 58199748608.00 
58292133888.00 58386718720.00 58480386048.00 58574254080.00 58666606592.00 58752598016.00 58854907904.00 58948304896.00 59041779712.00 59135557632.00 59228356608.00 59322241024.00 59416276992.00 59510185984.00 59603214336.00 59696906240.00 59790266368.00 59883995136.00 59977453568.00 60071071744.00 
60153565184.00 60258357248.00 60352282624.00 60445544448.00 60538732544.00 60631744512.00 60726124544.00 60819472384.00 60912771072.00 61006917632.00 61096878080.00 61193650176.00 61287276544.00 61380530176.00 61474684928.00 61567950848.00 61660725248.00 61754920960.00 61848518656.00 61942083584.00 
62034546688.00 62129348608.00 62222778368.00 62316298240.00 62408978432.00 62502248448.00 62593478656.00 62698946560.00 62786330624.00 62879346688.00 62971895808.00 63066013696.00 63157207040.00 63252975616.00 63346421760.00 63438217216.00 63533056000.00 63627251712.00 63721185280.00 63814057984.00 
63904886784.00 64001466368.00 64094683136.00 64189054976.00 64281579520.00 64375189504.00 64469188608.00 64562651136.00 64655089664.00 64749924352.00 64842907648.00 64937041920.00 65030156288.00 65123934208.00 65217306624.00 65310629888.00 65404608512.00 65498406912.00 65591963648.00 65685114880.00 
65771888640.00 65872248832.00 65966051328.00 66059522048.00 66150875136.00 66246152192.00 66342912000.00 66434146304.00 66527563776.00 66621161472.00 66713915392.00 66807836672.00 66901245952.00 66995257344.00 67088437248.00 67182223360.00 67275755520.00 67369869312.00 67464159232.00 67556683776.00 
67644702720.00 67743715328.00 67837218816.00 67930931200.00 68024242176.00 68116193280.00 68211097600.00 68302528512.00 68399284224.00 68492701696.00 68585558016.00 68679675904.00 68772937728.00 68866875392.00 68960305152.00 69053693952.00 69145190400.00 69241413632.00 69334294528.00 69427814400.00 
69520211968.00 69615648768.00 69708800000.00 69802229760.00 69895200768.00 69989171200.00 70082945024.00 70176710656.00 70269919232.00 70363095040.00 70439821312.00 70551273472.00 70643580928.00 70738157568.00 70831636480.00 70924877824.00 71018479616.00 71112638464.00 71205822464.00 71299448832.00 
71390240768.00 71486439424.00 71582294016.00 71673405440.00 71766859776.00 71860559872.00 71955292160.00 72047886336.00 72139284480.00 72234491904.00 72328126464.00 72422236160.00 72515895296.00 72609161216.00 72702394368.00 72794939392.00 72889409536.00 72983699456.00 73077448704.00 73170665472.00 
73262866432.00 73357680640.00 73451356160.00 73544998912.00 73637445632.00 73731719168.00 73825492992.00 73919348736.00 74012696576.00 74106363904.00 74199080960.00 74293387264.00 74386317312.00 74480156672.00 74573570048.00 74666975232.00 74760404992.00 74854023168.00 74946805760.00 75038539776.00 
75079720960.00 75232976896.00 75324571648.00 75417600000.00 75510620160.00 75604008960.00 75697807360.00 75790770176.00 75884142592.00 75979292672.00 76071084032.00 76165677056.00 76258549760.00 76351758336.00 76445884416.00 76539355136.00 76631941120.00 76726566912.00 76819980288.00 76913803264.00 
77005824000.00 77100752896.00 77194551296.00 77287915520.00 77381148672.00 77473349632.00 77568466944.00 77661782016.00 77755768832.00 77849387008.00 77942267904.00 78036451328.00 78127890432.00 78223155200.00 78317297664.00 78410514432.00 78504173568.00 78597611520.00 78691360768.00 78785011712.00 
78875795456.00 78971904000.00 79063228416.00 79159476224.00 79252570112.00 79346008064.00 79439847424.00 79533277184.00 79625887744.00 79720742912.00 79810682880.00 79907258368.00 80001105920.00 80094765056.00 80188456960.00 80281616384.00 80374890496.00 80465797120.00 80563224576.00 80656433152.00 
80748707840.00 80843669504.00 80937033728.00 81030758400.00 81121886208.00 81217855488.00 81311703040.00 81405304832.00 81498169344.00 81591787520.00 81685307392.00 81779367936.00 81872338944.00 81966350336.00 82059771904.00 82144534528.00 82246762496.00 82340118528.00 82432991232.00 82527707136.00 
82615664640.00 82714804224.00 82808258560.00 82901688320.00 82995224576.00 83088678912.00 83182403584.00 83275653120.00 83368083456.00 83473727488.00 83557351424.00 83651330048.00 83744194560.00 83837902848.00 83931291648.00 84024598528.00 84116299776.00 84212056064.00 84306313216.00 84399194112.00 
84485701632.00 84586258432.00 84679868416.00 84773117952.00 84866555904.00 84960296960.00 85054070784.00 85147533312.00 85240954880.00 85332639744.00 85427814400.00 85521989632.00 85614387200.00 85708849152.00 85802295296.00 85895798784.00 85989482496.00 86083624960.00 86176038912.00 86270713856.00 
86361194496.00 86457327616.00 86550634496.00 86637510656.00 86738509824.00 86830391296.00 86925475840.00 87019200512.00 87110410240.00 87206019072.00 87298932736.00 87393124352.00 87486373888.00 87579918336.00 87673880576.00 87767130112.00 87860477952.00 87954694144.00 88048074752.00 88141545472.00 
88233803776.00 88327200768.00 88422719488.00 88516124672.00 88608702464.00 88702926848.00 88796807168.00 88890515456.00 88983937024.00 89077219328.00 89167486976.00 89264644096.00 89357205504.00 89452150784.00 89545244672.00 89638567936.00 89732341760.00 89825984512.00 89919569920.00 90013048832.00 
90095517696.00 90200309760.00 90293313536.00 90388176896.00 90480746496.00 90574118912.00 90668146688.00 90761420800.00 90854711296.00 90948657152.00 91041906688.00 91135959040.00 91229380608.00 91325505536.00 91416625152.00 91508441088.00 91602812928.00 91697274880.00 91790893056.00 91884150784.00 
91976638464.00 92071247872.00 92164939776.00 92258648064.00 92351725568.00 92445458432.00 92539256832.00 92631531520.00 92726034432.00 92819603456.00 92912721920.00 93006954496.00 93098115072.00 93193699328.00 93287145472.00 93380206592.00 93473669120.00 93567139840.00 93659398144.00 93750198272.00 
93779320832.00 93949083648.00 94039384064.00 94132224000.00 94224941056.00 94318116864.00 94411997184.00 94505787392.00 94597668864.00 94691393536.00 94785101824.00 94880161792.00 94972264448.00 95066488832.00 95159721984.00 95253258240.00 95346524160.00 95441027072.00 95533907968.00 95627436032.00 
95719874560.00 95814483968.00 95908184064.00 96001654784.00 96093102080.00 96187154432.00 96282558464.00 96375373824.00 96469352448.00 96563290112.00 96656007168.00 96750297088.00 96843104256.00 96937631744.00 97030594560.00 97124368384.00 97217961984.00 97308221440.00 97405353984.00 97499217920.00 
97586823168.00 97685970944.00 97779048448.00 97872723968.00 97966694400.00 98059902976.00 98153472000.00 98247483392.00 98340413440.00 98434260992.00 98524520448.00 98621538304.00 98714566656.00 98809397248.00 98902417408.00 98995748864.00 99087310848.00 99183468544.00 99276316672.00 99370426368.00 
99462438912.00 99557179392.00 99650936832.00 99744284672.00 99837288448.00 99931176960.00 100024500224.00 100119879680.00 100212244480.00 100306100224.00 100398809088.00 100492869632.00 100585619456.00 100679868416.00 100773584896.00 100865556480.00 100960452608.00 101056159744.00 101147664384.00 101241683968.00 
101332254720.00 101427847168.00 101522317312.00 101615665152.00 101709070336.00 101802565632.00 101896273920.00 101990187008.00 102081331200.00 102176382976.00 102269394944.00 102372728832.00 102458261504.00 102551625728.00 102644883456.00 102738518016.00 102831734784.00 102925901824.00 103018438656.00 103113064448.00 
103199580160.00 103300202496.00 103393370112.00 103487102976.00 103579688960.00 103674028032.00 103767957504.00 103861477376.00 103954817024.00 104048574464.00 104141291520.00 104233132032.00 104329076736.00 104422735872.00 104516403200.00 104609693696.00 104703123456.00 104797069312.00 104890359808.00 104984150016.00 
105066700800.00 105171247104.00 105265045504.00 105358655488.00 105451814912.00 105536937984.00 105639092224.00 105732734976.00 105825591296.00 105919750144.00 106012696576.00 106106937344.00 106199965696.00 106294001664.00 106387472384.00 106480820224.00 106573545472.00 106668277760.00 106761740288.00 106855071744.00 
106947248128.00 107041759232.00 107134124032.00 107243102208.00 107324481536.00 107417673728.00 107510865920.00 107604549632.00 107697807360.00 107791630336.00 107881594880.00 107978743808.00 108069953536.00 108165677056.00 108259508224.00 108352520192.00 108446089216.00 108539805696.00 108634013696.00 108727050240.00 
108817817600.00 108914032640.00 109007536128.00 109101686784.00 109194625024.00 109287915520.00 109381754880.00 109475782656.00 109568049152.00 109662642176.00 109755645952.00 109849935872.00 109943316480.00 110037106688.00 110130446336.00 110222106624.00 110316453888.00 110411702272.00 110505000960.00 110598455296.00 
110690615296.00 110785568768.00 110879227904.00 110972567552.00 111064014848.00 111158894592.00 111253282816.00 111347056640.00 111440134144.00 111533809664.00 111626936320.00 111720857600.00 111814205440.00 111909781504.00 112001114112.00 112095059968.00 112188719104.00 112282165248.00 112375685120.00 112468779008.00 
112535273472.00 112657719296.00 112750698496.00 112843612160.00 112937533440.00 113031077888.00 113124597760.00 113218453504.00 113311391744.00 113405124608.00 113498300416.00 113591656448.00 113685151744.00 113780006912.00 113873002496.00 113966571520.00 114058092544.00 114153431040.00 114247712768.00 114341109760.00 
114433392640.00 114528051200.00 114621472768.00 114715328512.00 114808414208.00 114900656128.00 114995920896.00 115090063360.00 115182862336.00 115276423168.00 115368951808.00 115466297344.00 115556900864.00 115651174400.00 115744464896.00 115837878272.00 115931594752.00 116025376768.00 116118454272.00 116212514816.00 
116303265792.00 116399579136.00 116493074432.00 116586610688.00 116679925760.00 116773470208.00 116867571712.00 116960788480.00 117052317696.00 117147828224.00 117224153088.00 117335597056.00 117428813824.00 117521358848.00 117615796224.00 117709635584.00 117802483712.00 117896052736.00 117990309888.00 118083551232.00 
118176022528.00 118270844928.00 118364241920.00 118456557568.00 118550790144.00 118645088256.00 118738788352.00 118832340992.00 118925402112.00 119019585536.00 119112368128.00 119206322176.00 119299416064.00 119394353152.00 119487348736.00 119579099136.00 119674249216.00 119768473600.00 119861395456.00 119955382272.00 
120037416960.00 120142274560.00 120235589632.00 120327643136.00 120422842368.00 120516255744.00 120610439168.00 120703762432.00 120796569600.00 120890597376.00 120983494656.00 121077645312.00 121171058688.00 121265184768.00 121358008320.00 121451905024.00 121544720384.00 121638887424.00 121732595712.00 121826369536.00 
121912926208.00 122013466624.00 122106847232.00 122200686592.00 122293616640.00 122387496960.00 122480893952.00 122574913536.00 122668318720.00 122761756672.00 122854866944.00 122949066752.00 123040374784.00 123136180224.00 123229536256.00 123322646528.00 123416436736.00 123510218752.00 123603681280.00 123697561600.00 
123788148736.00 123884314624.00 123977768960.00 124071428096.00 124164784128.00 124256616448.00 124351635456.00 124444844032.00 124537061376.00 124631359488.00 124723552256.00 124816482304.00 124906135552.00 124976807936.00 125117005824.00 125200891904.00 125291921408.00 125385031680.00 125477789696.00 125571096576.00 
125663059968.00 125757792256.00 125851156480.00 125944643584.00 126035869696.00 126131240960.00 126225047552.00 126318764032.00 126411964416.00 126505598976.00 126595637248.00 126693220352.00 126785814528.00 126880104448.00 126973329408.00 127066570752.00 127160467456.00 127253897216.00 127347392512.00 127441166336.00 
127528845312.00 127628517376.00 127721758720.00 127815434240.00 127908773888.00 128002170880.00 128096141312.00 128189390848.00 128282476544.00 128376848384.00 128469671936.00 128563716096.00 128657260544.00 128751108096.00 128844316672.00 128929259520.00 129029414912.00 129124687872.00 129218666496.00 129312088064.00 
129404583936.00 129499439104.00 129593032704.00 129686757376.00 129779441664.00 129873543168.00 129967325184.00 130060984320.00 130154217472.00 130248048640.00 130340823040.00 130434351104.00 130527625216.00 130622251008.00 130715975680.00 130808872960.00 130902859776.00 130996535296.00 131089670144.00 131183304704.00 
131263193088.00 131370754048.00 131464110080.00 131558178816.00 131651166208.00 131744595968.00 131838631936.00 131932291072.00 132023451648.00 132118986752.00 132211998720.00 132305756160.00 132400971776.00 132493713408.00 132587003904.00 132680400896.00 132773830656.00 132867842048.00 132961525760.00 133054824448.00 
133147279360.00 133241659392.00 133335564288.00 133429190656.00 133521694720.00 133614600192.00 133709783040.00 133803327488.00 133896093696.00 133991735296.00 134083756032.00 134177841152.00 134270787584.00 134365093888.00 134459154432.00 134551756800.00 134646013952.00 134739402752.00 134832619520.00 134926303232.00 
135008870400.00 135113932800.00 135206936576.00 135300571136.00 135393910784.00 135487389696.00 135581179904.00 135674888192.00 135767941120.00 135861911552.00 135951925248.00 136049369088.00 136142217216.00 136235974656.00 136328486912.00 136424800256.00 136516272128.00 136610971648.00 136704278528.00 136797888512.00 
136890064896.00 136984969216.00 137078308864.00 137171648512.00 137265111040.00 137358852096.00 137452437504.00 137546448896.00 137639575552.00 137733341184.00 137826304000.00 137920380928.00 138011721728.00 138107289600.00 138201874432.00 138292985856.00 138388029440.00 138481958912.00 138575101952.00 138669654016.00 
138759815168.00 138855874560.00 138949738496.00 139043487744.00 139136811008.00 139230003200.00 139324014592.00 139417518080.00 139509858304.00 139604475904.00 139697389568.00 139791695872.00 139885084672.00 139978915840.00 140072812544.00 140165726208.00 140258951168.00 140352716800.00 140446089216.00 140539215872.00 
140599115776.00 140728893440.00 140821839872.00 140915064832.00 141006422016.00 141101924352.00 141195493376.00 141288947712.00 141382451200.00 141476429824.00 141569032192.00 141663059968.00 141756317696.00 141850148864.00 141944012800.00 142037319680.00 142130954240.00 142224277504.00 142318108672.00 142412906496.00 
142499807232.00 142598750208.00 142692286464.00 142785757184.00 142880505856.00 142971502592.00 143066628096.00 143160197120.00 143253372928.00 143347089408.00 143440576512.00 143534718976.00 143628386304.00 143721627648.00 143815180288.00 143908421632.00 143999991808.00 144095690752.00 144188309504.00 144284270592.00 
144375676928.00 144470736896.00 144563896320.00 144657743872.00 144750526464.00 144844210176.00 144937811968.00 145031528448.00 145124884480.00 145218732032.00 145309057024.00 145404297216.00 145498472448.00 145593204736.00 145686511616.00 145779458048.00 145874190336.00 145967480832.00 146060886016.00 146154586112.00 
146245320704.00 146343739392.00 146435080192.00 146528780288.00 146622136320.00 146714918912.00 146809602048.00 146902204416.00 146994446336.00 147090178048.00 147182993408.00 147277332480.00 147370835968.00 147464077312.00 147557892096.00 147649921024.00 147744849920.00 147838566400.00 147932430336.00 148026884096.00 
148117929984.00 148212744192.00 148306673664.00 148399915008.00 148492468224.00 148587053056.00 148680458240.00 148774174720.00 148867481600.00 148961017856.00 149054275584.00 149148696576.00 149241331712.00 149335539712.00 149429043200.00 149522071552.00 149615673344.00 149708996608.00 149801893888.00 149893758976.00 
149934768128.00 150088105984.00 150179774464.00 150273064960.00 150365765632.00 150459072512.00 150552657920.00 150646243328.00 150739222528.00 150833201152.00 150926229504.00 151020257280.00 151114121216.00 151207854080.00 151299964928.00 151394271232.00 151486955520.00 151579754496.00 151675715584.00 151767859200.00 
151860953088.00 151955816448.00 152049582080.00 152142839808.00 152236015616.00 152321523712.00 152423284736.00 152517214208.00 152610717696.00 152704450560.00 152797642752.00 152891506688.00 152982945792.00 153078644736.00 153172148224.00 153265242112.00 153358729216.00 153453182976.00 153546637312.00 153640173568.00 
153730777088.00 153824722944.00 153920585728.00 154014498816.00 154107756544.00 154200915968.00 154294779904.00 154383368192.00 154481442816.00 154575831040.00 154665779200.00 154762838016.00 154856177664.00 154950221824.00 155043430400.00 155136262144.00 155230126080.00 155324137472.00 155417788416.00 155511619584.00 
155603697664.00 155698249728.00 155792179200.00 155885502464.00 155976990720.00 156072296448.00 156165341184.00 156261941248.00 156353691648.00 156447391744.00 156540272640.00 156634431488.00 156727459840.00 156821127168.00 156914663424.00 157006970880.00 157101965312.00 157195616256.00 157289201664.00 157381640192.00 
157470720000.00 157569908736.00 157663182848.00 157757194240.00 157849157632.00 157944102912.00 158037704704.00 158131060736.00 158224400384.00 158318673920.00 158411440128.00 158505271296.00 158598545408.00 158692851712.00 158786207744.00 158879645696.00 158971150336.00 159069667328.00 159160287232.00 159254478848.00 
159340691456.00 159441453056.00 159534481408.00 159628541952.00 159721422848.00 159815516160.00 159908872192.00 160002097152.00 160095830016.00 160189382656.00 160282345472.00 160376815616.00 160468860928.00 160562511872.00 160650706944.00 160753467392.00 160845676544.00 160939081728.00 161032421376.00 161125187584.00 
161216577536.00 161313095680.00 161406353408.00 161499889664.00 161593163776.00 161685356544.00 161780498432.00 161873952768.00 161965424640.00 162061172736.00 162154233856.00 162248736768.00 162341879808.00 162435481600.00 162529394688.00 162622734336.00 162715877376.00 162809544704.00 162903080960.00 162995552256.00 
163089481728.00 163183968256.00 163277914112.00 163370795008.00 163463806976.00 163558129664.00 163651764224.00 163745284096.00 163838574592.00 163932176384.00 164008476672.00 164119658496.00 164212670464.00 164306993152.00 164400136192.00 164493606912.00 164586684416.00 164680237056.00 164774543360.00 164868079616.00 
164950818816.00 165055037440.00 165149130752.00 165242601472.00 165335908352.00 165429542912.00 165522980864.00 165616877568.00 165709758464.00 165803900928.00 165896732672.00 165991612416.00 166084395008.00 166177980416.00 166271385600.00 166363185152.00 166457262080.00 166550978560.00 166651133952.00 166740295680.00 
166832537600.00 166926974976.00 167020494848.00 167114031104.00 167207321600.00 167300759552.00 167394508800.00 167488405504.00 167581237248.00 167675445248.00 167768260608.00 167862026240.00 167953858560.00 168048541696.00 168143077376.00 168236466176.00 168330625024.00 168423784448.00 168517320704.00 168610873344.00 
168690515968.00 168798420992.00 168891645952.00 168985198592.00 169079111680.00 169171992576.00 169265741824.00 169359671296.00 169452011520.00 169546711040.00 169639542784.00 169733603328.00 169827352576.00 169920757760.00 170014523392.00 170107535360.00 170200809472.00 170294558720.00 170384457728.00 170483187712.00 
170575052800.00 170669588480.00 170763239424.00 170856693760.00 170948116480.00 171042062336.00 171136729088.00 171230969856.00 171324309504.00 171418550272.00 171510972416.00 171605524480.00 171698176000.00 171791925248.00 171885920256.00 171979112448.00 172072468480.00 172166627328.00 172260409344.00 172353880064.00 
172441649152.00 172540542976.00 172634013696.00 172727369728.00 172821381120.00 172914540544.00 173004963840.00 173102940160.00 173195509760.00 173289422848.00 173379518464.00 173476708352.00 173569966080.00 173663666176.00 173757382656.00 173850312704.00 173942046720.00 174037090304.00 174131281920.00 174224834560.00 
174317060096.00 174412185600.00 174505410560.00 174598094848.00 174692040704.00 174785773568.00 174879277056.00 174974500864.00 175067267072.00 175161262080.00 175253618688.00 175348563968.00 175440379904.00 175534718976.00 175628337152.00 175713632256.00 175815458816.00 175909109760.00 176002875392.00 176096083968.00 
176187179008.00 176283598848.00 176376315904.00 176471113728.00 176564289536.00 176657399808.00 176751230976.00 176845160448.00 176936353792.00 177032560640.00 177124851712.00 177219469312.00 177312628736.00 177406017536.00 177499619328.00 177594056704.00 177686659072.00 177780686848.00 177874042880.00 177968758784.00 
178054381568.00 178155716608.00 178248450048.00 178341806080.00 178434441216.00 178529697792.00 178622824448.00 178716688384.00 178809667584.00 178903040000.00 178996330496.00 179090571264.00 179183484928.00 179273859072.00 179371409408.00 179464454144.00 179558400000.00 179652018176.00 179745275904.00 179838844928.00 
179921436672.00 180026310656.00 180119339008.00 180212908032.00 180306575360.00 180398587904.00 180495466496.00 180587102208.00 180680671232.00 180774649856.00 180867563520.00 180958740480.00 181055045632.00 181148680192.00 181242511360.00 181335818240.00 181428535296.00 181523054592.00 181616623616.00 181710471168.00 
181802762240.00 181897478144.00 181990899712.00 182084976640.00 182177824768.00 182271574016.00 182366552064.00 182458843136.00 182552199168.00 182646292480.00 182735978496.00 182832889856.00 182924689408.00 183019814912.00 183113531392.00 183207116800.00 183300734976.00 183394533376.00 183487856640.00 183581507584.00 
183672389632.00 183768793088.00 183862149120.00 183955980288.00 184049221632.00 184142938112.00 184236195840.00 184330305536.00 184422547456.00 184516952064.00 184609996800.00 184702681088.00 184797560832.00 184891523072.00 184983961600.00 185076727808.00 185171279872.00 185264472064.00 185358204928.00 185452625920.00 
185544687616.00 185639518208.00 185733251072.00 185826213888.00 185917669376.00 186013237248.00 186106527744.00 186200391680.00 186293387264.00 186386989056.00 186479673344.00 186573832192.00 186666516480.00 186760069120.00 186853064704.00 186945781760.00 187038007296.00 187130003456.00 187219492864.00 187301199872.00 
187277656064.00 187535589376.00 187617427456.00 187707195392.00 187798421504.00 187890630656.00 187983609856.00 188076687360.00 188169158656.00 188262776832.00 188355674112.00 188449587200.00 188542976000.00 188636692480.00 188729851904.00 188823060480.00 188914614272.00 189010591744.00 189103341568.00 189197189120.00 
189289431040.00 189384146944.00 189478305792.00 189572349952.00 189664395264.00 189756801024.00 189852368896.00 189945364480.00 190038720512.00 190133878784.00 190225612800.00 190319656960.00 190412193792.00 190506582016.00 190600314880.00 190693244928.00 190787436544.00 190880595968.00 190974443520.00 191068274688.00 
191158829056.00 191255134208.00 191348572160.00 191442042880.00 191535579136.00 191628918784.00 191722881024.00 191816581120.00 191907807232.00 192003899392.00 192093716480.00 192190644224.00 192284229632.00 192377995264.00 192470106112.00 192564822016.00 192657932288.00 192751763456.00 192845725696.00 192939343872.00 
193031241728.00 193126481920.00 193219870720.00 193313767424.00 193405943808.00 193500479488.00 193594408960.00 193687912448.00 193780809728.00 193877835776.00 193967849472.00 194062024704.00 194155151360.00 194249539584.00 194341109760.00 194434744320.00 194530033664.00 194624094208.00 194717188096.00 194810396672.00 
194893217792.00 194997927936.00 195091316736.00 195184852992.00 195277996032.00 195371565056.00 195465428992.00 195563175936.00 195652272128.00 195746217984.00 195839131648.00 195933847552.00 196026531840.00 196119986176.00 196213850112.00 196306616320.00 196400201728.00 196494934016.00 196588224512.00 196681105408.00 
196768399360.00 196868161536.00 196962533376.00 197056004096.00 197149097984.00 197242142720.00 197337006080.00 197430837248.00 197523734528.00 197617303552.00 197710381056.00 197804064768.00 197896028160.00 197991628800.00 198085607424.00 198179045376.00 198271909888.00 198365872128.00 198460407808.00 198553174016.00 
198644252672.00 198740459520.00 198833946624.00 198927630336.00 199021002752.00 199106019328.00 199208271872.00 199302217728.00 199394279424.00 199488471040.00 199581958144.00 199675641856.00 199769276416.00 199862009856.00 199957364736.00 200050147328.00 200143536128.00 200238759936.00 200331427840.00 200424652800.00 
200516911104.00 200611676160.00 200704999424.00 200799567872.00 200890368000.00 200985788416.00 201079242752.00 201172992000.00 201266184192.00 201360195584.00 201450307584.00 201547251712.00 201640542208.00 201733767168.00 201831727104.00 201921970176.00 202015096832.00 202109485056.00 202202611712.00 202296213504.00 
202384048128.00 202482843648.00 202576281600.00 202670194688.00 202764042240.00 202856808448.00 202950524928.00 203044732928.00 203137515520.00 203231461376.00 203324686336.00 203418320896.00 203511971840.00 203605721088.00 203699912704.00 203791171584.00 203884527616.00 203980144640.00 204073254912.00 204167299072.00 
204259180544.00 204353585152.00 204452118528.00 204541755392.00 204634931200.00 204728336384.00 204822036480.00 204916047872.00 205009108992.00 205103185920.00 205195968512.00 205290029056.00 205382402048.00 205476872192.00 205570932736.00 205663961088.00 205757267968.00 205851475968.00 205945077760.00 206038335488.00 
206118338560.00 206225801216.00 206319616000.00 206413185024.00 206506000384.00 206599831552.00 206693548032.00 206787903488.00 206878457856.00 206974959616.00 207067037696.00 207161294848.00 207254814720.00 207348793344.00 207441985536.00 207535341568.00 207628681216.00 207722545152.00 207816048640.00 207909928960.00 
208001875968.00 208096362496.00 208185376768.00 208285827072.00 208377479168.00 208469983232.00 208565141504.00 208658726912.00 208752001024.00 208845144064.00 208938582016.00 209032904704.00 209125965824.00 209219944448.00 209313660928.00 209406689280.00 209500487680.00 209594089472.00 209687609344.00 209781637120.00 
209863868416.00 209968562176.00 210062065664.00 210156584960.00 210249351168.00 210342412288.00 210436603904.00 210529648640.00 210622726144.00 210717016064.00 210793365504.00 210904612864.00 210997608448.00 211090997248.00 211184877568.00 211278184448.00 211370950656.00 211465912320.00 211559022592.00 211652870144.00 
211744964608.00 211841269760.00 211933347840.00 212027179008.00 212120109056.00 212213497856.00 212307230720.00 212401242112.00 212494647296.00 212588003328.00 212681195520.00 212775518208.00 212866727936.00 212962836480.00 213056372736.00 213148172288.00 213243445248.00 213337079808.00 213430353920.00 213523693568.00 
213614723072.00 213711470592.00 213804498944.00 213897478144.00 213990785024.00 214082797568.00 214185754624.00 214274048000.00 214366027776.00 214460317696.00 214553247744.00 214647308288.00 214740516864.00 214834937856.00 214927720448.00 215020634112.00 215114350592.00 215208034304.00 215302422528.00 215395467264.00 
215482155008.00 215582670848.00 215676125184.00 215767056384.00 215861329920.00 215956553728.00 216050319360.00 216144035840.00 216238161920.00 216331288576.00 216424218624.00 216517951488.00 216611454976.00 216706007040.00 216798871552.00 216891981824.00 216987156480.00 217079676928.00 217173360640.00 217266765824.00 
217354764288.00 217454952448.00 217547440128.00 217641385984.00 217734234112.00 217826689024.00 217921961984.00 218015694848.00 218108624896.00 218202505216.00 218295336960.00 218389200896.00 218482442240.00 218574995456.00 218671267840.00 218763788288.00 218855456768.00 218951237632.00 219044642816.00 219138523136.00 
219230666752.00 219325284352.00 219418951680.00 219512619008.00 219605647360.00 219700199424.00 219793539072.00 219886534656.00 219980234752.00 220073771008.00 220163735552.00 220260843520.00 220353150976.00 220453666816.00 220541992960.00 220635086848.00 220728754176.00 220822093824.00 220915892224.00 221011869696.00 
221100277760.00 221196697600.00 221290201088.00 221383884800.00 221477879808.00 221571072000.00 221664673792.00 221758357504.00 221849550848.00 221945282560.00 222037884928.00 222132338688.00 222225547264.00 222319755264.00 222413422592.00 222498013184.00 222599495680.00 222694096896.00 222787289088.00 222881136640.00 
222973132800.00 223069028352.00 223160877056.00 223256920064.00 223347589120.00 223441928192.00 223536578560.00 223629148160.00 223722291200.00 223816679424.00 223909543936.00 224003751936.00 224096468992.00 224190464000.00 224283820032.00 224376913920.00 224470482944.00 224563888128.00 224656883712.00 224748568576.00 
224789725184.00 224943144960.00 225034797056.00 225127743488.00 225220689920.00 225314177024.00 225407713280.00 225501233152.00 225594507264.00 225688158208.00 225781383168.00 225876017152.00 225968652288.00 226062499840.00 226156199936.00 226248949760.00 226342322176.00 226436694016.00 226530312192.00 226623848448.00 
226716319744.00 226809856000.00 226903900160.00 226998124544.00 227090939904.00 227183673344.00 227278798848.00 227372761088.00 227465723904.00 227559587840.00 227652468736.00 227746643968.00 227838050304.00 227934486528.00 228027006976.00 228121313280.00 228214571008.00 228308107264.00 228401709056.00 228492951552.00 
228586045440.00 228681957376.00 228775804928.00 228869292032.00 228962304000.00 229056872448.00 229150162944.00 229243518976.00 229336088576.00 229432737792.00 229520834560.00 229618401280.00 229711626240.00 229805359104.00 229898895360.00 229992071168.00 230085230592.00 230179012608.00 230272729088.00 230365904896.00 
230458490880.00 230552748032.00 230648496128.00 230741114880.00 230832390144.00 230927695872.00 231021658112.00 231115374592.00 231207927808.00 231302201344.00 231394967552.00 231489617920.00 231582760960.00 231676706816.00 231770144768.00 231861977088.00 231955955712.00 232050982912.00 232144371712.00 232237727744.00 
232325922816.00 232423522304.00 232518549504.00 232612577280.00 232705523712.00 232799158272.00 232892563456.00 232986411008.00 233079341056.00 233173614592.00 233266413568.00 233360424960.00 233453830144.00 233547677696.00 233641164800.00 233734406144.00 233826041856.00 233921789952.00 234014883840.00 234107699200.00 
234167926784.00 234297671680.00 234390732800.00 234483875840.00 234576986112.00 234670292992.00 234763714560.00 234858004480.00 234951180288.00 235045044224.00 235138023424.00 235232002048.00 235324555264.00 235419254784.00 235512610816.00 235606048768.00 235699896320.00 235793514496.00 235886788608.00 235980914688.00 
236071665664.00 236167135232.00 236261212160.00 236354519040.00 236448301056.00 236540018688.00 236634685440.00 236729352192.00 236820774912.00 236916097024.00 237009207296.00 237103529984.00 237196738560.00 237290291200.00 237383794688.00 237477445632.00 237570523136.00 237665026048.00 237758169088.00 237852082176.00 
237944111104.00 238039121920.00 238132396032.00 238225997824.00 238318256128.00 238411792384.00 238508146688.00 238600601600.00 238694154240.00 238787543040.00 238877982720.00 238974566400.00 239068119040.00 239161769984.00 239255715840.00 239348973568.00 239442526208.00 239536308224.00 239629746176.00 239722840064.00 
239805759488.00 239910600704.00 240004153344.00 240097230848.00 240190472192.00 240284385280.00 240377413632.00 240471900160.00 240565125120.00 240658857984.00 240751935488.00 240844849152.00 240940400640.00 241033576448.00 241126965248.00 241218895872.00 241313087488.00 241407459328.00 241501306880.00 241594974208.00 
241687035904.00 241782046720.00 241875271680.00 241968726016.00 242061885440.00 242155798528.00 242249908224.00 242343084032.00 242435571712.00 242531041280.00 242623545344.00 242717769728.00 242809192448.00 242904432640.00 242998083584.00 243091603456.00 243185401856.00 243278577664.00 243372441600.00 243465912320.00 
243545587712.00 243653525504.00 243746734080.00 243840434176.00 243933495296.00 244027244544.00 244120698880.00 244214595584.00 244306837504.00 244402388992.00 244494745600.00 244588707840.00 244681998336.00 244775780352.00 244869464064.00 244962426880.00 245056405504.00 245150171136.00 245243559936.00 245337112576.00 
245429321728.00 245524529152.00 245617786880.00 245711994880.00 245802778624.00 245890105344.00 245992177664.00 246085746688.00 246179168256.00 246273032192.00 246365716480.00 246460071936.00 246553346048.00 246647308288.00 246740418560.00 246834429952.00 246927867904.00 247021387776.00 247115005952.00 247208230912.00 
247296540672.00 247395631104.00 247489118208.00 247583178752.00 247675912192.00 247769448448.00 247863377920.00 247956865024.00 248050434048.00 248143642624.00 248234098688.00 248331223040.00 248424415232.00 248517935104.00 248611405824.00 248704679936.00 248796364800.00 248892260352.00 248985452544.00 249078792192.00 
249170935808.00 249265602560.00 249358860288.00 249451872256.00 249543622656.00 249635274752.00 249719488512.00 249860063232.00 249930072064.00 250020282368.00 250111852544.00 250205683712.00 250297270272.00 250391904256.00 250484932608.00 250576601088.00 250671431680.00 250765459456.00 250858749952.00 250952482816.00 
251043348480.00 251139211264.00 251232763904.00 251326316544.00 251419820032.00 251513487360.00 251607171072.00 251700477952.00 251791802368.00 251887468544.00 251980611584.00 252075065344.00 252168044544.00 252261908480.00 252355444736.00 252448686080.00 252542156800.00 252636266496.00 252729933824.00 252823404544.00 
252909797376.00 253010509824.00 253104128000.00 253198090240.00 253290446848.00 253384081408.00 253478715392.00 253571645440.00 253665263616.00 253759209472.00 253851992064.00 253946183680.00 254039228416.00 254133256192.00 254226382848.00 254319968256.00 254413406208.00 254509105152.00 254600839168.00 254694440960.00 
254776590336.00 254881775616.00 254975213568.00 255068405760.00 255162318848.00 255254315008.00 255349653504.00 255442649088.00 255536545792.00 255630196736.00 255722913792.00 255817416704.00 255910952960.00 256004407296.00 256097861632.00 256190873600.00 256283623424.00 256380305408.00 256472334336.00 256566083584.00 
256658227200.00 256753156096.00 256846528512.00 256940605440.00 257033076736.00 257126727680.00 257220919296.00 257315504128.00 257407418368.00 257501249536.00 257577582592.00 257689239552.00 257780219904.00 257876033536.00 257969127424.00 258063138816.00 258156232704.00 258249998336.00 258343813120.00 258437103616.00 
258528018432.00 258624339968.00 258718040064.00 258811445248.00 258904834048.00 258998484992.00 259092267008.00 259185557504.00 259277963264.00 259370762240.00 259466395648.00 259560325120.00 259653763072.00 259746873344.00 259840458752.00 259932700672.00 260027383808.00 260121493504.00 260215324672.00 260308795392.00 
260400939008.00 260495769600.00 260588830720.00 260683366400.00 260773986304.00 260869668864.00 260963549184.00 261056839680.00 261151260672.00 261244895232.00 261337088000.00 261431738368.00 261524357120.00 261618450432.00 261711970304.00 261805359104.00 261898682368.00 261993218048.00 262085935104.00 262178914304.00 
262245433344.00 262367608832.00 262460948480.00 262554337280.00 262647595008.00 262741180416.00 262835552256.00 262926974976.00 263021412352.00 263115685888.00 263208681472.00 263303020544.00 263396294656.00 263489814528.00 263583547392.00 263677444096.00 263768539136.00 263864254464.00 263957266432.00 264051228672.00 
264143486976.00 264238284800.00 264331706368.00 264425357312.00 264519352320.00 264611119104.00 264706097152.00 264799928320.00 264893022208.00 264986624000.00 265079930880.00 265174220800.00 265266626560.00 265360916480.00 265454878720.00 265548267520.00 265641918464.00 265735061504.00 265829318656.00 265922494464.00 
266013523968.00 266109779968.00 266202595328.00 266296950784.00 266390339584.00 266483597312.00 266577182720.00 266671144960.00 266762403840.00 266858102784.00 266948280320.00 267045421056.00 267138416640.00 267232362496.00 267325816832.00 267418812416.00 267511234560.00 267593646080.00 267702550528.00 267795054592.00 
267887001600.00 267981619200.00 268074565632.00 268168478720.00 268261146624.00 268355469312.00 268449284096.00 268542771200.00 268636569600.00 268729925632.00 268822937600.00 268917276672.00 269010386944.00 269104087040.00 269197869056.00 269282394112.00 269384286208.00 269478166528.00 269571751936.00 269665386496.00 
269748240384.00 269852688384.00 269946011648.00 270039793664.00 270133002240.00 270226718720.00 270320402432.00 270413807616.00 270506819584.00 270603583488.00 270694236160.00 270788411392.00 270881619968.00 270975369216.00 271068725248.00 271162359808.00 271255027712.00 271350136832.00 271443181568.00 271536898048.00 
271623241728.00 271723855872.00 271818424320.00 271911092224.00 272004005888.00 272097804288.00 272191799296.00 272285106176.00 272378249216.00 272464068608.00 272566222848.00 272660299776.00 272751132672.00 272846503936.00 272940302336.00 273033953280.00 273127309312.00 273220829184.00 273314430976.00 273408786432.00 
273499078656.00 273595039744.00 273688854528.00 273780375552.00 273876172800.00 273967906816.00 274063114240.00 274156879872.00 274249531392.00 274343755776.00 274436571136.00 274530762752.00 274624036864.00 274716983296.00 274811994112.00 274905366528.00 274998198272.00 275092471808.00 275185598464.00 275279675392.00 
275371753472.00 275466223616.00 275560136704.00 275653132288.00 275745144832.00 275840630784.00 275933986816.00 276027080704.00 276121649152.00 276215267328.00 276305281024.00 276402176000.00 276495335424.00 276589346816.00 276682997760.00 276776288256.00 276869414912.00 276963885056.00 277057110016.00 277150662656.00 
277238874112.00 277337374720.00 277431386112.00 277528641536.00 277618327552.00 277711618048.00 277806055424.00 277899214848.00 277993029632.00 278086483968.00 278179414016.00 278273753088.00 278367305728.00 278461251584.00 278554181632.00 278646358016.00 278739156992.00 278835167232.00 278928261120.00 279022305280.00 
279114285056.00 279209541632.00 279302832128.00 279395926016.00 279489085440.00 279582867456.00 279676846080.00 279770071040.00 279863787520.00 279956389888.00 280050630656.00 280145264640.00 280237047808.00 280331059200.00 280424710144.00 280518426624.00 280611454976.00 280704417792.00 280797315072.00 280887787520.00 
280917114880.00 281086492672.00 281177161728.00 281269600256.00 281362595840.00 281455722496.00 281549406208.00 281642991616.00 281734512640.00 281829867520.00 281922895872.00 282017267712.00 282110394368.00 282204995584.00 282297270272.00 282390855680.00 282484310016.00 282578124800.00 282671710208.00 282765590528.00 
282857340928.00 282952531968.00 283045855232.00 283139473408.00 283232108544.00 283324973056.00 283419738112.00 283511390208.00 283607400448.00 283700756480.00 283793489920.00 283887960064.00 283980955648.00 284075294720.00 284168781824.00 284262137856.00 284355723264.00 284448522240.00 284543582208.00 284636348416.00 
284719054848.00 284823584768.00 284917170176.00 285011017728.00 285103849472.00 285197664256.00 285291216896.00 285384802304.00 285478715392.00 285572071424.00 285661954048.00 285759602688.00 285852762112.00 285945823232.00 286039932928.00 286133387264.00 286226219008.00 286320525312.00 286413717504.00 286509596672.00 
286600495104.00 286695161856.00 286788288512.00 286882037760.00 286975524864.00 287069241344.00 287162925056.00 287256838144.00 287349735424.00 287443517440.00 287536381952.00 287630721024.00 287721914368.00 287817433088.00 287911051264.00 288002965504.00 288097697792.00 288199016448.00 288286048256.00 288379469824.00 
288470073344.00 288566476800.00 288660520960.00 288753123328.00 288846872576.00 288940326912.00 289034633216.00 289127759872.00 289220165632.00 289314471936.00 289407598592.00 289504264192.00 289595555840.00 289689141248.00 289782431744.00 289875918848.00 289969537024.00 290063843328.00 290156707840.00 290250391552.00 
290337128448.00 290437464064.00 290530492416.00 290624798720.00 290715992064.00 290811609088.00 290905653248.00 290998845440.00 291092201472.00 291185459200.00 291278192640.00 291363127296.00 291467952128.00 291561242624.00 291654238208.00 291747495936.00 291840983040.00 291935125504.00 292028579840.00 292122165248.00 
292210278400.00 292309172224.00 292403609600.00 292496834560.00 292589535232.00 292674699264.00 292776804352.00 292870455296.00 292963516416.00 293057560576.00 293150228480.00 293244862464.00 293338284032.00 293431410688.00 293525061632.00 293618679808.00 293710921728.00 293806309376.00 293899829248.00 293993644032.00 
294085427200.00 294180388864.00 294273482752.00 294370770944.00 294461308928.00 294554501120.00 294647955456.00 294742196224.00 294835421184.00 294929629184.00 295019249664.00 295116079104.00 295208812544.00 295303446528.00 295396409344.00 295490224128.00 295583907840.00 295677460480.00 295773077504.00 295864827904.00 
295955398656.00 296051736576.00 296144994304.00 296239136768.00 296332460032.00 296425684992.00 296519401472.00 296613576704.00 296704835584.00 296800223232.00 296893415424.00 296987721728.00 297080684544.00 297174859776.00 297268281344.00 297360162816.00 297454501888.00 297548742656.00 297642131456.00 297736011776.00 
297828089856.00 297923313664.00 298016866304.00 298110189568.00 298202693632.00 298296705024.00 298390978560.00 298485055488.00 298577821696.00 298671112192.00 298764500992.00 298857365504.00 298951606272.00 299045978112.00 299138809856.00 299232362496.00 299325489152.00 299419205632.00 299512233984.00 299603951616.00 
299644813312.00 299798069248.00 299889983488.00 299982946304.00 300075745280.00 300169068544.00 300263145472.00 300356730880.00 300449333248.00 300543508480.00 300636307456.00 300730449920.00 300823740416.00 300917522432.00 301011042304.00 301104594944.00 301197066240.00 301291798528.00 301385252864.00 301479165952.00 
301571538944.00 301666009088.00 301759397888.00 301853016064.00 301946798080.00 302038712320.00 302134263808.00 302227521536.00 302320418816.00 302414430208.00 302507458560.00 302602452992.00 302692990976.00 302789328896.00 302881439744.00 302975451136.00 303069659136.00 303163604992.00 303254405120.00 303349956608.00 
303441117184.00 303537192960.00 303631007744.00 303724396544.00 303818080256.00 303911108608.00 304004890624.00 304098246656.00 304191111168.00 304285417472.00 304361897984.00 304473243648.00 304566239232.00 304659759104.00 304753475584.00 304847028224.00 304940351488.00 305034428416.00 305128013824.00 305221402624.00 
305314070528.00 305408966656.00 305502486528.00 305595285504.00 305687232512.00 305781899264.00 305875976192.00 305969922048.00 306063736832.00 306157125632.00 306249990144.00 306344034304.00 306436308992.00 306534187008.00 306625478656.00 306717589504.00 306812321792.00 306905776128.00 306999230464.00 307092914176.00 
307180797952.00 307280183296.00 307372294144.00 307466698752.00 307560349696.00 307654066176.00 307748044800.00 307841204224.00 307934691328.00 308028964864.00 308121468928.00 308215480320.00 308308901888.00 308402552832.00 308493844480.00 308589789184.00 308681441280.00 308777058304.00 308870479872.00 308964261888.00 
309050802176.00 309151662080.00 309244723200.00 309338374144.00 309431271424.00 309525872640.00 309619326976.00 309712814080.00 309806432256.00 309899526144.00 309992325120.00 310087188480.00 310179594240.00 310274031616.00 310367354880.00 310461169664.00 310555049984.00 310647783424.00 310742122496.00 310835445760.00 
310926540800.00 311022813184.00 311115448320.00 311209623552.00 311303143424.00 311394926592.00 311490117632.00 311583801344.00 311675289600.00 311770742784.00 311863771136.00 311957356544.00 312049860608.00 312138235904.00 312243257344.00 312334188544.00 312427118592.00 312520769536.00 312613732352.00 312707350528.00 
312799592448.00 312894717952.00 312988172288.00 313082019840.00 313174228992.00 313268338688.00 313362251776.00 313456427008.00 313548898304.00 313643335680.00 313733152768.00 313829785600.00 313923272704.00 314017382400.00 314110115840.00 314204520448.00 314297876480.00 314391134208.00 314484424704.00 314578403328.00 
314660880384.00 314765508608.00 314859028480.00 314952810496.00 315046068224.00 315139457024.00 315233435648.00 315326529536.00 315419295744.00 315514290176.00 315606925312.00 315700838400.00 315794161664.00 315888074752.00 315981889536.00 316066660352.00 316168077312.00 316262645760.00 316356263936.00 316449914880.00 
316542255104.00 316637020160.00 316730310656.00 316823699456.00 316916203520.00 317012312064.00 317104619520.00 317198401536.00 317291823104.00 317385408512.00 317478469632.00 317572349952.00 317664362496.00 317760143360.00 317854515200.00 317946626048.00 318040211456.00 318134026240.00 318227578880.00 318320771072.00 
318400593920.00 318508433408.00 318602018816.00 318696751104.00 318788370432.00 318882480128.00 318975901696.00 319069323264.00 319162417152.00 319256494080.00 319349784576.00 319443730432.00 319537512448.00 319630966784.00 319724388352.00 319817744384.00 319911231488.00 320004915200.00 320098467840.00 320192806912.00 
320284459008.00 320379420672.00 320473235456.00 320566460416.00 320657817600.00 320751796224.00 320846233600.00 320940113920.00 321031143424.00 321132789760.00 321222279168.00 321316356096.00 321409155072.00 321502838784.00 321596129280.00 321689255936.00 321783529472.00 321876721664.00 321970143232.00 322064154624.00 
322152202240.00 322251358208.00 322344976384.00 322438037504.00 322531360768.00 322625142784.00 322718892032.00 322812018688.00 322905210880.00 322999844864.00 323089891328.00 323188686848.00 323279912960.00 323374186496.00 323466821632.00 323561291776.00 323652517888.00 323748200448.00 323841884160.00 323935502336.00 
324027285504.00 324123000832.00 324216061952.00 324309647360.00 324403003392.00 324496654336.00 324590010368.00 324684808192.00 324777607168.00 324870602752.00 324964024320.00 325057904640.00 325150769152.00 325245042688.00 325338693632.00 325430542336.00 325525733376.00 325619318784.00 325712248832.00 325806850048.00 
325898043392.00 325994053632.00 326086754304.00 326181617664.00 326274973696.00 326367969280.00 326461325312.00 326554812416.00 326646497280.00 326742409216.00 326835142656.00 326929580032.00 327022411776.00 327116652544.00 327209975808.00 327303135232.00 327396261888.00 327489814528.00 327583596544.00 327676788736.00 
327736131584.00 327866351616.00 327959248896.00 328052768768.00 328144683008.00 328239284224.00 328333131776.00 328426586112.00 328519778304.00 328614117376.00 328706752512.00 328800665600.00 328893497344.00 328987869184.00 329081061376.00 329174056960.00 329268723712.00 329362604032.00 329455403008.00 329549709312.00 
329631956992.00 329736290304.00 329829974016.00 329923821568.00 330017439744.00 330108895232.00 330204282880.00 330297966592.00 330390667264.00 330484613120.00 330578296832.00 330672242688.00 330765631488.00 330859937792.00 330953031680.00 331046518784.00 331138859008.00 331233624064.00 331327176704.00 331420794880.00 
331512643584.00 331609079808.00 331701321728.00 331795267584.00 331887935488.00 331981914112.00 332075565056.00 332168790016.00 332262309888.00 332356059136.00 332446564352.00 332543361024.00 332634357760.00 332730466304.00 332823265280.00 332915703808.00 333013614592.00 333105627136.00 333198688256.00 333292273664.00 
333383434240.00 333480099840.00 333572833280.00 333666156544.00 333760004096.00 333853065216.00 333947011072.00 334040498176.00 334133624832.00 334227898368.00 334321287168.00 334414741504.00 334508752896.00 334602141696.00 334695792640.00 334787805184.00 334882013184.00 334976647168.00 335069872128.00 335168143360.00 
335255928832.00 335350661120.00 335443820544.00 335537373184.00 335629156352.00 335724249088.00 335818096640.00 335912501248.00 336005103616.00 336099344384.00 336192241664.00 336286351360.00 336379314176.00 336473030656.00 336566845440.00 336660430848.00 336753983488.00 336847175680.00 336941088768.00 337033756672.00 
337100341248.00 337223122944.00 337315954688.00 337409310720.00 337502666752.00 337596317696.00 337689542656.00 337783554048.00 337876516864.00 337970364416.00 338063491072.00 338157699072.00 338251186176.00 338345623552.00 338438160384.00 338531516416.00 338623234048.00 338718261248.00 338812796928.00 338901991424.00 
338998558720.00 339093258240.00 339187007488.00 339280199680.00 339373522944.00 339458883584.00 339560792064.00 339654344704.00 339748356096.00 339841777664.00 339934412800.00 340029177856.00 340121681920.00 340215889920.00 340309606400.00 340402864128.00 340494548992.00 340591673344.00 340684341248.00 340777828352.00 
340869152768.00 340964278272.00 341058519040.00 341151940608.00 341245296640.00 341338750976.00 341432270848.00 341524873216.00 341617672192.00 341713551360.00 341803270144.00 341899476992.00 341992898560.00 342087827456.00 342181019648.00 342274441216.00 342367830016.00 342461382656.00 342555099136.00 342648848384.00 
342741024768.00 342834380800.00 342930030592.00 343023091712.00 343115694080.00 343209803776.00 343302569984.00 343399530496.00 343491018752.00 343584997376.00 343677829120.00 343772200960.00 343865065472.00 343959207936.00 344052563968.00 344144576512.00 344239341568.00 344332894208.00 344426807296.00 344520261632.00 
344602312704.00 344707727360.00 344801247232.00 344894537728.00 344987697152.00 345081348096.00 345174966272.00 345269010432.00 345362137088.00 345456050176.00 345548980224.00 345642827776.00 345734709248.00 345831145472.00 345924468736.00 346017071104.00 346109673472.00 346205224960.00 346298187776.00 346391707648.00 
346478313472.00 346578845696.00 346672332800.00 346765590528.00 346859110400.00 346952859648.00 347046805504.00 347139964928.00 347233812480.00 347327070208.00 347420000256.00 347514044416.00 347605827584.00 347700985856.00 347793424384.00 347889172480.00 347982299136.00 348076048384.00 348169175040.00 348262989824.00 
348353757184.00 348450783232.00 348543582208.00 348637396992.00 348730294272.00 348822700032.00 348917497856.00 349011509248.00 349104046080.00 349199269888.00 349291347968.00 349386145792.00 349478813696.00 349571448832.00 349667229696.00 349760094208.00 349853253632.00 349947133952.00 350040981504.00 350134173696.00 
350226513920.00 350321180672.00 350416699392.00 350508941312.00 350600364032.00 350695522304.00 350788943872.00 350882791424.00 350975524864.00 351069274112.00 351146541056.00 351257493504.00 351350456320.00 351444434944.00 351537889280.00 351630884864.00 351724503040.00 351818285056.00 351912034304.00 352005259264.00 
352093863936.00 352192430080.00 352286408704.00 352379895808.00 352472694784.00 352567951360.00 352660553728.00 352755351552.00 352847724544.00 352941768704.00 353034240000.00 353128906752.00 353221672960.00 353315651584.00 353409368064.00 353501118464.00 353593950208.00 353689534464.00 353784528896.00 353877000192.00 
353969143808.00 354064400384.00 354157723648.00 354251014144.00 354344697856.00 354438283264.00 354532130816.00 354626043904.00 354719334400.00 354812231680.00 354906275840.00 354999697408.00 355092168704.00 355186933760.00 355280945152.00 355374465024.00 355467722752.00 355561472000.00 355655188480.00 355748413440.00 
355828137984.00 355936239616.00 356029366272.00 356123017216.00 356215848960.00 356309794816.00 356403249152.00 356497489920.00 356588290048.00 356683841536.00 356777361408.00 356871405568.00 356965056512.00 357058510848.00 357152653312.00 357245452288.00 357338742784.00 357433147392.00 357525061632.00 357619859456.00 
357712035840.00 357807194112.00 357899829248.00 357993349120.00 358086705152.00 358179340288.00 358272958464.00 358368542720.00 358461702144.00 358555680768.00 358647955456.00 358743900160.00 358835748864.00 358929170432.00 359023771648.00 359116341248.00 359210123264.00 359303872512.00 359397326848.00 359490846720.00 
359573225472.00 359678083072.00 359771996160.00 359864893440.00 359958478848.00 360052260864.00 360144764928.00 360240283648.00 360332820480.00 360426209280.00 360516714496.00 360613740544.00 360707719168.00 360801107968.00 360894365696.00 360987852800.00 361080815616.00 361174499328.00 361269002240.00 361362653184.00 
361454862336.00 361549594624.00 361641541632.00 361736503296.00 361829367808.00 361923805184.00 362016899072.00 362110844928.00 362204397568.00 362297982976.00 362390880256.00 362488168448.00 362576379904.00 362670718976.00 362764992512.00 362851041280.00 362952916992.00 363046273024.00 363140546560.00 363233935360.00 
363324538880.00 363420450816.00 363514200064.00 363607818240.00 363701207040.00 363794726912.00 363888607232.00 363981635584.00 364074631168.00 364169822208.00 364262162432.00 364356370432.00 364450676736.00 364543410176.00 364636864512.00 364730744832.00 364823609344.00 364917850112.00 365011369984.00 365105020928.00 
365191200768.00 365292191744.00 365385482240.00 365479067648.00 365570883584.00 365665615872.00 365759823872.00 365855539200.00 365946273792.00 366039793664.00 366133444608.00 366227488768.00 366320386048.00 366413709312.00 366508507136.00 366601601024.00 366695055360.00 366789165056.00 366882521088.00 366976139264.00 
367064088576.00 367162851328.00 367256502272.00 367349694464.00 367443345408.00 367535587328.00 367631073280.00 367724560384.00 367817850880.00 367911141376.00 368004562944.00 368098050048.00 368191799296.00 368286203904.00 368379625472.00 368472522752.00 368564240384.00 368659103744.00 368753344512.00 368847355904.00 
368939466752.00 369033904128.00 369126604800.00 369221435392.00 369313972224.00 369408212992.00 369502093312.00 369595285504.00 369687986176.00 369782915072.00 369872863232.00 369969659904.00 370061705216.00 370156666880.00 370249891840.00 370343575552.00 370436308992.00 370531598336.00 370624331776.00 370718048256.00 
370808651776.00 370905022464.00 370997886976.00 371092455424.00 371185156096.00 371278675968.00 371371835392.00 371465682944.00 371556745216.00 371653246976.00 371745193984.00 371839107072.00 371932725248.00 372026638336.00 372119404544.00 372211744768.00 372306214912.00 372399734784.00 372493189120.00 372586610688.00 
372678459392.00 372773388288.00 372866908160.00 372960034816.00 373052342272.00 373146189824.00 373239316480.00 373332508672.00 373425307648.00 373518204928.00 373611134976.00 373703442432.00 373795454976.00 373887500288.00 373979348992.00 374069297152.00 374158295040.00 374244311040.00 374321938432.00 374369058816.00 
end   dump: w
==END   DUMP_ARRAYS==
Time in seconds = 0.094470
