Sender: LSF System <lsfadmin@polus-c4-ib.bmc.hpc.cs.msu.ru>
Subject: Job 494252: <./extra.o> in cluster <MSUCluster> Done

Job <./extra.o> was submitted from host <polus-ib.bmc.hpc.cs.msu.ru> by user <edu-cmc-skpod19-328-11> in cluster <MSUCluster> at Fri Nov 29 23:42:34 2019
Job was executed on host(s) <7*polus-c4-ib.bmc.hpc.cs.msu.ru>, in queue <short>, as user <edu-cmc-skpod19-328-11> in cluster <MSUCluster> at Fri Nov 29 23:43:38 2019
</home_edu/edu-cmc-skpod19-328/edu-cmc-skpod19-328-11> was used as the home directory.
</home_edu/edu-cmc-skpod19-328/edu-cmc-skpod19-328-11/dep_gemver> was used as the working directory.
Started at Fri Nov 29 23:43:38 2019
Terminated at Fri Nov 29 23:43:39 2019
Results reported at Fri Nov 29 23:43:39 2019

Your job looked like:

------------------------------------------------------------
# LSBATCH: User input
./extra.o
------------------------------------------------------------

Successfully completed.

Resource usage summary:

    CPU time :                                   13.09 sec.
    Max Memory :                                 1 MB
    Average Memory :                             1.00 MB
    Total Requested Memory :                     -
    Delta Memory :                               -
    Max Swap :                                   -
    Max Processes :                              1
    Max Threads :                                1
    Run time :                                   1 sec.
    Turnaround time :                            65 sec.

The output (if any) follows:

==BEGIN DUMP_ARRAYS==
begin dump: w
0.00 0.00 0.00 0.00 0.00 0.00 0.00 0.00 0.00 0.00 0.00 0.00 0.00 0.00 0.00 0.00 0.00 0.00 0.00 0.00 
0.00 0.00 0.00 0.00 0.00 0.00 0.00 0.00 0.00 0.00 0.00 0.00 0.00 0.00 0.00 0.00 0.00 0.00 0.00 0.00 
0.00 0.00 0.00 0.00 0.00 0.00 0.00 0.00 0.00 0.00 0.00 0.00 0.00 0.00 0.00 0.00 0.00 0.00 0.00 0.00 
0.00 0.00 0.00 0.00 0.00 0.00 0.00 0.00 0.00 0.00 0.00 0.00 0.00 0.00 0.00 0.00 0.00 0.00 0.00 0.00 
0.00 0.00 0.00 0.00 0.00 0.00 0.00 0.00 0.00 0.00 0.00 0.00 0.00 0.00 0.00 0.00 0.00 0.00 0.00 0.00 
0.00 0.00 0.00 0.00 0.00 0.00 0.00 0.00 0.00 0.00 0.00 0.00 0.00 0.00 0.00 0.00 0.00 0.00 0.00 0.00 
0.00 0.00 0.00 0.00 0.00 0.00 0.00 0.00 0.00 0.00 0.00 0.00 0.00 0.00 0.00 0.00 0.00 0.00 0.00 0.00 
0.00 0.00 0.00 0.00 0.00 0.00 0.00 0.00 0.00 0.00 0.00 0.00 0.00 0.00 0.00 0.00 0.00 0.00 0.00 0.00 
0.00 0.00 0.00 0.00 0.00 0.00 0.00 0.00 0.00 0.00 0.00 0.00 0.00 0.00 0.00 0.00 0.00 0.00 0.00 0.00 
0.00 0.00 0.00 0.00 0.00 0.00 0.00 0.00 0.00 0.00 0.00 0.00 0.00 0.00 0.00 0.00 0.00 0.00 0.00 0.00 
0.00 0.00 0.00 0.00 0.00 0.00 0.00 0.00 0.00 0.00 0.00 0.00 0.00 0.00 0.00 0.00 0.00 0.00 0.00 0.00 
0.00 0.00 0.00 0.00 0.00 0.00 0.00 0.00 0.00 0.00 0.00 0.00 0.00 0.00 0.00 0.00 0.00 0.00 0.00 0.00 
0.00 0.00 0.00 0.00 0.00 0.00 0.00 0.00 0.00 0.00 0.00 0.00 0.00 0.00 0.00 0.00 0.00 0.00 0.00 0.00 
0.00 0.00 0.00 0.00 0.00 0.00 0.00 0.00 0.00 0.00 0.00 0.00 0.00 0.00 0.00 0.00 0.00 0.00 0.00 0.00 
0.00 0.00 0.00 0.00 0.00 0.00 0.00 0.00 0.00 0.00 0.00 0.00 0.00 0.00 0.00 0.00 0.00 0.00 0.00 0.00 
0.00 0.00 0.00 0.00 0.00 0.00 0.00 0.00 0.00 0.00 0.00 0.00 0.00 0.00 0.00 0.00 0.00 0.00 0.00 0.00 
0.00 0.00 0.00 0.00 0.00 0.00 0.00 0.00 0.00 0.00 0.00 0.00 0.00 0.00 0.00 0.00 0.00 0.00 0.00 0.00 
0.00 0.00 0.00 0.00 0.00 0.00 0.00 0.00 0.00 0.00 0.00 0.00 0.00 0.00 0.00 0.00 0.00 0.00 0.00 0.00 
0.00 0.00 0.00 0.00 0.00 0.00 0.00 0.00 0.00 0.00 0.00 0.00 0.00 0.00 0.00 0.00 0.00 0.00 0.00 0.00 
0.00 0.00 0.00 0.00 0.00 0.00 0.00 0.00 0.00 0.00 0.00 0.00 0.00 0.00 0.00 0.00 0.00 0.00 0.00 0.00 
0.00 0.00 0.00 0.00 0.00 0.00 0.00 0.00 0.00 0.00 0.00 0.00 0.00 0.00 0.00 0.00 0.00 0.00 0.00 0.00 
0.00 0.00 0.00 0.00 0.00 0.00 0.00 0.00 0.00 0.00 0.00 0.00 0.00 0.00 0.00 0.00 0.00 0.00 0.00 0.00 
0.00 0.00 0.00 0.00 0.00 0.00 0.00 0.00 0.00 0.00 0.00 0.00 0.00 0.00 0.00 0.00 0.00 0.00 0.00 0.00 
0.00 0.00 0.00 0.00 0.00 0.00 0.00 0.00 0.00 0.00 0.00 0.00 0.00 0.00 0.00 0.00 0.00 0.00 0.00 0.00 
0.00 0.00 0.00 0.00 0.00 0.00 0.00 0.00 0.00 0.00 0.00 0.00 0.00 0.00 0.00 0.00 0.00 0.00 0.00 0.00 
0.00 0.00 0.00 0.00 0.00 0.00 0.00 0.00 0.00 0.00 0.00 0.00 0.00 0.00 0.00 0.00 0.00 0.00 0.00 0.00 
0.00 0.00 0.00 0.00 0.00 0.00 0.00 0.00 0.00 0.00 0.00 0.00 0.00 0.00 0.00 0.00 0.00 0.00 0.00 0.00 
0.00 0.00 0.00 0.00 0.00 0.00 0.00 0.00 0.00 0.00 0.00 0.00 0.00 0.00 0.00 0.00 0.00 0.00 0.00 0.00 
0.00 0.00 0.00 0.00 0.00 0.00 0.00 0.00 0.00 0.00 0.00 0.00 0.00 0.00 0.00 0.00 0.00 0.00 0.00 0.00 
0.00 0.00 0.00 0.00 0.00 0.00 0.00 0.00 0.00 0.00 0.00 0.00 0.00 0.00 0.00 0.00 0.00 0.00 0.00 0.00 
0.00 0.00 0.00 0.00 0.00 0.00 0.00 0.00 0.00 0.00 0.00 0.00 0.00 0.00 0.00 0.00 0.00 0.00 0.00 0.00 
0.00 0.00 0.00 0.00 0.00 0.00 0.00 0.00 0.00 0.00 0.00 0.00 0.00 0.00 0.00 0.00 0.00 0.00 0.00 0.00 
0.00 0.00 0.00 0.00 0.00 0.00 0.00 0.00 0.00 0.00 0.00 0.00 0.00 0.00 0.00 0.00 0.00 0.00 0.00 0.00 
0.00 0.00 0.00 0.00 0.00 0.00 0.00 0.00 0.00 0.00 0.00 0.00 0.00 0.00 0.00 0.00 0.00 0.00 0.00 0.00 
0.00 0.00 0.00 0.00 0.00 0.00 0.00 0.00 0.00 0.00 0.00 0.00 0.00 0.00 0.00 0.00 0.00 0.00 0.00 0.00 
0.00 0.00 0.00 0.00 0.00 0.00 0.00 0.00 0.00 0.00 0.00 0.00 0.00 0.00 0.00 0.00 0.00 0.00 0.00 0.00 
0.00 0.00 0.00 0.00 0.00 0.00 0.00 0.00 0.00 0.00 0.00 0.00 0.00 0.00 0.00 0.00 0.00 0.00 0.00 0.00 
0.00 0.00 0.00 0.00 0.00 0.00 0.00 0.00 0.00 0.00 0.00 0.00 0.00 0.00 0.00 0.00 0.00 0.00 0.00 0.00 
0.00 0.00 0.00 0.00 0.00 0.00 0.00 0.00 0.00 0.00 0.00 0.00 0.00 0.00 0.00 0.00 0.00 0.00 0.00 0.00 
0.00 0.00 0.00 0.00 0.00 0.00 0.00 0.00 0.00 0.00 0.00 0.00 0.00 0.00 0.00 0.00 0.00 0.00 0.00 0.00 
0.00 0.00 0.00 0.00 0.00 0.00 0.00 0.00 0.00 0.00 0.00 0.00 0.00 0.00 0.00 0.00 0.00 0.00 0.00 0.00 
0.00 0.00 0.00 0.00 0.00 0.00 0.00 0.00 0.00 0.00 0.00 0.00 0.00 0.00 0.00 0.00 0.00 0.00 0.00 0.00 
0.00 0.00 0.00 0.00 0.00 0.00 0.00 0.00 0.00 0.00 0.00 0.00 0.00 0.00 0.00 0.00 0.00 0.00 0.00 0.00 
0.00 0.00 0.00 0.00 0.00 0.00 0.00 0.00 0.00 0.00 0.00 0.00 0.00 0.00 0.00 0.00 0.00 0.00 0.00 0.00 
0.00 0.00 0.00 0.00 0.00 0.00 0.00 0.00 0.00 0.00 0.00 0.00 0.00 0.00 0.00 0.00 0.00 0.00 0.00 0.00 
0.00 0.00 0.00 0.00 0.00 0.00 0.00 0.00 0.00 0.00 0.00 0.00 0.00 0.00 0.00 0.00 0.00 0.00 0.00 0.00 
0.00 0.00 0.00 0.00 0.00 0.00 0.00 0.00 0.00 0.00 0.00 0.00 0.00 0.00 0.00 0.00 0.00 0.00 0.00 0.00 
0.00 0.00 0.00 0.00 0.00 0.00 0.00 0.00 0.00 0.00 0.00 0.00 0.00 0.00 0.00 0.00 0.00 0.00 0.00 0.00 
0.00 0.00 0.00 0.00 0.00 0.00 0.00 0.00 0.00 0.00 0.00 0.00 0.00 0.00 0.00 0.00 0.00 0.00 0.00 0.00 
0.00 0.00 0.00 0.00 0.00 0.00 0.00 0.00 0.00 0.00 0.00 0.00 0.00 0.00 0.00 0.00 0.00 0.00 0.00 0.00 
0.00 0.00 0.00 0.00 0.00 0.00 0.00 0.00 0.00 0.00 0.00 0.00 0.00 0.00 0.00 0.00 0.00 0.00 0.00 0.00 
0.00 0.00 0.00 0.00 0.00 0.00 0.00 0.00 0.00 0.00 0.00 0.00 0.00 0.00 0.00 0.00 0.00 0.00 0.00 0.00 
0.00 0.00 0.00 0.00 0.00 0.00 0.00 0.00 0.00 0.00 0.00 0.00 0.00 0.00 0.00 0.00 0.00 0.00 0.00 0.00 
0.00 0.00 0.00 0.00 0.00 0.00 0.00 0.00 0.00 0.00 0.00 0.00 0.00 0.00 0.00 0.00 0.00 0.00 0.00 0.00 
0.00 0.00 0.00 0.00 0.00 0.00 0.00 0.00 0.00 0.00 0.00 0.00 0.00 0.00 0.00 0.00 0.00 0.00 0.00 0.00 
0.00 0.00 0.00 0.00 0.00 0.00 0.00 0.00 0.00 0.00 0.00 0.00 0.00 0.00 0.00 0.00 0.00 0.00 0.00 0.00 
0.00 0.00 0.00 0.00 0.00 0.00 0.00 0.00 0.00 0.00 0.00 0.00 0.00 0.00 0.00 0.00 0.00 0.00 0.00 0.00 
0.00 0.00 0.00 0.00 0.00 0.00 0.00 0.00 0.00 0.00 0.00 0.00 0.00 0.00 0.00 0.00 0.00 0.00 0.00 0.00 
0.00 0.00 0.00 0.00 0.00 0.00 0.00 0.00 0.00 0.00 0.00 0.00 0.00 0.00 0.00 0.00 0.00 0.00 0.00 0.00 
0.00 0.00 0.00 0.00 0.00 0.00 0.00 0.00 0.00 0.00 0.00 0.00 0.00 0.00 0.00 0.00 0.00 0.00 0.00 0.00 
0.00 0.00 0.00 0.00 0.00 0.00 0.00 0.00 0.00 0.00 0.00 0.00 0.00 0.00 0.00 0.00 0.00 0.00 0.00 0.00 
0.00 0.00 0.00 0.00 0.00 0.00 0.00 0.00 0.00 0.00 0.00 0.00 0.00 0.00 0.00 0.00 0.00 0.00 0.00 0.00 
0.00 0.00 0.00 0.00 0.00 0.00 0.00 0.00 0.00 0.00 0.00 0.00 0.00 0.00 0.00 0.00 0.00 0.00 0.00 0.00 
0.00 0.00 0.00 0.00 0.00 0.00 0.00 0.00 0.00 0.00 0.00 0.00 0.00 0.00 0.00 0.00 0.00 0.00 0.00 0.00 
0.00 0.00 0.00 0.00 0.00 0.00 0.00 0.00 0.00 0.00 0.00 0.00 0.00 0.00 0.00 0.00 0.00 0.00 0.00 0.00 
0.00 0.00 0.00 0.00 0.00 0.00 0.00 0.00 0.00 0.00 0.00 0.00 0.00 0.00 0.00 0.00 0.00 0.00 0.00 0.00 
0.00 0.00 0.00 0.00 0.00 0.00 0.00 0.00 0.00 0.00 0.00 0.00 0.00 0.00 0.00 0.00 0.00 0.00 0.00 0.00 
0.00 0.00 0.00 0.00 0.00 0.00 0.00 0.00 0.00 0.00 0.00 0.00 0.00 0.00 0.00 0.00 0.00 0.00 0.00 0.00 
0.00 0.00 0.00 0.00 0.00 0.00 0.00 0.00 0.00 0.00 0.00 0.00 0.00 0.00 0.00 0.00 0.00 0.00 0.00 0.00 
0.00 0.00 0.00 0.00 0.00 0.00 0.00 0.00 0.00 0.00 0.00 0.00 0.00 0.00 0.00 0.00 0.00 0.00 0.00 0.00 
0.00 0.00 0.00 0.00 0.00 0.00 0.00 0.00 0.00 0.00 0.00 0.00 0.00 0.00 0.00 0.00 0.00 0.00 0.00 0.00 
0.00 0.00 0.00 0.00 0.00 0.00 0.00 0.00 0.00 0.00 0.00 0.00 0.00 0.00 0.00 0.00 0.00 0.00 0.00 0.00 
0.00 0.00 0.00 0.00 0.00 0.00 0.00 0.00 0.00 0.00 0.00 0.00 0.00 0.00 0.00 0.00 0.00 0.00 0.00 0.00 
0.00 0.00 0.00 0.00 0.00 0.00 0.00 0.00 0.00 0.00 0.00 0.00 0.00 0.00 0.00 0.00 0.00 0.00 0.00 0.00 
0.00 0.00 0.00 0.00 0.00 0.00 0.00 0.00 0.00 0.00 0.00 0.00 0.00 0.00 0.00 0.00 0.00 0.00 0.00 0.00 
0.00 0.00 0.00 0.00 0.00 0.00 0.00 0.00 0.00 0.00 0.00 0.00 0.00 0.00 0.00 0.00 0.00 0.00 0.00 0.00 
0.00 0.00 0.00 0.00 0.00 0.00 0.00 0.00 0.00 0.00 0.00 0.00 0.00 0.00 0.00 0.00 0.00 0.00 0.00 0.00 
0.00 0.00 0.00 0.00 0.00 0.00 0.00 0.00 0.00 0.00 0.00 0.00 0.00 0.00 0.00 0.00 0.00 0.00 0.00 0.00 
0.00 0.00 0.00 0.00 0.00 0.00 0.00 0.00 0.00 0.00 0.00 0.00 0.00 0.00 0.00 0.00 0.00 0.00 0.00 0.00 
0.00 0.00 0.00 0.00 0.00 0.00 0.00 0.00 0.00 0.00 0.00 0.00 0.00 0.00 0.00 0.00 0.00 0.00 0.00 0.00 
0.00 0.00 0.00 0.00 0.00 0.00 0.00 0.00 0.00 0.00 0.00 0.00 0.00 0.00 0.00 0.00 0.00 0.00 0.00 0.00 
0.00 0.00 0.00 0.00 0.00 0.00 0.00 0.00 0.00 0.00 0.00 0.00 0.00 0.00 0.00 0.00 0.00 0.00 0.00 0.00 
0.00 0.00 0.00 0.00 0.00 0.00 0.00 0.00 0.00 0.00 0.00 0.00 0.00 0.00 0.00 0.00 0.00 0.00 0.00 0.00 
0.00 0.00 0.00 0.00 0.00 0.00 0.00 0.00 0.00 0.00 0.00 0.00 0.00 0.00 0.00 0.00 0.00 0.00 0.00 0.00 
0.00 0.00 0.00 0.00 0.00 0.00 0.00 0.00 0.00 0.00 0.00 0.00 0.00 0.00 0.00 0.00 0.00 0.00 0.00 0.00 
0.00 0.00 0.00 0.00 0.00 0.00 0.00 0.00 0.00 0.00 0.00 0.00 0.00 0.00 0.00 0.00 0.00 0.00 0.00 0.00 
0.00 0.00 0.00 0.00 0.00 0.00 0.00 0.00 0.00 0.00 0.00 0.00 0.00 0.00 0.00 0.00 0.00 0.00 0.00 0.00 
0.00 0.00 0.00 0.00 0.00 0.00 0.00 0.00 0.00 0.00 0.00 0.00 0.00 0.00 0.00 0.00 0.00 0.00 0.00 0.00 
0.00 0.00 0.00 0.00 0.00 0.00 0.00 0.00 0.00 0.00 0.00 0.00 0.00 0.00 0.00 0.00 0.00 0.00 0.00 0.00 
0.00 0.00 0.00 0.00 0.00 0.00 0.00 0.00 0.00 0.00 0.00 0.00 0.00 0.00 0.00 0.00 0.00 0.00 0.00 0.00 
0.00 0.00 0.00 0.00 0.00 0.00 0.00 0.00 0.00 0.00 0.00 0.00 0.00 0.00 0.00 0.00 0.00 0.00 0.00 0.00 
0.00 0.00 0.00 0.00 0.00 0.00 0.00 0.00 0.00 0.00 0.00 0.00 0.00 0.00 0.00 0.00 0.00 0.00 0.00 0.00 
0.00 0.00 0.00 0.00 0.00 0.00 0.00 0.00 0.00 0.00 0.00 0.00 0.00 0.00 0.00 0.00 0.00 0.00 0.00 0.00 
0.00 0.00 0.00 0.00 0.00 0.00 0.00 0.00 0.00 0.00 0.00 0.00 0.00 0.00 0.00 0.00 0.00 0.00 0.00 0.00 
0.00 0.00 0.00 0.00 0.00 0.00 0.00 0.00 0.00 0.00 0.00 0.00 0.00 0.00 0.00 0.00 0.00 0.00 0.00 0.00 
0.00 0.00 0.00 0.00 0.00 0.00 0.00 0.00 0.00 0.00 0.00 0.00 0.00 0.00 0.00 0.00 0.00 0.00 0.00 0.00 
0.00 0.00 0.00 0.00 0.00 0.00 0.00 0.00 0.00 0.00 0.00 0.00 0.00 0.00 0.00 0.00 0.00 0.00 0.00 0.00 
0.00 0.00 0.00 0.00 0.00 0.00 0.00 0.00 0.00 0.00 0.00 0.00 0.00 0.00 0.00 0.00 0.00 0.00 0.00 0.00 
0.00 0.00 0.00 0.00 0.00 0.00 0.00 0.00 0.00 0.00 0.00 0.00 0.00 0.00 0.00 0.00 0.00 0.00 0.00 0.00 
0.00 0.00 0.00 0.00 0.00 0.00 0.00 0.00 0.00 0.00 0.00 0.00 0.00 0.00 0.00 0.00 0.00 0.00 0.00 0.00 
0.00 0.00 0.00 0.00 0.00 0.00 0.00 0.00 0.00 0.00 0.00 0.00 0.00 0.00 0.00 0.00 0.00 0.00 0.00 0.00 
0.00 0.00 0.00 0.00 0.00 0.00 0.00 0.00 0.00 0.00 0.00 0.00 0.00 0.00 0.00 0.00 0.00 0.00 0.00 0.00 
0.00 0.00 0.00 0.00 0.00 0.00 0.00 0.00 0.00 0.00 0.00 0.00 0.00 0.00 0.00 0.00 0.00 0.00 0.00 0.00 
0.00 0.00 0.00 0.00 0.00 0.00 0.00 0.00 0.00 0.00 0.00 0.00 0.00 0.00 0.00 0.00 0.00 0.00 0.00 0.00 
0.00 0.00 0.00 0.00 0.00 0.00 0.00 0.00 0.00 0.00 0.00 0.00 0.00 0.00 0.00 0.00 0.00 0.00 0.00 0.00 
0.00 0.00 0.00 0.00 0.00 0.00 0.00 0.00 0.00 0.00 0.00 0.00 0.00 0.00 0.00 0.00 0.00 0.00 0.00 0.00 
0.00 0.00 0.00 0.00 0.00 0.00 0.00 0.00 0.00 0.00 0.00 0.00 0.00 0.00 0.00 0.00 0.00 0.00 0.00 0.00 
0.00 0.00 0.00 0.00 0.00 0.00 0.00 0.00 0.00 0.00 0.00 0.00 0.00 0.00 0.00 0.00 0.00 0.00 0.00 0.00 
0.00 0.00 0.00 0.00 0.00 0.00 0.00 0.00 0.00 0.00 0.00 0.00 0.00 0.00 0.00 0.00 0.00 0.00 0.00 0.00 
0.00 0.00 0.00 0.00 0.00 0.00 0.00 0.00 0.00 0.00 0.00 0.00 0.00 0.00 0.00 0.00 0.00 0.00 0.00 0.00 
0.00 0.00 0.00 0.00 0.00 0.00 0.00 0.00 0.00 0.00 0.00 0.00 0.00 0.00 0.00 0.00 0.00 0.00 0.00 0.00 
0.00 0.00 0.00 0.00 0.00 0.00 0.00 0.00 0.00 0.00 0.00 0.00 0.00 0.00 0.00 0.00 0.00 0.00 0.00 0.00 
0.00 0.00 0.00 0.00 0.00 0.00 0.00 0.00 0.00 0.00 0.00 0.00 0.00 0.00 0.00 0.00 0.00 0.00 0.00 0.00 
0.00 0.00 0.00 0.00 0.00 0.00 0.00 0.00 0.00 0.00 0.00 0.00 0.00 0.00 0.00 0.00 0.00 0.00 0.00 0.00 
0.00 0.00 0.00 0.00 0.00 0.00 0.00 0.00 0.00 0.00 0.00 0.00 0.00 0.00 0.00 0.00 0.00 0.00 0.00 0.00 
0.00 0.00 0.00 0.00 0.00 0.00 0.00 0.00 0.00 0.00 0.00 0.00 0.00 0.00 0.00 0.00 0.00 0.00 0.00 0.00 
0.00 0.00 0.00 0.00 0.00 0.00 0.00 0.00 0.00 0.00 0.00 0.00 0.00 0.00 0.00 0.00 0.00 0.00 0.00 0.00 
0.00 0.00 0.00 0.00 0.00 0.00 0.00 0.00 0.00 0.00 0.00 0.00 0.00 0.00 0.00 0.00 0.00 0.00 0.00 0.00 
0.00 0.00 0.00 0.00 0.00 0.00 0.00 0.00 0.00 0.00 0.00 0.00 0.00 0.00 0.00 0.00 0.00 0.00 0.00 0.00 
0.00 0.00 0.00 0.00 0.00 0.00 0.00 0.00 0.00 0.00 0.00 0.00 0.00 0.00 0.00 0.00 0.00 0.00 0.00 0.00 
0.00 0.00 0.00 0.00 0.00 0.00 0.00 0.00 0.00 0.00 0.00 0.00 0.00 0.00 0.00 0.00 0.00 0.00 0.00 0.00 
0.00 0.00 0.00 0.00 0.00 0.00 0.00 0.00 0.00 0.00 0.00 0.00 0.00 0.00 0.00 0.00 0.00 0.00 0.00 0.00 
0.00 0.00 0.00 0.00 0.00 0.00 0.00 0.00 0.00 0.00 0.00 0.00 0.00 0.00 0.00 0.00 0.00 0.00 0.00 0.00 
0.00 0.00 0.00 0.00 0.00 0.00 0.00 0.00 0.00 0.00 0.00 0.00 0.00 0.00 0.00 0.00 0.00 0.00 0.00 0.00 
0.00 0.00 0.00 0.00 0.00 0.00 0.00 0.00 0.00 0.00 0.00 0.00 0.00 0.00 0.00 0.00 0.00 0.00 0.00 0.00 
0.00 0.00 0.00 0.00 0.00 0.00 0.00 0.00 0.00 0.00 0.00 0.00 0.00 0.00 0.00 0.00 0.00 0.00 0.00 0.00 
0.00 0.00 0.00 0.00 0.00 0.00 0.00 0.00 0.00 0.00 0.00 0.00 0.00 0.00 0.00 0.00 0.00 0.00 0.00 0.00 
0.00 0.00 0.00 0.00 0.00 0.00 0.00 0.00 0.00 0.00 0.00 0.00 0.00 0.00 0.00 0.00 0.00 0.00 0.00 0.00 
0.00 0.00 0.00 0.00 0.00 0.00 0.00 0.00 0.00 0.00 0.00 0.00 0.00 0.00 0.00 0.00 0.00 0.00 0.00 0.00 
0.00 0.00 0.00 0.00 0.00 0.00 0.00 0.00 0.00 0.00 0.00 0.00 0.00 0.00 0.00 0.00 0.00 0.00 0.00 0.00 
0.00 0.00 0.00 0.00 0.00 0.00 0.00 0.00 0.00 0.00 0.00 0.00 0.00 0.00 0.00 0.00 0.00 0.00 0.00 0.00 
0.00 0.00 0.00 0.00 0.00 0.00 0.00 0.00 0.00 0.00 0.00 0.00 0.00 0.00 0.00 0.00 0.00 0.00 0.00 0.00 
0.00 0.00 0.00 0.00 0.00 0.00 0.00 0.00 0.00 0.00 0.00 0.00 0.00 0.00 0.00 0.00 0.00 0.00 0.00 0.00 
0.00 0.00 0.00 0.00 0.00 0.00 0.00 0.00 0.00 0.00 0.00 0.00 0.00 0.00 0.00 0.00 0.00 0.00 0.00 0.00 
0.00 0.00 0.00 0.00 0.00 0.00 0.00 0.00 0.00 0.00 0.00 0.00 0.00 0.00 0.00 0.00 0.00 0.00 0.00 0.00 
0.00 0.00 0.00 0.00 0.00 0.00 0.00 0.00 0.00 0.00 0.00 0.00 0.00 0.00 0.00 0.00 0.00 0.00 0.00 0.00 
0.00 0.00 0.00 0.00 0.00 0.00 0.00 0.00 0.00 0.00 0.00 0.00 0.00 0.00 0.00 0.00 0.00 0.00 0.00 0.00 
0.00 0.00 0.00 0.00 0.00 0.00 0.00 0.00 0.00 0.00 0.00 0.00 0.00 0.00 0.00 0.00 0.00 0.00 0.00 0.00 
0.00 0.00 0.00 0.00 0.00 0.00 0.00 0.00 0.00 0.00 0.00 0.00 0.00 0.00 0.00 0.00 0.00 0.00 0.00 0.00 
0.00 0.00 0.00 0.00 0.00 0.00 0.00 0.00 0.00 0.00 0.00 0.00 0.00 0.00 0.00 0.00 0.00 0.00 0.00 0.00 
0.00 0.00 0.00 0.00 0.00 0.00 0.00 0.00 0.00 0.00 0.00 0.00 0.00 0.00 0.00 0.00 0.00 0.00 0.00 0.00 
0.00 0.00 0.00 0.00 0.00 0.00 0.00 0.00 0.00 0.00 0.00 0.00 0.00 0.00 0.00 0.00 0.00 0.00 0.00 0.00 
0.00 0.00 0.00 0.00 0.00 0.00 0.00 0.00 0.00 0.00 0.00 0.00 0.00 0.00 0.00 0.00 0.00 0.00 0.00 0.00 
0.00 0.00 0.00 0.00 0.00 0.00 0.00 0.00 0.00 0.00 0.00 0.00 0.00 0.00 0.00 0.00 0.00 0.00 0.00 0.00 
0.00 0.00 0.00 0.00 0.00 0.00 0.00 0.00 0.00 0.00 0.00 0.00 0.00 0.00 0.00 0.00 0.00 0.00 0.00 0.00 
0.00 0.00 0.00 0.00 0.00 0.00 0.00 0.00 0.00 0.00 0.00 0.00 0.00 0.00 0.00 0.00 0.00 0.00 0.00 0.00 
0.00 0.00 0.00 0.00 0.00 0.00 0.00 0.00 0.00 0.00 0.00 0.00 0.00 0.00 0.00 0.00 0.00 0.00 0.00 0.00 
0.00 0.00 0.00 0.00 0.00 0.00 0.00 0.00 0.00 0.00 0.00 0.00 0.00 0.00 0.00 0.00 0.00 0.00 0.00 0.00 
0.00 0.00 0.00 0.00 0.00 0.00 0.00 0.00 0.00 0.00 0.00 0.00 0.00 0.00 0.00 0.00 0.00 0.00 0.00 0.00 
0.00 0.00 0.00 0.00 0.00 0.00 0.00 0.00 0.00 0.00 0.00 0.00 0.00 0.00 0.00 0.00 0.00 0.00 0.00 0.00 
0.00 0.00 0.00 0.00 0.00 0.00 0.00 0.00 0.00 0.00 0.00 0.00 0.00 0.00 0.00 0.00 0.00 0.00 0.00 0.00 
0.00 0.00 0.00 0.00 0.00 0.00 0.00 0.00 0.00 0.00 0.00 0.00 0.00 0.00 0.00 0.00 0.00 0.00 0.00 0.00 
0.00 0.00 0.00 0.00 0.00 0.00 0.00 0.00 0.00 0.00 0.00 0.00 0.00 0.00 0.00 0.00 0.00 0.00 0.00 0.00 
0.00 0.00 0.00 0.00 0.00 0.00 0.00 0.00 0.00 0.00 0.00 0.00 0.00 0.00 0.00 0.00 0.00 0.00 0.00 0.00 
0.00 0.00 0.00 0.00 0.00 0.00 0.00 0.00 0.00 0.00 0.00 0.00 0.00 0.00 0.00 0.00 0.00 0.00 0.00 0.00 
0.00 0.00 0.00 0.00 0.00 0.00 0.00 0.00 0.00 0.00 0.00 0.00 0.00 0.00 0.00 0.00 0.00 0.00 0.00 0.00 
0.00 0.00 0.00 0.00 0.00 0.00 0.00 0.00 0.00 0.00 0.00 0.00 0.00 0.00 0.00 0.00 0.00 0.00 0.00 0.00 
0.00 0.00 0.00 0.00 0.00 0.00 0.00 0.00 0.00 0.00 0.00 0.00 0.00 0.00 0.00 0.00 0.00 0.00 0.00 0.00 
0.00 0.00 0.00 0.00 0.00 0.00 0.00 0.00 0.00 0.00 0.00 0.00 0.00 0.00 0.00 0.00 0.00 0.00 0.00 0.00 
0.00 0.00 0.00 0.00 0.00 0.00 0.00 0.00 0.00 0.00 0.00 0.00 0.00 0.00 0.00 0.00 0.00 0.00 0.00 0.00 
0.00 0.00 0.00 0.00 0.00 0.00 0.00 0.00 0.00 0.00 0.00 0.00 0.00 0.00 0.00 0.00 0.00 0.00 0.00 0.00 
0.00 0.00 0.00 0.00 0.00 0.00 0.00 0.00 0.00 0.00 0.00 0.00 0.00 0.00 0.00 0.00 0.00 0.00 0.00 0.00 
0.00 0.00 0.00 0.00 0.00 0.00 0.00 0.00 0.00 0.00 0.00 0.00 0.00 0.00 0.00 0.00 0.00 0.00 0.00 0.00 
0.00 0.00 0.00 0.00 0.00 0.00 0.00 0.00 0.00 0.00 0.00 0.00 0.00 0.00 0.00 0.00 0.00 0.00 0.00 0.00 
0.00 0.00 0.00 0.00 0.00 0.00 0.00 0.00 0.00 0.00 0.00 0.00 0.00 0.00 0.00 0.00 0.00 0.00 0.00 0.00 
0.00 0.00 0.00 0.00 0.00 0.00 0.00 0.00 0.00 0.00 0.00 0.00 0.00 0.00 0.00 0.00 0.00 0.00 0.00 0.00 
0.00 0.00 0.00 0.00 0.00 0.00 0.00 0.00 0.00 0.00 0.00 0.00 0.00 0.00 0.00 0.00 0.00 0.00 0.00 0.00 
0.00 0.00 0.00 0.00 0.00 0.00 0.00 0.00 0.00 0.00 0.00 0.00 0.00 0.00 0.00 0.00 0.00 0.00 0.00 0.00 
0.00 0.00 0.00 0.00 0.00 0.00 0.00 0.00 0.00 0.00 0.00 0.00 0.00 0.00 0.00 0.00 0.00 0.00 0.00 0.00 
0.00 0.00 0.00 0.00 0.00 0.00 0.00 0.00 0.00 0.00 0.00 0.00 0.00 0.00 0.00 0.00 0.00 0.00 0.00 0.00 
0.00 0.00 0.00 0.00 0.00 0.00 0.00 0.00 0.00 0.00 0.00 0.00 0.00 0.00 0.00 0.00 0.00 0.00 0.00 0.00 
0.00 0.00 0.00 0.00 0.00 0.00 0.00 0.00 0.00 0.00 0.00 0.00 0.00 0.00 0.00 0.00 0.00 0.00 0.00 0.00 
0.00 0.00 0.00 0.00 0.00 0.00 0.00 0.00 0.00 0.00 0.00 0.00 0.00 0.00 0.00 0.00 0.00 0.00 0.00 0.00 
0.00 0.00 0.00 0.00 0.00 0.00 0.00 0.00 0.00 0.00 0.00 0.00 0.00 0.00 0.00 0.00 0.00 0.00 0.00 0.00 
0.00 0.00 0.00 0.00 0.00 0.00 0.00 0.00 0.00 0.00 0.00 0.00 0.00 0.00 0.00 0.00 0.00 0.00 0.00 0.00 
0.00 0.00 0.00 0.00 0.00 0.00 0.00 0.00 0.00 0.00 0.00 0.00 0.00 0.00 0.00 0.00 0.00 0.00 0.00 0.00 
0.00 0.00 0.00 0.00 0.00 0.00 0.00 0.00 0.00 0.00 0.00 0.00 0.00 0.00 0.00 0.00 0.00 0.00 0.00 0.00 
0.00 0.00 0.00 0.00 0.00 0.00 0.00 0.00 0.00 0.00 0.00 0.00 0.00 0.00 0.00 0.00 0.00 0.00 0.00 0.00 
0.00 0.00 0.00 0.00 0.00 0.00 0.00 0.00 0.00 0.00 0.00 0.00 0.00 0.00 0.00 0.00 0.00 0.00 0.00 0.00 
0.00 0.00 0.00 0.00 0.00 0.00 0.00 0.00 0.00 0.00 0.00 0.00 0.00 0.00 0.00 0.00 0.00 0.00 0.00 0.00 
0.00 0.00 0.00 0.00 0.00 0.00 0.00 0.00 0.00 0.00 0.00 0.00 0.00 0.00 0.00 0.00 0.00 0.00 0.00 0.00 
0.00 0.00 0.00 0.00 0.00 0.00 0.00 0.00 0.00 0.00 0.00 0.00 0.00 0.00 0.00 0.00 0.00 0.00 0.00 0.00 
0.00 0.00 0.00 0.00 0.00 0.00 0.00 0.00 0.00 0.00 0.00 0.00 0.00 0.00 0.00 0.00 0.00 0.00 0.00 0.00 
0.00 0.00 0.00 0.00 0.00 0.00 0.00 0.00 0.00 0.00 0.00 0.00 0.00 0.00 0.00 0.00 0.00 0.00 0.00 0.00 
0.00 0.00 0.00 0.00 0.00 0.00 0.00 0.00 0.00 0.00 0.00 0.00 0.00 0.00 0.00 0.00 0.00 0.00 0.00 0.00 
0.00 0.00 0.00 0.00 0.00 0.00 0.00 0.00 0.00 0.00 0.00 0.00 0.00 0.00 0.00 0.00 0.00 0.00 0.00 0.00 
0.00 0.00 0.00 0.00 0.00 0.00 0.00 0.00 0.00 0.00 0.00 0.00 0.00 0.00 0.00 0.00 0.00 0.00 0.00 0.00 
0.00 0.00 0.00 0.00 0.00 0.00 0.00 0.00 0.00 0.00 0.00 0.00 0.00 0.00 0.00 0.00 0.00 0.00 0.00 0.00 
0.00 0.00 0.00 0.00 0.00 0.00 0.00 0.00 0.00 0.00 0.00 0.00 0.00 0.00 0.00 0.00 0.00 0.00 0.00 0.00 
0.00 0.00 0.00 0.00 0.00 0.00 0.00 0.00 0.00 0.00 0.00 0.00 0.00 0.00 0.00 0.00 0.00 0.00 0.00 0.00 
0.00 0.00 0.00 0.00 0.00 0.00 0.00 0.00 0.00 0.00 0.00 0.00 0.00 0.00 0.00 0.00 0.00 0.00 0.00 0.00 
0.00 0.00 0.00 0.00 0.00 0.00 0.00 0.00 0.00 0.00 0.00 0.00 0.00 0.00 0.00 0.00 0.00 0.00 0.00 0.00 
0.00 0.00 0.00 0.00 0.00 0.00 0.00 0.00 0.00 0.00 0.00 0.00 0.00 0.00 0.00 0.00 0.00 0.00 0.00 0.00 
0.00 0.00 0.00 0.00 0.00 0.00 0.00 0.00 0.00 0.00 0.00 0.00 0.00 0.00 0.00 0.00 0.00 0.00 0.00 0.00 
0.00 0.00 0.00 0.00 0.00 0.00 0.00 0.00 0.00 0.00 0.00 0.00 0.00 0.00 0.00 0.00 0.00 0.00 0.00 0.00 
0.00 0.00 0.00 0.00 0.00 0.00 0.00 0.00 0.00 0.00 0.00 0.00 0.00 0.00 0.00 0.00 0.00 0.00 0.00 0.00 
0.00 0.00 0.00 0.00 0.00 0.00 0.00 0.00 0.00 0.00 0.00 0.00 0.00 0.00 0.00 0.00 0.00 0.00 0.00 0.00 
0.00 0.00 0.00 0.00 0.00 0.00 0.00 0.00 0.00 0.00 0.00 0.00 0.00 0.00 0.00 0.00 0.00 0.00 0.00 0.00 
0.00 0.00 0.00 0.00 0.00 0.00 0.00 0.00 0.00 0.00 0.00 0.00 0.00 0.00 0.00 0.00 0.00 0.00 0.00 0.00 
0.00 0.00 0.00 0.00 0.00 0.00 0.00 0.00 0.00 0.00 0.00 0.00 0.00 0.00 0.00 0.00 0.00 0.00 0.00 0.00 
end   dump: w
==END   DUMP_ARRAYS==
==BEGIN DUMP_ARRAYS==
begin dump: w
7736.04 464038688.00 510283968.00 587698560.00 672738112.00 761097984.00 851132800.00 941614016.00 1032178048.00 1124349312.00 1215631872.00 1308306816.00 1400198144.00 1492542080.00 1584849920.00 1677094784.00 1768737408.00 1862428160.00 1954684160.00 2047402112.00 
2138728832.00 2232944896.00 2325342464.00 2418163456.00 2510146304.00 2601529856.00 2695996416.00 2788610304.00 2881307904.00 2974371328.00 3066145280.00 3158970112.00 3250273024.00 3345149952.00 3437950208.00 3530406656.00 3623082496.00 3716081920.00 3808816128.00 3901687040.00 
3991778560.00 4087274496.00 4180029440.00 4271922432.00 4365606912.00 4458314240.00 4551617536.00 4643950592.00 4735693312.00 4829691392.00 4919011840.00 5015169024.00 5108052480.00 5200962560.00 5293347328.00 5386227200.00 5478828544.00 5572056064.00 5665435136.00 5758027264.00 
5849249280.00 5943213568.00 6035796992.00 6129622016.00 6219627520.00 6314210304.00 6407396352.00 6500201984.00 6592961536.00 6686686720.00 6777936896.00 6871054848.00 6963863552.00 7057317376.00 7149551616.00 7241118720.00 7335450112.00 7428814848.00 7521334272.00 7614174720.00 
7701464576.00 7799835136.00 7892555264.00 7985443328.00 8078099456.00 8170503168.00 8263387136.00 8357693952.00 8449120256.00 8542787072.00 8634625024.00 8728555520.00 8820839424.00 8911676416.00 9006520320.00 9098941440.00 9190105088.00 9285030912.00 9377900544.00 9470587904.00 
9556624384.00 9656266752.00 9749124096.00 9841790976.00 9934484480.00 10027216896.00 10120564736.00 10213398528.00 10305483776.00 10399022080.00 10491172864.00 10584072192.00 10676527104.00 10770818048.00 10862913536.00 10955764736.00 11048913920.00 11141482496.00 11234683904.00 11327381504.00 
11417460736.00 11512750080.00 11605799936.00 11698401280.00 11791134720.00 11875485696.00 11977443328.00 12071438336.00 12160652288.00 12252779520.00 12347877376.00 12441203712.00 12534016000.00 12626769920.00 12719923200.00 12812435456.00 12904990720.00 12998583296.00 13092681728.00 13184418816.00 
13275543552.00 13369600000.00 13462201344.00 13556147200.00 13647225856.00 13740782592.00 13834092544.00 13926524928.00 14018573312.00 14112691200.00 14201853952.00 14298560512.00 14390471680.00 14483229696.00 14577344512.00 14669131776.00 14762124288.00 14855339008.00 14947903488.00 15040763904.00 
15122570240.00 15226600448.00 15319287808.00 15412037632.00 15504792576.00 15597609984.00 15690416128.00 15783983104.00 15875853312.00 15967931392.00 16061186048.00 16154819584.00 16247221248.00 16340354048.00 16435218432.00 16524610560.00 16617997312.00 16712613888.00 16804754432.00 16897256448.00 
16988931072.00 17083399168.00 17176913920.00 17268393984.00 17361238016.00 17454323712.00 17546321920.00 17640216576.00 17732823040.00 17825970176.00 17917736960.00 18011852800.00 18102353920.00 18197334016.00 18290063360.00 18382252032.00 18475491328.00 18568454144.00 18660935680.00 18753693696.00 
18833203200.00 18939731968.00 19032367104.00 19125682176.00 19218227200.00 19310585856.00 19403929600.00 19497095168.00 19588765696.00 19682650112.00 19774427136.00 19868841984.00 19961024512.00 20053972992.00 20146880512.00 20239187968.00 20331792384.00 20425420800.00 20518019072.00 20610889728.00 
20702480384.00 20796975104.00 20888254464.00 20982931456.00 21073137664.00 21166462976.00 21261033472.00 21353799680.00 21446375424.00 21539448832.00 21631666176.00 21724989440.00 21817520128.00 21909899264.00 22003298304.00 22095153152.00 22189469696.00 22282098688.00 22374879232.00 22467956736.00 
22555121664.00 22653741056.00 22746191872.00 22839390208.00 22931834880.00 23024861184.00 23117451264.00 23210594304.00 23302647808.00 23395860480.00 23471443968.00 23582126080.00 23674736640.00 23767644160.00 23861026816.00 23952934912.00 24043896832.00 24138774528.00 24230242304.00 24325236736.00 
24416059392.00 24510423040.00 24602810368.00 24695814144.00 24788205568.00 24881176576.00 24973793280.00 25068443648.00 25160202240.00 25253052416.00 25345196032.00 25438445568.00 25530417152.00 25624600576.00 25717684224.00 25808250880.00 25903319040.00 25995747328.00 26088599552.00 26180689920.00 
26271451136.00 26367162368.00 26459668480.00 26552573952.00 26645037056.00 26737467392.00 26832758784.00 26924736512.00 27014909952.00 27109859328.00 27202082816.00 27295827968.00 27388172288.00 27481303040.00 27573753856.00 27666440192.00 27758790656.00 27852630016.00 27945349120.00 28038055936.00 
28124104704.00 28223692800.00 28316782592.00 28408854528.00 28501196800.00 28594749440.00 28687515648.00 28780283904.00 28875214848.00 28966836224.00 29058904064.00 29152299008.00 29244571648.00 29337884672.00 29430841344.00 29523369984.00 29616443392.00 29709275136.00 29802133504.00 29894750208.00 
29976698880.00 30080915456.00 30173399040.00 30266427392.00 30358790144.00 30450339840.00 30544728064.00 30637692928.00 30730037248.00 30822924288.00 30915465216.00 31008782336.00 31101179904.00 31192836096.00 31288352768.00 31380471808.00 31472287744.00 31566456832.00 31658289152.00 31753269248.00 
31843215360.00 31937382400.00 32030035968.00 32123512832.00 32215384064.00 32308574208.00 32401477632.00 32494288896.00 32588017664.00 32680740864.00 32769521664.00 32865959936.00 32956413952.00 33052735488.00 33144602624.00 33236723712.00 33329702912.00 33422721024.00 33515501568.00 33608921088.00 
33698457600.00 33793949696.00 33886754816.00 33978654720.00 34074505216.00 34165735424.00 34258311168.00 34351583232.00 34443100160.00 34536726528.00 34629156864.00 34722611200.00 34814771200.00 34908368896.00 35001061376.00 35085115392.00 35186266112.00 35279589376.00 35372457984.00 35465330688.00 
35556691968.00 35655323648.00 35743809536.00 35837140992.00 35927371776.00 36022042624.00 36115169280.00 36207116288.00 36300644352.00 36393709568.00 36485689344.00 36579491840.00 36671492096.00 36764958720.00 36857692160.00 36950159360.00 37043073024.00 37136187392.00 37228593152.00 37321052160.00 
37387026432.00 37508440064.00 37600751616.00 37693673472.00 37786087424.00 37878804480.00 37972013056.00 38064877568.00 38157086720.00 38250594304.00 38342553600.00 38436356096.00 38528798720.00 38621679616.00 38715064320.00 38807281664.00 38898241536.00 38993342464.00 39086161920.00 39178661888.00 
39270223872.00 39359782912.00 39457456128.00 39550251008.00 39642628096.00 39734185984.00 39828717568.00 39921516544.00 40014143488.00 40107483136.00 40199434240.00 40292839424.00 40384647168.00 40478855168.00 40571371520.00 40664133632.00 40756842496.00 40850112512.00 40942706688.00 41035001856.00 
41125621760.00 41221165056.00 41313943552.00 41406615552.00 41497198592.00 41594486784.00 41686216704.00 41778843648.00 41869291520.00 41964703744.00 42053615616.00 42149920768.00 42242543616.00 42335563776.00 42428243968.00 42520940544.00 42613489664.00 42706391040.00 42799353856.00 42891051008.00 
42983993344.00 43077935104.00 43171078144.00 43263946752.00 43355656192.00 43448848384.00 43541938176.00 43634794496.00 43727720448.00 43820802048.00 43912626176.00 44007157760.00 44099002368.00 44192219136.00 44285018112.00 44376252416.00 44470325248.00 44563431424.00 44656586752.00 44749180928.00 
44831031296.00 44934782976.00 45027799040.00 45120643072.00 45213143040.00 45306503168.00 45399388160.00 45491994624.00 45584474112.00 45677817856.00 45769920512.00 45863268352.00 45955923968.00 46049038336.00 46141665280.00 46234226688.00 46326210560.00 46419988480.00 46512640000.00 46604722176.00 
46664224768.00 46793039872.00 46885126144.00 46978252800.00 47070093312.00 47163064320.00 47255994368.00 47348531200.00 47441842176.00 47534313472.00 47626768384.00 47720136704.00 47810846720.00 47906263040.00 47998623744.00 48091262976.00 48183500800.00 48276672512.00 48370233344.00 48462938112.00 
48552955904.00 48648241152.00 48741920768.00 48834162688.00 48926838784.00 49018245120.00 49112551424.00 49205735424.00 49297281024.00 49391128576.00 49483399168.00 49577041920.00 49669300224.00 49761402880.00 49855909888.00 49948139520.00 50040717312.00 50134040576.00 50226528256.00 50319081472.00 
50411118592.00 50505441280.00 50598039552.00 50691121152.00 50781605888.00 50876076032.00 50969784320.00 51061698560.00 51155316736.00 51246358528.00 51337465856.00 51433627648.00 51526332416.00 51619774464.00 51712270336.00 51804647424.00 51897765888.00 51991093248.00 52083154944.00 52176330752.00 
52263718912.00 52362149888.00 52455100416.00 52547735552.00 52640198656.00 52733038592.00 52825849856.00 52918882304.00 53011079168.00 53104017408.00 53195837440.00 53286313984.00 53386371072.00 53477191680.00 53569847296.00 53660651520.00 53752938496.00 53848035328.00 53940568064.00 54033661952.00 
54124965888.00 54218637312.00 54311948288.00 54405050368.00 54497140736.00 54590066688.00 54683455488.00 54775967744.00 54868455424.00 54961868800.00 55053824000.00 55147433984.00 55239041024.00 55333343232.00 55425798144.00 55518334976.00 55611510784.00 55703089152.00 55797055488.00 55889817600.00 
55969017856.00 56075829248.00 56168488960.00 56261427200.00 56354115584.00 56446676992.00 56538591232.00 56632467456.00 56723431424.00 56818769920.00 56910589952.00 57004146688.00 57096654848.00 57189691392.00 57282314240.00 57373843456.00 57468706816.00 57561452544.00 57654124544.00 57746710528.00 
57838428160.00 57932165120.00 58025254912.00 58118348800.00 58209968128.00 58295341056.00 58396749824.00 58489552896.00 58582233088.00 58675240960.00 58767384576.00 58860503040.00 58953826304.00 59047034880.00 59139338240.00 59232235520.00 59324907520.00 59417878528.00 59510673408.00 59603529728.00 
59685437440.00 59789369344.00 59882602496.00 59975143424.00 60067561472.00 60159782912.00 60253548544.00 60346077184.00 60438630400.00 60532051968.00 60621418496.00 60717367296.00 60810387456.00 60902785024.00 60996239360.00 61088673792.00 61180715008.00 61274222592.00 61367205888.00 61459898368.00 
61551710208.00 61645705216.00 61738393600.00 61831270400.00 61923217408.00 62015737856.00 62106484736.00 62210924544.00 62297661440.00 62389940224.00 62481838080.00 62575091712.00 62665633792.00 62760652800.00 62853386240.00 62944481280.00 63038504960.00 63132020736.00 63225298944.00 63317368832.00 
63407550464.00 63503314944.00 63595859968.00 63689408512.00 63781330944.00 63874166784.00 63967416320.00 64060166144.00 64151900160.00 64246022144.00 64338182144.00 64431616000.00 64524025856.00 64617082880.00 64709697536.00 64802263040.00 64895545344.00 64988602368.00 65081470976.00 65173811200.00 
65259950080.00 65359585280.00 65452560384.00 65545363456.00 65635983360.00 65730654208.00 65826496512.00 65917091840.00 66009702400.00 66102657024.00 66194698240.00 66287841280.00 66380472320.00 66473844736.00 66566279168.00 66659397632.00 66752217088.00 66845511680.00 66939064320.00 67030896640.00 
67118149632.00 67216502784.00 67309252608.00 67402133504.00 67494764544.00 67585978368.00 67680129024.00 67770859520.00 67866914816.00 67959611392.00 68051734528.00 68145135616.00 68237553664.00 68330831872.00 68423589888.00 68516098048.00 68606947328.00 68702453760.00 68794687488.00 68887445504.00 
68979122176.00 69073805312.00 69166120960.00 69258952704.00 69351129088.00 69444460544.00 69537505280.00 69630590976.00 69722963968.00 69815443456.00 69891481600.00 70002032640.00 70093676544.00 70187646976.00 70280323072.00 70372950016.00 70465667072.00 70559064064.00 70651609088.00 70744457216.00 
70834503680.00 70930022400.00 71025049600.00 71115464704.00 71208329216.00 71301210112.00 71395164160.00 71487004672.00 71577821184.00 71672176640.00 71765164032.00 71858454528.00 71951392768.00 72044109824.00 72136548352.00 72228257792.00 72322072576.00 72415502336.00 72508538880.00 72601174016.00 
72692645888.00 72786690048.00 72879652864.00 72972517376.00 73064235008.00 73157804032.00 73250971648.00 73343860736.00 73436471296.00 73529589760.00 73621594112.00 73714982912.00 73807347712.00 73900310528.00 73993125888.00 74085761024.00 74178404352.00 74271383552.00 74363322368.00 74454376448.00 
74495205376.00 74647339008.00 74738171904.00 74830544896.00 74922868736.00 75015389184.00 75108556800.00 75200913408.00 75293515776.00 75387846656.00 75478900736.00 75572748288.00 75665031168.00 75757461504.00 75850678272.00 75943657472.00 76035473408.00 76129337344.00 76221882368.00 76315041792.00 
76406448128.00 76500664320.00 76593577984.00 76686262272.00 76778848256.00 76870295552.00 76964675584.00 77057261568.00 77150461952.00 77243326464.00 77335584768.00 77428940800.00 77519691776.00 77614227456.00 77707673600.00 77800177664.00 77893074944.00 77985824768.00 78078861312.00 78171750400.00 
78261821440.00 78357291008.00 78447935488.00 78543355904.00 78635679744.00 78728364032.00 78821449728.00 78914207744.00 79006162944.00 79100346368.00 79189483520.00 79285174272.00 79378448384.00 79471337472.00 79564333056.00 79656820736.00 79749201920.00 79839543296.00 79936061440.00 80028598272.00 
80120119296.00 80214343680.00 80306995200.00 80399958016.00 80490643456.00 80585703424.00 80678772736.00 80771645440.00 80863813632.00 80956645376.00 81049468928.00 81142734848.00 81235050496.00 81328308224.00 81421148160.00 81505198080.00 81606533120.00 81699209216.00 81791254528.00 81885396992.00 
81972461568.00 82070847488.00 82163630080.00 82256363520.00 82349121536.00 82441871360.00 82534875136.00 82627502080.00 82719162368.00 82823987200.00 82906857472.00 83000328192.00 83092283392.00 83185295360.00 83277971456.00 83370500096.00 83461439488.00 83556556800.00 83650265088.00 83742203904.00 
83827974144.00 83927752704.00 84020862976.00 84113203200.00 84205838336.00 84298891264.00 84391944192.00 84484726784.00 84577550336.00 84668424192.00 84762836992.00 84856291328.00 84948008960.00 85041717248.00 85134303232.00 85227184128.00 85320105984.00 85413502976.00 85505318912.00 85598969856.00 
85688877056.00 85784436736.00 85876883456.00 85963276288.00 86063349760.00 86154510336.00 86248865792.00 86341771264.00 86432235520.00 86527131648.00 86619299840.00 86712868864.00 86805553152.00 86898270208.00 86991446016.00 87083794432.00 87176511488.00 87270031360.00 87362691072.00 87455498240.00 
87546920960.00 87639613440.00 87734419456.00 87827079168.00 87918788608.00 88012414976.00 88105541632.00 88198479872.00 88291115008.00 88383922176.00 88473362432.00 88569749504.00 88661549056.00 88755773440.00 88848220160.00 88940822528.00 89033842688.00 89126649856.00 89219579904.00 89312468992.00 
89394151424.00 89498345472.00 89590431744.00 89684647936.00 89776431104.00 89869000704.00 89962504192.00 90054860800.00 90147405824.00 90240770048.00 90333151232.00 90426540032.00 90519207936.00 90614530048.00 90704977920.00 90796171264.00 90889674752.00 90983489536.00 91076403200.00 91168940032.00 
91260698624.00 91354415104.00 91447476224.00 91540365312.00 91632812032.00 91725774848.00 91818827776.00 91910651904.00 92004294656.00 92097150976.00 92189368320.00 92282929152.00 92373417984.00 92468297728.00 92560998400.00 92653199360.00 92745990144.00 92838764544.00 92930301952.00 93020364800.00 
93049405440.00 93217439744.00 93307273216.00 93399343104.00 93491593216.00 93583949824.00 93676961792.00 93770244096.00 93861380096.00 93954293760.00 94047166464.00 94141554688.00 94233026560.00 94326530048.00 94418845696.00 94511906816.00 94604443648.00 94697971712.00 94790303744.00 94882988032.00 
94974623744.00 95068577792.00 95161606144.00 95254364160.00 95345147904.00 95438331904.00 95533129728.00 95625265152.00 95718309888.00 95811649536.00 95903760384.00 95997231104.00 96089047040.00 96183009280.00 96275202048.00 96368295936.00 96461078528.00 96550789120.00 96647020544.00 96740122624.00 
96827179008.00 96925548544.00 97017831424.00 97110753280.00 97204068352.00 97296539648.00 97389330432.00 97482620928.00 97574862848.00 97668079616.00 97757569024.00 97853767680.00 97946116096.00 98040176640.00 98132549632.00 98225135616.00 98315894784.00 98411290624.00 98503573504.00 98597027840.00 
98688122880.00 98781986816.00 98875056128.00 98967855104.00 99060203520.00 99153215488.00 99245834240.00 99340443648.00 99432185856.00 99525328896.00 99617292288.00 99710582784.00 99802464256.00 99896180736.00 99989110784.00 100080394240.00 100174454784.00 100269285376.00 100360249344.00 100453335040.00 
100543397888.00 100638294016.00 100731944960.00 100824514560.00 100917198848.00 101010079744.00 101103173632.00 101196161024.00 101286543360.00 101380980736.00 101473140736.00 101575802880.00 101660729344.00 101753298944.00 101845860352.00 101938634752.00 102031319040.00 102124666880.00 102216572928.00 102310191104.00 
102396207104.00 102495846400.00 102588522496.00 102681362432.00 102773358592.00 102867017728.00 102960037888.00 103052828672.00 103145496576.00 103238574080.00 103330488320.00 103421648896.00 103516831744.00 103609884672.00 103702962176.00 103795466240.00 103888166912.00 103981260800.00 104073773056.00 104166866944.00 
104248664064.00 104352505856.00 104445550592.00 104538415104.00 104630878208.00 104715264000.00 104816640000.00 104909537280.00 105001795584.00 105095102464.00 105187475456.00 105281052672.00 105373196288.00 105466519552.00 105559302144.00 105651937280.00 105744048128.00 105837797376.00 105930620928.00 106023264256.00 
106114654208.00 106208460800.00 106300080128.00 106408345600.00 106488987648.00 106581278720.00 106674126848.00 106766761984.00 106859520000.00 106952343552.00 107041800192.00 107138187264.00 107228708864.00 107323678720.00 107416600576.00 107509039104.00 107601862656.00 107694653440.00 107788263424.00 107880480768.00 
107970781184.00 108066111488.00 108158779392.00 108252291072.00 108344508416.00 108437127168.00 108530270208.00 108623536128.00 108715180032.00 108808839168.00 108901187584.00 108994813952.00 109087293440.00 109180256256.00 109273079808.00 109364207616.00 109457825792.00 109552222208.00 109644767232.00 109737574400.00 
109828775936.00 109923147776.00 110016004096.00 110108557312.00 110199406592.00 110293508096.00 110387183616.00 110480162816.00 110572617728.00 110665351168.00 110757879808.00 110851153920.00 110943797248.00 111038480384.00 111129075712.00 111222333440.00 111315296256.00 111408218112.00 111500779520.00 111593349120.00 
111659212800.00 111780691968.00 111873024000.00 111965192192.00 112058368000.00 112150994944.00 112243949568.00 112336928768.00 112429219840.00 112522182656.00 112614670336.00 112707428352.00 112800268288.00 112894173184.00 112986480640.00 113079361536.00 113170178048.00 113264656384.00 113358323712.00 113450803200.00 
113542463488.00 113636466688.00 113729249280.00 113822253056.00 113914544128.00 114006245376.00 114100846592.00 114194055168.00 114286149632.00 114379137024.00 114470944768.00 114567192576.00 114657157120.00 114750832640.00 114843385856.00 114936111104.00 115029000192.00 115122216960.00 115214458880.00 115307888640.00 
115397844992.00 115493314560.00 115586072576.00 115679043584.00 115771760640.00 115864379392.00 115957547008.00 116050272256.00 116140883968.00 116235894784.00 116311564288.00 116422074368.00 116514512896.00 116606492672.00 116700282880.00 116793253888.00 116885438464.00 116978434048.00 117071527936.00 117164441600.00 
117255921664.00 117350162432.00 117442715648.00 117534334976.00 117627863040.00 117721423872.00 117814566912.00 117907333120.00 117999722496.00 118093070336.00 118185115648.00 118278242304.00 118370705408.00 118464700416.00 118557016064.00 118648250368.00 118742515712.00 118836060160.00 118928310272.00 119021371392.00 
119103135744.00 119207026688.00 119299432448.00 119390896128.00 119485431808.00 119577894912.00 119671521280.00 119763943424.00 119856185344.00 119949590528.00 120041586688.00 120135000064.00 120228044800.00 120320958464.00 120413077504.00 120506523648.00 120598552576.00 120691949568.00 120784838656.00 120878088192.00 
120963907584.00 121063702528.00 121156272128.00 121249202176.00 121341616128.00 121434750976.00 121527476224.00 121620619264.00 121713319936.00 121805971456.00 121898328064.00 121991708672.00 122082394112.00 122177781760.00 122270171136.00 122362716160.00 122455646208.00 122548666368.00 122641432576.00 122734600192.00 
122824515584.00 122919845888.00 123012423680.00 123105730560.00 123197849600.00 123289214976.00 123383504896.00 123476090880.00 123567644672.00 123661115392.00 123752611840.00 123844804608.00 123934220288.00 124003950592.00 124142870528.00 124226297856.00 124316450816.00 124408913920.00 124500992000.00 124593586176.00 
124684853248.00 124778676224.00 124871393280.00 124964216832.00 125054713856.00 125149315072.00 125242425344.00 125335404544.00 125427761152.00 125520748544.00 125610172416.00 125706878976.00 125798531072.00 125892313088.00 125984800768.00 126077403136.00 126170701824.00 126262992896.00 126355947520.00 126449082368.00 
126536220672.00 126634917888.00 126727430144.00 126820352000.00 126913118208.00 127005630464.00 127098945536.00 127191425024.00 127283781632.00 127377424384.00 127469568000.00 127562784768.00 127655788544.00 127748587520.00 127841353728.00 127925395456.00 128024944640.00 128119439360.00 128212828160.00 128305225728.00 
128397115392.00 128491405312.00 128584163328.00 128676872192.00 128769179648.00 128862511104.00 128955342848.00 129048526848.00 129140776960.00 129233936384.00 129326014464.00 129419108352.00 129511530496.00 129605296128.00 129698308096.00 129790566400.00 129883783168.00 129976688640.00 130069118976.00 130162016256.00 
130241355776.00 130347974656.00 130440667136.00 130533842944.00 130626412544.00 130718834688.00 130812166144.00 130905202688.00 130995585024.00 131090538496.00 131182903296.00 131275898880.00 131370106880.00 131462193152.00 131554902016.00 131647365120.00 131740164096.00 131833364480.00 131926335488.00 132018831360.00 
132110499840.00 132204462080.00 132297392128.00 132390445056.00 132482203648.00 132574355456.00 132668760064.00 132761444352.00 132853678080.00 132948541440.00 133040037888.00 133133164544.00 133225504768.00 133318885376.00 133412372480.00 133504172032.00 133597552640.00 133690408960.00 133783027712.00 133875810304.00 
133957550080.00 134062063616.00 134154346496.00 134247112704.00 134339788800.00 134432595968.00 134525378560.00 134618595328.00 134710804480.00 134804267008.00 134893445120.00 134990307328.00 135082369024.00 135175290880.00 135266926592.00 135362633728.00 135453523968.00 135547355136.00 135640080384.00 135732731904.00 
135824359424.00 135918419968.00 136011038720.00 136103763968.00 136196390912.00 136289337344.00 136382275584.00 136475648000.00 136568061952.00 136661123072.00 136753152000.00 136846606336.00 136937422848.00 137032097792.00 137126027264.00 137216606208.00 137310822400.00 137403949056.00 137496379392.00 137590194176.00 
137679470592.00 137775038464.00 137868083200.00 137960931328.00 138053419008.00 138146185216.00 138239361024.00 138332209152.00 138423926784.00 138517692416.00 138609868800.00 138703290368.00 138796138496.00 138889216000.00 138982326272.00 139074404352.00 139166859264.00 139260067840.00 139352539136.00 139445059584.00 
139504386048.00 139633426432.00 139725193216.00 139817943040.00 139908595712.00 140003491840.00 140096323584.00 140189188096.00 140281692160.00 140374966272.00 140467027968.00 140559941632.00 140652609536.00 140745850880.00 140838699008.00 140931448832.00 141024460800.00 141116882944.00 141210091520.00 141304250368.00 
141390479360.00 141488652288.00 141581369344.00 141674233856.00 141768114176.00 141858439168.00 141952598016.00 142045593600.00 142138179584.00 142231240704.00 142323580928.00 142417297408.00 142510063616.00 142602813440.00 142695383040.00 142788280320.00 142879195136.00 142973747200.00 143065710592.00 143160737792.00 
143251603456.00 143345991680.00 143438381056.00 143531589632.00 143623618560.00 143716646912.00 143809560576.00 143902539776.00 143995011072.00 144088252416.00 144177758208.00 144272080896.00 144365584384.00 144459710464.00 144552280064.00 144644489216.00 144738500608.00 144831152128.00 144923934720.00 145016586240.00 
145106796544.00 145204477952.00 145295130624.00 145387978752.00 145480400896.00 145572675584.00 145666605056.00 145758552064.00 145849991168.00 145945051136.00 146037063680.00 146130632704.00 146223497216.00 146315968512.00 146408931328.00 146500272128.00 146594627584.00 146687574016.00 146780700672.00 146874466304.00 
146964971520.00 147058900992.00 147151749120.00 147244531712.00 147336609792.00 147430277120.00 147522797568.00 147615809536.00 147708379136.00 147801178112.00 147893747712.00 147987300352.00 148079378432.00 148172914688.00 148265762816.00 148357840896.00 148450607104.00 148543373312.00 148635533312.00 148726562816.00 
148767358976.00 148919681024.00 149010513920.00 149103017984.00 149195079680.00 149287665664.00 149380612096.00 149473460224.00 149565702144.00 149659025408.00 149751119872.00 149844328448.00 149937618944.00 150030434304.00 150122233856.00 150215507968.00 150307667968.00 150399713280.00 150494756864.00 150586163200.00 
150678716416.00 150772662272.00 150866034688.00 150958260224.00 151051042816.00 151135682560.00 151236722688.00 151329964032.00 151422287872.00 151515627520.00 151608082432.00 151701061632.00 151791861760.00 151886741504.00 151979524096.00 152072175616.00 152164630528.00 152258347008.00 152351145984.00 152444026880.00 
152533991424.00 152627347456.00 152722440192.00 152815403008.00 152907726848.00 153000624128.00 153093423104.00 153181143040.00 153278660608.00 153372393472.00 153461653504.00 153557893120.00 153650511872.00 153743966208.00 153836208128.00 153928417280.00 154021609472.00 154114785280.00 154207682560.00 154300907520.00 
154392231936.00 154486046720.00 154579091456.00 154672037888.00 154762575872.00 154857226240.00 154949615616.00 155045265408.00 155136278528.00 155229290496.00 155321434112.00 155414888448.00 155507146752.00 155600437248.00 155692990464.00 155784413184.00 155878866944.00 155971665920.00 156064661504.00 156156264448.00 
156244918272.00 156343123968.00 156435775488.00 156528951296.00 156620455936.00 156714582016.00 156807348224.00 156900016128.00 156992487424.00 157086023680.00 157178019840.00 157271441408.00 157363748864.00 157457317888.00 157549838336.00 157642833920.00 157733519360.00 157831315456.00 157921345536.00 158014455808.00 
158100226048.00 158200020992.00 158292361216.00 158385635328.00 158477959168.00 158570889216.00 158663884800.00 158756487168.00 158849597440.00 158942461952.00 159034605568.00 159127928832.00 159219400704.00 159312510976.00 159400329216.00 159501877248.00 159593299968.00 159686131712.00 159778603008.00 159870779392.00 
159961513984.00 160057081856.00 160149749760.00 160242515968.00 160335101952.00 160426409984.00 160520830976.00 160613892096.00 160704544768.00 160799490048.00 160891764736.00 160985759744.00 161077985280.00 161170767872.00 161263861760.00 161356447744.00 161449050112.00 161542078464.00 161634828288.00 161726627840.00 
161819525120.00 161913470976.00 162006695936.00 162099167232.00 162191310848.00 162284503040.00 162377547776.00 162470526976.00 162563129344.00 162656043008.00 162731573248.00 162841919488.00 162934407168.00 163027795968.00 163120152576.00 163212918784.00 163305406464.00 163398123520.00 163491938304.00 163584655360.00 
163666247680.00 163769892864.00 163863232512.00 163956031488.00 164048486400.00 164141580288.00 164234264576.00 164327440384.00 164419534848.00 164513005568.00 164605018112.00 164699373568.00 164791173120.00 164884332544.00 164976918528.00 165067964416.00 165161058304.00 165254529024.00 165353750528.00 165442191360.00 
165533581312.00 165627248640.00 165720276992.00 165812830208.00 165905268736.00 165998362624.00 166091505664.00 166184189952.00 166276792320.00 166369771520.00 166462046208.00 166555238400.00 166646136832.00 166740164608.00 166834159616.00 166926778368.00 167020101632.00 167112278016.00 167205371904.00 167297974272.00 
167377027072.00 167484096512.00 167576682496.00 167669727232.00 167762624512.00 167855046656.00 167947829248.00 168040923136.00 168132624384.00 168226357248.00 168318844928.00 168412020736.00 168505016320.00 168597897216.00 168690860032.00 168783200256.00 168875819008.00 168968765440.00 169057861632.00 169155821568.00 
169246900224.00 169341042688.00 169433858048.00 169526509568.00 169617260544.00 169710419968.00 169804365824.00 169897803776.00 169990242304.00 170083663872.00 170175692800.00 170269278208.00 170361552896.00 170454204416.00 170547953664.00 170640261120.00 170733125632.00 170826121216.00 170919215104.00 171011817472.00 
171099144192.00 171197087744.00 171290001408.00 171382734848.00 171475632128.00 171568185344.00 171658231808.00 171755290624.00 171847090176.00 171940298752.00 172029624320.00 172125831168.00 172218695680.00 172311445504.00 172404441088.00 172496863232.00 172587712512.00 172682231808.00 172775620608.00 172868435968.00 
172960038912.00 173054279680.00 173146619904.00 173238681600.00 173332267008.00 173425147904.00 173517848576.00 173612449792.00 173704380416.00 173797687296.00 173889028096.00 173983481856.00 174074363904.00 174168047616.00 174261190656.00 174345633792.00 174446657536.00 174539702272.00 174632615936.00 174725185536.00 
174815215616.00 174911045632.00 175003058176.00 175097053184.00 175189377024.00 175282159616.00 175375220736.00 175468331008.00 175558459392.00 175654256640.00 175745925120.00 175839608832.00 175932096512.00 176024797184.00 176117661696.00 176211509248.00 176303407104.00 176396632064.00 176489185280.00 176583131136.00 
176668065792.00 176768663552.00 176860774400.00 176953458688.00 177045094400.00 177139793920.00 177232052224.00 177325424640.00 177417633792.00 177510268928.00 177602920448.00 177696227328.00 177788567552.00 177877925888.00 177974951936.00 178067341312.00 178160369664.00 178253348864.00 178345951232.00 178438586368.00 
178520768512.00 178624888832.00 178717261824.00 178809929728.00 178902679552.00 178994167808.00 179090145280.00 179181109248.00 179273793536.00 179367297024.00 179459293184.00 179549913088.00 179645857792.00 179738755072.00 179831209984.00 179923910656.00 180016152576.00 180110000128.00 180202962944.00 180295663616.00 
180387233792.00 180481409024.00 180574027776.00 180667465728.00 180759396352.00 180852375552.00 180946714624.00 181038235648.00 181130854400.00 181224128512.00 181313388544.00 181409333248.00 181500428288.00 181595144192.00 181687959552.00 181780512768.00 181873655808.00 181966716928.00 182059483136.00 182152249344.00 
182242394112.00 182337716224.00 182430711808.00 182523756544.00 182616276992.00 182709272576.00 182801858560.00 182894903296.00 182986522624.00 183080435712.00 183172759552.00 183264837632.00 183358636032.00 183451746304.00 183544152064.00 183635591168.00 183729782784.00 183821664256.00 183915331584.00 184008720384.00 
184100257792.00 184194187264.00 184287166464.00 184379326464.00 184470224896.00 184564776960.00 184657428480.00 184750604288.00 184843206656.00 184935776256.00 185027919872.00 185121112064.00 185213173760.00 185306054656.00 185398198272.00 185490210816.00 185581977600.00 185672728576.00 185761873920.00 185843138560.00 
185819758592.00 186075185152.00 186156236800.00 186245595136.00 186335838208.00 186427834368.00 186520076288.00 186612400128.00 186704248832.00 186797015040.00 186889240576.00 186982449152.00 187074756608.00 187167784960.00 187260846080.00 187352858624.00 187443757056.00 187538882560.00 187630960640.00 187724349440.00 
187815837696.00 187909619712.00 188002910208.00 188096315392.00 188187623424.00 188279406592.00 188374253568.00 188466429952.00 188559114240.00 188653420544.00 188744712192.00 188837756928.00 188929802240.00 189023420416.00 189116547072.00 189208690688.00 189301964800.00 189394714624.00 189487710208.00 189580443648.00 
189670539264.00 189766238208.00 189858742272.00 189951606784.00 190044372992.00 190137024512.00 190230413312.00 190323277824.00 190413717504.00 190509170688.00 190598004736.00 190694490112.00 190787305472.00 190880120832.00 190971576320.00 191065341952.00 191157927936.00 191250972672.00 191344099328.00 191437111296.00 
191528583168.00 191622873088.00 191715770368.00 191808634880.00 191899975680.00 191994003456.00 192087031808.00 192179929088.00 192272121856.00 192368476160.00 192457883648.00 192551141376.00 192643448832.00 192737263616.00 192828063744.00 192920862720.00 193015234560.00 193108656128.00 193200832512.00 193293467648.00 
193375584256.00 193479770112.00 193572159488.00 193665220608.00 193757675520.00 193850392576.00 193943306240.00 194040381440.00 194129018880.00 194222391296.00 194314289152.00 194408316928.00 194500263936.00 194593013760.00 194686435328.00 194778185728.00 194871099392.00 194965028864.00 195057467392.00 195149725696.00 
195236397056.00 195335340032.00 195429040128.00 195521871872.00 195614031872.00 195706421248.00 195800760320.00 195893919744.00 195986014208.00 196078632960.00 196171169792.00 196264099840.00 196355325952.00 196450271232.00 196543201280.00 196635885568.00 196728586240.00 196821172224.00 196915347456.00 197007392768.00 
197097668608.00 197193416704.00 197285724160.00 197379080192.00 197471174656.00 197555699712.00 197657280512.00 197750423552.00 197841944576.00 197935038464.00 198027902976.00 198121062400.00 198213877760.00 198306054144.00 198400540672.00 198492618752.00 198585286656.00 198679740416.00 198771769344.00 198864027648.00 
198955778048.00 199049740288.00 199142408192.00 199236206592.00 199326171136.00 199421181952.00 199513735168.00 199606763520.00 199699415040.00 199792394240.00 199881949184.00 199978156032.00 200070512640.00 200163164160.00 200260059136.00 200349777920.00 200442429440.00 200535638016.00 200628043776.00 200721334272.00 
200808300544.00 200906489856.00 200999059456.00 201092448256.00 201185198080.00 201277784064.00 201370222592.00 201463939072.00 201555755008.00 201649209344.00 201741533184.00 201834430464.00 201927770112.00 202020978688.00 202113843200.00 202204315648.00 202296934400.00 202391977984.00 202484662272.00 202577412096.00 
202668621824.00 202762715136.00 202860216320.00 202949328896.00 203041685504.00 203134648320.00 203227512832.00 203320557568.00 203413110784.00 203506188288.00 203598168064.00 203691917312.00 203783225344.00 203877318656.00 203970674688.00 204062621696.00 204155387904.00 204248678400.00 204341329920.00 204434391040.00 
204513525760.00 204620267520.00 204712771584.00 204806193152.00 204898189312.00 204991201280.00 205084213248.00 205177978880.00 205267763200.00 205363347456.00 205454917632.00 205548355584.00 205641170944.00 205734248448.00 205826736128.00 205919551488.00 206012039168.00 206105362432.00 206198210560.00 206291304448.00 
206382301184.00 206476214272.00 206564638720.00 206663876608.00 206755020800.00 206847098880.00 206941356032.00 207034155008.00 207126806528.00 207219015680.00 207312011264.00 207405334528.00 207497871360.00 207591030784.00 207683928064.00 207776268288.00 207869198336.00 207962390528.00 208054976512.00 208148430848.00 
208229728256.00 208333750272.00 208426500096.00 208519987200.00 208612360192.00 208705011712.00 208798040064.00 208890593280.00 208982835200.00 209076551680.00 209152049152.00 209262346240.00 209354571776.00 209447895040.00 209540644864.00 209633280000.00 209725112320.00 209819303936.00 209911611392.00 210004934656.00 
210096209920.00 210191826944.00 210283511808.00 210376359936.00 210468536320.00 210561662976.00 210654412800.00 210747604992.00 210840059904.00 210932908032.00 211025330176.00 211118997504.00 211209584640.00 211304775680.00 211397230592.00 211488571392.00 211583238144.00 211675938816.00 211768541184.00 211861061632.00 
211951403008.00 212047626240.00 212139655168.00 212232126464.00 212324630528.00 212415856640.00 212518010880.00 212606173184.00 212696973312.00 212790509568.00 212882522112.00 212976041984.00 213068611584.00 213162033152.00 213254389760.00 213346893824.00 213439594496.00 213532475392.00 213625815040.00 213718384640.00 
213804564480.00 213904031744.00 213997174784.00 214087008256.00 214180495360.00 214275194880.00 214368321536.00 214461054976.00 214554198016.00 214646996992.00 214739173376.00 214832250880.00 214924820480.00 215018569728.00 215110795264.00 215203397632.00 215297785856.00 215389650944.00 215482482688.00 215575166976.00 
215662690304.00 215761879040.00 215853547520.00 215946985472.00 216038932480.00 216130764800.00 216225218560.00 216318279680.00 216410062848.00 216503566336.00 216595693568.00 216688967680.00 216781291520.00 216873271296.00 216968609792.00 217060655104.00 217151635456.00 217246334976.00 217338937344.00 217432342528.00 
217523748864.00 217617629184.00 217710641152.00 217803735040.00 217895649280.00 217989513216.00 218081968128.00 218174636032.00 218267648000.00 218360381440.00 218449854464.00 218545799168.00 218637828096.00 218736852992.00 218824785920.00 218917175296.00 219010203648.00 219103199232.00 219195949056.00 219291172864.00 
219378778112.00 219474706432.00 219567374336.00 219660058624.00 219753185280.00 219845705728.00 219938635776.00 220031451136.00 220122415104.00 220217344000.00 220308979712.00 220402745344.00 220495462400.00 220588736512.00 220681584640.00 220765536256.00 220866527232.00 220960243712.00 221052485632.00 221145530368.00 
221236920320.00 221332422656.00 221423648768.00 221518774272.00 221608902656.00 221702356992.00 221795958784.00 221887889408.00 221980524544.00 222074109952.00 222165712896.00 222259429376.00 222351736832.00 222444929024.00 222537826304.00 222630019072.00 222722621440.00 222815125504.00 222907842560.00 222998659072.00 
223039799296.00 223191629824.00 223282872320.00 223375425536.00 223467421696.00 223559925760.00 223652593664.00 223745523712.00 223837962240.00 223931072512.00 224023396352.00 224117161984.00 224209584128.00 224302415872.00 224395280384.00 224487604224.00 224579764224.00 224673824768.00 224766296064.00 224859504640.00 
224950697984.00 225043742720.00 225137278976.00 225230635008.00 225322909696.00 225414758400.00 225509294080.00 225602158592.00 225694400512.00 225787592704.00 225880080384.00 225973223424.00 226063958016.00 226159919104.00 226251653120.00 226345009152.00 226437332992.00 226530377728.00 226623209472.00 226713862144.00 
226806267904.00 226901753856.00 226994454528.00 227087450112.00 227179790336.00 227273195520.00 227365797888.00 227458859008.00 227550511104.00 227646455808.00 227733733376.00 227830087680.00 227923247104.00 228015964160.00 228108730368.00 228201299968.00 228293771264.00 228386930688.00 228479893504.00 228572545024.00 
228664279040.00 228757995520.00 228852531200.00 228944363520.00 229034901504.00 229129977856.00 229222596608.00 229315739648.00 229407981568.00 229501222912.00 229593317376.00 229687377920.00 229779406848.00 229872566272.00 229965578240.00 230056476672.00 230150160384.00 230244302848.00 230336888832.00 230430015488.00 
230517047296.00 230614253568.00 230707920896.00 230801260544.00 230893453312.00 230986366976.00 231079247872.00 231172603904.00 231264927744.00 231358414848.00 231450378240.00 231543439360.00 231636221952.00 231729381376.00 231822131200.00 231914635264.00 232005337088.00 232100298752.00 232193179648.00 232285028352.00 
232344600576.00 232473313280.00 232565538816.00 232658419712.00 232750415872.00 232843460608.00 232935964672.00 233029517312.00 233121988608.00 233215361024.00 233307226112.00 233400565760.00 233492267008.00 233586163712.00 233679175680.00 233771548672.00 233864445952.00 233957261312.00 234050224128.00 234143301632.00 
234233298944.00 234328129536.00 234421846016.00 234514415616.00 234607427584.00 234698342400.00 234792239104.00 234886266880.00 234976903168.00 235071651840.00 235163893760.00 235257364480.00 235349868544.00 235442765824.00 235535695872.00 235628396544.00 235720998912.00 235814567936.00 235907137536.00 235999739904.00 
236091572224.00 236185583616.00 236278104064.00 236371230720.00 236462686208.00 236555124736.00 236651184128.00 236743147520.00 236835766272.00 236928204800.00 237017776128.00 237114228736.00 237206585344.00 237299761152.00 237393002496.00 237485375488.00 237578321920.00 237671481344.00 237763903488.00 237856309248.00 
237938442240.00 238042726400.00 238135033856.00 238227931136.00 238320156672.00 238413660160.00 238505771008.00 238599700480.00 238691794944.00 238785216512.00 238877196288.00 238969651200.00 239064301568.00 239156707328.00 239249506304.00 239340552192.00 239434121216.00 239528247296.00 239620997120.00 239714074624.00 
239805087744.00 239899574272.00 239992111104.00 240084992000.00 240177594368.00 240270344192.00 240363094016.00 240456220672.00 240547987456.00 240642883584.00 240734519296.00 240828121088.00 240918593536.00 241013211136.00 241106010112.00 241198841856.00 241291640832.00 241384439808.00 241477664768.00 241570578432.00 
241649680384.00 241756094464.00 241849122816.00 241941790720.00 242034425856.00 242127273984.00 242219778048.00 242313232384.00 242404786176.00 242499338240.00 242591154176.00 242684395520.00 242777112576.00 242869895168.00 242962939904.00 243055165440.00 243148423168.00 243241517056.00 243334021120.00 243427065856.00 
243518586880.00 243613368320.00 243705249792.00 243799031808.00 243889029120.00 243975602176.00 244077117440.00 244169605120.00 244262486016.00 244355809280.00 244447723520.00 244541112320.00 244633583616.00 244727103488.00 244819558400.00 244912242688.00 245005271040.00 245098266624.00 245190983680.00 245283438592.00 
245371191296.00 245469233152.00 245562261504.00 245655207936.00 245747269632.00 245840265216.00 245933604864.00 246025863168.00 246118776832.00 246211493888.00 246301491200.00 246397829120.00 246490202112.00 246583181312.00 246675931136.00 246768402432.00 246859317248.00 246954049536.00 247046848512.00 247140007936.00 
247231037440.00 247325048832.00 247417192448.00 247509745664.00 247601086464.00 247691558912.00 247775494144.00 247914692608.00 247983980544.00 248073388032.00 248164630528.00 248257298432.00 248348590080.00 248442486784.00 248534794240.00 248625987584.00 248719982592.00 248812650496.00 248905957376.00 248998330368.00 
249088507904.00 249183846400.00 249276923904.00 249369821184.00 249462587392.00 249555304448.00 249648365568.00 249741066240.00 249831456768.00 249926303744.00 250018365440.00 250112442368.00 250204536832.00 250297647104.00 250390642688.00 250483032064.00 250575847424.00 250669203456.00 250762149888.00 250854752256.00 
250940801024.00 251040284672.00 251133476864.00 251226456064.00 251317862400.00 251411644416.00 251505033216.00 251597275136.00 251690237952.00 251783512064.00 251875442688.00 251968864256.00 252061286400.00 252154314752.00 252246818816.00 252339912704.00 252432744448.00 252527673344.00 252618801152.00 252711305216.00 
252792979456.00 252897017856.00 252990029824.00 253082337280.00 253175463936.00 253266837504.00 253361242112.00 253453664256.00 253546889216.00 253640097792.00 253732126720.00 253825581056.00 253918281728.00 254011064320.00 254103748608.00 254196400128.00 254288478208.00 254384193536.00 254475730944.00 254568464384.00 
254659805184.00 254753865728.00 254846812160.00 254940069888.00 255032229888.00 255124602880.00 255218106368.00 255311904768.00 255403425792.00 255496536064.00 255571886080.00 255682674688.00 255773130752.00 255868370944.00 255960432640.00 256053379072.00 256146587648.00 256239337472.00 256332201984.00 256424869888.00 
256515063808.00 256610172928.00 256703938560.00 256796131328.00 256888864768.00 256981385216.00 257074692096.00 257167720448.00 257259192320.00 257351106560.00 257446182912.00 257539293184.00 257631502336.00 257724547072.00 257817444352.00 257908637696.00 258002534400.00 258096332800.00 258189164544.00 258282291200.00 
258373156864.00 258467479552.00 258559967232.00 258653536256.00 258743828480.00 258838577152.00 258931736576.00 259024289792.00 259117809664.00 259210903552.00 259302391808.00 259396124672.00 259488202752.00 259581526016.00 259674292224.00 259766812672.00 259859513344.00 259953393664.00 260045225984.00 260137910272.00 
260203642880.00 260325015552.00 260417372160.00 260510367744.00 260602740736.00 260695523328.00 260789075968.00 260879908864.00 260973658112.00 261067276288.00 261158977536.00 261252907008.00 261345247232.00 261438226432.00 261531451392.00 261624512512.00 261714853888.00 261810077696.00 261902516224.00 261995233280.00 
262087213056.00 262181126144.00 262273843200.00 262366035968.00 262459441152.00 262550847488.00 262645088256.00 262738034688.00 262830653440.00 262923599872.00 263015940096.00 263109443584.00 263201243136.00 263294926848.00 263387807744.00 263480229888.00 263573159936.00 263665893376.00 263759249408.00 263852228608.00 
263942094848.00 264037711872.00 264129986560.00 264223506432.00 264316141568.00 264408743936.00 264501739520.00 264594620416.00 264685060096.00 264779972608.00 264869478400.00 264965947392.00 265058516992.00 265151627264.00 265244016640.00 265336389632.00 265428221952.00 265510240256.00 265618112512.00 265709846528.00 
265800990720.00 265895395328.00 265987735552.00 266080501760.00 266172317696.00 266265952256.00 266358571008.00 266451894272.00 266544775168.00 266637115392.00 266729652224.00 266823270400.00 266915577856.00 267008622592.00 267101650944.00 267185651712.00 267287117824.00 267379933184.00 267472666624.00 267565826048.00 
267647467520.00 267751440384.00 267844419584.00 267937267712.00 268030050304.00 268122193920.00 268215631872.00 268308627456.00 268400590848.00 268496699392.00 268586401792.00 268679774208.00 268772229120.00 268865781760.00 268958023680.00 269050789888.00 269142917120.00 269237174272.00 269329940480.00 269422624768.00 
269508476928.00 269608632320.00 269702037504.00 269793869824.00 269885947904.00 269979189248.00 270072430592.00 270164951040.00 270256996352.00 270342684672.00 270443806720.00 270537490432.00 270627618816.00 270722252800.00 270815346688.00 270908014592.00 271000748032.00 271093727232.00 271186247680.00 271280095232.00 
271369879552.00 271464824832.00 271557935104.00 271648964608.00 271743401984.00 271834808320.00 271929262080.00 272022126592.00 272113844224.00 272207544320.00 272299900928.00 272393306112.00 272485761024.00 272577789952.00 272672620544.00 272764665856.00 272857088000.00 272950460416.00 273043243008.00 273136271360.00 
273227481088.00 273321672704.00 273414537216.00 273507106816.00 273598103552.00 273692573696.00 273785831424.00 273878155264.00 273971986432.00 274064752640.00 274153914368.00 274250416128.00 274342543360.00 274435735552.00 274528665600.00 274621415424.00 274713772032.00 274807472128.00 274900123648.00 274992627712.00 
275080183808.00 275177930752.00 275271155712.00 275367428096.00 275457048576.00 275549618176.00 275642908672.00 275735511040.00 275828015104.00 275921371136.00 276013449216.00 276106739712.00 276199440384.00 276293222400.00 276385169408.00 276476526592.00 276568997888.00 276664352768.00 276756758528.00 276849623040.00 
276941012992.00 277035220992.00 277128118272.00 277220458496.00 277313290240.00 277406187520.00 277499609088.00 277592080384.00 277685010432.00 277776990208.00 277870051328.00 277964029952.00 278055059456.00 278148317184.00 278241509376.00 278333882368.00 278426451968.00 278519087104.00 278611034112.00 278700556288.00 
278729719808.00 278897721344.00 278987866112.00 279079649280.00 279171530752.00 279264264192.00 279357554688.00 279450550272.00 279540891648.00 279635591168.00 279727767552.00 279821123584.00 279913955328.00 280007901184.00 280099782656.00 280191959040.00 280284725248.00 280377982976.00 280470847488.00 280564006912.00 
280655233024.00 280749441024.00 280841584640.00 280934809600.00 281026658304.00 281118900224.00 281213239296.00 281303810048.00 281398640640.00 281491767296.00 281583976448.00 281677332480.00 281770098688.00 281863290880.00 281955860480.00 282048724992.00 282141392896.00 282234093568.00 282328006656.00 282420314112.00 
282502463488.00 282606010368.00 282698612736.00 282791477248.00 282884210688.00 282977239040.00 283070267392.00 283162476544.00 283256094720.00 283348598784.00 283437989888.00 283534557184.00 283626635264.00 283719860224.00 283812429824.00 283904999424.00 283997765632.00 284091219968.00 284183953408.00 284278849536.00 
284368863232.00 284462972928.00 284555182080.00 284648538112.00 284741206016.00 284834267136.00 284926967808.00 285019996160.00 285112598528.00 285205790720.00 285298065408.00 285391093760.00 285481959424.00 285576724480.00 285669326848.00 285760618496.00 285854826496.00 285955358720.00 286041309184.00 286134075392.00 
286224056320.00 286319214592.00 286412963840.00 286505172992.00 286598070272.00 286690541568.00 286783897600.00 286876860416.00 286968283136.00 287061868544.00 287154208768.00 287249891328.00 287340429312.00 287433654272.00 287526322176.00 287618891776.00 287711461376.00 287805046784.00 287897681920.00 287990611968.00 
288076431360.00 288176373760.00 288268156928.00 288361840640.00 288452542464.00 288547143680.00 288640335872.00 288732971008.00 288825606144.00 288918208512.00 289010122752.00 289094533120.00 289198243840.00 289291042816.00 289383546880.00 289475985408.00 289568948224.00 289662042112.00 289754742784.00 289847771136.00 
289934671872.00 290033336320.00 290126921728.00 290219065344.00 290311372800.00 290395914240.00 290497167360.00 290590162944.00 290682339328.00 290775793664.00 290868035584.00 290961817600.00 291054387200.00 291146727424.00 291239788544.00 291332194304.00 291423584256.00 291518611456.00 291611049984.00 291704111104.00 
291795566592.00 291889840128.00 291982311424.00 292079075328.00 292168433664.00 292261134336.00 292354064384.00 292447092736.00 292539367424.00 292633182208.00 292722212864.00 292818255872.00 292910071808.00 293004378112.00 293096980480.00 293189746688.00 293282349056.00 293375213568.00 293470371840.00 293561008128.00 
293651152896.00 293746540544.00 293839601664.00 293932564480.00 294025134080.00 294117834752.00 294210895872.00 294304382976.00 294394626048.00 294489358336.00 294581731328.00 294675120128.00 294767263744.00 294861144064.00 294953385984.00 295044972544.00 295138525184.00 295232274432.00 295324581888.00 295417511936.00 
295509295104.00 295603339264.00 295696269312.00 295788937216.00 295880753152.00 295974305792.00 296067497984.00 296160854016.00 296253063168.00 296345665536.00 296438038528.00 296530444288.00 296623996928.00 296717615104.00 296809824256.00 296902197248.00 296995356672.00 297088024576.00 297179906048.00 297270706176.00 
297311600640.00 297463873536.00 297555394560.00 297647144960.00 297739583488.00 297831858176.00 297924820992.00 298017980416.00 298109927424.00 298203250688.00 298295951360.00 298389209088.00 298481549312.00 298574839808.00 298667474944.00 298760339456.00 298852024320.00 298945609728.00 299038572544.00 299131764736.00 
299223121920.00 299317362688.00 299409670144.00 299502960640.00 299595431936.00 299686658048.00 299781455872.00 299874320384.00 299966464000.00 300059820032.00 300151898112.00 300246138880.00 300336480256.00 300431343616.00 300523192320.00 300616581120.00 300709609472.00 300803063808.00 300893503488.00 300988334080.00 
301078511616.00 301173702656.00 301266272256.00 301359267840.00 301452361728.00 301544996864.00 301638025216.00 301730660352.00 301822771200.00 301916487680.00 301992083456.00 302103035904.00 302194982912.00 302288175104.00 302381006848.00 302473510912.00 302565720064.00 302659403776.00 302752137216.00 302844608512.00 
302936555520.00 303030697984.00 303123496960.00 303216197632.00 303307358208.00 303401795584.00 303494725632.00 303588016128.00 303680061440.00 303773450240.00 303865626624.00 303959015424.00 304050438144.00 304147005440.00 304238002176.00 304328835072.00 304423305216.00 304516464640.00 304609132544.00 304701865984.00 
304789291008.00 304887758848.00 304979476480.00 305072766976.00 305165860864.00 305258201088.00 305351852032.00 305444552704.00 305536434176.00 305630740480.00 305722621952.00 305815420928.00 305907990528.00 306001018880.00 306091458560.00 306187206656.00 306277777408.00 306373001216.00 306465701888.00 306558894080.00 
306644484096.00 306744623104.00 306836570112.00 306929467392.00 307021742080.00 307115589632.00 307208421376.00 307301482496.00 307393953792.00 307486851072.00 307579027456.00 307672121344.00 307764297728.00 307857850368.00 307950485504.00 308043677696.00 308136443904.00 308228980736.00 308322598912.00 308415201280.00 
308505575424.00 308601159680.00 308692975616.00 308786266112.00 308879196160.00 308970389504.00 309064761344.00 309157298176.00 309248294912.00 309343223808.00 309435039744.00 309527969792.00 309620113408.00 309707341824.00 309811707904.00 309901983744.00 309994127360.00 310086959104.00 310179463168.00 310272589824.00 
310363848704.00 310458515456.00 310551248896.00 310644015104.00 310735339520.00 310829056000.00 310922117120.00 311015702528.00 311107551232.00 311200940032.00 311290200064.00 311386570752.00 311478681600.00 311572201472.00 311664410624.00 311757996032.00 311850270720.00 311943299072.00 312035508224.00 312129126400.00 
312210980864.00 312314986496.00 312407621632.00 312500781056.00 312593154048.00 312685625344.00 312778981376.00 312871354368.00 312963530752.00 313057804288.00 313149751296.00 313242976256.00 313335316480.00 313429000192.00 313521537024.00 313605783552.00 313706283008.00 313799933952.00 313892995072.00 313986351104.00 
314077118464.00 314171752448.00 314264158208.00 314356727808.00 314448740352.00 314543800320.00 314635681792.00 314728579072.00 314821181440.00 314914242560.00 315006418944.00 315099611136.00 315190575104.00 315286061056.00 315379580928.00 315470905344.00 315563802624.00 315656863744.00 315749990400.00 315842527232.00 
315921563648.00 316028551168.00 316121350144.00 316215492608.00 316306292736.00 316399255552.00 316492447744.00 316585410560.00 316677193728.00 316771172352.00 316863152128.00 316956966912.00 317049176064.00 317142663168.00 317235331072.00 317327802368.00 317420568576.00 317513400320.00 317606559744.00 317699883008.00 
317791109120.00 317885186048.00 317977624576.00 318070423552.00 318161256448.00 318254186496.00 318348558336.00 318441553920.00 318531534848.00 318632230912.00 318721032192.00 318814060544.00 318906204160.00 318999625728.00 319092162560.00 319184666624.00 319277727744.00 319370657792.00 319463194624.00 319556288512.00 
319643877376.00 319741919232.00 319835209728.00 319927189504.00 320020152320.00 320112918528.00 320205979648.00 320298614784.00 320390692864.00 320484802560.00 320573964288.00 320672038912.00 320762675200.00 320857145344.00 320948535296.00 321041760256.00 321132363776.00 321226997760.00 321320484864.00 321412923392.00 
321504444416.00 321599471616.00 321692106752.00 321784545280.00 321876492288.00 321969487872.00 322062155776.00 322156855296.00 322248540160.00 322341306368.00 322434007040.00 322527625216.00 322619146240.00 322712403968.00 322805563392.00 322896822272.00 322991030272.00 323084255232.00 323176497152.00 323270246400.00 
323359965184.00 323455614976.00 323548053504.00 323641835520.00 323734536192.00 323826679808.00 323919511552.00 324011950080.00 324103471104.00 324198531072.00 324290215936.00 324383899648.00 324476338176.00 324570120192.00 324662394880.00 324754767872.00 324847566848.00 324940103680.00 325033230336.00 325125308416.00 
325184520192.00 325313822720.00 325405900800.00 325498372096.00 325590482944.00 325683544064.00 325776113664.00 325869764608.00 325962072064.00 326055559168.00 326146981888.00 326240436224.00 326332743680.00 326426853376.00 326518571008.00 326611271680.00 326704857088.00 326797688832.00 326890323968.00 326983319552.00 
327065108480.00 327169703936.00 327261290496.00 327354580992.00 327447773184.00 327538835456.00 327633207296.00 327726235648.00 327817986048.00 327911374848.00 328004403200.00 328097595392.00 328189804544.00 328283553792.00 328376025088.00 328469020672.00 328560214016.00 328654553088.00 328747581440.00 328840577024.00 
328931573760.00 329027485696.00 329119203328.00 329211871232.00 329304047616.00 329396944896.00 329489874944.00 329583001600.00 329675538432.00 329768337408.00 329858088960.00 329953771520.00 330044407808.00 330139533312.00 330232102912.00 330323197952.00 330420748288.00 330511843328.00 330604511232.00 330697277440.00 
330787454976.00 330883104768.00 330975739904.00 331068211200.00 331161272320.00 331253579776.00 331346411520.00 331439702016.00 331531616256.00 331625365504.00 331717869568.00 331810930688.00 331904090112.00 331997151232.00 332089425920.00 332180717568.00 332274794496.00 332367560704.00 332460818432.00 332558598144.00 
332645761024.00 332739837952.00 332832342016.00 332925075456.00 333015875584.00 333110575104.00 333203243008.00 333296467968.00 333389398016.00 333481967616.00 333574504448.00 333667598336.00 333760692224.00 333853327360.00 333945896960.00 334038827008.00 334131822592.00 334225047552.00 334317289472.00 334410088448.00 
334475493376.00 334597390336.00 334689599488.00 334782070784.00 334874771456.00 334967668736.00 335060664320.00 335153201152.00 335246196736.00 335338635264.00 335431172096.00 335524790272.00 335617196032.00 335711404032.00 335802925056.00 335895461888.00 335986753536.00 336080797696.00 336174448640.00 336262922240.00 
336359096320.00 336452714496.00 336545579008.00 336638640128.00 336731045888.00 336815849472.00 336916807680.00 337010065408.00 337103323136.00 337195696128.00 337287774208.00 337381457920.00 337473470464.00 337567055872.00 337660084224.00 337752260608.00 337843126272.00 337939955712.00 338031738880.00 338124734464.00 
338214486016.00 338309316608.00 338403229696.00 338495471616.00 338588401664.00 338681200640.00 338773999616.00 338865553408.00 338957762560.00 339052527616.00 339141689344.00 339237765120.00 339329613824.00 339424018432.00 339516882944.00 339608961024.00 339702185984.00 339795083264.00 339888242688.00 339980845056.00 
340072628224.00 340164804608.00 340259831808.00 340351909888.00 340444086272.00 340537507840.00 340630175744.00 340725465088.00 340816920576.00 340909424640.00 341001568256.00 341095350272.00 341187821568.00 341280620544.00 341373648896.00 341464743936.00 341558853632.00 341652406272.00 341744877568.00 341837774848.00 
341919432704.00 342023471104.00 342115876864.00 342209396736.00 342301605888.00 342394404864.00 342487433216.00 342580428800.00 342672736256.00 342766223360.00 342858498048.00 342951231488.00 343042981888.00 343138009088.00 343230709760.00 343323246592.00 343414996992.00 343509729280.00 343601610752.00 343695097856.00 
343780491264.00 343880302592.00 343972937728.00 344065703936.00 344158404608.00 344251432960.00 344344690688.00 344437325824.00 344530026496.00 344622596096.00 344715034624.00 344808816640.00 344898895872.00 344993857536.00 345085247488.00 345180241920.00 345272713216.00 345366134784.00 345458704384.00 345550848000.00 
345641189376.00 345737822208.00 345829867520.00 345923026944.00 346014777344.00 346107183104.00 346200473600.00 346293633024.00 346385678336.00 346479820800.00 346571735040.00 346665353216.00 346757857280.00 346849705984.00 346944307200.00 347036712960.00 347129380864.00 347222376448.00 347315830784.00 347407974400.00 
347499134976.00 347593146368.00 347688501248.00 347779629056.00 347869937664.00 347964866560.00 348057141248.00 348150792192.00 348243361792.00 348336553984.00 348412313600.00 348522446848.00 348614590464.00 348707553280.00 348800647168.00 348893085696.00 348986507264.00 349079175168.00 349172006912.00 349264084992.00 
349351936000.00 349450338304.00 349543170048.00 349636558848.00 349728473088.00 349822844928.00 349914923008.00 350008705024.00 350099570688.00 350193418240.00 350285594624.00 350378917888.00 350471847936.00 350564515840.00 350657282048.00 350748737536.00 350840487936.00 350935318528.00 351029821440.00 351121571840.00 
351213387776.00 351307464704.00 351400296448.00 351493095424.00 351585501184.00 351678627840.00 351771623424.00 351864586240.00 351956959232.00 352049528832.00 352142327808.00 352235814912.00 352327696384.00 352421150720.00 352514408448.00 352607436800.00 352699842560.00 352792969216.00 352886063104.00 352979025920.00 
353057374208.00 353164918784.00 353256964096.00 353349926912.00 353442463744.00 353535492096.00 353627930624.00 353720893440.00 353811693568.00 353906524160.00 353999552512.00 354092318720.00 354185117696.00 354277982208.00 354371796992.00 354463580160.00 354556248064.00 354649866240.00 354741387264.00 354835005440.00 
354927083520.00 355021193216.00 355113566208.00 355205808128.00 355298279424.00 355390717952.00 355482894336.00 355577790464.00 355670884352.00 355763945472.00 355855499264.00 355950788608.00 356041261056.00 356134289408.00 356227645440.00 356320051200.00 356413177856.00 356506566656.00 356598841344.00 356691738624.00 
356774051840.00 356877402112.00 356970037248.00 357063000064.00 357155864576.00 357248860160.00 357340971008.00 357435146240.00 357526994944.00 357619859456.00 357709611008.00 357805490176.00 357898977280.00 357991710720.00 358084247552.00 358177341440.00 358268960768.00 358362087424.00 358455967744.00 358549258240.00 
358640025600.00 358733742080.00 358825525248.00 358919372800.00 359012368384.00 359105232896.00 359198752768.00 359291879424.00 359383728128.00 359477182464.00 359569227776.00 359665827840.00 359753449472.00 359846969344.00 359940751360.00 360025686016.00 360127266816.00 360220065792.00 360313126912.00 360405663744.00 
360495513600.00 360590868480.00 360683765760.00 360777154560.00 360869101568.00 360961933312.00 361055223808.00 361147695104.00 361239904256.00 361334538240.00 361425993728.00 361519153152.00 361612574720.00 361705308160.00 361797451776.00 361890545664.00 361982853120.00 362076536832.00 362169335808.00 362262298624.00 
362347921408.00 362447732736.00 362540433408.00 362633428992.00 362723999744.00 362818732032.00 362911760384.00 363006558208.00 363096997888.00 363189895168.00 363282268160.00 363375493120.00 363468193792.00 363560370176.00 363654774784.00 363747442688.00 363839979520.00 363933138944.00 364025675776.00 364118835200.00 
364206260224.00 364304400384.00 364396707840.00 364489375744.00 364582731776.00 364673826816.00 364768493568.00 364861161472.00 364953370624.00 365047611392.00 365139066880.00 365231636480.00 365325025280.00 365418283008.00 365510426624.00 365603684352.00 365694418944.00 365789249536.00 365882048512.00 365974847488.00 
366066696192.00 366160478208.00 366253047808.00 366346272768.00 366438514688.00 366531543040.00 366625095680.00 366717632512.00 366810234880.00 366903328768.00 366992687104.00 367088762880.00 367180677120.00 367274328064.00 367366373376.00 367459172352.00 367552856064.00 367646081024.00 367738191872.00 367830761472.00 
367921430528.00 368016359424.00 368109518848.00 368202022912.00 368295084032.00 368387817472.00 368480452608.00 368573218816.00 368663986176.00 368759668736.00 368851091456.00 368944349184.00 369036820480.00 369130143744.00 369222352896.00 369313415168.00 369407655936.00 369500258304.00 369593024512.00 369685790720.00 
369776918528.00 369871192064.00 369963302912.00 370055905280.00 370147753984.00 370240684032.00 370333220864.00 370426052608.00 370517934080.00 370610143232.00 370701697024.00 370793480192.00 370885459968.00 370976882688.00 371066863616.00 371156680704.00 371245449216.00 371330842624.00 371407912960.00 371454181376.00 
end   dump: w
==END   DUMP_ARRAYS==
Time in seconds = 0.091517
